(-5, -4, 0), [1, -9, 53, -198, 583, -1089, 1331], 3.11.aj_cb_ahq 
(-4, -3, 0), [1, -7, 45, -154, 495, -847, 1331], 3.11.ah_bt_afy 
(-4, -1, 0), [1, -5, 37, -110, 407, -605, 1331], 3.11.af_bl_aeg 
(-3, -2, 0), [1, -5, 39, -110, 429, -605, 1331], 3.11.af_bn_aeg 
(-2, -1, 0), [1, -3, 35, -66, 385, -363, 1331], 3.11.ad_bj_aco 
(-1, -1, 0), [1, -2, 34, -44, 374, -242, 1331], 3.11.ac_bi_abs 
(-2, 0, 1), [1, -1, 31, -22, 341, -121, 1331], 3.11.ab_bf_aw 
(-1, 0, 1), [1, 0, 32, 0, 352, 0, 1331], 3.11.a_bg_a 
(-1, 0, 2), [1, 1, 31, 22, 341, 121, 1331], 3.11.b_bf_w 
(0, 1, 1), [1, 2, 34, 44, 374, 242, 1331], 3.11.c_bi_bs 
(0, 1, 2), [1, 3, 35, 66, 385, 363, 1331], 3.11.d_bj_co 
(0, 1, 4), [1, 5, 37, 110, 407, 605, 1331], 3.11.f_bl_eg 
(0, 2, 3), [1, 5, 39, 110, 429, 605, 1331], 3.11.f_bn_eg 
(0, 3, 4), [1, 7, 45, 154, 495, 847, 1331], 3.11.h_bt_fy 
(0, 4, 5), [1, 9, 53, 198, 583, 1089, 1331], 3.11.j_cb_hq 
