(-8, -7, -7), [1, -22, 209, -1096, 3344, -5632, 4096], 3.16.aw_ib_abqe 
(-8, -7, -5), [1, -20, 179, -920, 2864, -5120, 4096], 3.16.au_gx_abjk 
(-8, -7, -3), [1, -18, 149, -744, 2384, -4608, 4096], 3.16.as_ft_abcq 
(-8, -5, -5), [1, -18, 153, -776, 2448, -4608, 4096], 3.16.as_fx_abdw 
(-7, -7, -4), [1, -18, 153, -772, 2448, -4608, 4096], 3.16.as_fx_abds 
(-8, -7, -1), [1, -16, 119, -568, 1904, -4096, 4096], 3.16.aq_ep_avw 
(-8, -5, -3), [1, -16, 127, -632, 2032, -4096, 4096], 3.16.aq_ex_ayi 
(-7, -5, -4), [1, -16, 131, -652, 2096, -4096, 4096], 3.16.aq_fb_azc 
(-8, -7, 1), [1, -14, 89, -392, 1424, -3584, 4096], 3.16.ao_dl_apc 
(-7, -7, 0), [1, -14, 97, -448, 1552, -3584, 4096], 3.16.ao_dt_arg 
(-8, -5, -1), [1, -14, 101, -488, 1616, -3584, 4096], 3.16.ao_dx_asu 
(-7, -4, -3), [1, -14, 109, -532, 1744, -3584, 4096], 3.16.ao_ef_aum 
(-5, -5, -4), [1, -14, 113, -548, 1808, -3584, 4096], 3.16.ao_ej_avc 
(-8, -7, 3), [1, -12, 59, -216, 944, -3072, 4096], 3.16.am_ch_aii 
(-8, -5, 1), [1, -12, 75, -344, 1200, -3072, 4096], 3.16.am_cx_ang 
(-8, -3, -1), [1, -12, 83, -408, 1328, -3072, 4096], 3.16.am_df_aps 
(-7, -4, -1), [1, -12, 87, -412, 1392, -3072, 4096], 3.16.am_dj_apw 
(-5, -4, -3), [1, -12, 95, -444, 1520, -3072, 4096], 3.16.am_dr_arc 
(-8, -7, 5), [1, -10, 29, -40, 464, -2560, 4096], 3.16.ak_bd_abo 
(-8, -5, 3), [1, -10, 49, -200, 784, -2560, 4096], 3.16.ak_bx_ahs 
(-8, -3, 1), [1, -10, 61, -296, 976, -2560, 4096], 3.16.ak_cj_alk 
(-8, -1, -1), [1, -10, 65, -328, 1040, -2560, 4096], 3.16.ak_cn_amq 
(-5, -4, -1), [1, -10, 77, -340, 1232, -2560, 4096], 3.16.ak_cz_anc 
(-4, -3, -3), [1, -10, 81, -356, 1296, -2560, 4096], 3.16.ak_dd_ans 
(-8, -7, 7), [1, -8, -1, 136, -16, -2048, 4096], 3.16.ai_ab_fg 
(-8, -5, 5), [1, -8, 23, -56, 368, -2048, 4096], 3.16.ai_x_ace 
(-8, -3, 3), [1, -8, 39, -184, 624, -2048, 4096], 3.16.ai_bn_ahc 
(-8, -1, 1), [1, -8, 47, -248, 752, -2048, 4096], 3.16.ai_bv_ajo 
(-4, -3, -1), [1, -8, 67, -268, 1072, -2048, 4096], 3.16.ai_cp_aki 
(-8, -5, 7), [1, -6, -3, 88, -48, -1536, 4096], 3.16.ag_ad_dk 
(-8, -3, 5), [1, -6, 17, -72, 272, -1536, 4096], 3.16.ag_r_acu 
(-8, -1, 3), [1, -6, 29, -168, 464, -1536, 4096], 3.16.ag_bd_agm 
(-4, -3, 1), [1, -6, 53, -180, 848, -1536, 4096], 3.16.ag_cb_agy 
(-4, -1, -1), [1, -6, 57, -196, 912, -1536, 4096], 3.16.ag_cf_aho 
(-3, -3, 0), [1, -6, 57, -192, 912, -1536, 4096], 3.16.ag_cf_ahk 
(-7, -5, 8), [1, -4, -13, 152, -208, -1024, 4096], 3.16.ae_an_fw 
(-8, -1, 5), [1, -4, 11, -88, 176, -1024, 4096], 3.16.ae_l_adk 
(-8, 1, 3), [1, -4, 19, -152, 304, -1024, 4096], 3.16.ae_t_afw 
(-3, -1, 0), [1, -4, 51, -128, 816, -1024, 4096], 3.16.ae_bz_aey 
(-7, -3, 8), [1, -2, -11, 104, -176, -512, 4096], 3.16.ac_al_ea 
(-8, -1, 7), [1, -2, -7, -8, -112, -512, 4096], 3.16.ac_ah_ai 
(-8, 1, 5), [1, -2, 5, -104, 80, -512, 4096], 3.16.ac_f_aea 
(-3, 0, 1), [1, -2, 45, -64, 720, -512, 4096], 3.16.ac_bt_acm 
(-1, -1, 0), [1, -2, 49, -64, 784, -512, 4096], 3.16.ac_bx_acm 
(-8, 1, 7), [1, 0, -9, -56, -144, 0, 4096], 3.16.a_aj_ace 
(-7, -1, 8), [1, 0, -9, 56, -144, 0, 4096], 3.16.a_aj_ce 
(-8, 3, 5), [1, 0, -1, -120, -16, 0, 4096], 3.16.a_ab_aeq 
(-5, -3, 8), [1, 0, -1, 120, -16, 0, 4096], 3.16.a_ab_eq 
(-1, 0, 1), [1, 0, 47, 0, 752, 0, 4096], 3.16.a_bv_a 
(-8, 3, 7), [1, 2, -11, -104, -176, 512, 4096], 3.16.c_al_aea 
(-7, 1, 8), [1, 2, -7, 8, -112, 512, 4096], 3.16.c_ah_i 
(-5, -1, 8), [1, 2, 5, 104, 80, 512, 4096], 3.16.c_f_ea 
(-1, 0, 3), [1, 2, 45, 64, 720, 512, 4096], 3.16.c_bt_cm 
(0, 1, 1), [1, 2, 49, 64, 784, 512, 4096], 3.16.c_bx_cm 
(-8, 5, 7), [1, 4, -13, -152, -208, 1024, 4096], 3.16.e_an_afw 
(-5, 1, 8), [1, 4, 11, 88, 176, 1024, 4096], 3.16.e_l_dk 
(-3, -1, 8), [1, 4, 19, 152, 304, 1024, 4096], 3.16.e_t_fw 
(0, 1, 3), [1, 4, 51, 128, 816, 1024, 4096], 3.16.e_bz_ey 
(-7, 5, 8), [1, 6, -3, -88, -48, 1536, 4096], 3.16.g_ad_adk 
(-5, 3, 8), [1, 6, 17, 72, 272, 1536, 4096], 3.16.g_r_cu 
(-3, 1, 8), [1, 6, 29, 168, 464, 1536, 4096], 3.16.g_bd_gm 
(-1, 3, 4), [1, 6, 53, 180, 848, 1536, 4096], 3.16.g_cb_gy 
(0, 3, 3), [1, 6, 57, 192, 912, 1536, 4096], 3.16.g_cf_hk 
(1, 1, 4), [1, 6, 57, 196, 912, 1536, 4096], 3.16.g_cf_ho 
(-7, 7, 8), [1, 8, -1, -136, -16, 2048, 4096], 3.16.i_ab_afg 
(-5, 5, 8), [1, 8, 23, 56, 368, 2048, 4096], 3.16.i_x_ce 
(-3, 3, 8), [1, 8, 39, 184, 624, 2048, 4096], 3.16.i_bn_hc 
(-1, 1, 8), [1, 8, 47, 248, 752, 2048, 4096], 3.16.i_bv_jo 
(1, 3, 4), [1, 8, 67, 268, 1072, 2048, 4096], 3.16.i_cp_ki 
(-5, 7, 8), [1, 10, 29, 40, 464, 2560, 4096], 3.16.k_bd_bo 
(-3, 5, 8), [1, 10, 49, 200, 784, 2560, 4096], 3.16.k_bx_hs 
(-1, 3, 8), [1, 10, 61, 296, 976, 2560, 4096], 3.16.k_cj_lk 
(1, 1, 8), [1, 10, 65, 328, 1040, 2560, 4096], 3.16.k_cn_mq 
(1, 4, 5), [1, 10, 77, 340, 1232, 2560, 4096], 3.16.k_cz_nc 
(3, 3, 4), [1, 10, 81, 356, 1296, 2560, 4096], 3.16.k_dd_ns 
(-3, 7, 8), [1, 12, 59, 216, 944, 3072, 4096], 3.16.m_ch_ii 
(-1, 5, 8), [1, 12, 75, 344, 1200, 3072, 4096], 3.16.m_cx_ng 
(1, 3, 8), [1, 12, 83, 408, 1328, 3072, 4096], 3.16.m_df_ps 
(1, 4, 7), [1, 12, 87, 412, 1392, 3072, 4096], 3.16.m_dj_pw 
(3, 4, 5), [1, 12, 95, 444, 1520, 3072, 4096], 3.16.m_dr_rc 
(-1, 7, 8), [1, 14, 89, 392, 1424, 3584, 4096], 3.16.o_dl_pc 
(0, 7, 7), [1, 14, 97, 448, 1552, 3584, 4096], 3.16.o_dt_rg 
(1, 5, 8), [1, 14, 101, 488, 1616, 3584, 4096], 3.16.o_dx_su 
(3, 4, 7), [1, 14, 109, 532, 1744, 3584, 4096], 3.16.o_ef_um 
(4, 5, 5), [1, 14, 113, 548, 1808, 3584, 4096], 3.16.o_ej_vc 
(1, 7, 8), [1, 16, 119, 568, 1904, 4096, 4096], 3.16.q_ep_vw 
(3, 5, 8), [1, 16, 127, 632, 2032, 4096, 4096], 3.16.q_ex_yi 
(4, 5, 7), [1, 16, 131, 652, 2096, 4096, 4096], 3.16.q_fb_zc 
(3, 7, 8), [1, 18, 149, 744, 2384, 4608, 4096], 3.16.s_ft_bcq 
(4, 7, 7), [1, 18, 153, 772, 2448, 4608, 4096], 3.16.s_fx_bds 
(5, 5, 8), [1, 18, 153, 776, 2448, 4608, 4096], 3.16.s_fx_bdw 
(5, 7, 8), [1, 20, 179, 920, 2864, 5120, 4096], 3.16.u_gx_bjk 
(7, 7, 8), [1, 22, 209, 1096, 3344, 5632, 4096], 3.16.w_ib_bqe 
