(-5, -4, 1), [1, -8, 35, -108, 280, -512, 512], 3.8.ai_bj_aee 
(-5, -5, 4), [1, -6, 9, 4, 72, -384, 512], 3.8.ag_j_e 
(-5, -4, 3), [1, -6, 17, -36, 136, -384, 512], 3.8.ag_r_abk 
(-4, -3, 1), [1, -6, 29, -84, 232, -384, 512], 3.8.ag_bd_adg 
(-5, -4, 5), [1, -4, -1, 36, -8, -256, 512], 3.8.ae_ab_bk 
(-5, -3, 4), [1, -4, 7, -4, 56, -256, 512], 3.8.ae_h_ae 
(-4, -3, 3), [1, -4, 15, -28, 120, -256, 512], 3.8.ae_p_abc 
(-5, 0, 1), [1, -4, 19, -64, 152, -256, 512], 3.8.ae_t_acm 
(-4, -1, 1), [1, -4, 23, -60, 184, -256, 512], 3.8.ae_x_aci 
(-4, -3, 5), [1, -2, 1, 28, 8, -128, 512], 3.8.ac_b_bc 
(-5, -1, 4), [1, -2, 5, -12, 40, -128, 512], 3.8.ac_f_am 
(-5, 0, 3), [1, -2, 9, -32, 72, -128, 512], 3.8.ac_j_abg 
(-3, -3, 4), [1, -2, 9, 4, 72, -128, 512], 3.8.ac_j_e 
(-4, -1, 3), [1, -2, 13, -20, 104, -128, 512], 3.8.ac_n_au 
(-4, 1, 1), [1, -2, 17, -36, 136, -128, 512], 3.8.ac_r_abk 
(-5, 0, 5), [1, 0, -1, 0, -8, 0, 512], 3.8.a_ab_a 
(-5, 1, 4), [1, 0, 3, -20, 24, 0, 512], 3.8.a_d_au 
(-4, -1, 5), [1, 0, 3, 20, 24, 0, 512], 3.8.a_d_u 
(-4, 1, 3), [1, 0, 11, -12, 88, 0, 512], 3.8.a_l_am 
(-3, -1, 4), [1, 0, 11, 12, 88, 0, 512], 3.8.a_l_m 
(-3, 0, 3), [1, 0, 15, 0, 120, 0, 512], 3.8.a_p_a 
(-5, 3, 4), [1, 2, 1, -28, 8, 128, 512], 3.8.c_b_abc 
(-4, 1, 5), [1, 2, 5, 12, 40, 128, 512], 3.8.c_f_m 
(-4, 3, 3), [1, 2, 9, -4, 72, 128, 512], 3.8.c_j_ae 
(-3, 0, 5), [1, 2, 9, 32, 72, 128, 512], 3.8.c_j_bg 
(-3, 1, 4), [1, 2, 13, 20, 104, 128, 512], 3.8.c_n_u 
(-1, -1, 4), [1, 2, 17, 36, 136, 128, 512], 3.8.c_r_bk 
(-5, 4, 5), [1, 4, -1, -36, -8, 256, 512], 3.8.e_ab_abk 
(-4, 3, 5), [1, 4, 7, 4, 56, 256, 512], 3.8.e_h_e 
(-3, 3, 4), [1, 4, 15, 28, 120, 256, 512], 3.8.e_p_bc 
(-1, 0, 5), [1, 4, 19, 64, 152, 256, 512], 3.8.e_t_cm 
(-1, 1, 4), [1, 4, 23, 60, 184, 256, 512], 3.8.e_x_ci 
(-4, 5, 5), [1, 6, 9, -4, 72, 384, 512], 3.8.g_j_ae 
(-3, 4, 5), [1, 6, 17, 36, 136, 384, 512], 3.8.g_r_bk 
(-1, 3, 4), [1, 6, 29, 84, 232, 384, 512], 3.8.g_bd_dg 
(-1, 4, 5), [1, 8, 35, 108, 280, 512, 512], 3.8.i_bj_ee 
