(-3, -2, -2), [1, -7, 25, -54, 75, -63, 27], 3.3.ah_z_acc 
(-3, -2, -1), [1, -6, 20, -42, 60, -54, 27], 3.3.ag_u_abq 
(-3, -1, -1), [1, -5, 16, -33, 48, -45, 27], 3.3.af_q_abh 
(-3, -1, 1), [1, -3, 8, -15, 24, -27, 27], 3.3.ad_i_ap 
(-2, -1, 0), [1, -3, 11, -18, 33, -27, 27], 3.3.ad_l_as 
(-1, -1, 0), [1, -2, 10, -12, 30, -18, 27], 3.3.ac_k_am 
(-2, -2, 3), [1, -1, 1, 6, 3, -9, 27], 3.3.ab_b_g 
(-3, 1, 1), [1, -1, 4, -9, 12, -9, 27], 3.3.ab_e_aj 
(-2, 0, 1), [1, -1, 7, -6, 21, -9, 27], 3.3.ab_h_ag 
(-1, 0, 1), [1, 0, 8, 0, 24, 0, 27], 3.3.a_i_a 
(-3, 2, 2), [1, 1, 1, -6, 3, 9, 27], 3.3.b_b_ag 
(-1, -1, 3), [1, 1, 4, 9, 12, 9, 27], 3.3.b_e_j 
(-1, 0, 2), [1, 1, 7, 6, 21, 9, 27], 3.3.b_h_g 
(0, 1, 1), [1, 2, 10, 12, 30, 18, 27], 3.3.c_k_m 
(-1, 1, 3), [1, 3, 8, 15, 24, 27, 27], 3.3.d_i_p 
(0, 1, 2), [1, 3, 11, 18, 33, 27, 27], 3.3.d_l_s 
(1, 1, 3), [1, 5, 16, 33, 48, 45, 27], 3.3.f_q_bh 
(1, 2, 3), [1, 6, 20, 42, 60, 54, 27], 3.3.g_u_bq 
(2, 2, 3), [1, 7, 25, 54, 75, 63, 27], 3.3.h_z_cc 
