(-9, -9, 0), [1, -18, 150, -828, 3450, -9522, 12167], 3.23.as_fu_abfw 
(-9, -8, 0), [1, -17, 141, -782, 3243, -8993, 12167], 3.23.ar_fl_abec 
(-9, -7, 0), [1, -16, 132, -736, 3036, -8464, 12167], 3.23.aq_fc_abci 
(-8, -8, 0), [1, -16, 133, -736, 3059, -8464, 12167], 3.23.aq_fd_abci 
(-9, -6, 0), [1, -15, 123, -690, 2829, -7935, 12167], 3.23.ap_et_abao 
(-8, -7, 0), [1, -15, 125, -690, 2875, -7935, 12167], 3.23.ap_ev_abao 
(-9, -5, 0), [1, -14, 114, -644, 2622, -7406, 12167], 3.23.ao_ek_ayu 
(-8, -6, 0), [1, -14, 117, -644, 2691, -7406, 12167], 3.23.ao_en_ayu 
(-7, -7, 0), [1, -14, 118, -644, 2714, -7406, 12167], 3.23.ao_eo_ayu 
(-9, -4, 0), [1, -13, 105, -598, 2415, -6877, 12167], 3.23.an_eb_axa 
(-8, -5, 0), [1, -13, 109, -598, 2507, -6877, 12167], 3.23.an_ef_axa 
(-7, -6, 0), [1, -13, 111, -598, 2553, -6877, 12167], 3.23.an_eh_axa 
(-9, -3, 0), [1, -12, 96, -552, 2208, -6348, 12167], 3.23.am_ds_avg 
(-8, -4, 0), [1, -12, 101, -552, 2323, -6348, 12167], 3.23.am_dx_avg 
(-7, -5, 0), [1, -12, 104, -552, 2392, -6348, 12167], 3.23.am_ea_avg 
(-6, -6, 0), [1, -12, 105, -552, 2415, -6348, 12167], 3.23.am_eb_avg 
(-9, -2, 0), [1, -11, 87, -506, 2001, -5819, 12167], 3.23.al_dj_atm 
(-8, -3, 0), [1, -11, 93, -506, 2139, -5819, 12167], 3.23.al_dp_atm 
(-7, -4, 0), [1, -11, 97, -506, 2231, -5819, 12167], 3.23.al_dt_atm 
(-6, -5, 0), [1, -11, 99, -506, 2277, -5819, 12167], 3.23.al_dv_atm 
(-9, -1, 0), [1, -10, 78, -460, 1794, -5290, 12167], 3.23.ak_da_ars 
(-8, -2, 0), [1, -10, 85, -460, 1955, -5290, 12167], 3.23.ak_dh_ars 
(-7, -3, 0), [1, -10, 90, -460, 2070, -5290, 12167], 3.23.ak_dm_ars 
(-6, -4, 0), [1, -10, 93, -460, 2139, -5290, 12167], 3.23.ak_dp_ars 
(-5, -5, 0), [1, -10, 94, -460, 2162, -5290, 12167], 3.23.ak_dq_ars 
(-8, -1, 0), [1, -9, 77, -414, 1771, -4761, 12167], 3.23.aj_cz_apy 
(-7, -2, 0), [1, -9, 83, -414, 1909, -4761, 12167], 3.23.aj_df_apy 
(-6, -3, 0), [1, -9, 87, -414, 2001, -4761, 12167], 3.23.aj_dj_apy 
(-5, -4, 0), [1, -9, 89, -414, 2047, -4761, 12167], 3.23.aj_dl_apy 
(-9, 0, 1), [1, -8, 60, -368, 1380, -4232, 12167], 3.23.ai_ci_aoe 
(-7, -1, 0), [1, -8, 76, -368, 1748, -4232, 12167], 3.23.ai_cy_aoe 
(-6, -2, 0), [1, -8, 81, -368, 1863, -4232, 12167], 3.23.ai_dd_aoe 
(-5, -3, 0), [1, -8, 84, -368, 1932, -4232, 12167], 3.23.ai_dg_aoe 
(-4, -4, 0), [1, -8, 85, -368, 1955, -4232, 12167], 3.23.ai_dh_aoe 
(-9, 0, 2), [1, -7, 51, -322, 1173, -3703, 12167], 3.23.ah_bz_amk 
(-8, 0, 1), [1, -7, 61, -322, 1403, -3703, 12167], 3.23.ah_cj_amk 
(-6, -1, 0), [1, -7, 75, -322, 1725, -3703, 12167], 3.23.ah_cx_amk 
(-5, -2, 0), [1, -7, 79, -322, 1817, -3703, 12167], 3.23.ah_db_amk 
(-9, 0, 3), [1, -6, 42, -276, 966, -3174, 12167], 3.23.ag_bq_akq 
(-8, 0, 2), [1, -6, 53, -276, 1219, -3174, 12167], 3.23.ag_cb_akq 
(-7, 0, 1), [1, -6, 62, -276, 1426, -3174, 12167], 3.23.ag_ck_akq 
(-5, -1, 0), [1, -6, 74, -276, 1702, -3174, 12167], 3.23.ag_cw_akq 
(-4, -2, 0), [1, -6, 77, -276, 1771, -3174, 12167], 3.23.ag_cz_akq 
(-3, -3, 0), [1, -6, 78, -276, 1794, -3174, 12167], 3.23.ag_da_akq 
(-9, 0, 4), [1, -5, 33, -230, 759, -2645, 12167], 3.23.af_bh_aiw 
(-8, 0, 3), [1, -5, 45, -230, 1035, -2645, 12167], 3.23.af_bt_aiw 
(-7, 0, 2), [1, -5, 55, -230, 1265, -2645, 12167], 3.23.af_cd_aiw 
(-6, 0, 1), [1, -5, 63, -230, 1449, -2645, 12167], 3.23.af_cl_aiw 
(-9, 0, 5), [1, -4, 24, -184, 552, -2116, 12167], 3.23.ae_y_ahc 
(-8, 0, 4), [1, -4, 37, -184, 851, -2116, 12167], 3.23.ae_bl_ahc 
(-7, 0, 3), [1, -4, 48, -184, 1104, -2116, 12167], 3.23.ae_bw_ahc 
(-6, 0, 2), [1, -4, 57, -184, 1311, -2116, 12167], 3.23.ae_cf_ahc 
(-5, 0, 1), [1, -4, 64, -184, 1472, -2116, 12167], 3.23.ae_cm_ahc 
(-3, -1, 0), [1, -4, 72, -184, 1656, -2116, 12167], 3.23.ae_cu_ahc 
(-2, -2, 0), [1, -4, 73, -184, 1679, -2116, 12167], 3.23.ae_cv_ahc 
(-9, 0, 6), [1, -3, 15, -138, 345, -1587, 12167], 3.23.ad_p_afi 
(-8, 0, 5), [1, -3, 29, -138, 667, -1587, 12167], 3.23.ad_bd_afi 
(-7, 0, 4), [1, -3, 41, -138, 943, -1587, 12167], 3.23.ad_bp_afi 
(-6, 0, 3), [1, -3, 51, -138, 1173, -1587, 12167], 3.23.ad_bz_afi 
(-5, 0, 2), [1, -3, 59, -138, 1357, -1587, 12167], 3.23.ad_ch_afi 
(-4, 0, 1), [1, -3, 65, -138, 1495, -1587, 12167], 3.23.ad_cn_afi 
(-9, 0, 7), [1, -2, 6, -92, 138, -1058, 12167], 3.23.ac_g_ado 
(-8, 0, 6), [1, -2, 21, -92, 483, -1058, 12167], 3.23.ac_v_ado 
(-7, 0, 5), [1, -2, 34, -92, 782, -1058, 12167], 3.23.ac_bi_ado 
(-6, 0, 4), [1, -2, 45, -92, 1035, -1058, 12167], 3.23.ac_bt_ado 
(-5, 0, 3), [1, -2, 54, -92, 1242, -1058, 12167], 3.23.ac_cc_ado 
(-4, 0, 2), [1, -2, 61, -92, 1403, -1058, 12167], 3.23.ac_cj_ado 
(-3, 0, 1), [1, -2, 66, -92, 1518, -1058, 12167], 3.23.ac_co_ado 
(-9, 0, 8), [1, -1, -3, -46, -69, -529, 12167], 3.23.ab_ad_abu 
(-8, 0, 7), [1, -1, 13, -46, 299, -529, 12167], 3.23.ab_n_abu 
(-7, 0, 6), [1, -1, 27, -46, 621, -529, 12167], 3.23.ab_bb_abu 
(-6, 0, 5), [1, -1, 39, -46, 897, -529, 12167], 3.23.ab_bn_abu 
(-5, 0, 4), [1, -1, 49, -46, 1127, -529, 12167], 3.23.ab_bx_abu 
(-4, 0, 3), [1, -1, 57, -46, 1311, -529, 12167], 3.23.ab_cf_abu 
(-3, 0, 2), [1, -1, 63, -46, 1449, -529, 12167], 3.23.ab_cl_abu 
(-9, 0, 9), [1, 0, -12, 0, -276, 0, 12167], 3.23.a_am_a 
(-8, 0, 8), [1, 0, 5, 0, 115, 0, 12167], 3.23.a_f_a 
(-7, 0, 7), [1, 0, 20, 0, 460, 0, 12167], 3.23.a_u_a 
(-6, 0, 6), [1, 0, 33, 0, 759, 0, 12167], 3.23.a_bh_a 
(-5, 0, 5), [1, 0, 44, 0, 1012, 0, 12167], 3.23.a_bs_a 
(-4, 0, 4), [1, 0, 53, 0, 1219, 0, 12167], 3.23.a_cb_a 
(-3, 0, 3), [1, 0, 60, 0, 1380, 0, 12167], 3.23.a_ci_a 
(-2, 0, 2), [1, 0, 65, 0, 1495, 0, 12167], 3.23.a_cn_a 
(-8, 0, 9), [1, 1, -3, 46, -69, 529, 12167], 3.23.b_ad_bu 
(-7, 0, 8), [1, 1, 13, 46, 299, 529, 12167], 3.23.b_n_bu 
(-6, 0, 7), [1, 1, 27, 46, 621, 529, 12167], 3.23.b_bb_bu 
(-5, 0, 6), [1, 1, 39, 46, 897, 529, 12167], 3.23.b_bn_bu 
(-4, 0, 5), [1, 1, 49, 46, 1127, 529, 12167], 3.23.b_bx_bu 
(-3, 0, 4), [1, 1, 57, 46, 1311, 529, 12167], 3.23.b_cf_bu 
(-2, 0, 3), [1, 1, 63, 46, 1449, 529, 12167], 3.23.b_cl_bu 
(-7, 0, 9), [1, 2, 6, 92, 138, 1058, 12167], 3.23.c_g_do 
(-6, 0, 8), [1, 2, 21, 92, 483, 1058, 12167], 3.23.c_v_do 
(-5, 0, 7), [1, 2, 34, 92, 782, 1058, 12167], 3.23.c_bi_do 
(-4, 0, 6), [1, 2, 45, 92, 1035, 1058, 12167], 3.23.c_bt_do 
(-3, 0, 5), [1, 2, 54, 92, 1242, 1058, 12167], 3.23.c_cc_do 
(-2, 0, 4), [1, 2, 61, 92, 1403, 1058, 12167], 3.23.c_cj_do 
(-1, 0, 3), [1, 2, 66, 92, 1518, 1058, 12167], 3.23.c_co_do 
(-6, 0, 9), [1, 3, 15, 138, 345, 1587, 12167], 3.23.d_p_fi 
(-5, 0, 8), [1, 3, 29, 138, 667, 1587, 12167], 3.23.d_bd_fi 
(-4, 0, 7), [1, 3, 41, 138, 943, 1587, 12167], 3.23.d_bp_fi 
(-3, 0, 6), [1, 3, 51, 138, 1173, 1587, 12167], 3.23.d_bz_fi 
(-2, 0, 5), [1, 3, 59, 138, 1357, 1587, 12167], 3.23.d_ch_fi 
(-1, 0, 4), [1, 3, 65, 138, 1495, 1587, 12167], 3.23.d_cn_fi 
(-5, 0, 9), [1, 4, 24, 184, 552, 2116, 12167], 3.23.e_y_hc 
(-4, 0, 8), [1, 4, 37, 184, 851, 2116, 12167], 3.23.e_bl_hc 
(-3, 0, 7), [1, 4, 48, 184, 1104, 2116, 12167], 3.23.e_bw_hc 
(-2, 0, 6), [1, 4, 57, 184, 1311, 2116, 12167], 3.23.e_cf_hc 
(-1, 0, 5), [1, 4, 64, 184, 1472, 2116, 12167], 3.23.e_cm_hc 
(0, 1, 3), [1, 4, 72, 184, 1656, 2116, 12167], 3.23.e_cu_hc 
(0, 2, 2), [1, 4, 73, 184, 1679, 2116, 12167], 3.23.e_cv_hc 
(-4, 0, 9), [1, 5, 33, 230, 759, 2645, 12167], 3.23.f_bh_iw 
(-3, 0, 8), [1, 5, 45, 230, 1035, 2645, 12167], 3.23.f_bt_iw 
(-2, 0, 7), [1, 5, 55, 230, 1265, 2645, 12167], 3.23.f_cd_iw 
(-1, 0, 6), [1, 5, 63, 230, 1449, 2645, 12167], 3.23.f_cl_iw 
(-3, 0, 9), [1, 6, 42, 276, 966, 3174, 12167], 3.23.g_bq_kq 
(-2, 0, 8), [1, 6, 53, 276, 1219, 3174, 12167], 3.23.g_cb_kq 
(-1, 0, 7), [1, 6, 62, 276, 1426, 3174, 12167], 3.23.g_ck_kq 
(0, 1, 5), [1, 6, 74, 276, 1702, 3174, 12167], 3.23.g_cw_kq 
(0, 2, 4), [1, 6, 77, 276, 1771, 3174, 12167], 3.23.g_cz_kq 
(0, 3, 3), [1, 6, 78, 276, 1794, 3174, 12167], 3.23.g_da_kq 
(-2, 0, 9), [1, 7, 51, 322, 1173, 3703, 12167], 3.23.h_bz_mk 
(-1, 0, 8), [1, 7, 61, 322, 1403, 3703, 12167], 3.23.h_cj_mk 
(0, 1, 6), [1, 7, 75, 322, 1725, 3703, 12167], 3.23.h_cx_mk 
(0, 2, 5), [1, 7, 79, 322, 1817, 3703, 12167], 3.23.h_db_mk 
(-1, 0, 9), [1, 8, 60, 368, 1380, 4232, 12167], 3.23.i_ci_oe 
(0, 1, 7), [1, 8, 76, 368, 1748, 4232, 12167], 3.23.i_cy_oe 
(0, 2, 6), [1, 8, 81, 368, 1863, 4232, 12167], 3.23.i_dd_oe 
(0, 3, 5), [1, 8, 84, 368, 1932, 4232, 12167], 3.23.i_dg_oe 
(0, 4, 4), [1, 8, 85, 368, 1955, 4232, 12167], 3.23.i_dh_oe 
(0, 1, 8), [1, 9, 77, 414, 1771, 4761, 12167], 3.23.j_cz_py 
(0, 2, 7), [1, 9, 83, 414, 1909, 4761, 12167], 3.23.j_df_py 
(0, 3, 6), [1, 9, 87, 414, 2001, 4761, 12167], 3.23.j_dj_py 
(0, 4, 5), [1, 9, 89, 414, 2047, 4761, 12167], 3.23.j_dl_py 
(0, 1, 9), [1, 10, 78, 460, 1794, 5290, 12167], 3.23.k_da_rs 
(0, 2, 8), [1, 10, 85, 460, 1955, 5290, 12167], 3.23.k_dh_rs 
(0, 3, 7), [1, 10, 90, 460, 2070, 5290, 12167], 3.23.k_dm_rs 
(0, 4, 6), [1, 10, 93, 460, 2139, 5290, 12167], 3.23.k_dp_rs 
(0, 5, 5), [1, 10, 94, 460, 2162, 5290, 12167], 3.23.k_dq_rs 
(0, 2, 9), [1, 11, 87, 506, 2001, 5819, 12167], 3.23.l_dj_tm 
(0, 3, 8), [1, 11, 93, 506, 2139, 5819, 12167], 3.23.l_dp_tm 
(0, 4, 7), [1, 11, 97, 506, 2231, 5819, 12167], 3.23.l_dt_tm 
(0, 5, 6), [1, 11, 99, 506, 2277, 5819, 12167], 3.23.l_dv_tm 
(0, 3, 9), [1, 12, 96, 552, 2208, 6348, 12167], 3.23.m_ds_vg 
(0, 4, 8), [1, 12, 101, 552, 2323, 6348, 12167], 3.23.m_dx_vg 
(0, 5, 7), [1, 12, 104, 552, 2392, 6348, 12167], 3.23.m_ea_vg 
(0, 6, 6), [1, 12, 105, 552, 2415, 6348, 12167], 3.23.m_eb_vg 
(0, 4, 9), [1, 13, 105, 598, 2415, 6877, 12167], 3.23.n_eb_xa 
(0, 5, 8), [1, 13, 109, 598, 2507, 6877, 12167], 3.23.n_ef_xa 
(0, 6, 7), [1, 13, 111, 598, 2553, 6877, 12167], 3.23.n_eh_xa 
(0, 5, 9), [1, 14, 114, 644, 2622, 7406, 12167], 3.23.o_ek_yu 
(0, 6, 8), [1, 14, 117, 644, 2691, 7406, 12167], 3.23.o_en_yu 
(0, 7, 7), [1, 14, 118, 644, 2714, 7406, 12167], 3.23.o_eo_yu 
(0, 6, 9), [1, 15, 123, 690, 2829, 7935, 12167], 3.23.p_et_bao 
(0, 7, 8), [1, 15, 125, 690, 2875, 7935, 12167], 3.23.p_ev_bao 
(0, 7, 9), [1, 16, 132, 736, 3036, 8464, 12167], 3.23.q_fc_bci 
(0, 8, 8), [1, 16, 133, 736, 3059, 8464, 12167], 3.23.q_fd_bci 
(0, 8, 9), [1, 17, 141, 782, 3243, 8993, 12167], 3.23.r_fl_bec 
(0, 9, 9), [1, 18, 150, 828, 3450, 9522, 12167], 3.23.s_fu_bfw 
