(-10, -10, -9), [2, 2, 3], 3.25.abd_nr_admk 
(-10, -10, -8), [2, 2, 0], 3.25.abc_mx_adgq 
(-10, -10, -7), [2, 2, 1], 3.25.abb_md_adaw 
(-10, -10, -4), [2, 2, 0], 3.25.ay_jv_acjo 
(-10, -9, -5), [2, 3, 3], 3.25.ay_ka_aclm 
(-10, -10, -3), [2, 2, 1], 3.25.ax_jb_acdu 
(-10, -8, -5), [2, 0, 3], 3.25.ax_jl_achq 
(-10, -10, -2), [2, 2, 2], 3.25.aw_ih_abya 
(-10, -7, -5), [2, 1, 3], 3.25.aw_iw_acdu 
(-10, -10, -1), [2, 2, 3], 3.25.av_hn_absg 
(-10, -6, -5), [2, 2, 3], 3.25.av_ih_abzy 
(-10, -10, 1), [2, 2, 1], 3.25.at_fz_abgs 
(-10, -5, -4), [2, 3, 0], 3.25.at_hd_absg 
(-9, -5, -5), [3, 3, 3], 3.25.at_hi_abtf 
(-10, -10, 2), [2, 2, 2], 3.25.as_ff_abay 
(-10, -5, -3), [2, 3, 1], 3.25.as_go_abok 
(-10, -10, 3), [2, 2, 3], 3.25.ar_el_ave 
(-10, -5, -2), [2, 3, 2], 3.25.ar_fz_abko 
(-7, -5, -5), [1, 3, 3], 3.25.ar_go_abnl 
(-10, -10, 4), [2, 2, 0], 3.25.aq_dr_apk 
(-6, -5, -5), [2, 3, 3], 3.25.aq_ge_abko 
(-10, -9, 5), [2, 3, 1], 3.25.ao_cs_ajq 
(-10, -5, 1), [2, 3, 1], 3.25.ao_eg_aza 
(-5, -5, -4), [3, 3, 0], 3.25.ao_fk_abeu 
(-10, -10, 7), [2, 2, 3], 3.25.an_bj_by 
(-10, -8, 5), [2, 0, 1], 3.25.an_cn_ajq 
(-10, -5, 2), [2, 3, 2], 3.25.an_dr_ave 
(-5, -5, -3), [3, 3, 1], 3.25.an_fa_abbx 
(-10, -5, 3), [2, 3, 3], 3.25.am_dc_ari 
(-10, -10, 9), [2, 2, 1], 3.25.al_af_nm 
(-10, -6, 5), [2, 2, 1], 3.25.al_cd_ajq 
(-10, -5, 4), [2, 3, 0], 3.25.al_cn_anm 
(-5, -5, -1), [3, 3, 3], 3.25.al_eg_awd 
(-10, -9, 10), [2, 3, 2], 3.25.aj_az_ri 
(-9, -5, 5), [3, 3, 1], 3.25.aj_by_air 
(-5, -5, 1), [3, 3, 1], 3.25.aj_dm_aqj 
(-10, -8, 10), [2, 0, 2], 3.25.ai_az_pk 
(-10, -5, 7), [2, 3, 3], 3.25.ai_u_aby 
(-10, -3, 5), [2, 1, 1], 3.25.ai_bo_ajq 
(-8, -5, 5), [0, 3, 1], 3.25.ai_by_ahs 
(-10, -7, 10), [2, 1, 2], 3.25.ah_az_nm 
(-10, -2, 5), [2, 2, 1], 3.25.ah_bj_ajq 
(-7, -5, 5), [1, 3, 1], 3.25.ah_by_agt 
(-5, -5, 3), [3, 3, 3], 3.25.ah_cs_akp 
(-10, -5, 9), [2, 3, 1], 3.25.ag_ak_fu 
(-10, -4, 10), [2, 0, 2], 3.25.ae_az_hs 
(-9, -5, 10), [3, 3, 2], 3.25.ae_au_jq 
(-10, 1, 5), [2, 1, 1], 3.25.ae_u_ajq 
(-5, -4, 5), [3, 0, 1], 3.25.ae_by_adw 
(-10, -3, 10), [2, 1, 2], 3.25.ad_az_fu 
(-8, -5, 10), [0, 3, 2], 3.25.ad_ap_jq 
(-10, 2, 5), [2, 2, 1], 3.25.ad_p_ajq 
(-5, -5, 7), [3, 3, 3], 3.25.ad_be_z 
(-5, -3, 5), [3, 1, 1], 3.25.ad_by_acx 
(-10, -2, 10), [2, 2, 2], 3.25.ac_az_dw 
(-7, -5, 10), [1, 3, 2], 3.25.ac_ak_jq 
(-10, 3, 5), [2, 3, 1], 3.25.ac_k_ajq 
(-10, -1, 10), [2, 3, 2], 3.25.ab_az_by 
(-6, -5, 10), [2, 3, 2], 3.25.ab_af_jq 
(-10, 4, 5), [2, 0, 1], 3.25.ab_f_ajq 
(-5, -5, 9), [3, 3, 1], 3.25.ab_k_gt 
(-5, -1, 5), [3, 3, 1], 3.25.ab_by_az 
(-10, 1, 10), [2, 1, 2], 3.25.b_az_aby 
(-10, 5, 6), [2, 1, 2], 3.25.b_af_ajq 
(-5, -4, 10), [3, 0, 2], 3.25.b_f_jq 
(-9, 5, 5), [3, 1, 1], 3.25.b_k_agt 
(-5, 1, 5), [3, 1, 1], 3.25.b_by_z 
(-10, 2, 10), [2, 2, 2], 3.25.c_az_adw 
(-10, 5, 7), [2, 1, 3], 3.25.c_ak_ajq 
(-5, -3, 10), [3, 1, 2], 3.25.c_k_jq 
(-10, 3, 10), [2, 3, 2], 3.25.d_az_afu 
(-10, 5, 8), [2, 1, 0], 3.25.d_ap_ajq 
(-5, -2, 10), [3, 2, 2], 3.25.d_p_jq 
(-7, 5, 5), [1, 1, 1], 3.25.d_be_az 
(-5, 3, 5), [3, 3, 1], 3.25.d_by_cx 
(-10, 4, 10), [2, 0, 2], 3.25.e_az_ahs 
(-10, 5, 9), [2, 1, 1], 3.25.e_au_ajq 
(-5, -1, 10), [3, 3, 2], 3.25.e_u_jq 
(-5, 4, 5), [3, 0, 1], 3.25.e_by_dw 
(-9, 5, 10), [3, 1, 2], 3.25.g_ak_afu 
(-10, 7, 10), [2, 3, 2], 3.25.h_az_anm 
(-5, 2, 10), [3, 2, 2], 3.25.h_bj_jq 
(-5, 5, 7), [3, 1, 3], 3.25.h_by_gt 
(-3, 5, 5), [1, 1, 1], 3.25.h_cs_kp 
(-10, 8, 10), [2, 0, 2], 3.25.i_az_apk 
(-7, 5, 10), [1, 1, 2], 3.25.i_u_by 
(-5, 3, 10), [3, 3, 2], 3.25.i_bo_jq 
(-5, 5, 8), [3, 1, 0], 3.25.i_by_hs 
(-10, 9, 10), [2, 1, 2], 3.25.j_az_ari 
(-5, 5, 9), [3, 1, 1], 3.25.j_by_ir 
(-1, 5, 5), [3, 1, 1], 3.25.j_dm_qj 
(-9, 10, 10), [3, 2, 2], 3.25.l_af_anm 
(-5, 6, 10), [3, 2, 2], 3.25.l_cd_jq 
(-4, 5, 10), [0, 1, 2], 3.25.l_cn_nm 
(1, 5, 5), [1, 1, 1], 3.25.l_eg_wd 
(-3, 5, 10), [1, 1, 2], 3.25.m_dc_ri 
(-7, 10, 10), [1, 2, 2], 3.25.n_bj_aby 
(-5, 8, 10), [3, 0, 2], 3.25.n_cn_jq 
(-2, 5, 10), [2, 1, 2], 3.25.n_dr_ve 
(3, 5, 5), [3, 1, 1], 3.25.n_fa_bbx 
(-5, 9, 10), [3, 1, 2], 3.25.o_cs_jq 
(-1, 5, 10), [3, 1, 2], 3.25.o_eg_za 
(4, 5, 5), [0, 1, 1], 3.25.o_fk_beu 
(-4, 10, 10), [0, 2, 2], 3.25.q_dr_pk 
(5, 5, 6), [1, 1, 2], 3.25.q_ge_bko 
(-3, 10, 10), [1, 2, 2], 3.25.r_el_ve 
(2, 5, 10), [2, 1, 2], 3.25.r_fz_bko 
(5, 5, 7), [1, 1, 3], 3.25.r_go_bnl 
(-2, 10, 10), [2, 2, 2], 3.25.s_ff_bay 
(3, 5, 10), [3, 1, 2], 3.25.s_go_bok 
(-1, 10, 10), [3, 2, 2], 3.25.t_fz_bgs 
(4, 5, 10), [0, 1, 2], 3.25.t_hd_bsg 
(5, 5, 9), [1, 1, 1], 3.25.t_hi_btf 
(1, 10, 10), [1, 2, 2], 3.25.v_hn_bsg 
(5, 6, 10), [1, 2, 2], 3.25.v_ih_bzy 
(2, 10, 10), [2, 2, 2], 3.25.w_ih_bya 
(5, 7, 10), [1, 3, 2], 3.25.w_iw_cdu 
(3, 10, 10), [3, 2, 2], 3.25.x_jb_cdu 
(5, 8, 10), [1, 0, 2], 3.25.x_jl_chq 
(4, 10, 10), [0, 2, 2], 3.25.y_jv_cjo 
(5, 9, 10), [1, 1, 2], 3.25.y_ka_clm 
(7, 10, 10), [3, 2, 2], 3.25.bb_md_daw 
(8, 10, 10), [0, 2, 2], 3.25.bc_mx_dgq 
(9, 10, 10), [1, 2, 2], 3.25.bd_nr_dmk 
