(-8, -8, -8), [1, -24, 261, -1616, 6003, -12696, 12167], 3.23.ay_kb_acke 
(-9, -9, -4), [1, -22, 222, -1336, 5106, -11638, 12167], 3.23.aw_io_abzk 
(-9, -9, -2), [1, -20, 186, -1082, 4278, -10580, 12167], 3.23.au_he_abpq 
(-9, -8, -3), [1, -20, 192, -1136, 4416, -10580, 12167], 3.23.au_hk_abrs 
(-9, -7, -4), [1, -20, 196, -1172, 4508, -10580, 12167], 3.23.au_ho_abtc 
(-8, -8, -4), [1, -20, 197, -1176, 4531, -10580, 12167], 3.23.au_hp_abtg 
(-9, -6, -5), [1, -20, 198, -1190, 4554, -10580, 12167], 3.23.au_hq_abtu 
(-8, -7, -5), [1, -20, 200, -1200, 4600, -10580, 12167], 3.23.au_hs_abue 
(-8, -6, -6), [1, -20, 201, -1208, 4623, -10580, 12167], 3.23.au_ht_abum 
(-9, -8, -2), [1, -19, 175, -1018, 4025, -10051, 12167], 3.23.at_gt_abne 
(-8, -8, -3), [1, -19, 181, -1066, 4163, -10051, 12167], 3.23.at_gz_abpa 
(-9, -6, -4), [1, -19, 183, -1090, 4209, -10051, 12167], 3.23.at_hb_abpy 
(-9, -8, -1), [1, -18, 158, -900, 3634, -9522, 12167], 3.23.as_gc_abiq 
(-9, -7, -2), [1, -18, 164, -954, 3772, -9522, 12167], 3.23.as_gi_abks 
(-8, -8, -2), [1, -18, 165, -956, 3795, -9522, 12167], 3.23.as_gj_abku 
(-9, -6, -3), [1, -18, 168, -990, 3864, -9522, 12167], 3.23.as_gm_abmc 
(-9, -5, -4), [1, -18, 170, -1008, 3910, -9522, 12167], 3.23.as_go_abmu 
(-8, -7, -3), [1, -18, 170, -996, 3910, -9522, 12167], 3.23.as_go_abmi 
(-8, -6, -4), [1, -18, 173, -1020, 3979, -9522, 12167], 3.23.as_gr_abng 
(-8, -5, -5), [1, -18, 174, -1028, 4002, -9522, 12167], 3.23.as_gs_abno 
(-7, -7, -4), [1, -18, 174, -1024, 4002, -9522, 12167], 3.23.as_gs_abnk 
(-6, -6, -6), [1, -18, 177, -1044, 4071, -9522, 12167], 3.23.as_gv_aboe 
(-8, -8, -1), [1, -17, 149, -846, 3427, -8993, 12167], 3.23.ar_ft_abgo 
(-9, -6, -2), [1, -17, 153, -890, 3519, -8993, 12167], 3.23.ar_fx_abig 
(-8, -7, -2), [1, -17, 155, -894, 3565, -8993, 12167], 3.23.ar_fz_abik 
(-9, -4, -4), [1, -17, 157, -926, 3611, -8993, 12167], 3.23.ar_gb_abjq 
(-8, -6, -3), [1, -17, 159, -926, 3657, -8993, 12167], 3.23.ar_gd_abjq 
(-9, -9, 2), [1, -16, 114, -574, 2622, -8464, 12167], 3.23.aq_ek_awc 
(-9, -8, 1), [1, -16, 124, -664, 2852, -8464, 12167], 3.23.aq_eu_azo 
(-9, -6, -1), [1, -16, 138, -790, 3174, -8464, 12167], 3.23.aq_fi_abek 
(-8, -7, -1), [1, -16, 140, -792, 3220, -8464, 12167], 3.23.aq_fk_abem 
(-9, -5, -2), [1, -16, 142, -826, 3266, -8464, 12167], 3.23.aq_fm_abfu 
(-9, -4, -3), [1, -16, 144, -844, 3312, -8464, 12167], 3.23.aq_fo_abgm 
(-8, -6, -2), [1, -16, 145, -832, 3335, -8464, 12167], 3.23.aq_fp_abga 
(-7, -7, -2), [1, -16, 146, -834, 3358, -8464, 12167], 3.23.aq_fq_abgc 
(-8, -5, -3), [1, -16, 148, -856, 3404, -8464, 12167], 3.23.aq_fs_abgy 
(-8, -4, -4), [1, -16, 149, -864, 3427, -8464, 12167], 3.23.aq_ft_abhg 
(-7, -6, -3), [1, -16, 150, -862, 3450, -8464, 12167], 3.23.aq_fu_abhe 
(-7, -5, -4), [1, -16, 152, -876, 3496, -8464, 12167], 3.23.aq_fw_abhs 
(-6, -6, -4), [1, -16, 153, -880, 3519, -8464, 12167], 3.23.aq_fx_abhw 
(-9, -8, 2), [1, -15, 107, -546, 2461, -7935, 12167], 3.23.ap_ed_ava 
(-8, -8, 1), [1, -15, 117, -626, 2691, -7935, 12167], 3.23.ap_en_ayc 
(-9, -4, -2), [1, -15, 131, -762, 3013, -7935, 12167], 3.23.ap_fb_abdi 
(-8, -6, -1), [1, -15, 131, -738, 3013, -7935, 12167], 3.23.ap_fb_abck 
(-8, -5, -2), [1, -15, 135, -770, 3105, -7935, 12167], 3.23.ap_ff_abdq 
(-8, -4, -3), [1, -15, 137, -786, 3151, -7935, 12167], 3.23.ap_fh_abeg 
(-7, -6, -2), [1, -15, 137, -774, 3151, -7935, 12167], 3.23.ap_fh_abdu 
(-9, -9, 4), [1, -14, 78, -320, 1794, -7406, 12167], 3.23.ao_da_ami 
(-9, -8, 3), [1, -14, 90, -428, 2070, -7406, 12167], 3.23.ao_dm_aqm 
(-9, -7, 2), [1, -14, 100, -518, 2300, -7406, 12167], 3.23.ao_dw_aty 
(-8, -8, 2), [1, -14, 101, -516, 2323, -7406, 12167], 3.23.ao_dx_atw 
(-9, -6, 1), [1, -14, 108, -590, 2484, -7406, 12167], 3.23.ao_ee_aws 
(-8, -7, 1), [1, -14, 110, -588, 2530, -7406, 12167], 3.23.ao_eg_awq 
(-9, -4, -1), [1, -14, 118, -680, 2714, -7406, 12167], 3.23.ao_eo_abae 
(-9, -3, -2), [1, -14, 120, -698, 2760, -7406, 12167], 3.23.ao_eq_abaw 
(-8, -5, -1), [1, -14, 122, -684, 2806, -7406, 12167], 3.23.ao_es_abai 
(-7, -6, -1), [1, -14, 124, -686, 2852, -7406, 12167], 3.23.ao_eu_abak 
(-8, -4, -2), [1, -14, 125, -708, 2875, -7406, 12167], 3.23.ao_ev_abbg 
(-8, -3, -3), [1, -14, 126, -716, 2898, -7406, 12167], 3.23.ao_ew_abbo 
(-7, -5, -2), [1, -14, 128, -714, 2944, -7406, 12167], 3.23.ao_ey_abbm 
(-6, -6, -2), [1, -14, 129, -716, 2967, -7406, 12167], 3.23.ao_ez_abbo 
(-7, -4, -3), [1, -14, 130, -728, 2990, -7406, 12167], 3.23.ao_fa_abca 
(-9, -8, 4), [1, -13, 73, -310, 1679, -6877, 12167], 3.23.an_cv_aly 
(-8, -8, 3), [1, -13, 85, -406, 1955, -6877, 12167], 3.23.an_dh_apq 
(-9, -6, 2), [1, -13, 93, -490, 2139, -6877, 12167], 3.23.an_dp_asw 
(-8, -7, 2), [1, -13, 95, -486, 2185, -6877, 12167], 3.23.an_dr_ass 
(-8, -6, 1), [1, -13, 103, -550, 2369, -6877, 12167], 3.23.an_dz_ave 
(-9, -2, -2), [1, -13, 109, -634, 2507, -6877, 12167], 3.23.an_ef_ayk 
(-8, -4, -1), [1, -13, 113, -630, 2599, -6877, 12167], 3.23.an_ej_ayg 
(-8, -3, -2), [1, -13, 115, -646, 2645, -6877, 12167], 3.23.an_el_ayw 
(-6, -6, -1), [1, -13, 117, -634, 2691, -6877, 12167], 3.23.an_en_ayk 
(-7, -4, -2), [1, -13, 119, -654, 2737, -6877, 12167], 3.23.an_ep_aze 
(-9, -9, 6), [1, -12, 42, -66, 966, -6348, 12167], 3.23.am_bq_aco 
(-9, -8, 5), [1, -12, 56, -192, 1288, -6348, 12167], 3.23.am_ce_ahk 
(-9, -7, 4), [1, -12, 68, -300, 1564, -6348, 12167], 3.23.am_cq_alo 
(-8, -8, 4), [1, -12, 69, -296, 1587, -6348, 12167], 3.23.am_cr_alk 
(-9, -6, 3), [1, -12, 78, -390, 1794, -6348, 12167], 3.23.am_da_apa 
(-8, -7, 3), [1, -12, 80, -384, 1840, -6348, 12167], 3.23.am_dc_aou 
(-9, -5, 2), [1, -12, 86, -462, 1978, -6348, 12167], 3.23.am_di_aru 
(-8, -6, 2), [1, -12, 89, -456, 2047, -6348, 12167], 3.23.am_dl_aro 
(-7, -7, 2), [1, -12, 90, -454, 2070, -6348, 12167], 3.23.am_dm_arm 
(-9, -4, 1), [1, -12, 92, -516, 2116, -6348, 12167], 3.23.am_do_atw 
(-8, -5, 1), [1, -12, 96, -512, 2208, -6348, 12167], 3.23.am_ds_ats 
(-9, -2, -1), [1, -12, 98, -570, 2254, -6348, 12167], 3.23.am_du_avy 
(-7, -6, 1), [1, -12, 98, -510, 2254, -6348, 12167], 3.23.am_du_atq 
(-8, -3, -1), [1, -12, 104, -576, 2392, -6348, 12167], 3.23.am_ea_awe 
(-8, -2, -2), [1, -12, 105, -584, 2415, -6348, 12167], 3.23.am_eb_awm 
(-7, -4, -1), [1, -12, 108, -580, 2484, -6348, 12167], 3.23.am_ee_awi 
(-7, -3, -2), [1, -12, 110, -594, 2530, -6348, 12167], 3.23.am_eg_aww 
(-6, -5, -1), [1, -12, 110, -582, 2530, -6348, 12167], 3.23.am_eg_awk 
(-6, -4, -2), [1, -12, 113, -600, 2599, -6348, 12167], 3.23.am_ej_axc 
(-6, -3, -3), [1, -12, 114, -606, 2622, -6348, 12167], 3.23.am_ek_axi 
(-5, -5, -2), [1, -12, 114, -602, 2622, -6348, 12167], 3.23.am_ek_axe 
(-4, -4, -4), [1, -12, 117, -616, 2691, -6348, 12167], 3.23.am_en_axs 
(-9, -8, 6), [1, -11, 39, -74, 897, -5819, 12167], 3.23.al_bn_acw 
(-8, -8, 5), [1, -11, 53, -186, 1219, -5819, 12167], 3.23.al_cb_ahe 
(-9, -6, 4), [1, -11, 63, -290, 1449, -5819, 12167], 3.23.al_cl_ale 
(-8, -7, 4), [1, -11, 65, -282, 1495, -5819, 12167], 3.23.al_cn_akw 
(-8, -6, 3), [1, -11, 75, -362, 1725, -5819, 12167], 3.23.al_cx_any 
(-9, -4, 2), [1, -11, 79, -434, 1817, -5819, 12167], 3.23.al_db_aqs 
(-8, -5, 2), [1, -11, 83, -426, 1909, -5819, 12167], 3.23.al_df_aqk 
(-7, -6, 2), [1, -11, 85, -422, 1955, -5819, 12167], 3.23.al_dh_aqg 
(-8, -4, 1), [1, -11, 89, -474, 2047, -5819, 12167], 3.23.al_dl_asg 
(-6, -6, 1), [1, -11, 93, -470, 2139, -5819, 12167], 3.23.al_dp_asc 
(-8, -2, -1), [1, -11, 95, -522, 2185, -5819, 12167], 3.23.al_dr_auc 
(-7, -2, -2), [1, -11, 101, -534, 2323, -5819, 12167], 3.23.al_dx_auo 
(-6, -4, -1), [1, -11, 103, -530, 2369, -5819, 12167], 3.23.al_dz_auk 
(-9, -9, 8), [1, -10, 6, 188, 138, -5290, 12167], 3.23.ak_g_hg 
(-9, -8, 7), [1, -10, 22, 44, 506, -5290, 12167], 3.23.ak_w_bs 
(-9, -7, 6), [1, -10, 36, -82, 828, -5290, 12167], 3.23.ak_bk_ade 
(-8, -8, 6), [1, -10, 37, -76, 851, -5290, 12167], 3.23.ak_bl_acy 
(-9, -6, 5), [1, -10, 48, -190, 1104, -5290, 12167], 3.23.ak_bw_ahi 
(-8, -7, 5), [1, -10, 50, -180, 1150, -5290, 12167], 3.23.ak_by_agy 
(-9, -5, 4), [1, -10, 58, -280, 1334, -5290, 12167], 3.23.ak_cg_aku 
(-8, -6, 4), [1, -10, 61, -268, 1403, -5290, 12167], 3.23.ak_cj_aki 
(-7, -7, 4), [1, -10, 62, -264, 1426, -5290, 12167], 3.23.ak_ck_ake 
(-9, -4, 3), [1, -10, 66, -352, 1518, -5290, 12167], 3.23.ak_co_ano 
(-8, -5, 3), [1, -10, 70, -340, 1610, -5290, 12167], 3.23.ak_cs_anc 
(-9, -3, 2), [1, -10, 72, -406, 1656, -5290, 12167], 3.23.ak_cu_apq 
(-7, -6, 3), [1, -10, 72, -334, 1656, -5290, 12167], 3.23.ak_cu_amw 
(-9, -2, 1), [1, -10, 76, -442, 1748, -5290, 12167], 3.23.ak_cy_ara 
(-8, -4, 2), [1, -10, 77, -396, 1771, -5290, 12167], 3.23.ak_cz_apg 
(-7, -5, 2), [1, -10, 80, -390, 1840, -5290, 12167], 3.23.ak_dc_apa 
(-6, -6, 2), [1, -10, 81, -388, 1863, -5290, 12167], 3.23.ak_dd_aoy 
(-8, -3, 1), [1, -10, 82, -436, 1886, -5290, 12167], 3.23.ak_de_aqu 
(-8, -1, -1), [1, -10, 86, -468, 1978, -5290, 12167], 3.23.ak_di_asa 
(-7, -4, 1), [1, -10, 86, -432, 1978, -5290, 12167], 3.23.ak_di_aqq 
(-6, -5, 1), [1, -10, 88, -430, 2024, -5290, 12167], 3.23.ak_dk_aqo 
(-7, -2, -1), [1, -10, 92, -474, 2116, -5290, 12167], 3.23.ak_do_asg 
(-6, -3, -1), [1, -10, 96, -478, 2208, -5290, 12167], 3.23.ak_ds_ask 
(-6, -2, -2), [1, -10, 97, -484, 2231, -5290, 12167], 3.23.ak_dt_asq 
(-5, -4, -1), [1, -10, 98, -480, 2254, -5290, 12167], 3.23.ak_du_asm 
(-5, -3, -2), [1, -10, 100, -490, 2300, -5290, 12167], 3.23.ak_dw_asw 
(-9, -8, 8), [1, -9, 5, 162, 115, -4761, 12167], 3.23.aj_f_gg 
(-8, -8, 7), [1, -9, 21, 34, 483, -4761, 12167], 3.23.aj_v_bi 
(-9, -6, 6), [1, -9, 33, -90, 759, -4761, 12167], 3.23.aj_bh_adm 
(-8, -7, 6), [1, -9, 35, -78, 805, -4761, 12167], 3.23.aj_bj_ada 
(-8, -6, 5), [1, -9, 47, -174, 1081, -4761, 12167], 3.23.aj_bv_ags 
(-9, -4, 4), [1, -9, 53, -270, 1219, -4761, 12167], 3.23.aj_cb_akk 
(-8, -5, 4), [1, -9, 57, -254, 1311, -4761, 12167], 3.23.aj_cf_aju 
(-7, -6, 4), [1, -9, 59, -246, 1357, -4761, 12167], 3.23.aj_ch_ajm 
(-9, -2, 2), [1, -9, 65, -378, 1495, -4761, 12167], 3.23.aj_cn_aoo 
(-8, -4, 3), [1, -9, 65, -318, 1495, -4761, 12167], 3.23.aj_cn_amg 
(-6, -6, 3), [1, -9, 69, -306, 1587, -4761, 12167], 3.23.aj_cr_alu 
(-8, -3, 2), [1, -9, 71, -366, 1633, -4761, 12167], 3.23.aj_ct_aoc 
(-8, -2, 1), [1, -9, 75, -398, 1725, -4761, 12167], 3.23.aj_cx_api 
(-7, -4, 2), [1, -9, 75, -358, 1725, -4761, 12167], 3.23.aj_cx_anu 
(-6, -5, 2), [1, -9, 77, -354, 1771, -4761, 12167], 3.23.aj_cz_anq 
(-6, -4, 1), [1, -9, 83, -390, 1909, -4761, 12167], 3.23.aj_df_apa 
(-6, -2, -1), [1, -9, 89, -426, 2047, -4761, 12167], 3.23.aj_dl_aqk 
(-9, -8, 9), [1, -8, -12, 280, -276, -4232, 12167], 3.23.ai_am_ku 
(-9, -7, 8), [1, -8, 4, 136, 92, -4232, 12167], 3.23.ai_e_fg 
(-8, -8, 8), [1, -8, 5, 144, 115, -4232, 12167], 3.23.ai_f_fo 
(-9, -6, 7), [1, -8, 18, 10, 414, -4232, 12167], 3.23.ai_s_k 
(-8, -7, 7), [1, -8, 20, 24, 460, -4232, 12167], 3.23.ai_u_y 
(-9, -5, 6), [1, -8, 30, -98, 690, -4232, 12167], 3.23.ai_be_adu 
(-8, -6, 6), [1, -8, 33, -80, 759, -4232, 12167], 3.23.ai_bh_adc 
(-7, -7, 6), [1, -8, 34, -74, 782, -4232, 12167], 3.23.ai_bi_acw 
(-9, -4, 5), [1, -8, 40, -188, 920, -4232, 12167], 3.23.ai_bo_ahg 
(-8, -5, 5), [1, -8, 44, -168, 1012, -4232, 12167], 3.23.ai_bs_agm 
(-7, -6, 5), [1, -8, 46, -158, 1058, -4232, 12167], 3.23.ai_bu_agc 
(-9, -3, 4), [1, -8, 48, -260, 1104, -4232, 12167], 3.23.ai_bw_aka 
(-8, -4, 4), [1, -8, 53, -240, 1219, -4232, 12167], 3.23.ai_cb_ajg 
(-9, -2, 3), [1, -8, 54, -314, 1242, -4232, 12167], 3.23.ai_cc_amc 
(-7, -5, 4), [1, -8, 56, -228, 1288, -4232, 12167], 3.23.ai_ce_aiu 
(-6, -6, 4), [1, -8, 57, -224, 1311, -4232, 12167], 3.23.ai_cf_aiq 
(-9, -1, 2), [1, -8, 58, -350, 1334, -4232, 12167], 3.23.ai_cg_anm 
(-8, -3, 3), [1, -8, 60, -296, 1380, -4232, 12167], 3.23.ai_ci_alk 
(-7, -4, 3), [1, -8, 64, -284, 1472, -4232, 12167], 3.23.ai_cm_aky 
(-8, -2, 2), [1, -8, 65, -336, 1495, -4232, 12167], 3.23.ai_cn_amy 
(-6, -5, 3), [1, -8, 66, -278, 1518, -4232, 12167], 3.23.ai_co_aks 
(-8, -1, 1), [1, -8, 68, -360, 1564, -4232, 12167], 3.23.ai_cq_anw 
(-7, -3, 2), [1, -8, 70, -326, 1610, -4232, 12167], 3.23.ai_cs_amo 
(-6, -4, 2), [1, -8, 73, -320, 1679, -4232, 12167], 3.23.ai_cv_ami 
(-7, -2, 1), [1, -8, 74, -354, 1702, -4232, 12167], 3.23.ai_cw_anq 
(-5, -5, 2), [1, -8, 74, -318, 1702, -4232, 12167], 3.23.ai_cw_amg 
(-6, -3, 1), [1, -8, 78, -350, 1794, -4232, 12167], 3.23.ai_da_anm 
(-5, -4, 1), [1, -8, 80, -348, 1840, -4232, 12167], 3.23.ai_dc_ank 
(-6, -1, -1), [1, -8, 82, -374, 1886, -4232, 12167], 3.23.ai_de_aok 
(-5, -2, -1), [1, -8, 86, -378, 1978, -4232, 12167], 3.23.ai_di_aoo 
(-4, -3, -1), [1, -8, 88, -380, 2024, -4232, 12167], 3.23.ai_dk_aoq 
(-4, -2, -2), [1, -8, 89, -384, 2047, -4232, 12167], 3.23.ai_dl_aou 
(-8, -8, 9), [1, -7, -11, 254, -253, -3703, 12167], 3.23.ah_al_ju 
(-9, -6, 8), [1, -7, 3, 110, 69, -3703, 12167], 3.23.ah_d_eg 
(-8, -7, 8), [1, -7, 5, 126, 115, -3703, 12167], 3.23.ah_f_ew 
(-8, -6, 7), [1, -7, 19, 14, 437, -3703, 12167], 3.23.ah_t_o 
(-9, -4, 6), [1, -7, 27, -106, 621, -3703, 12167], 3.23.ah_bb_aec 
(-8, -5, 6), [1, -7, 31, -82, 713, -3703, 12167], 3.23.ah_bf_ade 
(-7, -6, 6), [1, -7, 33, -70, 759, -3703, 12167], 3.23.ah_bh_acs 
(-8, -4, 5), [1, -7, 41, -162, 943, -3703, 12167], 3.23.ah_bp_agg 
(-9, -2, 4), [1, -7, 43, -250, 989, -3703, 12167], 3.23.ah_br_ajq 
(-6, -6, 5), [1, -7, 45, -142, 1035, -3703, 12167], 3.23.ah_bt_afm 
(-8, -3, 4), [1, -7, 49, -226, 1127, -3703, 12167], 3.23.ah_bx_ais 
(-7, -4, 4), [1, -7, 53, -210, 1219, -3703, 12167], 3.23.ah_cb_aic 
(-8, -2, 3), [1, -7, 55, -274, 1265, -3703, 12167], 3.23.ah_cd_ako 
(-6, -5, 4), [1, -7, 55, -202, 1265, -3703, 12167], 3.23.ah_cd_ahu 
(-8, -1, 2), [1, -7, 59, -306, 1357, -3703, 12167], 3.23.ah_ch_alu 
(-6, -4, 3), [1, -7, 63, -250, 1449, -3703, 12167], 3.23.ah_cl_ajq 
(-7, -2, 2), [1, -7, 65, -294, 1495, -3703, 12167], 3.23.ah_cn_ali 
(-6, -3, 2), [1, -7, 69, -286, 1587, -3703, 12167], 3.23.ah_cr_ala 
(-5, -4, 2), [1, -7, 71, -282, 1633, -3703, 12167], 3.23.ah_ct_akw 
(-6, -2, 1), [1, -7, 73, -310, 1679, -3703, 12167], 3.23.ah_cv_aly 
(-4, -4, 1), [1, -7, 77, -306, 1771, -3703, 12167], 3.23.ah_cz_alu 
(-9, -6, 9), [1, -6, -12, 210, -276, -3174, 12167], 3.23.ag_am_ic 
(-8, -7, 9), [1, -6, -10, 228, -230, -3174, 12167], 3.23.ag_ak_iu 
(-9, -5, 8), [1, -6, 2, 84, 46, -3174, 12167], 3.23.ag_c_dg 
(-8, -6, 8), [1, -6, 5, 108, 115, -3174, 12167], 3.23.ag_f_ee 
(-7, -7, 8), [1, -6, 6, 116, 138, -3174, 12167], 3.23.ag_g_em 
(-9, -4, 7), [1, -6, 14, -24, 322, -3174, 12167], 3.23.ag_o_ay 
(-8, -5, 7), [1, -6, 18, 4, 414, -3174, 12167], 3.23.ag_s_e 
(-7, -6, 7), [1, -6, 20, 18, 460, -3174, 12167], 3.23.ag_u_s 
(-9, -3, 6), [1, -6, 24, -114, 552, -3174, 12167], 3.23.ag_y_aek 
(-8, -4, 6), [1, -6, 29, -84, 667, -3174, 12167], 3.23.ag_bd_adg 
(-9, -2, 5), [1, -6, 32, -186, 736, -3174, 12167], 3.23.ag_bg_ahe 
(-7, -5, 6), [1, -6, 32, -66, 736, -3174, 12167], 3.23.ag_bg_aco 
(-6, -6, 6), [1, -6, 33, -60, 759, -3174, 12167], 3.23.ag_bh_aci 
(-9, -1, 4), [1, -6, 38, -240, 874, -3174, 12167], 3.23.ag_bm_ajg 
(-8, -3, 5), [1, -6, 38, -156, 874, -3174, 12167], 3.23.ag_bm_aga 
(-7, -4, 5), [1, -6, 42, -136, 966, -3174, 12167], 3.23.ag_bq_afg 
(-9, 1, 2), [1, -6, 44, -294, 1012, -3174, 12167], 3.23.ag_bs_ali 
(-6, -5, 5), [1, -6, 44, -126, 1012, -3174, 12167], 3.23.ag_bs_aew 
(-8, -2, 4), [1, -6, 45, -212, 1035, -3174, 12167], 3.23.ag_bt_aie 
(-8, -1, 3), [1, -6, 50, -252, 1150, -3174, 12167], 3.23.ag_by_ajs 
(-7, -3, 4), [1, -6, 50, -192, 1150, -3174, 12167], 3.23.ag_by_ahk 
(-6, -4, 4), [1, -6, 53, -180, 1219, -3174, 12167], 3.23.ag_cb_agy 
(-8, 1, 1), [1, -6, 54, -284, 1242, -3174, 12167], 3.23.ag_cc_aky 
(-5, -5, 4), [1, -6, 54, -176, 1242, -3174, 12167], 3.23.ag_cc_agu 
(-7, -2, 3), [1, -6, 56, -234, 1288, -3174, 12167], 3.23.ag_ce_aja 
(-7, -1, 2), [1, -6, 60, -262, 1380, -3174, 12167], 3.23.ag_ci_akc 
(-6, -3, 3), [1, -6, 60, -222, 1380, -3174, 12167], 3.23.ag_ci_aio 
(-5, -4, 3), [1, -6, 62, -216, 1426, -3174, 12167], 3.23.ag_ck_aii 
(-6, -2, 2), [1, -6, 65, -252, 1495, -3174, 12167], 3.23.ag_cn_ajs 
(-6, -1, 1), [1, -6, 68, -270, 1564, -3174, 12167], 3.23.ag_cq_akk 
(-5, -3, 2), [1, -6, 68, -246, 1564, -3174, 12167], 3.23.ag_cq_ajm 
(-4, -4, 2), [1, -6, 69, -244, 1587, -3174, 12167], 3.23.ag_cr_ajk 
(-5, -2, 1), [1, -6, 72, -266, 1656, -3174, 12167], 3.23.ag_cu_akg 
(-4, -3, 1), [1, -6, 74, -264, 1702, -3174, 12167], 3.23.ag_cw_ake 
(-4, -1, -1), [1, -6, 78, -280, 1794, -3174, 12167], 3.23.ag_da_aku 
(-2, -2, -2), [1, -6, 81, -284, 1863, -3174, 12167], 3.23.ag_dd_aky 
(-8, -6, 9), [1, -5, -9, 202, -207, -2645, 12167], 3.23.af_aj_hu 
(-9, -4, 8), [1, -5, 1, 58, 23, -2645, 12167], 3.23.af_b_cg 
(-8, -5, 8), [1, -5, 5, 90, 115, -2645, 12167], 3.23.af_f_dm 
(-7, -6, 8), [1, -5, 7, 106, 161, -2645, 12167], 3.23.af_h_ec 
(-8, -4, 7), [1, -5, 17, -6, 391, -2645, 12167], 3.23.af_r_ag 
(-9, -2, 6), [1, -5, 21, -122, 483, -2645, 12167], 3.23.af_v_aes 
(-6, -6, 7), [1, -5, 21, 22, 483, -2645, 12167], 3.23.af_v_w 
(-8, -3, 6), [1, -5, 27, -86, 621, -2645, 12167], 3.23.af_bb_adi 
(-7, -4, 6), [1, -5, 31, -62, 713, -2645, 12167], 3.23.af_bf_ack 
(-6, -5, 6), [1, -5, 33, -50, 759, -2645, 12167], 3.23.af_bh_aby 
(-8, -2, 5), [1, -5, 35, -150, 805, -2645, 12167], 3.23.af_bj_afu 
(-9, 2, 2), [1, -5, 37, -266, 851, -2645, 12167], 3.23.af_bl_akg 
(-8, -1, 4), [1, -5, 41, -198, 943, -2645, 12167], 3.23.af_bp_ahq 
(-6, -4, 5), [1, -5, 43, -110, 989, -2645, 12167], 3.23.af_br_aeg 
(-8, 1, 2), [1, -5, 47, -246, 1081, -2645, 12167], 3.23.af_bv_ajm 
(-7, -2, 4), [1, -5, 47, -174, 1081, -2645, 12167], 3.23.af_bv_ags 
(-6, -3, 4), [1, -5, 51, -158, 1173, -2645, 12167], 3.23.af_bz_agc 
(-5, -4, 4), [1, -5, 53, -150, 1219, -2645, 12167], 3.23.af_cb_afu 
(-6, -2, 3), [1, -5, 57, -194, 1311, -2645, 12167], 3.23.af_cf_ahm 
(-6, -1, 2), [1, -5, 61, -218, 1403, -2645, 12167], 3.23.af_cj_aik 
(-4, -4, 3), [1, -5, 61, -182, 1403, -2645, 12167], 3.23.af_cj_aha 
(-5, -2, 2), [1, -5, 65, -210, 1495, -2645, 12167], 3.23.af_cn_aic 
(-4, -3, 2), [1, -5, 67, -206, 1541, -2645, 12167], 3.23.af_cp_ahy 
(-4, -2, 1), [1, -5, 71, -222, 1633, -2645, 12167], 3.23.af_ct_aio 
(-9, -4, 9), [1, -4, -12, 140, -276, -2116, 12167], 3.23.ae_am_fk 
(-8, -5, 9), [1, -4, -8, 176, -184, -2116, 12167], 3.23.ae_ai_gu 
(-7, -6, 9), [1, -4, -6, 194, -138, -2116, 12167], 3.23.ae_ag_hm 
(-9, -3, 8), [1, -4, 0, 32, 0, -2116, 12167], 3.23.ae_a_bg 
(-8, -4, 8), [1, -4, 5, 72, 115, -2116, 12167], 3.23.ae_f_cu 
(-7, -5, 8), [1, -4, 8, 96, 184, -2116, 12167], 3.23.ae_i_ds 
(-6, -6, 8), [1, -4, 9, 104, 207, -2116, 12167], 3.23.ae_j_ea 
(-9, -2, 7), [1, -4, 10, -58, 230, -2116, 12167], 3.23.ae_k_acg 
(-8, -3, 7), [1, -4, 16, -16, 368, -2116, 12167], 3.23.ae_q_aq 
(-9, -1, 6), [1, -4, 18, -130, 414, -2116, 12167], 3.23.ae_s_afa 
(-7, -4, 7), [1, -4, 20, 12, 460, -2116, 12167], 3.23.ae_u_m 
(-6, -5, 7), [1, -4, 22, 26, 506, -2116, 12167], 3.23.ae_w_ba 
(-8, -2, 6), [1, -4, 25, -88, 575, -2116, 12167], 3.23.ae_z_adk 
(-9, 1, 4), [1, -4, 28, -220, 644, -2116, 12167], 3.23.ae_bc_aim 
(-9, 2, 3), [1, -4, 30, -238, 690, -2116, 12167], 3.23.ae_be_aje 
(-7, -3, 6), [1, -4, 30, -58, 690, -2116, 12167], 3.23.ae_be_acg 
(-8, -1, 5), [1, -4, 32, -144, 736, -2116, 12167], 3.23.ae_bg_afo 
(-6, -4, 6), [1, -4, 33, -40, 759, -2116, 12167], 3.23.ae_bh_abo 
(-5, -5, 6), [1, -4, 34, -34, 782, -2116, 12167], 3.23.ae_bi_abi 
(-7, -2, 5), [1, -4, 38, -114, 874, -2116, 12167], 3.23.ae_bm_aek 
(-8, 1, 3), [1, -4, 40, -208, 920, -2116, 12167], 3.23.ae_bo_aia 
(-8, 2, 2), [1, -4, 41, -216, 943, -2116, 12167], 3.23.ae_bp_aii 
(-6, -3, 5), [1, -4, 42, -94, 966, -2116, 12167], 3.23.ae_bq_adq 
(-7, -1, 4), [1, -4, 44, -156, 1012, -2116, 12167], 3.23.ae_bs_aga 
(-5, -4, 5), [1, -4, 44, -84, 1012, -2116, 12167], 3.23.ae_bs_adg 
(-6, -2, 4), [1, -4, 49, -136, 1127, -2116, 12167], 3.23.ae_bx_afg 
(-7, 1, 2), [1, -4, 50, -198, 1150, -2116, 12167], 3.23.ae_by_ahq 
(-5, -3, 4), [1, -4, 52, -124, 1196, -2116, 12167], 3.23.ae_ca_aeu 
(-4, -4, 4), [1, -4, 53, -120, 1219, -2116, 12167], 3.23.ae_cb_aeq 
(-6, -1, 3), [1, -4, 54, -166, 1242, -2116, 12167], 3.23.ae_cc_agk 
(-6, 1, 1), [1, -4, 58, -190, 1334, -2116, 12167], 3.23.ae_cg_ahi 
(-5, -2, 3), [1, -4, 58, -154, 1334, -2116, 12167], 3.23.ae_cg_afy 
(-4, -3, 3), [1, -4, 60, -148, 1380, -2116, 12167], 3.23.ae_ci_afs 
(-5, -1, 2), [1, -4, 62, -174, 1426, -2116, 12167], 3.23.ae_ck_ags 
(-4, -2, 2), [1, -4, 65, -168, 1495, -2116, 12167], 3.23.ae_cn_agm 
(-3, -3, 2), [1, -4, 66, -166, 1518, -2116, 12167], 3.23.ae_co_agk 
(-4, -1, 1), [1, -4, 68, -180, 1564, -2116, 12167], 3.23.ae_cq_agy 
(-3, -2, 1), [1, -4, 70, -178, 1610, -2116, 12167], 3.23.ae_cs_agw 
(-8, -4, 9), [1, -3, -7, 150, -161, -1587, 12167], 3.23.ad_ah_fu 
(-6, -6, 9), [1, -3, -3, 186, -69, -1587, 12167], 3.23.ad_ad_he 
(-9, -2, 8), [1, -3, -1, 6, -23, -1587, 12167], 3.23.ad_ab_g 
(-8, -3, 8), [1, -3, 5, 54, 115, -1587, 12167], 3.23.ad_f_cc 
(-7, -4, 8), [1, -3, 9, 86, 207, -1587, 12167], 3.23.ad_j_di 
(-6, -5, 8), [1, -3, 11, 102, 253, -1587, 12167], 3.23.ad_l_dy 
(-8, -2, 7), [1, -3, 15, -26, 345, -1587, 12167], 3.23.ad_p_aba 
(-9, 2, 4), [1, -3, 23, -210, 529, -1587, 12167], 3.23.ad_x_aic 
(-8, -1, 6), [1, -3, 23, -90, 529, -1587, 12167], 3.23.ad_x_adm 
(-6, -4, 7), [1, -3, 23, 30, 529, -1587, 12167], 3.23.ad_x_be 
(-7, -2, 6), [1, -3, 29, -54, 667, -1587, 12167], 3.23.ad_bd_acc 
(-8, 1, 4), [1, -3, 33, -170, 759, -1587, 12167], 3.23.ad_bh_ago 
(-6, -3, 6), [1, -3, 33, -30, 759, -1587, 12167], 3.23.ad_bh_abe 
(-8, 2, 3), [1, -3, 35, -186, 805, -1587, 12167], 3.23.ad_bj_ahe 
(-5, -4, 6), [1, -3, 35, -18, 805, -1587, 12167], 3.23.ad_bj_as 
(-6, -2, 5), [1, -3, 41, -78, 943, -1587, 12167], 3.23.ad_bp_ada 
(-7, 2, 2), [1, -3, 45, -166, 1035, -1587, 12167], 3.23.ad_bt_agk 
(-4, -4, 5), [1, -3, 45, -58, 1035, -1587, 12167], 3.23.ad_bt_acg 
(-6, -1, 4), [1, -3, 47, -114, 1081, -1587, 12167], 3.23.ad_bv_aek 
(-5, -2, 4), [1, -3, 51, -98, 1173, -1587, 12167], 3.23.ad_bz_adu 
(-6, 1, 2), [1, -3, 53, -150, 1219, -1587, 12167], 3.23.ad_cb_afu 
(-4, -3, 4), [1, -3, 53, -90, 1219, -1587, 12167], 3.23.ad_cb_adm 
(-4, -2, 3), [1, -3, 59, -114, 1357, -1587, 12167], 3.23.ad_ch_aek 
(-4, -1, 2), [1, -3, 63, -130, 1449, -1587, 12167], 3.23.ad_cl_afa 
(-3, -2, 2), [1, -3, 65, -126, 1495, -1587, 12167], 3.23.ad_cn_aew 
(-9, -2, 9), [1, -2, -12, 70, -276, -1058, 12167], 3.23.ac_am_cs 
(-8, -3, 9), [1, -2, -6, 124, -138, -1058, 12167], 3.23.ac_ag_eu 
(-9, -1, 8), [1, -2, -2, -20, -46, -1058, 12167], 3.23.ac_ac_au 
(-7, -4, 9), [1, -2, -2, 160, -46, -1058, 12167], 3.23.ac_ac_ge 
(-6, -5, 9), [1, -2, 0, 178, 0, -1058, 12167], 3.23.ac_a_gw 
(-8, -2, 8), [1, -2, 5, 36, 115, -1058, 12167], 3.23.ac_f_bk 
(-7, -3, 8), [1, -2, 10, 76, 230, -1058, 12167], 3.23.ac_k_cy 
(-9, 1, 6), [1, -2, 12, -146, 276, -1058, 12167], 3.23.ac_m_afq 
(-6, -4, 8), [1, -2, 13, 100, 299, -1058, 12167], 3.23.ac_n_dw 
(-8, -1, 7), [1, -2, 14, -36, 322, -1058, 12167], 3.23.ac_o_abk 
(-5, -5, 8), [1, -2, 14, 108, 322, -1058, 12167], 3.23.ac_o_ee 
(-9, 2, 5), [1, -2, 16, -182, 368, -1058, 12167], 3.23.ac_q_aha 
(-9, 3, 4), [1, -2, 18, -200, 414, -1058, 12167], 3.23.ac_s_ahs 
(-7, -2, 7), [1, -2, 20, 6, 460, -1058, 12167], 3.23.ac_u_g 
(-6, -3, 7), [1, -2, 24, 34, 552, -1058, 12167], 3.23.ac_y_bi 
(-8, 1, 5), [1, -2, 26, -132, 598, -1058, 12167], 3.23.ac_ba_afc 
(-5, -4, 7), [1, -2, 26, 48, 598, -1058, 12167], 3.23.ac_ba_bw 
(-7, -1, 6), [1, -2, 28, -50, 644, -1058, 12167], 3.23.ac_bc_aby 
(-8, 2, 4), [1, -2, 29, -156, 667, -1058, 12167], 3.23.ac_bd_aga 
(-8, 3, 3), [1, -2, 30, -164, 690, -1058, 12167], 3.23.ac_be_agi 
(-6, -2, 6), [1, -2, 33, -20, 759, -1058, 12167], 3.23.ac_bh_au 
(-5, -3, 6), [1, -2, 36, -2, 828, -1058, 12167], 3.23.ac_bk_ac 
(-4, -4, 6), [1, -2, 37, 4, 851, -1058, 12167], 3.23.ac_bl_e 
(-7, 1, 4), [1, -2, 38, -120, 874, -1058, 12167], 3.23.ac_bm_aeq 
(-7, 2, 3), [1, -2, 40, -134, 920, -1058, 12167], 3.23.ac_bo_afe 
(-6, -1, 5), [1, -2, 40, -62, 920, -1058, 12167], 3.23.ac_bo_ack 
(-5, -2, 5), [1, -2, 44, -42, 1012, -1058, 12167], 3.23.ac_bs_abq 
(-4, -3, 5), [1, -2, 46, -32, 1058, -1058, 12167], 3.23.ac_bu_abg 
(-6, 1, 3), [1, -2, 48, -110, 1104, -1058, 12167], 3.23.ac_bw_aeg 
(-6, 2, 2), [1, -2, 49, -116, 1127, -1058, 12167], 3.23.ac_bx_aem 
(-5, -1, 4), [1, -2, 50, -72, 1150, -1058, 12167], 3.23.ac_by_acu 
(-4, -2, 4), [1, -2, 53, -60, 1219, -1058, 12167], 3.23.ac_cb_aci 
(-3, -3, 4), [1, -2, 54, -56, 1242, -1058, 12167], 3.23.ac_cc_ace 
(-5, 1, 2), [1, -2, 56, -102, 1288, -1058, 12167], 3.23.ac_ce_ady 
(-4, -1, 3), [1, -2, 58, -80, 1334, -1058, 12167], 3.23.ac_cg_adc 
(-3, -2, 3), [1, -2, 60, -74, 1380, -1058, 12167], 3.23.ac_ci_acw 
(-4, 1, 1), [1, -2, 62, -96, 1426, -1058, 12167], 3.23.ac_ck_ads 
(-3, -1, 2), [1, -2, 64, -86, 1472, -1058, 12167], 3.23.ac_cm_adi 
(-2, -2, 2), [1, -2, 65, -84, 1495, -1058, 12167], 3.23.ac_cn_adg 
(-2, -1, 1), [1, -2, 68, -90, 1564, -1058, 12167], 3.23.ac_cq_adm 
(-8, -2, 9), [1, -1, -5, 98, -115, -529, 12167], 3.23.ab_af_du 
(-6, -4, 9), [1, -1, 3, 170, 69, -529, 12167], 3.23.ab_d_go 
(-8, -1, 8), [1, -1, 5, 18, 115, -529, 12167], 3.23.ab_f_s 
(-9, 2, 6), [1, -1, 9, -154, 207, -529, 12167], 3.23.ab_j_afy 
(-7, -2, 8), [1, -1, 11, 66, 253, -529, 12167], 3.23.ab_l_co 
(-9, 4, 4), [1, -1, 13, -190, 299, -529, 12167], 3.23.ab_n_ahi 
(-6, -3, 8), [1, -1, 15, 98, 345, -529, 12167], 3.23.ab_p_du 
(-5, -4, 8), [1, -1, 17, 114, 391, -529, 12167], 3.23.ab_r_ek 
(-8, 1, 6), [1, -1, 19, -94, 437, -529, 12167], 3.23.ab_t_adq 
(-8, 2, 5), [1, -1, 23, -126, 529, -529, 12167], 3.23.ab_x_aew 
(-8, 3, 4), [1, -1, 25, -142, 575, -529, 12167], 3.23.ab_z_afm 
(-6, -2, 7), [1, -1, 25, 38, 575, -529, 12167], 3.23.ab_z_bm 
(-4, -4, 7), [1, -1, 29, 66, 667, -529, 12167], 3.23.ab_bd_co 
(-6, -1, 6), [1, -1, 33, -10, 759, -529, 12167], 3.23.ab_bh_ak 
(-7, 2, 4), [1, -1, 35, -102, 805, -529, 12167], 3.23.ab_bj_ady 
(-5, -2, 6), [1, -1, 37, 14, 851, -529, 12167], 3.23.ab_bl_o 
(-4, -3, 6), [1, -1, 39, 26, 897, -529, 12167], 3.23.ab_bn_ba 
(-6, 1, 4), [1, -1, 43, -70, 989, -529, 12167], 3.23.ab_br_acs 
(-6, 2, 3), [1, -1, 45, -82, 1035, -529, 12167], 3.23.ab_bt_ade 
(-4, -2, 5), [1, -1, 47, -6, 1081, -529, 12167], 3.23.ab_bv_ag 
(-5, 2, 2), [1, -1, 53, -66, 1219, -529, 12167], 3.23.ab_cb_aco 
(-4, -1, 4), [1, -1, 53, -30, 1219, -529, 12167], 3.23.ab_cb_abe 
(-3, -2, 4), [1, -1, 55, -22, 1265, -529, 12167], 3.23.ab_cd_aw 
(-4, 1, 2), [1, -1, 59, -54, 1357, -529, 12167], 3.23.ab_ch_acc 
(-2, -2, 3), [1, -1, 61, -34, 1403, -529, 12167], 3.23.ab_cj_abi 
(-9, 1, 8), [1, 0, -4, -72, -92, 0, 12167], 3.23.a_ae_acu 
(-8, -1, 9), [1, 0, -4, 72, -92, 0, 12167], 3.23.a_ae_cu 
(-9, 2, 7), [1, 0, 2, -126, 46, 0, 12167], 3.23.a_c_aew 
(-7, -2, 9), [1, 0, 2, 126, 46, 0, 12167], 3.23.a_c_ew 
(-9, 3, 6), [1, 0, 6, -162, 138, 0, 12167], 3.23.a_g_agg 
(-6, -3, 9), [1, 0, 6, 162, 138, 0, 12167], 3.23.a_g_gg 
(-9, 4, 5), [1, 0, 8, -180, 184, 0, 12167], 3.23.a_i_agy 
(-5, -4, 9), [1, 0, 8, 180, 184, 0, 12167], 3.23.a_i_gy 
(-8, 1, 7), [1, 0, 12, -56, 276, 0, 12167], 3.23.a_m_ace 
(-7, -1, 8), [1, 0, 12, 56, 276, 0, 12167], 3.23.a_m_ce 
(-8, 2, 6), [1, 0, 17, -96, 391, 0, 12167], 3.23.a_r_ads 
(-6, -2, 8), [1, 0, 17, 96, 391, 0, 12167], 3.23.a_r_ds 
(-8, 3, 5), [1, 0, 20, -120, 460, 0, 12167], 3.23.a_u_aeq 
(-5, -3, 8), [1, 0, 20, 120, 460, 0, 12167], 3.23.a_u_eq 
(-8, 4, 4), [1, 0, 21, -128, 483, 0, 12167], 3.23.a_v_aey 
(-4, -4, 8), [1, 0, 21, 128, 483, 0, 12167], 3.23.a_v_ey 
(-7, 1, 6), [1, 0, 26, -42, 598, 0, 12167], 3.23.a_ba_abq 
(-6, -1, 7), [1, 0, 26, 42, 598, 0, 12167], 3.23.a_ba_bq 
(-7, 2, 5), [1, 0, 30, -70, 690, 0, 12167], 3.23.a_be_acs 
(-5, -2, 7), [1, 0, 30, 70, 690, 0, 12167], 3.23.a_be_cs 
(-7, 3, 4), [1, 0, 32, -84, 736, 0, 12167], 3.23.a_bg_adg 
(-4, -3, 7), [1, 0, 32, 84, 736, 0, 12167], 3.23.a_bg_dg 
(-6, 1, 5), [1, 0, 38, -30, 874, 0, 12167], 3.23.a_bm_abe 
(-5, -1, 6), [1, 0, 38, 30, 874, 0, 12167], 3.23.a_bm_be 
(-6, 2, 4), [1, 0, 41, -48, 943, 0, 12167], 3.23.a_bp_abw 
(-4, -2, 6), [1, 0, 41, 48, 943, 0, 12167], 3.23.a_bp_bw 
(-6, 3, 3), [1, 0, 42, -54, 966, 0, 12167], 3.23.a_bq_acc 
(-3, -3, 6), [1, 0, 42, 54, 966, 0, 12167], 3.23.a_bq_cc 
(-5, 1, 4), [1, 0, 48, -20, 1104, 0, 12167], 3.23.a_bw_au 
(-4, -1, 5), [1, 0, 48, 20, 1104, 0, 12167], 3.23.a_bw_u 
(-5, 2, 3), [1, 0, 50, -30, 1150, 0, 12167], 3.23.a_by_abe 
(-3, -2, 5), [1, 0, 50, 30, 1150, 0, 12167], 3.23.a_by_be 
(-4, 1, 3), [1, 0, 56, -12, 1288, 0, 12167], 3.23.a_ce_am 
(-3, -1, 4), [1, 0, 56, 12, 1288, 0, 12167], 3.23.a_ce_m 
(-4, 2, 2), [1, 0, 57, -16, 1311, 0, 12167], 3.23.a_cf_aq 
(-2, -2, 4), [1, 0, 57, 16, 1311, 0, 12167], 3.23.a_cf_q 
(-3, 1, 2), [1, 0, 62, -6, 1426, 0, 12167], 3.23.a_ck_ag 
(-2, -1, 3), [1, 0, 62, 6, 1426, 0, 12167], 3.23.a_ck_g 
(-2, 1, 1), [1, 0, 66, -2, 1518, 0, 12167], 3.23.a_co_ac 
(-1, -1, 2), [1, 0, 66, 2, 1518, 0, 12167], 3.23.a_co_c 
(-9, 2, 8), [1, 1, -5, -98, -115, 529, 12167], 3.23.b_af_adu 
(-9, 4, 6), [1, 1, 3, -170, 69, 529, 12167], 3.23.b_d_ago 
(-8, 1, 8), [1, 1, 5, -18, 115, 529, 12167], 3.23.b_f_as 
(-6, -2, 9), [1, 1, 9, 154, 207, 529, 12167], 3.23.b_j_fy 
(-8, 2, 7), [1, 1, 11, -66, 253, 529, 12167], 3.23.b_l_aco 
(-4, -4, 9), [1, 1, 13, 190, 299, 529, 12167], 3.23.b_n_hi 
(-8, 3, 6), [1, 1, 15, -98, 345, 529, 12167], 3.23.b_p_adu 
(-8, 4, 5), [1, 1, 17, -114, 391, 529, 12167], 3.23.b_r_aek 
(-6, -1, 8), [1, 1, 19, 94, 437, 529, 12167], 3.23.b_t_dq 
(-5, -2, 8), [1, 1, 23, 126, 529, 529, 12167], 3.23.b_x_ew 
(-7, 2, 6), [1, 1, 25, -38, 575, 529, 12167], 3.23.b_z_abm 
(-4, -3, 8), [1, 1, 25, 142, 575, 529, 12167], 3.23.b_z_fm 
(-7, 4, 4), [1, 1, 29, -66, 667, 529, 12167], 3.23.b_bd_aco 
(-6, 1, 6), [1, 1, 33, 10, 759, 529, 12167], 3.23.b_bh_k 
(-4, -2, 7), [1, 1, 35, 102, 805, 529, 12167], 3.23.b_bj_dy 
(-6, 2, 5), [1, 1, 37, -14, 851, 529, 12167], 3.23.b_bl_ao 
(-6, 3, 4), [1, 1, 39, -26, 897, 529, 12167], 3.23.b_bn_aba 
(-4, -1, 6), [1, 1, 43, 70, 989, 529, 12167], 3.23.b_br_cs 
(-3, -2, 6), [1, 1, 45, 82, 1035, 529, 12167], 3.23.b_bt_de 
(-5, 2, 4), [1, 1, 47, 6, 1081, 529, 12167], 3.23.b_bv_g 
(-4, 1, 4), [1, 1, 53, 30, 1219, 529, 12167], 3.23.b_cb_be 
(-2, -2, 5), [1, 1, 53, 66, 1219, 529, 12167], 3.23.b_cb_co 
(-4, 2, 3), [1, 1, 55, 22, 1265, 529, 12167], 3.23.b_cd_w 
(-2, -1, 4), [1, 1, 59, 54, 1357, 529, 12167], 3.23.b_ch_cc 
(-3, 2, 2), [1, 1, 61, 34, 1403, 529, 12167], 3.23.b_cj_bi 
(-9, 2, 9), [1, 2, -12, -70, -276, 1058, 12167], 3.23.c_am_acs 
(-9, 3, 8), [1, 2, -6, -124, -138, 1058, 12167], 3.23.c_ag_aeu 
(-9, 4, 7), [1, 2, -2, -160, -46, 1058, 12167], 3.23.c_ac_age 
(-8, 1, 9), [1, 2, -2, 20, -46, 1058, 12167], 3.23.c_ac_u 
(-9, 5, 6), [1, 2, 0, -178, 0, 1058, 12167], 3.23.c_a_agw 
(-8, 2, 8), [1, 2, 5, -36, 115, 1058, 12167], 3.23.c_f_abk 
(-8, 3, 7), [1, 2, 10, -76, 230, 1058, 12167], 3.23.c_k_acy 
(-6, -1, 9), [1, 2, 12, 146, 276, 1058, 12167], 3.23.c_m_fq 
(-8, 4, 6), [1, 2, 13, -100, 299, 1058, 12167], 3.23.c_n_adw 
(-8, 5, 5), [1, 2, 14, -108, 322, 1058, 12167], 3.23.c_o_aee 
(-7, 1, 8), [1, 2, 14, 36, 322, 1058, 12167], 3.23.c_o_bk 
(-5, -2, 9), [1, 2, 16, 182, 368, 1058, 12167], 3.23.c_q_ha 
(-4, -3, 9), [1, 2, 18, 200, 414, 1058, 12167], 3.23.c_s_hs 
(-7, 2, 7), [1, 2, 20, -6, 460, 1058, 12167], 3.23.c_u_ag 
(-7, 3, 6), [1, 2, 24, -34, 552, 1058, 12167], 3.23.c_y_abi 
(-7, 4, 5), [1, 2, 26, -48, 598, 1058, 12167], 3.23.c_ba_abw 
(-5, -1, 8), [1, 2, 26, 132, 598, 1058, 12167], 3.23.c_ba_fc 
(-6, 1, 7), [1, 2, 28, 50, 644, 1058, 12167], 3.23.c_bc_by 
(-4, -2, 8), [1, 2, 29, 156, 667, 1058, 12167], 3.23.c_bd_ga 
(-3, -3, 8), [1, 2, 30, 164, 690, 1058, 12167], 3.23.c_be_gi 
(-6, 2, 6), [1, 2, 33, 20, 759, 1058, 12167], 3.23.c_bh_u 
(-6, 3, 5), [1, 2, 36, 2, 828, 1058, 12167], 3.23.c_bk_c 
(-6, 4, 4), [1, 2, 37, -4, 851, 1058, 12167], 3.23.c_bl_ae 
(-4, -1, 7), [1, 2, 38, 120, 874, 1058, 12167], 3.23.c_bm_eq 
(-5, 1, 6), [1, 2, 40, 62, 920, 1058, 12167], 3.23.c_bo_ck 
(-3, -2, 7), [1, 2, 40, 134, 920, 1058, 12167], 3.23.c_bo_fe 
(-5, 2, 5), [1, 2, 44, 42, 1012, 1058, 12167], 3.23.c_bs_bq 
(-5, 3, 4), [1, 2, 46, 32, 1058, 1058, 12167], 3.23.c_bu_bg 
(-3, -1, 6), [1, 2, 48, 110, 1104, 1058, 12167], 3.23.c_bw_eg 
(-2, -2, 6), [1, 2, 49, 116, 1127, 1058, 12167], 3.23.c_bx_em 
(-4, 1, 5), [1, 2, 50, 72, 1150, 1058, 12167], 3.23.c_by_cu 
(-4, 2, 4), [1, 2, 53, 60, 1219, 1058, 12167], 3.23.c_cb_ci 
(-4, 3, 3), [1, 2, 54, 56, 1242, 1058, 12167], 3.23.c_cc_ce 
(-2, -1, 5), [1, 2, 56, 102, 1288, 1058, 12167], 3.23.c_ce_dy 
(-3, 1, 4), [1, 2, 58, 80, 1334, 1058, 12167], 3.23.c_cg_dc 
(-3, 2, 3), [1, 2, 60, 74, 1380, 1058, 12167], 3.23.c_ci_cw 
(-1, -1, 4), [1, 2, 62, 96, 1426, 1058, 12167], 3.23.c_ck_ds 
(-2, 1, 3), [1, 2, 64, 86, 1472, 1058, 12167], 3.23.c_cm_di 
(-2, 2, 2), [1, 2, 65, 84, 1495, 1058, 12167], 3.23.c_cn_dg 
(-1, 1, 2), [1, 2, 68, 90, 1564, 1058, 12167], 3.23.c_cq_dm 
(-9, 4, 8), [1, 3, -7, -150, -161, 1587, 12167], 3.23.d_ah_afu 
(-9, 6, 6), [1, 3, -3, -186, -69, 1587, 12167], 3.23.d_ad_ahe 
(-8, 2, 9), [1, 3, -1, -6, -23, 1587, 12167], 3.23.d_ab_ag 
(-8, 3, 8), [1, 3, 5, -54, 115, 1587, 12167], 3.23.d_f_acc 
(-8, 4, 7), [1, 3, 9, -86, 207, 1587, 12167], 3.23.d_j_adi 
(-8, 5, 6), [1, 3, 11, -102, 253, 1587, 12167], 3.23.d_l_ady 
(-7, 2, 8), [1, 3, 15, 26, 345, 1587, 12167], 3.23.d_p_ba 
(-7, 4, 6), [1, 3, 23, -30, 529, 1587, 12167], 3.23.d_x_abe 
(-6, 1, 8), [1, 3, 23, 90, 529, 1587, 12167], 3.23.d_x_dm 
(-4, -2, 9), [1, 3, 23, 210, 529, 1587, 12167], 3.23.d_x_ic 
(-6, 2, 7), [1, 3, 29, 54, 667, 1587, 12167], 3.23.d_bd_cc 
(-6, 3, 6), [1, 3, 33, 30, 759, 1587, 12167], 3.23.d_bh_be 
(-4, -1, 8), [1, 3, 33, 170, 759, 1587, 12167], 3.23.d_bh_go 
(-6, 4, 5), [1, 3, 35, 18, 805, 1587, 12167], 3.23.d_bj_s 
(-3, -2, 8), [1, 3, 35, 186, 805, 1587, 12167], 3.23.d_bj_he 
(-5, 2, 6), [1, 3, 41, 78, 943, 1587, 12167], 3.23.d_bp_da 
(-5, 4, 4), [1, 3, 45, 58, 1035, 1587, 12167], 3.23.d_bt_cg 
(-2, -2, 7), [1, 3, 45, 166, 1035, 1587, 12167], 3.23.d_bt_gk 
(-4, 1, 6), [1, 3, 47, 114, 1081, 1587, 12167], 3.23.d_bv_ek 
(-4, 2, 5), [1, 3, 51, 98, 1173, 1587, 12167], 3.23.d_bz_du 
(-4, 3, 4), [1, 3, 53, 90, 1219, 1587, 12167], 3.23.d_cb_dm 
(-2, -1, 6), [1, 3, 53, 150, 1219, 1587, 12167], 3.23.d_cb_fu 
(-3, 2, 4), [1, 3, 59, 114, 1357, 1587, 12167], 3.23.d_ch_ek 
(-2, 1, 4), [1, 3, 63, 130, 1449, 1587, 12167], 3.23.d_cl_fa 
(-2, 2, 3), [1, 3, 65, 126, 1495, 1587, 12167], 3.23.d_cn_ew 
(-9, 4, 9), [1, 4, -12, -140, -276, 2116, 12167], 3.23.e_am_afk 
(-9, 5, 8), [1, 4, -8, -176, -184, 2116, 12167], 3.23.e_ai_agu 
(-9, 6, 7), [1, 4, -6, -194, -138, 2116, 12167], 3.23.e_ag_ahm 
(-8, 3, 9), [1, 4, 0, -32, 0, 2116, 12167], 3.23.e_a_abg 
(-8, 4, 8), [1, 4, 5, -72, 115, 2116, 12167], 3.23.e_f_acu 
(-8, 5, 7), [1, 4, 8, -96, 184, 2116, 12167], 3.23.e_i_ads 
(-8, 6, 6), [1, 4, 9, -104, 207, 2116, 12167], 3.23.e_j_aea 
(-7, 2, 9), [1, 4, 10, 58, 230, 2116, 12167], 3.23.e_k_cg 
(-7, 3, 8), [1, 4, 16, 16, 368, 2116, 12167], 3.23.e_q_q 
(-6, 1, 9), [1, 4, 18, 130, 414, 2116, 12167], 3.23.e_s_fa 
(-7, 4, 7), [1, 4, 20, -12, 460, 2116, 12167], 3.23.e_u_am 
(-7, 5, 6), [1, 4, 22, -26, 506, 2116, 12167], 3.23.e_w_aba 
(-6, 2, 8), [1, 4, 25, 88, 575, 2116, 12167], 3.23.e_z_dk 
(-4, -1, 9), [1, 4, 28, 220, 644, 2116, 12167], 3.23.e_bc_im 
(-6, 3, 7), [1, 4, 30, 58, 690, 2116, 12167], 3.23.e_be_cg 
(-3, -2, 9), [1, 4, 30, 238, 690, 2116, 12167], 3.23.e_be_je 
(-5, 1, 8), [1, 4, 32, 144, 736, 2116, 12167], 3.23.e_bg_fo 
(-6, 4, 6), [1, 4, 33, 40, 759, 2116, 12167], 3.23.e_bh_bo 
(-6, 5, 5), [1, 4, 34, 34, 782, 2116, 12167], 3.23.e_bi_bi 
(-5, 2, 7), [1, 4, 38, 114, 874, 2116, 12167], 3.23.e_bm_ek 
(-3, -1, 8), [1, 4, 40, 208, 920, 2116, 12167], 3.23.e_bo_ia 
(-2, -2, 8), [1, 4, 41, 216, 943, 2116, 12167], 3.23.e_bp_ii 
(-5, 3, 6), [1, 4, 42, 94, 966, 2116, 12167], 3.23.e_bq_dq 
(-5, 4, 5), [1, 4, 44, 84, 1012, 2116, 12167], 3.23.e_bs_dg 
(-4, 1, 7), [1, 4, 44, 156, 1012, 2116, 12167], 3.23.e_bs_ga 
(-4, 2, 6), [1, 4, 49, 136, 1127, 2116, 12167], 3.23.e_bx_fg 
(-2, -1, 7), [1, 4, 50, 198, 1150, 2116, 12167], 3.23.e_by_hq 
(-4, 3, 5), [1, 4, 52, 124, 1196, 2116, 12167], 3.23.e_ca_eu 
(-4, 4, 4), [1, 4, 53, 120, 1219, 2116, 12167], 3.23.e_cb_eq 
(-3, 1, 6), [1, 4, 54, 166, 1242, 2116, 12167], 3.23.e_cc_gk 
(-3, 2, 5), [1, 4, 58, 154, 1334, 2116, 12167], 3.23.e_cg_fy 
(-1, -1, 6), [1, 4, 58, 190, 1334, 2116, 12167], 3.23.e_cg_hi 
(-3, 3, 4), [1, 4, 60, 148, 1380, 2116, 12167], 3.23.e_ci_fs 
(-2, 1, 5), [1, 4, 62, 174, 1426, 2116, 12167], 3.23.e_ck_gs 
(-2, 2, 4), [1, 4, 65, 168, 1495, 2116, 12167], 3.23.e_cn_gm 
(-2, 3, 3), [1, 4, 66, 166, 1518, 2116, 12167], 3.23.e_co_gk 
(-1, 1, 4), [1, 4, 68, 180, 1564, 2116, 12167], 3.23.e_cq_gy 
(-1, 2, 3), [1, 4, 70, 178, 1610, 2116, 12167], 3.23.e_cs_gw 
(-9, 6, 8), [1, 5, -9, -202, -207, 2645, 12167], 3.23.f_aj_ahu 
(-8, 4, 9), [1, 5, 1, -58, 23, 2645, 12167], 3.23.f_b_acg 
(-8, 5, 8), [1, 5, 5, -90, 115, 2645, 12167], 3.23.f_f_adm 
(-8, 6, 7), [1, 5, 7, -106, 161, 2645, 12167], 3.23.f_h_aec 
(-7, 4, 8), [1, 5, 17, 6, 391, 2645, 12167], 3.23.f_r_g 
(-7, 6, 6), [1, 5, 21, -22, 483, 2645, 12167], 3.23.f_v_aw 
(-6, 2, 9), [1, 5, 21, 122, 483, 2645, 12167], 3.23.f_v_es 
(-6, 3, 8), [1, 5, 27, 86, 621, 2645, 12167], 3.23.f_bb_di 
(-6, 4, 7), [1, 5, 31, 62, 713, 2645, 12167], 3.23.f_bf_ck 
(-6, 5, 6), [1, 5, 33, 50, 759, 2645, 12167], 3.23.f_bh_by 
(-5, 2, 8), [1, 5, 35, 150, 805, 2645, 12167], 3.23.f_bj_fu 
(-2, -2, 9), [1, 5, 37, 266, 851, 2645, 12167], 3.23.f_bl_kg 
(-4, 1, 8), [1, 5, 41, 198, 943, 2645, 12167], 3.23.f_bp_hq 
(-5, 4, 6), [1, 5, 43, 110, 989, 2645, 12167], 3.23.f_br_eg 
(-4, 2, 7), [1, 5, 47, 174, 1081, 2645, 12167], 3.23.f_bv_gs 
(-2, -1, 8), [1, 5, 47, 246, 1081, 2645, 12167], 3.23.f_bv_jm 
(-4, 3, 6), [1, 5, 51, 158, 1173, 2645, 12167], 3.23.f_bz_gc 
(-4, 4, 5), [1, 5, 53, 150, 1219, 2645, 12167], 3.23.f_cb_fu 
(-3, 2, 6), [1, 5, 57, 194, 1311, 2645, 12167], 3.23.f_cf_hm 
(-3, 4, 4), [1, 5, 61, 182, 1403, 2645, 12167], 3.23.f_cj_ha 
(-2, 1, 6), [1, 5, 61, 218, 1403, 2645, 12167], 3.23.f_cj_ik 
(-2, 2, 5), [1, 5, 65, 210, 1495, 2645, 12167], 3.23.f_cn_ic 
(-2, 3, 4), [1, 5, 67, 206, 1541, 2645, 12167], 3.23.f_cp_hy 
(-1, 2, 4), [1, 5, 71, 222, 1633, 2645, 12167], 3.23.f_ct_io 
(-9, 6, 9), [1, 6, -12, -210, -276, 3174, 12167], 3.23.g_am_aic 
(-9, 7, 8), [1, 6, -10, -228, -230, 3174, 12167], 3.23.g_ak_aiu 
(-8, 5, 9), [1, 6, 2, -84, 46, 3174, 12167], 3.23.g_c_adg 
(-8, 6, 8), [1, 6, 5, -108, 115, 3174, 12167], 3.23.g_f_aee 
(-8, 7, 7), [1, 6, 6, -116, 138, 3174, 12167], 3.23.g_g_aem 
(-7, 4, 9), [1, 6, 14, 24, 322, 3174, 12167], 3.23.g_o_y 
(-7, 5, 8), [1, 6, 18, -4, 414, 3174, 12167], 3.23.g_s_ae 
(-7, 6, 7), [1, 6, 20, -18, 460, 3174, 12167], 3.23.g_u_as 
(-6, 3, 9), [1, 6, 24, 114, 552, 3174, 12167], 3.23.g_y_ek 
(-6, 4, 8), [1, 6, 29, 84, 667, 3174, 12167], 3.23.g_bd_dg 
(-6, 5, 7), [1, 6, 32, 66, 736, 3174, 12167], 3.23.g_bg_co 
(-5, 2, 9), [1, 6, 32, 186, 736, 3174, 12167], 3.23.g_bg_he 
(-6, 6, 6), [1, 6, 33, 60, 759, 3174, 12167], 3.23.g_bh_ci 
(-5, 3, 8), [1, 6, 38, 156, 874, 3174, 12167], 3.23.g_bm_ga 
(-4, 1, 9), [1, 6, 38, 240, 874, 3174, 12167], 3.23.g_bm_jg 
(-5, 4, 7), [1, 6, 42, 136, 966, 3174, 12167], 3.23.g_bq_fg 
(-5, 5, 6), [1, 6, 44, 126, 1012, 3174, 12167], 3.23.g_bs_ew 
(-2, -1, 9), [1, 6, 44, 294, 1012, 3174, 12167], 3.23.g_bs_li 
(-4, 2, 8), [1, 6, 45, 212, 1035, 3174, 12167], 3.23.g_bt_ie 
(-4, 3, 7), [1, 6, 50, 192, 1150, 3174, 12167], 3.23.g_by_hk 
(-3, 1, 8), [1, 6, 50, 252, 1150, 3174, 12167], 3.23.g_by_js 
(-4, 4, 6), [1, 6, 53, 180, 1219, 3174, 12167], 3.23.g_cb_gy 
(-4, 5, 5), [1, 6, 54, 176, 1242, 3174, 12167], 3.23.g_cc_gu 
(-1, -1, 8), [1, 6, 54, 284, 1242, 3174, 12167], 3.23.g_cc_ky 
(-3, 2, 7), [1, 6, 56, 234, 1288, 3174, 12167], 3.23.g_ce_ja 
(-3, 3, 6), [1, 6, 60, 222, 1380, 3174, 12167], 3.23.g_ci_io 
(-2, 1, 7), [1, 6, 60, 262, 1380, 3174, 12167], 3.23.g_ci_kc 
(-3, 4, 5), [1, 6, 62, 216, 1426, 3174, 12167], 3.23.g_ck_ii 
(-2, 2, 6), [1, 6, 65, 252, 1495, 3174, 12167], 3.23.g_cn_js 
(-2, 3, 5), [1, 6, 68, 246, 1564, 3174, 12167], 3.23.g_cq_jm 
(-1, 1, 6), [1, 6, 68, 270, 1564, 3174, 12167], 3.23.g_cq_kk 
(-2, 4, 4), [1, 6, 69, 244, 1587, 3174, 12167], 3.23.g_cr_jk 
(-1, 2, 5), [1, 6, 72, 266, 1656, 3174, 12167], 3.23.g_cu_kg 
(-1, 3, 4), [1, 6, 74, 264, 1702, 3174, 12167], 3.23.g_cw_ke 
(1, 1, 4), [1, 6, 78, 280, 1794, 3174, 12167], 3.23.g_da_ku 
(2, 2, 2), [1, 6, 81, 284, 1863, 3174, 12167], 3.23.g_dd_ky 
(-9, 8, 8), [1, 7, -11, -254, -253, 3703, 12167], 3.23.h_al_aju 
(-8, 6, 9), [1, 7, 3, -110, 69, 3703, 12167], 3.23.h_d_aeg 
(-8, 7, 8), [1, 7, 5, -126, 115, 3703, 12167], 3.23.h_f_aew 
(-7, 6, 8), [1, 7, 19, -14, 437, 3703, 12167], 3.23.h_t_ao 
(-6, 4, 9), [1, 7, 27, 106, 621, 3703, 12167], 3.23.h_bb_ec 
(-6, 5, 8), [1, 7, 31, 82, 713, 3703, 12167], 3.23.h_bf_de 
(-6, 6, 7), [1, 7, 33, 70, 759, 3703, 12167], 3.23.h_bh_cs 
(-5, 4, 8), [1, 7, 41, 162, 943, 3703, 12167], 3.23.h_bp_gg 
(-4, 2, 9), [1, 7, 43, 250, 989, 3703, 12167], 3.23.h_br_jq 
(-5, 6, 6), [1, 7, 45, 142, 1035, 3703, 12167], 3.23.h_bt_fm 
(-4, 3, 8), [1, 7, 49, 226, 1127, 3703, 12167], 3.23.h_bx_is 
(-4, 4, 7), [1, 7, 53, 210, 1219, 3703, 12167], 3.23.h_cb_ic 
(-4, 5, 6), [1, 7, 55, 202, 1265, 3703, 12167], 3.23.h_cd_hu 
(-3, 2, 8), [1, 7, 55, 274, 1265, 3703, 12167], 3.23.h_cd_ko 
(-2, 1, 8), [1, 7, 59, 306, 1357, 3703, 12167], 3.23.h_ch_lu 
(-3, 4, 6), [1, 7, 63, 250, 1449, 3703, 12167], 3.23.h_cl_jq 
(-2, 2, 7), [1, 7, 65, 294, 1495, 3703, 12167], 3.23.h_cn_li 
(-2, 3, 6), [1, 7, 69, 286, 1587, 3703, 12167], 3.23.h_cr_la 
(-2, 4, 5), [1, 7, 71, 282, 1633, 3703, 12167], 3.23.h_ct_kw 
(-1, 2, 6), [1, 7, 73, 310, 1679, 3703, 12167], 3.23.h_cv_ly 
(-1, 4, 4), [1, 7, 77, 306, 1771, 3703, 12167], 3.23.h_cz_lu 
(-9, 8, 9), [1, 8, -12, -280, -276, 4232, 12167], 3.23.i_am_aku 
(-8, 7, 9), [1, 8, 4, -136, 92, 4232, 12167], 3.23.i_e_afg 
(-8, 8, 8), [1, 8, 5, -144, 115, 4232, 12167], 3.23.i_f_afo 
(-7, 6, 9), [1, 8, 18, -10, 414, 4232, 12167], 3.23.i_s_ak 
(-7, 7, 8), [1, 8, 20, -24, 460, 4232, 12167], 3.23.i_u_ay 
(-6, 5, 9), [1, 8, 30, 98, 690, 4232, 12167], 3.23.i_be_du 
(-6, 6, 8), [1, 8, 33, 80, 759, 4232, 12167], 3.23.i_bh_dc 
(-6, 7, 7), [1, 8, 34, 74, 782, 4232, 12167], 3.23.i_bi_cw 
(-5, 4, 9), [1, 8, 40, 188, 920, 4232, 12167], 3.23.i_bo_hg 
(-5, 5, 8), [1, 8, 44, 168, 1012, 4232, 12167], 3.23.i_bs_gm 
(-5, 6, 7), [1, 8, 46, 158, 1058, 4232, 12167], 3.23.i_bu_gc 
(-4, 3, 9), [1, 8, 48, 260, 1104, 4232, 12167], 3.23.i_bw_ka 
(-4, 4, 8), [1, 8, 53, 240, 1219, 4232, 12167], 3.23.i_cb_jg 
(-3, 2, 9), [1, 8, 54, 314, 1242, 4232, 12167], 3.23.i_cc_mc 
(-4, 5, 7), [1, 8, 56, 228, 1288, 4232, 12167], 3.23.i_ce_iu 
(-4, 6, 6), [1, 8, 57, 224, 1311, 4232, 12167], 3.23.i_cf_iq 
(-2, 1, 9), [1, 8, 58, 350, 1334, 4232, 12167], 3.23.i_cg_nm 
(-3, 3, 8), [1, 8, 60, 296, 1380, 4232, 12167], 3.23.i_ci_lk 
(-3, 4, 7), [1, 8, 64, 284, 1472, 4232, 12167], 3.23.i_cm_ky 
(-2, 2, 8), [1, 8, 65, 336, 1495, 4232, 12167], 3.23.i_cn_my 
(-3, 5, 6), [1, 8, 66, 278, 1518, 4232, 12167], 3.23.i_co_ks 
(-1, 1, 8), [1, 8, 68, 360, 1564, 4232, 12167], 3.23.i_cq_nw 
(-2, 3, 7), [1, 8, 70, 326, 1610, 4232, 12167], 3.23.i_cs_mo 
(-2, 4, 6), [1, 8, 73, 320, 1679, 4232, 12167], 3.23.i_cv_mi 
(-2, 5, 5), [1, 8, 74, 318, 1702, 4232, 12167], 3.23.i_cw_mg 
(-1, 2, 7), [1, 8, 74, 354, 1702, 4232, 12167], 3.23.i_cw_nq 
(-1, 3, 6), [1, 8, 78, 350, 1794, 4232, 12167], 3.23.i_da_nm 
(-1, 4, 5), [1, 8, 80, 348, 1840, 4232, 12167], 3.23.i_dc_nk 
(1, 1, 6), [1, 8, 82, 374, 1886, 4232, 12167], 3.23.i_de_ok 
(1, 2, 5), [1, 8, 86, 378, 1978, 4232, 12167], 3.23.i_di_oo 
(1, 3, 4), [1, 8, 88, 380, 2024, 4232, 12167], 3.23.i_dk_oq 
(2, 2, 4), [1, 8, 89, 384, 2047, 4232, 12167], 3.23.i_dl_ou 
(-8, 8, 9), [1, 9, 5, -162, 115, 4761, 12167], 3.23.j_f_agg 
(-7, 8, 8), [1, 9, 21, -34, 483, 4761, 12167], 3.23.j_v_abi 
(-6, 6, 9), [1, 9, 33, 90, 759, 4761, 12167], 3.23.j_bh_dm 
(-6, 7, 8), [1, 9, 35, 78, 805, 4761, 12167], 3.23.j_bj_da 
(-5, 6, 8), [1, 9, 47, 174, 1081, 4761, 12167], 3.23.j_bv_gs 
(-4, 4, 9), [1, 9, 53, 270, 1219, 4761, 12167], 3.23.j_cb_kk 
(-4, 5, 8), [1, 9, 57, 254, 1311, 4761, 12167], 3.23.j_cf_ju 
(-4, 6, 7), [1, 9, 59, 246, 1357, 4761, 12167], 3.23.j_ch_jm 
(-3, 4, 8), [1, 9, 65, 318, 1495, 4761, 12167], 3.23.j_cn_mg 
(-2, 2, 9), [1, 9, 65, 378, 1495, 4761, 12167], 3.23.j_cn_oo 
(-3, 6, 6), [1, 9, 69, 306, 1587, 4761, 12167], 3.23.j_cr_lu 
(-2, 3, 8), [1, 9, 71, 366, 1633, 4761, 12167], 3.23.j_ct_oc 
(-2, 4, 7), [1, 9, 75, 358, 1725, 4761, 12167], 3.23.j_cx_nu 
(-1, 2, 8), [1, 9, 75, 398, 1725, 4761, 12167], 3.23.j_cx_pi 
(-2, 5, 6), [1, 9, 77, 354, 1771, 4761, 12167], 3.23.j_cz_nq 
(-1, 4, 6), [1, 9, 83, 390, 1909, 4761, 12167], 3.23.j_df_pa 
(1, 2, 6), [1, 9, 89, 426, 2047, 4761, 12167], 3.23.j_dl_qk 
(-8, 9, 9), [1, 10, 6, -188, 138, 5290, 12167], 3.23.k_g_ahg 
(-7, 8, 9), [1, 10, 22, -44, 506, 5290, 12167], 3.23.k_w_abs 
(-6, 7, 9), [1, 10, 36, 82, 828, 5290, 12167], 3.23.k_bk_de 
(-6, 8, 8), [1, 10, 37, 76, 851, 5290, 12167], 3.23.k_bl_cy 
(-5, 6, 9), [1, 10, 48, 190, 1104, 5290, 12167], 3.23.k_bw_hi 
(-5, 7, 8), [1, 10, 50, 180, 1150, 5290, 12167], 3.23.k_by_gy 
(-4, 5, 9), [1, 10, 58, 280, 1334, 5290, 12167], 3.23.k_cg_ku 
(-4, 6, 8), [1, 10, 61, 268, 1403, 5290, 12167], 3.23.k_cj_ki 
(-4, 7, 7), [1, 10, 62, 264, 1426, 5290, 12167], 3.23.k_ck_ke 
(-3, 4, 9), [1, 10, 66, 352, 1518, 5290, 12167], 3.23.k_co_no 
(-3, 5, 8), [1, 10, 70, 340, 1610, 5290, 12167], 3.23.k_cs_nc 
(-3, 6, 7), [1, 10, 72, 334, 1656, 5290, 12167], 3.23.k_cu_mw 
(-2, 3, 9), [1, 10, 72, 406, 1656, 5290, 12167], 3.23.k_cu_pq 
(-1, 2, 9), [1, 10, 76, 442, 1748, 5290, 12167], 3.23.k_cy_ra 
(-2, 4, 8), [1, 10, 77, 396, 1771, 5290, 12167], 3.23.k_cz_pg 
(-2, 5, 7), [1, 10, 80, 390, 1840, 5290, 12167], 3.23.k_dc_pa 
(-2, 6, 6), [1, 10, 81, 388, 1863, 5290, 12167], 3.23.k_dd_oy 
(-1, 3, 8), [1, 10, 82, 436, 1886, 5290, 12167], 3.23.k_de_qu 
(-1, 4, 7), [1, 10, 86, 432, 1978, 5290, 12167], 3.23.k_di_qq 
(1, 1, 8), [1, 10, 86, 468, 1978, 5290, 12167], 3.23.k_di_sa 
(-1, 5, 6), [1, 10, 88, 430, 2024, 5290, 12167], 3.23.k_dk_qo 
(1, 2, 7), [1, 10, 92, 474, 2116, 5290, 12167], 3.23.k_do_sg 
(1, 3, 6), [1, 10, 96, 478, 2208, 5290, 12167], 3.23.k_ds_sk 
(2, 2, 6), [1, 10, 97, 484, 2231, 5290, 12167], 3.23.k_dt_sq 
(1, 4, 5), [1, 10, 98, 480, 2254, 5290, 12167], 3.23.k_du_sm 
(2, 3, 5), [1, 10, 100, 490, 2300, 5290, 12167], 3.23.k_dw_sw 
(-6, 8, 9), [1, 11, 39, 74, 897, 5819, 12167], 3.23.l_bn_cw 
(-5, 8, 8), [1, 11, 53, 186, 1219, 5819, 12167], 3.23.l_cb_he 
(-4, 6, 9), [1, 11, 63, 290, 1449, 5819, 12167], 3.23.l_cl_le 
(-4, 7, 8), [1, 11, 65, 282, 1495, 5819, 12167], 3.23.l_cn_kw 
(-3, 6, 8), [1, 11, 75, 362, 1725, 5819, 12167], 3.23.l_cx_ny 
(-2, 4, 9), [1, 11, 79, 434, 1817, 5819, 12167], 3.23.l_db_qs 
(-2, 5, 8), [1, 11, 83, 426, 1909, 5819, 12167], 3.23.l_df_qk 
(-2, 6, 7), [1, 11, 85, 422, 1955, 5819, 12167], 3.23.l_dh_qg 
(-1, 4, 8), [1, 11, 89, 474, 2047, 5819, 12167], 3.23.l_dl_sg 
(-1, 6, 6), [1, 11, 93, 470, 2139, 5819, 12167], 3.23.l_dp_sc 
(1, 2, 8), [1, 11, 95, 522, 2185, 5819, 12167], 3.23.l_dr_uc 
(2, 2, 7), [1, 11, 101, 534, 2323, 5819, 12167], 3.23.l_dx_uo 
(1, 4, 6), [1, 11, 103, 530, 2369, 5819, 12167], 3.23.l_dz_uk 
(-6, 9, 9), [1, 12, 42, 66, 966, 6348, 12167], 3.23.m_bq_co 
(-5, 8, 9), [1, 12, 56, 192, 1288, 6348, 12167], 3.23.m_ce_hk 
(-4, 7, 9), [1, 12, 68, 300, 1564, 6348, 12167], 3.23.m_cq_lo 
(-4, 8, 8), [1, 12, 69, 296, 1587, 6348, 12167], 3.23.m_cr_lk 
(-3, 6, 9), [1, 12, 78, 390, 1794, 6348, 12167], 3.23.m_da_pa 
(-3, 7, 8), [1, 12, 80, 384, 1840, 6348, 12167], 3.23.m_dc_ou 
(-2, 5, 9), [1, 12, 86, 462, 1978, 6348, 12167], 3.23.m_di_ru 
(-2, 6, 8), [1, 12, 89, 456, 2047, 6348, 12167], 3.23.m_dl_ro 
(-2, 7, 7), [1, 12, 90, 454, 2070, 6348, 12167], 3.23.m_dm_rm 
(-1, 4, 9), [1, 12, 92, 516, 2116, 6348, 12167], 3.23.m_do_tw 
(-1, 5, 8), [1, 12, 96, 512, 2208, 6348, 12167], 3.23.m_ds_ts 
(-1, 6, 7), [1, 12, 98, 510, 2254, 6348, 12167], 3.23.m_du_tq 
(1, 2, 9), [1, 12, 98, 570, 2254, 6348, 12167], 3.23.m_du_vy 
(1, 3, 8), [1, 12, 104, 576, 2392, 6348, 12167], 3.23.m_ea_we 
(2, 2, 8), [1, 12, 105, 584, 2415, 6348, 12167], 3.23.m_eb_wm 
(1, 4, 7), [1, 12, 108, 580, 2484, 6348, 12167], 3.23.m_ee_wi 
(1, 5, 6), [1, 12, 110, 582, 2530, 6348, 12167], 3.23.m_eg_wk 
(2, 3, 7), [1, 12, 110, 594, 2530, 6348, 12167], 3.23.m_eg_ww 
(2, 4, 6), [1, 12, 113, 600, 2599, 6348, 12167], 3.23.m_ej_xc 
(2, 5, 5), [1, 12, 114, 602, 2622, 6348, 12167], 3.23.m_ek_xe 
(3, 3, 6), [1, 12, 114, 606, 2622, 6348, 12167], 3.23.m_ek_xi 
(4, 4, 4), [1, 12, 117, 616, 2691, 6348, 12167], 3.23.m_en_xs 
(-4, 8, 9), [1, 13, 73, 310, 1679, 6877, 12167], 3.23.n_cv_ly 
(-3, 8, 8), [1, 13, 85, 406, 1955, 6877, 12167], 3.23.n_dh_pq 
(-2, 6, 9), [1, 13, 93, 490, 2139, 6877, 12167], 3.23.n_dp_sw 
(-2, 7, 8), [1, 13, 95, 486, 2185, 6877, 12167], 3.23.n_dr_ss 
(-1, 6, 8), [1, 13, 103, 550, 2369, 6877, 12167], 3.23.n_dz_ve 
(2, 2, 9), [1, 13, 109, 634, 2507, 6877, 12167], 3.23.n_ef_yk 
(1, 4, 8), [1, 13, 113, 630, 2599, 6877, 12167], 3.23.n_ej_yg 
(2, 3, 8), [1, 13, 115, 646, 2645, 6877, 12167], 3.23.n_el_yw 
(1, 6, 6), [1, 13, 117, 634, 2691, 6877, 12167], 3.23.n_en_yk 
(2, 4, 7), [1, 13, 119, 654, 2737, 6877, 12167], 3.23.n_ep_ze 
(-4, 9, 9), [1, 14, 78, 320, 1794, 7406, 12167], 3.23.o_da_mi 
(-3, 8, 9), [1, 14, 90, 428, 2070, 7406, 12167], 3.23.o_dm_qm 
(-2, 7, 9), [1, 14, 100, 518, 2300, 7406, 12167], 3.23.o_dw_ty 
(-2, 8, 8), [1, 14, 101, 516, 2323, 7406, 12167], 3.23.o_dx_tw 
(-1, 6, 9), [1, 14, 108, 590, 2484, 7406, 12167], 3.23.o_ee_ws 
(-1, 7, 8), [1, 14, 110, 588, 2530, 7406, 12167], 3.23.o_eg_wq 
(1, 4, 9), [1, 14, 118, 680, 2714, 7406, 12167], 3.23.o_eo_bae 
(2, 3, 9), [1, 14, 120, 698, 2760, 7406, 12167], 3.23.o_eq_baw 
(1, 5, 8), [1, 14, 122, 684, 2806, 7406, 12167], 3.23.o_es_bai 
(1, 6, 7), [1, 14, 124, 686, 2852, 7406, 12167], 3.23.o_eu_bak 
(2, 4, 8), [1, 14, 125, 708, 2875, 7406, 12167], 3.23.o_ev_bbg 
(3, 3, 8), [1, 14, 126, 716, 2898, 7406, 12167], 3.23.o_ew_bbo 
(2, 5, 7), [1, 14, 128, 714, 2944, 7406, 12167], 3.23.o_ey_bbm 
(2, 6, 6), [1, 14, 129, 716, 2967, 7406, 12167], 3.23.o_ez_bbo 
(3, 4, 7), [1, 14, 130, 728, 2990, 7406, 12167], 3.23.o_fa_bca 
(-2, 8, 9), [1, 15, 107, 546, 2461, 7935, 12167], 3.23.p_ed_va 
(-1, 8, 8), [1, 15, 117, 626, 2691, 7935, 12167], 3.23.p_en_yc 
(1, 6, 8), [1, 15, 131, 738, 3013, 7935, 12167], 3.23.p_fb_bck 
(2, 4, 9), [1, 15, 131, 762, 3013, 7935, 12167], 3.23.p_fb_bdi 
(2, 5, 8), [1, 15, 135, 770, 3105, 7935, 12167], 3.23.p_ff_bdq 
(2, 6, 7), [1, 15, 137, 774, 3151, 7935, 12167], 3.23.p_fh_bdu 
(3, 4, 8), [1, 15, 137, 786, 3151, 7935, 12167], 3.23.p_fh_beg 
(-2, 9, 9), [1, 16, 114, 574, 2622, 8464, 12167], 3.23.q_ek_wc 
(-1, 8, 9), [1, 16, 124, 664, 2852, 8464, 12167], 3.23.q_eu_zo 
(1, 6, 9), [1, 16, 138, 790, 3174, 8464, 12167], 3.23.q_fi_bek 
(1, 7, 8), [1, 16, 140, 792, 3220, 8464, 12167], 3.23.q_fk_bem 
(2, 5, 9), [1, 16, 142, 826, 3266, 8464, 12167], 3.23.q_fm_bfu 
(3, 4, 9), [1, 16, 144, 844, 3312, 8464, 12167], 3.23.q_fo_bgm 
(2, 6, 8), [1, 16, 145, 832, 3335, 8464, 12167], 3.23.q_fp_bga 
(2, 7, 7), [1, 16, 146, 834, 3358, 8464, 12167], 3.23.q_fq_bgc 
(3, 5, 8), [1, 16, 148, 856, 3404, 8464, 12167], 3.23.q_fs_bgy 
(4, 4, 8), [1, 16, 149, 864, 3427, 8464, 12167], 3.23.q_ft_bhg 
(3, 6, 7), [1, 16, 150, 862, 3450, 8464, 12167], 3.23.q_fu_bhe 
(4, 5, 7), [1, 16, 152, 876, 3496, 8464, 12167], 3.23.q_fw_bhs 
(4, 6, 6), [1, 16, 153, 880, 3519, 8464, 12167], 3.23.q_fx_bhw 
(1, 8, 8), [1, 17, 149, 846, 3427, 8993, 12167], 3.23.r_ft_bgo 
(2, 6, 9), [1, 17, 153, 890, 3519, 8993, 12167], 3.23.r_fx_big 
(2, 7, 8), [1, 17, 155, 894, 3565, 8993, 12167], 3.23.r_fz_bik 
(4, 4, 9), [1, 17, 157, 926, 3611, 8993, 12167], 3.23.r_gb_bjq 
(3, 6, 8), [1, 17, 159, 926, 3657, 8993, 12167], 3.23.r_gd_bjq 
(1, 8, 9), [1, 18, 158, 900, 3634, 9522, 12167], 3.23.s_gc_biq 
(2, 7, 9), [1, 18, 164, 954, 3772, 9522, 12167], 3.23.s_gi_bks 
(2, 8, 8), [1, 18, 165, 956, 3795, 9522, 12167], 3.23.s_gj_bku 
(3, 6, 9), [1, 18, 168, 990, 3864, 9522, 12167], 3.23.s_gm_bmc 
(3, 7, 8), [1, 18, 170, 996, 3910, 9522, 12167], 3.23.s_go_bmi 
(4, 5, 9), [1, 18, 170, 1008, 3910, 9522, 12167], 3.23.s_go_bmu 
(4, 6, 8), [1, 18, 173, 1020, 3979, 9522, 12167], 3.23.s_gr_bng 
(4, 7, 7), [1, 18, 174, 1024, 4002, 9522, 12167], 3.23.s_gs_bnk 
(5, 5, 8), [1, 18, 174, 1028, 4002, 9522, 12167], 3.23.s_gs_bno 
(6, 6, 6), [1, 18, 177, 1044, 4071, 9522, 12167], 3.23.s_gv_boe 
(2, 8, 9), [1, 19, 175, 1018, 4025, 10051, 12167], 3.23.t_gt_bne 
(3, 8, 8), [1, 19, 181, 1066, 4163, 10051, 12167], 3.23.t_gz_bpa 
(4, 6, 9), [1, 19, 183, 1090, 4209, 10051, 12167], 3.23.t_hb_bpy 
(2, 9, 9), [1, 20, 186, 1082, 4278, 10580, 12167], 3.23.u_he_bpq 
(3, 8, 9), [1, 20, 192, 1136, 4416, 10580, 12167], 3.23.u_hk_brs 
(4, 7, 9), [1, 20, 196, 1172, 4508, 10580, 12167], 3.23.u_ho_btc 
(4, 8, 8), [1, 20, 197, 1176, 4531, 10580, 12167], 3.23.u_hp_btg 
(5, 6, 9), [1, 20, 198, 1190, 4554, 10580, 12167], 3.23.u_hq_btu 
(5, 7, 8), [1, 20, 200, 1200, 4600, 10580, 12167], 3.23.u_hs_bue 
(6, 6, 8), [1, 20, 201, 1208, 4623, 10580, 12167], 3.23.u_ht_bum 
(4, 9, 9), [1, 22, 222, 1336, 5106, 11638, 12167], 3.23.w_io_bzk 
(8, 8, 8), [1, 24, 261, 1616, 6003, 12696, 12167], 3.23.y_kb_cke 
