(-9, -9, -9), [1, -27, 312, -1971, 7176, -14283, 12167], 3.23.abb_ma_acxv 
(-9, -9, -8), [1, -26, 294, -1844, 6762, -13754, 12167], 3.23.aba_li_acsy 
(-9, -9, -7), [1, -25, 276, -1717, 6348, -13225, 12167], 3.23.az_kq_acob 
(-9, -8, -8), [1, -25, 277, -1726, 6371, -13225, 12167], 3.23.az_kr_acok 
(-9, -9, -6), [1, -24, 258, -1590, 5934, -12696, 12167], 3.23.ay_jy_acje 
(-9, -8, -7), [1, -24, 260, -1608, 5980, -12696, 12167], 3.23.ay_ka_acjw 
(-9, -9, -5), [1, -23, 240, -1463, 5520, -12167, 12167], 3.23.ax_jg_aceh 
(-9, -8, -6), [1, -23, 243, -1490, 5589, -12167, 12167], 3.23.ax_jj_acfi 
(-9, -7, -7), [1, -23, 244, -1499, 5612, -12167, 12167], 3.23.ax_jk_acfr 
(-8, -8, -7), [1, -23, 245, -1506, 5635, -12167, 12167], 3.23.ax_jl_acfy 
(-9, -8, -5), [1, -22, 226, -1372, 5198, -11638, 12167], 3.23.aw_is_acau 
(-9, -7, -6), [1, -22, 228, -1390, 5244, -11638, 12167], 3.23.aw_iu_acbm 
(-8, -8, -6), [1, -22, 229, -1396, 5267, -11638, 12167], 3.23.aw_iv_acbs 
(-8, -7, -7), [1, -22, 230, -1404, 5290, -11638, 12167], 3.23.aw_iw_acca 
(-9, -9, -3), [1, -21, 204, -1209, 4692, -11109, 12167], 3.23.av_hw_abun 
(-9, -8, -4), [1, -21, 209, -1254, 4807, -11109, 12167], 3.23.av_ib_abwg 
(-9, -7, -5), [1, -21, 212, -1281, 4876, -11109, 12167], 3.23.av_ie_abxh 
(-9, -6, -6), [1, -21, 213, -1290, 4899, -11109, 12167], 3.23.av_if_abxq 
(-8, -8, -5), [1, -21, 213, -1286, 4899, -11109, 12167], 3.23.av_if_abxm 
(-8, -7, -6), [1, -21, 215, -1302, 4945, -11109, 12167], 3.23.av_ih_abyc 
(-7, -7, -7), [1, -21, 216, -1309, 4968, -11109, 12167], 3.23.av_ii_abyj 
(-7, -7, -6), [1, -20, 202, -1214, 4646, -10580, 12167], 3.23.au_hu_abus 
(-9, -9, -1), [1, -19, 168, -955, 3864, -10051, 12167], 3.23.at_gm_abkt 
(-9, -7, -3), [1, -19, 180, -1063, 4140, -10051, 12167], 3.23.at_gy_abox 
(-9, -5, -5), [1, -19, 184, -1099, 4232, -10051, 12167], 3.23.at_hc_abqh 
(-8, -7, -4), [1, -19, 185, -1098, 4255, -10051, 12167], 3.23.at_hd_abqg 
(-8, -6, -5), [1, -19, 187, -1114, 4301, -10051, 12167], 3.23.at_hf_abqw 
(-7, -7, -5), [1, -19, 188, -1119, 4324, -10051, 12167], 3.23.at_hg_abrb 
(-7, -6, -6), [1, -19, 189, -1126, 4347, -10051, 12167], 3.23.at_hh_abri 
(-7, -6, -5), [1, -18, 176, -1038, 4048, -9522, 12167], 3.23.as_gu_abny 
(-9, -9, 1), [1, -17, 132, -701, 3036, -8993, 12167], 3.23.ar_fc_abaz 
(-9, -7, -1), [1, -17, 148, -845, 3404, -8993, 12167], 3.23.ar_fs_abgn 
(-9, -5, -3), [1, -17, 156, -917, 3588, -8993, 12167], 3.23.ar_ga_abjh 
(-7, -7, -3), [1, -17, 160, -929, 3680, -8993, 12167], 3.23.ar_ge_abjt 
(-8, -5, -4), [1, -17, 161, -942, 3703, -8993, 12167], 3.23.ar_gf_abkg 
(-7, -6, -4), [1, -17, 163, -950, 3749, -8993, 12167], 3.23.ar_gh_abko 
(-7, -5, -5), [1, -17, 164, -957, 3772, -8993, 12167], 3.23.ar_gi_abkv 
(-6, -6, -5), [1, -17, 165, -962, 3795, -8993, 12167], 3.23.ar_gj_abla 
(-6, -5, -5), [1, -16, 154, -886, 3542, -8464, 12167], 3.23.aq_fy_abic 
(-9, -9, 3), [1, -15, 96, -447, 2208, -7935, 12167], 3.23.ap_ds_arf 
(-9, -7, 1), [1, -15, 116, -627, 2668, -7935, 12167], 3.23.ap_em_ayd 
(-9, -5, -1), [1, -15, 128, -735, 2944, -7935, 12167], 3.23.ap_ey_abch 
(-9, -3, -3), [1, -15, 132, -771, 3036, -7935, 12167], 3.23.ap_fc_abdr 
(-7, -7, -1), [1, -15, 132, -739, 3036, -7935, 12167], 3.23.ap_fc_abcl 
(-7, -5, -3), [1, -15, 140, -795, 3220, -7935, 12167], 3.23.ap_fk_abep 
(-7, -4, -4), [1, -15, 141, -802, 3243, -7935, 12167], 3.23.ap_fl_abew 
(-6, -6, -3), [1, -15, 141, -798, 3243, -7935, 12167], 3.23.ap_fl_abes 
(-6, -5, -4), [1, -15, 143, -810, 3289, -7935, 12167], 3.23.ap_fn_abfe 
(-5, -5, -5), [1, -15, 144, -815, 3312, -7935, 12167], 3.23.ap_fo_abfj 
(-6, -5, -3), [1, -14, 132, -734, 3036, -7406, 12167], 3.23.ao_fc_abcg 
(-6, -4, -4), [1, -14, 133, -740, 3059, -7406, 12167], 3.23.ao_fd_abcm 
(-5, -5, -4), [1, -14, 134, -744, 3082, -7406, 12167], 3.23.ao_fe_abcq 
(-9, -9, 5), [1, -13, 60, -193, 1380, -6877, 12167], 3.23.an_ci_ahl 
(-9, -7, 3), [1, -13, 84, -409, 1932, -6877, 12167], 3.23.an_dg_apt 
(-9, -5, 1), [1, -13, 100, -553, 2300, -6877, 12167], 3.23.an_dw_avh 
(-7, -7, 1), [1, -13, 104, -549, 2392, -6877, 12167], 3.23.an_ea_avd 
(-9, -3, -1), [1, -13, 108, -625, 2484, -6877, 12167], 3.23.an_ee_ayb 
(-7, -5, -1), [1, -13, 116, -633, 2668, -6877, 12167], 3.23.an_em_ayj 
(-7, -3, -3), [1, -13, 120, -661, 2760, -6877, 12167], 3.23.an_eq_azl 
(-6, -5, -2), [1, -13, 121, -658, 2783, -6877, 12167], 3.23.an_er_azi 
(-6, -4, -3), [1, -13, 123, -670, 2829, -6877, 12167], 3.23.an_et_azu 
(-5, -5, -3), [1, -13, 124, -673, 2852, -6877, 12167], 3.23.an_eu_azx 
(-5, -4, -4), [1, -13, 125, -678, 2875, -6877, 12167], 3.23.an_ev_abac 
(-5, -4, -3), [1, -12, 116, -612, 2668, -6348, 12167], 3.23.am_em_axo 
(-9, -9, 7), [1, -11, 24, 61, 552, -5819, 12167], 3.23.al_y_cj 
(-9, -7, 5), [1, -11, 52, -191, 1196, -5819, 12167], 3.23.al_ca_ahj 
(-9, -5, 3), [1, -11, 72, -371, 1656, -5819, 12167], 3.23.al_cu_aoh 
(-7, -7, 3), [1, -11, 76, -359, 1748, -5819, 12167], 3.23.al_cy_anv 
(-9, -3, 1), [1, -11, 84, -479, 1932, -5819, 12167], 3.23.al_dg_asl 
(-9, -1, -1), [1, -11, 88, -515, 2024, -5819, 12167], 3.23.al_dk_atv 
(-7, -5, 1), [1, -11, 92, -471, 2116, -5819, 12167], 3.23.al_do_asd 
(-7, -3, -1), [1, -11, 100, -527, 2300, -5819, 12167], 3.23.al_dw_auh 
(-5, -5, -1), [1, -11, 104, -531, 2392, -5819, 12167], 3.23.al_ea_aul 
(-6, -3, -2), [1, -11, 105, -542, 2415, -5819, 12167], 3.23.al_eb_auw 
(-5, -4, -2), [1, -11, 107, -546, 2461, -5819, 12167], 3.23.al_ed_ava 
(-5, -3, -3), [1, -11, 108, -551, 2484, -5819, 12167], 3.23.al_ee_avf 
(-4, -4, -3), [1, -11, 109, -554, 2507, -5819, 12167], 3.23.al_ef_avi 
(-4, -4, -2), [1, -10, 101, -492, 2323, -5290, 12167], 3.23.ak_dx_asy 
(-4, -3, -3), [1, -10, 102, -496, 2346, -5290, 12167], 3.23.ak_dy_atc 
(-9, -9, 9), [1, -9, -12, 315, -276, -4761, 12167], 3.23.aj_am_md 
(-9, -7, 7), [1, -9, 20, 27, 460, -4761, 12167], 3.23.aj_u_bb 
(-9, -5, 5), [1, -9, 44, -189, 1012, -4761, 12167], 3.23.aj_bs_ahh 
(-7, -7, 5), [1, -9, 48, -169, 1104, -4761, 12167], 3.23.aj_bw_agn 
(-9, -3, 3), [1, -9, 60, -333, 1380, -4761, 12167], 3.23.aj_ci_amv 
(-9, -1, 1), [1, -9, 68, -405, 1564, -4761, 12167], 3.23.aj_cq_app 
(-7, -5, 3), [1, -9, 68, -309, 1564, -4761, 12167], 3.23.aj_cq_alx 
(-7, -3, 1), [1, -9, 80, -393, 1840, -4761, 12167], 3.23.aj_dc_apd 
(-7, -1, -1), [1, -9, 84, -421, 1932, -4761, 12167], 3.23.aj_dg_aqf 
(-5, -5, 1), [1, -9, 84, -389, 1932, -4761, 12167], 3.23.aj_dg_aoz 
(-5, -3, -1), [1, -9, 92, -429, 2116, -4761, 12167], 3.23.aj_do_aqn 
(-5, -2, -2), [1, -9, 93, -434, 2139, -4761, 12167], 3.23.aj_dp_aqs 
(-4, -4, -1), [1, -9, 93, -430, 2139, -4761, 12167], 3.23.aj_dp_aqo 
(-4, -3, -2), [1, -9, 95, -438, 2185, -4761, 12167], 3.23.aj_dr_aqw 
(-3, -3, -3), [1, -9, 96, -441, 2208, -4761, 12167], 3.23.aj_ds_aqz 
(-3, -3, -2), [1, -8, 90, -386, 2070, -4232, 12167], 3.23.ai_dm_aow 
(-9, -7, 9), [1, -7, -12, 245, -276, -3703, 12167], 3.23.ah_am_jl 
(-9, -5, 7), [1, -7, 16, -7, 368, -3703, 12167], 3.23.ah_q_ah 
(-7, -7, 7), [1, -7, 20, 21, 460, -3703, 12167], 3.23.ah_u_v 
(-9, -3, 5), [1, -7, 36, -187, 828, -3703, 12167], 3.23.ah_bk_ahf 
(-7, -5, 5), [1, -7, 44, -147, 1012, -3703, 12167], 3.23.ah_bs_afr 
(-9, -1, 3), [1, -7, 48, -295, 1104, -3703, 12167], 3.23.ah_bw_alj 
(-9, 1, 1), [1, -7, 52, -331, 1196, -3703, 12167], 3.23.ah_ca_amt 
(-7, -3, 3), [1, -7, 60, -259, 1380, -3703, 12167], 3.23.ah_ci_ajz 
(-5, -5, 3), [1, -7, 64, -247, 1472, -3703, 12167], 3.23.ah_cm_ajn 
(-7, -1, 1), [1, -7, 68, -315, 1564, -3703, 12167], 3.23.ah_cq_amd 
(-5, -3, 1), [1, -7, 76, -307, 1748, -3703, 12167], 3.23.ah_cy_alv 
(-5, -1, -1), [1, -7, 80, -327, 1840, -3703, 12167], 3.23.ah_dc_amp 
(-4, -2, -1), [1, -7, 83, -330, 1909, -3703, 12167], 3.23.ah_df_ams 
(-3, -3, -1), [1, -7, 84, -331, 1932, -3703, 12167], 3.23.ah_dg_amt 
(-3, -2, -2), [1, -7, 85, -334, 1955, -3703, 12167], 3.23.ah_dh_amw 
(-3, -2, -1), [1, -6, 80, -282, 1840, -3174, 12167], 3.23.ag_dc_akw 
(-9, -5, 9), [1, -5, -12, 175, -276, -2645, 12167], 3.23.af_am_gt 
(-7, -7, 9), [1, -5, -8, 211, -184, -2645, 12167], 3.23.af_ai_id 
(-9, -3, 7), [1, -5, 12, -41, 276, -2645, 12167], 3.23.af_m_abp 
(-7, -5, 7), [1, -5, 20, 15, 460, -2645, 12167], 3.23.af_u_p 
(-9, -1, 5), [1, -5, 28, -185, 644, -2645, 12167], 3.23.af_bc_ahd 
(-9, 1, 3), [1, -5, 36, -257, 828, -2645, 12167], 3.23.af_bk_ajx 
(-7, -3, 5), [1, -5, 40, -125, 920, -2645, 12167], 3.23.af_bo_aev 
(-5, -5, 5), [1, -5, 44, -105, 1012, -2645, 12167], 3.23.af_bs_aeb 
(-7, -1, 3), [1, -5, 52, -209, 1196, -2645, 12167], 3.23.af_ca_aib 
(-7, 1, 1), [1, -5, 56, -237, 1288, -2645, 12167], 3.23.af_ce_ajd 
(-5, -3, 3), [1, -5, 60, -185, 1380, -2645, 12167], 3.23.af_ci_ahd 
(-5, -1, 1), [1, -5, 68, -225, 1564, -2645, 12167], 3.23.af_cq_air 
(-3, -3, 1), [1, -5, 72, -221, 1656, -2645, 12167], 3.23.af_cu_ain 
(-3, -1, -1), [1, -5, 76, -233, 1748, -2645, 12167], 3.23.af_cy_aiz 
(-2, -2, -1), [1, -5, 77, -234, 1771, -2645, 12167], 3.23.af_cz_aja 
(-2, -1, -1), [1, -4, 74, -186, 1702, -2116, 12167], 3.23.ae_cw_ahe 
(-9, -3, 9), [1, -3, -12, 105, -276, -1587, 12167], 3.23.ad_am_eb 
(-7, -5, 9), [1, -3, -4, 177, -92, -1587, 12167], 3.23.ad_ae_gv 
(-9, -1, 7), [1, -3, 8, -75, 184, -1587, 12167], 3.23.ad_i_acx 
(-9, 1, 5), [1, -3, 20, -183, 460, -1587, 12167], 3.23.ad_u_ahb 
(-7, -3, 7), [1, -3, 20, 9, 460, -1587, 12167], 3.23.ad_u_j 
(-9, 3, 3), [1, -3, 24, -219, 552, -1587, 12167], 3.23.ad_y_ail 
(-5, -5, 7), [1, -3, 24, 37, 552, -1587, 12167], 3.23.ad_y_bl 
(-7, -1, 5), [1, -3, 36, -103, 828, -1587, 12167], 3.23.ad_bk_adz 
(-7, 1, 3), [1, -3, 44, -159, 1012, -1587, 12167], 3.23.ad_bs_agd 
(-5, -3, 5), [1, -3, 44, -63, 1012, -1587, 12167], 3.23.ad_bs_acl 
(-5, -1, 3), [1, -3, 56, -123, 1288, -1587, 12167], 3.23.ad_ce_aet 
(-5, 1, 1), [1, -3, 60, -143, 1380, -1587, 12167], 3.23.ad_ci_afn 
(-3, -3, 3), [1, -3, 60, -111, 1380, -1587, 12167], 3.23.ad_ci_aeh 
(-3, -1, 1), [1, -3, 68, -135, 1564, -1587, 12167], 3.23.ad_cq_aff 
(-2, -2, 1), [1, -3, 69, -134, 1587, -1587, 12167], 3.23.ad_cr_afe 
(-1, -1, -1), [1, -3, 72, -139, 1656, -1587, 12167], 3.23.ad_cu_afj 
(-9, -1, 9), [1, -1, -12, 35, -276, -529, 12167], 3.23.ab_am_bj 
(-7, -3, 9), [1, -1, 0, 143, 0, -529, 12167], 3.23.ab_a_fn 
(-9, 1, 7), [1, -1, 4, -109, 92, -529, 12167], 3.23.ab_e_aef 
(-5, -5, 9), [1, -1, 4, 179, 92, -529, 12167], 3.23.ab_e_gx 
(-9, 3, 5), [1, -1, 12, -181, 276, -529, 12167], 3.23.ab_m_agz 
(-7, -1, 7), [1, -1, 20, 3, 460, -529, 12167], 3.23.ab_u_d 
(-5, -3, 7), [1, -1, 28, 59, 644, -529, 12167], 3.23.ab_bc_ch 
(-7, 1, 5), [1, -1, 32, -81, 736, -529, 12167], 3.23.ab_bg_add 
(-7, 3, 3), [1, -1, 36, -109, 828, -529, 12167], 3.23.ab_bk_aef 
(-5, -1, 5), [1, -1, 44, -21, 1012, -529, 12167], 3.23.ab_bs_av 
(-3, -3, 5), [1, -1, 48, -1, 1104, -529, 12167], 3.23.ab_bw_ab 
(-5, 1, 3), [1, -1, 52, -61, 1196, -529, 12167], 3.23.ab_ca_acj 
(-3, -1, 3), [1, -1, 60, -37, 1380, -529, 12167], 3.23.ab_ci_abl 
(-3, 1, 1), [1, -1, 64, -49, 1472, -529, 12167], 3.23.ab_cm_abx 
(-2, -1, 2), [1, -1, 65, -42, 1495, -529, 12167], 3.23.ab_cn_abq 
(-1, -1, 1), [1, -1, 68, -45, 1564, -529, 12167], 3.23.ab_cq_abt 
(-9, 1, 9), [1, 1, -12, -35, -276, 529, 12167], 3.23.b_am_abj 
(-9, 3, 7), [1, 1, 0, -143, 0, 529, 12167], 3.23.b_a_afn 
(-9, 5, 5), [1, 1, 4, -179, 92, 529, 12167], 3.23.b_e_agx 
(-7, -1, 9), [1, 1, 4, 109, 92, 529, 12167], 3.23.b_e_ef 
(-5, -3, 9), [1, 1, 12, 181, 276, 529, 12167], 3.23.b_m_gz 
(-7, 1, 7), [1, 1, 20, -3, 460, 529, 12167], 3.23.b_u_ad 
(-7, 3, 5), [1, 1, 28, -59, 644, 529, 12167], 3.23.b_bc_ach 
(-5, -1, 7), [1, 1, 32, 81, 736, 529, 12167], 3.23.b_bg_dd 
(-3, -3, 7), [1, 1, 36, 109, 828, 529, 12167], 3.23.b_bk_ef 
(-5, 1, 5), [1, 1, 44, 21, 1012, 529, 12167], 3.23.b_bs_v 
(-5, 3, 3), [1, 1, 48, 1, 1104, 529, 12167], 3.23.b_bw_b 
(-3, -1, 5), [1, 1, 52, 61, 1196, 529, 12167], 3.23.b_ca_cj 
(-3, 1, 3), [1, 1, 60, 37, 1380, 529, 12167], 3.23.b_ci_bl 
(-1, -1, 3), [1, 1, 64, 49, 1472, 529, 12167], 3.23.b_cm_bx 
(-2, 1, 2), [1, 1, 65, 42, 1495, 529, 12167], 3.23.b_cn_bq 
(-1, 1, 1), [1, 1, 68, 45, 1564, 529, 12167], 3.23.b_cq_bt 
(-9, 3, 9), [1, 3, -12, -105, -276, 1587, 12167], 3.23.d_am_aeb 
(-9, 5, 7), [1, 3, -4, -177, -92, 1587, 12167], 3.23.d_ae_agv 
(-7, 1, 9), [1, 3, 8, 75, 184, 1587, 12167], 3.23.d_i_cx 
(-7, 3, 7), [1, 3, 20, -9, 460, 1587, 12167], 3.23.d_u_aj 
(-5, -1, 9), [1, 3, 20, 183, 460, 1587, 12167], 3.23.d_u_hb 
(-7, 5, 5), [1, 3, 24, -37, 552, 1587, 12167], 3.23.d_y_abl 
(-3, -3, 9), [1, 3, 24, 219, 552, 1587, 12167], 3.23.d_y_il 
(-5, 1, 7), [1, 3, 36, 103, 828, 1587, 12167], 3.23.d_bk_dz 
(-5, 3, 5), [1, 3, 44, 63, 1012, 1587, 12167], 3.23.d_bs_cl 
(-3, -1, 7), [1, 3, 44, 159, 1012, 1587, 12167], 3.23.d_bs_gd 
(-3, 1, 5), [1, 3, 56, 123, 1288, 1587, 12167], 3.23.d_ce_et 
(-3, 3, 3), [1, 3, 60, 111, 1380, 1587, 12167], 3.23.d_ci_eh 
(-1, -1, 5), [1, 3, 60, 143, 1380, 1587, 12167], 3.23.d_ci_fn 
(-1, 1, 3), [1, 3, 68, 135, 1564, 1587, 12167], 3.23.d_cq_ff 
(-1, 2, 2), [1, 3, 69, 134, 1587, 1587, 12167], 3.23.d_cr_fe 
(1, 1, 1), [1, 3, 72, 139, 1656, 1587, 12167], 3.23.d_cu_fj 
(1, 1, 2), [1, 4, 74, 186, 1702, 2116, 12167], 3.23.e_cw_he 
(-9, 5, 9), [1, 5, -12, -175, -276, 2645, 12167], 3.23.f_am_agt 
(-9, 7, 7), [1, 5, -8, -211, -184, 2645, 12167], 3.23.f_ai_aid 
(-7, 3, 9), [1, 5, 12, 41, 276, 2645, 12167], 3.23.f_m_bp 
(-7, 5, 7), [1, 5, 20, -15, 460, 2645, 12167], 3.23.f_u_ap 
(-5, 1, 9), [1, 5, 28, 185, 644, 2645, 12167], 3.23.f_bc_hd 
(-3, -1, 9), [1, 5, 36, 257, 828, 2645, 12167], 3.23.f_bk_jx 
(-5, 3, 7), [1, 5, 40, 125, 920, 2645, 12167], 3.23.f_bo_ev 
(-5, 5, 5), [1, 5, 44, 105, 1012, 2645, 12167], 3.23.f_bs_eb 
(-3, 1, 7), [1, 5, 52, 209, 1196, 2645, 12167], 3.23.f_ca_ib 
(-1, -1, 7), [1, 5, 56, 237, 1288, 2645, 12167], 3.23.f_ce_jd 
(-3, 3, 5), [1, 5, 60, 185, 1380, 2645, 12167], 3.23.f_ci_hd 
(-1, 1, 5), [1, 5, 68, 225, 1564, 2645, 12167], 3.23.f_cq_ir 
(-1, 3, 3), [1, 5, 72, 221, 1656, 2645, 12167], 3.23.f_cu_in 
(1, 1, 3), [1, 5, 76, 233, 1748, 2645, 12167], 3.23.f_cy_iz 
(1, 2, 2), [1, 5, 77, 234, 1771, 2645, 12167], 3.23.f_cz_ja 
(1, 2, 3), [1, 6, 80, 282, 1840, 3174, 12167], 3.23.g_dc_kw 
(-9, 7, 9), [1, 7, -12, -245, -276, 3703, 12167], 3.23.h_am_ajl 
(-7, 5, 9), [1, 7, 16, 7, 368, 3703, 12167], 3.23.h_q_h 
(-7, 7, 7), [1, 7, 20, -21, 460, 3703, 12167], 3.23.h_u_av 
(-5, 3, 9), [1, 7, 36, 187, 828, 3703, 12167], 3.23.h_bk_hf 
(-5, 5, 7), [1, 7, 44, 147, 1012, 3703, 12167], 3.23.h_bs_fr 
(-3, 1, 9), [1, 7, 48, 295, 1104, 3703, 12167], 3.23.h_bw_lj 
(-1, -1, 9), [1, 7, 52, 331, 1196, 3703, 12167], 3.23.h_ca_mt 
(-3, 3, 7), [1, 7, 60, 259, 1380, 3703, 12167], 3.23.h_ci_jz 
(-3, 5, 5), [1, 7, 64, 247, 1472, 3703, 12167], 3.23.h_cm_jn 
(-1, 1, 7), [1, 7, 68, 315, 1564, 3703, 12167], 3.23.h_cq_md 
(-1, 3, 5), [1, 7, 76, 307, 1748, 3703, 12167], 3.23.h_cy_lv 
(1, 1, 5), [1, 7, 80, 327, 1840, 3703, 12167], 3.23.h_dc_mp 
(1, 2, 4), [1, 7, 83, 330, 1909, 3703, 12167], 3.23.h_df_ms 
(1, 3, 3), [1, 7, 84, 331, 1932, 3703, 12167], 3.23.h_dg_mt 
(2, 2, 3), [1, 7, 85, 334, 1955, 3703, 12167], 3.23.h_dh_mw 
(2, 3, 3), [1, 8, 90, 386, 2070, 4232, 12167], 3.23.i_dm_ow 
(-9, 9, 9), [1, 9, -12, -315, -276, 4761, 12167], 3.23.j_am_amd 
(-7, 7, 9), [1, 9, 20, -27, 460, 4761, 12167], 3.23.j_u_abb 
(-5, 5, 9), [1, 9, 44, 189, 1012, 4761, 12167], 3.23.j_bs_hh 
(-5, 7, 7), [1, 9, 48, 169, 1104, 4761, 12167], 3.23.j_bw_gn 
(-3, 3, 9), [1, 9, 60, 333, 1380, 4761, 12167], 3.23.j_ci_mv 
(-3, 5, 7), [1, 9, 68, 309, 1564, 4761, 12167], 3.23.j_cq_lx 
(-1, 1, 9), [1, 9, 68, 405, 1564, 4761, 12167], 3.23.j_cq_pp 
(-1, 3, 7), [1, 9, 80, 393, 1840, 4761, 12167], 3.23.j_dc_pd 
(-1, 5, 5), [1, 9, 84, 389, 1932, 4761, 12167], 3.23.j_dg_oz 
(1, 1, 7), [1, 9, 84, 421, 1932, 4761, 12167], 3.23.j_dg_qf 
(1, 3, 5), [1, 9, 92, 429, 2116, 4761, 12167], 3.23.j_do_qn 
(1, 4, 4), [1, 9, 93, 430, 2139, 4761, 12167], 3.23.j_dp_qo 
(2, 2, 5), [1, 9, 93, 434, 2139, 4761, 12167], 3.23.j_dp_qs 
(2, 3, 4), [1, 9, 95, 438, 2185, 4761, 12167], 3.23.j_dr_qw 
(3, 3, 3), [1, 9, 96, 441, 2208, 4761, 12167], 3.23.j_ds_qz 
(2, 4, 4), [1, 10, 101, 492, 2323, 5290, 12167], 3.23.k_dx_sy 
(3, 3, 4), [1, 10, 102, 496, 2346, 5290, 12167], 3.23.k_dy_tc 
(-7, 9, 9), [1, 11, 24, -61, 552, 5819, 12167], 3.23.l_y_acj 
(-5, 7, 9), [1, 11, 52, 191, 1196, 5819, 12167], 3.23.l_ca_hj 
(-3, 5, 9), [1, 11, 72, 371, 1656, 5819, 12167], 3.23.l_cu_oh 
(-3, 7, 7), [1, 11, 76, 359, 1748, 5819, 12167], 3.23.l_cy_nv 
(-1, 3, 9), [1, 11, 84, 479, 1932, 5819, 12167], 3.23.l_dg_sl 
(1, 1, 9), [1, 11, 88, 515, 2024, 5819, 12167], 3.23.l_dk_tv 
(-1, 5, 7), [1, 11, 92, 471, 2116, 5819, 12167], 3.23.l_do_sd 
(1, 3, 7), [1, 11, 100, 527, 2300, 5819, 12167], 3.23.l_dw_uh 
(1, 5, 5), [1, 11, 104, 531, 2392, 5819, 12167], 3.23.l_ea_ul 
(2, 3, 6), [1, 11, 105, 542, 2415, 5819, 12167], 3.23.l_eb_uw 
(2, 4, 5), [1, 11, 107, 546, 2461, 5819, 12167], 3.23.l_ed_va 
(3, 3, 5), [1, 11, 108, 551, 2484, 5819, 12167], 3.23.l_ee_vf 
(3, 4, 4), [1, 11, 109, 554, 2507, 5819, 12167], 3.23.l_ef_vi 
(3, 4, 5), [1, 12, 116, 612, 2668, 6348, 12167], 3.23.m_em_xo 
(-5, 9, 9), [1, 13, 60, 193, 1380, 6877, 12167], 3.23.n_ci_hl 
(-3, 7, 9), [1, 13, 84, 409, 1932, 6877, 12167], 3.23.n_dg_pt 
(-1, 5, 9), [1, 13, 100, 553, 2300, 6877, 12167], 3.23.n_dw_vh 
(-1, 7, 7), [1, 13, 104, 549, 2392, 6877, 12167], 3.23.n_ea_vd 
(1, 3, 9), [1, 13, 108, 625, 2484, 6877, 12167], 3.23.n_ee_yb 
(1, 5, 7), [1, 13, 116, 633, 2668, 6877, 12167], 3.23.n_em_yj 
(3, 3, 7), [1, 13, 120, 661, 2760, 6877, 12167], 3.23.n_eq_zl 
(2, 5, 6), [1, 13, 121, 658, 2783, 6877, 12167], 3.23.n_er_zi 
(3, 4, 6), [1, 13, 123, 670, 2829, 6877, 12167], 3.23.n_et_zu 
(3, 5, 5), [1, 13, 124, 673, 2852, 6877, 12167], 3.23.n_eu_zx 
(4, 4, 5), [1, 13, 125, 678, 2875, 6877, 12167], 3.23.n_ev_bac 
(3, 5, 6), [1, 14, 132, 734, 3036, 7406, 12167], 3.23.o_fc_bcg 
(4, 4, 6), [1, 14, 133, 740, 3059, 7406, 12167], 3.23.o_fd_bcm 
(4, 5, 5), [1, 14, 134, 744, 3082, 7406, 12167], 3.23.o_fe_bcq 
(-3, 9, 9), [1, 15, 96, 447, 2208, 7935, 12167], 3.23.p_ds_rf 
(-1, 7, 9), [1, 15, 116, 627, 2668, 7935, 12167], 3.23.p_em_yd 
(1, 5, 9), [1, 15, 128, 735, 2944, 7935, 12167], 3.23.p_ey_bch 
(1, 7, 7), [1, 15, 132, 739, 3036, 7935, 12167], 3.23.p_fc_bcl 
(3, 3, 9), [1, 15, 132, 771, 3036, 7935, 12167], 3.23.p_fc_bdr 
(3, 5, 7), [1, 15, 140, 795, 3220, 7935, 12167], 3.23.p_fk_bep 
(3, 6, 6), [1, 15, 141, 798, 3243, 7935, 12167], 3.23.p_fl_bes 
(4, 4, 7), [1, 15, 141, 802, 3243, 7935, 12167], 3.23.p_fl_bew 
(4, 5, 6), [1, 15, 143, 810, 3289, 7935, 12167], 3.23.p_fn_bfe 
(5, 5, 5), [1, 15, 144, 815, 3312, 7935, 12167], 3.23.p_fo_bfj 
(5, 5, 6), [1, 16, 154, 886, 3542, 8464, 12167], 3.23.q_fy_bic 
(-1, 9, 9), [1, 17, 132, 701, 3036, 8993, 12167], 3.23.r_fc_baz 
(1, 7, 9), [1, 17, 148, 845, 3404, 8993, 12167], 3.23.r_fs_bgn 
(3, 5, 9), [1, 17, 156, 917, 3588, 8993, 12167], 3.23.r_ga_bjh 
(3, 7, 7), [1, 17, 160, 929, 3680, 8993, 12167], 3.23.r_ge_bjt 
(4, 5, 8), [1, 17, 161, 942, 3703, 8993, 12167], 3.23.r_gf_bkg 
(4, 6, 7), [1, 17, 163, 950, 3749, 8993, 12167], 3.23.r_gh_bko 
(5, 5, 7), [1, 17, 164, 957, 3772, 8993, 12167], 3.23.r_gi_bkv 
(5, 6, 6), [1, 17, 165, 962, 3795, 8993, 12167], 3.23.r_gj_bla 
(5, 6, 7), [1, 18, 176, 1038, 4048, 9522, 12167], 3.23.s_gu_bny 
(1, 9, 9), [1, 19, 168, 955, 3864, 10051, 12167], 3.23.t_gm_bkt 
(3, 7, 9), [1, 19, 180, 1063, 4140, 10051, 12167], 3.23.t_gy_box 
(5, 5, 9), [1, 19, 184, 1099, 4232, 10051, 12167], 3.23.t_hc_bqh 
(4, 7, 8), [1, 19, 185, 1098, 4255, 10051, 12167], 3.23.t_hd_bqg 
(5, 6, 8), [1, 19, 187, 1114, 4301, 10051, 12167], 3.23.t_hf_bqw 
(5, 7, 7), [1, 19, 188, 1119, 4324, 10051, 12167], 3.23.t_hg_brb 
(6, 6, 7), [1, 19, 189, 1126, 4347, 10051, 12167], 3.23.t_hh_bri 
(6, 7, 7), [1, 20, 202, 1214, 4646, 10580, 12167], 3.23.u_hu_bus 
(3, 9, 9), [1, 21, 204, 1209, 4692, 11109, 12167], 3.23.v_hw_bun 
(4, 8, 9), [1, 21, 209, 1254, 4807, 11109, 12167], 3.23.v_ib_bwg 
(5, 7, 9), [1, 21, 212, 1281, 4876, 11109, 12167], 3.23.v_ie_bxh 
(5, 8, 8), [1, 21, 213, 1286, 4899, 11109, 12167], 3.23.v_if_bxm 
(6, 6, 9), [1, 21, 213, 1290, 4899, 11109, 12167], 3.23.v_if_bxq 
(6, 7, 8), [1, 21, 215, 1302, 4945, 11109, 12167], 3.23.v_ih_byc 
(7, 7, 7), [1, 21, 216, 1309, 4968, 11109, 12167], 3.23.v_ii_byj 
(5, 8, 9), [1, 22, 226, 1372, 5198, 11638, 12167], 3.23.w_is_cau 
(6, 7, 9), [1, 22, 228, 1390, 5244, 11638, 12167], 3.23.w_iu_cbm 
(6, 8, 8), [1, 22, 229, 1396, 5267, 11638, 12167], 3.23.w_iv_cbs 
(7, 7, 8), [1, 22, 230, 1404, 5290, 11638, 12167], 3.23.w_iw_cca 
(5, 9, 9), [1, 23, 240, 1463, 5520, 12167, 12167], 3.23.x_jg_ceh 
(6, 8, 9), [1, 23, 243, 1490, 5589, 12167, 12167], 3.23.x_jj_cfi 
(7, 7, 9), [1, 23, 244, 1499, 5612, 12167, 12167], 3.23.x_jk_cfr 
(7, 8, 8), [1, 23, 245, 1506, 5635, 12167, 12167], 3.23.x_jl_cfy 
(6, 9, 9), [1, 24, 258, 1590, 5934, 12696, 12167], 3.23.y_jy_cje 
(7, 8, 9), [1, 24, 260, 1608, 5980, 12696, 12167], 3.23.y_ka_cjw 
(7, 9, 9), [1, 25, 276, 1717, 6348, 13225, 12167], 3.23.z_kq_cob 
(8, 8, 9), [1, 25, 277, 1726, 6371, 13225, 12167], 3.23.z_kr_cok 
(8, 9, 9), [1, 26, 294, 1844, 6762, 13754, 12167], 3.23.ba_li_csy 
(9, 9, 9), [1, 27, 312, 1971, 7176, 14283, 12167], 3.23.bb_ma_cxv 
