(-7, -5, -5), [1, -17, 143, -719, 2288, -4352, 4096], 3.16.ar_fn_abbr 
(-7, -7, -1), [1, -15, 111, -529, 1776, -3840, 4096], 3.16.ap_eh_auj 
(-7, -5, -3), [1, -15, 119, -585, 1904, -3840, 4096], 3.16.ap_ep_awn 
(-7, -7, 1), [1, -13, 83, -367, 1328, -3328, 4096], 3.16.an_df_aod 
(-7, -5, -1), [1, -13, 95, -451, 1520, -3328, 4096], 3.16.an_dr_arj 
(-7, -3, -3), [1, -13, 99, -479, 1584, -3328, 4096], 3.16.an_dv_asl 
(-5, -5, -3), [1, -13, 103, -491, 1648, -3328, 4096], 3.16.an_dz_asx 
(-7, -7, 3), [1, -11, 55, -205, 880, -2816, 4096], 3.16.al_cd_ahx 
(-7, -5, 1), [1, -11, 71, -317, 1136, -2816, 4096], 3.16.al_ct_amf 
(-7, -3, -1), [1, -11, 79, -373, 1264, -2816, 4096], 3.16.al_db_aoj 
(-5, -5, -1), [1, -11, 83, -377, 1328, -2816, 4096], 3.16.al_df_aon 
(-7, -7, 5), [1, -9, 27, -43, 432, -2304, 4096], 3.16.aj_bb_abr 
(-7, -5, 3), [1, -9, 47, -183, 752, -2304, 4096], 3.16.aj_bv_ahb 
(-7, -3, 1), [1, -9, 59, -267, 944, -2304, 4096], 3.16.aj_ch_akh 
(-7, -1, -1), [1, -9, 63, -295, 1008, -2304, 4096], 3.16.aj_cl_alj 
(-5, -5, 1), [1, -9, 63, -263, 1008, -2304, 4096], 3.16.aj_cl_akd 
(-5, -3, -1), [1, -9, 71, -303, 1136, -2304, 4096], 3.16.aj_ct_alr 
(-3, -3, -3), [1, -9, 75, -315, 1200, -2304, 4096], 3.16.aj_cx_amd 
(-7, -7, 7), [1, -7, -1, 119, -16, -1792, 4096], 3.16.ah_ab_ep 
(-7, -5, 5), [1, -7, 23, -49, 368, -1792, 4096], 3.16.ah_x_abx 
(-7, -3, 3), [1, -7, 39, -161, 624, -1792, 4096], 3.16.ah_bn_agf 
(-5, -5, 3), [1, -7, 43, -149, 688, -1792, 4096], 3.16.ah_br_aft 
(-7, -1, 1), [1, -7, 47, -217, 752, -1792, 4096], 3.16.ah_bv_aij 
(-5, -3, 1), [1, -7, 55, -209, 880, -1792, 4096], 3.16.ah_cd_aib 
(-5, -1, -1), [1, -7, 59, -229, 944, -1792, 4096], 3.16.ah_ch_aiv 
(-3, -3, -1), [1, -7, 63, -233, 1008, -1792, 4096], 3.16.ah_cl_aiz 
(-7, -5, 7), [1, -5, -1, 85, -16, -1280, 4096], 3.16.af_ab_dh 
(-7, -3, 5), [1, -5, 19, -55, 304, -1280, 4096], 3.16.af_t_acd 
(-5, -5, 5), [1, -5, 23, -35, 368, -1280, 4096], 3.16.af_x_abj 
(-7, -1, 3), [1, -5, 31, -139, 496, -1280, 4096], 3.16.af_bf_afj 
(-7, 1, 1), [1, -5, 35, -167, 560, -1280, 4096], 3.16.af_bj_agl 
(-5, -3, 3), [1, -5, 39, -115, 624, -1280, 4096], 3.16.af_bn_ael 
(-5, -1, 1), [1, -5, 47, -155, 752, -1280, 4096], 3.16.af_bv_afz 
(-3, -3, 1), [1, -5, 51, -151, 816, -1280, 4096], 3.16.af_bz_afv 
(-3, -1, -1), [1, -5, 55, -163, 880, -1280, 4096], 3.16.af_cd_agh 
(-7, -3, 7), [1, -3, -1, 51, -16, -768, 4096], 3.16.ad_ab_bz 
(-5, -5, 7), [1, -3, 3, 79, 48, -768, 4096], 3.16.ad_d_db 
(-7, -1, 5), [1, -3, 15, -61, 240, -768, 4096], 3.16.ad_p_acj 
(-7, 1, 3), [1, -3, 23, -117, 368, -768, 4096], 3.16.ad_x_aen 
(-5, -3, 5), [1, -3, 23, -21, 368, -768, 4096], 3.16.ad_x_av 
(-5, -1, 3), [1, -3, 35, -81, 560, -768, 4096], 3.16.ad_bj_add 
(-5, 1, 1), [1, -3, 39, -101, 624, -768, 4096], 3.16.ad_bn_adx 
(-3, -3, 3), [1, -3, 39, -69, 624, -768, 4096], 3.16.ad_bn_acr 
(-3, -1, 1), [1, -3, 47, -93, 752, -768, 4096], 3.16.ad_bv_adp 
(-1, -1, -1), [1, -3, 51, -97, 816, -768, 4096], 3.16.ad_bz_adt 
(-7, -1, 7), [1, -1, -1, 17, -16, -256, 4096], 3.16.ab_ab_r 
(-5, -3, 7), [1, -1, 7, 73, 112, -256, 4096], 3.16.ab_h_cv 
(-7, 1, 5), [1, -1, 11, -67, 176, -256, 4096], 3.16.ab_l_acp 
(-7, 3, 3), [1, -1, 15, -95, 240, -256, 4096], 3.16.ab_p_adr 
(-5, -1, 5), [1, -1, 23, -7, 368, -256, 4096], 3.16.ab_x_ah 
(-3, -3, 5), [1, -1, 27, 13, 432, -256, 4096], 3.16.ab_bb_n 
(-5, 1, 3), [1, -1, 31, -47, 496, -256, 4096], 3.16.ab_bf_abv 
(-3, -1, 3), [1, -1, 39, -23, 624, -256, 4096], 3.16.ab_bn_ax 
(-3, 1, 1), [1, -1, 43, -35, 688, -256, 4096], 3.16.ab_br_abj 
(-1, -1, 1), [1, -1, 47, -31, 752, -256, 4096], 3.16.ab_bv_abf 
(-7, 1, 7), [1, 1, -1, -17, -16, 256, 4096], 3.16.b_ab_ar 
(-7, 3, 5), [1, 1, 7, -73, 112, 256, 4096], 3.16.b_h_acv 
(-5, -1, 7), [1, 1, 11, 67, 176, 256, 4096], 3.16.b_l_cp 
(-3, -3, 7), [1, 1, 15, 95, 240, 256, 4096], 3.16.b_p_dr 
(-5, 1, 5), [1, 1, 23, 7, 368, 256, 4096], 3.16.b_x_h 
(-5, 3, 3), [1, 1, 27, -13, 432, 256, 4096], 3.16.b_bb_an 
(-3, -1, 5), [1, 1, 31, 47, 496, 256, 4096], 3.16.b_bf_bv 
(-3, 1, 3), [1, 1, 39, 23, 624, 256, 4096], 3.16.b_bn_x 
(-1, -1, 3), [1, 1, 43, 35, 688, 256, 4096], 3.16.b_br_bj 
(-1, 1, 1), [1, 1, 47, 31, 752, 256, 4096], 3.16.b_bv_bf 
(-7, 3, 7), [1, 3, -1, -51, -16, 768, 4096], 3.16.d_ab_abz 
(-7, 5, 5), [1, 3, 3, -79, 48, 768, 4096], 3.16.d_d_adb 
(-5, 1, 7), [1, 3, 15, 61, 240, 768, 4096], 3.16.d_p_cj 
(-5, 3, 5), [1, 3, 23, 21, 368, 768, 4096], 3.16.d_x_v 
(-3, -1, 7), [1, 3, 23, 117, 368, 768, 4096], 3.16.d_x_en 
(-3, 1, 5), [1, 3, 35, 81, 560, 768, 4096], 3.16.d_bj_dd 
(-3, 3, 3), [1, 3, 39, 69, 624, 768, 4096], 3.16.d_bn_cr 
(-1, -1, 5), [1, 3, 39, 101, 624, 768, 4096], 3.16.d_bn_dx 
(-1, 1, 3), [1, 3, 47, 93, 752, 768, 4096], 3.16.d_bv_dp 
(1, 1, 1), [1, 3, 51, 97, 816, 768, 4096], 3.16.d_bz_dt 
(-7, 5, 7), [1, 5, -1, -85, -16, 1280, 4096], 3.16.f_ab_adh 
(-5, 3, 7), [1, 5, 19, 55, 304, 1280, 4096], 3.16.f_t_cd 
(-5, 5, 5), [1, 5, 23, 35, 368, 1280, 4096], 3.16.f_x_bj 
(-3, 1, 7), [1, 5, 31, 139, 496, 1280, 4096], 3.16.f_bf_fj 
(-1, -1, 7), [1, 5, 35, 167, 560, 1280, 4096], 3.16.f_bj_gl 
(-3, 3, 5), [1, 5, 39, 115, 624, 1280, 4096], 3.16.f_bn_el 
(-1, 1, 5), [1, 5, 47, 155, 752, 1280, 4096], 3.16.f_bv_fz 
(-1, 3, 3), [1, 5, 51, 151, 816, 1280, 4096], 3.16.f_bz_fv 
(1, 1, 3), [1, 5, 55, 163, 880, 1280, 4096], 3.16.f_cd_gh 
(-7, 7, 7), [1, 7, -1, -119, -16, 1792, 4096], 3.16.h_ab_aep 
(-5, 5, 7), [1, 7, 23, 49, 368, 1792, 4096], 3.16.h_x_bx 
(-3, 3, 7), [1, 7, 39, 161, 624, 1792, 4096], 3.16.h_bn_gf 
(-3, 5, 5), [1, 7, 43, 149, 688, 1792, 4096], 3.16.h_br_ft 
(-1, 1, 7), [1, 7, 47, 217, 752, 1792, 4096], 3.16.h_bv_ij 
(-1, 3, 5), [1, 7, 55, 209, 880, 1792, 4096], 3.16.h_cd_ib 
(1, 1, 5), [1, 7, 59, 229, 944, 1792, 4096], 3.16.h_ch_iv 
(1, 3, 3), [1, 7, 63, 233, 1008, 1792, 4096], 3.16.h_cl_iz 
(-5, 7, 7), [1, 9, 27, 43, 432, 2304, 4096], 3.16.j_bb_br 
(-3, 5, 7), [1, 9, 47, 183, 752, 2304, 4096], 3.16.j_bv_hb 
(-1, 3, 7), [1, 9, 59, 267, 944, 2304, 4096], 3.16.j_ch_kh 
(-1, 5, 5), [1, 9, 63, 263, 1008, 2304, 4096], 3.16.j_cl_kd 
(1, 1, 7), [1, 9, 63, 295, 1008, 2304, 4096], 3.16.j_cl_lj 
(1, 3, 5), [1, 9, 71, 303, 1136, 2304, 4096], 3.16.j_ct_lr 
(3, 3, 3), [1, 9, 75, 315, 1200, 2304, 4096], 3.16.j_cx_md 
(-3, 7, 7), [1, 11, 55, 205, 880, 2816, 4096], 3.16.l_cd_hx 
(-1, 5, 7), [1, 11, 71, 317, 1136, 2816, 4096], 3.16.l_ct_mf 
(1, 3, 7), [1, 11, 79, 373, 1264, 2816, 4096], 3.16.l_db_oj 
(1, 5, 5), [1, 11, 83, 377, 1328, 2816, 4096], 3.16.l_df_on 
(-1, 7, 7), [1, 13, 83, 367, 1328, 3328, 4096], 3.16.n_df_od 
(1, 5, 7), [1, 13, 95, 451, 1520, 3328, 4096], 3.16.n_dr_rj 
(3, 3, 7), [1, 13, 99, 479, 1584, 3328, 4096], 3.16.n_dv_sl 
(3, 5, 5), [1, 13, 103, 491, 1648, 3328, 4096], 3.16.n_dz_sx 
(1, 7, 7), [1, 15, 111, 529, 1776, 3840, 4096], 3.16.p_eh_uj 
(3, 5, 7), [1, 15, 119, 585, 1904, 3840, 4096], 3.16.p_ep_wn 
(5, 5, 7), [1, 17, 143, 719, 2288, 4352, 4096], 3.16.r_fn_bbr 
