(-8, -8, -8), [1, -24, 243, -1328, 4131, -6936, 4913], 3.17.ay_jj_abzc 
(-8, -8, -7), [1, -23, 227, -1230, 3859, -6647, 4913], 3.17.ax_it_abvi 
(-8, -8, -6), [1, -22, 211, -1132, 3587, -6358, 4913], 3.17.aw_id_abro 
(-8, -7, -7), [1, -22, 212, -1140, 3604, -6358, 4913], 3.17.aw_ie_abrw 
(-8, -8, -5), [1, -21, 195, -1034, 3315, -6069, 4913], 3.17.av_hn_abnu 
(-8, -7, -6), [1, -21, 197, -1050, 3349, -6069, 4913], 3.17.av_hp_abok 
(-7, -7, -7), [1, -21, 198, -1057, 3366, -6069, 4913], 3.17.av_hq_abor 
(-8, -8, -4), [1, -20, 179, -936, 3043, -5780, 4913], 3.17.au_gx_abka 
(-8, -7, -5), [1, -20, 182, -960, 3094, -5780, 4913], 3.17.au_ha_abky 
(-8, -6, -6), [1, -20, 183, -968, 3111, -5780, 4913], 3.17.au_hb_ablg 
(-7, -7, -6), [1, -20, 184, -974, 3128, -5780, 4913], 3.17.au_hc_ablm 
(-8, -8, -3), [1, -19, 163, -838, 2771, -5491, 4913], 3.17.at_gh_abgg 
(-8, -7, -4), [1, -19, 167, -870, 2839, -5491, 4913], 3.17.at_gl_abhm 
(-8, -6, -5), [1, -19, 169, -886, 2873, -5491, 4913], 3.17.at_gn_abic 
(-7, -7, -5), [1, -19, 170, -891, 2890, -5491, 4913], 3.17.at_go_abih 
(-7, -6, -6), [1, -19, 171, -898, 2907, -5491, 4913], 3.17.at_gp_abio 
(-8, -7, -3), [1, -18, 152, -780, 2584, -5202, 4913], 3.17.as_fw_abea 
(-8, -5, -5), [1, -18, 156, -812, 2652, -5202, 4913], 3.17.as_ga_abfg 
(-7, -6, -5), [1, -18, 158, -822, 2686, -5202, 4913], 3.17.as_gc_abfq 
(-8, -8, -1), [1, -17, 131, -642, 2227, -4913, 4913], 3.17.ar_fb_ays 
(-8, -7, -2), [1, -17, 137, -690, 2329, -4913, 4913], 3.17.ar_fh_abao 
(-7, -7, -3), [1, -17, 142, -725, 2414, -4913, 4913], 3.17.ar_fm_abbx 
(-8, -5, -4), [1, -17, 143, -738, 2431, -4913, 4913], 3.17.ar_fn_abck 
(-7, -6, -4), [1, -17, 145, -746, 2465, -4913, 4913], 3.17.ar_fp_abcs 
(-7, -5, -5), [1, -17, 146, -753, 2482, -4913, 4913], 3.17.ar_fq_abcz 
(-6, -6, -5), [1, -17, 147, -758, 2499, -4913, 4913], 3.17.ar_fr_abde 
(-7, -5, -4), [1, -16, 134, -684, 2278, -4624, 4913], 3.17.aq_fe_abai 
(-6, -6, -4), [1, -16, 135, -688, 2295, -4624, 4913], 3.17.aq_ff_abam 
(-6, -5, -5), [1, -16, 136, -694, 2312, -4624, 4913], 3.17.aq_fg_abas 
(-8, -8, 1), [1, -15, 99, -446, 1683, -4335, 4913], 3.17.ap_dv_are 
(-7, -7, -1), [1, -15, 114, -559, 1938, -4335, 4913], 3.17.ap_ek_avn 
(-7, -6, -2), [1, -15, 119, -594, 2023, -4335, 4913], 3.17.ap_ep_aww 
(-7, -5, -3), [1, -15, 122, -615, 2074, -4335, 4913], 3.17.ap_es_axr 
(-7, -4, -4), [1, -15, 123, -622, 2091, -4335, 4913], 3.17.ap_et_axy 
(-6, -6, -3), [1, -15, 123, -618, 2091, -4335, 4913], 3.17.ap_et_axu 
(-6, -5, -4), [1, -15, 125, -630, 2125, -4335, 4913], 3.17.ap_ev_ayg 
(-5, -5, -5), [1, -15, 126, -635, 2142, -4335, 4913], 3.17.ap_ew_ayl 
(-5, -5, -4), [1, -14, 116, -576, 1972, -4046, 4913], 3.17.ao_em_awe 
(-7, -7, 1), [1, -13, 86, -393, 1462, -3757, 4913], 3.17.an_di_apd 
(-7, -5, -1), [1, -13, 98, -477, 1666, -3757, 4913], 3.17.an_du_asj 
(-7, -3, -3), [1, -13, 102, -505, 1734, -3757, 4913], 3.17.an_dy_atl 
(-6, -5, -2), [1, -13, 103, -502, 1751, -3757, 4913], 3.17.an_dz_ati 
(-6, -4, -3), [1, -13, 105, -514, 1785, -3757, 4913], 3.17.an_eb_atu 
(-5, -5, -3), [1, -13, 106, -517, 1802, -3757, 4913], 3.17.an_ec_atx 
(-5, -4, -4), [1, -13, 107, -522, 1819, -3757, 4913], 3.17.an_ed_auc 
(-5, -4, -3), [1, -12, 98, -468, 1666, -3468, 4913], 3.17.am_du_asa 
(-8, -8, 5), [1, -11, 35, -54, 595, -3179, 4913], 3.17.al_bj_acc 
(-7, -7, 3), [1, -11, 58, -227, 986, -3179, 4913], 3.17.al_cg_ait 
(-7, -5, 1), [1, -11, 74, -339, 1258, -3179, 4913], 3.17.al_cw_anb 
(-7, -3, -1), [1, -11, 82, -395, 1394, -3179, 4913], 3.17.al_de_apf 
(-5, -5, -1), [1, -11, 86, -399, 1462, -3179, 4913], 3.17.al_di_apj 
(-6, -3, -2), [1, -11, 87, -410, 1479, -3179, 4913], 3.17.al_dj_apu 
(-5, -4, -2), [1, -11, 89, -414, 1513, -3179, 4913], 3.17.al_dl_apy 
(-5, -3, -3), [1, -11, 90, -419, 1530, -3179, 4913], 3.17.al_dm_aqd 
(-4, -4, -3), [1, -11, 91, -422, 1547, -3179, 4913], 3.17.al_dn_aqg 
(-5, -4, -1), [1, -10, 80, -360, 1360, -2890, 4913], 3.17.ak_dc_anw 
(-4, -3, -3), [1, -10, 84, -376, 1428, -2890, 4913], 3.17.ak_dg_aom 
(-8, -8, 7), [1, -9, 3, 142, 51, -2601, 4913], 3.17.aj_d_fm 
(-7, -7, 5), [1, -9, 30, -61, 510, -2601, 4913], 3.17.aj_be_acj 
(-7, -5, 3), [1, -9, 50, -201, 850, -2601, 4913], 3.17.aj_by_aht 
(-7, -3, 1), [1, -9, 62, -285, 1054, -2601, 4913], 3.17.aj_ck_akz 
(-7, -1, -1), [1, -9, 66, -313, 1122, -2601, 4913], 3.17.aj_co_amb 
(-5, -5, 1), [1, -9, 66, -281, 1122, -2601, 4913], 3.17.aj_co_akv 
(-5, -3, -1), [1, -9, 74, -321, 1258, -2601, 4913], 3.17.aj_cw_amj 
(-5, -2, -2), [1, -9, 75, -326, 1275, -2601, 4913], 3.17.aj_cx_amo 
(-4, -4, -1), [1, -9, 75, -322, 1275, -2601, 4913], 3.17.aj_cx_amk 
(-4, -3, -2), [1, -9, 77, -330, 1309, -2601, 4913], 3.17.aj_cz_ams 
(-3, -3, -3), [1, -9, 78, -333, 1326, -2601, 4913], 3.17.aj_da_amv 
(-4, -2, -2), [1, -8, 71, -288, 1207, -2312, 4913], 3.17.ai_ct_alc 
(-3, -3, -2), [1, -8, 72, -290, 1224, -2312, 4913], 3.17.ai_cu_ale 
(-8, -7, 8), [1, -7, -13, 210, -221, -2023, 4913], 3.17.ah_an_ic 
(-7, -7, 7), [1, -7, 2, 105, 34, -2023, 4913], 3.17.ah_c_eb 
(-7, -5, 5), [1, -7, 26, -63, 442, -2023, 4913], 3.17.ah_ba_acl 
(-7, -3, 3), [1, -7, 42, -175, 714, -2023, 4913], 3.17.ah_bq_agt 
(-5, -5, 3), [1, -7, 46, -163, 782, -2023, 4913], 3.17.ah_bu_agh 
(-7, -1, 1), [1, -7, 50, -231, 850, -2023, 4913], 3.17.ah_by_aix 
(-5, -3, 1), [1, -7, 58, -223, 986, -2023, 4913], 3.17.ah_cg_aip 
(-5, -1, -1), [1, -7, 62, -243, 1054, -2023, 4913], 3.17.ah_ck_ajj 
(-4, -2, -1), [1, -7, 65, -246, 1105, -2023, 4913], 3.17.ah_cn_ajm 
(-3, -3, -1), [1, -7, 66, -247, 1122, -2023, 4913], 3.17.ah_co_ajn 
(-3, -2, -2), [1, -7, 67, -250, 1139, -2023, 4913], 3.17.ah_cp_ajq 
(-3, -2, -1), [1, -6, 62, -210, 1054, -1734, 4913], 3.17.ag_ck_aic 
(-7, -5, 7), [1, -5, 2, 75, 34, -1445, 4913], 3.17.af_c_cx 
(-7, -3, 5), [1, -5, 22, -65, 374, -1445, 4913], 3.17.af_w_acn 
(-5, -5, 5), [1, -5, 26, -45, 442, -1445, 4913], 3.17.af_ba_abt 
(-7, -1, 3), [1, -5, 34, -149, 578, -1445, 4913], 3.17.af_bi_aft 
(-7, 1, 1), [1, -5, 38, -177, 646, -1445, 4913], 3.17.af_bm_agv 
(-5, -3, 3), [1, -5, 42, -125, 714, -1445, 4913], 3.17.af_bq_aev 
(-5, -1, 1), [1, -5, 50, -165, 850, -1445, 4913], 3.17.af_by_agj 
(-3, -3, 1), [1, -5, 54, -161, 918, -1445, 4913], 3.17.af_cc_agf 
(-3, -1, -1), [1, -5, 58, -173, 986, -1445, 4913], 3.17.af_cg_agr 
(-2, -2, -1), [1, -5, 59, -174, 1003, -1445, 4913], 3.17.af_ch_ags 
(-2, -1, -1), [1, -4, 56, -138, 952, -1156, 4913], 3.17.ae_ce_afi 
(-7, -3, 7), [1, -3, 2, 45, 34, -867, 4913], 3.17.ad_c_bt 
(-5, -5, 7), [1, -3, 6, 73, 102, -867, 4913], 3.17.ad_g_cv 
(-7, -1, 5), [1, -3, 18, -67, 306, -867, 4913], 3.17.ad_s_acp 
(-7, 1, 3), [1, -3, 26, -123, 442, -867, 4913], 3.17.ad_ba_aet 
(-5, -3, 5), [1, -3, 26, -27, 442, -867, 4913], 3.17.ad_ba_abb 
(-5, -1, 3), [1, -3, 38, -87, 646, -867, 4913], 3.17.ad_bm_adj 
(-5, 1, 1), [1, -3, 42, -107, 714, -867, 4913], 3.17.ad_bq_aed 
(-3, -3, 3), [1, -3, 42, -75, 714, -867, 4913], 3.17.ad_bq_acx 
(-3, -1, 1), [1, -3, 50, -99, 850, -867, 4913], 3.17.ad_by_adv 
(-2, -2, 1), [1, -3, 51, -98, 867, -867, 4913], 3.17.ad_bz_adu 
(-1, -1, -1), [1, -3, 54, -103, 918, -867, 4913], 3.17.ad_cc_adz 
(-7, -1, 7), [1, -1, 2, 15, 34, -289, 4913], 3.17.ab_c_p 
(-5, -3, 7), [1, -1, 10, 71, 170, -289, 4913], 3.17.ab_k_ct 
(-7, 1, 5), [1, -1, 14, -69, 238, -289, 4913], 3.17.ab_o_acr 
(-7, 3, 3), [1, -1, 18, -97, 306, -289, 4913], 3.17.ab_s_adt 
(-5, -1, 5), [1, -1, 26, -9, 442, -289, 4913], 3.17.ab_ba_aj 
(-3, -3, 5), [1, -1, 30, 11, 510, -289, 4913], 3.17.ab_be_l 
(-5, 1, 3), [1, -1, 34, -49, 578, -289, 4913], 3.17.ab_bi_abx 
(-3, -1, 3), [1, -1, 42, -25, 714, -289, 4913], 3.17.ab_bq_az 
(-3, 1, 1), [1, -1, 46, -37, 782, -289, 4913], 3.17.ab_bu_abl 
(-2, -1, 2), [1, -1, 47, -30, 799, -289, 4913], 3.17.ab_bv_abe 
(-1, -1, 1), [1, -1, 50, -33, 850, -289, 4913], 3.17.ab_by_abh 
(-7, 1, 7), [1, 1, 2, -15, 34, 289, 4913], 3.17.b_c_ap 
(-7, 3, 5), [1, 1, 10, -71, 170, 289, 4913], 3.17.b_k_act 
(-5, -1, 7), [1, 1, 14, 69, 238, 289, 4913], 3.17.b_o_cr 
(-3, -3, 7), [1, 1, 18, 97, 306, 289, 4913], 3.17.b_s_dt 
(-5, 1, 5), [1, 1, 26, 9, 442, 289, 4913], 3.17.b_ba_j 
(-5, 3, 3), [1, 1, 30, -11, 510, 289, 4913], 3.17.b_be_al 
(-3, -1, 5), [1, 1, 34, 49, 578, 289, 4913], 3.17.b_bi_bx 
(-3, 1, 3), [1, 1, 42, 25, 714, 289, 4913], 3.17.b_bq_z 
(-1, -1, 3), [1, 1, 46, 37, 782, 289, 4913], 3.17.b_bu_bl 
(-2, 1, 2), [1, 1, 47, 30, 799, 289, 4913], 3.17.b_bv_be 
(-1, 1, 1), [1, 1, 50, 33, 850, 289, 4913], 3.17.b_by_bh 
(-7, 3, 7), [1, 3, 2, -45, 34, 867, 4913], 3.17.d_c_abt 
(-7, 5, 5), [1, 3, 6, -73, 102, 867, 4913], 3.17.d_g_acv 
(-5, 1, 7), [1, 3, 18, 67, 306, 867, 4913], 3.17.d_s_cp 
(-5, 3, 5), [1, 3, 26, 27, 442, 867, 4913], 3.17.d_ba_bb 
(-3, -1, 7), [1, 3, 26, 123, 442, 867, 4913], 3.17.d_ba_et 
(-3, 1, 5), [1, 3, 38, 87, 646, 867, 4913], 3.17.d_bm_dj 
(-3, 3, 3), [1, 3, 42, 75, 714, 867, 4913], 3.17.d_bq_cx 
(-1, -1, 5), [1, 3, 42, 107, 714, 867, 4913], 3.17.d_bq_ed 
(-1, 1, 3), [1, 3, 50, 99, 850, 867, 4913], 3.17.d_by_dv 
(-1, 2, 2), [1, 3, 51, 98, 867, 867, 4913], 3.17.d_bz_du 
(1, 1, 1), [1, 3, 54, 103, 918, 867, 4913], 3.17.d_cc_dz 
(1, 1, 2), [1, 4, 56, 138, 952, 1156, 4913], 3.17.e_ce_fi 
(-7, 5, 7), [1, 5, 2, -75, 34, 1445, 4913], 3.17.f_c_acx 
(-5, 3, 7), [1, 5, 22, 65, 374, 1445, 4913], 3.17.f_w_cn 
(-5, 5, 5), [1, 5, 26, 45, 442, 1445, 4913], 3.17.f_ba_bt 
(-3, 1, 7), [1, 5, 34, 149, 578, 1445, 4913], 3.17.f_bi_ft 
(-1, -1, 7), [1, 5, 38, 177, 646, 1445, 4913], 3.17.f_bm_gv 
(-3, 3, 5), [1, 5, 42, 125, 714, 1445, 4913], 3.17.f_bq_ev 
(-1, 1, 5), [1, 5, 50, 165, 850, 1445, 4913], 3.17.f_by_gj 
(-1, 3, 3), [1, 5, 54, 161, 918, 1445, 4913], 3.17.f_cc_gf 
(1, 1, 3), [1, 5, 58, 173, 986, 1445, 4913], 3.17.f_cg_gr 
(1, 2, 2), [1, 5, 59, 174, 1003, 1445, 4913], 3.17.f_ch_gs 
(1, 2, 3), [1, 6, 62, 210, 1054, 1734, 4913], 3.17.g_ck_ic 
(-8, 7, 8), [1, 7, -13, -210, -221, 2023, 4913], 3.17.h_an_aic 
(-7, 7, 7), [1, 7, 2, -105, 34, 2023, 4913], 3.17.h_c_aeb 
(-5, 5, 7), [1, 7, 26, 63, 442, 2023, 4913], 3.17.h_ba_cl 
(-3, 3, 7), [1, 7, 42, 175, 714, 2023, 4913], 3.17.h_bq_gt 
(-3, 5, 5), [1, 7, 46, 163, 782, 2023, 4913], 3.17.h_bu_gh 
(-1, 1, 7), [1, 7, 50, 231, 850, 2023, 4913], 3.17.h_by_ix 
(-1, 3, 5), [1, 7, 58, 223, 986, 2023, 4913], 3.17.h_cg_ip 
(1, 1, 5), [1, 7, 62, 243, 1054, 2023, 4913], 3.17.h_ck_jj 
(1, 2, 4), [1, 7, 65, 246, 1105, 2023, 4913], 3.17.h_cn_jm 
(1, 3, 3), [1, 7, 66, 247, 1122, 2023, 4913], 3.17.h_co_jn 
(2, 2, 3), [1, 7, 67, 250, 1139, 2023, 4913], 3.17.h_cp_jq 
(2, 2, 4), [1, 8, 71, 288, 1207, 2312, 4913], 3.17.i_ct_lc 
(2, 3, 3), [1, 8, 72, 290, 1224, 2312, 4913], 3.17.i_cu_le 
(-7, 8, 8), [1, 9, 3, -142, 51, 2601, 4913], 3.17.j_d_afm 
(-5, 7, 7), [1, 9, 30, 61, 510, 2601, 4913], 3.17.j_be_cj 
(-3, 5, 7), [1, 9, 50, 201, 850, 2601, 4913], 3.17.j_by_ht 
(-1, 3, 7), [1, 9, 62, 285, 1054, 2601, 4913], 3.17.j_ck_kz 
(-1, 5, 5), [1, 9, 66, 281, 1122, 2601, 4913], 3.17.j_co_kv 
(1, 1, 7), [1, 9, 66, 313, 1122, 2601, 4913], 3.17.j_co_mb 
(1, 3, 5), [1, 9, 74, 321, 1258, 2601, 4913], 3.17.j_cw_mj 
(1, 4, 4), [1, 9, 75, 322, 1275, 2601, 4913], 3.17.j_cx_mk 
(2, 2, 5), [1, 9, 75, 326, 1275, 2601, 4913], 3.17.j_cx_mo 
(2, 3, 4), [1, 9, 77, 330, 1309, 2601, 4913], 3.17.j_cz_ms 
(3, 3, 3), [1, 9, 78, 333, 1326, 2601, 4913], 3.17.j_da_mv 
(1, 4, 5), [1, 10, 80, 360, 1360, 2890, 4913], 3.17.k_dc_nw 
(3, 3, 4), [1, 10, 84, 376, 1428, 2890, 4913], 3.17.k_dg_om 
(-5, 8, 8), [1, 11, 35, 54, 595, 3179, 4913], 3.17.l_bj_cc 
(-3, 7, 7), [1, 11, 58, 227, 986, 3179, 4913], 3.17.l_cg_it 
(-1, 5, 7), [1, 11, 74, 339, 1258, 3179, 4913], 3.17.l_cw_nb 
(1, 3, 7), [1, 11, 82, 395, 1394, 3179, 4913], 3.17.l_de_pf 
(1, 5, 5), [1, 11, 86, 399, 1462, 3179, 4913], 3.17.l_di_pj 
(2, 3, 6), [1, 11, 87, 410, 1479, 3179, 4913], 3.17.l_dj_pu 
(2, 4, 5), [1, 11, 89, 414, 1513, 3179, 4913], 3.17.l_dl_py 
(3, 3, 5), [1, 11, 90, 419, 1530, 3179, 4913], 3.17.l_dm_qd 
(3, 4, 4), [1, 11, 91, 422, 1547, 3179, 4913], 3.17.l_dn_qg 
(3, 4, 5), [1, 12, 98, 468, 1666, 3468, 4913], 3.17.m_du_sa 
(-1, 7, 7), [1, 13, 86, 393, 1462, 3757, 4913], 3.17.n_di_pd 
(1, 5, 7), [1, 13, 98, 477, 1666, 3757, 4913], 3.17.n_du_sj 
(3, 3, 7), [1, 13, 102, 505, 1734, 3757, 4913], 3.17.n_dy_tl 
(2, 5, 6), [1, 13, 103, 502, 1751, 3757, 4913], 3.17.n_dz_ti 
(3, 4, 6), [1, 13, 105, 514, 1785, 3757, 4913], 3.17.n_eb_tu 
(3, 5, 5), [1, 13, 106, 517, 1802, 3757, 4913], 3.17.n_ec_tx 
(4, 4, 5), [1, 13, 107, 522, 1819, 3757, 4913], 3.17.n_ed_uc 
(4, 5, 5), [1, 14, 116, 576, 1972, 4046, 4913], 3.17.o_em_we 
(-1, 8, 8), [1, 15, 99, 446, 1683, 4335, 4913], 3.17.p_dv_re 
(1, 7, 7), [1, 15, 114, 559, 1938, 4335, 4913], 3.17.p_ek_vn 
(2, 6, 7), [1, 15, 119, 594, 2023, 4335, 4913], 3.17.p_ep_ww 
(3, 5, 7), [1, 15, 122, 615, 2074, 4335, 4913], 3.17.p_es_xr 
(3, 6, 6), [1, 15, 123, 618, 2091, 4335, 4913], 3.17.p_et_xu 
(4, 4, 7), [1, 15, 123, 622, 2091, 4335, 4913], 3.17.p_et_xy 
(4, 5, 6), [1, 15, 125, 630, 2125, 4335, 4913], 3.17.p_ev_yg 
(5, 5, 5), [1, 15, 126, 635, 2142, 4335, 4913], 3.17.p_ew_yl 
(4, 5, 7), [1, 16, 134, 684, 2278, 4624, 4913], 3.17.q_fe_bai 
(4, 6, 6), [1, 16, 135, 688, 2295, 4624, 4913], 3.17.q_ff_bam 
(5, 5, 6), [1, 16, 136, 694, 2312, 4624, 4913], 3.17.q_fg_bas 
(1, 8, 8), [1, 17, 131, 642, 2227, 4913, 4913], 3.17.r_fb_ys 
(2, 7, 8), [1, 17, 137, 690, 2329, 4913, 4913], 3.17.r_fh_bao 
(3, 7, 7), [1, 17, 142, 725, 2414, 4913, 4913], 3.17.r_fm_bbx 
(4, 5, 8), [1, 17, 143, 738, 2431, 4913, 4913], 3.17.r_fn_bck 
(4, 6, 7), [1, 17, 145, 746, 2465, 4913, 4913], 3.17.r_fp_bcs 
(5, 5, 7), [1, 17, 146, 753, 2482, 4913, 4913], 3.17.r_fq_bcz 
(5, 6, 6), [1, 17, 147, 758, 2499, 4913, 4913], 3.17.r_fr_bde 
(3, 7, 8), [1, 18, 152, 780, 2584, 5202, 4913], 3.17.s_fw_bea 
(5, 5, 8), [1, 18, 156, 812, 2652, 5202, 4913], 3.17.s_ga_bfg 
(5, 6, 7), [1, 18, 158, 822, 2686, 5202, 4913], 3.17.s_gc_bfq 
(3, 8, 8), [1, 19, 163, 838, 2771, 5491, 4913], 3.17.t_gh_bgg 
(4, 7, 8), [1, 19, 167, 870, 2839, 5491, 4913], 3.17.t_gl_bhm 
(5, 6, 8), [1, 19, 169, 886, 2873, 5491, 4913], 3.17.t_gn_bic 
(5, 7, 7), [1, 19, 170, 891, 2890, 5491, 4913], 3.17.t_go_bih 
(6, 6, 7), [1, 19, 171, 898, 2907, 5491, 4913], 3.17.t_gp_bio 
(4, 8, 8), [1, 20, 179, 936, 3043, 5780, 4913], 3.17.u_gx_bka 
(5, 7, 8), [1, 20, 182, 960, 3094, 5780, 4913], 3.17.u_ha_bky 
(6, 6, 8), [1, 20, 183, 968, 3111, 5780, 4913], 3.17.u_hb_blg 
(6, 7, 7), [1, 20, 184, 974, 3128, 5780, 4913], 3.17.u_hc_blm 
(5, 8, 8), [1, 21, 195, 1034, 3315, 6069, 4913], 3.17.v_hn_bnu 
(6, 7, 8), [1, 21, 197, 1050, 3349, 6069, 4913], 3.17.v_hp_bok 
(7, 7, 7), [1, 21, 198, 1057, 3366, 6069, 4913], 3.17.v_hq_bor 
(6, 8, 8), [1, 22, 211, 1132, 3587, 6358, 4913], 3.17.w_id_bro 
(7, 7, 8), [1, 22, 212, 1140, 3604, 6358, 4913], 3.17.w_ie_brw 
(7, 8, 8), [1, 23, 227, 1230, 3859, 6647, 4913], 3.17.x_it_bvi 
(8, 8, 8), [1, 24, 243, 1328, 4131, 6936, 4913], 3.17.y_jj_bzc 
