(-6, -6, -6), [1, -18, 141, -612, 1551, -2178, 1331], 3.11.as_fl_axo 
(-6, -6, -5), [1, -17, 129, -554, 1419, -2057, 1331], 3.11.ar_ez_avi 
(-6, -6, -4), [1, -16, 117, -496, 1287, -1936, 1331], 3.11.aq_en_atc 
(-6, -5, -5), [1, -16, 118, -502, 1298, -1936, 1331], 3.11.aq_eo_ati 
(-6, -6, -3), [1, -15, 105, -438, 1155, -1815, 1331], 3.11.ap_eb_aqw 
(-6, -5, -4), [1, -15, 107, -450, 1177, -1815, 1331], 3.11.ap_ed_ari 
(-5, -5, -5), [1, -15, 108, -455, 1188, -1815, 1331], 3.11.ap_ee_arn 
(-6, -6, -2), [1, -14, 93, -380, 1023, -1694, 1331], 3.11.ao_dp_aoq 
(-6, -5, -3), [1, -14, 96, -398, 1056, -1694, 1331], 3.11.ao_ds_api 
(-6, -4, -4), [1, -14, 97, -404, 1067, -1694, 1331], 3.11.ao_dt_apo 
(-5, -5, -4), [1, -14, 98, -408, 1078, -1694, 1331], 3.11.ao_du_aps 
(-6, -6, -1), [1, -13, 81, -322, 891, -1573, 1331], 3.11.an_dd_amk 
(-6, -5, -2), [1, -13, 85, -346, 935, -1573, 1331], 3.11.an_dh_ani 
(-6, -4, -3), [1, -13, 87, -358, 957, -1573, 1331], 3.11.an_dj_anu 
(-5, -5, -3), [1, -13, 88, -361, 968, -1573, 1331], 3.11.an_dk_anx 
(-5, -4, -4), [1, -13, 89, -366, 979, -1573, 1331], 3.11.an_dl_aoc 
(-5, -4, -3), [1, -12, 80, -324, 880, -1452, 1331], 3.11.am_dc_amm 
(-5, -5, -1), [1, -11, 68, -267, 748, -1331, 1331], 3.11.al_cq_akh 
(-6, -3, -2), [1, -11, 69, -278, 759, -1331, 1331], 3.11.al_cr_aks 
(-5, -4, -2), [1, -11, 71, -282, 781, -1331, 1331], 3.11.al_ct_akw 
(-5, -3, -3), [1, -11, 72, -287, 792, -1331, 1331], 3.11.al_cu_alb 
(-4, -4, -3), [1, -11, 73, -290, 803, -1331, 1331], 3.11.al_cv_ale 
(-4, -4, -2), [1, -10, 65, -252, 715, -1210, 1331], 3.11.ak_cn_ajs 
(-4, -3, -3), [1, -10, 66, -256, 726, -1210, 1331], 3.11.ak_co_ajw 
(-5, -5, 1), [1, -9, 48, -173, 528, -1089, 1331], 3.11.aj_bw_agr 
(-5, -3, -1), [1, -9, 56, -213, 616, -1089, 1331], 3.11.aj_ce_aif 
(-5, -2, -2), [1, -9, 57, -218, 627, -1089, 1331], 3.11.aj_cf_aik 
(-4, -4, -1), [1, -9, 57, -214, 627, -1089, 1331], 3.11.aj_cf_aig 
(-4, -3, -2), [1, -9, 59, -222, 649, -1089, 1331], 3.11.aj_ch_aio 
(-3, -3, -3), [1, -9, 60, -225, 660, -1089, 1331], 3.11.aj_ci_air 
(-3, -3, -2), [1, -8, 54, -194, 594, -968, 1331], 3.11.ai_cc_ahm 
(-5, -5, 3), [1, -7, 28, -79, 308, -847, 1331], 3.11.ah_bc_adb 
(-5, -3, 1), [1, -7, 40, -139, 440, -847, 1331], 3.11.ah_bo_afj 
(-5, -1, -1), [1, -7, 44, -159, 484, -847, 1331], 3.11.ah_bs_agd 
(-4, -2, -1), [1, -7, 47, -162, 517, -847, 1331], 3.11.ah_bv_agg 
(-3, -3, -1), [1, -7, 48, -163, 528, -847, 1331], 3.11.ah_bw_agh 
(-3, -2, -2), [1, -7, 49, -166, 539, -847, 1331], 3.11.ah_bx_agk 
(-3, -2, -1), [1, -6, 44, -138, 484, -726, 1331], 3.11.ag_bs_afi 
(-6, -5, 6), [1, -5, -3, 70, -33, -605, 1331], 3.11.af_ad_cs 
(-5, -5, 5), [1, -5, 8, 15, 88, -605, 1331], 3.11.af_i_p 
(-5, -3, 3), [1, -5, 24, -65, 264, -605, 1331], 3.11.af_y_acn 
(-5, -1, 1), [1, -5, 32, -105, 352, -605, 1331], 3.11.af_bg_aeb 
(-3, -3, 1), [1, -5, 36, -101, 396, -605, 1331], 3.11.af_bk_adx 
(-3, -1, -1), [1, -5, 40, -113, 440, -605, 1331], 3.11.af_bo_aej 
(-2, -2, -1), [1, -5, 41, -114, 451, -605, 1331], 3.11.af_bp_aek 
(-2, -1, -1), [1, -4, 38, -90, 418, -484, 1331], 3.11.ae_bm_adm 
(-5, -3, 5), [1, -3, 8, 9, 88, -363, 1331], 3.11.ad_i_j 
(-5, -1, 3), [1, -3, 20, -51, 220, -363, 1331], 3.11.ad_u_abz 
(-5, 1, 1), [1, -3, 24, -71, 264, -363, 1331], 3.11.ad_y_act 
(-3, -3, 3), [1, -3, 24, -39, 264, -363, 1331], 3.11.ad_y_abn 
(-3, -1, 1), [1, -3, 32, -63, 352, -363, 1331], 3.11.ad_bg_acl 
(-2, -2, 1), [1, -3, 33, -62, 363, -363, 1331], 3.11.ad_bh_ack 
(-1, -1, -1), [1, -3, 36, -67, 396, -363, 1331], 3.11.ad_bk_acp 
(-5, -1, 5), [1, -1, 8, 3, 88, -121, 1331], 3.11.ab_i_d 
(-3, -3, 5), [1, -1, 12, 23, 132, -121, 1331], 3.11.ab_m_x 
(-5, 1, 3), [1, -1, 16, -37, 176, -121, 1331], 3.11.ab_q_abl 
(-3, -1, 3), [1, -1, 24, -13, 264, -121, 1331], 3.11.ab_y_an 
(-3, 1, 1), [1, -1, 28, -25, 308, -121, 1331], 3.11.ab_bc_az 
(-2, -1, 2), [1, -1, 29, -18, 319, -121, 1331], 3.11.ab_bd_as 
(-1, -1, 1), [1, -1, 32, -21, 352, -121, 1331], 3.11.ab_bg_av 
(-5, 1, 5), [1, 1, 8, -3, 88, 121, 1331], 3.11.b_i_ad 
(-5, 3, 3), [1, 1, 12, -23, 132, 121, 1331], 3.11.b_m_ax 
(-3, -1, 5), [1, 1, 16, 37, 176, 121, 1331], 3.11.b_q_bl 
(-3, 1, 3), [1, 1, 24, 13, 264, 121, 1331], 3.11.b_y_n 
(-1, -1, 3), [1, 1, 28, 25, 308, 121, 1331], 3.11.b_bc_z 
(-2, 1, 2), [1, 1, 29, 18, 319, 121, 1331], 3.11.b_bd_s 
(-1, 1, 1), [1, 1, 32, 21, 352, 121, 1331], 3.11.b_bg_v 
(-5, 3, 5), [1, 3, 8, -9, 88, 363, 1331], 3.11.d_i_aj 
(-3, 1, 5), [1, 3, 20, 51, 220, 363, 1331], 3.11.d_u_bz 
(-3, 3, 3), [1, 3, 24, 39, 264, 363, 1331], 3.11.d_y_bn 
(-1, -1, 5), [1, 3, 24, 71, 264, 363, 1331], 3.11.d_y_ct 
(-1, 1, 3), [1, 3, 32, 63, 352, 363, 1331], 3.11.d_bg_cl 
(-1, 2, 2), [1, 3, 33, 62, 363, 363, 1331], 3.11.d_bh_ck 
(1, 1, 1), [1, 3, 36, 67, 396, 363, 1331], 3.11.d_bk_cp 
(1, 1, 2), [1, 4, 38, 90, 418, 484, 1331], 3.11.e_bm_dm 
(-6, 5, 6), [1, 5, -3, -70, -33, 605, 1331], 3.11.f_ad_acs 
(-5, 5, 5), [1, 5, 8, -15, 88, 605, 1331], 3.11.f_i_ap 
(-3, 3, 5), [1, 5, 24, 65, 264, 605, 1331], 3.11.f_y_cn 
(-1, 1, 5), [1, 5, 32, 105, 352, 605, 1331], 3.11.f_bg_eb 
(-1, 3, 3), [1, 5, 36, 101, 396, 605, 1331], 3.11.f_bk_dx 
(1, 1, 3), [1, 5, 40, 113, 440, 605, 1331], 3.11.f_bo_ej 
(1, 2, 2), [1, 5, 41, 114, 451, 605, 1331], 3.11.f_bp_ek 
(1, 2, 3), [1, 6, 44, 138, 484, 726, 1331], 3.11.g_bs_fi 
(-3, 5, 5), [1, 7, 28, 79, 308, 847, 1331], 3.11.h_bc_db 
(-1, 3, 5), [1, 7, 40, 139, 440, 847, 1331], 3.11.h_bo_fj 
(1, 1, 5), [1, 7, 44, 159, 484, 847, 1331], 3.11.h_bs_gd 
(1, 2, 4), [1, 7, 47, 162, 517, 847, 1331], 3.11.h_bv_gg 
(1, 3, 3), [1, 7, 48, 163, 528, 847, 1331], 3.11.h_bw_gh 
(2, 2, 3), [1, 7, 49, 166, 539, 847, 1331], 3.11.h_bx_gk 
(2, 3, 3), [1, 8, 54, 194, 594, 968, 1331], 3.11.i_cc_hm 
(-1, 5, 5), [1, 9, 48, 173, 528, 1089, 1331], 3.11.j_bw_gr 
(1, 3, 5), [1, 9, 56, 213, 616, 1089, 1331], 3.11.j_ce_if 
(1, 4, 4), [1, 9, 57, 214, 627, 1089, 1331], 3.11.j_cf_ig 
(2, 2, 5), [1, 9, 57, 218, 627, 1089, 1331], 3.11.j_cf_ik 
(2, 3, 4), [1, 9, 59, 222, 649, 1089, 1331], 3.11.j_ch_io 
(3, 3, 3), [1, 9, 60, 225, 660, 1089, 1331], 3.11.j_ci_ir 
(2, 4, 4), [1, 10, 65, 252, 715, 1210, 1331], 3.11.k_cn_js 
(3, 3, 4), [1, 10, 66, 256, 726, 1210, 1331], 3.11.k_co_jw 
(1, 5, 5), [1, 11, 68, 267, 748, 1331, 1331], 3.11.l_cq_kh 
(2, 3, 6), [1, 11, 69, 278, 759, 1331, 1331], 3.11.l_cr_ks 
(2, 4, 5), [1, 11, 71, 282, 781, 1331, 1331], 3.11.l_ct_kw 
(3, 3, 5), [1, 11, 72, 287, 792, 1331, 1331], 3.11.l_cu_lb 
(3, 4, 4), [1, 11, 73, 290, 803, 1331, 1331], 3.11.l_cv_le 
(3, 4, 5), [1, 12, 80, 324, 880, 1452, 1331], 3.11.m_dc_mm 
(1, 6, 6), [1, 13, 81, 322, 891, 1573, 1331], 3.11.n_dd_mk 
(2, 5, 6), [1, 13, 85, 346, 935, 1573, 1331], 3.11.n_dh_ni 
(3, 4, 6), [1, 13, 87, 358, 957, 1573, 1331], 3.11.n_dj_nu 
(3, 5, 5), [1, 13, 88, 361, 968, 1573, 1331], 3.11.n_dk_nx 
(4, 4, 5), [1, 13, 89, 366, 979, 1573, 1331], 3.11.n_dl_oc 
(2, 6, 6), [1, 14, 93, 380, 1023, 1694, 1331], 3.11.o_dp_oq 
(3, 5, 6), [1, 14, 96, 398, 1056, 1694, 1331], 3.11.o_ds_pi 
(4, 4, 6), [1, 14, 97, 404, 1067, 1694, 1331], 3.11.o_dt_po 
(4, 5, 5), [1, 14, 98, 408, 1078, 1694, 1331], 3.11.o_du_ps 
(3, 6, 6), [1, 15, 105, 438, 1155, 1815, 1331], 3.11.p_eb_qw 
(4, 5, 6), [1, 15, 107, 450, 1177, 1815, 1331], 3.11.p_ed_ri 
(5, 5, 5), [1, 15, 108, 455, 1188, 1815, 1331], 3.11.p_ee_rn 
(4, 6, 6), [1, 16, 117, 496, 1287, 1936, 1331], 3.11.q_en_tc 
(5, 5, 6), [1, 16, 118, 502, 1298, 1936, 1331], 3.11.q_eo_ti 
(5, 6, 6), [1, 17, 129, 554, 1419, 2057, 1331], 3.11.r_ez_vi 
(6, 6, 6), [1, 18, 141, 612, 1551, 2178, 1331], 3.11.s_fl_xo 
