(-2, -2, 1), [1, -4, 9, -18, 36, -64, 64], 3.4.ae_j_as 
(-2, -2, 3), [1, -4, 11, -22, 44, -64, 64], 3.4.ae_l_aw 
(-1, -3, 6), [1, -4, 13, -30, 52, -64, 64], 3.4.ae_n_abe 
(-2, 0, -5), [1, -2, -1, 10, -4, -32, 64], 3.4.ac_ab_k 
(-2, 0, -3), [1, -2, 1, 6, 4, -32, 64], 3.4.ac_b_g 
(-3, 1, 0), [1, -2, 1, 8, 4, -32, 64], 3.4.ac_b_i 
(-1, -1, -2), [1, -2, 3, -6, 12, -32, 64], 3.4.ac_d_ag 
(0, -2, 1), [1, -2, 5, -16, 20, -32, 64], 3.4.ac_f_aq 
(2, -4, 9), [1, -2, 5, -14, 20, -32, 64], 3.4.ac_f_ao 
(-1, -1, 0), [1, -2, 5, -8, 20, -32, 64], 3.4.ac_f_ai 
(-3, 1, 4), [1, -2, 5, -4, 20, -32, 64], 3.4.ac_f_ae 
(0, 0, -7), [1, 0, -3, 0, -12, 0, 64], 3.4.a_ad_a 
(0, 0, -5), [1, 0, -1, 0, -4, 0, 64], 3.4.a_ab_a 
(1, -1, -2), [1, 0, 1, -10, 4, 0, 64], 3.4.a_b_ak 
(3, -3, 6), [1, 0, 1, -6, 4, 0, 64], 3.4.a_b_ag 
(0, 0, -3), [1, 0, 1, 0, 4, 0, 64], 3.4.a_b_a 
(-3, 3, 6), [1, 0, 1, 6, 4, 0, 64], 3.4.a_b_g 
(-1, 1, -2), [1, 0, 1, 10, 4, 0, 64], 3.4.a_b_k 
(1, -1, 0), [1, 0, 3, -8, 12, 0, 64], 3.4.a_d_ai 
(-1, 1, 0), [1, 0, 3, 8, 12, 0, 64], 3.4.a_d_i 
(0, 0, 3), [1, 0, 7, 0, 28, 0, 64], 3.4.a_h_a 
(2, 0, -5), [1, 2, -1, -10, -4, 32, 64], 3.4.c_ab_ak 
(3, -1, 0), [1, 2, 1, -8, 4, 32, 64], 3.4.c_b_ai 
(2, 0, -3), [1, 2, 1, -6, 4, 32, 64], 3.4.c_b_ag 
(1, 1, -2), [1, 2, 3, 6, 12, 32, 64], 3.4.c_d_g 
(3, -1, 4), [1, 2, 5, 4, 20, 32, 64], 3.4.c_f_e 
(1, 1, 0), [1, 2, 5, 8, 20, 32, 64], 3.4.c_f_i 
(-2, 4, 9), [1, 2, 5, 14, 20, 32, 64], 3.4.c_f_o 
(0, 2, 1), [1, 2, 5, 16, 20, 32, 64], 3.4.c_f_q 
(2, 2, 1), [1, 4, 9, 18, 36, 64, 64], 3.4.e_j_s 
(2, 2, 3), [1, 4, 11, 22, 44, 64, 64], 3.4.e_l_w 
(1, 3, 6), [1, 4, 13, 30, 52, 64, 64], 3.4.e_n_be 
