(-4, -4, 9), [1, -8, 29, -68, 116, -128, 64], 3.4.ai_bd_acq 
(-4, -2, 1), [1, -6, 13, -20, 52, -96, 64], 3.4.ag_n_au 
(-4, -2, 3), [1, -6, 15, -28, 60, -96, 64], 3.4.ag_p_abc 
(-4, -2, 7), [1, -6, 19, -44, 76, -96, 64], 3.4.ag_t_abs 
(-3, -3, 6), [1, -6, 19, -42, 76, -96, 64], 3.4.ag_t_abq 
(-2, -4, 9), [1, -6, 21, -50, 84, -96, 64], 3.4.ag_v_aby 
(-4, 0, -7), [1, -4, -3, 28, -12, -64, 64], 3.4.ae_ad_bc 
(-4, 0, -5), [1, -4, -1, 20, -4, -64, 64], 3.4.ae_ab_u 
(-4, 0, -3), [1, -4, 1, 12, 4, -64, 64], 3.4.ae_b_m 
(-4, 0, 1), [1, -4, 5, -4, 20, -64, 64], 3.4.ae_f_ae 
(-3, -1, -2), [1, -4, 5, -2, 20, -64, 64], 3.4.ae_f_ac 
(-4, 0, 3), [1, -4, 7, -12, 28, -64, 64], 3.4.ae_h_am 
(-3, -1, 0), [1, -4, 7, -8, 28, -64, 64], 3.4.ae_h_ai 
(-4, 0, 5), [1, -4, 9, -20, 36, -64, 64], 3.4.ae_j_au 
(-3, -1, 4), [1, -4, 11, -20, 44, -64, 64], 3.4.ae_l_au 
(0, -4, 9), [1, -4, 13, -32, 52, -64, 64], 3.4.ae_n_abg 
(-2, -2, 7), [1, -4, 15, -30, 60, -64, 64], 3.4.ae_p_abe 
(-4, 2, 1), [1, -2, -3, 12, -12, -32, 64], 3.4.ac_ad_m 
(-2, 0, -7), [1, -2, -3, 14, -12, -32, 64], 3.4.ac_ad_o 
(-4, 2, 3), [1, -2, -1, 4, -4, -32, 64], 3.4.ac_ab_e 
(-3, 1, -2), [1, -2, -1, 14, -4, -32, 64], 3.4.ac_ab_o 
(-4, 2, 7), [1, -2, 3, -12, 12, -32, 64], 3.4.ac_d_am 
(-2, 0, 1), [1, -2, 5, -2, 20, -32, 64], 3.4.ac_f_ac 
(1, -3, 6), [1, -2, 7, -18, 28, -32, 64], 3.4.ac_h_as 
(0, -2, 3), [1, -2, 7, -16, 28, -32, 64], 3.4.ac_h_aq 
(-2, 0, 3), [1, -2, 7, -6, 28, -32, 64], 3.4.ac_h_ag 
(-1, -1, 4), [1, -2, 9, -12, 36, -32, 64], 3.4.ac_j_am 
(-2, 0, 5), [1, -2, 9, -10, 36, -32, 64], 3.4.ac_j_ak 
(0, -2, 7), [1, -2, 11, -16, 44, -32, 64], 3.4.ac_l_aq 
(-4, 4, 9), [1, 0, -3, -4, -12, 0, 64], 3.4.a_ad_ae 
(4, -4, 9), [1, 0, -3, 4, -12, 0, 64], 3.4.a_ad_e 
(2, -2, 1), [1, 0, 1, -14, 4, 0, 64], 3.4.a_b_ao 
(-2, 2, 1), [1, 0, 1, 14, 4, 0, 64], 3.4.a_b_o 
(2, -2, 3), [1, 0, 3, -10, 12, 0, 64], 3.4.a_d_ak 
(-2, 2, 3), [1, 0, 3, 10, 12, 0, 64], 3.4.a_d_k 
(0, 0, 1), [1, 0, 5, 0, 20, 0, 64], 3.4.a_f_a 
(1, -1, 4), [1, 0, 7, -4, 28, 0, 64], 3.4.a_h_ae 
(2, -2, 7), [1, 0, 7, -2, 28, 0, 64], 3.4.a_h_ac 
(-2, 2, 7), [1, 0, 7, 2, 28, 0, 64], 3.4.a_h_c 
(-1, 1, 4), [1, 0, 7, 4, 28, 0, 64], 3.4.a_h_e 
(2, 0, -7), [1, 2, -3, -14, -12, 32, 64], 3.4.c_ad_ao 
(4, -2, 1), [1, 2, -3, -12, -12, 32, 64], 3.4.c_ad_am 
(3, -1, -2), [1, 2, -1, -14, -4, 32, 64], 3.4.c_ab_ao 
(4, -2, 3), [1, 2, -1, -4, -4, 32, 64], 3.4.c_ab_ae 
(4, -2, 7), [1, 2, 3, 12, 12, 32, 64], 3.4.c_d_m 
(2, 0, 1), [1, 2, 5, 2, 20, 32, 64], 3.4.c_f_c 
(2, 0, 3), [1, 2, 7, 6, 28, 32, 64], 3.4.c_h_g 
(0, 2, 3), [1, 2, 7, 16, 28, 32, 64], 3.4.c_h_q 
(-1, 3, 6), [1, 2, 7, 18, 28, 32, 64], 3.4.c_h_s 
(2, 0, 5), [1, 2, 9, 10, 36, 32, 64], 3.4.c_j_k 
(1, 1, 4), [1, 2, 9, 12, 36, 32, 64], 3.4.c_j_m 
(0, 2, 7), [1, 2, 11, 16, 44, 32, 64], 3.4.c_l_q 
(4, 0, -7), [1, 4, -3, -28, -12, 64, 64], 3.4.e_ad_abc 
(4, 0, -5), [1, 4, -1, -20, -4, 64, 64], 3.4.e_ab_au 
(4, 0, -3), [1, 4, 1, -12, 4, 64, 64], 3.4.e_b_am 
(3, 1, -2), [1, 4, 5, 2, 20, 64, 64], 3.4.e_f_c 
(4, 0, 1), [1, 4, 5, 4, 20, 64, 64], 3.4.e_f_e 
(3, 1, 0), [1, 4, 7, 8, 28, 64, 64], 3.4.e_h_i 
(4, 0, 3), [1, 4, 7, 12, 28, 64, 64], 3.4.e_h_m 
(4, 0, 5), [1, 4, 9, 20, 36, 64, 64], 3.4.e_j_u 
(3, 1, 4), [1, 4, 11, 20, 44, 64, 64], 3.4.e_l_u 
(0, 4, 9), [1, 4, 13, 32, 52, 64, 64], 3.4.e_n_bg 
(2, 2, 7), [1, 4, 15, 30, 60, 64, 64], 3.4.e_p_be 
(4, 2, 1), [1, 6, 13, 20, 52, 96, 64], 3.4.g_n_u 
(4, 2, 3), [1, 6, 15, 28, 60, 96, 64], 3.4.g_p_bc 
(3, 3, 6), [1, 6, 19, 42, 76, 96, 64], 3.4.g_t_bq 
(4, 2, 7), [1, 6, 19, 44, 76, 96, 64], 3.4.g_t_bs 
(2, 4, 9), [1, 6, 21, 50, 84, 96, 64], 3.4.g_v_by 
(4, 4, 9), [1, 8, 29, 68, 116, 128, 64], 3.4.i_bd_cq 
