(-4, -3, 5), [1, -7, 22, -50, 110, -175, 125], 3.5.ah_w_aby 
(-4, -2, 0), [1, -6, 13, -20, 65, -150, 125], 3.5.ag_n_au 
(-4, -2, 5), [1, -6, 18, -40, 90, -150, 125], 3.5.ag_s_abo 
(0, -6, 17), [1, -6, 22, -60, 110, -150, 125], 3.5.ag_w_aci 
(-4, -1, -5), [1, -5, 4, 10, 20, -125, 125], 3.5.af_e_k 
(-4, -1, 0), [1, -5, 9, -10, 45, -125, 125], 3.5.af_j_ak 
(-3, -1, -5), [1, -4, 3, 5, 15, -100, 125], 3.5.ae_d_f 
(-3, -1, 5), [1, -4, 13, -25, 65, -100, 125], 3.5.ae_n_az 
(0, -4, 9), [1, -4, 14, -40, 70, -100, 125], 3.5.ae_o_abo 
(0, -4, 11), [1, -4, 16, -40, 80, -100, 125], 3.5.ae_q_abo 
(-4, 1, -5), [1, -3, -4, 30, -20, -75, 125], 3.5.ad_ae_be 
(-2, -1, 5), [1, -3, 12, -20, 60, -75, 125], 3.5.ad_m_au 
(0, -3, 9), [1, -3, 14, -30, 70, -75, 125], 3.5.ad_o_abe 
(0, -3, 11), [1, -3, 16, -30, 80, -75, 125], 3.5.ad_q_abe 
(-3, 1, -5), [1, -2, -3, 25, -15, -50, 125], 3.5.ac_ad_z 
(1, -3, 5), [1, -2, 7, -25, 35, -50, 125], 3.5.ac_h_az 
(-1, -1, 5), [1, -2, 11, -15, 55, -50, 125], 3.5.ac_l_ap 
(0, -2, 8), [1, -2, 13, -20, 65, -50, 125], 3.5.ac_n_au 
(0, -2, 9), [1, -2, 14, -20, 70, -50, 125], 3.5.ac_o_au 
(-4, 3, 5), [1, -1, -2, 10, -10, -25, 125], 3.5.ab_ac_k 
(-3, 2, 0), [1, -1, -1, 20, -5, -25, 125], 3.5.ab_ab_u 
(-2, 1, 5), [1, -1, 8, 0, 40, -25, 125], 3.5.ab_i_a 
(0, -1, 9), [1, -1, 14, -10, 70, -25, 125], 3.5.ab_o_ak 
(0, 0, -9), [1, 0, -4, 0, -20, 0, 125], 3.5.a_ae_a 
(0, 0, -1), [1, 0, 4, 0, 20, 0, 125], 3.5.a_e_a 
(0, 0, 3), [1, 0, 8, 0, 40, 0, 125], 3.5.a_i_a 
(1, -1, 5), [1, 0, 9, -5, 45, 0, 125], 3.5.a_j_af 
(-1, 1, 5), [1, 0, 9, 5, 45, 0, 125], 3.5.a_j_f 
(0, 0, 7), [1, 0, 12, 0, 60, 0, 125], 3.5.a_m_a 
(0, 0, 8), [1, 0, 13, 0, 65, 0, 125], 3.5.a_n_a 
(4, -3, 5), [1, 1, -2, -10, -10, 25, 125], 3.5.b_ac_ak 
(3, -2, 0), [1, 1, -1, -20, -5, 25, 125], 3.5.b_ab_au 
(2, -1, 5), [1, 1, 8, 0, 40, 25, 125], 3.5.b_i_a 
(0, 1, 9), [1, 1, 14, 10, 70, 25, 125], 3.5.b_o_k 
(3, -1, -5), [1, 2, -3, -25, -15, 50, 125], 3.5.c_ad_az 
(-1, 3, 5), [1, 2, 7, 25, 35, 50, 125], 3.5.c_h_z 
(1, 1, 5), [1, 2, 11, 15, 55, 50, 125], 3.5.c_l_p 
(0, 2, 8), [1, 2, 13, 20, 65, 50, 125], 3.5.c_n_u 
(0, 2, 9), [1, 2, 14, 20, 70, 50, 125], 3.5.c_o_u 
(4, -1, -5), [1, 3, -4, -30, -20, 75, 125], 3.5.d_ae_abe 
(2, 1, 5), [1, 3, 12, 20, 60, 75, 125], 3.5.d_m_u 
(0, 3, 9), [1, 3, 14, 30, 70, 75, 125], 3.5.d_o_be 
(0, 3, 11), [1, 3, 16, 30, 80, 75, 125], 3.5.d_q_be 
(3, 1, -5), [1, 4, 3, -5, 15, 100, 125], 3.5.e_d_af 
(3, 1, 5), [1, 4, 13, 25, 65, 100, 125], 3.5.e_n_z 
(0, 4, 9), [1, 4, 14, 40, 70, 100, 125], 3.5.e_o_bo 
(0, 4, 11), [1, 4, 16, 40, 80, 100, 125], 3.5.e_q_bo 
(4, 1, -5), [1, 5, 4, -10, 20, 125, 125], 3.5.f_e_ak 
(4, 1, 0), [1, 5, 9, 10, 45, 125, 125], 3.5.f_j_k 
(4, 2, 0), [1, 6, 13, 20, 65, 150, 125], 3.5.g_n_u 
(4, 2, 5), [1, 6, 18, 40, 90, 150, 125], 3.5.g_s_bo 
(0, 6, 17), [1, 6, 22, 60, 110, 150, 125], 3.5.g_w_ci 
(4, 3, 5), [1, 7, 22, 50, 110, 175, 125], 3.5.h_w_by 
