(-4, -9, 35), [1, -13, 79, -284, 632, -832, 512], 3.8.an_db_aky 
(-5, -7, 24), [1, -12, 67, -232, 536, -768, 512], 3.8.am_cp_aiy 
(-4, -7, 25), [1, -11, 61, -212, 488, -704, 512], 3.8.al_cj_aie 
(-4, -7, 27), [1, -11, 63, -220, 504, -704, 512], 3.8.al_cl_aim 
(-4, -6, 19), [1, -10, 51, -172, 408, -640, 512], 3.8.ak_bz_agq 
(-3, -7, 24), [1, -10, 53, -184, 424, -640, 512], 3.8.ak_cb_ahc 
(-4, -6, 23), [1, -10, 55, -188, 440, -640, 512], 3.8.ak_cd_ahg 
(-4, -5, 13), [1, -9, 41, -132, 328, -576, 512], 3.8.aj_bp_afc 
(0, -9, 35), [1, -9, 43, -144, 344, -576, 512], 3.8.aj_br_afo 
(-4, -5, 15), [1, -9, 43, -140, 344, -576, 512], 3.8.aj_br_afk 
(-4, -5, 17), [1, -9, 45, -148, 360, -576, 512], 3.8.aj_bt_afs 
(-4, -5, 19), [1, -9, 47, -156, 376, -576, 512], 3.8.aj_bv_aga 
(-4, -5, 21), [1, -9, 49, -164, 392, -576, 512], 3.8.aj_bx_agi 
(-5, -3, 4), [1, -8, 27, -68, 216, -512, 512], 3.8.ai_bb_acq 
(-4, -4, 7), [1, -8, 31, -92, 248, -512, 512], 3.8.ai_bf_ado 
(-5, -3, 8), [1, -8, 31, -88, 248, -512, 512], 3.8.ai_bf_adk 
(-4, -4, 13), [1, -8, 37, -116, 296, -512, 512], 3.8.ai_bl_aem 
(-1, -7, 24), [1, -8, 39, -136, 312, -512, 512], 3.8.ai_bn_afg 
(-4, -4, 15), [1, -8, 39, -124, 312, -512, 512], 3.8.ai_bn_aeu 
(-4, -4, 17), [1, -8, 41, -132, 328, -512, 512], 3.8.ai_bp_afc 
(-4, -3, 1), [1, -7, 21, -52, 168, -448, 512], 3.8.ah_v_aca 
(-4, -3, 3), [1, -7, 23, -60, 184, -448, 512], 3.8.ah_x_aci 
(-4, -3, 5), [1, -7, 25, -68, 200, -448, 512], 3.8.ah_z_acq 
(-4, -3, 7), [1, -7, 27, -76, 216, -448, 512], 3.8.ah_bb_acy 
(-4, -3, 9), [1, -7, 29, -84, 232, -448, 512], 3.8.ah_bd_adg 
(-4, -3, 11), [1, -7, 31, -92, 248, -448, 512], 3.8.ah_bf_ado 
(0, -7, 25), [1, -7, 33, -112, 264, -448, 512], 3.8.ah_bh_aei 
(-4, -3, 13), [1, -7, 33, -100, 264, -448, 512], 3.8.ah_bh_adw 
(0, -7, 27), [1, -7, 35, -112, 280, -448, 512], 3.8.ah_bj_aei 
(-4, -3, 15), [1, -7, 35, -108, 280, -448, 512], 3.8.ah_bj_aee 
(-4, -3, 17), [1, -7, 37, -116, 296, -448, 512], 3.8.ah_bl_aem 
(-5, -1, -8), [1, -6, 5, 24, 40, -384, 512], 3.8.ag_f_y 
(-5, -1, 0), [1, -6, 13, -16, 104, -384, 512], 3.8.ag_n_aq 
(-4, -2, 3), [1, -6, 19, -44, 152, -384, 512], 3.8.ag_t_abs 
(-4, -2, 5), [1, -6, 21, -52, 168, -384, 512], 3.8.ag_v_aca 
(-4, -2, 7), [1, -6, 23, -60, 184, -384, 512], 3.8.ag_x_aci 
(-4, -2, 9), [1, -6, 25, -68, 200, -384, 512], 3.8.ag_z_acq 
(0, -6, 19), [1, -6, 27, -96, 216, -384, 512], 3.8.ag_bb_ads 
(-4, -2, 11), [1, -6, 27, -76, 216, -384, 512], 3.8.ag_bb_acy 
(-4, -1, -9), [1, -5, 3, 20, 24, -320, 512], 3.8.af_d_u 
(-4, -1, -7), [1, -5, 5, 12, 40, -320, 512], 3.8.af_f_m 
(4, -9, 35), [1, -5, 7, -4, 56, -320, 512], 3.8.af_h_ae 
(-4, -1, -5), [1, -5, 7, 4, 56, -320, 512], 3.8.af_h_e 
(-4, -1, -3), [1, -5, 9, -4, 72, -320, 512], 3.8.af_j_ae 
(-4, -1, -1), [1, -5, 11, -12, 88, -320, 512], 3.8.af_l_am 
(-4, -1, 1), [1, -5, 13, -20, 104, -320, 512], 3.8.af_n_au 
(-4, -1, 3), [1, -5, 15, -28, 120, -320, 512], 3.8.af_p_abc 
(-4, -1, 5), [1, -5, 17, -36, 136, -320, 512], 3.8.af_r_abk 
(-4, -1, 7), [1, -5, 19, -44, 152, -320, 512], 3.8.af_t_abs 
(0, -5, 13), [1, -5, 21, -80, 168, -320, 512], 3.8.af_v_adc 
(-4, -1, 9), [1, -5, 21, -52, 168, -320, 512], 3.8.af_v_aca 
(0, -5, 15), [1, -5, 23, -80, 184, -320, 512], 3.8.af_x_adc 
(-4, -1, 11), [1, -5, 23, -60, 184, -320, 512], 3.8.af_x_aci 
(0, -5, 17), [1, -5, 25, -80, 200, -320, 512], 3.8.af_z_adc 
(-4, -1, 13), [1, -5, 25, -68, 200, -320, 512], 3.8.af_z_acq 
(0, -5, 19), [1, -5, 27, -80, 216, -320, 512], 3.8.af_bb_adc 
(-4, -1, 15), [1, -5, 27, -76, 216, -320, 512], 3.8.af_bb_acy 
(0, -5, 21), [1, -5, 29, -80, 232, -320, 512], 3.8.af_bd_adc 
(-4, 0, -13), [1, -4, -5, 52, -40, -256, 512], 3.8.ae_af_ca 
(-5, 1, -8), [1, -4, -5, 56, -40, -256, 512], 3.8.ae_af_ce 
(-4, 0, -7), [1, -4, 1, 28, 8, -256, 512], 3.8.ae_b_bc 
(-4, 0, -3), [1, -4, 5, 12, 40, -256, 512], 3.8.ae_f_m 
(-4, 0, -1), [1, -4, 7, 4, 56, -256, 512], 3.8.ae_h_e 
(-4, 0, 1), [1, -4, 9, -4, 72, -256, 512], 3.8.ae_j_ae 
(-4, 0, 3), [1, -4, 11, -12, 88, -256, 512], 3.8.ae_l_am 
(-4, 0, 5), [1, -4, 13, -20, 104, -256, 512], 3.8.ae_n_au 
(-4, 0, 11), [1, -4, 19, -44, 152, -256, 512], 3.8.ae_t_abs 
(-3, -1, 8), [1, -4, 19, -40, 152, -256, 512], 3.8.ae_t_abo 
(0, -4, 13), [1, -4, 21, -64, 168, -256, 512], 3.8.ae_v_acm 
(0, -4, 15), [1, -4, 23, -64, 184, -256, 512], 3.8.ae_x_acm 
(-3, -1, 12), [1, -4, 23, -52, 184, -256, 512], 3.8.ae_x_aca 
(0, -4, 17), [1, -4, 25, -64, 200, -256, 512], 3.8.ae_z_acm 
(-4, 1, -9), [1, -3, -5, 52, -40, -192, 512], 3.8.ad_af_ca 
(-4, 1, -7), [1, -3, -3, 44, -24, -192, 512], 3.8.ad_ad_bs 
(-4, 1, -5), [1, -3, -1, 36, -8, -192, 512], 3.8.ad_ab_bk 
(-4, 1, -3), [1, -3, 1, 28, 8, -192, 512], 3.8.ad_b_bc 
(-4, 1, -1), [1, -3, 3, 20, 24, -192, 512], 3.8.ad_d_u 
(4, -7, 25), [1, -3, 5, -12, 40, -192, 512], 3.8.ad_f_am 
(-4, 1, 1), [1, -3, 5, 12, 40, -192, 512], 3.8.ad_f_m 
(4, -7, 27), [1, -3, 7, -4, 56, -192, 512], 3.8.ad_h_ae 
(-4, 1, 3), [1, -3, 7, 4, 56, -192, 512], 3.8.ad_h_e 
(0, -3, 1), [1, -3, 9, -48, 72, -192, 512], 3.8.ad_j_abw 
(-4, 1, 5), [1, -3, 9, -4, 72, -192, 512], 3.8.ad_j_ae 
(0, -3, 3), [1, -3, 11, -48, 88, -192, 512], 3.8.ad_l_abw 
(-4, 1, 7), [1, -3, 11, -12, 88, -192, 512], 3.8.ad_l_am 
(0, -3, 5), [1, -3, 13, -48, 104, -192, 512], 3.8.ad_n_abw 
(-4, 1, 9), [1, -3, 13, -20, 104, -192, 512], 3.8.ad_n_au 
(0, -3, 7), [1, -3, 15, -48, 120, -192, 512], 3.8.ad_p_abw 
(-4, 1, 11), [1, -3, 15, -28, 120, -192, 512], 3.8.ad_p_abc 
(0, -3, 9), [1, -3, 17, -48, 136, -192, 512], 3.8.ad_r_abw 
(-4, 1, 13), [1, -3, 17, -36, 136, -192, 512], 3.8.ad_r_abk 
(0, -3, 11), [1, -3, 19, -48, 152, -192, 512], 3.8.ad_t_abw 
(-4, 1, 15), [1, -3, 19, -44, 152, -192, 512], 3.8.ad_t_abs 
(0, -3, 13), [1, -3, 21, -48, 168, -192, 512], 3.8.ad_v_abw 
(0, -3, 15), [1, -3, 23, -48, 184, -192, 512], 3.8.ad_x_abw 
(0, -3, 17), [1, -3, 25, -48, 200, -192, 512], 3.8.ad_z_abw 
(-3, 1, 8), [1, -2, 13, -8, 104, -128, 512], 3.8.ac_n_ai 
(0, -2, 15), [1, -2, 23, -32, 184, -128, 512], 3.8.ac_x_abg 
(-4, 3, 1), [1, -1, -3, 44, -24, -64, 512], 3.8.ab_ad_bs 
(0, -1, -9), [1, -1, -1, -16, -8, -64, 512], 3.8.ab_ab_aq 
(-4, 3, 3), [1, -1, -1, 36, -8, -64, 512], 3.8.ab_ab_bk 
(4, -5, 13), [1, -1, 1, -28, 8, -64, 512], 3.8.ab_b_abc 
(0, -1, -7), [1, -1, 1, -16, 8, -64, 512], 3.8.ab_b_aq 
(-4, 3, 5), [1, -1, 1, 28, 8, -64, 512], 3.8.ab_b_bc 
(4, -5, 15), [1, -1, 3, -20, 24, -64, 512], 3.8.ab_d_au 
(0, -1, -5), [1, -1, 3, -16, 24, -64, 512], 3.8.ab_d_aq 
(-4, 3, 7), [1, -1, 3, 20, 24, -64, 512], 3.8.ab_d_u 
(0, -1, -3), [1, -1, 5, -16, 40, -64, 512], 3.8.ab_f_aq 
(4, -5, 17), [1, -1, 5, -12, 40, -64, 512], 3.8.ab_f_am 
(-4, 3, 9), [1, -1, 5, 12, 40, -64, 512], 3.8.ab_f_m 
(0, -1, -1), [1, -1, 7, -16, 56, -64, 512], 3.8.ab_h_aq 
(4, -5, 19), [1, -1, 7, -4, 56, -64, 512], 3.8.ab_h_ae 
(-4, 3, 11), [1, -1, 7, 4, 56, -64, 512], 3.8.ab_h_e 
(0, -1, 1), [1, -1, 9, -16, 72, -64, 512], 3.8.ab_j_aq 
(-4, 3, 13), [1, -1, 9, -4, 72, -64, 512], 3.8.ab_j_ae 
(4, -5, 21), [1, -1, 9, 4, 72, -64, 512], 3.8.ab_j_e 
(0, -1, 3), [1, -1, 11, -16, 88, -64, 512], 3.8.ab_l_aq 
(-4, 3, 15), [1, -1, 11, -12, 88, -64, 512], 3.8.ab_l_am 
(-4, 3, 17), [1, -1, 13, -20, 104, -64, 512], 3.8.ab_n_au 
(0, -1, 5), [1, -1, 13, -16, 104, -64, 512], 3.8.ab_n_aq 
(0, -1, 7), [1, -1, 15, -16, 120, -64, 512], 3.8.ab_p_aq 
(0, -1, 9), [1, -1, 17, -16, 136, -64, 512], 3.8.ab_r_aq 
(0, -1, 11), [1, -1, 19, -16, 152, -64, 512], 3.8.ab_t_aq 
(0, -1, 13), [1, -1, 21, -16, 168, -64, 512], 3.8.ab_v_aq 
(0, -1, 15), [1, -1, 23, -16, 184, -64, 512], 3.8.ab_x_aq 
(0, 0, -15), [1, 0, -7, 0, -56, 0, 512], 3.8.a_ah_a 
(0, 0, -7), [1, 0, 1, 0, 8, 0, 512], 3.8.a_b_a 
(0, 0, 9), [1, 0, 17, 0, 136, 0, 512], 3.8.a_r_a 
(1, -1, 12), [1, 0, 19, -4, 152, 0, 512], 3.8.a_t_ae 
(-1, 1, 12), [1, 0, 19, 4, 152, 0, 512], 3.8.a_t_e 
(0, 0, 13), [1, 0, 21, 0, 168, 0, 512], 3.8.a_v_a 
(4, -3, 1), [1, 1, -3, -44, -24, 64, 512], 3.8.b_ad_abs 
(4, -3, 3), [1, 1, -1, -36, -8, 64, 512], 3.8.b_ab_abk 
(0, 1, -9), [1, 1, -1, 16, -8, 64, 512], 3.8.b_ab_q 
(4, -3, 5), [1, 1, 1, -28, 8, 64, 512], 3.8.b_b_abc 
(0, 1, -7), [1, 1, 1, 16, 8, 64, 512], 3.8.b_b_q 
(-4, 5, 13), [1, 1, 1, 28, 8, 64, 512], 3.8.b_b_bc 
(4, -3, 7), [1, 1, 3, -20, 24, 64, 512], 3.8.b_d_au 
(0, 1, -5), [1, 1, 3, 16, 24, 64, 512], 3.8.b_d_q 
(-4, 5, 15), [1, 1, 3, 20, 24, 64, 512], 3.8.b_d_u 
(4, -3, 9), [1, 1, 5, -12, 40, 64, 512], 3.8.b_f_am 
(-4, 5, 17), [1, 1, 5, 12, 40, 64, 512], 3.8.b_f_m 
(0, 1, -3), [1, 1, 5, 16, 40, 64, 512], 3.8.b_f_q 
(4, -3, 11), [1, 1, 7, -4, 56, 64, 512], 3.8.b_h_ae 
(-4, 5, 19), [1, 1, 7, 4, 56, 64, 512], 3.8.b_h_e 
(0, 1, -1), [1, 1, 7, 16, 56, 64, 512], 3.8.b_h_q 
(-4, 5, 21), [1, 1, 9, -4, 72, 64, 512], 3.8.b_j_ae 
(4, -3, 13), [1, 1, 9, 4, 72, 64, 512], 3.8.b_j_e 
(0, 1, 1), [1, 1, 9, 16, 72, 64, 512], 3.8.b_j_q 
(4, -3, 15), [1, 1, 11, 12, 88, 64, 512], 3.8.b_l_m 
(0, 1, 3), [1, 1, 11, 16, 88, 64, 512], 3.8.b_l_q 
(0, 1, 5), [1, 1, 13, 16, 104, 64, 512], 3.8.b_n_q 
(4, -3, 17), [1, 1, 13, 20, 104, 64, 512], 3.8.b_n_u 
(0, 1, 7), [1, 1, 15, 16, 120, 64, 512], 3.8.b_p_q 
(0, 1, 9), [1, 1, 17, 16, 136, 64, 512], 3.8.b_r_q 
(0, 1, 11), [1, 1, 19, 16, 152, 64, 512], 3.8.b_t_q 
(0, 1, 13), [1, 1, 21, 16, 168, 64, 512], 3.8.b_v_q 
(0, 1, 15), [1, 1, 23, 16, 184, 64, 512], 3.8.b_x_q 
(3, -1, 8), [1, 2, 13, 8, 104, 128, 512], 3.8.c_n_i 
(0, 2, 15), [1, 2, 23, 32, 184, 128, 512], 3.8.c_x_bg 
(4, -1, -9), [1, 3, -5, -52, -40, 192, 512], 3.8.d_af_aca 
(4, -1, -7), [1, 3, -3, -44, -24, 192, 512], 3.8.d_ad_abs 
(4, -1, -5), [1, 3, -1, -36, -8, 192, 512], 3.8.d_ab_abk 
(4, -1, -3), [1, 3, 1, -28, 8, 192, 512], 3.8.d_b_abc 
(4, -1, -1), [1, 3, 3, -20, 24, 192, 512], 3.8.d_d_au 
(4, -1, 1), [1, 3, 5, -12, 40, 192, 512], 3.8.d_f_am 
(-4, 7, 25), [1, 3, 5, 12, 40, 192, 512], 3.8.d_f_m 
(4, -1, 3), [1, 3, 7, -4, 56, 192, 512], 3.8.d_h_ae 
(-4, 7, 27), [1, 3, 7, 4, 56, 192, 512], 3.8.d_h_e 
(4, -1, 5), [1, 3, 9, 4, 72, 192, 512], 3.8.d_j_e 
(0, 3, 1), [1, 3, 9, 48, 72, 192, 512], 3.8.d_j_bw 
(4, -1, 7), [1, 3, 11, 12, 88, 192, 512], 3.8.d_l_m 
(0, 3, 3), [1, 3, 11, 48, 88, 192, 512], 3.8.d_l_bw 
(4, -1, 9), [1, 3, 13, 20, 104, 192, 512], 3.8.d_n_u 
(0, 3, 5), [1, 3, 13, 48, 104, 192, 512], 3.8.d_n_bw 
(4, -1, 11), [1, 3, 15, 28, 120, 192, 512], 3.8.d_p_bc 
(0, 3, 7), [1, 3, 15, 48, 120, 192, 512], 3.8.d_p_bw 
(4, -1, 13), [1, 3, 17, 36, 136, 192, 512], 3.8.d_r_bk 
(0, 3, 9), [1, 3, 17, 48, 136, 192, 512], 3.8.d_r_bw 
(4, -1, 15), [1, 3, 19, 44, 152, 192, 512], 3.8.d_t_bs 
(0, 3, 11), [1, 3, 19, 48, 152, 192, 512], 3.8.d_t_bw 
(0, 3, 13), [1, 3, 21, 48, 168, 192, 512], 3.8.d_v_bw 
(0, 3, 15), [1, 3, 23, 48, 184, 192, 512], 3.8.d_x_bw 
(0, 3, 17), [1, 3, 25, 48, 200, 192, 512], 3.8.d_z_bw 
(5, -1, -8), [1, 4, -5, -56, -40, 256, 512], 3.8.e_af_ace 
(4, 0, -13), [1, 4, -5, -52, -40, 256, 512], 3.8.e_af_aca 
(4, 0, -7), [1, 4, 1, -28, 8, 256, 512], 3.8.e_b_abc 
(4, 0, -3), [1, 4, 5, -12, 40, 256, 512], 3.8.e_f_am 
(4, 0, -1), [1, 4, 7, -4, 56, 256, 512], 3.8.e_h_ae 
(4, 0, 1), [1, 4, 9, 4, 72, 256, 512], 3.8.e_j_e 
(4, 0, 3), [1, 4, 11, 12, 88, 256, 512], 3.8.e_l_m 
(4, 0, 5), [1, 4, 13, 20, 104, 256, 512], 3.8.e_n_u 
(3, 1, 8), [1, 4, 19, 40, 152, 256, 512], 3.8.e_t_bo 
(4, 0, 11), [1, 4, 19, 44, 152, 256, 512], 3.8.e_t_bs 
(0, 4, 13), [1, 4, 21, 64, 168, 256, 512], 3.8.e_v_cm 
(3, 1, 12), [1, 4, 23, 52, 184, 256, 512], 3.8.e_x_ca 
(0, 4, 15), [1, 4, 23, 64, 184, 256, 512], 3.8.e_x_cm 
(0, 4, 17), [1, 4, 25, 64, 200, 256, 512], 3.8.e_z_cm 
(4, 1, -9), [1, 5, 3, -20, 24, 320, 512], 3.8.f_d_au 
(4, 1, -7), [1, 5, 5, -12, 40, 320, 512], 3.8.f_f_am 
(4, 1, -5), [1, 5, 7, -4, 56, 320, 512], 3.8.f_h_ae 
(-4, 9, 35), [1, 5, 7, 4, 56, 320, 512], 3.8.f_h_e 
(4, 1, -3), [1, 5, 9, 4, 72, 320, 512], 3.8.f_j_e 
(4, 1, -1), [1, 5, 11, 12, 88, 320, 512], 3.8.f_l_m 
(4, 1, 1), [1, 5, 13, 20, 104, 320, 512], 3.8.f_n_u 
(4, 1, 3), [1, 5, 15, 28, 120, 320, 512], 3.8.f_p_bc 
(4, 1, 5), [1, 5, 17, 36, 136, 320, 512], 3.8.f_r_bk 
(4, 1, 7), [1, 5, 19, 44, 152, 320, 512], 3.8.f_t_bs 
(4, 1, 9), [1, 5, 21, 52, 168, 320, 512], 3.8.f_v_ca 
(0, 5, 13), [1, 5, 21, 80, 168, 320, 512], 3.8.f_v_dc 
(4, 1, 11), [1, 5, 23, 60, 184, 320, 512], 3.8.f_x_ci 
(0, 5, 15), [1, 5, 23, 80, 184, 320, 512], 3.8.f_x_dc 
(4, 1, 13), [1, 5, 25, 68, 200, 320, 512], 3.8.f_z_cq 
(0, 5, 17), [1, 5, 25, 80, 200, 320, 512], 3.8.f_z_dc 
(4, 1, 15), [1, 5, 27, 76, 216, 320, 512], 3.8.f_bb_cy 
(0, 5, 19), [1, 5, 27, 80, 216, 320, 512], 3.8.f_bb_dc 
(0, 5, 21), [1, 5, 29, 80, 232, 320, 512], 3.8.f_bd_dc 
(5, 1, -8), [1, 6, 5, -24, 40, 384, 512], 3.8.g_f_ay 
(5, 1, 0), [1, 6, 13, 16, 104, 384, 512], 3.8.g_n_q 
(4, 2, 3), [1, 6, 19, 44, 152, 384, 512], 3.8.g_t_bs 
(4, 2, 5), [1, 6, 21, 52, 168, 384, 512], 3.8.g_v_ca 
(4, 2, 7), [1, 6, 23, 60, 184, 384, 512], 3.8.g_x_ci 
(4, 2, 9), [1, 6, 25, 68, 200, 384, 512], 3.8.g_z_cq 
(4, 2, 11), [1, 6, 27, 76, 216, 384, 512], 3.8.g_bb_cy 
(0, 6, 19), [1, 6, 27, 96, 216, 384, 512], 3.8.g_bb_ds 
(4, 3, 1), [1, 7, 21, 52, 168, 448, 512], 3.8.h_v_ca 
(4, 3, 3), [1, 7, 23, 60, 184, 448, 512], 3.8.h_x_ci 
(4, 3, 5), [1, 7, 25, 68, 200, 448, 512], 3.8.h_z_cq 
(4, 3, 7), [1, 7, 27, 76, 216, 448, 512], 3.8.h_bb_cy 
(4, 3, 9), [1, 7, 29, 84, 232, 448, 512], 3.8.h_bd_dg 
(4, 3, 11), [1, 7, 31, 92, 248, 448, 512], 3.8.h_bf_do 
(4, 3, 13), [1, 7, 33, 100, 264, 448, 512], 3.8.h_bh_dw 
(0, 7, 25), [1, 7, 33, 112, 264, 448, 512], 3.8.h_bh_ei 
(4, 3, 15), [1, 7, 35, 108, 280, 448, 512], 3.8.h_bj_ee 
(0, 7, 27), [1, 7, 35, 112, 280, 448, 512], 3.8.h_bj_ei 
(4, 3, 17), [1, 7, 37, 116, 296, 448, 512], 3.8.h_bl_em 
(5, 3, 4), [1, 8, 27, 68, 216, 512, 512], 3.8.i_bb_cq 
(5, 3, 8), [1, 8, 31, 88, 248, 512, 512], 3.8.i_bf_dk 
(4, 4, 7), [1, 8, 31, 92, 248, 512, 512], 3.8.i_bf_do 
(4, 4, 13), [1, 8, 37, 116, 296, 512, 512], 3.8.i_bl_em 
(4, 4, 15), [1, 8, 39, 124, 312, 512, 512], 3.8.i_bn_eu 
(1, 7, 24), [1, 8, 39, 136, 312, 512, 512], 3.8.i_bn_fg 
(4, 4, 17), [1, 8, 41, 132, 328, 512, 512], 3.8.i_bp_fc 
(4, 5, 13), [1, 9, 41, 132, 328, 576, 512], 3.8.j_bp_fc 
(4, 5, 15), [1, 9, 43, 140, 344, 576, 512], 3.8.j_br_fk 
(0, 9, 35), [1, 9, 43, 144, 344, 576, 512], 3.8.j_br_fo 
(4, 5, 17), [1, 9, 45, 148, 360, 576, 512], 3.8.j_bt_fs 
(4, 5, 19), [1, 9, 47, 156, 376, 576, 512], 3.8.j_bv_ga 
(4, 5, 21), [1, 9, 49, 164, 392, 576, 512], 3.8.j_bx_gi 
(4, 6, 19), [1, 10, 51, 172, 408, 640, 512], 3.8.k_bz_gq 
(3, 7, 24), [1, 10, 53, 184, 424, 640, 512], 3.8.k_cb_hc 
(4, 6, 23), [1, 10, 55, 188, 440, 640, 512], 3.8.k_cd_hg 
(4, 7, 25), [1, 11, 61, 212, 488, 704, 512], 3.8.l_cj_ie 
(4, 7, 27), [1, 11, 63, 220, 504, 704, 512], 3.8.l_cl_im 
(5, 7, 24), [1, 12, 67, 232, 536, 768, 512], 3.8.m_cp_iy 
(4, 9, 35), [1, 13, 79, 284, 632, 832, 512], 3.8.n_db_ky 
