(-9, 0, 0), [1, -9, 69, -414, 1587, -4761, 12167], 3.23.aj_cr_apy 
(-8, 0, 0), [1, -8, 69, -368, 1587, -4232, 12167], 3.23.ai_cr_aoe 
(-7, 0, 0), [1, -7, 69, -322, 1587, -3703, 12167], 3.23.ah_cr_amk 
(-6, 0, 0), [1, -6, 69, -276, 1587, -3174, 12167], 3.23.ag_cr_akq 
(-5, 0, 0), [1, -5, 69, -230, 1587, -2645, 12167], 3.23.af_cr_aiw 
(-4, 0, 0), [1, -4, 69, -184, 1587, -2116, 12167], 3.23.ae_cr_ahc 
(0, 0, 4), [1, 4, 69, 184, 1587, 2116, 12167], 3.23.e_cr_hc 
(0, 0, 5), [1, 5, 69, 230, 1587, 2645, 12167], 3.23.f_cr_iw 
(0, 0, 6), [1, 6, 69, 276, 1587, 3174, 12167], 3.23.g_cr_kq 
(0, 0, 7), [1, 7, 69, 322, 1587, 3703, 12167], 3.23.h_cr_mk 
(0, 0, 8), [1, 8, 69, 368, 1587, 4232, 12167], 3.23.i_cr_oe 
(0, 0, 9), [1, 9, 69, 414, 1587, 4761, 12167], 3.23.j_cr_py 
