(-23, 239, -1455), [1, -23, 239, -1455, 5497, -12167, 12167], 3.23.ax_jf_acdz
(-23, 240, -1464), [1, -23, 240, -1464, 5520, -12167, 12167], 3.23.ax_jg_acei
(-23, 241, -1473), [1, -23, 241, -1473, 5543, -12167, 12167], 3.23.ax_jh_acer
(-23, 243, -1491), [1, -23, 243, -1491, 5589, -12167, 12167], 3.23.ax_jj_acfj
(-22, 221, -1328), [1, -22, 221, -1328, 5083, -11638, 12167], 3.23.aw_in_abzc
(-22, 223, -1347), [1, -22, 223, -1347, 5129, -11638, 12167], 3.23.aw_ip_abzv
(-22, 223, -1346), [1, -22, 223, -1346, 5129, -11638, 12167], 3.23.aw_ip_abzu
(-22, 225, -1366), [1, -22, 225, -1366, 5175, -11638, 12167], 3.23.aw_ir_acao
(-22, 226, -1374), [1, -22, 226, -1374, 5198, -11638, 12167], 3.23.aw_is_acaw
(-22, 227, -1382), [1, -22, 227, -1382, 5221, -11638, 12167], 3.23.aw_it_acbe
(-21, 202, -1192), [1, -21, 202, -1192, 4646, -11109, 12167], 3.23.av_hu_abtw
(-21, 204, -1210), [1, -21, 204, -1210, 4692, -11109, 12167], 3.23.av_hw_abuo
(-21, 205, -1220), [1, -21, 205, -1220, 4715, -11109, 12167], 3.23.av_hx_abuy
(-21, 206, -1228), [1, -21, 206, -1228, 4738, -11109, 12167], 3.23.av_hy_abvg
(-21, 207, -1240), [1, -21, 207, -1240, 4761, -11109, 12167], 3.23.av_hz_abvs
(-21, 207, -1237), [1, -21, 207, -1237, 4761, -11109, 12167], 3.23.av_hz_abvp
(-21, 208, -1248), [1, -21, 208, -1248, 4784, -11109, 12167], 3.23.av_ia_abwa
(-21, 209, -1259), [1, -21, 209, -1259, 4807, -11109, 12167], 3.23.av_ib_abwl
(-21, 209, -1257), [1, -21, 209, -1257, 4807, -11109, 12167], 3.23.av_ib_abwj
(-21, 209, -1256), [1, -21, 209, -1256, 4807, -11109, 12167], 3.23.av_ib_abwi
(-21, 209, -1255), [1, -21, 209, -1255, 4807, -11109, 12167], 3.23.av_ib_abwh
(-21, 209, -1253), [1, -21, 209, -1253, 4807, -11109, 12167], 3.23.av_ib_abwf
(-21, 210, -1268), [1, -21, 210, -1268, 4830, -11109, 12167], 3.23.av_ic_abwu
(-21, 210, -1264), [1, -21, 210, -1264, 4830, -11109, 12167], 3.23.av_ic_abwq
(-21, 211, -1277), [1, -21, 211, -1277, 4853, -11109, 12167], 3.23.av_id_abxd
(-21, 211, -1273), [1, -21, 211, -1273, 4853, -11109, 12167], 3.23.av_id_abwz
(-21, 211, -1271), [1, -21, 211, -1271, 4853, -11109, 12167], 3.23.av_id_abwx
(-21, 212, -1282), [1, -21, 212, -1282, 4876, -11109, 12167], 3.23.av_ie_abxi
(-21, 213, -1289), [1, -21, 213, -1289, 4899, -11109, 12167], 3.23.av_if_abxp
(-20, 185, -1075), [1, -20, 185, -1075, 4255, -10580, 12167], 3.23.au_hd_abpj
(-20, 185, -1074), [1, -20, 185, -1074, 4255, -10580, 12167], 3.23.au_hd_abpi
(-20, 187, -1093), [1, -20, 187, -1093, 4301, -10580, 12167], 3.23.au_hf_abqb
(-20, 188, -1102), [1, -20, 188, -1102, 4324, -10580, 12167], 3.23.au_hg_abqk
(-20, 189, -1110), [1, -20, 189, -1110, 4347, -10580, 12167], 3.23.au_hh_abqs
(-20, 190, -1122), [1, -20, 190, -1122, 4370, -10580, 12167], 3.23.au_hi_abre
(-20, 191, -1132), [1, -20, 191, -1132, 4393, -10580, 12167], 3.23.au_hj_abro
(-20, 191, -1131), [1, -20, 191, -1131, 4393, -10580, 12167], 3.23.au_hj_abrn
(-20, 191, -1130), [1, -20, 191, -1130, 4393, -10580, 12167], 3.23.au_hj_abrm
(-20, 192, -1142), [1, -20, 192, -1142, 4416, -10580, 12167], 3.23.au_hk_abry
(-20, 192, -1140), [1, -20, 192, -1140, 4416, -10580, 12167], 3.23.au_hk_abrw
(-20, 193, -1149), [1, -20, 193, -1149, 4439, -10580, 12167], 3.23.au_hl_absf
(-20, 193, -1148), [1, -20, 193, -1148, 4439, -10580, 12167], 3.23.au_hl_abse
(-20, 193, -1147), [1, -20, 193, -1147, 4439, -10580, 12167], 3.23.au_hl_absd
(-20, 195, -1170), [1, -20, 195, -1170, 4485, -10580, 12167], 3.23.au_hn_abta
(-20, 195, -1169), [1, -20, 195, -1169, 4485, -10580, 12167], 3.23.au_hn_absz
(-20, 195, -1167), [1, -20, 195, -1167, 4485, -10580, 12167], 3.23.au_hn_absx
(-20, 195, -1161), [1, -20, 195, -1161, 4485, -10580, 12167], 3.23.au_hn_absr
(-20, 196, -1174), [1, -20, 196, -1174, 4508, -10580, 12167], 3.23.au_ho_abte
(-20, 196, -1170), [1, -20, 196, -1170, 4508, -10580, 12167], 3.23.au_ho_abta
(-20, 197, -1182), [1, -20, 197, -1182, 4531, -10580, 12167], 3.23.au_hp_abtm
(-20, 197, -1178), [1, -20, 197, -1178, 4531, -10580, 12167], 3.23.au_hp_abti
(-20, 198, -1188), [1, -20, 198, -1188, 4554, -10580, 12167], 3.23.au_hq_abts
(-19, 162, -900), [1, -19, 162, -900, 3726, -10051, 12167], 3.23.at_gg_abiq
(-19, 165, -929), [1, -19, 165, -929, 3795, -10051, 12167], 3.23.at_gj_abjt
(-19, 166, -938), [1, -19, 166, -938, 3818, -10051, 12167], 3.23.at_gk_abkc
(-19, 167, -948), [1, -19, 167, -948, 3841, -10051, 12167], 3.23.at_gl_abkm
(-19, 167, -947), [1, -19, 167, -947, 3841, -10051, 12167], 3.23.at_gl_abkl
(-19, 168, -958), [1, -19, 168, -958, 3864, -10051, 12167], 3.23.at_gm_abkw
(-19, 168, -956), [1, -19, 168, -956, 3864, -10051, 12167], 3.23.at_gm_abku
(-19, 169, -967), [1, -19, 169, -967, 3887, -10051, 12167], 3.23.at_gn_ablf
(-19, 169, -965), [1, -19, 169, -965, 3887, -10051, 12167], 3.23.at_gn_abld
(-19, 170, -974), [1, -19, 170, -974, 3910, -10051, 12167], 3.23.at_go_ablm
(-19, 171, -984), [1, -19, 171, -984, 3933, -10051, 12167], 3.23.at_gp_ablw
(-19, 171, -983), [1, -19, 171, -983, 3933, -10051, 12167], 3.23.at_gp_ablv
(-19, 172, -996), [1, -19, 172, -996, 3956, -10051, 12167], 3.23.at_gq_abmi
(-19, 173, -1004), [1, -19, 173, -1004, 3979, -10051, 12167], 3.23.at_gr_abmq
(-19, 174, -1014), [1, -19, 174, -1014, 4002, -10051, 12167], 3.23.at_gs_abna
(-19, 175, -1025), [1, -19, 175, -1025, 4025, -10051, 12167], 3.23.at_gt_abnl
(-19, 175, -1023), [1, -19, 175, -1023, 4025, -10051, 12167], 3.23.at_gt_abnj
(-19, 175, -1022), [1, -19, 175, -1022, 4025, -10051, 12167], 3.23.at_gt_abni
(-19, 175, -1021), [1, -19, 175, -1021, 4025, -10051, 12167], 3.23.at_gt_abnh
(-19, 176, -1034), [1, -19, 176, -1034, 4048, -10051, 12167], 3.23.at_gu_abnu
(-19, 176, -1032), [1, -19, 176, -1032, 4048, -10051, 12167], 3.23.at_gu_abns
(-19, 177, -1044), [1, -19, 177, -1044, 4071, -10051, 12167], 3.23.at_gv_aboe
(-19, 178, -1052), [1, -19, 178, -1052, 4094, -10051, 12167], 3.23.at_gw_abom
(-19, 178, -1046), [1, -19, 178, -1046, 4094, -10051, 12167], 3.23.at_gw_abog
(-19, 179, -1062), [1, -19, 179, -1062, 4117, -10051, 12167], 3.23.at_gx_abow
(-19, 179, -1059), [1, -19, 179, -1059, 4117, -10051, 12167], 3.23.at_gx_abot
(-19, 179, -1057), [1, -19, 179, -1057, 4117, -10051, 12167], 3.23.at_gx_abor
(-19, 180, -1068), [1, -19, 180, -1068, 4140, -10051, 12167], 3.23.at_gy_abpc
(-19, 180, -1060), [1, -19, 180, -1060, 4140, -10051, 12167], 3.23.at_gy_abou
(-19, 181, -1080), [1, -19, 181, -1080, 4163, -10051, 12167], 3.23.at_gz_abpo
(-19, 181, -1079), [1, -19, 181, -1079, 4163, -10051, 12167], 3.23.at_gz_abpn
(-19, 181, -1076), [1, -19, 181, -1076, 4163, -10051, 12167], 3.23.at_gz_abpk
(-19, 181, -1073), [1, -19, 181, -1073, 4163, -10051, 12167], 3.23.at_gz_abph
(-19, 182, -1088), [1, -19, 182, -1088, 4186, -10051, 12167], 3.23.at_ha_abpw
(-19, 182, -1080), [1, -19, 182, -1080, 4186, -10051, 12167], 3.23.at_ha_abpo
(-19, 183, -1092), [1, -19, 183, -1092, 4209, -10051, 12167], 3.23.at_hb_abqa
(-19, 183, -1091), [1, -19, 183, -1091, 4209, -10051, 12167], 3.23.at_hb_abpz
(-19, 183, -1086), [1, -19, 183, -1086, 4209, -10051, 12167], 3.23.at_hb_abpu
(-19, 183, -1083), [1, -19, 183, -1083, 4209, -10051, 12167], 3.23.at_hb_abpr
(-19, 184, -1098), [1, -19, 184, -1098, 4232, -10051, 12167], 3.23.at_hc_abqg
(-19, 185, -1103), [1, -19, 185, -1103, 4255, -10051, 12167], 3.23.at_hd_abql
(-19, 185, -1101), [1, -19, 185, -1101, 4255, -10051, 12167], 3.23.at_hd_abqj
(-19, 185, -1100), [1, -19, 185, -1100, 4255, -10051, 12167], 3.23.at_hd_abqi
(-19, 187, -1113), [1, -19, 187, -1113, 4301, -10051, 12167], 3.23.at_hf_abqv
(-18, 141, -745), [1, -18, 141, -745, 3243, -9522, 12167], 3.23.as_fl_abcr
(-18, 148, -812), [1, -18, 148, -812, 3404, -9522, 12167], 3.23.as_fs_abfg
(-18, 150, -830), [1, -18, 150, -830, 3450, -9522, 12167], 3.23.as_fu_abfy
(-18, 151, -839), [1, -18, 151, -839, 3473, -9522, 12167], 3.23.as_fv_abgh
(-18, 151, -838), [1, -18, 151, -838, 3473, -9522, 12167], 3.23.as_fv_abgg
(-18, 154, -866), [1, -18, 154, -866, 3542, -9522, 12167], 3.23.as_fy_abhi
(-18, 155, -879), [1, -18, 155, -879, 3565, -9522, 12167], 3.23.as_fz_abhv
(-18, 158, -908), [1, -18, 158, -908, 3634, -9522, 12167], 3.23.as_gc_abiy
(-18, 158, -902), [1, -18, 158, -902, 3634, -9522, 12167], 3.23.as_gc_abis
(-18, 159, -917), [1, -18, 159, -917, 3657, -9522, 12167], 3.23.as_gd_abjh
(-18, 159, -907), [1, -18, 159, -907, 3657, -9522, 12167], 3.23.as_gd_abix
(-18, 161, -929), [1, -18, 161, -929, 3703, -9522, 12167], 3.23.as_gf_abjt
(-18, 162, -946), [1, -18, 162, -946, 3726, -9522, 12167], 3.23.as_gg_abkk
(-18, 162, -934), [1, -18, 162, -934, 3726, -9522, 12167], 3.23.as_gg_abjy
(-18, 163, -941), [1, -18, 163, -941, 3749, -9522, 12167], 3.23.as_gh_abkf
(-18, 165, -975), [1, -18, 165, -975, 3795, -9522, 12167], 3.23.as_gj_abln
(-18, 165, -973), [1, -18, 165, -973, 3795, -9522, 12167], 3.23.as_gj_abll
(-18, 165, -971), [1, -18, 165, -971, 3795, -9522, 12167], 3.23.as_gj_ablj
(-18, 166, -974), [1, -18, 166, -974, 3818, -9522, 12167], 3.23.as_gk_ablm
(-18, 167, -994), [1, -18, 167, -994, 3841, -9522, 12167], 3.23.as_gl_abmg
(-18, 167, -992), [1, -18, 167, -992, 3841, -9522, 12167], 3.23.as_gl_abme
(-18, 169, -1001), [1, -18, 169, -1001, 3887, -9522, 12167], 3.23.as_gn_abmn
(-18, 170, -1006), [1, -18, 170, -1006, 3910, -9522, 12167], 3.23.as_go_abms
(-18, 170, -998), [1, -18, 170, -998, 3910, -9522, 12167], 3.23.as_go_abmk
(-18, 171, -1009), [1, -18, 171, -1009, 3933, -9522, 12167], 3.23.as_gp_abmv
(-18, 173, -1021), [1, -18, 173, -1021, 3979, -9522, 12167], 3.23.as_gr_abnh
(-17, 128, -666), [1, -17, 128, -666, 2944, -8993, 12167], 3.23.ar_ey_azq
(-17, 131, -693), [1, -17, 131, -693, 3013, -8993, 12167], 3.23.ar_fb_abar
(-17, 133, -712), [1, -17, 133, -712, 3059, -8993, 12167], 3.23.ar_fd_abbk
(-17, 134, -722), [1, -17, 134, -722, 3082, -8993, 12167], 3.23.ar_fe_abbu
(-17, 135, -733), [1, -17, 135, -733, 3105, -8993, 12167], 3.23.ar_ff_abcf
(-17, 137, -752), [1, -17, 137, -752, 3151, -8993, 12167], 3.23.ar_fh_abcy
(-17, 140, -780), [1, -17, 140, -780, 3220, -8993, 12167], 3.23.ar_fk_abea
(-17, 140, -772), [1, -17, 140, -772, 3220, -8993, 12167], 3.23.ar_fk_abds
(-17, 141, -780), [1, -17, 141, -780, 3243, -8993, 12167], 3.23.ar_fl_abea
(-17, 143, -797), [1, -17, 143, -797, 3289, -8993, 12167], 3.23.ar_fn_aber
(-17, 144, -808), [1, -17, 144, -808, 3312, -8993, 12167], 3.23.ar_fo_abfc
(-17, 148, -852), [1, -17, 148, -852, 3404, -8993, 12167], 3.23.ar_fs_abgu
(-17, 149, -847), [1, -17, 149, -847, 3427, -8993, 12167], 3.23.ar_ft_abgp
(-17, 150, -876), [1, -17, 150, -876, 3450, -8993, 12167], 3.23.ar_fu_abhs
(-17, 152, -896), [1, -17, 152, -896, 3496, -8993, 12167], 3.23.ar_fw_abim
(-17, 153, -906), [1, -17, 153, -906, 3519, -8993, 12167], 3.23.ar_fx_abiw
(-17, 153, -904), [1, -17, 153, -904, 3519, -8993, 12167], 3.23.ar_fx_abiu
(-17, 153, -901), [1, -17, 153, -901, 3519, -8993, 12167], 3.23.ar_fx_abir
(-17, 153, -898), [1, -17, 153, -898, 3519, -8993, 12167], 3.23.ar_fx_abio
(-17, 153, -892), [1, -17, 153, -892, 3519, -8993, 12167], 3.23.ar_fx_abii
(-17, 155, -916), [1, -17, 155, -916, 3565, -8993, 12167], 3.23.ar_fz_abjg
(-17, 156, -904), [1, -17, 156, -904, 3588, -8993, 12167], 3.23.ar_ga_abiu
(-17, 157, -925), [1, -17, 157, -925, 3611, -8993, 12167], 3.23.ar_gb_abjp
(-17, 158, -924), [1, -17, 158, -924, 3634, -8993, 12167], 3.23.ar_gc_abjo
(-17, 158, -922), [1, -17, 158, -922, 3634, -8993, 12167], 3.23.ar_gc_abjm
(-17, 159, -925), [1, -17, 159, -925, 3657, -8993, 12167], 3.23.ar_gd_abjp
(-17, 161, -939), [1, -17, 161, -939, 3703, -8993, 12167], 3.23.ar_gf_abkd
(-16, 107, -510), [1, -16, 107, -510, 2461, -8464, 12167], 3.23.aq_ed_atq
(-16, 111, -549), [1, -16, 111, -549, 2553, -8464, 12167], 3.23.aq_eh_avd
(-16, 112, -558), [1, -16, 112, -558, 2576, -8464, 12167], 3.23.aq_ei_avm
(-16, 113, -567), [1, -16, 113, -567, 2599, -8464, 12167], 3.23.aq_ej_avv
(-16, 116, -594), [1, -16, 116, -594, 2668, -8464, 12167], 3.23.aq_em_aww
(-16, 119, -626), [1, -16, 119, -626, 2737, -8464, 12167], 3.23.aq_ep_ayc
(-16, 120, -630), [1, -16, 120, -630, 2760, -8464, 12167], 3.23.aq_eq_ayg
(-16, 121, -645), [1, -16, 121, -645, 2783, -8464, 12167], 3.23.aq_er_ayv
(-16, 125, -675), [1, -16, 125, -675, 2875, -8464, 12167], 3.23.aq_ev_azz
(-16, 131, -741), [1, -16, 131, -741, 3013, -8464, 12167], 3.23.aq_fb_abcn
(-16, 132, -734), [1, -16, 132, -734, 3036, -8464, 12167], 3.23.aq_fc_abcg
(-16, 135, -779), [1, -16, 135, -779, 3105, -8464, 12167], 3.23.aq_ff_abdz
(-16, 135, -753), [1, -16, 135, -753, 3105, -8464, 12167], 3.23.aq_ff_abcz
(-16, 137, -798), [1, -16, 137, -798, 3151, -8464, 12167], 3.23.aq_fh_abes
(-16, 140, -794), [1, -16, 140, -794, 3220, -8464, 12167], 3.23.aq_fk_abeo
(-16, 141, -834), [1, -16, 141, -834, 3243, -8464, 12167], 3.23.aq_fl_abgc
(-16, 141, -833), [1, -16, 141, -833, 3243, -8464, 12167], 3.23.aq_fl_abgb
(-16, 141, -815), [1, -16, 141, -815, 3243, -8464, 12167], 3.23.aq_fl_abfj
(-16, 143, -839), [1, -16, 143, -839, 3289, -8464, 12167], 3.23.aq_fn_abgh
(-16, 144, -842), [1, -16, 144, -842, 3312, -8464, 12167], 3.23.aq_fo_abgk
(-16, 144, -822), [1, -16, 144, -822, 3312, -8464, 12167], 3.23.aq_fo_abfq
(-16, 148, -858), [1, -16, 148, -858, 3404, -8464, 12167], 3.23.aq_fs_abha
(-16, 149, -858), [1, -16, 149, -858, 3427, -8464, 12167], 3.23.aq_ft_abha
(-16, 151, -870), [1, -16, 151, -870, 3473, -8464, 12167], 3.23.aq_fv_abhm
(-15, 87, -365), [1, -15, 87, -365, 2001, -7935, 12167], 3.23.ap_dj_aob
(-15, 88, -374), [1, -15, 88, -374, 2024, -7935, 12167], 3.23.ap_dk_aok
(-15, 92, -412), [1, -15, 92, -412, 2116, -7935, 12167], 3.23.ap_do_apw
(-15, 100, -488), [1, -15, 100, -488, 2300, -7935, 12167], 3.23.ap_dw_asu
(-15, 104, -518), [1, -15, 104, -518, 2392, -7935, 12167], 3.23.ap_ea_aty
(-15, 111, -595), [1, -15, 111, -595, 2553, -7935, 12167], 3.23.ap_eh_awx
(-15, 114, -622), [1, -15, 114, -622, 2622, -7935, 12167], 3.23.ap_ek_axy
(-15, 115, -611), [1, -15, 115, -611, 2645, -7935, 12167], 3.23.ap_el_axn
(-15, 116, -620), [1, -15, 116, -620, 2668, -7935, 12167], 3.23.ap_em_axw
(-15, 118, -662), [1, -15, 118, -662, 2714, -7935, 12167], 3.23.ap_eo_azm
(-15, 119, -672), [1, -15, 119, -672, 2737, -7935, 12167], 3.23.ap_ep_azw
(-15, 121, -691), [1, -15, 121, -691, 2783, -7935, 12167], 3.23.ap_er_abap
(-15, 122, -696), [1, -15, 122, -696, 2806, -7935, 12167], 3.23.ap_es_abau
(-15, 124, -718), [1, -15, 124, -718, 2852, -7935, 12167], 3.23.ap_eu_abbq
(-15, 128, -758), [1, -15, 128, -758, 2944, -7935, 12167], 3.23.ap_ey_abde
(-15, 129, -720), [1, -15, 129, -720, 2967, -7935, 12167], 3.23.ap_ez_abbs
(-15, 135, -763), [1, -15, 135, -763, 3105, -7935, 12167], 3.23.ap_ff_abdj
(-15, 136, -770), [1, -15, 136, -770, 3128, -7935, 12167], 3.23.ap_fg_abdq
(-15, 137, -787), [1, -15, 137, -787, 3151, -7935, 12167], 3.23.ap_fh_abeh
(-15, 137, -781), [1, -15, 137, -781, 3151, -7935, 12167], 3.23.ap_fh_abeb
(-14, 67, -219), [1, -14, 67, -219, 1541, -7406, 12167], 3.23.ao_cp_ail
(-14, 69, -238), [1, -14, 69, -238, 1587, -7406, 12167], 3.23.ao_cr_aje
(-14, 75, -295), [1, -14, 75, -295, 1725, -7406, 12167], 3.23.ao_cx_alj
(-14, 77, -315), [1, -14, 77, -315, 1771, -7406, 12167], 3.23.ao_cz_amd
(-14, 79, -333), [1, -14, 79, -333, 1817, -7406, 12167], 3.23.ao_db_amv
(-14, 79, -331), [1, -14, 79, -331, 1817, -7406, 12167], 3.23.ao_db_amt
(-14, 82, -362), [1, -14, 82, -362, 1886, -7406, 12167], 3.23.ao_de_any
(-14, 83, -369), [1, -14, 83, -369, 1909, -7406, 12167], 3.23.ao_df_aof
(-14, 87, -411), [1, -14, 87, -411, 2001, -7406, 12167], 3.23.ao_dj_apv
(-14, 93, -451), [1, -14, 93, -451, 2139, -7406, 12167], 3.23.ao_dp_arj
(-14, 96, -496), [1, -14, 96, -496, 2208, -7406, 12167], 3.23.ao_ds_atc
(-14, 99, -526), [1, -14, 99, -526, 2277, -7406, 12167], 3.23.ao_dv_aug
(-14, 107, -602), [1, -14, 107, -602, 2461, -7406, 12167], 3.23.ao_ed_axe
(-14, 110, -586), [1, -14, 110, -586, 2530, -7406, 12167], 3.23.ao_eg_awo
(-14, 114, -670), [1, -14, 114, -670, 2622, -7406, 12167], 3.23.ao_ek_azu
(-14, 115, -679), [1, -14, 115, -679, 2645, -7406, 12167], 3.23.ao_el_abad
(-14, 117, -691), [1, -14, 117, -691, 2691, -7406, 12167], 3.23.ao_en_abap
(-14, 121, -699), [1, -14, 121, -699, 2783, -7406, 12167], 3.23.ao_er_abax
(-14, 125, -711), [1, -14, 125, -711, 2875, -7406, 12167], 3.23.ao_ev_abbj
(-14, 126, -706), [1, -14, 126, -706, 2898, -7406, 12167], 3.23.ao_ew_abbe
(-14, 129, -717), [1, -14, 129, -717, 2967, -7406, 12167], 3.23.ao_ez_abbp
(-14, 130, -726), [1, -14, 130, -726, 2990, -7406, 12167], 3.23.ao_fa_abby
(-13, 51, -111), [1, -13, 51, -111, 1173, -6877, 12167], 3.23.an_bz_aeh
(-13, 52, -120), [1, -13, 52, -120, 1196, -6877, 12167], 3.23.an_ca_aeq
(-13, 54, -140), [1, -13, 54, -140, 1242, -6877, 12167], 3.23.an_cc_afk
(-13, 58, -176), [1, -13, 58, -176, 1334, -6877, 12167], 3.23.an_cg_agu
(-13, 66, -248), [1, -13, 66, -248, 1518, -6877, 12167], 3.23.an_co_ajo
(-13, 67, -265), [1, -13, 67, -265, 1541, -6877, 12167], 3.23.an_cp_akf
(-13, 74, -332), [1, -13, 74, -332, 1702, -6877, 12167], 3.23.an_cw_amu
(-13, 75, -341), [1, -13, 75, -341, 1725, -6877, 12167], 3.23.an_cx_and
(-13, 79, -380), [1, -13, 79, -380, 1817, -6877, 12167], 3.23.an_db_aoq
(-13, 84, -428), [1, -13, 84, -428, 1932, -6877, 12167], 3.23.an_dg_aqm
(-13, 99, -572), [1, -13, 99, -572, 2277, -6877, 12167], 3.23.an_dv_awa
(-13, 101, -588), [1, -13, 101, -588, 2323, -6877, 12167], 3.23.an_dx_awq
(-13, 104, -620), [1, -13, 104, -620, 2392, -6877, 12167], 3.23.an_ea_axw
(-13, 104, -618), [1, -13, 104, -618, 2392, -6877, 12167], 3.23.an_ea_axu
(-13, 113, -636), [1, -13, 113, -636, 2599, -6877, 12167], 3.23.an_ej_aym
(-13, 119, -647), [1, -13, 119, -647, 2737, -6877, 12167], 3.23.an_ep_ayx
(-12, 30, 44), [1, -12, 30, 44, 690, -6348, 12167], 3.23.am_be_bs
(-12, 39, -41), [1, -12, 39, -41, 897, -6348, 12167], 3.23.am_bn_abp
(-12, 59, -233), [1, -12, 59, -233, 1357, -6348, 12167], 3.23.am_ch_aiz
(-12, 59, -215), [1, -12, 59, -215, 1357, -6348, 12167], 3.23.am_ch_aih
(-12, 61, -233), [1, -12, 61, -233, 1403, -6348, 12167], 3.23.am_cj_aiz
(-12, 71, -317), [1, -12, 71, -317, 1633, -6348, 12167], 3.23.am_ct_amf
(-12, 73, -331), [1, -12, 73, -331, 1679, -6348, 12167], 3.23.am_cv_amt
(-12, 77, -407), [1, -12, 77, -407, 1771, -6348, 12167], 3.23.am_cz_apr
(-12, 81, -389), [1, -12, 81, -389, 1863, -6348, 12167], 3.23.am_dd_aoz
(-12, 87, -503), [1, -12, 87, -503, 2001, -6348, 12167], 3.23.am_dj_atj
(-12, 91, -541), [1, -12, 91, -541, 2093, -6348, 12167], 3.23.am_dn_auv
(-12, 93, -559), [1, -12, 93, -559, 2139, -6348, 12167], 3.23.am_dp_avn
(-12, 113, -599), [1, -12, 113, -599, 2599, -6348, 12167], 3.23.am_ej_axb
(-11, 11, 180), [1, -11, 11, 180, 253, -5819, 12167], 3.23.al_l_gy
(-11, 15, 143), [1, -11, 15, 143, 345, -5819, 12167], 3.23.al_p_fn
(-11, 20, 94), [1, -11, 20, 94, 460, -5819, 12167], 3.23.al_u_dq
(-11, 25, 47), [1, -11, 25, 47, 575, -5819, 12167], 3.23.al_z_bv
(-11, 43, -127), [1, -11, 43, -127, 989, -5819, 12167], 3.23.al_br_aex
(-11, 83, -508), [1, -11, 83, -508, 1909, -5819, 12167], 3.23.al_df_ato
(-10, -9, 326), [1, -10, -9, 326, -207, -5290, 12167], 3.23.ak_aj_mo
(-10, -1, 249), [1, -10, -1, 249, -23, -5290, 12167], 3.23.ak_ab_jp
(-10, 5, 195), [1, -10, 5, 195, 115, -5290, 12167], 3.23.ak_f_hn
(-10, 7, 175), [1, -10, 7, 175, 161, -5290, 12167], 3.23.ak_h_gt
(-10, 7, 177), [1, -10, 7, 177, 161, -5290, 12167], 3.23.ak_h_gv
(-10, 7, 178), [1, -10, 7, 178, 161, -5290, 12167], 3.23.ak_h_gw
(-10, 8, 166), [1, -10, 8, 166, 184, -5290, 12167], 3.23.ak_i_gk
(-10, 9, 154), [1, -10, 9, 154, 207, -5290, 12167], 3.23.ak_j_fy
(-10, 11, 135), [1, -10, 11, 135, 253, -5290, 12167], 3.23.ak_l_ff
(-10, 13, 121), [1, -10, 13, 121, 299, -5290, 12167], 3.23.ak_n_er
(-10, 17, 77), [1, -10, 17, 77, 391, -5290, 12167], 3.23.ak_r_cz
(-10, 17, 85), [1, -10, 17, 85, 391, -5290, 12167], 3.23.ak_r_dh
(-10, 17, 87), [1, -10, 17, 87, 391, -5290, 12167], 3.23.ak_r_dj
(-10, 18, 82), [1, -10, 18, 82, 414, -5290, 12167], 3.23.ak_s_de
(-10, 19, 73), [1, -10, 19, 73, 437, -5290, 12167], 3.23.ak_t_cv
(-10, 21, 38), [1, -10, 21, 38, 483, -5290, 12167], 3.23.ak_v_bm
(-10, 33, -77), [1, -10, 33, -77, 759, -5290, 12167], 3.23.ak_bh_acz
(-10, 71, -441), [1, -10, 71, -441, 1633, -5290, 12167], 3.23.ak_ct_aqz
(-10, 75, -351), [1, -10, 75, -351, 1725, -5290, 12167], 3.23.ak_cx_ann
(-10, 81, -389), [1, -10, 81, -389, 1863, -5290, 12167], 3.23.ak_dd_aoz
(-9, -22, 406), [1, -9, -22, 406, -506, -4761, 12167], 3.23.aj_aw_pq
(-9, -21, 397), [1, -9, -21, 397, -483, -4761, 12167], 3.23.aj_av_ph
(-9, -20, 386), [1, -9, -20, 386, -460, -4761, 12167], 3.23.aj_au_ow
(-9, -19, 376), [1, -9, -19, 376, -437, -4761, 12167], 3.23.aj_at_om
(-9, -17, 358), [1, -9, -17, 358, -391, -4761, 12167], 3.23.aj_ar_nu
(-9, -16, 348), [1, -9, -16, 348, -368, -4761, 12167], 3.23.aj_aq_nk
(-9, -16, 350), [1, -9, -16, 350, -368, -4761, 12167], 3.23.aj_aq_nm
(-9, -15, 341), [1, -9, -15, 341, -345, -4761, 12167], 3.23.aj_ap_nd
(-9, -14, 328), [1, -9, -14, 328, -322, -4761, 12167], 3.23.aj_ao_mq
(-9, -13, 319), [1, -9, -13, 319, -299, -4761, 12167], 3.23.aj_an_mh
(-9, -11, 304), [1, -9, -11, 304, -253, -4761, 12167], 3.23.aj_al_ls
(-9, -9, 280), [1, -9, -9, 280, -207, -4761, 12167], 3.23.aj_aj_ku
(-9, -8, 272), [1, -9, -8, 272, -184, -4761, 12167], 3.23.aj_ai_km
(-9, -8, 278), [1, -9, -8, 278, -184, -4761, 12167], 3.23.aj_ai_ks
(-9, -5, 248), [1, -9, -5, 248, -115, -4761, 12167], 3.23.aj_af_jo
(-9, -3, 235), [1, -9, -3, 235, -69, -4761, 12167], 3.23.aj_ad_jb
(-9, -2, 214), [1, -9, -2, 214, -46, -4761, 12167], 3.23.aj_ac_ig
(-9, -2, 226), [1, -9, -2, 226, -46, -4761, 12167], 3.23.aj_ac_is
(-9, -1, 203), [1, -9, -1, 203, -23, -4761, 12167], 3.23.aj_ab_hv
(-9, 0, 196), [1, -9, 0, 196, 0, -4761, 12167], 3.23.aj_a_ho
(-9, 1, 200), [1, -9, 1, 200, 23, -4761, 12167], 3.23.aj_b_hs
(-9, 2, 182), [1, -9, 2, 182, 46, -4761, 12167], 3.23.aj_c_ha
(-9, 11, 88), [1, -9, 11, 88, 253, -4761, 12167], 3.23.aj_l_dk
(-9, 21, -8), [1, -9, 21, -8, 483, -4761, 12167], 3.23.aj_v_ai
(-9, 29, -29), [1, -9, 29, -29, 667, -4761, 12167], 3.23.aj_bd_abd
(-9, 75, -415), [1, -9, 75, -415, 1725, -4761, 12167], 3.23.aj_cx_apz
(-9, 92, -428), [1, -9, 92, -428, 2116, -4761, 12167], 3.23.aj_do_aqm
(-9, 93, -431), [1, -9, 93, -431, 2139, -4761, 12167], 3.23.aj_dp_aqp
(-8, -22, 362), [1, -8, -22, 362, -506, -4232, 12167], 3.23.ai_aw_ny
(-8, -21, 349), [1, -8, -21, 349, -483, -4232, 12167], 3.23.ai_av_nl
(-8, -21, 355), [1, -8, -21, 355, -483, -4232, 12167], 3.23.ai_av_nr
(-8, -21, 359), [1, -8, -21, 359, -483, -4232, 12167], 3.23.ai_av_nv
(-8, -21, 362), [1, -8, -21, 362, -483, -4232, 12167], 3.23.ai_av_ny
(-8, -20, 342), [1, -8, -20, 342, -460, -4232, 12167], 3.23.ai_au_ne
(-8, -20, 350), [1, -8, -20, 350, -460, -4232, 12167], 3.23.ai_au_nm
(-8, -19, 330), [1, -8, -19, 330, -437, -4232, 12167], 3.23.ai_at_ms
(-8, -19, 333), [1, -8, -19, 333, -437, -4232, 12167], 3.23.ai_at_mv
(-8, -19, 335), [1, -8, -19, 335, -437, -4232, 12167], 3.23.ai_at_mx
(-8, -19, 339), [1, -8, -19, 339, -437, -4232, 12167], 3.23.ai_at_nb
(-8, -19, 341), [1, -8, -19, 341, -437, -4232, 12167], 3.23.ai_at_nd
(-8, -19, 342), [1, -8, -19, 342, -437, -4232, 12167], 3.23.ai_at_ne
(-8, -17, 311), [1, -8, -17, 311, -391, -4232, 12167], 3.23.ai_ar_lz
(-8, -17, 323), [1, -8, -17, 323, -391, -4232, 12167], 3.23.ai_ar_ml
(-8, -17, 326), [1, -8, -17, 326, -391, -4232, 12167], 3.23.ai_ar_mo
(-8, -15, 294), [1, -8, -15, 294, -345, -4232, 12167], 3.23.ai_ap_li
(-8, -15, 310), [1, -8, -15, 310, -345, -4232, 12167], 3.23.ai_ap_ly
(-8, -13, 275), [1, -8, -13, 275, -299, -4232, 12167], 3.23.ai_an_kp
(-8, -13, 290), [1, -8, -13, 290, -299, -4232, 12167], 3.23.ai_an_le
(-8, -11, 255), [1, -8, -11, 255, -253, -4232, 12167], 3.23.ai_al_jv
(-8, -11, 273), [1, -8, -11, 273, -253, -4232, 12167], 3.23.ai_al_kn
(-8, -9, 245), [1, -8, -9, 245, -207, -4232, 12167], 3.23.ai_aj_jl
(-8, -7, 219), [1, -8, -7, 219, -161, -4232, 12167], 3.23.ai_ah_il
(-8, -3, 205), [1, -8, -3, 205, -69, -4232, 12167], 3.23.ai_ad_hx
(-8, 3, 119), [1, -8, 3, 119, 69, -4232, 12167], 3.23.ai_d_ep
(-8, 13, 81), [1, -8, 13, 81, 299, -4232, 12167], 3.23.ai_n_dd
(-8, 16, -6), [1, -8, 16, -6, 368, -4232, 12167], 3.23.ai_q_ag
(-8, 33, -169), [1, -8, 33, -169, 759, -4232, 12167], 3.23.ai_bh_agn
(-8, 43, -265), [1, -8, 43, -265, 989, -4232, 12167], 3.23.ai_br_akf
(-8, 54, -370), [1, -8, 54, -370, 1242, -4232, 12167], 3.23.ai_cc_aog
(-8, 77, -370), [1, -8, 77, -370, 1771, -4232, 12167], 3.23.ai_cz_aog
(-8, 85, -375), [1, -8, 85, -375, 1955, -4232, 12167], 3.23.ai_dh_aol
(-7, -22, 314), [1, -7, -22, 314, -506, -3703, 12167], 3.23.ah_aw_mc
(-7, -22, 324), [1, -7, -22, 324, -506, -3703, 12167], 3.23.ah_aw_mm
(-7, -22, 330), [1, -7, -22, 330, -506, -3703, 12167], 3.23.ah_aw_ms
(-7, -21, 303), [1, -7, -21, 303, -483, -3703, 12167], 3.23.ah_av_lr
(-7, -21, 328), [1, -7, -21, 328, -483, -3703, 12167], 3.23.ah_av_mq
(-7, -21, 335), [1, -7, -21, 335, -483, -3703, 12167], 3.23.ah_av_mx
(-7, -20, 294), [1, -7, -20, 294, -460, -3703, 12167], 3.23.ah_au_li
(-7, -17, 292), [1, -7, -17, 292, -391, -3703, 12167], 3.23.ah_ar_lg
(-7, -17, 301), [1, -7, -17, 301, -391, -3703, 12167], 3.23.ah_ar_lp
(-7, -16, 292), [1, -7, -16, 292, -368, -3703, 12167], 3.23.ah_aq_lg
(-7, -13, 228), [1, -7, -13, 228, -299, -3703, 12167], 3.23.ah_an_iu
(-7, -9, 188), [1, -7, -9, 188, -207, -3703, 12167], 3.23.ah_aj_hg
(-7, -1, 111), [1, -7, -1, 111, -23, -3703, 12167], 3.23.ah_ab_eh
(-7, 21, -100), [1, -7, 21, -100, 483, -3703, 12167], 3.23.ah_v_adw
(-6, -22, 282), [1, -6, -22, 282, -506, -3174, 12167], 3.23.ag_aw_kw
(-6, -21, 257), [1, -6, -21, 257, -483, -3174, 12167], 3.23.ag_av_jx
(-6, -21, 269), [1, -6, -21, 269, -483, -3174, 12167], 3.23.ag_av_kj
(-6, -21, 295), [1, -6, -21, 295, -483, -3174, 12167], 3.23.ag_av_lj
(-6, -20, 302), [1, -6, -20, 302, -460, -3174, 12167], 3.23.ag_au_lq
(-6, -19, 261), [1, -6, -19, 261, -437, -3174, 12167], 3.23.ag_at_kb
(-6, -17, 219), [1, -6, -17, 219, -391, -3174, 12167], 3.23.ag_ar_il
(-6, -17, 223), [1, -6, -17, 223, -391, -3174, 12167], 3.23.ag_ar_ip
(-6, -17, 227), [1, -6, -17, 227, -391, -3174, 12167], 3.23.ag_ar_it
(-6, -17, 278), [1, -6, -17, 278, -391, -3174, 12167], 3.23.ag_ar_ks
(-6, -17, 281), [1, -6, -17, 281, -391, -3174, 12167], 3.23.ag_ar_kv
(-6, -15, 265), [1, -6, -15, 265, -345, -3174, 12167], 3.23.ag_ap_kf
(-6, -6, 202), [1, -6, -6, 202, -138, -3174, 12167], 3.23.ag_ag_hu
(-6, 7, -11), [1, -6, 7, -11, 161, -3174, 12167], 3.23.ag_h_al
(-6, 45, -295), [1, -6, 45, -295, 1035, -3174, 12167], 3.23.ag_bt_alj
(-5, -21, 248), [1, -5, -21, 248, -483, -2645, 12167], 3.23.af_av_jo
(-5, -21, 249), [1, -5, -21, 249, -483, -2645, 12167], 3.23.af_av_jp
(-5, -19, 267), [1, -5, -19, 267, -437, -2645, 12167], 3.23.af_at_kh
(-5, -19, 268), [1, -5, -19, 268, -437, -2645, 12167], 3.23.af_at_ki
(-5, -17, 272), [1, -5, -17, 272, -391, -2645, 12167], 3.23.af_ar_km
(-5, 29, -268), [1, -5, 29, -268, 667, -2645, 12167], 3.23.af_bd_aki
(-5, 50, -244), [1, -5, 50, -244, 1150, -2645, 12167], 3.23.af_by_ajk
(-5, 69, -213), [1, -5, 69, -213, 1587, -2645, 12167], 3.23.af_cr_aif
(-4, -19, 222), [1, -4, -19, 222, -437, -2116, 12167], 3.23.ae_at_io
(-4, -17, 211), [1, -4, -17, 211, -391, -2116, 12167], 3.23.ae_ar_id
(-4, -17, 241), [1, -4, -17, 241, -391, -2116, 12167], 3.23.ae_ar_jh
(-4, -16, 118), [1, -4, -16, 118, -368, -2116, 12167], 3.23.ae_aq_eo
(-4, -15, 255), [1, -4, -15, 255, -345, -2116, 12167], 3.23.ae_ap_jv
(-4, -13, 123), [1, -4, -13, 123, -299, -2116, 12167], 3.23.ae_an_et
(-4, -3, 178), [1, -4, -3, 178, -69, -2116, 12167], 3.23.ae_ad_gw
(-4, -1, -27), [1, -4, -1, -27, -23, -2116, 12167], 3.23.ae_ab_abb
(-4, -1, 165), [1, -4, -1, 165, -23, -2116, 12167], 3.23.ae_ab_gj
(-4, 17, 57), [1, -4, 17, 57, 391, -2116, 12167], 3.23.ae_r_cf
(-4, 23, -257), [1, -4, 23, -257, 529, -2116, 12167], 3.23.ae_x_ajx
(-4, 23, -254), [1, -4, 23, -254, 529, -2116, 12167], 3.23.ae_x_aju
(-3, -21, 157), [1, -3, -21, 157, -483, -1587, 12167], 3.23.ad_av_gb
(-3, -19, 172), [1, -3, -19, 172, -437, -1587, 12167], 3.23.ad_at_gq
(-3, -14, 220), [1, -3, -14, 220, -322, -1587, 12167], 3.23.ad_ao_im
(-3, -13, 232), [1, -3, -13, 232, -299, -1587, 12167], 3.23.ad_an_iy
(-3, -12, 232), [1, -3, -12, 232, -276, -1587, 12167], 3.23.ad_am_iy
(-3, -11, 232), [1, -3, -11, 232, -253, -1587, 12167], 3.23.ad_al_iy
(-3, -11, 235), [1, -3, -11, 235, -253, -1587, 12167], 3.23.ad_al_jb
(-3, 11, -188), [1, -3, 11, -188, 253, -1587, 12167], 3.23.ad_l_ahg
(-3, 16, -236), [1, -3, 16, -236, 368, -1587, 12167], 3.23.ad_q_ajc
(-2, -21, 73), [1, -2, -21, 73, -483, -1058, 12167], 3.23.ac_av_cv
(-2, -19, 129), [1, -2, -19, 129, -437, -1058, 12167], 3.23.ac_at_ez
(-2, -17, 37), [1, -2, -17, 37, -391, -1058, 12167], 3.23.ac_ar_bl
(-2, -15, 167), [1, -2, -15, 167, -345, -1058, 12167], 3.23.ac_ap_gl
(-2, -9, 218), [1, -2, -9, 218, -207, -1058, 12167], 3.23.ac_aj_ik
(-2, -7, 221), [1, -2, -7, 221, -161, -1058, 12167], 3.23.ac_ah_in
(-2, 7, -195), [1, -2, 7, -195, 161, -1058, 12167], 3.23.ac_h_ahn
(-2, 7, -193), [1, -2, 7, -193, 161, -1058, 12167], 3.23.ac_h_ahl
(-2, 11, -222), [1, -2, 11, -222, 253, -1058, 12167], 3.23.ac_l_aio
(-2, 23, -186), [1, -2, 23, -186, 529, -1058, 12167], 3.23.ac_x_ahe
(-2, 53, -57), [1, -2, 53, -57, 1219, -1058, 12167], 3.23.ac_cb_acf
(-2, 55, -105), [1, -2, 55, -105, 1265, -1058, 12167], 3.23.ac_cd_aeb
(-2, 57, -102), [1, -2, 57, -102, 1311, -1058, 12167], 3.23.ac_cf_ady
(-2, 67, -90), [1, -2, 67, -90, 1541, -1058, 12167], 3.23.ac_cp_adm
(-1, -22, 54), [1, -1, -22, 54, -506, -529, 12167], 3.23.ab_aw_cc
(-1, -21, 65), [1, -1, -21, 65, -483, -529, 12167], 3.23.ab_av_cn
(-1, -19, 8), [1, -1, -19, 8, -437, -529, 12167], 3.23.ab_at_i
(-1, -9, 180), [1, -1, -9, 180, -207, -529, 12167], 3.23.ab_aj_gy
(-1, -7, 199), [1, -1, -7, 199, -161, -529, 12167], 3.23.ab_ah_hr
(-1, -6, 208), [1, -1, -6, 208, -138, -529, 12167], 3.23.ab_ag_ia
(-1, -1, -165), [1, -1, -1, -165, -23, -529, 12167], 3.23.ab_ab_agj
(-1, 54, -18), [1, -1, 54, -18, 1242, -529, 12167], 3.23.ab_cc_as
(0, -21, -5), [1, 0, -21, -5, -483, 0, 12167], 3.23.a_av_af
(0, -21, 5), [1, 0, -21, 5, -483, 0, 12167], 3.23.a_av_f
(0, -11, -113), [1, 0, -11, -113, -253, 0, 12167], 3.23.a_al_aej
(0, -11, 113), [1, 0, -11, 113, -253, 0, 12167], 3.23.a_al_ej
(0, -1, -211), [1, 0, -1, -211, -23, 0, 12167], 3.23.a_ab_aid
(0, -1, 211), [1, 0, -1, 211, -23, 0, 12167], 3.23.a_ab_id
(0, 63, -1), [1, 0, 63, -1, 1449, 0, 12167], 3.23.a_cl_ab
(0, 63, 1), [1, 0, 63, 1, 1449, 0, 12167], 3.23.a_cl_b
(1, -22, -54), [1, 1, -22, -54, -506, 529, 12167], 3.23.b_aw_acc
(1, -21, -65), [1, 1, -21, -65, -483, 529, 12167], 3.23.b_av_acn
(1, -19, -8), [1, 1, -19, -8, -437, 529, 12167], 3.23.b_at_ai
(1, -9, -180), [1, 1, -9, -180, -207, 529, 12167], 3.23.b_aj_agy
(1, -7, -199), [1, 1, -7, -199, -161, 529, 12167], 3.23.b_ah_ahr
(1, -6, -208), [1, 1, -6, -208, -138, 529, 12167], 3.23.b_ag_aia
(1, -1, 165), [1, 1, -1, 165, -23, 529, 12167], 3.23.b_ab_gj
(1, 54, 18), [1, 1, 54, 18, 1242, 529, 12167], 3.23.b_cc_s
(2, -21, -73), [1, 2, -21, -73, -483, 1058, 12167], 3.23.c_av_acv
(2, -19, -129), [1, 2, -19, -129, -437, 1058, 12167], 3.23.c_at_aez
(2, -17, -37), [1, 2, -17, -37, -391, 1058, 12167], 3.23.c_ar_abl
(2, -15, -167), [1, 2, -15, -167, -345, 1058, 12167], 3.23.c_ap_agl
(2, -9, -218), [1, 2, -9, -218, -207, 1058, 12167], 3.23.c_aj_aik
(2, -7, -221), [1, 2, -7, -221, -161, 1058, 12167], 3.23.c_ah_ain
(2, 7, 193), [1, 2, 7, 193, 161, 1058, 12167], 3.23.c_h_hl
(2, 7, 195), [1, 2, 7, 195, 161, 1058, 12167], 3.23.c_h_hn
(2, 11, 222), [1, 2, 11, 222, 253, 1058, 12167], 3.23.c_l_io
(2, 23, 186), [1, 2, 23, 186, 529, 1058, 12167], 3.23.c_x_he
(2, 53, 57), [1, 2, 53, 57, 1219, 1058, 12167], 3.23.c_cb_cf
(2, 55, 105), [1, 2, 55, 105, 1265, 1058, 12167], 3.23.c_cd_eb
(2, 57, 102), [1, 2, 57, 102, 1311, 1058, 12167], 3.23.c_cf_dy
(2, 67, 90), [1, 2, 67, 90, 1541, 1058, 12167], 3.23.c_cp_dm
(3, -21, -157), [1, 3, -21, -157, -483, 1587, 12167], 3.23.d_av_agb
(3, -19, -172), [1, 3, -19, -172, -437, 1587, 12167], 3.23.d_at_agq
(3, -14, -220), [1, 3, -14, -220, -322, 1587, 12167], 3.23.d_ao_aim
(3, -13, -232), [1, 3, -13, -232, -299, 1587, 12167], 3.23.d_an_aiy
(3, -12, -232), [1, 3, -12, -232, -276, 1587, 12167], 3.23.d_am_aiy
(3, -11, -235), [1, 3, -11, -235, -253, 1587, 12167], 3.23.d_al_ajb
(3, -11, -232), [1, 3, -11, -232, -253, 1587, 12167], 3.23.d_al_aiy
(3, 11, 188), [1, 3, 11, 188, 253, 1587, 12167], 3.23.d_l_hg
(3, 16, 236), [1, 3, 16, 236, 368, 1587, 12167], 3.23.d_q_jc
(4, -19, -222), [1, 4, -19, -222, -437, 2116, 12167], 3.23.e_at_aio
(4, -17, -241), [1, 4, -17, -241, -391, 2116, 12167], 3.23.e_ar_ajh
(4, -17, -211), [1, 4, -17, -211, -391, 2116, 12167], 3.23.e_ar_aid
(4, -16, -118), [1, 4, -16, -118, -368, 2116, 12167], 3.23.e_aq_aeo
(4, -15, -255), [1, 4, -15, -255, -345, 2116, 12167], 3.23.e_ap_ajv
(4, -13, -123), [1, 4, -13, -123, -299, 2116, 12167], 3.23.e_an_aet
(4, -3, -178), [1, 4, -3, -178, -69, 2116, 12167], 3.23.e_ad_agw
(4, -1, -165), [1, 4, -1, -165, -23, 2116, 12167], 3.23.e_ab_agj
(4, -1, 27), [1, 4, -1, 27, -23, 2116, 12167], 3.23.e_ab_bb
(4, 17, -57), [1, 4, 17, -57, 391, 2116, 12167], 3.23.e_r_acf
(4, 23, 254), [1, 4, 23, 254, 529, 2116, 12167], 3.23.e_x_ju
(4, 23, 257), [1, 4, 23, 257, 529, 2116, 12167], 3.23.e_x_jx
(5, -21, -249), [1, 5, -21, -249, -483, 2645, 12167], 3.23.f_av_ajp
(5, -21, -248), [1, 5, -21, -248, -483, 2645, 12167], 3.23.f_av_ajo
(5, -19, -268), [1, 5, -19, -268, -437, 2645, 12167], 3.23.f_at_aki
(5, -19, -267), [1, 5, -19, -267, -437, 2645, 12167], 3.23.f_at_akh
(5, -17, -272), [1, 5, -17, -272, -391, 2645, 12167], 3.23.f_ar_akm
(5, 29, 268), [1, 5, 29, 268, 667, 2645, 12167], 3.23.f_bd_ki
(5, 50, 244), [1, 5, 50, 244, 1150, 2645, 12167], 3.23.f_by_jk
(5, 69, 213), [1, 5, 69, 213, 1587, 2645, 12167], 3.23.f_cr_if
(6, -22, -282), [1, 6, -22, -282, -506, 3174, 12167], 3.23.g_aw_akw
(6, -21, -295), [1, 6, -21, -295, -483, 3174, 12167], 3.23.g_av_alj
(6, -21, -269), [1, 6, -21, -269, -483, 3174, 12167], 3.23.g_av_akj
(6, -21, -257), [1, 6, -21, -257, -483, 3174, 12167], 3.23.g_av_ajx
(6, -20, -302), [1, 6, -20, -302, -460, 3174, 12167], 3.23.g_au_alq
(6, -19, -261), [1, 6, -19, -261, -437, 3174, 12167], 3.23.g_at_akb
(6, -17, -281), [1, 6, -17, -281, -391, 3174, 12167], 3.23.g_ar_akv
(6, -17, -278), [1, 6, -17, -278, -391, 3174, 12167], 3.23.g_ar_aks
(6, -17, -227), [1, 6, -17, -227, -391, 3174, 12167], 3.23.g_ar_ait
(6, -17, -223), [1, 6, -17, -223, -391, 3174, 12167], 3.23.g_ar_aip
(6, -17, -219), [1, 6, -17, -219, -391, 3174, 12167], 3.23.g_ar_ail
(6, -15, -265), [1, 6, -15, -265, -345, 3174, 12167], 3.23.g_ap_akf
(6, -6, -202), [1, 6, -6, -202, -138, 3174, 12167], 3.23.g_ag_ahu
(6, 7, 11), [1, 6, 7, 11, 161, 3174, 12167], 3.23.g_h_l
(6, 45, 295), [1, 6, 45, 295, 1035, 3174, 12167], 3.23.g_bt_lj
(7, -22, -330), [1, 7, -22, -330, -506, 3703, 12167], 3.23.h_aw_ams
(7, -22, -324), [1, 7, -22, -324, -506, 3703, 12167], 3.23.h_aw_amm
(7, -22, -314), [1, 7, -22, -314, -506, 3703, 12167], 3.23.h_aw_amc
(7, -21, -335), [1, 7, -21, -335, -483, 3703, 12167], 3.23.h_av_amx
(7, -21, -328), [1, 7, -21, -328, -483, 3703, 12167], 3.23.h_av_amq
(7, -21, -303), [1, 7, -21, -303, -483, 3703, 12167], 3.23.h_av_alr
(7, -20, -294), [1, 7, -20, -294, -460, 3703, 12167], 3.23.h_au_ali
(7, -17, -301), [1, 7, -17, -301, -391, 3703, 12167], 3.23.h_ar_alp
(7, -17, -292), [1, 7, -17, -292, -391, 3703, 12167], 3.23.h_ar_alg
(7, -16, -292), [1, 7, -16, -292, -368, 3703, 12167], 3.23.h_aq_alg
(7, -13, -228), [1, 7, -13, -228, -299, 3703, 12167], 3.23.h_an_aiu
(7, -9, -188), [1, 7, -9, -188, -207, 3703, 12167], 3.23.h_aj_ahg
(7, -1, -111), [1, 7, -1, -111, -23, 3703, 12167], 3.23.h_ab_aeh
(7, 21, 100), [1, 7, 21, 100, 483, 3703, 12167], 3.23.h_v_dw
(8, -22, -362), [1, 8, -22, -362, -506, 4232, 12167], 3.23.i_aw_any
(8, -21, -362), [1, 8, -21, -362, -483, 4232, 12167], 3.23.i_av_any
(8, -21, -359), [1, 8, -21, -359, -483, 4232, 12167], 3.23.i_av_anv
(8, -21, -355), [1, 8, -21, -355, -483, 4232, 12167], 3.23.i_av_anr
(8, -21, -349), [1, 8, -21, -349, -483, 4232, 12167], 3.23.i_av_anl
(8, -20, -350), [1, 8, -20, -350, -460, 4232, 12167], 3.23.i_au_anm
(8, -20, -342), [1, 8, -20, -342, -460, 4232, 12167], 3.23.i_au_ane
(8, -19, -342), [1, 8, -19, -342, -437, 4232, 12167], 3.23.i_at_ane
(8, -19, -341), [1, 8, -19, -341, -437, 4232, 12167], 3.23.i_at_and
(8, -19, -339), [1, 8, -19, -339, -437, 4232, 12167], 3.23.i_at_anb
(8, -19, -335), [1, 8, -19, -335, -437, 4232, 12167], 3.23.i_at_amx
(8, -19, -333), [1, 8, -19, -333, -437, 4232, 12167], 3.23.i_at_amv
(8, -19, -330), [1, 8, -19, -330, -437, 4232, 12167], 3.23.i_at_ams
(8, -17, -326), [1, 8, -17, -326, -391, 4232, 12167], 3.23.i_ar_amo
(8, -17, -323), [1, 8, -17, -323, -391, 4232, 12167], 3.23.i_ar_aml
(8, -17, -311), [1, 8, -17, -311, -391, 4232, 12167], 3.23.i_ar_alz
(8, -15, -310), [1, 8, -15, -310, -345, 4232, 12167], 3.23.i_ap_aly
(8, -15, -294), [1, 8, -15, -294, -345, 4232, 12167], 3.23.i_ap_ali
(8, -13, -290), [1, 8, -13, -290, -299, 4232, 12167], 3.23.i_an_ale
(8, -13, -275), [1, 8, -13, -275, -299, 4232, 12167], 3.23.i_an_akp
(8, -11, -273), [1, 8, -11, -273, -253, 4232, 12167], 3.23.i_al_akn
(8, -11, -255), [1, 8, -11, -255, -253, 4232, 12167], 3.23.i_al_ajv
(8, -9, -245), [1, 8, -9, -245, -207, 4232, 12167], 3.23.i_aj_ajl
(8, -7, -219), [1, 8, -7, -219, -161, 4232, 12167], 3.23.i_ah_ail
(8, -3, -205), [1, 8, -3, -205, -69, 4232, 12167], 3.23.i_ad_ahx
(8, 3, -119), [1, 8, 3, -119, 69, 4232, 12167], 3.23.i_d_aep
(8, 13, -81), [1, 8, 13, -81, 299, 4232, 12167], 3.23.i_n_add
(8, 16, 6), [1, 8, 16, 6, 368, 4232, 12167], 3.23.i_q_g
(8, 33, 169), [1, 8, 33, 169, 759, 4232, 12167], 3.23.i_bh_gn
(8, 43, 265), [1, 8, 43, 265, 989, 4232, 12167], 3.23.i_br_kf
(8, 54, 370), [1, 8, 54, 370, 1242, 4232, 12167], 3.23.i_cc_og
(8, 77, 370), [1, 8, 77, 370, 1771, 4232, 12167], 3.23.i_cz_og
(8, 85, 375), [1, 8, 85, 375, 1955, 4232, 12167], 3.23.i_dh_ol
(9, -22, -406), [1, 9, -22, -406, -506, 4761, 12167], 3.23.j_aw_apq
(9, -21, -397), [1, 9, -21, -397, -483, 4761, 12167], 3.23.j_av_aph
(9, -20, -386), [1, 9, -20, -386, -460, 4761, 12167], 3.23.j_au_aow
(9, -19, -376), [1, 9, -19, -376, -437, 4761, 12167], 3.23.j_at_aom
(9, -17, -358), [1, 9, -17, -358, -391, 4761, 12167], 3.23.j_ar_anu
(9, -16, -350), [1, 9, -16, -350, -368, 4761, 12167], 3.23.j_aq_anm
(9, -16, -348), [1, 9, -16, -348, -368, 4761, 12167], 3.23.j_aq_ank
(9, -15, -341), [1, 9, -15, -341, -345, 4761, 12167], 3.23.j_ap_and
(9, -14, -328), [1, 9, -14, -328, -322, 4761, 12167], 3.23.j_ao_amq
(9, -13, -319), [1, 9, -13, -319, -299, 4761, 12167], 3.23.j_an_amh
(9, -11, -304), [1, 9, -11, -304, -253, 4761, 12167], 3.23.j_al_als
(9, -9, -280), [1, 9, -9, -280, -207, 4761, 12167], 3.23.j_aj_aku
(9, -8, -278), [1, 9, -8, -278, -184, 4761, 12167], 3.23.j_ai_aks
(9, -8, -272), [1, 9, -8, -272, -184, 4761, 12167], 3.23.j_ai_akm
(9, -5, -248), [1, 9, -5, -248, -115, 4761, 12167], 3.23.j_af_ajo
(9, -3, -235), [1, 9, -3, -235, -69, 4761, 12167], 3.23.j_ad_ajb
(9, -2, -226), [1, 9, -2, -226, -46, 4761, 12167], 3.23.j_ac_ais
(9, -2, -214), [1, 9, -2, -214, -46, 4761, 12167], 3.23.j_ac_aig
(9, -1, -203), [1, 9, -1, -203, -23, 4761, 12167], 3.23.j_ab_ahv
(9, 0, -196), [1, 9, 0, -196, 0, 4761, 12167], 3.23.j_a_aho
(9, 1, -200), [1, 9, 1, -200, 23, 4761, 12167], 3.23.j_b_ahs
(9, 2, -182), [1, 9, 2, -182, 46, 4761, 12167], 3.23.j_c_aha
(9, 11, -88), [1, 9, 11, -88, 253, 4761, 12167], 3.23.j_l_adk
(9, 21, 8), [1, 9, 21, 8, 483, 4761, 12167], 3.23.j_v_i
(9, 29, 29), [1, 9, 29, 29, 667, 4761, 12167], 3.23.j_bd_bd
(9, 75, 415), [1, 9, 75, 415, 1725, 4761, 12167], 3.23.j_cx_pz
(9, 92, 428), [1, 9, 92, 428, 2116, 4761, 12167], 3.23.j_do_qm
(9, 93, 431), [1, 9, 93, 431, 2139, 4761, 12167], 3.23.j_dp_qp
(10, -9, -326), [1, 10, -9, -326, -207, 5290, 12167], 3.23.k_aj_amo
(10, -1, -249), [1, 10, -1, -249, -23, 5290, 12167], 3.23.k_ab_ajp
(10, 5, -195), [1, 10, 5, -195, 115, 5290, 12167], 3.23.k_f_ahn
(10, 7, -178), [1, 10, 7, -178, 161, 5290, 12167], 3.23.k_h_agw
(10, 7, -177), [1, 10, 7, -177, 161, 5290, 12167], 3.23.k_h_agv
(10, 7, -175), [1, 10, 7, -175, 161, 5290, 12167], 3.23.k_h_agt
(10, 8, -166), [1, 10, 8, -166, 184, 5290, 12167], 3.23.k_i_agk
(10, 9, -154), [1, 10, 9, -154, 207, 5290, 12167], 3.23.k_j_afy
(10, 11, -135), [1, 10, 11, -135, 253, 5290, 12167], 3.23.k_l_aff
(10, 13, -121), [1, 10, 13, -121, 299, 5290, 12167], 3.23.k_n_aer
(10, 17, -87), [1, 10, 17, -87, 391, 5290, 12167], 3.23.k_r_adj
(10, 17, -85), [1, 10, 17, -85, 391, 5290, 12167], 3.23.k_r_adh
(10, 17, -77), [1, 10, 17, -77, 391, 5290, 12167], 3.23.k_r_acz
(10, 18, -82), [1, 10, 18, -82, 414, 5290, 12167], 3.23.k_s_ade
(10, 19, -73), [1, 10, 19, -73, 437, 5290, 12167], 3.23.k_t_acv
(10, 21, -38), [1, 10, 21, -38, 483, 5290, 12167], 3.23.k_v_abm
(10, 33, 77), [1, 10, 33, 77, 759, 5290, 12167], 3.23.k_bh_cz
(10, 71, 441), [1, 10, 71, 441, 1633, 5290, 12167], 3.23.k_ct_qz
(10, 75, 351), [1, 10, 75, 351, 1725, 5290, 12167], 3.23.k_cx_nn
(10, 81, 389), [1, 10, 81, 389, 1863, 5290, 12167], 3.23.k_dd_oz
(11, 11, -180), [1, 11, 11, -180, 253, 5819, 12167], 3.23.l_l_agy
(11, 15, -143), [1, 11, 15, -143, 345, 5819, 12167], 3.23.l_p_afn
(11, 20, -94), [1, 11, 20, -94, 460, 5819, 12167], 3.23.l_u_adq
(11, 25, -47), [1, 11, 25, -47, 575, 5819, 12167], 3.23.l_z_abv
(11, 43, 127), [1, 11, 43, 127, 989, 5819, 12167], 3.23.l_br_ex
(11, 83, 508), [1, 11, 83, 508, 1909, 5819, 12167], 3.23.l_df_to
(12, 30, -44), [1, 12, 30, -44, 690, 6348, 12167], 3.23.m_be_abs
(12, 39, 41), [1, 12, 39, 41, 897, 6348, 12167], 3.23.m_bn_bp
(12, 59, 215), [1, 12, 59, 215, 1357, 6348, 12167], 3.23.m_ch_ih
(12, 59, 233), [1, 12, 59, 233, 1357, 6348, 12167], 3.23.m_ch_iz
(12, 61, 233), [1, 12, 61, 233, 1403, 6348, 12167], 3.23.m_cj_iz
(12, 71, 317), [1, 12, 71, 317, 1633, 6348, 12167], 3.23.m_ct_mf
(12, 73, 331), [1, 12, 73, 331, 1679, 6348, 12167], 3.23.m_cv_mt
(12, 77, 407), [1, 12, 77, 407, 1771, 6348, 12167], 3.23.m_cz_pr
(12, 81, 389), [1, 12, 81, 389, 1863, 6348, 12167], 3.23.m_dd_oz
(12, 87, 503), [1, 12, 87, 503, 2001, 6348, 12167], 3.23.m_dj_tj
(12, 91, 541), [1, 12, 91, 541, 2093, 6348, 12167], 3.23.m_dn_uv
(12, 93, 559), [1, 12, 93, 559, 2139, 6348, 12167], 3.23.m_dp_vn
(12, 113, 599), [1, 12, 113, 599, 2599, 6348, 12167], 3.23.m_ej_xb
(13, 51, 111), [1, 13, 51, 111, 1173, 6877, 12167], 3.23.n_bz_eh
(13, 52, 120), [1, 13, 52, 120, 1196, 6877, 12167], 3.23.n_ca_eq
(13, 54, 140), [1, 13, 54, 140, 1242, 6877, 12167], 3.23.n_cc_fk
(13, 58, 176), [1, 13, 58, 176, 1334, 6877, 12167], 3.23.n_cg_gu
(13, 66, 248), [1, 13, 66, 248, 1518, 6877, 12167], 3.23.n_co_jo
(13, 67, 265), [1, 13, 67, 265, 1541, 6877, 12167], 3.23.n_cp_kf
(13, 74, 332), [1, 13, 74, 332, 1702, 6877, 12167], 3.23.n_cw_mu
(13, 75, 341), [1, 13, 75, 341, 1725, 6877, 12167], 3.23.n_cx_nd
(13, 79, 380), [1, 13, 79, 380, 1817, 6877, 12167], 3.23.n_db_oq
(13, 84, 428), [1, 13, 84, 428, 1932, 6877, 12167], 3.23.n_dg_qm
(13, 99, 572), [1, 13, 99, 572, 2277, 6877, 12167], 3.23.n_dv_wa
(13, 101, 588), [1, 13, 101, 588, 2323, 6877, 12167], 3.23.n_dx_wq
(13, 104, 618), [1, 13, 104, 618, 2392, 6877, 12167], 3.23.n_ea_xu
(13, 104, 620), [1, 13, 104, 620, 2392, 6877, 12167], 3.23.n_ea_xw
(13, 113, 636), [1, 13, 113, 636, 2599, 6877, 12167], 3.23.n_ej_ym
(13, 119, 647), [1, 13, 119, 647, 2737, 6877, 12167], 3.23.n_ep_yx
(14, 67, 219), [1, 14, 67, 219, 1541, 7406, 12167], 3.23.o_cp_il
(14, 69, 238), [1, 14, 69, 238, 1587, 7406, 12167], 3.23.o_cr_je
(14, 75, 295), [1, 14, 75, 295, 1725, 7406, 12167], 3.23.o_cx_lj
(14, 77, 315), [1, 14, 77, 315, 1771, 7406, 12167], 3.23.o_cz_md
(14, 79, 331), [1, 14, 79, 331, 1817, 7406, 12167], 3.23.o_db_mt
(14, 79, 333), [1, 14, 79, 333, 1817, 7406, 12167], 3.23.o_db_mv
(14, 82, 362), [1, 14, 82, 362, 1886, 7406, 12167], 3.23.o_de_ny
(14, 83, 369), [1, 14, 83, 369, 1909, 7406, 12167], 3.23.o_df_of
(14, 87, 411), [1, 14, 87, 411, 2001, 7406, 12167], 3.23.o_dj_pv
(14, 93, 451), [1, 14, 93, 451, 2139, 7406, 12167], 3.23.o_dp_rj
(14, 96, 496), [1, 14, 96, 496, 2208, 7406, 12167], 3.23.o_ds_tc
(14, 99, 526), [1, 14, 99, 526, 2277, 7406, 12167], 3.23.o_dv_ug
(14, 107, 602), [1, 14, 107, 602, 2461, 7406, 12167], 3.23.o_ed_xe
(14, 110, 586), [1, 14, 110, 586, 2530, 7406, 12167], 3.23.o_eg_wo
(14, 114, 670), [1, 14, 114, 670, 2622, 7406, 12167], 3.23.o_ek_zu
(14, 115, 679), [1, 14, 115, 679, 2645, 7406, 12167], 3.23.o_el_bad
(14, 117, 691), [1, 14, 117, 691, 2691, 7406, 12167], 3.23.o_en_bap
(14, 121, 699), [1, 14, 121, 699, 2783, 7406, 12167], 3.23.o_er_bax
(14, 125, 711), [1, 14, 125, 711, 2875, 7406, 12167], 3.23.o_ev_bbj
(14, 126, 706), [1, 14, 126, 706, 2898, 7406, 12167], 3.23.o_ew_bbe
(14, 129, 717), [1, 14, 129, 717, 2967, 7406, 12167], 3.23.o_ez_bbp
(14, 130, 726), [1, 14, 130, 726, 2990, 7406, 12167], 3.23.o_fa_bby
(15, 87, 365), [1, 15, 87, 365, 2001, 7935, 12167], 3.23.p_dj_ob
(15, 88, 374), [1, 15, 88, 374, 2024, 7935, 12167], 3.23.p_dk_ok
(15, 92, 412), [1, 15, 92, 412, 2116, 7935, 12167], 3.23.p_do_pw
(15, 100, 488), [1, 15, 100, 488, 2300, 7935, 12167], 3.23.p_dw_su
(15, 104, 518), [1, 15, 104, 518, 2392, 7935, 12167], 3.23.p_ea_ty
(15, 111, 595), [1, 15, 111, 595, 2553, 7935, 12167], 3.23.p_eh_wx
(15, 114, 622), [1, 15, 114, 622, 2622, 7935, 12167], 3.23.p_ek_xy
(15, 115, 611), [1, 15, 115, 611, 2645, 7935, 12167], 3.23.p_el_xn
(15, 116, 620), [1, 15, 116, 620, 2668, 7935, 12167], 3.23.p_em_xw
(15, 118, 662), [1, 15, 118, 662, 2714, 7935, 12167], 3.23.p_eo_zm
(15, 119, 672), [1, 15, 119, 672, 2737, 7935, 12167], 3.23.p_ep_zw
(15, 121, 691), [1, 15, 121, 691, 2783, 7935, 12167], 3.23.p_er_bap
(15, 122, 696), [1, 15, 122, 696, 2806, 7935, 12167], 3.23.p_es_bau
(15, 124, 718), [1, 15, 124, 718, 2852, 7935, 12167], 3.23.p_eu_bbq
(15, 128, 758), [1, 15, 128, 758, 2944, 7935, 12167], 3.23.p_ey_bde
(15, 129, 720), [1, 15, 129, 720, 2967, 7935, 12167], 3.23.p_ez_bbs
(15, 135, 763), [1, 15, 135, 763, 3105, 7935, 12167], 3.23.p_ff_bdj
(15, 136, 770), [1, 15, 136, 770, 3128, 7935, 12167], 3.23.p_fg_bdq
(15, 137, 781), [1, 15, 137, 781, 3151, 7935, 12167], 3.23.p_fh_beb
(15, 137, 787), [1, 15, 137, 787, 3151, 7935, 12167], 3.23.p_fh_beh
(16, 107, 510), [1, 16, 107, 510, 2461, 8464, 12167], 3.23.q_ed_tq
(16, 111, 549), [1, 16, 111, 549, 2553, 8464, 12167], 3.23.q_eh_vd
(16, 112, 558), [1, 16, 112, 558, 2576, 8464, 12167], 3.23.q_ei_vm
(16, 113, 567), [1, 16, 113, 567, 2599, 8464, 12167], 3.23.q_ej_vv
(16, 116, 594), [1, 16, 116, 594, 2668, 8464, 12167], 3.23.q_em_ww
(16, 119, 626), [1, 16, 119, 626, 2737, 8464, 12167], 3.23.q_ep_yc
(16, 120, 630), [1, 16, 120, 630, 2760, 8464, 12167], 3.23.q_eq_yg
(16, 121, 645), [1, 16, 121, 645, 2783, 8464, 12167], 3.23.q_er_yv
(16, 125, 675), [1, 16, 125, 675, 2875, 8464, 12167], 3.23.q_ev_zz
(16, 131, 741), [1, 16, 131, 741, 3013, 8464, 12167], 3.23.q_fb_bcn
(16, 132, 734), [1, 16, 132, 734, 3036, 8464, 12167], 3.23.q_fc_bcg
(16, 135, 753), [1, 16, 135, 753, 3105, 8464, 12167], 3.23.q_ff_bcz
(16, 135, 779), [1, 16, 135, 779, 3105, 8464, 12167], 3.23.q_ff_bdz
(16, 137, 798), [1, 16, 137, 798, 3151, 8464, 12167], 3.23.q_fh_bes
(16, 140, 794), [1, 16, 140, 794, 3220, 8464, 12167], 3.23.q_fk_beo
(16, 141, 815), [1, 16, 141, 815, 3243, 8464, 12167], 3.23.q_fl_bfj
(16, 141, 833), [1, 16, 141, 833, 3243, 8464, 12167], 3.23.q_fl_bgb
(16, 141, 834), [1, 16, 141, 834, 3243, 8464, 12167], 3.23.q_fl_bgc
(16, 143, 839), [1, 16, 143, 839, 3289, 8464, 12167], 3.23.q_fn_bgh
(16, 144, 822), [1, 16, 144, 822, 3312, 8464, 12167], 3.23.q_fo_bfq
(16, 144, 842), [1, 16, 144, 842, 3312, 8464, 12167], 3.23.q_fo_bgk
(16, 148, 858), [1, 16, 148, 858, 3404, 8464, 12167], 3.23.q_fs_bha
(16, 149, 858), [1, 16, 149, 858, 3427, 8464, 12167], 3.23.q_ft_bha
(16, 151, 870), [1, 16, 151, 870, 3473, 8464, 12167], 3.23.q_fv_bhm
(17, 128, 666), [1, 17, 128, 666, 2944, 8993, 12167], 3.23.r_ey_zq
(17, 131, 693), [1, 17, 131, 693, 3013, 8993, 12167], 3.23.r_fb_bar
(17, 133, 712), [1, 17, 133, 712, 3059, 8993, 12167], 3.23.r_fd_bbk
(17, 134, 722), [1, 17, 134, 722, 3082, 8993, 12167], 3.23.r_fe_bbu
(17, 135, 733), [1, 17, 135, 733, 3105, 8993, 12167], 3.23.r_ff_bcf
(17, 137, 752), [1, 17, 137, 752, 3151, 8993, 12167], 3.23.r_fh_bcy
(17, 140, 772), [1, 17, 140, 772, 3220, 8993, 12167], 3.23.r_fk_bds
(17, 140, 780), [1, 17, 140, 780, 3220, 8993, 12167], 3.23.r_fk_bea
(17, 141, 780), [1, 17, 141, 780, 3243, 8993, 12167], 3.23.r_fl_bea
(17, 143, 797), [1, 17, 143, 797, 3289, 8993, 12167], 3.23.r_fn_ber
(17, 144, 808), [1, 17, 144, 808, 3312, 8993, 12167], 3.23.r_fo_bfc
(17, 148, 852), [1, 17, 148, 852, 3404, 8993, 12167], 3.23.r_fs_bgu
(17, 149, 847), [1, 17, 149, 847, 3427, 8993, 12167], 3.23.r_ft_bgp
(17, 150, 876), [1, 17, 150, 876, 3450, 8993, 12167], 3.23.r_fu_bhs
(17, 152, 896), [1, 17, 152, 896, 3496, 8993, 12167], 3.23.r_fw_bim
(17, 153, 892), [1, 17, 153, 892, 3519, 8993, 12167], 3.23.r_fx_bii
(17, 153, 898), [1, 17, 153, 898, 3519, 8993, 12167], 3.23.r_fx_bio
(17, 153, 901), [1, 17, 153, 901, 3519, 8993, 12167], 3.23.r_fx_bir
(17, 153, 904), [1, 17, 153, 904, 3519, 8993, 12167], 3.23.r_fx_biu
(17, 153, 906), [1, 17, 153, 906, 3519, 8993, 12167], 3.23.r_fx_biw
(17, 155, 916), [1, 17, 155, 916, 3565, 8993, 12167], 3.23.r_fz_bjg
(17, 156, 904), [1, 17, 156, 904, 3588, 8993, 12167], 3.23.r_ga_biu
(17, 157, 925), [1, 17, 157, 925, 3611, 8993, 12167], 3.23.r_gb_bjp
(17, 158, 922), [1, 17, 158, 922, 3634, 8993, 12167], 3.23.r_gc_bjm
(17, 158, 924), [1, 17, 158, 924, 3634, 8993, 12167], 3.23.r_gc_bjo
(17, 159, 925), [1, 17, 159, 925, 3657, 8993, 12167], 3.23.r_gd_bjp
(17, 161, 939), [1, 17, 161, 939, 3703, 8993, 12167], 3.23.r_gf_bkd
(18, 141, 745), [1, 18, 141, 745, 3243, 9522, 12167], 3.23.s_fl_bcr
(18, 148, 812), [1, 18, 148, 812, 3404, 9522, 12167], 3.23.s_fs_bfg
(18, 150, 830), [1, 18, 150, 830, 3450, 9522, 12167], 3.23.s_fu_bfy
(18, 151, 838), [1, 18, 151, 838, 3473, 9522, 12167], 3.23.s_fv_bgg
(18, 151, 839), [1, 18, 151, 839, 3473, 9522, 12167], 3.23.s_fv_bgh
(18, 154, 866), [1, 18, 154, 866, 3542, 9522, 12167], 3.23.s_fy_bhi
(18, 155, 879), [1, 18, 155, 879, 3565, 9522, 12167], 3.23.s_fz_bhv
(18, 158, 902), [1, 18, 158, 902, 3634, 9522, 12167], 3.23.s_gc_bis
(18, 158, 908), [1, 18, 158, 908, 3634, 9522, 12167], 3.23.s_gc_biy
(18, 159, 907), [1, 18, 159, 907, 3657, 9522, 12167], 3.23.s_gd_bix
(18, 159, 917), [1, 18, 159, 917, 3657, 9522, 12167], 3.23.s_gd_bjh
(18, 161, 929), [1, 18, 161, 929, 3703, 9522, 12167], 3.23.s_gf_bjt
(18, 162, 934), [1, 18, 162, 934, 3726, 9522, 12167], 3.23.s_gg_bjy
(18, 162, 946), [1, 18, 162, 946, 3726, 9522, 12167], 3.23.s_gg_bkk
(18, 163, 941), [1, 18, 163, 941, 3749, 9522, 12167], 3.23.s_gh_bkf
(18, 165, 971), [1, 18, 165, 971, 3795, 9522, 12167], 3.23.s_gj_blj
(18, 165, 973), [1, 18, 165, 973, 3795, 9522, 12167], 3.23.s_gj_bll
(18, 165, 975), [1, 18, 165, 975, 3795, 9522, 12167], 3.23.s_gj_bln
(18, 166, 974), [1, 18, 166, 974, 3818, 9522, 12167], 3.23.s_gk_blm
(18, 167, 992), [1, 18, 167, 992, 3841, 9522, 12167], 3.23.s_gl_bme
(18, 167, 994), [1, 18, 167, 994, 3841, 9522, 12167], 3.23.s_gl_bmg
(18, 169, 1001), [1, 18, 169, 1001, 3887, 9522, 12167], 3.23.s_gn_bmn
(18, 170, 998), [1, 18, 170, 998, 3910, 9522, 12167], 3.23.s_go_bmk
(18, 170, 1006), [1, 18, 170, 1006, 3910, 9522, 12167], 3.23.s_go_bms
(18, 171, 1009), [1, 18, 171, 1009, 3933, 9522, 12167], 3.23.s_gp_bmv
(18, 173, 1021), [1, 18, 173, 1021, 3979, 9522, 12167], 3.23.s_gr_bnh
(19, 162, 900), [1, 19, 162, 900, 3726, 10051, 12167], 3.23.t_gg_biq
(19, 165, 929), [1, 19, 165, 929, 3795, 10051, 12167], 3.23.t_gj_bjt
(19, 166, 938), [1, 19, 166, 938, 3818, 10051, 12167], 3.23.t_gk_bkc
(19, 167, 947), [1, 19, 167, 947, 3841, 10051, 12167], 3.23.t_gl_bkl
(19, 167, 948), [1, 19, 167, 948, 3841, 10051, 12167], 3.23.t_gl_bkm
(19, 168, 956), [1, 19, 168, 956, 3864, 10051, 12167], 3.23.t_gm_bku
(19, 168, 958), [1, 19, 168, 958, 3864, 10051, 12167], 3.23.t_gm_bkw
(19, 169, 965), [1, 19, 169, 965, 3887, 10051, 12167], 3.23.t_gn_bld
(19, 169, 967), [1, 19, 169, 967, 3887, 10051, 12167], 3.23.t_gn_blf
(19, 170, 974), [1, 19, 170, 974, 3910, 10051, 12167], 3.23.t_go_blm
(19, 171, 983), [1, 19, 171, 983, 3933, 10051, 12167], 3.23.t_gp_blv
(19, 171, 984), [1, 19, 171, 984, 3933, 10051, 12167], 3.23.t_gp_blw
(19, 172, 996), [1, 19, 172, 996, 3956, 10051, 12167], 3.23.t_gq_bmi
(19, 173, 1004), [1, 19, 173, 1004, 3979, 10051, 12167], 3.23.t_gr_bmq
(19, 174, 1014), [1, 19, 174, 1014, 4002, 10051, 12167], 3.23.t_gs_bna
(19, 175, 1021), [1, 19, 175, 1021, 4025, 10051, 12167], 3.23.t_gt_bnh
(19, 175, 1022), [1, 19, 175, 1022, 4025, 10051, 12167], 3.23.t_gt_bni
(19, 175, 1023), [1, 19, 175, 1023, 4025, 10051, 12167], 3.23.t_gt_bnj
(19, 175, 1025), [1, 19, 175, 1025, 4025, 10051, 12167], 3.23.t_gt_bnl
(19, 176, 1032), [1, 19, 176, 1032, 4048, 10051, 12167], 3.23.t_gu_bns
(19, 176, 1034), [1, 19, 176, 1034, 4048, 10051, 12167], 3.23.t_gu_bnu
(19, 177, 1044), [1, 19, 177, 1044, 4071, 10051, 12167], 3.23.t_gv_boe
(19, 178, 1046), [1, 19, 178, 1046, 4094, 10051, 12167], 3.23.t_gw_bog
(19, 178, 1052), [1, 19, 178, 1052, 4094, 10051, 12167], 3.23.t_gw_bom
(19, 179, 1057), [1, 19, 179, 1057, 4117, 10051, 12167], 3.23.t_gx_bor
(19, 179, 1059), [1, 19, 179, 1059, 4117, 10051, 12167], 3.23.t_gx_bot
(19, 179, 1062), [1, 19, 179, 1062, 4117, 10051, 12167], 3.23.t_gx_bow
(19, 180, 1060), [1, 19, 180, 1060, 4140, 10051, 12167], 3.23.t_gy_bou
(19, 180, 1068), [1, 19, 180, 1068, 4140, 10051, 12167], 3.23.t_gy_bpc
(19, 181, 1073), [1, 19, 181, 1073, 4163, 10051, 12167], 3.23.t_gz_bph
(19, 181, 1076), [1, 19, 181, 1076, 4163, 10051, 12167], 3.23.t_gz_bpk
(19, 181, 1079), [1, 19, 181, 1079, 4163, 10051, 12167], 3.23.t_gz_bpn
(19, 181, 1080), [1, 19, 181, 1080, 4163, 10051, 12167], 3.23.t_gz_bpo
(19, 182, 1080), [1, 19, 182, 1080, 4186, 10051, 12167], 3.23.t_ha_bpo
(19, 182, 1088), [1, 19, 182, 1088, 4186, 10051, 12167], 3.23.t_ha_bpw
(19, 183, 1083), [1, 19, 183, 1083, 4209, 10051, 12167], 3.23.t_hb_bpr
(19, 183, 1086), [1, 19, 183, 1086, 4209, 10051, 12167], 3.23.t_hb_bpu
(19, 183, 1091), [1, 19, 183, 1091, 4209, 10051, 12167], 3.23.t_hb_bpz
(19, 183, 1092), [1, 19, 183, 1092, 4209, 10051, 12167], 3.23.t_hb_bqa
(19, 184, 1098), [1, 19, 184, 1098, 4232, 10051, 12167], 3.23.t_hc_bqg
(19, 185, 1100), [1, 19, 185, 1100, 4255, 10051, 12167], 3.23.t_hd_bqi
(19, 185, 1101), [1, 19, 185, 1101, 4255, 10051, 12167], 3.23.t_hd_bqj
(19, 185, 1103), [1, 19, 185, 1103, 4255, 10051, 12167], 3.23.t_hd_bql
(19, 187, 1113), [1, 19, 187, 1113, 4301, 10051, 12167], 3.23.t_hf_bqv
(20, 185, 1074), [1, 20, 185, 1074, 4255, 10580, 12167], 3.23.u_hd_bpi
(20, 185, 1075), [1, 20, 185, 1075, 4255, 10580, 12167], 3.23.u_hd_bpj
(20, 187, 1093), [1, 20, 187, 1093, 4301, 10580, 12167], 3.23.u_hf_bqb
(20, 188, 1102), [1, 20, 188, 1102, 4324, 10580, 12167], 3.23.u_hg_bqk
(20, 189, 1110), [1, 20, 189, 1110, 4347, 10580, 12167], 3.23.u_hh_bqs
(20, 190, 1122), [1, 20, 190, 1122, 4370, 10580, 12167], 3.23.u_hi_bre
(20, 191, 1130), [1, 20, 191, 1130, 4393, 10580, 12167], 3.23.u_hj_brm
(20, 191, 1131), [1, 20, 191, 1131, 4393, 10580, 12167], 3.23.u_hj_brn
(20, 191, 1132), [1, 20, 191, 1132, 4393, 10580, 12167], 3.23.u_hj_bro
(20, 192, 1140), [1, 20, 192, 1140, 4416, 10580, 12167], 3.23.u_hk_brw
(20, 192, 1142), [1, 20, 192, 1142, 4416, 10580, 12167], 3.23.u_hk_bry
(20, 193, 1147), [1, 20, 193, 1147, 4439, 10580, 12167], 3.23.u_hl_bsd
(20, 193, 1148), [1, 20, 193, 1148, 4439, 10580, 12167], 3.23.u_hl_bse
(20, 193, 1149), [1, 20, 193, 1149, 4439, 10580, 12167], 3.23.u_hl_bsf
(20, 195, 1161), [1, 20, 195, 1161, 4485, 10580, 12167], 3.23.u_hn_bsr
(20, 195, 1167), [1, 20, 195, 1167, 4485, 10580, 12167], 3.23.u_hn_bsx
(20, 195, 1169), [1, 20, 195, 1169, 4485, 10580, 12167], 3.23.u_hn_bsz
(20, 195, 1170), [1, 20, 195, 1170, 4485, 10580, 12167], 3.23.u_hn_bta
(20, 196, 1170), [1, 20, 196, 1170, 4508, 10580, 12167], 3.23.u_ho_bta
(20, 196, 1174), [1, 20, 196, 1174, 4508, 10580, 12167], 3.23.u_ho_bte
(20, 197, 1178), [1, 20, 197, 1178, 4531, 10580, 12167], 3.23.u_hp_bti
(20, 197, 1182), [1, 20, 197, 1182, 4531, 10580, 12167], 3.23.u_hp_btm
(20, 198, 1188), [1, 20, 198, 1188, 4554, 10580, 12167], 3.23.u_hq_bts
(21, 202, 1192), [1, 21, 202, 1192, 4646, 11109, 12167], 3.23.v_hu_btw
(21, 204, 1210), [1, 21, 204, 1210, 4692, 11109, 12167], 3.23.v_hw_buo
(21, 205, 1220), [1, 21, 205, 1220, 4715, 11109, 12167], 3.23.v_hx_buy
(21, 206, 1228), [1, 21, 206, 1228, 4738, 11109, 12167], 3.23.v_hy_bvg
(21, 207, 1237), [1, 21, 207, 1237, 4761, 11109, 12167], 3.23.v_hz_bvp
(21, 207, 1240), [1, 21, 207, 1240, 4761, 11109, 12167], 3.23.v_hz_bvs
(21, 208, 1248), [1, 21, 208, 1248, 4784, 11109, 12167], 3.23.v_ia_bwa
(21, 209, 1253), [1, 21, 209, 1253, 4807, 11109, 12167], 3.23.v_ib_bwf
(21, 209, 1255), [1, 21, 209, 1255, 4807, 11109, 12167], 3.23.v_ib_bwh
(21, 209, 1256), [1, 21, 209, 1256, 4807, 11109, 12167], 3.23.v_ib_bwi
(21, 209, 1257), [1, 21, 209, 1257, 4807, 11109, 12167], 3.23.v_ib_bwj
(21, 209, 1259), [1, 21, 209, 1259, 4807, 11109, 12167], 3.23.v_ib_bwl
(21, 210, 1264), [1, 21, 210, 1264, 4830, 11109, 12167], 3.23.v_ic_bwq
(21, 210, 1268), [1, 21, 210, 1268, 4830, 11109, 12167], 3.23.v_ic_bwu
(21, 211, 1271), [1, 21, 211, 1271, 4853, 11109, 12167], 3.23.v_id_bwx
(21, 211, 1273), [1, 21, 211, 1273, 4853, 11109, 12167], 3.23.v_id_bwz
(21, 211, 1277), [1, 21, 211, 1277, 4853, 11109, 12167], 3.23.v_id_bxd
(21, 212, 1282), [1, 21, 212, 1282, 4876, 11109, 12167], 3.23.v_ie_bxi
(21, 213, 1289), [1, 21, 213, 1289, 4899, 11109, 12167], 3.23.v_if_bxp
(22, 221, 1328), [1, 22, 221, 1328, 5083, 11638, 12167], 3.23.w_in_bzc
(22, 223, 1346), [1, 22, 223, 1346, 5129, 11638, 12167], 3.23.w_ip_bzu
(22, 223, 1347), [1, 22, 223, 1347, 5129, 11638, 12167], 3.23.w_ip_bzv
(22, 225, 1366), [1, 22, 225, 1366, 5175, 11638, 12167], 3.23.w_ir_cao
(22, 226, 1374), [1, 22, 226, 1374, 5198, 11638, 12167], 3.23.w_is_caw
(22, 227, 1382), [1, 22, 227, 1382, 5221, 11638, 12167], 3.23.w_it_cbe
(23, 239, 1455), [1, 23, 239, 1455, 5497, 12167, 12167], 3.23.x_jf_cdz
(23, 240, 1464), [1, 23, 240, 1464, 5520, 12167, 12167], 3.23.x_jg_cei
(23, 241, 1473), [1, 23, 241, 1473, 5543, 12167, 12167], 3.23.x_jh_cer
(23, 243, 1491), [1, 23, 243, 1491, 5589, 12167, 12167], 3.23.x_jj_cfj
