(-11, 59, -195), [1, 3, 1], 3.7.al_ch_ahn 
(-10, 48, -151), [2, 0, 1], 3.7.ak_bw_afv 
(-10, 51, -166), [2, 3, 2], 3.7.ak_bz_agk 
(-10, 52, -169), [2, 0, 3], 3.7.ak_ca_agn 
(-9, 39, -117), [3, 3, 3], 3.7.aj_bn_aen 
(-9, 41, -127), [3, 1, 1], 3.7.aj_bp_aex 
(-9, 41, -125), [3, 1, 3], 3.7.aj_bp_aev 
(-9, 42, -132), [3, 2, 0], 3.7.aj_bq_afc 
(-9, 43, -137), [3, 3, 3], 3.7.aj_br_afh 
(-9, 43, -135), [3, 3, 1], 3.7.aj_br_aff 
(-9, 44, -143), [3, 0, 1], 3.7.aj_bs_afn 
(-9, 44, -142), [3, 0, 2], 3.7.aj_bs_afm 
(-9, 44, -139), [3, 0, 1], 3.7.aj_bs_afj 
(-9, 45, -145), [3, 1, 3], 3.7.aj_bt_afp 
(-9, 45, -143), [3, 1, 1], 3.7.aj_bt_afn 
(-8, 28, -73), [0, 0, 3], 3.7.ai_bc_acv 
(-8, 30, -83), [0, 2, 1], 3.7.ai_be_adf 
(-8, 31, -89), [0, 3, 3], 3.7.ai_bf_adl 
(-8, 32, -94), [0, 0, 2], 3.7.ai_bg_adq 
(-8, 32, -93), [0, 0, 3], 3.7.ai_bg_adp 
(-8, 33, -99), [0, 1, 1], 3.7.ai_bh_adv 
(-8, 34, -103), [0, 2, 1], 3.7.ai_bi_adz 
(-8, 34, -101), [0, 2, 3], 3.7.ai_bi_adx 
(-8, 35, -110), [0, 3, 2], 3.7.ai_bj_aeg 
(-8, 35, -108), [0, 3, 0], 3.7.ai_bj_aee 
(-8, 36, -115), [0, 0, 1], 3.7.ai_bk_ael 
(-8, 36, -114), [0, 0, 2], 3.7.ai_bk_aek 
(-8, 36, -113), [0, 0, 3], 3.7.ai_bk_aej 
(-8, 36, -111), [0, 0, 1], 3.7.ai_bk_aeh 
(-8, 36, -110), [0, 0, 2], 3.7.ai_bk_aeg 
(-8, 36, -109), [0, 0, 3], 3.7.ai_bk_aef 
(-8, 38, -121), [0, 2, 3], 3.7.ai_bm_aer 
(-8, 38, -117), [0, 2, 3], 3.7.ai_bm_aen 
(-8, 39, -122), [0, 3, 2], 3.7.ai_bn_aes 
(-8, 40, -125), [0, 0, 3], 3.7.ai_bo_aev 
(-7, 20, -44), [1, 0, 0], 3.7.ah_u_abs 
(-7, 22, -55), [1, 2, 1], 3.7.ah_w_acd 
(-7, 24, -66), [1, 0, 2], 3.7.ah_y_aco 
(-7, 24, -65), [1, 0, 3], 3.7.ah_y_acn 
(-7, 24, -61), [1, 0, 3], 3.7.ah_y_acj 
(-7, 26, -75), [1, 2, 1], 3.7.ah_ba_acx 
(-7, 26, -71), [1, 2, 1], 3.7.ah_ba_act 
(-7, 28, -87), [1, 0, 1], 3.7.ah_bc_adj 
(-7, 28, -86), [1, 0, 2], 3.7.ah_bc_adi 
(-7, 28, -85), [1, 0, 3], 3.7.ah_bc_adh 
(-7, 28, -82), [1, 0, 2], 3.7.ah_bc_ade 
(-7, 28, -81), [1, 0, 3], 3.7.ah_bc_add 
(-7, 28, -79), [1, 0, 1], 3.7.ah_bc_adb 
(-7, 29, -92), [1, 1, 0], 3.7.ah_bd_ado 
(-7, 30, -97), [1, 2, 3], 3.7.ah_be_adt 
(-7, 30, -95), [1, 2, 1], 3.7.ah_be_adr 
(-7, 30, -87), [1, 2, 1], 3.7.ah_be_adj 
(-7, 31, -101), [1, 3, 3], 3.7.ah_bf_adx 
(-7, 31, -97), [1, 3, 3], 3.7.ah_bf_adt 
(-7, 31, -95), [1, 3, 1], 3.7.ah_bf_adr 
(-7, 32, -101), [1, 0, 3], 3.7.ah_bg_adx 
(-7, 32, -99), [1, 0, 1], 3.7.ah_bg_adv 
(-7, 32, -97), [1, 0, 3], 3.7.ah_bg_adt 
(-7, 34, -103), [1, 2, 1], 3.7.ah_bi_adz 
(-6, 7, 10), [2, 3, 2], 3.7.ag_h_k 
(-6, 8, 5), [2, 0, 1], 3.7.ag_i_f 
(-6, 10, -5), [2, 2, 3], 3.7.ag_k_af 
(-6, 11, -11), [2, 3, 1], 3.7.ag_l_al 
(-6, 12, -15), [2, 0, 1], 3.7.ag_m_ap 
(-6, 12, -13), [2, 0, 3], 3.7.ag_m_an 
(-6, 14, -27), [2, 2, 1], 3.7.ag_o_abb 
(-6, 14, -25), [2, 2, 3], 3.7.ag_o_az 
(-6, 14, -23), [2, 2, 1], 3.7.ag_o_ax 
(-6, 16, -37), [2, 0, 3], 3.7.ag_q_abl 
(-6, 16, -33), [2, 0, 3], 3.7.ag_q_abh 
(-6, 17, -41), [2, 1, 3], 3.7.ag_r_abp 
(-6, 18, -47), [2, 2, 1], 3.7.ag_s_abv 
(-6, 18, -45), [2, 2, 3], 3.7.ag_s_abt 
(-6, 18, -43), [2, 2, 1], 3.7.ag_s_abr 
(-6, 18, -41), [2, 2, 3], 3.7.ag_s_abp 
(-6, 19, -47), [2, 3, 1], 3.7.ag_t_abv 
(-6, 19, -45), [2, 3, 3], 3.7.ag_t_abt 
(-6, 20, -57), [2, 0, 3], 3.7.ag_u_acf 
(-6, 20, -55), [2, 0, 1], 3.7.ag_u_acd 
(-6, 20, -53), [2, 0, 3], 3.7.ag_u_acb 
(-6, 20, -51), [2, 0, 1], 3.7.ag_u_abz 
(-6, 22, -69), [2, 2, 3], 3.7.ag_w_acr 
(-6, 22, -67), [2, 2, 1], 3.7.ag_w_acp 
(-6, 22, -65), [2, 2, 3], 3.7.ag_w_acn 
(-6, 22, -62), [2, 2, 2], 3.7.ag_w_ack 
(-6, 22, -61), [2, 2, 3], 3.7.ag_w_acj 
(-6, 22, -59), [2, 2, 1], 3.7.ag_w_ach 
(-6, 22, -57), [2, 2, 3], 3.7.ag_w_acf 
(-6, 24, -80), [2, 0, 0], 3.7.ag_y_adc 
(-6, 24, -79), [2, 0, 1], 3.7.ag_y_adb 
(-6, 24, -75), [2, 0, 1], 3.7.ag_y_acx 
(-6, 24, -73), [2, 0, 3], 3.7.ag_y_acv 
(-6, 24, -71), [2, 0, 1], 3.7.ag_y_act 
(-6, 24, -69), [2, 0, 3], 3.7.ag_y_acr 
(-6, 24, -67), [2, 0, 1], 3.7.ag_y_acp 
(-6, 24, -65), [2, 0, 3], 3.7.ag_y_acn 
(-6, 26, -85), [2, 2, 3], 3.7.ag_ba_adh 
(-6, 26, -83), [2, 2, 1], 3.7.ag_ba_adf 
(-6, 26, -81), [2, 2, 3], 3.7.ag_ba_add 
(-6, 26, -79), [2, 2, 1], 3.7.ag_ba_adb 
(-6, 26, -75), [2, 2, 1], 3.7.ag_ba_acx 
(-6, 26, -73), [2, 2, 3], 3.7.ag_ba_acv 
(-6, 26, -71), [2, 2, 1], 3.7.ag_ba_act 
(-6, 27, -81), [2, 3, 3], 3.7.ag_bb_add 
(-6, 28, -85), [2, 0, 3], 3.7.ag_bc_adh 
(-6, 28, -83), [2, 0, 1], 3.7.ag_bc_adf 
(-6, 28, -81), [2, 0, 3], 3.7.ag_bc_add 
(-6, 28, -79), [2, 0, 1], 3.7.ag_bc_adb 
(-6, 30, -87), [2, 2, 1], 3.7.ag_be_adj 
(-6, 30, -85), [2, 2, 3], 3.7.ag_be_adh 
(-5, -2, 44), [3, 2, 0], 3.7.af_ac_bs 
(-5, -1, 39), [3, 3, 3], 3.7.af_ab_bn 
(-5, 0, 33), [3, 0, 1], 3.7.af_a_bh 
(-5, 2, 23), [3, 2, 3], 3.7.af_c_x 
(-5, 2, 24), [3, 2, 0], 3.7.af_c_y 
(-5, 3, 19), [3, 3, 3], 3.7.af_d_t 
(-5, 4, 12), [3, 0, 0], 3.7.af_e_m 
(-5, 4, 13), [3, 0, 1], 3.7.af_e_n 
(-5, 5, 8), [3, 1, 0], 3.7.af_f_i 
(-5, 5, 12), [3, 1, 0], 3.7.af_f_m 
(-5, 6, 3), [3, 2, 3], 3.7.af_g_d 
(-5, 6, 4), [3, 2, 0], 3.7.af_g_e 
(-5, 7, -4), [3, 3, 0], 3.7.af_h_ae 
(-5, 8, -9), [3, 0, 3], 3.7.af_i_aj 
(-5, 8, -8), [3, 0, 0], 3.7.af_i_ai 
(-5, 8, -3), [3, 0, 1], 3.7.af_i_ad 
(-5, 10, -17), [3, 2, 3], 3.7.af_k_ar 
(-5, 10, -13), [3, 2, 3], 3.7.af_k_an 
(-5, 10, -11), [3, 2, 1], 3.7.af_k_al 
(-5, 12, -29), [3, 0, 3], 3.7.af_m_abd 
(-5, 12, -27), [3, 0, 1], 3.7.af_m_abb 
(-5, 12, -23), [3, 0, 1], 3.7.af_m_ax 
(-5, 12, -19), [3, 0, 1], 3.7.af_m_at 
(-5, 13, -34), [3, 1, 2], 3.7.af_n_abi 
(-5, 14, -41), [3, 2, 3], 3.7.af_o_abp 
(-5, 14, -39), [3, 2, 1], 3.7.af_o_abn 
(-5, 14, -37), [3, 2, 3], 3.7.af_o_abl 
(-5, 14, -33), [3, 2, 3], 3.7.af_o_abh 
(-5, 14, -29), [3, 2, 3], 3.7.af_o_abd 
(-5, 14, -27), [3, 2, 1], 3.7.af_o_abb 
(-5, 16, -51), [3, 0, 1], 3.7.af_q_abz 
(-5, 16, -47), [3, 0, 1], 3.7.af_q_abv 
(-5, 16, -43), [3, 0, 1], 3.7.af_q_abr 
(-5, 16, -41), [3, 0, 3], 3.7.af_q_abp 
(-5, 16, -39), [3, 0, 1], 3.7.af_q_abn 
(-5, 18, -61), [3, 2, 3], 3.7.af_s_acj 
(-5, 18, -59), [3, 2, 1], 3.7.af_s_ach 
(-5, 18, -57), [3, 2, 3], 3.7.af_s_acf 
(-5, 18, -53), [3, 2, 3], 3.7.af_s_acb 
(-5, 18, -51), [3, 2, 1], 3.7.af_s_abz 
(-5, 18, -47), [3, 2, 1], 3.7.af_s_abv 
(-5, 18, -45), [3, 2, 3], 3.7.af_s_abt 
(-5, 20, -69), [3, 0, 3], 3.7.af_u_acr 
(-5, 20, -67), [3, 0, 1], 3.7.af_u_acp 
(-5, 20, -61), [3, 0, 3], 3.7.af_u_acj 
(-5, 20, -59), [3, 0, 1], 3.7.af_u_ach 
(-5, 20, -57), [3, 0, 3], 3.7.af_u_acf 
(-5, 20, -55), [3, 0, 1], 3.7.af_u_acd 
(-5, 20, -53), [3, 0, 3], 3.7.af_u_acb 
(-5, 20, -51), [3, 0, 1], 3.7.af_u_abz 
(-5, 22, -69), [3, 2, 3], 3.7.af_w_acr 
(-5, 22, -68), [3, 2, 0], 3.7.af_w_acq 
(-5, 22, -65), [3, 2, 3], 3.7.af_w_acn 
(-5, 22, -61), [3, 2, 3], 3.7.af_w_acj 
(-5, 22, -59), [3, 2, 1], 3.7.af_w_ach 
(-5, 22, -57), [3, 2, 3], 3.7.af_w_acf 
(-5, 24, -67), [3, 0, 1], 3.7.af_y_acp 
(-5, 24, -65), [3, 0, 3], 3.7.af_y_acn 
(-5, 25, -67), [3, 1, 1], 3.7.af_z_acp 
(-5, 26, -69), [3, 2, 3], 3.7.af_ba_acr 
(-4, -6, 51), [0, 2, 3], 3.7.ae_ag_bz 
(-4, -6, 53), [0, 2, 1], 3.7.ae_ag_cb 
(-4, -6, 55), [0, 2, 3], 3.7.ae_ag_cd 
(-4, -5, 46), [0, 3, 2], 3.7.ae_af_bu 
(-4, -5, 50), [0, 3, 2], 3.7.ae_af_by 
(-4, -4, 41), [0, 0, 1], 3.7.ae_ae_bp 
(-4, -4, 43), [0, 0, 3], 3.7.ae_ae_br 
(-4, -4, 45), [0, 0, 1], 3.7.ae_ae_bt 
(-4, -4, 46), [0, 0, 2], 3.7.ae_ae_bu 
(-4, -3, 37), [0, 1, 1], 3.7.ae_ad_bl 
(-4, -3, 38), [0, 1, 2], 3.7.ae_ad_bm 
(-4, -3, 41), [0, 1, 1], 3.7.ae_ad_bp 
(-4, -2, 31), [0, 2, 3], 3.7.ae_ac_bf 
(-4, -2, 33), [0, 2, 1], 3.7.ae_ac_bh 
(-4, -2, 37), [0, 2, 1], 3.7.ae_ac_bl 
(-4, -1, 25), [0, 3, 1], 3.7.ae_ab_z 
(-4, -1, 27), [0, 3, 3], 3.7.ae_ab_bb 
(-4, -1, 30), [0, 3, 2], 3.7.ae_ab_be 
(-4, -1, 33), [0, 3, 1], 3.7.ae_ab_bh 
(-4, 0, 19), [0, 0, 3], 3.7.ae_a_t 
(-4, 0, 23), [0, 0, 3], 3.7.ae_a_x 
(-4, 0, 25), [0, 0, 1], 3.7.ae_a_z 
(-4, 0, 27), [0, 0, 3], 3.7.ae_a_bb 
(-4, 1, 22), [0, 1, 2], 3.7.ae_b_w 
(-4, 2, 9), [0, 2, 1], 3.7.ae_c_j 
(-4, 2, 11), [0, 2, 3], 3.7.ae_c_l 
(-4, 2, 13), [0, 2, 1], 3.7.ae_c_n 
(-4, 2, 15), [0, 2, 3], 3.7.ae_c_p 
(-4, 2, 17), [0, 2, 1], 3.7.ae_c_r 
(-4, 2, 19), [0, 2, 3], 3.7.ae_c_t 
(-4, 3, 5), [0, 3, 1], 3.7.ae_d_f 
(-4, 4, -1), [0, 0, 3], 3.7.ae_e_ab 
(-4, 4, 1), [0, 0, 1], 3.7.ae_e_b 
(-4, 4, 3), [0, 0, 3], 3.7.ae_e_d 
(-4, 4, 5), [0, 0, 1], 3.7.ae_e_f 
(-4, 4, 9), [0, 0, 1], 3.7.ae_e_j 
(-4, 4, 11), [0, 0, 3], 3.7.ae_e_l 
(-4, 6, -11), [0, 2, 1], 3.7.ae_g_al 
(-4, 6, -9), [0, 2, 3], 3.7.ae_g_aj 
(-4, 6, -5), [0, 2, 3], 3.7.ae_g_af 
(-4, 6, -3), [0, 2, 1], 3.7.ae_g_ad 
(-4, 6, -1), [0, 2, 3], 3.7.ae_g_ab 
(-4, 6, 1), [0, 2, 1], 3.7.ae_g_b 
(-4, 6, 3), [0, 2, 3], 3.7.ae_g_d 
(-4, 7, -17), [0, 3, 3], 3.7.ae_h_ar 
(-4, 7, -1), [0, 3, 3], 3.7.ae_h_ab 
(-4, 8, -23), [0, 0, 1], 3.7.ae_i_ax 
(-4, 8, -19), [0, 0, 1], 3.7.ae_i_at 
(-4, 8, -17), [0, 0, 3], 3.7.ae_i_ar 
(-4, 8, -15), [0, 0, 1], 3.7.ae_i_ap 
(-4, 8, -13), [0, 0, 3], 3.7.ae_i_an 
(-4, 8, -11), [0, 0, 1], 3.7.ae_i_al 
(-4, 8, -9), [0, 0, 3], 3.7.ae_i_aj 
(-4, 8, -5), [0, 0, 3], 3.7.ae_i_af 
(-4, 10, -33), [0, 2, 3], 3.7.ae_k_abh 
(-4, 10, -31), [0, 2, 1], 3.7.ae_k_abf 
(-4, 10, -29), [0, 2, 3], 3.7.ae_k_abd 
(-4, 10, -27), [0, 2, 1], 3.7.ae_k_abb 
(-4, 10, -25), [0, 2, 3], 3.7.ae_k_az 
(-4, 10, -23), [0, 2, 1], 3.7.ae_k_ax 
(-4, 10, -19), [0, 2, 1], 3.7.ae_k_at 
(-4, 10, -17), [0, 2, 3], 3.7.ae_k_ar 
(-4, 10, -15), [0, 2, 1], 3.7.ae_k_ap 
(-4, 10, -13), [0, 2, 3], 3.7.ae_k_an 
(-4, 12, -43), [0, 0, 1], 3.7.ae_m_abr 
(-4, 12, -41), [0, 0, 3], 3.7.ae_m_abp 
(-4, 12, -39), [0, 0, 1], 3.7.ae_m_abn 
(-4, 12, -37), [0, 0, 3], 3.7.ae_m_abl 
(-4, 12, -33), [0, 0, 3], 3.7.ae_m_abh 
(-4, 12, -31), [0, 0, 1], 3.7.ae_m_abf 
(-4, 12, -29), [0, 0, 3], 3.7.ae_m_abd 
(-4, 12, -27), [0, 0, 1], 3.7.ae_m_abb 
(-4, 12, -25), [0, 0, 3], 3.7.ae_m_az 
(-4, 12, -23), [0, 0, 1], 3.7.ae_m_ax 
(-4, 12, -19), [0, 0, 1], 3.7.ae_m_at 
(-4, 13, -47), [0, 1, 1], 3.7.ae_n_abv 
(-4, 14, -55), [0, 2, 1], 3.7.ae_o_acd 
(-4, 14, -53), [0, 2, 3], 3.7.ae_o_acb 
(-4, 14, -51), [0, 2, 1], 3.7.ae_o_abz 
(-4, 14, -47), [0, 2, 1], 3.7.ae_o_abv 
(-4, 14, -45), [0, 2, 3], 3.7.ae_o_abt 
(-4, 14, -43), [0, 2, 1], 3.7.ae_o_abr 
(-4, 14, -41), [0, 2, 3], 3.7.ae_o_abp 
(-4, 14, -39), [0, 2, 1], 3.7.ae_o_abn 
(-4, 14, -37), [0, 2, 3], 3.7.ae_o_abl 
(-4, 14, -33), [0, 2, 3], 3.7.ae_o_abh 
(-4, 14, -31), [0, 2, 1], 3.7.ae_o_abf 
(-4, 14, -29), [0, 2, 3], 3.7.ae_o_abd 
(-4, 14, -27), [0, 2, 1], 3.7.ae_o_abb 
(-4, 16, -57), [0, 0, 3], 3.7.ae_q_acf 
(-4, 16, -55), [0, 0, 1], 3.7.ae_q_acd 
(-4, 16, -53), [0, 0, 3], 3.7.ae_q_acb 
(-4, 16, -51), [0, 0, 1], 3.7.ae_q_abz 
(-4, 16, -47), [0, 0, 1], 3.7.ae_q_abv 
(-4, 16, -45), [0, 0, 3], 3.7.ae_q_abt 
(-4, 16, -43), [0, 0, 1], 3.7.ae_q_abr 
(-4, 16, -41), [0, 0, 3], 3.7.ae_q_abp 
(-4, 16, -39), [0, 0, 1], 3.7.ae_q_abn 
(-4, 16, -37), [0, 0, 3], 3.7.ae_q_abl 
(-4, 16, -33), [0, 0, 3], 3.7.ae_q_abh 
(-4, 17, -53), [0, 1, 3], 3.7.ae_r_acb 
(-4, 18, -55), [0, 2, 1], 3.7.ae_s_acd 
(-4, 18, -53), [0, 2, 3], 3.7.ae_s_acb 
(-4, 18, -51), [0, 2, 1], 3.7.ae_s_abz 
(-4, 18, -47), [0, 2, 1], 3.7.ae_s_abv 
(-4, 18, -45), [0, 2, 3], 3.7.ae_s_abt 
(-4, 18, -43), [0, 2, 1], 3.7.ae_s_abr 
(-4, 18, -41), [0, 2, 3], 3.7.ae_s_abp 
(-4, 18, -39), [0, 2, 1], 3.7.ae_s_abn 
(-4, 20, -55), [0, 0, 1], 3.7.ae_u_acd 
(-4, 20, -54), [0, 0, 2], 3.7.ae_u_acc 
(-4, 20, -53), [0, 0, 3], 3.7.ae_u_acb 
(-4, 20, -51), [0, 0, 1], 3.7.ae_u_abz 
(-4, 20, -47), [0, 0, 1], 3.7.ae_u_abv 
(-4, 20, -45), [0, 0, 3], 3.7.ae_u_abt 
(-4, 22, -55), [0, 2, 1], 3.7.ae_w_acd 
(-4, 22, -53), [0, 2, 3], 3.7.ae_w_acb 
(-4, 22, -51), [0, 2, 1], 3.7.ae_w_abz 
(-4, 23, -54), [0, 3, 2], 3.7.ae_x_acc 
(-4, 24, -55), [0, 0, 1], 3.7.ae_y_acd 
(-3, -6, 37), [1, 2, 1], 3.7.ad_ag_bl 
(-3, -6, 40), [1, 2, 0], 3.7.ad_ag_bo 
(-3, -6, 41), [1, 2, 1], 3.7.ad_ag_bp 
(-3, -6, 44), [1, 2, 0], 3.7.ad_ag_bs 
(-3, -6, 45), [1, 2, 1], 3.7.ad_ag_bt 
(-3, -6, 47), [1, 2, 3], 3.7.ad_ag_bv 
(-3, -5, 32), [1, 3, 0], 3.7.ad_af_bg 
(-3, -5, 37), [1, 3, 1], 3.7.ad_af_bl 
(-3, -5, 40), [1, 3, 0], 3.7.ad_af_bo 
(-3, -5, 43), [1, 3, 3], 3.7.ad_af_br 
(-3, -4, 27), [1, 0, 3], 3.7.ad_ae_bb 
(-3, -4, 29), [1, 0, 1], 3.7.ad_ae_bd 
(-3, -4, 31), [1, 0, 3], 3.7.ad_ae_bf 
(-3, -4, 36), [1, 0, 0], 3.7.ad_ae_bk 
(-3, -4, 37), [1, 0, 1], 3.7.ad_ae_bl 
(-3, -4, 39), [1, 0, 3], 3.7.ad_ae_bn 
(-3, -4, 40), [1, 0, 0], 3.7.ad_ae_bo 
(-3, -4, 41), [1, 0, 1], 3.7.ad_ae_bp 
(-3, -3, 24), [1, 1, 0], 3.7.ad_ad_y 
(-3, -3, 37), [1, 1, 1], 3.7.ad_ad_bl 
(-3, -2, 16), [1, 2, 0], 3.7.ad_ac_q 
(-3, -2, 17), [1, 2, 1], 3.7.ad_ac_r 
(-3, -2, 19), [1, 2, 3], 3.7.ad_ac_t 
(-3, -2, 25), [1, 2, 1], 3.7.ad_ac_z 
(-3, -2, 29), [1, 2, 1], 3.7.ad_ac_bd 
(-3, -2, 31), [1, 2, 3], 3.7.ad_ac_bf 
(-3, -2, 33), [1, 2, 1], 3.7.ad_ac_bh 
(-3, 0, 5), [1, 0, 1], 3.7.ad_a_f 
(-3, 0, 9), [1, 0, 1], 3.7.ad_a_j 
(-3, 0, 11), [1, 0, 3], 3.7.ad_a_l 
(-3, 0, 15), [1, 0, 3], 3.7.ad_a_p 
(-3, 0, 17), [1, 0, 1], 3.7.ad_a_r 
(-3, 0, 19), [1, 0, 3], 3.7.ad_a_t 
(-3, 0, 23), [1, 0, 3], 3.7.ad_a_x 
(-3, 0, 25), [1, 0, 1], 3.7.ad_a_z 
(-3, 2, -5), [1, 2, 3], 3.7.ad_c_af 
(-3, 2, -3), [1, 2, 1], 3.7.ad_c_ad 
(-3, 2, -1), [1, 2, 3], 3.7.ad_c_ab 
(-3, 2, 1), [1, 2, 1], 3.7.ad_c_b 
(-3, 2, 5), [1, 2, 1], 3.7.ad_c_f 
(-3, 2, 9), [1, 2, 1], 3.7.ad_c_j 
(-3, 2, 11), [1, 2, 3], 3.7.ad_c_l 
(-3, 2, 12), [1, 2, 0], 3.7.ad_c_m 
(-3, 2, 13), [1, 2, 1], 3.7.ad_c_n 
(-3, 2, 17), [1, 2, 1], 3.7.ad_c_r 
(-3, 4, -15), [1, 0, 1], 3.7.ad_e_ap 
(-3, 4, -13), [1, 0, 3], 3.7.ad_e_an 
(-3, 4, -12), [1, 0, 0], 3.7.ad_e_am 
(-3, 4, -11), [1, 0, 1], 3.7.ad_e_al 
(-3, 4, -9), [1, 0, 3], 3.7.ad_e_aj 
(-3, 4, -5), [1, 0, 3], 3.7.ad_e_af 
(-3, 4, -3), [1, 0, 1], 3.7.ad_e_ad 
(-3, 4, -1), [1, 0, 3], 3.7.ad_e_ab 
(-3, 4, 1), [1, 0, 1], 3.7.ad_e_b 
(-3, 4, 3), [1, 0, 3], 3.7.ad_e_d 
(-3, 4, 5), [1, 0, 1], 3.7.ad_e_f 
(-3, 4, 11), [1, 0, 3], 3.7.ad_e_l 
(-3, 6, -23), [1, 2, 1], 3.7.ad_g_ax 
(-3, 6, -19), [1, 2, 1], 3.7.ad_g_at 
(-3, 6, -15), [1, 2, 1], 3.7.ad_g_ap 
(-3, 6, -13), [1, 2, 3], 3.7.ad_g_an 
(-3, 6, -11), [1, 2, 1], 3.7.ad_g_al 
(-3, 6, -9), [1, 2, 3], 3.7.ad_g_aj 
(-3, 6, -5), [1, 2, 3], 3.7.ad_g_af 
(-3, 6, -3), [1, 2, 1], 3.7.ad_g_ad 
(-3, 6, -1), [1, 2, 3], 3.7.ad_g_ab 
(-3, 6, 1), [1, 2, 1], 3.7.ad_g_b 
(-3, 7, -1), [1, 3, 3], 3.7.ad_h_ab 
(-3, 8, -37), [1, 0, 3], 3.7.ad_i_abl 
(-3, 8, -33), [1, 0, 3], 3.7.ad_i_abh 
(-3, 8, -31), [1, 0, 1], 3.7.ad_i_abf 
(-3, 8, -29), [1, 0, 3], 3.7.ad_i_abd 
(-3, 8, -25), [1, 0, 3], 3.7.ad_i_az 
(-3, 8, -23), [1, 0, 1], 3.7.ad_i_ax 
(-3, 8, -19), [1, 0, 1], 3.7.ad_i_at 
(-3, 8, -17), [1, 0, 3], 3.7.ad_i_ar 
(-3, 8, -15), [1, 0, 1], 3.7.ad_i_ap 
(-3, 8, -13), [1, 0, 3], 3.7.ad_i_an 
(-3, 8, -11), [1, 0, 1], 3.7.ad_i_al 
(-3, 8, -9), [1, 0, 3], 3.7.ad_i_aj 
(-3, 8, -5), [1, 0, 3], 3.7.ad_i_af 
(-3, 9, -12), [1, 1, 0], 3.7.ad_j_am 
(-3, 10, -47), [1, 2, 1], 3.7.ad_k_abv 
(-3, 10, -45), [1, 2, 3], 3.7.ad_k_abt 
(-3, 10, -43), [1, 2, 1], 3.7.ad_k_abr 
(-3, 10, -41), [1, 2, 3], 3.7.ad_k_abp 
(-3, 10, -39), [1, 2, 1], 3.7.ad_k_abn 
(-3, 10, -33), [1, 2, 3], 3.7.ad_k_abh 
(-3, 10, -31), [1, 2, 1], 3.7.ad_k_abf 
(-3, 10, -27), [1, 2, 1], 3.7.ad_k_abb 
(-3, 10, -25), [1, 2, 3], 3.7.ad_k_az 
(-3, 10, -23), [1, 2, 1], 3.7.ad_k_ax 
(-3, 10, -19), [1, 2, 1], 3.7.ad_k_at 
(-3, 10, -17), [1, 2, 3], 3.7.ad_k_ar 
(-3, 10, -15), [1, 2, 1], 3.7.ad_k_ap 
(-3, 10, -13), [1, 2, 3], 3.7.ad_k_an 
(-3, 10, -11), [1, 2, 1], 3.7.ad_k_al 
(-3, 12, -46), [1, 0, 2], 3.7.ad_m_abu 
(-3, 12, -45), [1, 0, 3], 3.7.ad_m_abt 
(-3, 12, -43), [1, 0, 1], 3.7.ad_m_abr 
(-3, 12, -41), [1, 0, 3], 3.7.ad_m_abp 
(-3, 12, -39), [1, 0, 1], 3.7.ad_m_abn 
(-3, 12, -37), [1, 0, 3], 3.7.ad_m_abl 
(-3, 12, -33), [1, 0, 3], 3.7.ad_m_abh 
(-3, 12, -29), [1, 0, 3], 3.7.ad_m_abd 
(-3, 12, -27), [1, 0, 1], 3.7.ad_m_abb 
(-3, 12, -25), [1, 0, 3], 3.7.ad_m_az 
(-3, 12, -23), [1, 0, 1], 3.7.ad_m_ax 
(-3, 12, -19), [1, 0, 1], 3.7.ad_m_at 
(-3, 12, -17), [1, 0, 3], 3.7.ad_m_ar 
(-3, 14, -43), [1, 2, 1], 3.7.ad_o_abr 
(-3, 14, -41), [1, 2, 3], 3.7.ad_o_abp 
(-3, 14, -39), [1, 2, 1], 3.7.ad_o_abn 
(-3, 14, -37), [1, 2, 3], 3.7.ad_o_abl 
(-3, 14, -31), [1, 2, 1], 3.7.ad_o_abf 
(-3, 14, -29), [1, 2, 3], 3.7.ad_o_abd 
(-3, 14, -27), [1, 2, 1], 3.7.ad_o_abb 
(-3, 14, -25), [1, 2, 3], 3.7.ad_o_az 
(-3, 14, -23), [1, 2, 1], 3.7.ad_o_ax 
(-3, 16, -41), [1, 0, 3], 3.7.ad_q_abp 
(-3, 16, -39), [1, 0, 1], 3.7.ad_q_abn 
(-3, 16, -37), [1, 0, 3], 3.7.ad_q_abl 
(-3, 16, -33), [1, 0, 3], 3.7.ad_q_abh 
(-3, 16, -31), [1, 0, 1], 3.7.ad_q_abf 
(-3, 16, -29), [1, 0, 3], 3.7.ad_q_abd 
(-3, 17, -32), [1, 1, 0], 3.7.ad_r_abg 
(-3, 18, -39), [1, 2, 1], 3.7.ad_s_abn 
(-3, 20, -41), [1, 0, 3], 3.7.ad_u_abp 
(-3, 20, -37), [1, 0, 3], 3.7.ad_u_abl 
(-2, -6, 23), [2, 2, 3], 3.7.ac_ag_x 
(-2, -6, 25), [2, 2, 1], 3.7.ac_ag_z 
(-2, -6, 27), [2, 2, 3], 3.7.ac_ag_bb 
(-2, -6, 29), [2, 2, 1], 3.7.ac_ag_bd 
(-2, -6, 31), [2, 2, 3], 3.7.ac_ag_bf 
(-2, -6, 33), [2, 2, 1], 3.7.ac_ag_bh 
(-2, -5, 23), [2, 3, 3], 3.7.ac_af_x 
(-2, -5, 25), [2, 3, 1], 3.7.ac_af_z 
(-2, -5, 29), [2, 3, 1], 3.7.ac_af_bd 
(-2, -5, 37), [2, 3, 1], 3.7.ac_af_bl 
(-2, -5, 38), [2, 3, 2], 3.7.ac_af_bm 
(-2, -4, 13), [2, 0, 1], 3.7.ac_ae_n 
(-2, -4, 15), [2, 0, 3], 3.7.ac_ae_p 
(-2, -4, 17), [2, 0, 1], 3.7.ac_ae_r 
(-2, -4, 19), [2, 0, 3], 3.7.ac_ae_t 
(-2, -4, 23), [2, 0, 3], 3.7.ac_ae_x 
(-2, -4, 25), [2, 0, 1], 3.7.ac_ae_z 
(-2, -4, 27), [2, 0, 3], 3.7.ac_ae_bb 
(-2, -4, 29), [2, 0, 1], 3.7.ac_ae_bd 
(-2, -4, 31), [2, 0, 3], 3.7.ac_ae_bf 
(-2, -4, 33), [2, 0, 1], 3.7.ac_ae_bh 
(-2, -4, 37), [2, 0, 1], 3.7.ac_ae_bl 
(-2, -4, 39), [2, 0, 3], 3.7.ac_ae_bn 
(-2, -4, 41), [2, 0, 1], 3.7.ac_ae_bp 
(-2, -3, 9), [2, 1, 1], 3.7.ac_ad_j 
(-2, -3, 19), [2, 1, 3], 3.7.ac_ad_t 
(-2, -3, 34), [2, 1, 2], 3.7.ac_ad_bi 
(-2, -3, 37), [2, 1, 1], 3.7.ac_ad_bl 
(-2, -2, 3), [2, 2, 3], 3.7.ac_ac_d 
(-2, -2, 5), [2, 2, 1], 3.7.ac_ac_f 
(-2, -2, 9), [2, 2, 1], 3.7.ac_ac_j 
(-2, -2, 11), [2, 2, 3], 3.7.ac_ac_l 
(-2, -2, 13), [2, 2, 1], 3.7.ac_ac_n 
(-2, -2, 15), [2, 2, 3], 3.7.ac_ac_p 
(-2, -2, 17), [2, 2, 1], 3.7.ac_ac_r 
(-2, -2, 19), [2, 2, 3], 3.7.ac_ac_t 
(-2, -2, 23), [2, 2, 3], 3.7.ac_ac_x 
(-2, -2, 25), [2, 2, 1], 3.7.ac_ac_z 
(-2, -2, 27), [2, 2, 3], 3.7.ac_ac_bb 
(-2, -2, 29), [2, 2, 1], 3.7.ac_ac_bd 
(-2, -2, 31), [2, 2, 3], 3.7.ac_ac_bf 
(-2, -2, 33), [2, 2, 1], 3.7.ac_ac_bh 
(-2, -2, 34), [2, 2, 2], 3.7.ac_ac_bi 
(-2, -1, -3), [2, 3, 1], 3.7.ac_ab_ad 
(-2, -1, 1), [2, 3, 1], 3.7.ac_ab_b 
(-2, -1, 3), [2, 3, 3], 3.7.ac_ab_d 
(-2, -1, 5), [2, 3, 1], 3.7.ac_ab_f 
(-2, -1, 27), [2, 3, 3], 3.7.ac_ab_bb 
(-2, 0, -9), [2, 0, 3], 3.7.ac_a_aj 
(-2, 0, -5), [2, 0, 3], 3.7.ac_a_af 
(-2, 0, -3), [2, 0, 1], 3.7.ac_a_ad 
(-2, 0, -1), [2, 0, 3], 3.7.ac_a_ab 
(-2, 0, 1), [2, 0, 1], 3.7.ac_a_b 
(-2, 0, 3), [2, 0, 3], 3.7.ac_a_d 
(-2, 0, 5), [2, 0, 1], 3.7.ac_a_f 
(-2, 0, 9), [2, 0, 1], 3.7.ac_a_j 
(-2, 0, 11), [2, 0, 3], 3.7.ac_a_l 
(-2, 0, 13), [2, 0, 1], 3.7.ac_a_n 
(-2, 0, 15), [2, 0, 3], 3.7.ac_a_p 
(-2, 0, 17), [2, 0, 1], 3.7.ac_a_r 
(-2, 0, 19), [2, 0, 3], 3.7.ac_a_t 
(-2, 0, 23), [2, 0, 3], 3.7.ac_a_x 
(-2, 0, 25), [2, 0, 1], 3.7.ac_a_z 
(-2, 0, 27), [2, 0, 3], 3.7.ac_a_bb 
(-2, 1, 19), [2, 1, 3], 3.7.ac_b_t 
(-2, 2, -19), [2, 2, 1], 3.7.ac_c_at 
(-2, 2, -17), [2, 2, 3], 3.7.ac_c_ar 
(-2, 2, -15), [2, 2, 1], 3.7.ac_c_ap 
(-2, 2, -13), [2, 2, 3], 3.7.ac_c_an 
(-2, 2, -11), [2, 2, 1], 3.7.ac_c_al 
(-2, 2, -9), [2, 2, 3], 3.7.ac_c_aj 
(-2, 2, -5), [2, 2, 3], 3.7.ac_c_af 
(-2, 2, -3), [2, 2, 1], 3.7.ac_c_ad 
(-2, 2, -1), [2, 2, 3], 3.7.ac_c_ab 
(-2, 2, 1), [2, 2, 1], 3.7.ac_c_b 
(-2, 2, 3), [2, 2, 3], 3.7.ac_c_d 
(-2, 2, 5), [2, 2, 1], 3.7.ac_c_f 
(-2, 2, 9), [2, 2, 1], 3.7.ac_c_j 
(-2, 2, 11), [2, 2, 3], 3.7.ac_c_l 
(-2, 2, 13), [2, 2, 1], 3.7.ac_c_n 
(-2, 2, 15), [2, 2, 3], 3.7.ac_c_p 
(-2, 2, 17), [2, 2, 1], 3.7.ac_c_r 
(-2, 2, 19), [2, 2, 3], 3.7.ac_c_t 
(-2, 4, -30), [2, 0, 2], 3.7.ac_e_abe 
(-2, 4, -29), [2, 0, 3], 3.7.ac_e_abd 
(-2, 4, -27), [2, 0, 1], 3.7.ac_e_abb 
(-2, 4, -25), [2, 0, 3], 3.7.ac_e_az 
(-2, 4, -23), [2, 0, 1], 3.7.ac_e_ax 
(-2, 4, -19), [2, 0, 1], 3.7.ac_e_at 
(-2, 4, -17), [2, 0, 3], 3.7.ac_e_ar 
(-2, 4, -15), [2, 0, 1], 3.7.ac_e_ap 
(-2, 4, -13), [2, 0, 3], 3.7.ac_e_an 
(-2, 4, -11), [2, 0, 1], 3.7.ac_e_al 
(-2, 4, -9), [2, 0, 3], 3.7.ac_e_aj 
(-2, 4, -5), [2, 0, 3], 3.7.ac_e_af 
(-2, 4, -3), [2, 0, 1], 3.7.ac_e_ad 
(-2, 4, -1), [2, 0, 3], 3.7.ac_e_ab 
(-2, 4, 1), [2, 0, 1], 3.7.ac_e_b 
(-2, 4, 3), [2, 0, 3], 3.7.ac_e_d 
(-2, 4, 5), [2, 0, 1], 3.7.ac_e_f 
(-2, 4, 9), [2, 0, 1], 3.7.ac_e_j 
(-2, 4, 11), [2, 0, 3], 3.7.ac_e_l 
(-2, 4, 13), [2, 0, 1], 3.7.ac_e_n 
(-2, 5, -13), [2, 1, 3], 3.7.ac_f_an 
(-2, 6, -39), [2, 2, 1], 3.7.ac_g_abn 
(-2, 6, -38), [2, 2, 2], 3.7.ac_g_abm 
(-2, 6, -37), [2, 2, 3], 3.7.ac_g_abl 
(-2, 6, -33), [2, 2, 3], 3.7.ac_g_abh 
(-2, 6, -31), [2, 2, 1], 3.7.ac_g_abf 
(-2, 6, -29), [2, 2, 3], 3.7.ac_g_abd 
(-2, 6, -27), [2, 2, 1], 3.7.ac_g_abb 
(-2, 6, -25), [2, 2, 3], 3.7.ac_g_az 
(-2, 6, -23), [2, 2, 1], 3.7.ac_g_ax 
(-2, 6, -19), [2, 2, 1], 3.7.ac_g_at 
(-2, 6, -17), [2, 2, 3], 3.7.ac_g_ar 
(-2, 6, -15), [2, 2, 1], 3.7.ac_g_ap 
(-2, 6, -13), [2, 2, 3], 3.7.ac_g_an 
(-2, 6, -11), [2, 2, 1], 3.7.ac_g_al 
(-2, 6, -9), [2, 2, 3], 3.7.ac_g_aj 
(-2, 6, -5), [2, 2, 3], 3.7.ac_g_af 
(-2, 6, -3), [2, 2, 1], 3.7.ac_g_ad 
(-2, 6, -1), [2, 2, 3], 3.7.ac_g_ab 
(-2, 6, 1), [2, 2, 1], 3.7.ac_g_b 
(-2, 6, 3), [2, 2, 3], 3.7.ac_g_d 
(-2, 6, 5), [2, 2, 1], 3.7.ac_g_f 
(-2, 8, -39), [2, 0, 1], 3.7.ac_i_abn 
(-2, 8, -37), [2, 0, 3], 3.7.ac_i_abl 
(-2, 8, -33), [2, 0, 3], 3.7.ac_i_abh 
(-2, 8, -31), [2, 0, 1], 3.7.ac_i_abf 
(-2, 8, -29), [2, 0, 3], 3.7.ac_i_abd 
(-2, 8, -27), [2, 0, 1], 3.7.ac_i_abb 
(-2, 8, -25), [2, 0, 3], 3.7.ac_i_az 
(-2, 8, -23), [2, 0, 1], 3.7.ac_i_ax 
(-2, 8, -19), [2, 0, 1], 3.7.ac_i_at 
(-2, 8, -17), [2, 0, 3], 3.7.ac_i_ar 
(-2, 8, -15), [2, 0, 1], 3.7.ac_i_ap 
(-2, 8, -13), [2, 0, 3], 3.7.ac_i_an 
(-2, 8, -11), [2, 0, 1], 3.7.ac_i_al 
(-2, 8, -9), [2, 0, 3], 3.7.ac_i_aj 
(-2, 8, -5), [2, 0, 3], 3.7.ac_i_af 
(-2, 8, -3), [2, 0, 1], 3.7.ac_i_ad 
(-2, 8, -1), [2, 0, 3], 3.7.ac_i_ab 
(-2, 8, 1), [2, 0, 1], 3.7.ac_i_b 
(-2, 10, -33), [2, 2, 3], 3.7.ac_k_abh 
(-2, 10, -31), [2, 2, 1], 3.7.ac_k_abf 
(-2, 10, -29), [2, 2, 3], 3.7.ac_k_abd 
(-2, 10, -27), [2, 2, 1], 3.7.ac_k_abb 
(-2, 10, -25), [2, 2, 3], 3.7.ac_k_az 
(-2, 10, -23), [2, 2, 1], 3.7.ac_k_ax 
(-2, 10, -19), [2, 2, 1], 3.7.ac_k_at 
(-2, 10, -17), [2, 2, 3], 3.7.ac_k_ar 
(-2, 10, -15), [2, 2, 1], 3.7.ac_k_ap 
(-2, 10, -13), [2, 2, 3], 3.7.ac_k_an 
(-2, 10, -11), [2, 2, 1], 3.7.ac_k_al 
(-2, 10, -9), [2, 2, 3], 3.7.ac_k_aj 
(-2, 10, -5), [2, 2, 3], 3.7.ac_k_af 
(-2, 11, -25), [2, 3, 3], 3.7.ac_l_az 
(-2, 12, -33), [2, 0, 3], 3.7.ac_m_abh 
(-2, 12, -31), [2, 0, 1], 3.7.ac_m_abf 
(-2, 12, -29), [2, 0, 3], 3.7.ac_m_abd 
(-2, 12, -27), [2, 0, 1], 3.7.ac_m_abb 
(-2, 12, -25), [2, 0, 3], 3.7.ac_m_az 
(-2, 12, -23), [2, 0, 1], 3.7.ac_m_ax 
(-2, 12, -19), [2, 0, 1], 3.7.ac_m_at 
(-2, 12, -17), [2, 0, 3], 3.7.ac_m_ar 
(-2, 12, -15), [2, 0, 1], 3.7.ac_m_ap 
(-2, 12, -13), [2, 0, 3], 3.7.ac_m_an 
(-2, 12, -11), [2, 0, 1], 3.7.ac_m_al 
(-2, 12, -9), [2, 0, 3], 3.7.ac_m_aj 
(-2, 13, -25), [2, 1, 3], 3.7.ac_n_az 
(-2, 14, -31), [2, 2, 1], 3.7.ac_o_abf 
(-2, 14, -29), [2, 2, 3], 3.7.ac_o_abd 
(-2, 14, -27), [2, 2, 1], 3.7.ac_o_abb 
(-2, 14, -25), [2, 2, 3], 3.7.ac_o_az 
(-2, 14, -23), [2, 2, 1], 3.7.ac_o_ax 
(-2, 14, -19), [2, 2, 1], 3.7.ac_o_at 
(-2, 14, -17), [2, 2, 3], 3.7.ac_o_ar 
(-2, 14, -15), [2, 2, 1], 3.7.ac_o_ap 
(-2, 15, -25), [2, 3, 3], 3.7.ac_p_az 
(-2, 16, -29), [2, 0, 3], 3.7.ac_q_abd 
(-2, 16, -27), [2, 0, 1], 3.7.ac_q_abb 
(-2, 16, -25), [2, 0, 3], 3.7.ac_q_az 
(-2, 16, -23), [2, 0, 1], 3.7.ac_q_ax 
(-2, 16, -19), [2, 0, 1], 3.7.ac_q_at 
(-2, 18, -27), [2, 2, 1], 3.7.ac_s_abb 
(-2, 18, -25), [2, 2, 3], 3.7.ac_s_az 
(-2, 18, -23), [2, 2, 1], 3.7.ac_s_ax 
(-2, 20, -27), [2, 0, 1], 3.7.ac_u_abb 
(-1, -6, 9), [3, 2, 1], 3.7.ab_ag_j 
(-1, -6, 11), [3, 2, 3], 3.7.ab_ag_l 
(-1, -6, 12), [3, 2, 0], 3.7.ab_ag_m 
(-1, -6, 15), [3, 2, 3], 3.7.ab_ag_p 
(-1, -6, 17), [3, 2, 1], 3.7.ab_ag_r 
(-1, -6, 19), [3, 2, 3], 3.7.ab_ag_t 
(-1, -4, -1), [3, 0, 3], 3.7.ab_ae_ab 
(-1, -4, 1), [3, 0, 1], 3.7.ab_ae_b 
(-1, -4, 3), [3, 0, 3], 3.7.ab_ae_d 
(-1, -4, 5), [3, 0, 1], 3.7.ab_ae_f 
(-1, -4, 9), [3, 0, 1], 3.7.ab_ae_j 
(-1, -4, 13), [3, 0, 1], 3.7.ab_ae_n 
(-1, -4, 15), [3, 0, 3], 3.7.ab_ae_p 
(-1, -4, 16), [3, 0, 0], 3.7.ab_ae_q 
(-1, -4, 17), [3, 0, 1], 3.7.ab_ae_r 
(-1, -4, 19), [3, 0, 3], 3.7.ab_ae_t 
(-1, -4, 23), [3, 0, 3], 3.7.ab_ae_x 
(-1, -4, 25), [3, 0, 1], 3.7.ab_ae_z 
(-1, -4, 27), [3, 0, 3], 3.7.ab_ae_bb 
(-1, -4, 29), [3, 0, 1], 3.7.ab_ae_bd 
(-1, -2, -11), [3, 2, 1], 3.7.ab_ac_al 
(-1, -2, -9), [3, 2, 3], 3.7.ab_ac_aj 
(-1, -2, -5), [3, 2, 3], 3.7.ab_ac_af 
(-1, -2, -3), [3, 2, 1], 3.7.ab_ac_ad 
(-1, -2, -1), [3, 2, 3], 3.7.ab_ac_ab 
(-1, -2, 3), [3, 2, 3], 3.7.ab_ac_d 
(-1, -2, 5), [3, 2, 1], 3.7.ab_ac_f 
(-1, -2, 11), [3, 2, 3], 3.7.ab_ac_l 
(-1, -2, 13), [3, 2, 1], 3.7.ab_ac_n 
(-1, -2, 15), [3, 2, 3], 3.7.ab_ac_p 
(-1, -2, 17), [3, 2, 1], 3.7.ab_ac_r 
(-1, -2, 19), [3, 2, 3], 3.7.ab_ac_t 
(-1, -2, 23), [3, 2, 3], 3.7.ab_ac_x 
(-1, -2, 25), [3, 2, 1], 3.7.ab_ac_z 
(-1, -2, 27), [3, 2, 3], 3.7.ab_ac_bb 
(-1, -2, 29), [3, 2, 1], 3.7.ab_ac_bd 
(-1, -2, 31), [3, 2, 3], 3.7.ab_ac_bf 
(-1, -2, 33), [3, 2, 1], 3.7.ab_ac_bh 
(-1, 0, -23), [3, 0, 1], 3.7.ab_a_ax 
(-1, 0, -19), [3, 0, 1], 3.7.ab_a_at 
(-1, 0, -17), [3, 0, 3], 3.7.ab_a_ar 
(-1, 0, -15), [3, 0, 1], 3.7.ab_a_ap 
(-1, 0, -13), [3, 0, 3], 3.7.ab_a_an 
(-1, 0, -11), [3, 0, 1], 3.7.ab_a_al 
(-1, 0, -5), [3, 0, 3], 3.7.ab_a_af 
(-1, 0, -3), [3, 0, 1], 3.7.ab_a_ad 
(-1, 0, -1), [3, 0, 3], 3.7.ab_a_ab 
(-1, 0, 1), [3, 0, 1], 3.7.ab_a_b 
(-1, 0, 3), [3, 0, 3], 3.7.ab_a_d 
(-1, 0, 5), [3, 0, 1], 3.7.ab_a_f 
(-1, 0, 9), [3, 0, 1], 3.7.ab_a_j 
(-1, 0, 11), [3, 0, 3], 3.7.ab_a_l 
(-1, 0, 13), [3, 0, 1], 3.7.ab_a_n 
(-1, 0, 15), [3, 0, 3], 3.7.ab_a_p 
(-1, 0, 17), [3, 0, 1], 3.7.ab_a_r 
(-1, 0, 19), [3, 0, 3], 3.7.ab_a_t 
(-1, 0, 23), [3, 0, 3], 3.7.ab_a_x 
(-1, 0, 25), [3, 0, 1], 3.7.ab_a_z 
(-1, 0, 27), [3, 0, 3], 3.7.ab_a_bb 
(-1, 0, 29), [3, 0, 1], 3.7.ab_a_bd 
(-1, 2, -33), [3, 2, 3], 3.7.ab_c_abh 
(-1, 2, -29), [3, 2, 3], 3.7.ab_c_abd 
(-1, 2, -27), [3, 2, 1], 3.7.ab_c_abb 
(-1, 2, -25), [3, 2, 3], 3.7.ab_c_az 
(-1, 2, -23), [3, 2, 1], 3.7.ab_c_ax 
(-1, 2, -17), [3, 2, 3], 3.7.ab_c_ar 
(-1, 2, -15), [3, 2, 1], 3.7.ab_c_ap 
(-1, 2, -13), [3, 2, 3], 3.7.ab_c_an 
(-1, 2, -11), [3, 2, 1], 3.7.ab_c_al 
(-1, 2, -9), [3, 2, 3], 3.7.ab_c_aj 
(-1, 2, -5), [3, 2, 3], 3.7.ab_c_af 
(-1, 2, -3), [3, 2, 1], 3.7.ab_c_ad 
(-1, 2, -1), [3, 2, 3], 3.7.ab_c_ab 
(-1, 2, 1), [3, 2, 1], 3.7.ab_c_b 
(-1, 2, 3), [3, 2, 3], 3.7.ab_c_d 
(-1, 2, 9), [3, 2, 1], 3.7.ab_c_j 
(-1, 2, 11), [3, 2, 3], 3.7.ab_c_l 
(-1, 2, 13), [3, 2, 1], 3.7.ab_c_n 
(-1, 2, 15), [3, 2, 3], 3.7.ab_c_p 
(-1, 2, 17), [3, 2, 1], 3.7.ab_c_r 
(-1, 2, 19), [3, 2, 3], 3.7.ab_c_t 
(-1, 2, 23), [3, 2, 3], 3.7.ab_c_x 
(-1, 4, -33), [3, 0, 3], 3.7.ab_e_abh 
(-1, 4, -31), [3, 0, 1], 3.7.ab_e_abf 
(-1, 4, -27), [3, 0, 1], 3.7.ab_e_abb 
(-1, 4, -25), [3, 0, 3], 3.7.ab_e_az 
(-1, 4, -23), [3, 0, 1], 3.7.ab_e_ax 
(-1, 4, -19), [3, 0, 1], 3.7.ab_e_at 
(-1, 4, -17), [3, 0, 3], 3.7.ab_e_ar 
(-1, 4, -15), [3, 0, 1], 3.7.ab_e_ap 
(-1, 4, -13), [3, 0, 3], 3.7.ab_e_an 
(-1, 4, -11), [3, 0, 1], 3.7.ab_e_al 
(-1, 4, -9), [3, 0, 3], 3.7.ab_e_aj 
(-1, 4, -5), [3, 0, 3], 3.7.ab_e_af 
(-1, 4, -3), [3, 0, 1], 3.7.ab_e_ad 
(-1, 4, -1), [3, 0, 3], 3.7.ab_e_ab 
(-1, 4, 1), [3, 0, 1], 3.7.ab_e_b 
(-1, 4, 5), [3, 0, 1], 3.7.ab_e_f 
(-1, 4, 9), [3, 0, 1], 3.7.ab_e_j 
(-1, 4, 11), [3, 0, 3], 3.7.ab_e_l 
(-1, 4, 13), [3, 0, 1], 3.7.ab_e_n 
(-1, 4, 15), [3, 0, 3], 3.7.ab_e_p 
(-1, 4, 17), [3, 0, 1], 3.7.ab_e_r 
(-1, 5, -32), [3, 1, 0], 3.7.ab_f_abg 
(-1, 6, -31), [3, 2, 1], 3.7.ab_g_abf 
(-1, 6, -29), [3, 2, 3], 3.7.ab_g_abd 
(-1, 6, -25), [3, 2, 3], 3.7.ab_g_az 
(-1, 6, -19), [3, 2, 1], 3.7.ab_g_at 
(-1, 6, -17), [3, 2, 3], 3.7.ab_g_ar 
(-1, 6, -15), [3, 2, 1], 3.7.ab_g_ap 
(-1, 6, -13), [3, 2, 3], 3.7.ab_g_an 
(-1, 6, -11), [3, 2, 1], 3.7.ab_g_al 
(-1, 6, -9), [3, 2, 3], 3.7.ab_g_aj 
(-1, 6, -5), [3, 2, 3], 3.7.ab_g_af 
(-1, 6, -3), [3, 2, 1], 3.7.ab_g_ad 
(-1, 6, -1), [3, 2, 3], 3.7.ab_g_ab 
(-1, 6, 3), [3, 2, 3], 3.7.ab_g_d 
(-1, 6, 5), [3, 2, 1], 3.7.ab_g_f 
(-1, 6, 9), [3, 2, 1], 3.7.ab_g_j 
(-1, 6, 11), [3, 2, 3], 3.7.ab_g_l 
(-1, 8, -27), [3, 0, 1], 3.7.ab_i_abb 
(-1, 8, -23), [3, 0, 1], 3.7.ab_i_ax 
(-1, 8, -19), [3, 0, 1], 3.7.ab_i_at 
(-1, 8, -15), [3, 0, 1], 3.7.ab_i_ap 
(-1, 8, -13), [3, 0, 3], 3.7.ab_i_an 
(-1, 8, -11), [3, 0, 1], 3.7.ab_i_al 
(-1, 8, -9), [3, 0, 3], 3.7.ab_i_aj 
(-1, 8, -5), [3, 0, 3], 3.7.ab_i_af 
(-1, 8, -3), [3, 0, 1], 3.7.ab_i_ad 
(-1, 8, 1), [3, 0, 1], 3.7.ab_i_b 
(-1, 8, 3), [3, 0, 3], 3.7.ab_i_d 
(-1, 8, 5), [3, 0, 1], 3.7.ab_i_f 
(-1, 8, 9), [3, 0, 1], 3.7.ab_i_j 
(-1, 10, -19), [3, 2, 1], 3.7.ab_k_at 
(-1, 10, -17), [3, 2, 3], 3.7.ab_k_ar 
(-1, 10, -15), [3, 2, 1], 3.7.ab_k_ap 
(-1, 10, -13), [3, 2, 3], 3.7.ab_k_an 
(-1, 10, -9), [3, 2, 3], 3.7.ab_k_aj 
(-1, 10, -5), [3, 2, 3], 3.7.ab_k_af 
(-1, 10, -1), [3, 2, 3], 3.7.ab_k_ab 
(-1, 10, 3), [3, 2, 3], 3.7.ab_k_d 
(-1, 11, -23), [3, 3, 1], 3.7.ab_l_ax 
(-1, 12, -19), [3, 0, 1], 3.7.ab_m_at 
(-1, 12, -17), [3, 0, 3], 3.7.ab_m_ar 
(-1, 12, -15), [3, 0, 1], 3.7.ab_m_ap 
(-1, 12, -13), [3, 0, 3], 3.7.ab_m_an 
(-1, 12, -11), [3, 0, 1], 3.7.ab_m_al 
(-1, 12, -9), [3, 0, 3], 3.7.ab_m_aj 
(-1, 12, -3), [3, 0, 1], 3.7.ab_m_ad 
(-1, 12, -1), [3, 0, 3], 3.7.ab_m_ab 
(-1, 14, -17), [3, 2, 3], 3.7.ab_o_ar 
(-1, 14, -15), [3, 2, 1], 3.7.ab_o_ap 
(-1, 14, -13), [3, 2, 3], 3.7.ab_o_an 
(-1, 14, -9), [3, 2, 3], 3.7.ab_o_aj 
(-1, 14, -5), [3, 2, 3], 3.7.ab_o_af 
(-1, 15, -12), [3, 3, 0], 3.7.ab_p_am 
(-1, 16, -16), [3, 0, 0], 3.7.ab_q_aq 
(-1, 16, -15), [3, 0, 1], 3.7.ab_q_ap 
(-1, 16, -13), [3, 0, 3], 3.7.ab_q_an 
(-1, 16, -11), [3, 0, 1], 3.7.ab_q_al 
(-1, 17, -11), [3, 1, 1], 3.7.ab_r_al 
(-1, 18, -13), [3, 2, 3], 3.7.ab_s_an 
(0, -6, -5), [0, 2, 3], 3.7.a_ag_af 
(0, -6, -3), [0, 2, 1], 3.7.a_ag_ad 
(0, -6, -1), [0, 2, 3], 3.7.a_ag_ab 
(0, -6, 1), [0, 2, 1], 3.7.a_ag_b 
(0, -6, 3), [0, 2, 3], 3.7.a_ag_d 
(0, -6, 5), [0, 2, 1], 3.7.a_ag_f 
(0, -5, -9), [0, 3, 3], 3.7.a_af_aj 
(0, -5, -3), [0, 3, 1], 3.7.a_af_ad 
(0, -5, 3), [0, 3, 3], 3.7.a_af_d 
(0, -5, 9), [0, 3, 1], 3.7.a_af_j 
(0, -4, -15), [0, 0, 1], 3.7.a_ae_ap 
(0, -4, -13), [0, 0, 3], 3.7.a_ae_an 
(0, -4, -11), [0, 0, 1], 3.7.a_ae_al 
(0, -4, -9), [0, 0, 3], 3.7.a_ae_aj 
(0, -4, -5), [0, 0, 3], 3.7.a_ae_af 
(0, -4, -3), [0, 0, 1], 3.7.a_ae_ad 
(0, -4, -1), [0, 0, 3], 3.7.a_ae_ab 
(0, -4, 1), [0, 0, 1], 3.7.a_ae_b 
(0, -4, 3), [0, 0, 3], 3.7.a_ae_d 
(0, -4, 5), [0, 0, 1], 3.7.a_ae_f 
(0, -4, 9), [0, 0, 1], 3.7.a_ae_j 
(0, -4, 11), [0, 0, 3], 3.7.a_ae_l 
(0, -4, 13), [0, 0, 1], 3.7.a_ae_n 
(0, -4, 15), [0, 0, 3], 3.7.a_ae_p 
(0, -3, -15), [0, 1, 1], 3.7.a_ad_ap 
(0, -3, 15), [0, 1, 3], 3.7.a_ad_p 
(0, -2, -26), [0, 2, 2], 3.7.a_ac_aba 
(0, -2, -25), [0, 2, 3], 3.7.a_ac_az 
(0, -2, -23), [0, 2, 1], 3.7.a_ac_ax 
(0, -2, -19), [0, 2, 1], 3.7.a_ac_at 
(0, -2, -17), [0, 2, 3], 3.7.a_ac_ar 
(0, -2, -15), [0, 2, 1], 3.7.a_ac_ap 
(0, -2, -13), [0, 2, 3], 3.7.a_ac_an 
(0, -2, -11), [0, 2, 1], 3.7.a_ac_al 
(0, -2, -9), [0, 2, 3], 3.7.a_ac_aj 
(0, -2, -5), [0, 2, 3], 3.7.a_ac_af 
(0, -2, -3), [0, 2, 1], 3.7.a_ac_ad 
(0, -2, -1), [0, 2, 3], 3.7.a_ac_ab 
(0, -2, 1), [0, 2, 1], 3.7.a_ac_b 
(0, -2, 3), [0, 2, 3], 3.7.a_ac_d 
(0, -2, 5), [0, 2, 1], 3.7.a_ac_f 
(0, -2, 9), [0, 2, 1], 3.7.a_ac_j 
(0, -2, 11), [0, 2, 3], 3.7.a_ac_l 
(0, -2, 13), [0, 2, 1], 3.7.a_ac_n 
(0, -2, 15), [0, 2, 3], 3.7.a_ac_p 
(0, -2, 17), [0, 2, 1], 3.7.a_ac_r 
(0, -2, 19), [0, 2, 3], 3.7.a_ac_t 
(0, -2, 23), [0, 2, 3], 3.7.a_ac_x 
(0, -2, 25), [0, 2, 1], 3.7.a_ac_z 
(0, -2, 26), [0, 2, 2], 3.7.a_ac_ba 
(0, -1, -30), [0, 3, 2], 3.7.a_ab_abe 
(0, -1, -27), [0, 3, 1], 3.7.a_ab_abb 
(0, -1, 27), [0, 3, 3], 3.7.a_ab_bb 
(0, -1, 30), [0, 3, 2], 3.7.a_ab_be 
(0, 0, -37), [0, 0, 3], 3.7.a_a_abl 
(0, 0, -33), [0, 0, 3], 3.7.a_a_abh 
(0, 0, -31), [0, 0, 1], 3.7.a_a_abf 
(0, 0, -29), [0, 0, 3], 3.7.a_a_abd 
(0, 0, -27), [0, 0, 1], 3.7.a_a_abb 
(0, 0, -25), [0, 0, 3], 3.7.a_a_az 
(0, 0, -23), [0, 0, 1], 3.7.a_a_ax 
(0, 0, -19), [0, 0, 1], 3.7.a_a_at 
(0, 0, -17), [0, 0, 3], 3.7.a_a_ar 
(0, 0, -15), [0, 0, 1], 3.7.a_a_ap 
(0, 0, -13), [0, 0, 3], 3.7.a_a_an 
(0, 0, -11), [0, 0, 1], 3.7.a_a_al 
(0, 0, -9), [0, 0, 3], 3.7.a_a_aj 
(0, 0, -5), [0, 0, 3], 3.7.a_a_af 
(0, 0, -3), [0, 0, 1], 3.7.a_a_ad 
(0, 0, -1), [0, 0, 3], 3.7.a_a_ab 
(0, 0, 1), [0, 0, 1], 3.7.a_a_b 
(0, 0, 3), [0, 0, 3], 3.7.a_a_d 
(0, 0, 5), [0, 0, 1], 3.7.a_a_f 
(0, 0, 9), [0, 0, 1], 3.7.a_a_j 
(0, 0, 11), [0, 0, 3], 3.7.a_a_l 
(0, 0, 13), [0, 0, 1], 3.7.a_a_n 
(0, 0, 15), [0, 0, 3], 3.7.a_a_p 
(0, 0, 17), [0, 0, 1], 3.7.a_a_r 
(0, 0, 19), [0, 0, 3], 3.7.a_a_t 
(0, 0, 23), [0, 0, 3], 3.7.a_a_x 
(0, 0, 25), [0, 0, 1], 3.7.a_a_z 
(0, 0, 27), [0, 0, 3], 3.7.a_a_bb 
(0, 0, 29), [0, 0, 1], 3.7.a_a_bd 
(0, 0, 31), [0, 0, 3], 3.7.a_a_bf 
(0, 0, 33), [0, 0, 1], 3.7.a_a_bh 
(0, 0, 37), [0, 0, 1], 3.7.a_a_bl 
(0, 1, -34), [0, 1, 2], 3.7.a_b_abi 
(0, 1, -31), [0, 1, 1], 3.7.a_b_abf 
(0, 1, -30), [0, 1, 2], 3.7.a_b_abe 
(0, 1, -27), [0, 1, 1], 3.7.a_b_abb 
(0, 1, -15), [0, 1, 1], 3.7.a_b_ap 
(0, 1, 15), [0, 1, 3], 3.7.a_b_p 
(0, 1, 27), [0, 1, 3], 3.7.a_b_bb 
(0, 1, 30), [0, 1, 2], 3.7.a_b_be 
(0, 1, 31), [0, 1, 3], 3.7.a_b_bf 
(0, 1, 34), [0, 1, 2], 3.7.a_b_bi 
(0, 2, -31), [0, 2, 1], 3.7.a_c_abf 
(0, 2, -29), [0, 2, 3], 3.7.a_c_abd 
(0, 2, -27), [0, 2, 1], 3.7.a_c_abb 
(0, 2, -25), [0, 2, 3], 3.7.a_c_az 
(0, 2, -23), [0, 2, 1], 3.7.a_c_ax 
(0, 2, -19), [0, 2, 1], 3.7.a_c_at 
(0, 2, -17), [0, 2, 3], 3.7.a_c_ar 
(0, 2, -15), [0, 2, 1], 3.7.a_c_ap 
(0, 2, -13), [0, 2, 3], 3.7.a_c_an 
(0, 2, -11), [0, 2, 1], 3.7.a_c_al 
(0, 2, -9), [0, 2, 3], 3.7.a_c_aj 
(0, 2, -5), [0, 2, 3], 3.7.a_c_af 
(0, 2, -3), [0, 2, 1], 3.7.a_c_ad 
(0, 2, -1), [0, 2, 3], 3.7.a_c_ab 
(0, 2, 1), [0, 2, 1], 3.7.a_c_b 
(0, 2, 3), [0, 2, 3], 3.7.a_c_d 
(0, 2, 5), [0, 2, 1], 3.7.a_c_f 
(0, 2, 9), [0, 2, 1], 3.7.a_c_j 
(0, 2, 11), [0, 2, 3], 3.7.a_c_l 
(0, 2, 13), [0, 2, 1], 3.7.a_c_n 
(0, 2, 15), [0, 2, 3], 3.7.a_c_p 
(0, 2, 17), [0, 2, 1], 3.7.a_c_r 
(0, 2, 19), [0, 2, 3], 3.7.a_c_t 
(0, 2, 23), [0, 2, 3], 3.7.a_c_x 
(0, 2, 25), [0, 2, 1], 3.7.a_c_z 
(0, 2, 27), [0, 2, 3], 3.7.a_c_bb 
(0, 2, 29), [0, 2, 1], 3.7.a_c_bd 
(0, 2, 31), [0, 2, 3], 3.7.a_c_bf 
(0, 3, -25), [0, 3, 3], 3.7.a_d_az 
(0, 3, 25), [0, 3, 1], 3.7.a_d_z 
(0, 4, -25), [0, 0, 3], 3.7.a_e_az 
(0, 4, -23), [0, 0, 1], 3.7.a_e_ax 
(0, 4, -19), [0, 0, 1], 3.7.a_e_at 
(0, 4, -17), [0, 0, 3], 3.7.a_e_ar 
(0, 4, -15), [0, 0, 1], 3.7.a_e_ap 
(0, 4, -13), [0, 0, 3], 3.7.a_e_an 
(0, 4, -11), [0, 0, 1], 3.7.a_e_al 
(0, 4, -9), [0, 0, 3], 3.7.a_e_aj 
(0, 4, -5), [0, 0, 3], 3.7.a_e_af 
(0, 4, -3), [0, 0, 1], 3.7.a_e_ad 
(0, 4, -1), [0, 0, 3], 3.7.a_e_ab 
(0, 4, 1), [0, 0, 1], 3.7.a_e_b 
(0, 4, 3), [0, 0, 3], 3.7.a_e_d 
(0, 4, 5), [0, 0, 1], 3.7.a_e_f 
(0, 4, 9), [0, 0, 1], 3.7.a_e_j 
(0, 4, 11), [0, 0, 3], 3.7.a_e_l 
(0, 4, 13), [0, 0, 1], 3.7.a_e_n 
(0, 4, 15), [0, 0, 3], 3.7.a_e_p 
(0, 4, 17), [0, 0, 1], 3.7.a_e_r 
(0, 4, 19), [0, 0, 3], 3.7.a_e_t 
(0, 4, 23), [0, 0, 3], 3.7.a_e_x 
(0, 4, 25), [0, 0, 1], 3.7.a_e_z 
(0, 5, -5), [0, 1, 3], 3.7.a_f_af 
(0, 5, 5), [0, 1, 1], 3.7.a_f_f 
(0, 6, -19), [0, 2, 1], 3.7.a_g_at 
(0, 6, -17), [0, 2, 3], 3.7.a_g_ar 
(0, 6, -15), [0, 2, 1], 3.7.a_g_ap 
(0, 6, -13), [0, 2, 3], 3.7.a_g_an 
(0, 6, -11), [0, 2, 1], 3.7.a_g_al 
(0, 6, -9), [0, 2, 3], 3.7.a_g_aj 
(0, 6, -5), [0, 2, 3], 3.7.a_g_af 
(0, 6, -3), [0, 2, 1], 3.7.a_g_ad 
(0, 6, -1), [0, 2, 3], 3.7.a_g_ab 
(0, 6, 1), [0, 2, 1], 3.7.a_g_b 
(0, 6, 3), [0, 2, 3], 3.7.a_g_d 
(0, 6, 5), [0, 2, 1], 3.7.a_g_f 
(0, 6, 9), [0, 2, 1], 3.7.a_g_j 
(0, 6, 11), [0, 2, 3], 3.7.a_g_l 
(0, 6, 13), [0, 2, 1], 3.7.a_g_n 
(0, 6, 15), [0, 2, 3], 3.7.a_g_p 
(0, 6, 17), [0, 2, 1], 3.7.a_g_r 
(0, 6, 19), [0, 2, 3], 3.7.a_g_t 
(0, 8, -17), [0, 0, 3], 3.7.a_i_ar 
(0, 8, -15), [0, 0, 1], 3.7.a_i_ap 
(0, 8, -13), [0, 0, 3], 3.7.a_i_an 
(0, 8, -11), [0, 0, 1], 3.7.a_i_al 
(0, 8, -9), [0, 0, 3], 3.7.a_i_aj 
(0, 8, -5), [0, 0, 3], 3.7.a_i_af 
(0, 8, -3), [0, 0, 1], 3.7.a_i_ad 
(0, 8, -1), [0, 0, 3], 3.7.a_i_ab 
(0, 8, 1), [0, 0, 1], 3.7.a_i_b 
(0, 8, 3), [0, 0, 3], 3.7.a_i_d 
(0, 8, 5), [0, 0, 1], 3.7.a_i_f 
(0, 8, 9), [0, 0, 1], 3.7.a_i_j 
(0, 8, 11), [0, 0, 3], 3.7.a_i_l 
(0, 8, 13), [0, 0, 1], 3.7.a_i_n 
(0, 8, 15), [0, 0, 3], 3.7.a_i_p 
(0, 8, 17), [0, 0, 1], 3.7.a_i_r 
(0, 9, -15), [0, 1, 1], 3.7.a_j_ap 
(0, 9, 15), [0, 1, 3], 3.7.a_j_p 
(0, 10, -13), [0, 2, 3], 3.7.a_k_an 
(0, 10, -11), [0, 2, 1], 3.7.a_k_al 
(0, 10, -9), [0, 2, 3], 3.7.a_k_aj 
(0, 10, -5), [0, 2, 3], 3.7.a_k_af 
(0, 10, -3), [0, 2, 1], 3.7.a_k_ad 
(0, 10, -1), [0, 2, 3], 3.7.a_k_ab 
(0, 10, 1), [0, 2, 1], 3.7.a_k_b 
(0, 10, 3), [0, 2, 3], 3.7.a_k_d 
(0, 10, 5), [0, 2, 1], 3.7.a_k_f 
(0, 10, 9), [0, 2, 1], 3.7.a_k_j 
(0, 10, 11), [0, 2, 3], 3.7.a_k_l 
(0, 10, 13), [0, 2, 1], 3.7.a_k_n 
(0, 12, -9), [0, 0, 3], 3.7.a_m_aj 
(0, 12, -5), [0, 0, 3], 3.7.a_m_af 
(0, 12, -3), [0, 0, 1], 3.7.a_m_ad 
(0, 12, -1), [0, 0, 3], 3.7.a_m_ab 
(0, 12, 1), [0, 0, 1], 3.7.a_m_b 
(0, 12, 3), [0, 0, 3], 3.7.a_m_d 
(0, 12, 5), [0, 0, 1], 3.7.a_m_f 
(0, 12, 9), [0, 0, 1], 3.7.a_m_j 
(0, 13, -5), [0, 1, 3], 3.7.a_n_af 
(0, 13, 5), [0, 1, 1], 3.7.a_n_f 
(0, 14, -5), [0, 2, 3], 3.7.a_o_af 
(0, 14, -3), [0, 2, 1], 3.7.a_o_ad 
(0, 14, -2), [0, 2, 2], 3.7.a_o_ac 
(0, 14, -1), [0, 2, 3], 3.7.a_o_ab 
(0, 14, 1), [0, 2, 1], 3.7.a_o_b 
(0, 14, 2), [0, 2, 2], 3.7.a_o_c 
(0, 14, 3), [0, 2, 3], 3.7.a_o_d 
(0, 14, 5), [0, 2, 1], 3.7.a_o_f 
(0, 16, -3), [0, 0, 1], 3.7.a_q_ad 
(0, 16, -1), [0, 0, 3], 3.7.a_q_ab 
(0, 16, 1), [0, 0, 1], 3.7.a_q_b 
(0, 16, 3), [0, 0, 3], 3.7.a_q_d 
(0, 17, -2), [0, 1, 2], 3.7.a_r_ac 
(0, 17, 2), [0, 1, 2], 3.7.a_r_c 
(0, 18, -1), [0, 2, 3], 3.7.a_s_ab 
(0, 18, 1), [0, 2, 1], 3.7.a_s_b 
(1, -6, -19), [1, 2, 1], 3.7.b_ag_at 
(1, -6, -17), [1, 2, 3], 3.7.b_ag_ar 
(1, -6, -15), [1, 2, 1], 3.7.b_ag_ap 
(1, -6, -12), [1, 2, 0], 3.7.b_ag_am 
(1, -6, -11), [1, 2, 1], 3.7.b_ag_al 
(1, -6, -9), [1, 2, 3], 3.7.b_ag_aj 
(1, -4, -29), [1, 0, 3], 3.7.b_ae_abd 
(1, -4, -27), [1, 0, 1], 3.7.b_ae_abb 
(1, -4, -25), [1, 0, 3], 3.7.b_ae_az 
(1, -4, -23), [1, 0, 1], 3.7.b_ae_ax 
(1, -4, -19), [1, 0, 1], 3.7.b_ae_at 
(1, -4, -17), [1, 0, 3], 3.7.b_ae_ar 
(1, -4, -16), [1, 0, 0], 3.7.b_ae_aq 
(1, -4, -15), [1, 0, 1], 3.7.b_ae_ap 
(1, -4, -13), [1, 0, 3], 3.7.b_ae_an 
(1, -4, -9), [1, 0, 3], 3.7.b_ae_aj 
(1, -4, -5), [1, 0, 3], 3.7.b_ae_af 
(1, -4, -3), [1, 0, 1], 3.7.b_ae_ad 
(1, -4, -1), [1, 0, 3], 3.7.b_ae_ab 
(1, -4, 1), [1, 0, 1], 3.7.b_ae_b 
(1, -2, -33), [1, 2, 3], 3.7.b_ac_abh 
(1, -2, -31), [1, 2, 1], 3.7.b_ac_abf 
(1, -2, -29), [1, 2, 3], 3.7.b_ac_abd 
(1, -2, -27), [1, 2, 1], 3.7.b_ac_abb 
(1, -2, -25), [1, 2, 3], 3.7.b_ac_az 
(1, -2, -23), [1, 2, 1], 3.7.b_ac_ax 
(1, -2, -19), [1, 2, 1], 3.7.b_ac_at 
(1, -2, -17), [1, 2, 3], 3.7.b_ac_ar 
(1, -2, -15), [1, 2, 1], 3.7.b_ac_ap 
(1, -2, -13), [1, 2, 3], 3.7.b_ac_an 
(1, -2, -11), [1, 2, 1], 3.7.b_ac_al 
(1, -2, -5), [1, 2, 3], 3.7.b_ac_af 
(1, -2, -3), [1, 2, 1], 3.7.b_ac_ad 
(1, -2, 1), [1, 2, 1], 3.7.b_ac_b 
(1, -2, 3), [1, 2, 3], 3.7.b_ac_d 
(1, -2, 5), [1, 2, 1], 3.7.b_ac_f 
(1, -2, 9), [1, 2, 1], 3.7.b_ac_j 
(1, -2, 11), [1, 2, 3], 3.7.b_ac_l 
(1, 0, -29), [1, 0, 3], 3.7.b_a_abd 
(1, 0, -27), [1, 0, 1], 3.7.b_a_abb 
(1, 0, -25), [1, 0, 3], 3.7.b_a_az 
(1, 0, -23), [1, 0, 1], 3.7.b_a_ax 
(1, 0, -19), [1, 0, 1], 3.7.b_a_at 
(1, 0, -17), [1, 0, 3], 3.7.b_a_ar 
(1, 0, -15), [1, 0, 1], 3.7.b_a_ap 
(1, 0, -13), [1, 0, 3], 3.7.b_a_an 
(1, 0, -11), [1, 0, 1], 3.7.b_a_al 
(1, 0, -9), [1, 0, 3], 3.7.b_a_aj 
(1, 0, -5), [1, 0, 3], 3.7.b_a_af 
(1, 0, -3), [1, 0, 1], 3.7.b_a_ad 
(1, 0, -1), [1, 0, 3], 3.7.b_a_ab 
(1, 0, 1), [1, 0, 1], 3.7.b_a_b 
(1, 0, 3), [1, 0, 3], 3.7.b_a_d 
(1, 0, 5), [1, 0, 1], 3.7.b_a_f 
(1, 0, 11), [1, 0, 3], 3.7.b_a_l 
(1, 0, 13), [1, 0, 1], 3.7.b_a_n 
(1, 0, 15), [1, 0, 3], 3.7.b_a_p 
(1, 0, 17), [1, 0, 1], 3.7.b_a_r 
(1, 0, 19), [1, 0, 3], 3.7.b_a_t 
(1, 0, 23), [1, 0, 3], 3.7.b_a_x 
(1, 2, -23), [1, 2, 1], 3.7.b_c_ax 
(1, 2, -19), [1, 2, 1], 3.7.b_c_at 
(1, 2, -17), [1, 2, 3], 3.7.b_c_ar 
(1, 2, -15), [1, 2, 1], 3.7.b_c_ap 
(1, 2, -13), [1, 2, 3], 3.7.b_c_an 
(1, 2, -11), [1, 2, 1], 3.7.b_c_al 
(1, 2, -9), [1, 2, 3], 3.7.b_c_aj 
(1, 2, -3), [1, 2, 1], 3.7.b_c_ad 
(1, 2, -1), [1, 2, 3], 3.7.b_c_ab 
(1, 2, 1), [1, 2, 1], 3.7.b_c_b 
(1, 2, 3), [1, 2, 3], 3.7.b_c_d 
(1, 2, 5), [1, 2, 1], 3.7.b_c_f 
(1, 2, 9), [1, 2, 1], 3.7.b_c_j 
(1, 2, 11), [1, 2, 3], 3.7.b_c_l 
(1, 2, 13), [1, 2, 1], 3.7.b_c_n 
(1, 2, 15), [1, 2, 3], 3.7.b_c_p 
(1, 2, 17), [1, 2, 1], 3.7.b_c_r 
(1, 2, 23), [1, 2, 3], 3.7.b_c_x 
(1, 2, 25), [1, 2, 1], 3.7.b_c_z 
(1, 2, 27), [1, 2, 3], 3.7.b_c_bb 
(1, 2, 29), [1, 2, 1], 3.7.b_c_bd 
(1, 2, 33), [1, 2, 1], 3.7.b_c_bh 
(1, 4, -17), [1, 0, 3], 3.7.b_e_ar 
(1, 4, -15), [1, 0, 1], 3.7.b_e_ap 
(1, 4, -13), [1, 0, 3], 3.7.b_e_an 
(1, 4, -11), [1, 0, 1], 3.7.b_e_al 
(1, 4, -9), [1, 0, 3], 3.7.b_e_aj 
(1, 4, -5), [1, 0, 3], 3.7.b_e_af 
(1, 4, -1), [1, 0, 3], 3.7.b_e_ab 
(1, 4, 1), [1, 0, 1], 3.7.b_e_b 
(1, 4, 3), [1, 0, 3], 3.7.b_e_d 
(1, 4, 5), [1, 0, 1], 3.7.b_e_f 
(1, 4, 9), [1, 0, 1], 3.7.b_e_j 
(1, 4, 11), [1, 0, 3], 3.7.b_e_l 
(1, 4, 13), [1, 0, 1], 3.7.b_e_n 
(1, 4, 15), [1, 0, 3], 3.7.b_e_p 
(1, 4, 17), [1, 0, 1], 3.7.b_e_r 
(1, 4, 19), [1, 0, 3], 3.7.b_e_t 
(1, 4, 23), [1, 0, 3], 3.7.b_e_x 
(1, 4, 25), [1, 0, 1], 3.7.b_e_z 
(1, 4, 27), [1, 0, 3], 3.7.b_e_bb 
(1, 4, 31), [1, 0, 3], 3.7.b_e_bf 
(1, 4, 33), [1, 0, 1], 3.7.b_e_bh 
(1, 5, 32), [1, 1, 0], 3.7.b_f_bg 
(1, 6, -11), [1, 2, 1], 3.7.b_g_al 
(1, 6, -9), [1, 2, 3], 3.7.b_g_aj 
(1, 6, -5), [1, 2, 3], 3.7.b_g_af 
(1, 6, -3), [1, 2, 1], 3.7.b_g_ad 
(1, 6, 1), [1, 2, 1], 3.7.b_g_b 
(1, 6, 3), [1, 2, 3], 3.7.b_g_d 
(1, 6, 5), [1, 2, 1], 3.7.b_g_f 
(1, 6, 9), [1, 2, 1], 3.7.b_g_j 
(1, 6, 11), [1, 2, 3], 3.7.b_g_l 
(1, 6, 13), [1, 2, 1], 3.7.b_g_n 
(1, 6, 15), [1, 2, 3], 3.7.b_g_p 
(1, 6, 17), [1, 2, 1], 3.7.b_g_r 
(1, 6, 19), [1, 2, 3], 3.7.b_g_t 
(1, 6, 25), [1, 2, 1], 3.7.b_g_z 
(1, 6, 29), [1, 2, 1], 3.7.b_g_bd 
(1, 6, 31), [1, 2, 3], 3.7.b_g_bf 
(1, 8, -9), [1, 0, 3], 3.7.b_i_aj 
(1, 8, -5), [1, 0, 3], 3.7.b_i_af 
(1, 8, -3), [1, 0, 1], 3.7.b_i_ad 
(1, 8, -1), [1, 0, 3], 3.7.b_i_ab 
(1, 8, 3), [1, 0, 3], 3.7.b_i_d 
(1, 8, 5), [1, 0, 1], 3.7.b_i_f 
(1, 8, 9), [1, 0, 1], 3.7.b_i_j 
(1, 8, 11), [1, 0, 3], 3.7.b_i_l 
(1, 8, 13), [1, 0, 1], 3.7.b_i_n 
(1, 8, 15), [1, 0, 3], 3.7.b_i_p 
(1, 8, 19), [1, 0, 3], 3.7.b_i_t 
(1, 8, 23), [1, 0, 3], 3.7.b_i_x 
(1, 8, 27), [1, 0, 3], 3.7.b_i_bb 
(1, 10, -3), [1, 2, 1], 3.7.b_k_ad 
(1, 10, 1), [1, 2, 1], 3.7.b_k_b 
(1, 10, 5), [1, 2, 1], 3.7.b_k_f 
(1, 10, 9), [1, 2, 1], 3.7.b_k_j 
(1, 10, 13), [1, 2, 1], 3.7.b_k_n 
(1, 10, 15), [1, 2, 3], 3.7.b_k_p 
(1, 10, 17), [1, 2, 1], 3.7.b_k_r 
(1, 10, 19), [1, 2, 3], 3.7.b_k_t 
(1, 11, 23), [1, 3, 3], 3.7.b_l_x 
(1, 12, 1), [1, 0, 1], 3.7.b_m_b 
(1, 12, 3), [1, 0, 3], 3.7.b_m_d 
(1, 12, 9), [1, 0, 1], 3.7.b_m_j 
(1, 12, 11), [1, 0, 3], 3.7.b_m_l 
(1, 12, 13), [1, 0, 1], 3.7.b_m_n 
(1, 12, 15), [1, 0, 3], 3.7.b_m_p 
(1, 12, 17), [1, 0, 1], 3.7.b_m_r 
(1, 12, 19), [1, 0, 3], 3.7.b_m_t 
(1, 14, 5), [1, 2, 1], 3.7.b_o_f 
(1, 14, 9), [1, 2, 1], 3.7.b_o_j 
(1, 14, 13), [1, 2, 1], 3.7.b_o_n 
(1, 14, 15), [1, 2, 3], 3.7.b_o_p 
(1, 14, 17), [1, 2, 1], 3.7.b_o_r 
(1, 15, 12), [1, 3, 0], 3.7.b_p_m 
(1, 16, 11), [1, 0, 3], 3.7.b_q_l 
(1, 16, 13), [1, 0, 1], 3.7.b_q_n 
(1, 16, 15), [1, 0, 3], 3.7.b_q_p 
(1, 16, 16), [1, 0, 0], 3.7.b_q_q 
(1, 17, 11), [1, 1, 3], 3.7.b_r_l 
(1, 18, 13), [1, 2, 1], 3.7.b_s_n 
(2, -6, -33), [2, 2, 3], 3.7.c_ag_abh 
(2, -6, -31), [2, 2, 1], 3.7.c_ag_abf 
(2, -6, -29), [2, 2, 3], 3.7.c_ag_abd 
(2, -6, -27), [2, 2, 1], 3.7.c_ag_abb 
(2, -6, -25), [2, 2, 3], 3.7.c_ag_az 
(2, -6, -23), [2, 2, 1], 3.7.c_ag_ax 
(2, -5, -38), [2, 3, 2], 3.7.c_af_abm 
(2, -5, -37), [2, 3, 3], 3.7.c_af_abl 
(2, -5, -29), [2, 3, 3], 3.7.c_af_abd 
(2, -5, -25), [2, 3, 3], 3.7.c_af_az 
(2, -5, -23), [2, 3, 1], 3.7.c_af_ax 
(2, -4, -41), [2, 0, 3], 3.7.c_ae_abp 
(2, -4, -39), [2, 0, 1], 3.7.c_ae_abn 
(2, -4, -37), [2, 0, 3], 3.7.c_ae_abl 
(2, -4, -33), [2, 0, 3], 3.7.c_ae_abh 
(2, -4, -31), [2, 0, 1], 3.7.c_ae_abf 
(2, -4, -29), [2, 0, 3], 3.7.c_ae_abd 
(2, -4, -27), [2, 0, 1], 3.7.c_ae_abb 
(2, -4, -25), [2, 0, 3], 3.7.c_ae_az 
(2, -4, -23), [2, 0, 1], 3.7.c_ae_ax 
(2, -4, -19), [2, 0, 1], 3.7.c_ae_at 
(2, -4, -17), [2, 0, 3], 3.7.c_ae_ar 
(2, -4, -15), [2, 0, 1], 3.7.c_ae_ap 
(2, -4, -13), [2, 0, 3], 3.7.c_ae_an 
(2, -3, -37), [2, 1, 3], 3.7.c_ad_abl 
(2, -3, -34), [2, 1, 2], 3.7.c_ad_abi 
(2, -3, -19), [2, 1, 1], 3.7.c_ad_at 
(2, -3, -9), [2, 1, 3], 3.7.c_ad_aj 
(2, -2, -34), [2, 2, 2], 3.7.c_ac_abi 
(2, -2, -33), [2, 2, 3], 3.7.c_ac_abh 
(2, -2, -31), [2, 2, 1], 3.7.c_ac_abf 
(2, -2, -29), [2, 2, 3], 3.7.c_ac_abd 
(2, -2, -27), [2, 2, 1], 3.7.c_ac_abb 
(2, -2, -25), [2, 2, 3], 3.7.c_ac_az 
(2, -2, -23), [2, 2, 1], 3.7.c_ac_ax 
(2, -2, -19), [2, 2, 1], 3.7.c_ac_at 
(2, -2, -17), [2, 2, 3], 3.7.c_ac_ar 
(2, -2, -15), [2, 2, 1], 3.7.c_ac_ap 
(2, -2, -13), [2, 2, 3], 3.7.c_ac_an 
(2, -2, -11), [2, 2, 1], 3.7.c_ac_al 
(2, -2, -9), [2, 2, 3], 3.7.c_ac_aj 
(2, -2, -5), [2, 2, 3], 3.7.c_ac_af 
(2, -2, -3), [2, 2, 1], 3.7.c_ac_ad 
(2, -1, -27), [2, 3, 1], 3.7.c_ab_abb 
(2, -1, -5), [2, 3, 3], 3.7.c_ab_af 
(2, -1, -3), [2, 3, 1], 3.7.c_ab_ad 
(2, -1, -1), [2, 3, 3], 3.7.c_ab_ab 
(2, -1, 3), [2, 3, 3], 3.7.c_ab_d 
(2, 0, -27), [2, 0, 1], 3.7.c_a_abb 
(2, 0, -25), [2, 0, 3], 3.7.c_a_az 
(2, 0, -23), [2, 0, 1], 3.7.c_a_ax 
(2, 0, -19), [2, 0, 1], 3.7.c_a_at 
(2, 0, -17), [2, 0, 3], 3.7.c_a_ar 
(2, 0, -15), [2, 0, 1], 3.7.c_a_ap 
(2, 0, -13), [2, 0, 3], 3.7.c_a_an 
(2, 0, -11), [2, 0, 1], 3.7.c_a_al 
(2, 0, -9), [2, 0, 3], 3.7.c_a_aj 
(2, 0, -5), [2, 0, 3], 3.7.c_a_af 
(2, 0, -3), [2, 0, 1], 3.7.c_a_ad 
(2, 0, -1), [2, 0, 3], 3.7.c_a_ab 
(2, 0, 1), [2, 0, 1], 3.7.c_a_b 
(2, 0, 3), [2, 0, 3], 3.7.c_a_d 
(2, 0, 5), [2, 0, 1], 3.7.c_a_f 
(2, 0, 9), [2, 0, 1], 3.7.c_a_j 
(2, 1, -19), [2, 1, 1], 3.7.c_b_at 
(2, 2, -19), [2, 2, 1], 3.7.c_c_at 
(2, 2, -17), [2, 2, 3], 3.7.c_c_ar 
(2, 2, -15), [2, 2, 1], 3.7.c_c_ap 
(2, 2, -13), [2, 2, 3], 3.7.c_c_an 
(2, 2, -11), [2, 2, 1], 3.7.c_c_al 
(2, 2, -9), [2, 2, 3], 3.7.c_c_aj 
(2, 2, -5), [2, 2, 3], 3.7.c_c_af 
(2, 2, -3), [2, 2, 1], 3.7.c_c_ad 
(2, 2, -1), [2, 2, 3], 3.7.c_c_ab 
(2, 2, 1), [2, 2, 1], 3.7.c_c_b 
(2, 2, 3), [2, 2, 3], 3.7.c_c_d 
(2, 2, 5), [2, 2, 1], 3.7.c_c_f 
(2, 2, 9), [2, 2, 1], 3.7.c_c_j 
(2, 2, 11), [2, 2, 3], 3.7.c_c_l 
(2, 2, 13), [2, 2, 1], 3.7.c_c_n 
(2, 2, 15), [2, 2, 3], 3.7.c_c_p 
(2, 2, 17), [2, 2, 1], 3.7.c_c_r 
(2, 2, 19), [2, 2, 3], 3.7.c_c_t 
(2, 4, -13), [2, 0, 3], 3.7.c_e_an 
(2, 4, -11), [2, 0, 1], 3.7.c_e_al 
(2, 4, -9), [2, 0, 3], 3.7.c_e_aj 
(2, 4, -5), [2, 0, 3], 3.7.c_e_af 
(2, 4, -3), [2, 0, 1], 3.7.c_e_ad 
(2, 4, -1), [2, 0, 3], 3.7.c_e_ab 
(2, 4, 1), [2, 0, 1], 3.7.c_e_b 
(2, 4, 3), [2, 0, 3], 3.7.c_e_d 
(2, 4, 5), [2, 0, 1], 3.7.c_e_f 
(2, 4, 9), [2, 0, 1], 3.7.c_e_j 
(2, 4, 11), [2, 0, 3], 3.7.c_e_l 
(2, 4, 13), [2, 0, 1], 3.7.c_e_n 
(2, 4, 15), [2, 0, 3], 3.7.c_e_p 
(2, 4, 17), [2, 0, 1], 3.7.c_e_r 
(2, 4, 19), [2, 0, 3], 3.7.c_e_t 
(2, 4, 23), [2, 0, 3], 3.7.c_e_x 
(2, 4, 25), [2, 0, 1], 3.7.c_e_z 
(2, 4, 27), [2, 0, 3], 3.7.c_e_bb 
(2, 4, 29), [2, 0, 1], 3.7.c_e_bd 
(2, 4, 30), [2, 0, 2], 3.7.c_e_be 
(2, 5, 13), [2, 1, 1], 3.7.c_f_n 
(2, 6, -5), [2, 2, 3], 3.7.c_g_af 
(2, 6, -3), [2, 2, 1], 3.7.c_g_ad 
(2, 6, -1), [2, 2, 3], 3.7.c_g_ab 
(2, 6, 1), [2, 2, 1], 3.7.c_g_b 
(2, 6, 3), [2, 2, 3], 3.7.c_g_d 
(2, 6, 5), [2, 2, 1], 3.7.c_g_f 
(2, 6, 9), [2, 2, 1], 3.7.c_g_j 
(2, 6, 11), [2, 2, 3], 3.7.c_g_l 
(2, 6, 13), [2, 2, 1], 3.7.c_g_n 
(2, 6, 15), [2, 2, 3], 3.7.c_g_p 
(2, 6, 17), [2, 2, 1], 3.7.c_g_r 
(2, 6, 19), [2, 2, 3], 3.7.c_g_t 
(2, 6, 23), [2, 2, 3], 3.7.c_g_x 
(2, 6, 25), [2, 2, 1], 3.7.c_g_z 
(2, 6, 27), [2, 2, 3], 3.7.c_g_bb 
(2, 6, 29), [2, 2, 1], 3.7.c_g_bd 
(2, 6, 31), [2, 2, 3], 3.7.c_g_bf 
(2, 6, 33), [2, 2, 1], 3.7.c_g_bh 
(2, 6, 37), [2, 2, 1], 3.7.c_g_bl 
(2, 6, 38), [2, 2, 2], 3.7.c_g_bm 
(2, 6, 39), [2, 2, 3], 3.7.c_g_bn 
(2, 8, -1), [2, 0, 3], 3.7.c_i_ab 
(2, 8, 1), [2, 0, 1], 3.7.c_i_b 
(2, 8, 3), [2, 0, 3], 3.7.c_i_d 
(2, 8, 5), [2, 0, 1], 3.7.c_i_f 
(2, 8, 9), [2, 0, 1], 3.7.c_i_j 
(2, 8, 11), [2, 0, 3], 3.7.c_i_l 
(2, 8, 13), [2, 0, 1], 3.7.c_i_n 
(2, 8, 15), [2, 0, 3], 3.7.c_i_p 
(2, 8, 17), [2, 0, 1], 3.7.c_i_r 
(2, 8, 19), [2, 0, 3], 3.7.c_i_t 
(2, 8, 23), [2, 0, 3], 3.7.c_i_x 
(2, 8, 25), [2, 0, 1], 3.7.c_i_z 
(2, 8, 27), [2, 0, 3], 3.7.c_i_bb 
(2, 8, 29), [2, 0, 1], 3.7.c_i_bd 
(2, 8, 31), [2, 0, 3], 3.7.c_i_bf 
(2, 8, 33), [2, 0, 1], 3.7.c_i_bh 
(2, 8, 37), [2, 0, 1], 3.7.c_i_bl 
(2, 8, 39), [2, 0, 3], 3.7.c_i_bn 
(2, 10, 5), [2, 2, 1], 3.7.c_k_f 
(2, 10, 9), [2, 2, 1], 3.7.c_k_j 
(2, 10, 11), [2, 2, 3], 3.7.c_k_l 
(2, 10, 13), [2, 2, 1], 3.7.c_k_n 
(2, 10, 15), [2, 2, 3], 3.7.c_k_p 
(2, 10, 17), [2, 2, 1], 3.7.c_k_r 
(2, 10, 19), [2, 2, 3], 3.7.c_k_t 
(2, 10, 23), [2, 2, 3], 3.7.c_k_x 
(2, 10, 25), [2, 2, 1], 3.7.c_k_z 
(2, 10, 27), [2, 2, 3], 3.7.c_k_bb 
(2, 10, 29), [2, 2, 1], 3.7.c_k_bd 
(2, 10, 31), [2, 2, 3], 3.7.c_k_bf 
(2, 10, 33), [2, 2, 1], 3.7.c_k_bh 
(2, 11, 25), [2, 3, 1], 3.7.c_l_z 
(2, 12, 9), [2, 0, 1], 3.7.c_m_j 
(2, 12, 11), [2, 0, 3], 3.7.c_m_l 
(2, 12, 13), [2, 0, 1], 3.7.c_m_n 
(2, 12, 15), [2, 0, 3], 3.7.c_m_p 
(2, 12, 17), [2, 0, 1], 3.7.c_m_r 
(2, 12, 19), [2, 0, 3], 3.7.c_m_t 
(2, 12, 23), [2, 0, 3], 3.7.c_m_x 
(2, 12, 25), [2, 0, 1], 3.7.c_m_z 
(2, 12, 27), [2, 0, 3], 3.7.c_m_bb 
(2, 12, 29), [2, 0, 1], 3.7.c_m_bd 
(2, 12, 31), [2, 0, 3], 3.7.c_m_bf 
(2, 12, 33), [2, 0, 1], 3.7.c_m_bh 
(2, 13, 25), [2, 1, 1], 3.7.c_n_z 
(2, 14, 15), [2, 2, 3], 3.7.c_o_p 
(2, 14, 17), [2, 2, 1], 3.7.c_o_r 
(2, 14, 19), [2, 2, 3], 3.7.c_o_t 
(2, 14, 23), [2, 2, 3], 3.7.c_o_x 
(2, 14, 25), [2, 2, 1], 3.7.c_o_z 
(2, 14, 27), [2, 2, 3], 3.7.c_o_bb 
(2, 14, 29), [2, 2, 1], 3.7.c_o_bd 
(2, 14, 31), [2, 2, 3], 3.7.c_o_bf 
(2, 15, 25), [2, 3, 1], 3.7.c_p_z 
(2, 16, 19), [2, 0, 3], 3.7.c_q_t 
(2, 16, 23), [2, 0, 3], 3.7.c_q_x 
(2, 16, 25), [2, 0, 1], 3.7.c_q_z 
(2, 16, 27), [2, 0, 3], 3.7.c_q_bb 
(2, 16, 29), [2, 0, 1], 3.7.c_q_bd 
(2, 18, 23), [2, 2, 3], 3.7.c_s_x 
(2, 18, 25), [2, 2, 1], 3.7.c_s_z 
(2, 18, 27), [2, 2, 3], 3.7.c_s_bb 
(2, 20, 27), [2, 0, 3], 3.7.c_u_bb 
(3, -6, -47), [3, 2, 1], 3.7.d_ag_abv 
(3, -6, -45), [3, 2, 3], 3.7.d_ag_abt 
(3, -6, -44), [3, 2, 0], 3.7.d_ag_abs 
(3, -6, -41), [3, 2, 3], 3.7.d_ag_abp 
(3, -6, -40), [3, 2, 0], 3.7.d_ag_abo 
(3, -6, -37), [3, 2, 3], 3.7.d_ag_abl 
(3, -5, -43), [3, 3, 1], 3.7.d_af_abr 
(3, -5, -40), [3, 3, 0], 3.7.d_af_abo 
(3, -5, -37), [3, 3, 3], 3.7.d_af_abl 
(3, -5, -32), [3, 3, 0], 3.7.d_af_abg 
(3, -4, -41), [3, 0, 3], 3.7.d_ae_abp 
(3, -4, -40), [3, 0, 0], 3.7.d_ae_abo 
(3, -4, -39), [3, 0, 1], 3.7.d_ae_abn 
(3, -4, -37), [3, 0, 3], 3.7.d_ae_abl 
(3, -4, -36), [3, 0, 0], 3.7.d_ae_abk 
(3, -4, -31), [3, 0, 1], 3.7.d_ae_abf 
(3, -4, -29), [3, 0, 3], 3.7.d_ae_abd 
(3, -4, -27), [3, 0, 1], 3.7.d_ae_abb 
(3, -3, -37), [3, 1, 3], 3.7.d_ad_abl 
(3, -3, -24), [3, 1, 0], 3.7.d_ad_ay 
(3, -2, -33), [3, 2, 3], 3.7.d_ac_abh 
(3, -2, -31), [3, 2, 1], 3.7.d_ac_abf 
(3, -2, -29), [3, 2, 3], 3.7.d_ac_abd 
(3, -2, -25), [3, 2, 3], 3.7.d_ac_az 
(3, -2, -19), [3, 2, 1], 3.7.d_ac_at 
(3, -2, -17), [3, 2, 3], 3.7.d_ac_ar 
(3, -2, -16), [3, 2, 0], 3.7.d_ac_aq 
(3, 0, -25), [3, 0, 3], 3.7.d_a_az 
(3, 0, -23), [3, 0, 1], 3.7.d_a_ax 
(3, 0, -19), [3, 0, 1], 3.7.d_a_at 
(3, 0, -17), [3, 0, 3], 3.7.d_a_ar 
(3, 0, -15), [3, 0, 1], 3.7.d_a_ap 
(3, 0, -11), [3, 0, 1], 3.7.d_a_al 
(3, 0, -9), [3, 0, 3], 3.7.d_a_aj 
(3, 0, -5), [3, 0, 3], 3.7.d_a_af 
(3, 2, -17), [3, 2, 3], 3.7.d_c_ar 
(3, 2, -13), [3, 2, 3], 3.7.d_c_an 
(3, 2, -12), [3, 2, 0], 3.7.d_c_am 
(3, 2, -11), [3, 2, 1], 3.7.d_c_al 
(3, 2, -9), [3, 2, 3], 3.7.d_c_aj 
(3, 2, -5), [3, 2, 3], 3.7.d_c_af 
(3, 2, -1), [3, 2, 3], 3.7.d_c_ab 
(3, 2, 1), [3, 2, 1], 3.7.d_c_b 
(3, 2, 3), [3, 2, 3], 3.7.d_c_d 
(3, 2, 5), [3, 2, 1], 3.7.d_c_f 
(3, 4, -11), [3, 0, 1], 3.7.d_e_al 
(3, 4, -5), [3, 0, 3], 3.7.d_e_af 
(3, 4, -3), [3, 0, 1], 3.7.d_e_ad 
(3, 4, -1), [3, 0, 3], 3.7.d_e_ab 
(3, 4, 1), [3, 0, 1], 3.7.d_e_b 
(3, 4, 3), [3, 0, 3], 3.7.d_e_d 
(3, 4, 5), [3, 0, 1], 3.7.d_e_f 
(3, 4, 9), [3, 0, 1], 3.7.d_e_j 
(3, 4, 11), [3, 0, 3], 3.7.d_e_l 
(3, 4, 12), [3, 0, 0], 3.7.d_e_m 
(3, 4, 13), [3, 0, 1], 3.7.d_e_n 
(3, 4, 15), [3, 0, 3], 3.7.d_e_p 
(3, 6, -1), [3, 2, 3], 3.7.d_g_ab 
(3, 6, 1), [3, 2, 1], 3.7.d_g_b 
(3, 6, 3), [3, 2, 3], 3.7.d_g_d 
(3, 6, 5), [3, 2, 1], 3.7.d_g_f 
(3, 6, 9), [3, 2, 1], 3.7.d_g_j 
(3, 6, 11), [3, 2, 3], 3.7.d_g_l 
(3, 6, 13), [3, 2, 1], 3.7.d_g_n 
(3, 6, 15), [3, 2, 3], 3.7.d_g_p 
(3, 6, 19), [3, 2, 3], 3.7.d_g_t 
(3, 6, 23), [3, 2, 3], 3.7.d_g_x 
(3, 7, 1), [3, 3, 1], 3.7.d_h_b 
(3, 8, 5), [3, 0, 1], 3.7.d_i_f 
(3, 8, 9), [3, 0, 1], 3.7.d_i_j 
(3, 8, 11), [3, 0, 3], 3.7.d_i_l 
(3, 8, 13), [3, 0, 1], 3.7.d_i_n 
(3, 8, 15), [3, 0, 3], 3.7.d_i_p 
(3, 8, 17), [3, 0, 1], 3.7.d_i_r 
(3, 8, 19), [3, 0, 3], 3.7.d_i_t 
(3, 8, 23), [3, 0, 3], 3.7.d_i_x 
(3, 8, 25), [3, 0, 1], 3.7.d_i_z 
(3, 8, 29), [3, 0, 1], 3.7.d_i_bd 
(3, 8, 31), [3, 0, 3], 3.7.d_i_bf 
(3, 8, 33), [3, 0, 1], 3.7.d_i_bh 
(3, 8, 37), [3, 0, 1], 3.7.d_i_bl 
(3, 9, 12), [3, 1, 0], 3.7.d_j_m 
(3, 10, 11), [3, 2, 3], 3.7.d_k_l 
(3, 10, 13), [3, 2, 1], 3.7.d_k_n 
(3, 10, 15), [3, 2, 3], 3.7.d_k_p 
(3, 10, 17), [3, 2, 1], 3.7.d_k_r 
(3, 10, 19), [3, 2, 3], 3.7.d_k_t 
(3, 10, 23), [3, 2, 3], 3.7.d_k_x 
(3, 10, 25), [3, 2, 1], 3.7.d_k_z 
(3, 10, 27), [3, 2, 3], 3.7.d_k_bb 
(3, 10, 31), [3, 2, 3], 3.7.d_k_bf 
(3, 10, 33), [3, 2, 1], 3.7.d_k_bh 
(3, 10, 39), [3, 2, 3], 3.7.d_k_bn 
(3, 10, 41), [3, 2, 1], 3.7.d_k_bp 
(3, 10, 43), [3, 2, 3], 3.7.d_k_br 
(3, 10, 45), [3, 2, 1], 3.7.d_k_bt 
(3, 10, 47), [3, 2, 3], 3.7.d_k_bv 
(3, 12, 17), [3, 0, 1], 3.7.d_m_r 
(3, 12, 19), [3, 0, 3], 3.7.d_m_t 
(3, 12, 23), [3, 0, 3], 3.7.d_m_x 
(3, 12, 25), [3, 0, 1], 3.7.d_m_z 
(3, 12, 27), [3, 0, 3], 3.7.d_m_bb 
(3, 12, 29), [3, 0, 1], 3.7.d_m_bd 
(3, 12, 33), [3, 0, 1], 3.7.d_m_bh 
(3, 12, 37), [3, 0, 1], 3.7.d_m_bl 
(3, 12, 39), [3, 0, 3], 3.7.d_m_bn 
(3, 12, 41), [3, 0, 1], 3.7.d_m_bp 
(3, 12, 43), [3, 0, 3], 3.7.d_m_br 
(3, 12, 45), [3, 0, 1], 3.7.d_m_bt 
(3, 12, 46), [3, 0, 2], 3.7.d_m_bu 
(3, 14, 23), [3, 2, 3], 3.7.d_o_x 
(3, 14, 25), [3, 2, 1], 3.7.d_o_z 
(3, 14, 27), [3, 2, 3], 3.7.d_o_bb 
(3, 14, 29), [3, 2, 1], 3.7.d_o_bd 
(3, 14, 31), [3, 2, 3], 3.7.d_o_bf 
(3, 14, 37), [3, 2, 1], 3.7.d_o_bl 
(3, 14, 39), [3, 2, 3], 3.7.d_o_bn 
(3, 14, 41), [3, 2, 1], 3.7.d_o_bp 
(3, 14, 43), [3, 2, 3], 3.7.d_o_br 
(3, 16, 29), [3, 0, 1], 3.7.d_q_bd 
(3, 16, 31), [3, 0, 3], 3.7.d_q_bf 
(3, 16, 33), [3, 0, 1], 3.7.d_q_bh 
(3, 16, 37), [3, 0, 1], 3.7.d_q_bl 
(3, 16, 39), [3, 0, 3], 3.7.d_q_bn 
(3, 16, 41), [3, 0, 1], 3.7.d_q_bp 
(3, 17, 32), [3, 1, 0], 3.7.d_r_bg 
(3, 18, 39), [3, 2, 3], 3.7.d_s_bn 
(3, 20, 37), [3, 0, 1], 3.7.d_u_bl 
(3, 20, 41), [3, 0, 1], 3.7.d_u_bp 
(4, -6, -55), [0, 2, 1], 3.7.e_ag_acd 
(4, -6, -53), [0, 2, 3], 3.7.e_ag_acb 
(4, -6, -51), [0, 2, 1], 3.7.e_ag_abz 
(4, -5, -50), [0, 3, 2], 3.7.e_af_aby 
(4, -5, -46), [0, 3, 2], 3.7.e_af_abu 
(4, -4, -46), [0, 0, 2], 3.7.e_ae_abu 
(4, -4, -45), [0, 0, 3], 3.7.e_ae_abt 
(4, -4, -43), [0, 0, 1], 3.7.e_ae_abr 
(4, -4, -41), [0, 0, 3], 3.7.e_ae_abp 
(4, -3, -41), [0, 1, 3], 3.7.e_ad_abp 
(4, -3, -38), [0, 1, 2], 3.7.e_ad_abm 
(4, -3, -37), [0, 1, 3], 3.7.e_ad_abl 
(4, -2, -37), [0, 2, 3], 3.7.e_ac_abl 
(4, -2, -33), [0, 2, 3], 3.7.e_ac_abh 
(4, -2, -31), [0, 2, 1], 3.7.e_ac_abf 
(4, -1, -33), [0, 3, 3], 3.7.e_ab_abh 
(4, -1, -30), [0, 3, 2], 3.7.e_ab_abe 
(4, -1, -27), [0, 3, 1], 3.7.e_ab_abb 
(4, -1, -25), [0, 3, 3], 3.7.e_ab_az 
(4, 0, -27), [0, 0, 1], 3.7.e_a_abb 
(4, 0, -25), [0, 0, 3], 3.7.e_a_az 
(4, 0, -23), [0, 0, 1], 3.7.e_a_ax 
(4, 0, -19), [0, 0, 1], 3.7.e_a_at 
(4, 1, -22), [0, 1, 2], 3.7.e_b_aw 
(4, 2, -19), [0, 2, 1], 3.7.e_c_at 
(4, 2, -17), [0, 2, 3], 3.7.e_c_ar 
(4, 2, -15), [0, 2, 1], 3.7.e_c_ap 
(4, 2, -13), [0, 2, 3], 3.7.e_c_an 
(4, 2, -11), [0, 2, 1], 3.7.e_c_al 
(4, 2, -9), [0, 2, 3], 3.7.e_c_aj 
(4, 3, -5), [0, 3, 3], 3.7.e_d_af 
(4, 4, -11), [0, 0, 1], 3.7.e_e_al 
(4, 4, -9), [0, 0, 3], 3.7.e_e_aj 
(4, 4, -5), [0, 0, 3], 3.7.e_e_af 
(4, 4, -3), [0, 0, 1], 3.7.e_e_ad 
(4, 4, -1), [0, 0, 3], 3.7.e_e_ab 
(4, 4, 1), [0, 0, 1], 3.7.e_e_b 
(4, 6, -3), [0, 2, 1], 3.7.e_g_ad 
(4, 6, -1), [0, 2, 3], 3.7.e_g_ab 
(4, 6, 1), [0, 2, 1], 3.7.e_g_b 
(4, 6, 3), [0, 2, 3], 3.7.e_g_d 
(4, 6, 5), [0, 2, 1], 3.7.e_g_f 
(4, 6, 9), [0, 2, 1], 3.7.e_g_j 
(4, 6, 11), [0, 2, 3], 3.7.e_g_l 
(4, 7, 1), [0, 3, 1], 3.7.e_h_b 
(4, 7, 17), [0, 3, 1], 3.7.e_h_r 
(4, 8, 5), [0, 0, 1], 3.7.e_i_f 
(4, 8, 9), [0, 0, 1], 3.7.e_i_j 
(4, 8, 11), [0, 0, 3], 3.7.e_i_l 
(4, 8, 13), [0, 0, 1], 3.7.e_i_n 
(4, 8, 15), [0, 0, 3], 3.7.e_i_p 
(4, 8, 17), [0, 0, 1], 3.7.e_i_r 
(4, 8, 19), [0, 0, 3], 3.7.e_i_t 
(4, 8, 23), [0, 0, 3], 3.7.e_i_x 
(4, 10, 13), [0, 2, 1], 3.7.e_k_n 
(4, 10, 15), [0, 2, 3], 3.7.e_k_p 
(4, 10, 17), [0, 2, 1], 3.7.e_k_r 
(4, 10, 19), [0, 2, 3], 3.7.e_k_t 
(4, 10, 23), [0, 2, 3], 3.7.e_k_x 
(4, 10, 25), [0, 2, 1], 3.7.e_k_z 
(4, 10, 27), [0, 2, 3], 3.7.e_k_bb 
(4, 10, 29), [0, 2, 1], 3.7.e_k_bd 
(4, 10, 31), [0, 2, 3], 3.7.e_k_bf 
(4, 10, 33), [0, 2, 1], 3.7.e_k_bh 
(4, 12, 19), [0, 0, 3], 3.7.e_m_t 
(4, 12, 23), [0, 0, 3], 3.7.e_m_x 
(4, 12, 25), [0, 0, 1], 3.7.e_m_z 
(4, 12, 27), [0, 0, 3], 3.7.e_m_bb 
(4, 12, 29), [0, 0, 1], 3.7.e_m_bd 
(4, 12, 31), [0, 0, 3], 3.7.e_m_bf 
(4, 12, 33), [0, 0, 1], 3.7.e_m_bh 
(4, 12, 37), [0, 0, 1], 3.7.e_m_bl 
(4, 12, 39), [0, 0, 3], 3.7.e_m_bn 
(4, 12, 41), [0, 0, 1], 3.7.e_m_bp 
(4, 12, 43), [0, 0, 3], 3.7.e_m_br 
(4, 13, 47), [0, 1, 3], 3.7.e_n_bv 
(4, 14, 27), [0, 2, 3], 3.7.e_o_bb 
(4, 14, 29), [0, 2, 1], 3.7.e_o_bd 
(4, 14, 31), [0, 2, 3], 3.7.e_o_bf 
(4, 14, 33), [0, 2, 1], 3.7.e_o_bh 
(4, 14, 37), [0, 2, 1], 3.7.e_o_bl 
(4, 14, 39), [0, 2, 3], 3.7.e_o_bn 
(4, 14, 41), [0, 2, 1], 3.7.e_o_bp 
(4, 14, 43), [0, 2, 3], 3.7.e_o_br 
(4, 14, 45), [0, 2, 1], 3.7.e_o_bt 
(4, 14, 47), [0, 2, 3], 3.7.e_o_bv 
(4, 14, 51), [0, 2, 3], 3.7.e_o_bz 
(4, 14, 53), [0, 2, 1], 3.7.e_o_cb 
(4, 14, 55), [0, 2, 3], 3.7.e_o_cd 
(4, 16, 33), [0, 0, 1], 3.7.e_q_bh 
(4, 16, 37), [0, 0, 1], 3.7.e_q_bl 
(4, 16, 39), [0, 0, 3], 3.7.e_q_bn 
(4, 16, 41), [0, 0, 1], 3.7.e_q_bp 
(4, 16, 43), [0, 0, 3], 3.7.e_q_br 
(4, 16, 45), [0, 0, 1], 3.7.e_q_bt 
(4, 16, 47), [0, 0, 3], 3.7.e_q_bv 
(4, 16, 51), [0, 0, 3], 3.7.e_q_bz 
(4, 16, 53), [0, 0, 1], 3.7.e_q_cb 
(4, 16, 55), [0, 0, 3], 3.7.e_q_cd 
(4, 16, 57), [0, 0, 1], 3.7.e_q_cf 
(4, 17, 53), [0, 1, 1], 3.7.e_r_cb 
(4, 18, 39), [0, 2, 3], 3.7.e_s_bn 
(4, 18, 41), [0, 2, 1], 3.7.e_s_bp 
(4, 18, 43), [0, 2, 3], 3.7.e_s_br 
(4, 18, 45), [0, 2, 1], 3.7.e_s_bt 
(4, 18, 47), [0, 2, 3], 3.7.e_s_bv 
(4, 18, 51), [0, 2, 3], 3.7.e_s_bz 
(4, 18, 53), [0, 2, 1], 3.7.e_s_cb 
(4, 18, 55), [0, 2, 3], 3.7.e_s_cd 
(4, 20, 45), [0, 0, 1], 3.7.e_u_bt 
(4, 20, 47), [0, 0, 3], 3.7.e_u_bv 
(4, 20, 51), [0, 0, 3], 3.7.e_u_bz 
(4, 20, 53), [0, 0, 1], 3.7.e_u_cb 
(4, 20, 54), [0, 0, 2], 3.7.e_u_cc 
(4, 20, 55), [0, 0, 3], 3.7.e_u_cd 
(4, 22, 51), [0, 2, 3], 3.7.e_w_bz 
(4, 22, 53), [0, 2, 1], 3.7.e_w_cb 
(4, 22, 55), [0, 2, 3], 3.7.e_w_cd 
(4, 23, 54), [0, 3, 2], 3.7.e_x_cc 
(4, 24, 55), [0, 0, 3], 3.7.e_y_cd 
(5, -2, -44), [1, 2, 0], 3.7.f_ac_abs 
(5, -1, -39), [1, 3, 1], 3.7.f_ab_abn 
(5, 0, -33), [1, 0, 3], 3.7.f_a_abh 
(5, 2, -24), [1, 2, 0], 3.7.f_c_ay 
(5, 2, -23), [1, 2, 1], 3.7.f_c_ax 
(5, 3, -19), [1, 3, 1], 3.7.f_d_at 
(5, 4, -13), [1, 0, 3], 3.7.f_e_an 
(5, 4, -12), [1, 0, 0], 3.7.f_e_am 
(5, 5, -12), [1, 1, 0], 3.7.f_f_am 
(5, 5, -8), [1, 1, 0], 3.7.f_f_ai 
(5, 6, -4), [1, 2, 0], 3.7.f_g_ae 
(5, 6, -3), [1, 2, 1], 3.7.f_g_ad 
(5, 7, 4), [1, 3, 0], 3.7.f_h_e 
(5, 8, 3), [1, 0, 3], 3.7.f_i_d 
(5, 8, 8), [1, 0, 0], 3.7.f_i_i 
(5, 8, 9), [1, 0, 1], 3.7.f_i_j 
(5, 10, 11), [1, 2, 3], 3.7.f_k_l 
(5, 10, 13), [1, 2, 1], 3.7.f_k_n 
(5, 10, 17), [1, 2, 1], 3.7.f_k_r 
(5, 12, 19), [1, 0, 3], 3.7.f_m_t 
(5, 12, 23), [1, 0, 3], 3.7.f_m_x 
(5, 12, 27), [1, 0, 3], 3.7.f_m_bb 
(5, 12, 29), [1, 0, 1], 3.7.f_m_bd 
(5, 13, 34), [1, 1, 2], 3.7.f_n_bi 
(5, 14, 27), [1, 2, 3], 3.7.f_o_bb 
(5, 14, 29), [1, 2, 1], 3.7.f_o_bd 
(5, 14, 33), [1, 2, 1], 3.7.f_o_bh 
(5, 14, 37), [1, 2, 1], 3.7.f_o_bl 
(5, 14, 39), [1, 2, 3], 3.7.f_o_bn 
(5, 14, 41), [1, 2, 1], 3.7.f_o_bp 
(5, 16, 39), [1, 0, 3], 3.7.f_q_bn 
(5, 16, 41), [1, 0, 1], 3.7.f_q_bp 
(5, 16, 43), [1, 0, 3], 3.7.f_q_br 
(5, 16, 47), [1, 0, 3], 3.7.f_q_bv 
(5, 16, 51), [1, 0, 3], 3.7.f_q_bz 
(5, 18, 45), [1, 2, 1], 3.7.f_s_bt 
(5, 18, 47), [1, 2, 3], 3.7.f_s_bv 
(5, 18, 51), [1, 2, 3], 3.7.f_s_bz 
(5, 18, 53), [1, 2, 1], 3.7.f_s_cb 
(5, 18, 57), [1, 2, 1], 3.7.f_s_cf 
(5, 18, 59), [1, 2, 3], 3.7.f_s_ch 
(5, 18, 61), [1, 2, 1], 3.7.f_s_cj 
(5, 20, 51), [1, 0, 3], 3.7.f_u_bz 
(5, 20, 53), [1, 0, 1], 3.7.f_u_cb 
(5, 20, 55), [1, 0, 3], 3.7.f_u_cd 
(5, 20, 57), [1, 0, 1], 3.7.f_u_cf 
(5, 20, 59), [1, 0, 3], 3.7.f_u_ch 
(5, 20, 61), [1, 0, 1], 3.7.f_u_cj 
(5, 20, 67), [1, 0, 3], 3.7.f_u_cp 
(5, 20, 69), [1, 0, 1], 3.7.f_u_cr 
(5, 22, 57), [1, 2, 1], 3.7.f_w_cf 
(5, 22, 59), [1, 2, 3], 3.7.f_w_ch 
(5, 22, 61), [1, 2, 1], 3.7.f_w_cj 
(5, 22, 65), [1, 2, 1], 3.7.f_w_cn 
(5, 22, 68), [1, 2, 0], 3.7.f_w_cq 
(5, 22, 69), [1, 2, 1], 3.7.f_w_cr 
(5, 24, 65), [1, 0, 1], 3.7.f_y_cn 
(5, 24, 67), [1, 0, 3], 3.7.f_y_cp 
(5, 25, 67), [1, 1, 3], 3.7.f_z_cp 
(5, 26, 69), [1, 2, 1], 3.7.f_ba_cr 
(6, 7, -10), [2, 3, 2], 3.7.g_h_ak 
(6, 8, -5), [2, 0, 3], 3.7.g_i_af 
(6, 10, 5), [2, 2, 1], 3.7.g_k_f 
(6, 11, 11), [2, 3, 3], 3.7.g_l_l 
(6, 12, 13), [2, 0, 1], 3.7.g_m_n 
(6, 12, 15), [2, 0, 3], 3.7.g_m_p 
(6, 14, 23), [2, 2, 3], 3.7.g_o_x 
(6, 14, 25), [2, 2, 1], 3.7.g_o_z 
(6, 14, 27), [2, 2, 3], 3.7.g_o_bb 
(6, 16, 33), [2, 0, 1], 3.7.g_q_bh 
(6, 16, 37), [2, 0, 1], 3.7.g_q_bl 
(6, 17, 41), [2, 1, 1], 3.7.g_r_bp 
(6, 18, 41), [2, 2, 1], 3.7.g_s_bp 
(6, 18, 43), [2, 2, 3], 3.7.g_s_br 
(6, 18, 45), [2, 2, 1], 3.7.g_s_bt 
(6, 18, 47), [2, 2, 3], 3.7.g_s_bv 
(6, 19, 45), [2, 3, 1], 3.7.g_t_bt 
(6, 19, 47), [2, 3, 3], 3.7.g_t_bv 
(6, 20, 51), [2, 0, 3], 3.7.g_u_bz 
(6, 20, 53), [2, 0, 1], 3.7.g_u_cb 
(6, 20, 55), [2, 0, 3], 3.7.g_u_cd 
(6, 20, 57), [2, 0, 1], 3.7.g_u_cf 
(6, 22, 57), [2, 2, 1], 3.7.g_w_cf 
(6, 22, 59), [2, 2, 3], 3.7.g_w_ch 
(6, 22, 61), [2, 2, 1], 3.7.g_w_cj 
(6, 22, 62), [2, 2, 2], 3.7.g_w_ck 
(6, 22, 65), [2, 2, 1], 3.7.g_w_cn 
(6, 22, 67), [2, 2, 3], 3.7.g_w_cp 
(6, 22, 69), [2, 2, 1], 3.7.g_w_cr 
(6, 24, 65), [2, 0, 1], 3.7.g_y_cn 
(6, 24, 67), [2, 0, 3], 3.7.g_y_cp 
(6, 24, 69), [2, 0, 1], 3.7.g_y_cr 
(6, 24, 71), [2, 0, 3], 3.7.g_y_ct 
(6, 24, 73), [2, 0, 1], 3.7.g_y_cv 
(6, 24, 75), [2, 0, 3], 3.7.g_y_cx 
(6, 24, 79), [2, 0, 3], 3.7.g_y_db 
(6, 24, 80), [2, 0, 0], 3.7.g_y_dc 
(6, 26, 71), [2, 2, 3], 3.7.g_ba_ct 
(6, 26, 73), [2, 2, 1], 3.7.g_ba_cv 
(6, 26, 75), [2, 2, 3], 3.7.g_ba_cx 
(6, 26, 79), [2, 2, 3], 3.7.g_ba_db 
(6, 26, 81), [2, 2, 1], 3.7.g_ba_dd 
(6, 26, 83), [2, 2, 3], 3.7.g_ba_df 
(6, 26, 85), [2, 2, 1], 3.7.g_ba_dh 
(6, 27, 81), [2, 3, 1], 3.7.g_bb_dd 
(6, 28, 79), [2, 0, 3], 3.7.g_bc_db 
(6, 28, 81), [2, 0, 1], 3.7.g_bc_dd 
(6, 28, 83), [2, 0, 3], 3.7.g_bc_df 
(6, 28, 85), [2, 0, 1], 3.7.g_bc_dh 
(6, 30, 85), [2, 2, 1], 3.7.g_be_dh 
(6, 30, 87), [2, 2, 3], 3.7.g_be_dj 
(7, 20, 44), [3, 0, 0], 3.7.h_u_bs 
(7, 22, 55), [3, 2, 3], 3.7.h_w_cd 
(7, 24, 61), [3, 0, 1], 3.7.h_y_cj 
(7, 24, 65), [3, 0, 1], 3.7.h_y_cn 
(7, 24, 66), [3, 0, 2], 3.7.h_y_co 
(7, 26, 71), [3, 2, 3], 3.7.h_ba_ct 
(7, 26, 75), [3, 2, 3], 3.7.h_ba_cx 
(7, 28, 79), [3, 0, 3], 3.7.h_bc_db 
(7, 28, 81), [3, 0, 1], 3.7.h_bc_dd 
(7, 28, 82), [3, 0, 2], 3.7.h_bc_de 
(7, 28, 85), [3, 0, 1], 3.7.h_bc_dh 
(7, 28, 86), [3, 0, 2], 3.7.h_bc_di 
(7, 28, 87), [3, 0, 3], 3.7.h_bc_dj 
(7, 29, 92), [3, 1, 0], 3.7.h_bd_do 
(7, 30, 87), [3, 2, 3], 3.7.h_be_dj 
(7, 30, 95), [3, 2, 3], 3.7.h_be_dr 
(7, 30, 97), [3, 2, 1], 3.7.h_be_dt 
(7, 31, 95), [3, 3, 3], 3.7.h_bf_dr 
(7, 31, 97), [3, 3, 1], 3.7.h_bf_dt 
(7, 31, 101), [3, 3, 1], 3.7.h_bf_dx 
(7, 32, 97), [3, 0, 1], 3.7.h_bg_dt 
(7, 32, 99), [3, 0, 3], 3.7.h_bg_dv 
(7, 32, 101), [3, 0, 1], 3.7.h_bg_dx 
(7, 34, 103), [3, 2, 3], 3.7.h_bi_dz 
(8, 28, 73), [0, 0, 1], 3.7.i_bc_cv 
(8, 30, 83), [0, 2, 3], 3.7.i_be_df 
(8, 31, 89), [0, 3, 1], 3.7.i_bf_dl 
(8, 32, 93), [0, 0, 1], 3.7.i_bg_dp 
(8, 32, 94), [0, 0, 2], 3.7.i_bg_dq 
(8, 33, 99), [0, 1, 3], 3.7.i_bh_dv 
(8, 34, 101), [0, 2, 1], 3.7.i_bi_dx 
(8, 34, 103), [0, 2, 3], 3.7.i_bi_dz 
(8, 35, 108), [0, 3, 0], 3.7.i_bj_ee 
(8, 35, 110), [0, 3, 2], 3.7.i_bj_eg 
(8, 36, 109), [0, 0, 1], 3.7.i_bk_ef 
(8, 36, 110), [0, 0, 2], 3.7.i_bk_eg 
(8, 36, 111), [0, 0, 3], 3.7.i_bk_eh 
(8, 36, 113), [0, 0, 1], 3.7.i_bk_ej 
(8, 36, 114), [0, 0, 2], 3.7.i_bk_ek 
(8, 36, 115), [0, 0, 3], 3.7.i_bk_el 
(8, 38, 117), [0, 2, 1], 3.7.i_bm_en 
(8, 38, 121), [0, 2, 1], 3.7.i_bm_er 
(8, 39, 122), [0, 3, 2], 3.7.i_bn_es 
(8, 40, 125), [0, 0, 1], 3.7.i_bo_ev 
(9, 39, 117), [1, 3, 1], 3.7.j_bn_en 
(9, 41, 125), [1, 1, 1], 3.7.j_bp_ev 
(9, 41, 127), [1, 1, 3], 3.7.j_bp_ex 
(9, 42, 132), [1, 2, 0], 3.7.j_bq_fc 
(9, 43, 135), [1, 3, 3], 3.7.j_br_ff 
(9, 43, 137), [1, 3, 1], 3.7.j_br_fh 
(9, 44, 139), [1, 0, 3], 3.7.j_bs_fj 
(9, 44, 142), [1, 0, 2], 3.7.j_bs_fm 
(9, 44, 143), [1, 0, 3], 3.7.j_bs_fn 
(9, 45, 143), [1, 1, 3], 3.7.j_bt_fn 
(9, 45, 145), [1, 1, 1], 3.7.j_bt_fp 
(10, 48, 151), [2, 0, 3], 3.7.k_bw_fv 
(10, 51, 166), [2, 3, 2], 3.7.k_bz_gk 
(10, 52, 169), [2, 0, 1], 3.7.k_ca_gn 
(11, 59, 195), [3, 3, 3], 3.7.l_ch_hn 
