(-9, 39, -121), [3, 3, 3], 3.8.aj_bn_aer 
(-9, 41, -133), [3, 1, 3], 3.8.aj_bp_afd 
(-9, 43, -143), [3, 3, 1], 3.8.aj_br_afn 
(-9, 43, -141), [3, 3, 3], 3.8.aj_br_afl 
(-9, 45, -151), [3, 1, 1], 3.8.aj_bt_afv 
(-8, 28, -75), [0, 0, 1], 3.8.ai_bc_acx 
(-8, 30, -85), [0, 2, 3], 3.8.ai_be_adh 
(-8, 32, -97), [0, 0, 3], 3.8.ai_bg_adt 
(-8, 32, -95), [0, 0, 1], 3.8.ai_bg_adr 
(-8, 34, -107), [0, 2, 1], 3.8.ai_bi_aed 
(-8, 34, -105), [0, 2, 3], 3.8.ai_bi_aeb 
(-8, 36, -117), [0, 0, 3], 3.8.ai_bk_aen 
(-8, 38, -131), [0, 2, 1], 3.8.ai_bm_afb 
(-8, 38, -127), [0, 2, 1], 3.8.ai_bm_aex 
(-8, 38, -121), [0, 2, 3], 3.8.ai_bm_aer 
(-8, 40, -135), [0, 0, 1], 3.8.ai_bo_aff 
(-7, 17, -29), [1, 1, 3], 3.8.ah_r_abd 
(-7, 19, -39), [1, 3, 1], 3.8.ah_t_abn 
(-7, 21, -51), [1, 1, 1], 3.8.ah_v_abz 
(-7, 21, -49), [1, 1, 3], 3.8.ah_v_abx 
(-7, 23, -61), [1, 3, 3], 3.8.ah_x_acj 
(-7, 23, -59), [1, 3, 1], 3.8.ah_x_ach 
(-7, 25, -73), [1, 1, 3], 3.8.ah_z_acv 
(-7, 25, -71), [1, 1, 1], 3.8.ah_z_act 
(-7, 25, -69), [1, 1, 3], 3.8.ah_z_acr 
(-7, 27, -83), [1, 3, 1], 3.8.ah_bb_adf 
(-7, 27, -81), [1, 3, 3], 3.8.ah_bb_add 
(-7, 27, -79), [1, 3, 1], 3.8.ah_bb_adb 
(-7, 27, -75), [1, 3, 1], 3.8.ah_bb_acx 
(-7, 29, -97), [1, 1, 3], 3.8.ah_bd_adt 
(-7, 29, -95), [1, 1, 1], 3.8.ah_bd_adr 
(-7, 29, -93), [1, 1, 3], 3.8.ah_bd_adp 
(-7, 29, -89), [1, 1, 3], 3.8.ah_bd_adl 
(-7, 29, -85), [1, 1, 3], 3.8.ah_bd_adh 
(-7, 31, -107), [1, 3, 1], 3.8.ah_bf_aed 
(-7, 31, -105), [1, 3, 3], 3.8.ah_bf_aeb 
(-7, 31, -103), [1, 3, 1], 3.8.ah_bf_adz 
(-7, 31, -101), [1, 3, 3], 3.8.ah_bf_adx 
(-7, 31, -99), [1, 3, 1], 3.8.ah_bf_adv 
(-7, 31, -93), [1, 3, 3], 3.8.ah_bf_adp 
(-7, 33, -113), [1, 1, 3], 3.8.ah_bh_aej 
(-7, 33, -111), [1, 1, 1], 3.8.ah_bh_aeh 
(-7, 33, -109), [1, 1, 3], 3.8.ah_bh_aef 
(-7, 33, -105), [1, 1, 3], 3.8.ah_bh_aeb 
(-7, 33, -101), [1, 1, 3], 3.8.ah_bh_adx 
(-7, 35, -115), [1, 3, 1], 3.8.ah_bj_ael 
(-7, 35, -113), [1, 3, 3], 3.8.ah_bj_aej 
(-7, 35, -111), [1, 3, 1], 3.8.ah_bj_aeh 
(-7, 37, -117), [1, 1, 3], 3.8.ah_bl_aen 
(-6, 10, -5), [2, 2, 3], 3.8.ag_k_af 
(-6, 10, -3), [2, 2, 1], 3.8.ag_k_ad 
(-6, 12, -15), [2, 0, 1], 3.8.ag_m_ap 
(-6, 12, -13), [2, 0, 3], 3.8.ag_m_an 
(-6, 14, -27), [2, 2, 1], 3.8.ag_o_abb 
(-6, 14, -25), [2, 2, 3], 3.8.ag_o_az 
(-6, 14, -23), [2, 2, 1], 3.8.ag_o_ax 
(-6, 16, -37), [2, 0, 3], 3.8.ag_q_abl 
(-6, 16, -35), [2, 0, 1], 3.8.ag_q_abj 
(-6, 16, -33), [2, 0, 3], 3.8.ag_q_abh 
(-6, 18, -49), [2, 2, 3], 3.8.ag_s_abx 
(-6, 18, -47), [2, 2, 1], 3.8.ag_s_abv 
(-6, 18, -45), [2, 2, 3], 3.8.ag_s_abt 
(-6, 18, -43), [2, 2, 1], 3.8.ag_s_abr 
(-6, 18, -39), [2, 2, 1], 3.8.ag_s_abn 
(-6, 20, -61), [2, 0, 3], 3.8.ag_u_acj 
(-6, 20, -59), [2, 0, 1], 3.8.ag_u_ach 
(-6, 20, -55), [2, 0, 1], 3.8.ag_u_acd 
(-6, 20, -53), [2, 0, 3], 3.8.ag_u_acb 
(-6, 20, -49), [2, 0, 3], 3.8.ag_u_abx 
(-6, 22, -73), [2, 2, 3], 3.8.ag_w_acv 
(-6, 22, -71), [2, 2, 1], 3.8.ag_w_act 
(-6, 22, -69), [2, 2, 3], 3.8.ag_w_acr 
(-6, 22, -67), [2, 2, 1], 3.8.ag_w_acp 
(-6, 22, -59), [2, 2, 1], 3.8.ag_w_ach 
(-6, 22, -57), [2, 2, 3], 3.8.ag_w_acf 
(-6, 24, -83), [2, 0, 1], 3.8.ag_y_adf 
(-6, 24, -81), [2, 0, 3], 3.8.ag_y_add 
(-6, 24, -79), [2, 0, 1], 3.8.ag_y_adb 
(-6, 24, -77), [2, 0, 3], 3.8.ag_y_acz 
(-6, 24, -75), [2, 0, 1], 3.8.ag_y_acx 
(-6, 24, -73), [2, 0, 3], 3.8.ag_y_acv 
(-6, 24, -67), [2, 0, 1], 3.8.ag_y_acp 
(-6, 24, -65), [2, 0, 3], 3.8.ag_y_acn 
(-6, 26, -91), [2, 2, 1], 3.8.ag_ba_adn 
(-6, 26, -89), [2, 2, 3], 3.8.ag_ba_adl 
(-6, 26, -85), [2, 2, 3], 3.8.ag_ba_adh 
(-6, 26, -83), [2, 2, 1], 3.8.ag_ba_adf 
(-6, 26, -79), [2, 2, 1], 3.8.ag_ba_adb 
(-6, 26, -77), [2, 2, 3], 3.8.ag_ba_acz 
(-6, 26, -73), [2, 2, 3], 3.8.ag_ba_acv 
(-6, 28, -93), [2, 0, 3], 3.8.ag_bc_adp 
(-6, 28, -87), [2, 0, 1], 3.8.ag_bc_adj 
(-6, 30, -93), [2, 2, 3], 3.8.ag_be_adp 
(-6, 30, -91), [2, 2, 1], 3.8.ag_be_adn 
(-6, 30, -89), [2, 2, 3], 3.8.ag_be_adl 
(-6, 32, -97), [2, 0, 3], 3.8.ag_bg_adt 
(-6, 32, -95), [2, 0, 1], 3.8.ag_bg_adr 
(-5, -1, 41), [3, 3, 1], 3.8.af_ab_bp 
(-5, -1, 43), [3, 3, 3], 3.8.af_ab_br 
(-5, 1, 31), [3, 1, 3], 3.8.af_b_bf 
(-5, 1, 33), [3, 1, 1], 3.8.af_b_bh 
(-5, 3, 19), [3, 3, 3], 3.8.af_d_t 
(-5, 3, 21), [3, 3, 1], 3.8.af_d_v 
(-5, 5, 7), [3, 1, 3], 3.8.af_f_h 
(-5, 5, 9), [3, 1, 1], 3.8.af_f_j 
(-5, 5, 11), [3, 1, 3], 3.8.af_f_l 
(-5, 5, 13), [3, 1, 1], 3.8.af_f_n 
(-5, 7, -3), [3, 3, 1], 3.8.af_h_ad 
(-5, 7, 1), [3, 3, 1], 3.8.af_h_b 
(-5, 7, 3), [3, 3, 3], 3.8.af_h_d 
(-5, 9, -15), [3, 1, 1], 3.8.af_j_ap 
(-5, 9, -13), [3, 1, 3], 3.8.af_j_an 
(-5, 9, -11), [3, 1, 1], 3.8.af_j_al 
(-5, 9, -9), [3, 1, 3], 3.8.af_j_aj 
(-5, 9, -7), [3, 1, 1], 3.8.af_j_ah 
(-5, 11, -27), [3, 3, 1], 3.8.af_l_abb 
(-5, 11, -25), [3, 3, 3], 3.8.af_l_az 
(-5, 11, -21), [3, 3, 3], 3.8.af_l_av 
(-5, 11, -19), [3, 3, 1], 3.8.af_l_at 
(-5, 11, -17), [3, 3, 3], 3.8.af_l_ar 
(-5, 11, -13), [3, 3, 3], 3.8.af_l_an 
(-5, 13, -37), [3, 1, 3], 3.8.af_n_abl 
(-5, 13, -35), [3, 1, 1], 3.8.af_n_abj 
(-5, 13, -33), [3, 1, 3], 3.8.af_n_abh 
(-5, 13, -31), [3, 1, 1], 3.8.af_n_abf 
(-5, 13, -27), [3, 1, 1], 3.8.af_n_abb 
(-5, 13, -23), [3, 1, 1], 3.8.af_n_ax 
(-5, 13, -21), [3, 1, 3], 3.8.af_n_av 
(-5, 15, -49), [3, 3, 3], 3.8.af_p_abx 
(-5, 15, -47), [3, 3, 1], 3.8.af_p_abv 
(-5, 15, -45), [3, 3, 3], 3.8.af_p_abt 
(-5, 15, -43), [3, 3, 1], 3.8.af_p_abr 
(-5, 15, -41), [3, 3, 3], 3.8.af_p_abp 
(-5, 15, -39), [3, 3, 1], 3.8.af_p_abn 
(-5, 15, -37), [3, 3, 3], 3.8.af_p_abl 
(-5, 15, -33), [3, 3, 3], 3.8.af_p_abh 
(-5, 15, -31), [3, 3, 1], 3.8.af_p_abf 
(-5, 15, -29), [3, 3, 3], 3.8.af_p_abd 
(-5, 17, -61), [3, 1, 3], 3.8.af_r_acj 
(-5, 17, -59), [3, 1, 1], 3.8.af_r_ach 
(-5, 17, -57), [3, 1, 3], 3.8.af_r_acf 
(-5, 17, -55), [3, 1, 1], 3.8.af_r_acd 
(-5, 17, -53), [3, 1, 3], 3.8.af_r_acb 
(-5, 17, -51), [3, 1, 1], 3.8.af_r_abz 
(-5, 17, -49), [3, 1, 3], 3.8.af_r_abx 
(-5, 17, -47), [3, 1, 1], 3.8.af_r_abv 
(-5, 17, -43), [3, 1, 1], 3.8.af_r_abr 
(-5, 17, -39), [3, 1, 1], 3.8.af_r_abn 
(-5, 17, -37), [3, 1, 3], 3.8.af_r_abl 
(-5, 19, -69), [3, 3, 3], 3.8.af_t_acr 
(-5, 19, -67), [3, 3, 1], 3.8.af_t_acp 
(-5, 19, -65), [3, 3, 3], 3.8.af_t_acn 
(-5, 19, -63), [3, 3, 1], 3.8.af_t_acl 
(-5, 19, -61), [3, 3, 3], 3.8.af_t_acj 
(-5, 19, -59), [3, 3, 1], 3.8.af_t_ach 
(-5, 19, -57), [3, 3, 3], 3.8.af_t_acf 
(-5, 19, -53), [3, 3, 3], 3.8.af_t_acb 
(-5, 19, -51), [3, 3, 1], 3.8.af_t_abz 
(-5, 19, -49), [3, 3, 3], 3.8.af_t_abx 
(-5, 19, -45), [3, 3, 3], 3.8.af_t_abt 
(-5, 21, -79), [3, 1, 1], 3.8.af_v_adb 
(-5, 21, -75), [3, 1, 1], 3.8.af_v_acx 
(-5, 21, -71), [3, 1, 1], 3.8.af_v_act 
(-5, 21, -69), [3, 1, 3], 3.8.af_v_acr 
(-5, 21, -67), [3, 1, 1], 3.8.af_v_acp 
(-5, 21, -63), [3, 1, 1], 3.8.af_v_acl 
(-5, 21, -61), [3, 1, 3], 3.8.af_v_acj 
(-5, 21, -59), [3, 1, 1], 3.8.af_v_ach 
(-5, 21, -57), [3, 1, 3], 3.8.af_v_acf 
(-5, 21, -55), [3, 1, 1], 3.8.af_v_acd 
(-5, 23, -79), [3, 3, 1], 3.8.af_x_adb 
(-5, 23, -77), [3, 3, 3], 3.8.af_x_acz 
(-5, 23, -73), [3, 3, 3], 3.8.af_x_acv 
(-5, 23, -71), [3, 3, 1], 3.8.af_x_act 
(-5, 23, -69), [3, 3, 3], 3.8.af_x_acr 
(-5, 23, -67), [3, 3, 1], 3.8.af_x_acp 
(-5, 23, -65), [3, 3, 3], 3.8.af_x_acn 
(-5, 23, -63), [3, 3, 1], 3.8.af_x_acl 
(-5, 23, -61), [3, 3, 3], 3.8.af_x_acj 
(-5, 25, -79), [3, 1, 1], 3.8.af_z_adb 
(-5, 25, -75), [3, 1, 1], 3.8.af_z_acx 
(-5, 25, -71), [3, 1, 1], 3.8.af_z_act 
(-5, 25, -69), [3, 1, 3], 3.8.af_z_acr 
(-5, 25, -67), [3, 1, 1], 3.8.af_z_acp 
(-5, 27, -77), [3, 3, 3], 3.8.af_bb_acz 
(-5, 27, -75), [3, 3, 1], 3.8.af_bb_acx 
(-5, 27, -73), [3, 3, 3], 3.8.af_bb_acv 
(-4, -6, 57), [0, 2, 1], 3.8.ae_ag_cf 
(-4, -6, 59), [0, 2, 3], 3.8.ae_ag_ch 
(-4, -4, 45), [0, 0, 1], 3.8.ae_ae_bt 
(-4, -4, 47), [0, 0, 3], 3.8.ae_ae_bv 
(-4, -4, 49), [0, 0, 1], 3.8.ae_ae_bx 
(-4, -2, 35), [0, 2, 3], 3.8.ae_ac_bj 
(-4, -2, 39), [0, 2, 3], 3.8.ae_ac_bn 
(-4, 0, 19), [0, 0, 3], 3.8.ae_a_t 
(-4, 0, 21), [0, 0, 1], 3.8.ae_a_v 
(-4, 0, 23), [0, 0, 3], 3.8.ae_a_x 
(-4, 0, 25), [0, 0, 1], 3.8.ae_a_z 
(-4, 0, 27), [0, 0, 3], 3.8.ae_a_bb 
(-4, 0, 29), [0, 0, 1], 3.8.ae_a_bd 
(-4, 0, 33), [0, 0, 1], 3.8.ae_a_bh 
(-4, 2, 9), [0, 2, 1], 3.8.ae_c_j 
(-4, 2, 13), [0, 2, 1], 3.8.ae_c_n 
(-4, 2, 15), [0, 2, 3], 3.8.ae_c_p 
(-4, 2, 17), [0, 2, 1], 3.8.ae_c_r 
(-4, 2, 19), [0, 2, 3], 3.8.ae_c_t 
(-4, 2, 23), [0, 2, 3], 3.8.ae_c_x 
(-4, 4, -3), [0, 0, 1], 3.8.ae_e_ad 
(-4, 4, -1), [0, 0, 3], 3.8.ae_e_ab 
(-4, 4, 1), [0, 0, 1], 3.8.ae_e_b 
(-4, 4, 3), [0, 0, 3], 3.8.ae_e_d 
(-4, 4, 7), [0, 0, 3], 3.8.ae_e_h 
(-4, 4, 9), [0, 0, 1], 3.8.ae_e_j 
(-4, 4, 15), [0, 0, 3], 3.8.ae_e_p 
(-4, 6, -15), [0, 2, 1], 3.8.ae_g_ap 
(-4, 6, -13), [0, 2, 3], 3.8.ae_g_an 
(-4, 6, -9), [0, 2, 3], 3.8.ae_g_aj 
(-4, 6, -7), [0, 2, 1], 3.8.ae_g_ah 
(-4, 6, -5), [0, 2, 3], 3.8.ae_g_af 
(-4, 6, -3), [0, 2, 1], 3.8.ae_g_ad 
(-4, 6, 3), [0, 2, 3], 3.8.ae_g_d 
(-4, 6, 5), [0, 2, 1], 3.8.ae_g_f 
(-4, 6, 7), [0, 2, 3], 3.8.ae_g_h 
(-4, 8, -25), [0, 0, 3], 3.8.ae_i_az 
(-4, 8, -23), [0, 0, 1], 3.8.ae_i_ax 
(-4, 8, -21), [0, 0, 3], 3.8.ae_i_av 
(-4, 8, -19), [0, 0, 1], 3.8.ae_i_at 
(-4, 8, -17), [0, 0, 3], 3.8.ae_i_ar 
(-4, 8, -15), [0, 0, 1], 3.8.ae_i_ap 
(-4, 8, -13), [0, 0, 3], 3.8.ae_i_an 
(-4, 8, -11), [0, 0, 1], 3.8.ae_i_al 
(-4, 8, -5), [0, 0, 3], 3.8.ae_i_af 
(-4, 8, -1), [0, 0, 3], 3.8.ae_i_ab 
(-4, 10, -37), [0, 2, 3], 3.8.ae_k_abl 
(-4, 10, -35), [0, 2, 1], 3.8.ae_k_abj 
(-4, 10, -33), [0, 2, 3], 3.8.ae_k_abh 
(-4, 10, -31), [0, 2, 1], 3.8.ae_k_abf 
(-4, 10, -29), [0, 2, 3], 3.8.ae_k_abd 
(-4, 10, -27), [0, 2, 1], 3.8.ae_k_abb 
(-4, 10, -25), [0, 2, 3], 3.8.ae_k_az 
(-4, 10, -23), [0, 2, 1], 3.8.ae_k_ax 
(-4, 10, -21), [0, 2, 3], 3.8.ae_k_av 
(-4, 10, -17), [0, 2, 3], 3.8.ae_k_ar 
(-4, 10, -15), [0, 2, 1], 3.8.ae_k_ap 
(-4, 10, -11), [0, 2, 1], 3.8.ae_k_al 
(-4, 10, -9), [0, 2, 3], 3.8.ae_k_aj 
(-4, 12, -47), [0, 0, 1], 3.8.ae_m_abv 
(-4, 12, -45), [0, 0, 3], 3.8.ae_m_abt 
(-4, 12, -43), [0, 0, 1], 3.8.ae_m_abr 
(-4, 12, -41), [0, 0, 3], 3.8.ae_m_abp 
(-4, 12, -39), [0, 0, 1], 3.8.ae_m_abn 
(-4, 12, -35), [0, 0, 1], 3.8.ae_m_abj 
(-4, 12, -33), [0, 0, 3], 3.8.ae_m_abh 
(-4, 12, -31), [0, 0, 1], 3.8.ae_m_abf 
(-4, 12, -27), [0, 0, 1], 3.8.ae_m_abb 
(-4, 12, -25), [0, 0, 3], 3.8.ae_m_az 
(-4, 12, -23), [0, 0, 1], 3.8.ae_m_ax 
(-4, 12, -21), [0, 0, 3], 3.8.ae_m_av 
(-4, 12, -17), [0, 0, 3], 3.8.ae_m_ar 
(-4, 14, -59), [0, 2, 1], 3.8.ae_o_ach 
(-4, 14, -57), [0, 2, 3], 3.8.ae_o_acf 
(-4, 14, -55), [0, 2, 1], 3.8.ae_o_acd 
(-4, 14, -53), [0, 2, 3], 3.8.ae_o_acb 
(-4, 14, -49), [0, 2, 3], 3.8.ae_o_abx 
(-4, 14, -47), [0, 2, 1], 3.8.ae_o_abv 
(-4, 14, -45), [0, 2, 3], 3.8.ae_o_abt 
(-4, 14, -43), [0, 2, 1], 3.8.ae_o_abr 
(-4, 14, -41), [0, 2, 3], 3.8.ae_o_abp 
(-4, 14, -37), [0, 2, 3], 3.8.ae_o_abl 
(-4, 14, -35), [0, 2, 1], 3.8.ae_o_abj 
(-4, 14, -33), [0, 2, 3], 3.8.ae_o_abh 
(-4, 14, -29), [0, 2, 3], 3.8.ae_o_abd 
(-4, 14, -27), [0, 2, 1], 3.8.ae_o_abb 
(-4, 14, -23), [0, 2, 1], 3.8.ae_o_ax 
(-4, 16, -65), [0, 0, 3], 3.8.ae_q_acn 
(-4, 16, -63), [0, 0, 1], 3.8.ae_q_acl 
(-4, 16, -61), [0, 0, 3], 3.8.ae_q_acj 
(-4, 16, -59), [0, 0, 1], 3.8.ae_q_ach 
(-4, 16, -57), [0, 0, 3], 3.8.ae_q_acf 
(-4, 16, -55), [0, 0, 1], 3.8.ae_q_acd 
(-4, 16, -51), [0, 0, 1], 3.8.ae_q_abz 
(-4, 16, -47), [0, 0, 1], 3.8.ae_q_abv 
(-4, 16, -45), [0, 0, 3], 3.8.ae_q_abt 
(-4, 16, -43), [0, 0, 1], 3.8.ae_q_abr 
(-4, 16, -41), [0, 0, 3], 3.8.ae_q_abp 
(-4, 16, -39), [0, 0, 1], 3.8.ae_q_abn 
(-4, 16, -37), [0, 0, 3], 3.8.ae_q_abl 
(-4, 16, -35), [0, 0, 1], 3.8.ae_q_abj 
(-4, 16, -33), [0, 0, 3], 3.8.ae_q_abh 
(-4, 18, -63), [0, 2, 1], 3.8.ae_s_acl 
(-4, 18, -61), [0, 2, 3], 3.8.ae_s_acj 
(-4, 18, -57), [0, 2, 3], 3.8.ae_s_acf 
(-4, 18, -53), [0, 2, 3], 3.8.ae_s_acb 
(-4, 18, -51), [0, 2, 1], 3.8.ae_s_abz 
(-4, 18, -49), [0, 2, 3], 3.8.ae_s_abx 
(-4, 18, -47), [0, 2, 1], 3.8.ae_s_abv 
(-4, 18, -45), [0, 2, 3], 3.8.ae_s_abt 
(-4, 18, -43), [0, 2, 1], 3.8.ae_s_abr 
(-4, 18, -41), [0, 2, 3], 3.8.ae_s_abp 
(-4, 18, -39), [0, 2, 1], 3.8.ae_s_abn 
(-4, 20, -61), [0, 0, 3], 3.8.ae_u_acj 
(-4, 20, -59), [0, 0, 1], 3.8.ae_u_ach 
(-4, 20, -55), [0, 0, 1], 3.8.ae_u_acd 
(-4, 20, -53), [0, 0, 3], 3.8.ae_u_acb 
(-4, 20, -51), [0, 0, 1], 3.8.ae_u_abz 
(-4, 20, -49), [0, 0, 3], 3.8.ae_u_abx 
(-4, 20, -47), [0, 0, 1], 3.8.ae_u_abv 
(-4, 20, -45), [0, 0, 3], 3.8.ae_u_abt 
(-4, 22, -63), [0, 2, 1], 3.8.ae_w_acl 
(-4, 22, -57), [0, 2, 3], 3.8.ae_w_acf 
(-4, 22, -55), [0, 2, 1], 3.8.ae_w_acd 
(-4, 22, -53), [0, 2, 3], 3.8.ae_w_acb 
(-4, 22, -51), [0, 2, 1], 3.8.ae_w_abz 
(-4, 24, -63), [0, 0, 1], 3.8.ae_y_acl 
(-4, 24, -57), [0, 0, 3], 3.8.ae_y_acf 
(-3, -7, 47), [1, 1, 3], 3.8.ad_ah_bv 
(-3, -7, 49), [1, 1, 1], 3.8.ad_ah_bx 
(-3, -5, 35), [1, 3, 3], 3.8.ad_af_bj 
(-3, -5, 37), [1, 3, 1], 3.8.ad_af_bl 
(-3, -5, 43), [1, 3, 3], 3.8.ad_af_br 
(-3, -5, 45), [1, 3, 1], 3.8.ad_af_bt 
(-3, -5, 51), [1, 3, 3], 3.8.ad_af_bz 
(-3, -3, 21), [1, 1, 1], 3.8.ad_ad_v 
(-3, -3, 23), [1, 1, 3], 3.8.ad_ad_x 
(-3, -3, 25), [1, 1, 1], 3.8.ad_ad_z 
(-3, -3, 29), [1, 1, 1], 3.8.ad_ad_bd 
(-3, -3, 31), [1, 1, 3], 3.8.ad_ad_bf 
(-3, -3, 35), [1, 1, 3], 3.8.ad_ad_bj 
(-3, -3, 39), [1, 1, 3], 3.8.ad_ad_bn 
(-3, -3, 41), [1, 1, 1], 3.8.ad_ad_bp 
(-3, -1, 11), [1, 3, 3], 3.8.ad_ab_l 
(-3, -1, 13), [1, 3, 1], 3.8.ad_ab_n 
(-3, -1, 15), [1, 3, 3], 3.8.ad_ab_p 
(-3, -1, 17), [1, 3, 1], 3.8.ad_ab_r 
(-3, -1, 19), [1, 3, 3], 3.8.ad_ab_t 
(-3, -1, 21), [1, 3, 1], 3.8.ad_ab_v 
(-3, -1, 23), [1, 3, 3], 3.8.ad_ab_x 
(-3, -1, 25), [1, 3, 1], 3.8.ad_ab_z 
(-3, -1, 29), [1, 3, 1], 3.8.ad_ab_bd 
(-3, -1, 31), [1, 3, 3], 3.8.ad_ab_bf 
(-3, -1, 33), [1, 3, 1], 3.8.ad_ab_bh 
(-3, -1, 35), [1, 3, 3], 3.8.ad_ab_bj 
(-3, 1, -1), [1, 1, 3], 3.8.ad_b_ab 
(-3, 1, 1), [1, 1, 1], 3.8.ad_b_b 
(-3, 1, 3), [1, 1, 3], 3.8.ad_b_d 
(-3, 1, 5), [1, 1, 1], 3.8.ad_b_f 
(-3, 1, 7), [1, 1, 3], 3.8.ad_b_h 
(-3, 1, 9), [1, 1, 1], 3.8.ad_b_j 
(-3, 1, 11), [1, 1, 3], 3.8.ad_b_l 
(-3, 1, 13), [1, 1, 1], 3.8.ad_b_n 
(-3, 1, 15), [1, 1, 3], 3.8.ad_b_p 
(-3, 1, 19), [1, 1, 3], 3.8.ad_b_t 
(-3, 1, 23), [1, 1, 3], 3.8.ad_b_x 
(-3, 1, 25), [1, 1, 1], 3.8.ad_b_z 
(-3, 1, 27), [1, 1, 3], 3.8.ad_b_bb 
(-3, 3, -13), [1, 3, 3], 3.8.ad_d_an 
(-3, 3, -11), [1, 3, 1], 3.8.ad_d_al 
(-3, 3, -9), [1, 3, 3], 3.8.ad_d_aj 
(-3, 3, -7), [1, 3, 1], 3.8.ad_d_ah 
(-3, 3, -5), [1, 3, 3], 3.8.ad_d_af 
(-3, 3, -3), [1, 3, 1], 3.8.ad_d_ad 
(-3, 3, -1), [1, 3, 3], 3.8.ad_d_ab 
(-3, 3, 1), [1, 3, 1], 3.8.ad_d_b 
(-3, 3, 3), [1, 3, 3], 3.8.ad_d_d 
(-3, 3, 5), [1, 3, 1], 3.8.ad_d_f 
(-3, 3, 9), [1, 3, 1], 3.8.ad_d_j 
(-3, 3, 11), [1, 3, 3], 3.8.ad_d_l 
(-3, 3, 17), [1, 3, 1], 3.8.ad_d_r 
(-3, 3, 19), [1, 3, 3], 3.8.ad_d_t 
(-3, 5, -25), [1, 1, 3], 3.8.ad_f_az 
(-3, 5, -23), [1, 1, 1], 3.8.ad_f_ax 
(-3, 5, -21), [1, 1, 3], 3.8.ad_f_av 
(-3, 5, -19), [1, 1, 1], 3.8.ad_f_at 
(-3, 5, -17), [1, 1, 3], 3.8.ad_f_ar 
(-3, 5, -15), [1, 1, 1], 3.8.ad_f_ap 
(-3, 5, -13), [1, 1, 3], 3.8.ad_f_an 
(-3, 5, -11), [1, 1, 1], 3.8.ad_f_al 
(-3, 5, -9), [1, 1, 3], 3.8.ad_f_aj 
(-3, 5, -7), [1, 1, 1], 3.8.ad_f_ah 
(-3, 5, -5), [1, 1, 3], 3.8.ad_f_af 
(-3, 5, -1), [1, 1, 3], 3.8.ad_f_ab 
(-3, 5, 1), [1, 1, 1], 3.8.ad_f_b 
(-3, 5, 3), [1, 1, 3], 3.8.ad_f_d 
(-3, 5, 5), [1, 1, 1], 3.8.ad_f_f 
(-3, 5, 7), [1, 1, 3], 3.8.ad_f_h 
(-3, 5, 11), [1, 1, 3], 3.8.ad_f_l 
(-3, 7, -35), [1, 3, 1], 3.8.ad_h_abj 
(-3, 7, -33), [1, 3, 3], 3.8.ad_h_abh 
(-3, 7, -31), [1, 3, 1], 3.8.ad_h_abf 
(-3, 7, -27), [1, 3, 1], 3.8.ad_h_abb 
(-3, 7, -25), [1, 3, 3], 3.8.ad_h_az 
(-3, 7, -23), [1, 3, 1], 3.8.ad_h_ax 
(-3, 7, -21), [1, 3, 3], 3.8.ad_h_av 
(-3, 7, -19), [1, 3, 1], 3.8.ad_h_at 
(-3, 7, -17), [1, 3, 3], 3.8.ad_h_ar 
(-3, 7, -15), [1, 3, 1], 3.8.ad_h_ap 
(-3, 7, -11), [1, 3, 1], 3.8.ad_h_al 
(-3, 7, -9), [1, 3, 3], 3.8.ad_h_aj 
(-3, 7, -7), [1, 3, 1], 3.8.ad_h_ah 
(-3, 7, -5), [1, 3, 3], 3.8.ad_h_af 
(-3, 7, -3), [1, 3, 1], 3.8.ad_h_ad 
(-3, 7, -1), [1, 3, 3], 3.8.ad_h_ab 
(-3, 7, 1), [1, 3, 1], 3.8.ad_h_b 
(-3, 7, 5), [1, 3, 1], 3.8.ad_h_f 
(-3, 9, -47), [1, 1, 1], 3.8.ad_j_abv 
(-3, 9, -45), [1, 1, 3], 3.8.ad_j_abt 
(-3, 9, -43), [1, 1, 1], 3.8.ad_j_abr 
(-3, 9, -41), [1, 1, 3], 3.8.ad_j_abp 
(-3, 9, -37), [1, 1, 3], 3.8.ad_j_abl 
(-3, 9, -35), [1, 1, 1], 3.8.ad_j_abj 
(-3, 9, -33), [1, 1, 3], 3.8.ad_j_abh 
(-3, 9, -29), [1, 1, 3], 3.8.ad_j_abd 
(-3, 9, -27), [1, 1, 1], 3.8.ad_j_abb 
(-3, 9, -25), [1, 1, 3], 3.8.ad_j_az 
(-3, 9, -21), [1, 1, 3], 3.8.ad_j_av 
(-3, 9, -19), [1, 1, 1], 3.8.ad_j_at 
(-3, 9, -17), [1, 1, 3], 3.8.ad_j_ar 
(-3, 9, -15), [1, 1, 1], 3.8.ad_j_ap 
(-3, 9, -13), [1, 1, 3], 3.8.ad_j_an 
(-3, 9, -11), [1, 1, 1], 3.8.ad_j_al 
(-3, 9, -9), [1, 1, 3], 3.8.ad_j_aj 
(-3, 9, -7), [1, 1, 1], 3.8.ad_j_ah 
(-3, 9, -5), [1, 1, 3], 3.8.ad_j_af 
(-3, 11, -55), [1, 3, 1], 3.8.ad_l_acd 
(-3, 11, -53), [1, 3, 3], 3.8.ad_l_acb 
(-3, 11, -51), [1, 3, 1], 3.8.ad_l_abz 
(-3, 11, -49), [1, 3, 3], 3.8.ad_l_abx 
(-3, 11, -47), [1, 3, 1], 3.8.ad_l_abv 
(-3, 11, -45), [1, 3, 3], 3.8.ad_l_abt 
(-3, 11, -43), [1, 3, 1], 3.8.ad_l_abr 
(-3, 11, -41), [1, 3, 3], 3.8.ad_l_abp 
(-3, 11, -39), [1, 3, 1], 3.8.ad_l_abn 
(-3, 11, -37), [1, 3, 3], 3.8.ad_l_abl 
(-3, 11, -35), [1, 3, 1], 3.8.ad_l_abj 
(-3, 11, -31), [1, 3, 1], 3.8.ad_l_abf 
(-3, 11, -29), [1, 3, 3], 3.8.ad_l_abd 
(-3, 11, -27), [1, 3, 1], 3.8.ad_l_abb 
(-3, 11, -25), [1, 3, 3], 3.8.ad_l_az 
(-3, 11, -23), [1, 3, 1], 3.8.ad_l_ax 
(-3, 11, -21), [1, 3, 3], 3.8.ad_l_av 
(-3, 11, -19), [1, 3, 1], 3.8.ad_l_at 
(-3, 11, -17), [1, 3, 3], 3.8.ad_l_ar 
(-3, 11, -15), [1, 3, 1], 3.8.ad_l_ap 
(-3, 11, -13), [1, 3, 3], 3.8.ad_l_an 
(-3, 11, -11), [1, 3, 1], 3.8.ad_l_al 
(-3, 13, -53), [1, 1, 3], 3.8.ad_n_acb 
(-3, 13, -51), [1, 1, 1], 3.8.ad_n_abz 
(-3, 13, -49), [1, 1, 3], 3.8.ad_n_abx 
(-3, 13, -47), [1, 1, 1], 3.8.ad_n_abv 
(-3, 13, -45), [1, 1, 3], 3.8.ad_n_abt 
(-3, 13, -41), [1, 1, 3], 3.8.ad_n_abp 
(-3, 13, -39), [1, 1, 1], 3.8.ad_n_abn 
(-3, 13, -37), [1, 1, 3], 3.8.ad_n_abl 
(-3, 13, -33), [1, 1, 3], 3.8.ad_n_abh 
(-3, 13, -31), [1, 1, 1], 3.8.ad_n_abf 
(-3, 13, -29), [1, 1, 3], 3.8.ad_n_abd 
(-3, 13, -25), [1, 1, 3], 3.8.ad_n_az 
(-3, 13, -23), [1, 1, 1], 3.8.ad_n_ax 
(-3, 13, -21), [1, 1, 3], 3.8.ad_n_av 
(-3, 13, -19), [1, 1, 1], 3.8.ad_n_at 
(-3, 13, -17), [1, 1, 3], 3.8.ad_n_ar 
(-3, 15, -51), [1, 3, 1], 3.8.ad_p_abz 
(-3, 15, -49), [1, 3, 3], 3.8.ad_p_abx 
(-3, 15, -47), [1, 3, 1], 3.8.ad_p_abv 
(-3, 15, -45), [1, 3, 3], 3.8.ad_p_abt 
(-3, 15, -43), [1, 3, 1], 3.8.ad_p_abr 
(-3, 15, -41), [1, 3, 3], 3.8.ad_p_abp 
(-3, 15, -39), [1, 3, 1], 3.8.ad_p_abn 
(-3, 15, -35), [1, 3, 1], 3.8.ad_p_abj 
(-3, 15, -33), [1, 3, 3], 3.8.ad_p_abh 
(-3, 15, -31), [1, 3, 1], 3.8.ad_p_abf 
(-3, 15, -29), [1, 3, 3], 3.8.ad_p_abd 
(-3, 15, -27), [1, 3, 1], 3.8.ad_p_abb 
(-3, 15, -25), [1, 3, 3], 3.8.ad_p_az 
(-3, 15, -23), [1, 3, 1], 3.8.ad_p_ax 
(-3, 17, -49), [1, 1, 3], 3.8.ad_r_abx 
(-3, 17, -47), [1, 1, 1], 3.8.ad_r_abv 
(-3, 17, -45), [1, 1, 3], 3.8.ad_r_abt 
(-3, 17, -43), [1, 1, 1], 3.8.ad_r_abr 
(-3, 17, -41), [1, 1, 3], 3.8.ad_r_abp 
(-3, 17, -37), [1, 1, 3], 3.8.ad_r_abl 
(-3, 17, -35), [1, 1, 1], 3.8.ad_r_abj 
(-3, 17, -33), [1, 1, 3], 3.8.ad_r_abh 
(-3, 17, -31), [1, 1, 1], 3.8.ad_r_abf 
(-3, 17, -29), [1, 1, 3], 3.8.ad_r_abd 
(-3, 19, -45), [1, 3, 3], 3.8.ad_t_abt 
(-3, 19, -43), [1, 3, 1], 3.8.ad_t_abr 
(-3, 19, -39), [1, 3, 1], 3.8.ad_t_abn 
(-3, 19, -37), [1, 3, 3], 3.8.ad_t_abl 
(-3, 19, -35), [1, 3, 1], 3.8.ad_t_abj 
(-3, 21, -45), [1, 1, 3], 3.8.ad_v_abt 
(-3, 21, -41), [1, 1, 3], 3.8.ad_v_abp 
(-3, 23, -47), [1, 3, 1], 3.8.ad_x_abv 
(-3, 23, -43), [1, 3, 1], 3.8.ad_x_abr 
(-2, -6, 21), [2, 2, 1], 3.8.ac_ag_v 
(-2, -6, 23), [2, 2, 3], 3.8.ac_ag_x 
(-2, -6, 27), [2, 2, 3], 3.8.ac_ag_bb 
(-2, -6, 29), [2, 2, 1], 3.8.ac_ag_bd 
(-2, -6, 31), [2, 2, 3], 3.8.ac_ag_bf 
(-2, -6, 39), [2, 2, 3], 3.8.ac_ag_bn 
(-2, -6, 41), [2, 2, 1], 3.8.ac_ag_bp 
(-2, -4, 11), [2, 0, 3], 3.8.ac_ae_l 
(-2, -4, 13), [2, 0, 1], 3.8.ac_ae_n 
(-2, -4, 15), [2, 0, 3], 3.8.ac_ae_p 
(-2, -4, 17), [2, 0, 1], 3.8.ac_ae_r 
(-2, -4, 19), [2, 0, 3], 3.8.ac_ae_t 
(-2, -4, 21), [2, 0, 1], 3.8.ac_ae_v 
(-2, -4, 23), [2, 0, 3], 3.8.ac_ae_x 
(-2, -4, 25), [2, 0, 1], 3.8.ac_ae_z 
(-2, -4, 27), [2, 0, 3], 3.8.ac_ae_bb 
(-2, -4, 29), [2, 0, 1], 3.8.ac_ae_bd 
(-2, -4, 31), [2, 0, 3], 3.8.ac_ae_bf 
(-2, -4, 35), [2, 0, 3], 3.8.ac_ae_bj 
(-2, -4, 37), [2, 0, 1], 3.8.ac_ae_bl 
(-2, -4, 39), [2, 0, 3], 3.8.ac_ae_bn 
(-2, -4, 41), [2, 0, 1], 3.8.ac_ae_bp 
(-2, -4, 47), [2, 0, 3], 3.8.ac_ae_bv 
(-2, -2, -1), [2, 2, 3], 3.8.ac_ac_ab 
(-2, -2, 1), [2, 2, 1], 3.8.ac_ac_b 
(-2, -2, 3), [2, 2, 3], 3.8.ac_ac_d 
(-2, -2, 5), [2, 2, 1], 3.8.ac_ac_f 
(-2, -2, 7), [2, 2, 3], 3.8.ac_ac_h 
(-2, -2, 9), [2, 2, 1], 3.8.ac_ac_j 
(-2, -2, 11), [2, 2, 3], 3.8.ac_ac_l 
(-2, -2, 15), [2, 2, 3], 3.8.ac_ac_p 
(-2, -2, 17), [2, 2, 1], 3.8.ac_ac_r 
(-2, -2, 19), [2, 2, 3], 3.8.ac_ac_t 
(-2, -2, 21), [2, 2, 1], 3.8.ac_ac_v 
(-2, -2, 25), [2, 2, 1], 3.8.ac_ac_z 
(-2, -2, 27), [2, 2, 3], 3.8.ac_ac_bb 
(-2, -2, 29), [2, 2, 1], 3.8.ac_ac_bd 
(-2, -2, 31), [2, 2, 3], 3.8.ac_ac_bf 
(-2, -2, 33), [2, 2, 1], 3.8.ac_ac_bh 
(-2, -2, 35), [2, 2, 3], 3.8.ac_ac_bj 
(-2, -2, 39), [2, 2, 3], 3.8.ac_ac_bn 
(-2, 0, -13), [2, 0, 3], 3.8.ac_a_an 
(-2, 0, -11), [2, 0, 1], 3.8.ac_a_al 
(-2, 0, -9), [2, 0, 3], 3.8.ac_a_aj 
(-2, 0, -5), [2, 0, 3], 3.8.ac_a_af 
(-2, 0, -3), [2, 0, 1], 3.8.ac_a_ad 
(-2, 0, -1), [2, 0, 3], 3.8.ac_a_ab 
(-2, 0, 1), [2, 0, 1], 3.8.ac_a_b 
(-2, 0, 3), [2, 0, 3], 3.8.ac_a_d 
(-2, 0, 5), [2, 0, 1], 3.8.ac_a_f 
(-2, 0, 7), [2, 0, 3], 3.8.ac_a_h 
(-2, 0, 9), [2, 0, 1], 3.8.ac_a_j 
(-2, 0, 11), [2, 0, 3], 3.8.ac_a_l 
(-2, 0, 15), [2, 0, 3], 3.8.ac_a_p 
(-2, 0, 17), [2, 0, 1], 3.8.ac_a_r 
(-2, 0, 19), [2, 0, 3], 3.8.ac_a_t 
(-2, 0, 21), [2, 0, 1], 3.8.ac_a_v 
(-2, 0, 25), [2, 0, 1], 3.8.ac_a_z 
(-2, 0, 27), [2, 0, 3], 3.8.ac_a_bb 
(-2, 0, 29), [2, 0, 1], 3.8.ac_a_bd 
(-2, 0, 33), [2, 0, 1], 3.8.ac_a_bh 
(-2, 2, -23), [2, 2, 1], 3.8.ac_c_ax 
(-2, 2, -21), [2, 2, 3], 3.8.ac_c_av 
(-2, 2, -19), [2, 2, 1], 3.8.ac_c_at 
(-2, 2, -17), [2, 2, 3], 3.8.ac_c_ar 
(-2, 2, -15), [2, 2, 1], 3.8.ac_c_ap 
(-2, 2, -13), [2, 2, 3], 3.8.ac_c_an 
(-2, 2, -11), [2, 2, 1], 3.8.ac_c_al 
(-2, 2, -7), [2, 2, 1], 3.8.ac_c_ah 
(-2, 2, -5), [2, 2, 3], 3.8.ac_c_af 
(-2, 2, -3), [2, 2, 1], 3.8.ac_c_ad 
(-2, 2, -1), [2, 2, 3], 3.8.ac_c_ab 
(-2, 2, 1), [2, 2, 1], 3.8.ac_c_b 
(-2, 2, 5), [2, 2, 1], 3.8.ac_c_f 
(-2, 2, 7), [2, 2, 3], 3.8.ac_c_h 
(-2, 2, 9), [2, 2, 1], 3.8.ac_c_j 
(-2, 2, 11), [2, 2, 3], 3.8.ac_c_l 
(-2, 2, 13), [2, 2, 1], 3.8.ac_c_n 
(-2, 2, 15), [2, 2, 3], 3.8.ac_c_p 
(-2, 2, 17), [2, 2, 1], 3.8.ac_c_r 
(-2, 2, 19), [2, 2, 3], 3.8.ac_c_t 
(-2, 2, 21), [2, 2, 1], 3.8.ac_c_v 
(-2, 2, 23), [2, 2, 3], 3.8.ac_c_x 
(-2, 4, -35), [2, 0, 1], 3.8.ac_e_abj 
(-2, 4, -33), [2, 0, 3], 3.8.ac_e_abh 
(-2, 4, -31), [2, 0, 1], 3.8.ac_e_abf 
(-2, 4, -29), [2, 0, 3], 3.8.ac_e_abd 
(-2, 4, -27), [2, 0, 1], 3.8.ac_e_abb 
(-2, 4, -25), [2, 0, 3], 3.8.ac_e_az 
(-2, 4, -23), [2, 0, 1], 3.8.ac_e_ax 
(-2, 4, -21), [2, 0, 3], 3.8.ac_e_av 
(-2, 4, -19), [2, 0, 1], 3.8.ac_e_at 
(-2, 4, -17), [2, 0, 3], 3.8.ac_e_ar 
(-2, 4, -15), [2, 0, 1], 3.8.ac_e_ap 
(-2, 4, -13), [2, 0, 3], 3.8.ac_e_an 
(-2, 4, -9), [2, 0, 3], 3.8.ac_e_aj 
(-2, 4, -5), [2, 0, 3], 3.8.ac_e_af 
(-2, 4, -3), [2, 0, 1], 3.8.ac_e_ad 
(-2, 4, -1), [2, 0, 3], 3.8.ac_e_ab 
(-2, 4, 1), [2, 0, 1], 3.8.ac_e_b 
(-2, 4, 3), [2, 0, 3], 3.8.ac_e_d 
(-2, 4, 5), [2, 0, 1], 3.8.ac_e_f 
(-2, 4, 7), [2, 0, 3], 3.8.ac_e_h 
(-2, 4, 9), [2, 0, 1], 3.8.ac_e_j 
(-2, 4, 11), [2, 0, 3], 3.8.ac_e_l 
(-2, 4, 13), [2, 0, 1], 3.8.ac_e_n 
(-2, 4, 15), [2, 0, 3], 3.8.ac_e_p 
(-2, 4, 17), [2, 0, 1], 3.8.ac_e_r 
(-2, 6, -45), [2, 2, 3], 3.8.ac_g_abt 
(-2, 6, -39), [2, 2, 1], 3.8.ac_g_abn 
(-2, 6, -37), [2, 2, 3], 3.8.ac_g_abl 
(-2, 6, -35), [2, 2, 1], 3.8.ac_g_abj 
(-2, 6, -33), [2, 2, 3], 3.8.ac_g_abh 
(-2, 6, -31), [2, 2, 1], 3.8.ac_g_abf 
(-2, 6, -29), [2, 2, 3], 3.8.ac_g_abd 
(-2, 6, -27), [2, 2, 1], 3.8.ac_g_abb 
(-2, 6, -25), [2, 2, 3], 3.8.ac_g_az 
(-2, 6, -23), [2, 2, 1], 3.8.ac_g_ax 
(-2, 6, -21), [2, 2, 3], 3.8.ac_g_av 
(-2, 6, -19), [2, 2, 1], 3.8.ac_g_at 
(-2, 6, -15), [2, 2, 1], 3.8.ac_g_ap 
(-2, 6, -11), [2, 2, 1], 3.8.ac_g_al 
(-2, 6, -9), [2, 2, 3], 3.8.ac_g_aj 
(-2, 6, -7), [2, 2, 1], 3.8.ac_g_ah 
(-2, 6, -5), [2, 2, 3], 3.8.ac_g_af 
(-2, 6, -3), [2, 2, 1], 3.8.ac_g_ad 
(-2, 6, -1), [2, 2, 3], 3.8.ac_g_ab 
(-2, 6, 1), [2, 2, 1], 3.8.ac_g_b 
(-2, 6, 3), [2, 2, 3], 3.8.ac_g_d 
(-2, 6, 5), [2, 2, 1], 3.8.ac_g_f 
(-2, 6, 7), [2, 2, 3], 3.8.ac_g_h 
(-2, 6, 9), [2, 2, 1], 3.8.ac_g_j 
(-2, 6, 11), [2, 2, 3], 3.8.ac_g_l 
(-2, 8, -47), [2, 0, 1], 3.8.ac_i_abv 
(-2, 8, -43), [2, 0, 1], 3.8.ac_i_abr 
(-2, 8, -41), [2, 0, 3], 3.8.ac_i_abp 
(-2, 8, -39), [2, 0, 1], 3.8.ac_i_abn 
(-2, 8, -37), [2, 0, 3], 3.8.ac_i_abl 
(-2, 8, -33), [2, 0, 3], 3.8.ac_i_abh 
(-2, 8, -31), [2, 0, 1], 3.8.ac_i_abf 
(-2, 8, -29), [2, 0, 3], 3.8.ac_i_abd 
(-2, 8, -25), [2, 0, 3], 3.8.ac_i_az 
(-2, 8, -23), [2, 0, 1], 3.8.ac_i_ax 
(-2, 8, -21), [2, 0, 3], 3.8.ac_i_av 
(-2, 8, -19), [2, 0, 1], 3.8.ac_i_at 
(-2, 8, -17), [2, 0, 3], 3.8.ac_i_ar 
(-2, 8, -13), [2, 0, 3], 3.8.ac_i_an 
(-2, 8, -11), [2, 0, 1], 3.8.ac_i_al 
(-2, 8, -9), [2, 0, 3], 3.8.ac_i_aj 
(-2, 8, -7), [2, 0, 1], 3.8.ac_i_ah 
(-2, 8, -5), [2, 0, 3], 3.8.ac_i_af 
(-2, 8, -3), [2, 0, 1], 3.8.ac_i_ad 
(-2, 8, -1), [2, 0, 3], 3.8.ac_i_ab 
(-2, 8, 1), [2, 0, 1], 3.8.ac_i_b 
(-2, 8, 3), [2, 0, 3], 3.8.ac_i_d 
(-2, 8, 5), [2, 0, 1], 3.8.ac_i_f 
(-2, 10, -45), [2, 2, 3], 3.8.ac_k_abt 
(-2, 10, -41), [2, 2, 3], 3.8.ac_k_abp 
(-2, 10, -39), [2, 2, 1], 3.8.ac_k_abn 
(-2, 10, -35), [2, 2, 1], 3.8.ac_k_abj 
(-2, 10, -33), [2, 2, 3], 3.8.ac_k_abh 
(-2, 10, -31), [2, 2, 1], 3.8.ac_k_abf 
(-2, 10, -27), [2, 2, 1], 3.8.ac_k_abb 
(-2, 10, -25), [2, 2, 3], 3.8.ac_k_az 
(-2, 10, -23), [2, 2, 1], 3.8.ac_k_ax 
(-2, 10, -21), [2, 2, 3], 3.8.ac_k_av 
(-2, 10, -19), [2, 2, 1], 3.8.ac_k_at 
(-2, 10, -15), [2, 2, 1], 3.8.ac_k_ap 
(-2, 10, -13), [2, 2, 3], 3.8.ac_k_an 
(-2, 10, -11), [2, 2, 1], 3.8.ac_k_al 
(-2, 10, -9), [2, 2, 3], 3.8.ac_k_aj 
(-2, 10, -7), [2, 2, 1], 3.8.ac_k_ah 
(-2, 10, -5), [2, 2, 3], 3.8.ac_k_af 
(-2, 10, -3), [2, 2, 1], 3.8.ac_k_ad 
(-2, 10, -1), [2, 2, 3], 3.8.ac_k_ab 
(-2, 12, -39), [2, 0, 1], 3.8.ac_m_abn 
(-2, 12, -37), [2, 0, 3], 3.8.ac_m_abl 
(-2, 12, -35), [2, 0, 1], 3.8.ac_m_abj 
(-2, 12, -33), [2, 0, 3], 3.8.ac_m_abh 
(-2, 12, -31), [2, 0, 1], 3.8.ac_m_abf 
(-2, 12, -29), [2, 0, 3], 3.8.ac_m_abd 
(-2, 12, -27), [2, 0, 1], 3.8.ac_m_abb 
(-2, 12, -25), [2, 0, 3], 3.8.ac_m_az 
(-2, 12, -21), [2, 0, 3], 3.8.ac_m_av 
(-2, 12, -17), [2, 0, 3], 3.8.ac_m_ar 
(-2, 12, -15), [2, 0, 1], 3.8.ac_m_ap 
(-2, 12, -13), [2, 0, 3], 3.8.ac_m_an 
(-2, 12, -11), [2, 0, 1], 3.8.ac_m_al 
(-2, 12, -9), [2, 0, 3], 3.8.ac_m_aj 
(-2, 12, -7), [2, 0, 1], 3.8.ac_m_ah 
(-2, 14, -37), [2, 2, 3], 3.8.ac_o_abl 
(-2, 14, -35), [2, 2, 1], 3.8.ac_o_abj 
(-2, 14, -33), [2, 2, 3], 3.8.ac_o_abh 
(-2, 14, -31), [2, 2, 1], 3.8.ac_o_abf 
(-2, 14, -29), [2, 2, 3], 3.8.ac_o_abd 
(-2, 14, -27), [2, 2, 1], 3.8.ac_o_abb 
(-2, 14, -25), [2, 2, 3], 3.8.ac_o_az 
(-2, 14, -23), [2, 2, 1], 3.8.ac_o_ax 
(-2, 14, -19), [2, 2, 1], 3.8.ac_o_at 
(-2, 14, -15), [2, 2, 1], 3.8.ac_o_ap 
(-2, 14, -13), [2, 2, 3], 3.8.ac_o_an 
(-2, 16, -35), [2, 0, 1], 3.8.ac_q_abj 
(-2, 16, -33), [2, 0, 3], 3.8.ac_q_abh 
(-2, 16, -31), [2, 0, 1], 3.8.ac_q_abf 
(-2, 16, -29), [2, 0, 3], 3.8.ac_q_abd 
(-2, 16, -27), [2, 0, 1], 3.8.ac_q_abb 
(-2, 16, -25), [2, 0, 3], 3.8.ac_q_az 
(-2, 16, -21), [2, 0, 3], 3.8.ac_q_av 
(-2, 16, -19), [2, 0, 1], 3.8.ac_q_at 
(-2, 18, -33), [2, 2, 3], 3.8.ac_s_abh 
(-2, 18, -31), [2, 2, 1], 3.8.ac_s_abf 
(-2, 18, -29), [2, 2, 3], 3.8.ac_s_abd 
(-2, 18, -27), [2, 2, 1], 3.8.ac_s_abb 
(-2, 18, -21), [2, 2, 3], 3.8.ac_s_av 
(-2, 20, -31), [2, 0, 1], 3.8.ac_u_abf 
(-2, 20, -25), [2, 0, 3], 3.8.ac_u_az 
(-1, -7, 11), [3, 1, 3], 3.8.ab_ah_l 
(-1, -7, 13), [3, 1, 1], 3.8.ab_ah_n 
(-1, -7, 17), [3, 1, 1], 3.8.ab_ah_r 
(-1, -7, 19), [3, 1, 3], 3.8.ab_ah_t 
(-1, -5, 1), [3, 3, 1], 3.8.ab_af_b 
(-1, -5, 3), [3, 3, 3], 3.8.ab_af_d 
(-1, -5, 5), [3, 3, 1], 3.8.ab_af_f 
(-1, -5, 7), [3, 3, 3], 3.8.ab_af_h 
(-1, -5, 9), [3, 3, 1], 3.8.ab_af_j 
(-1, -5, 11), [3, 3, 3], 3.8.ab_af_l 
(-1, -5, 15), [3, 3, 3], 3.8.ab_af_p 
(-1, -5, 17), [3, 3, 1], 3.8.ab_af_r 
(-1, -5, 21), [3, 3, 1], 3.8.ab_af_v 
(-1, -5, 23), [3, 3, 3], 3.8.ab_af_x 
(-1, -5, 25), [3, 3, 1], 3.8.ab_af_z 
(-1, -5, 27), [3, 3, 3], 3.8.ab_af_bb 
(-1, -5, 31), [3, 3, 3], 3.8.ab_af_bf 
(-1, -3, -9), [3, 1, 3], 3.8.ab_ad_aj 
(-1, -3, -7), [3, 1, 1], 3.8.ab_ad_ah 
(-1, -3, -5), [3, 1, 3], 3.8.ab_ad_af 
(-1, -3, -3), [3, 1, 1], 3.8.ab_ad_ad 
(-1, -3, 1), [3, 1, 1], 3.8.ab_ad_b 
(-1, -3, 3), [3, 1, 3], 3.8.ab_ad_d 
(-1, -3, 5), [3, 1, 1], 3.8.ab_ad_f 
(-1, -3, 7), [3, 1, 3], 3.8.ab_ad_h 
(-1, -3, 9), [3, 1, 1], 3.8.ab_ad_j 
(-1, -3, 13), [3, 1, 1], 3.8.ab_ad_n 
(-1, -3, 15), [3, 1, 3], 3.8.ab_ad_p 
(-1, -3, 17), [3, 1, 1], 3.8.ab_ad_r 
(-1, -3, 21), [3, 1, 1], 3.8.ab_ad_v 
(-1, -3, 23), [3, 1, 3], 3.8.ab_ad_x 
(-1, -3, 25), [3, 1, 1], 3.8.ab_ad_z 
(-1, -3, 27), [3, 1, 3], 3.8.ab_ad_bb 
(-1, -3, 29), [3, 1, 1], 3.8.ab_ad_bd 
(-1, -3, 31), [3, 1, 3], 3.8.ab_ad_bf 
(-1, -3, 33), [3, 1, 1], 3.8.ab_ad_bh 
(-1, -3, 35), [3, 1, 3], 3.8.ab_ad_bj 
(-1, -3, 39), [3, 1, 3], 3.8.ab_ad_bn 
(-1, -3, 41), [3, 1, 1], 3.8.ab_ad_bp 
(-1, -3, 43), [3, 1, 3], 3.8.ab_ad_br 
(-1, -1, -23), [3, 3, 1], 3.8.ab_ab_ax 
(-1, -1, -21), [3, 3, 3], 3.8.ab_ab_av 
(-1, -1, -19), [3, 3, 1], 3.8.ab_ab_at 
(-1, -1, -15), [3, 3, 1], 3.8.ab_ab_ap 
(-1, -1, -13), [3, 3, 3], 3.8.ab_ab_an 
(-1, -1, -11), [3, 3, 1], 3.8.ab_ab_al 
(-1, -1, -9), [3, 3, 3], 3.8.ab_ab_aj 
(-1, -1, -7), [3, 3, 1], 3.8.ab_ab_ah 
(-1, -1, -5), [3, 3, 3], 3.8.ab_ab_af 
(-1, -1, -3), [3, 3, 1], 3.8.ab_ab_ad 
(-1, -1, -1), [3, 3, 3], 3.8.ab_ab_ab 
(-1, -1, 1), [3, 3, 1], 3.8.ab_ab_b 
(-1, -1, 3), [3, 3, 3], 3.8.ab_ab_d 
(-1, -1, 5), [3, 3, 1], 3.8.ab_ab_f 
(-1, -1, 7), [3, 3, 3], 3.8.ab_ab_h 
(-1, -1, 11), [3, 3, 3], 3.8.ab_ab_l 
(-1, -1, 13), [3, 3, 1], 3.8.ab_ab_n 
(-1, -1, 15), [3, 3, 3], 3.8.ab_ab_p 
(-1, -1, 17), [3, 3, 1], 3.8.ab_ab_r 
(-1, -1, 19), [3, 3, 3], 3.8.ab_ab_t 
(-1, -1, 21), [3, 3, 1], 3.8.ab_ab_v 
(-1, -1, 23), [3, 3, 3], 3.8.ab_ab_x 
(-1, -1, 25), [3, 3, 1], 3.8.ab_ab_z 
(-1, -1, 27), [3, 3, 3], 3.8.ab_ab_bb 
(-1, -1, 29), [3, 3, 1], 3.8.ab_ab_bd 
(-1, -1, 31), [3, 3, 3], 3.8.ab_ab_bf 
(-1, -1, 33), [3, 3, 1], 3.8.ab_ab_bh 
(-1, -1, 35), [3, 3, 3], 3.8.ab_ab_bj 
(-1, -1, 37), [3, 3, 1], 3.8.ab_ab_bl 
(-1, 1, -33), [3, 1, 3], 3.8.ab_b_abh 
(-1, 1, -31), [3, 1, 1], 3.8.ab_b_abf 
(-1, 1, -29), [3, 1, 3], 3.8.ab_b_abd 
(-1, 1, -27), [3, 1, 1], 3.8.ab_b_abb 
(-1, 1, -25), [3, 1, 3], 3.8.ab_b_az 
(-1, 1, -23), [3, 1, 1], 3.8.ab_b_ax 
(-1, 1, -21), [3, 1, 3], 3.8.ab_b_av 
(-1, 1, -19), [3, 1, 1], 3.8.ab_b_at 
(-1, 1, -17), [3, 1, 3], 3.8.ab_b_ar 
(-1, 1, -15), [3, 1, 1], 3.8.ab_b_ap 
(-1, 1, -13), [3, 1, 3], 3.8.ab_b_an 
(-1, 1, -11), [3, 1, 1], 3.8.ab_b_al 
(-1, 1, -9), [3, 1, 3], 3.8.ab_b_aj 
(-1, 1, -7), [3, 1, 1], 3.8.ab_b_ah 
(-1, 1, -5), [3, 1, 3], 3.8.ab_b_af 
(-1, 1, -3), [3, 1, 1], 3.8.ab_b_ad 
(-1, 1, 1), [3, 1, 1], 3.8.ab_b_b 
(-1, 1, 3), [3, 1, 3], 3.8.ab_b_d 
(-1, 1, 5), [3, 1, 1], 3.8.ab_b_f 
(-1, 1, 9), [3, 1, 1], 3.8.ab_b_j 
(-1, 1, 11), [3, 1, 3], 3.8.ab_b_l 
(-1, 1, 13), [3, 1, 1], 3.8.ab_b_n 
(-1, 1, 15), [3, 1, 3], 3.8.ab_b_p 
(-1, 1, 17), [3, 1, 1], 3.8.ab_b_r 
(-1, 1, 21), [3, 1, 1], 3.8.ab_b_v 
(-1, 1, 23), [3, 1, 3], 3.8.ab_b_x 
(-1, 1, 25), [3, 1, 1], 3.8.ab_b_z 
(-1, 1, 27), [3, 1, 3], 3.8.ab_b_bb 
(-1, 1, 29), [3, 1, 1], 3.8.ab_b_bd 
(-1, 1, 31), [3, 1, 3], 3.8.ab_b_bf 
(-1, 1, 33), [3, 1, 1], 3.8.ab_b_bh 
(-1, 3, -45), [3, 3, 3], 3.8.ab_d_abt 
(-1, 3, -41), [3, 3, 3], 3.8.ab_d_abp 
(-1, 3, -39), [3, 3, 1], 3.8.ab_d_abn 
(-1, 3, -37), [3, 3, 3], 3.8.ab_d_abl 
(-1, 3, -33), [3, 3, 3], 3.8.ab_d_abh 
(-1, 3, -31), [3, 3, 1], 3.8.ab_d_abf 
(-1, 3, -27), [3, 3, 1], 3.8.ab_d_abb 
(-1, 3, -25), [3, 3, 3], 3.8.ab_d_az 
(-1, 3, -23), [3, 3, 1], 3.8.ab_d_ax 
(-1, 3, -21), [3, 3, 3], 3.8.ab_d_av 
(-1, 3, -19), [3, 3, 1], 3.8.ab_d_at 
(-1, 3, -17), [3, 3, 3], 3.8.ab_d_ar 
(-1, 3, -15), [3, 3, 1], 3.8.ab_d_ap 
(-1, 3, -13), [3, 3, 3], 3.8.ab_d_an 
(-1, 3, -9), [3, 3, 3], 3.8.ab_d_aj 
(-1, 3, -7), [3, 3, 1], 3.8.ab_d_ah 
(-1, 3, -5), [3, 3, 3], 3.8.ab_d_af 
(-1, 3, -3), [3, 3, 1], 3.8.ab_d_ad 
(-1, 3, -1), [3, 3, 3], 3.8.ab_d_ab 
(-1, 3, 1), [3, 3, 1], 3.8.ab_d_b 
(-1, 3, 3), [3, 3, 3], 3.8.ab_d_d 
(-1, 3, 7), [3, 3, 3], 3.8.ab_d_h 
(-1, 3, 9), [3, 3, 1], 3.8.ab_d_j 
(-1, 3, 11), [3, 3, 3], 3.8.ab_d_l 
(-1, 3, 13), [3, 3, 1], 3.8.ab_d_n 
(-1, 3, 15), [3, 3, 3], 3.8.ab_d_p 
(-1, 3, 17), [3, 3, 1], 3.8.ab_d_r 
(-1, 3, 19), [3, 3, 3], 3.8.ab_d_t 
(-1, 3, 21), [3, 3, 1], 3.8.ab_d_v 
(-1, 3, 23), [3, 3, 3], 3.8.ab_d_x 
(-1, 3, 25), [3, 3, 1], 3.8.ab_d_z 
(-1, 3, 27), [3, 3, 3], 3.8.ab_d_bb 
(-1, 5, -41), [3, 1, 3], 3.8.ab_f_abp 
(-1, 5, -39), [3, 1, 1], 3.8.ab_f_abn 
(-1, 5, -35), [3, 1, 1], 3.8.ab_f_abj 
(-1, 5, -31), [3, 1, 1], 3.8.ab_f_abf 
(-1, 5, -29), [3, 1, 3], 3.8.ab_f_abd 
(-1, 5, -27), [3, 1, 1], 3.8.ab_f_abb 
(-1, 5, -25), [3, 1, 3], 3.8.ab_f_az 
(-1, 5, -23), [3, 1, 1], 3.8.ab_f_ax 
(-1, 5, -19), [3, 1, 1], 3.8.ab_f_at 
(-1, 5, -17), [3, 1, 3], 3.8.ab_f_ar 
(-1, 5, -15), [3, 1, 1], 3.8.ab_f_ap 
(-1, 5, -13), [3, 1, 3], 3.8.ab_f_an 
(-1, 5, -11), [3, 1, 1], 3.8.ab_f_al 
(-1, 5, -9), [3, 1, 3], 3.8.ab_f_aj 
(-1, 5, -7), [3, 1, 1], 3.8.ab_f_ah 
(-1, 5, -5), [3, 1, 3], 3.8.ab_f_af 
(-1, 5, -3), [3, 1, 1], 3.8.ab_f_ad 
(-1, 5, -1), [3, 1, 3], 3.8.ab_f_ab 
(-1, 5, 1), [3, 1, 1], 3.8.ab_f_b 
(-1, 5, 5), [3, 1, 1], 3.8.ab_f_f 
(-1, 5, 7), [3, 1, 3], 3.8.ab_f_h 
(-1, 5, 9), [3, 1, 1], 3.8.ab_f_j 
(-1, 5, 11), [3, 1, 3], 3.8.ab_f_l 
(-1, 5, 13), [3, 1, 1], 3.8.ab_f_n 
(-1, 5, 15), [3, 1, 3], 3.8.ab_f_p 
(-1, 5, 17), [3, 1, 1], 3.8.ab_f_r 
(-1, 5, 19), [3, 1, 3], 3.8.ab_f_t 
(-1, 5, 21), [3, 1, 1], 3.8.ab_f_v 
(-1, 7, -37), [3, 3, 3], 3.8.ab_h_abl 
(-1, 7, -35), [3, 3, 1], 3.8.ab_h_abj 
(-1, 7, -33), [3, 3, 3], 3.8.ab_h_abh 
(-1, 7, -29), [3, 3, 3], 3.8.ab_h_abd 
(-1, 7, -27), [3, 3, 1], 3.8.ab_h_abb 
(-1, 7, -25), [3, 3, 3], 3.8.ab_h_az 
(-1, 7, -23), [3, 3, 1], 3.8.ab_h_ax 
(-1, 7, -21), [3, 3, 3], 3.8.ab_h_av 
(-1, 7, -19), [3, 3, 1], 3.8.ab_h_at 
(-1, 7, -17), [3, 3, 3], 3.8.ab_h_ar 
(-1, 7, -15), [3, 3, 1], 3.8.ab_h_ap 
(-1, 7, -13), [3, 3, 3], 3.8.ab_h_an 
(-1, 7, -11), [3, 3, 1], 3.8.ab_h_al 
(-1, 7, -9), [3, 3, 3], 3.8.ab_h_aj 
(-1, 7, -7), [3, 3, 1], 3.8.ab_h_ah 
(-1, 7, -5), [3, 3, 3], 3.8.ab_h_af 
(-1, 7, -3), [3, 3, 1], 3.8.ab_h_ad 
(-1, 7, -1), [3, 3, 3], 3.8.ab_h_ab 
(-1, 7, 3), [3, 3, 3], 3.8.ab_h_d 
(-1, 7, 5), [3, 3, 1], 3.8.ab_h_f 
(-1, 7, 7), [3, 3, 3], 3.8.ab_h_h 
(-1, 7, 9), [3, 3, 1], 3.8.ab_h_j 
(-1, 7, 11), [3, 3, 3], 3.8.ab_h_l 
(-1, 7, 13), [3, 3, 1], 3.8.ab_h_n 
(-1, 7, 15), [3, 3, 3], 3.8.ab_h_p 
(-1, 9, -33), [3, 1, 3], 3.8.ab_j_abh 
(-1, 9, -31), [3, 1, 1], 3.8.ab_j_abf 
(-1, 9, -27), [3, 1, 1], 3.8.ab_j_abb 
(-1, 9, -23), [3, 1, 1], 3.8.ab_j_ax 
(-1, 9, -21), [3, 1, 3], 3.8.ab_j_av 
(-1, 9, -19), [3, 1, 1], 3.8.ab_j_at 
(-1, 9, -17), [3, 1, 3], 3.8.ab_j_ar 
(-1, 9, -15), [3, 1, 1], 3.8.ab_j_ap 
(-1, 9, -13), [3, 1, 3], 3.8.ab_j_an 
(-1, 9, -11), [3, 1, 1], 3.8.ab_j_al 
(-1, 9, -9), [3, 1, 3], 3.8.ab_j_aj 
(-1, 9, -7), [3, 1, 1], 3.8.ab_j_ah 
(-1, 9, -5), [3, 1, 3], 3.8.ab_j_af 
(-1, 9, 1), [3, 1, 1], 3.8.ab_j_b 
(-1, 9, 3), [3, 1, 3], 3.8.ab_j_d 
(-1, 9, 5), [3, 1, 1], 3.8.ab_j_f 
(-1, 9, 7), [3, 1, 3], 3.8.ab_j_h 
(-1, 9, 9), [3, 1, 1], 3.8.ab_j_j 
(-1, 11, -29), [3, 3, 3], 3.8.ab_l_abd 
(-1, 11, -25), [3, 3, 3], 3.8.ab_l_az 
(-1, 11, -23), [3, 3, 1], 3.8.ab_l_ax 
(-1, 11, -21), [3, 3, 3], 3.8.ab_l_av 
(-1, 11, -17), [3, 3, 3], 3.8.ab_l_ar 
(-1, 11, -15), [3, 3, 1], 3.8.ab_l_ap 
(-1, 11, -13), [3, 3, 3], 3.8.ab_l_an 
(-1, 11, -11), [3, 3, 1], 3.8.ab_l_al 
(-1, 11, -9), [3, 3, 3], 3.8.ab_l_aj 
(-1, 11, -7), [3, 3, 1], 3.8.ab_l_ah 
(-1, 11, -5), [3, 3, 3], 3.8.ab_l_af 
(-1, 11, -1), [3, 3, 3], 3.8.ab_l_ab 
(-1, 11, 1), [3, 3, 1], 3.8.ab_l_b 
(-1, 11, 3), [3, 3, 3], 3.8.ab_l_d 
(-1, 11, 7), [3, 3, 3], 3.8.ab_l_h 
(-1, 13, -23), [3, 1, 1], 3.8.ab_n_ax 
(-1, 13, -21), [3, 1, 3], 3.8.ab_n_av 
(-1, 13, -19), [3, 1, 1], 3.8.ab_n_at 
(-1, 13, -17), [3, 1, 3], 3.8.ab_n_ar 
(-1, 13, -15), [3, 1, 1], 3.8.ab_n_ap 
(-1, 13, -11), [3, 1, 1], 3.8.ab_n_al 
(-1, 13, -9), [3, 1, 3], 3.8.ab_n_aj 
(-1, 13, -7), [3, 1, 1], 3.8.ab_n_ah 
(-1, 13, -3), [3, 1, 1], 3.8.ab_n_ad 
(-1, 15, -21), [3, 3, 3], 3.8.ab_p_av 
(-1, 15, -19), [3, 3, 1], 3.8.ab_p_at 
(-1, 15, -17), [3, 3, 3], 3.8.ab_p_ar 
(-1, 15, -15), [3, 3, 1], 3.8.ab_p_ap 
(-1, 15, -13), [3, 3, 3], 3.8.ab_p_an 
(-1, 15, -11), [3, 3, 1], 3.8.ab_p_al 
(-1, 15, -9), [3, 3, 3], 3.8.ab_p_aj 
(-1, 15, -5), [3, 3, 3], 3.8.ab_p_af 
(-1, 15, -3), [3, 3, 1], 3.8.ab_p_ad 
(-1, 17, -19), [3, 1, 1], 3.8.ab_r_at 
(-1, 17, -17), [3, 1, 3], 3.8.ab_r_ar 
(-1, 17, -15), [3, 1, 1], 3.8.ab_r_ap 
(-1, 17, -11), [3, 1, 1], 3.8.ab_r_al 
(-1, 17, -7), [3, 1, 1], 3.8.ab_r_ah 
(-1, 19, -15), [3, 3, 1], 3.8.ab_t_ap 
(-1, 19, -13), [3, 3, 3], 3.8.ab_t_an 
(-1, 21, -15), [3, 1, 1], 3.8.ab_v_ap 
(0, -6, -11), [0, 2, 1], 3.8.a_ag_al 
(0, -6, -9), [0, 2, 3], 3.8.a_ag_aj 
(0, -6, -7), [0, 2, 1], 3.8.a_ag_ah 
(0, -6, -5), [0, 2, 3], 3.8.a_ag_af 
(0, -6, -3), [0, 2, 1], 3.8.a_ag_ad 
(0, -6, -1), [0, 2, 3], 3.8.a_ag_ab 
(0, -6, 1), [0, 2, 1], 3.8.a_ag_b 
(0, -6, 3), [0, 2, 3], 3.8.a_ag_d 
(0, -6, 5), [0, 2, 1], 3.8.a_ag_f 
(0, -6, 7), [0, 2, 3], 3.8.a_ag_h 
(0, -6, 9), [0, 2, 1], 3.8.a_ag_j 
(0, -6, 11), [0, 2, 3], 3.8.a_ag_l 
(0, -4, -21), [0, 0, 3], 3.8.a_ae_av 
(0, -4, -19), [0, 0, 1], 3.8.a_ae_at 
(0, -4, -17), [0, 0, 3], 3.8.a_ae_ar 
(0, -4, -13), [0, 0, 3], 3.8.a_ae_an 
(0, -4, -11), [0, 0, 1], 3.8.a_ae_al 
(0, -4, -9), [0, 0, 3], 3.8.a_ae_aj 
(0, -4, -7), [0, 0, 1], 3.8.a_ae_ah 
(0, -4, -5), [0, 0, 3], 3.8.a_ae_af 
(0, -4, -3), [0, 0, 1], 3.8.a_ae_ad 
(0, -4, -1), [0, 0, 3], 3.8.a_ae_ab 
(0, -4, 1), [0, 0, 1], 3.8.a_ae_b 
(0, -4, 3), [0, 0, 3], 3.8.a_ae_d 
(0, -4, 5), [0, 0, 1], 3.8.a_ae_f 
(0, -4, 7), [0, 0, 3], 3.8.a_ae_h 
(0, -4, 9), [0, 0, 1], 3.8.a_ae_j 
(0, -4, 11), [0, 0, 3], 3.8.a_ae_l 
(0, -4, 13), [0, 0, 1], 3.8.a_ae_n 
(0, -4, 17), [0, 0, 1], 3.8.a_ae_r 
(0, -4, 19), [0, 0, 3], 3.8.a_ae_t 
(0, -4, 21), [0, 0, 1], 3.8.a_ae_v 
(0, -2, -29), [0, 2, 3], 3.8.a_ac_abd 
(0, -2, -27), [0, 2, 1], 3.8.a_ac_abb 
(0, -2, -23), [0, 2, 1], 3.8.a_ac_ax 
(0, -2, -21), [0, 2, 3], 3.8.a_ac_av 
(0, -2, -19), [0, 2, 1], 3.8.a_ac_at 
(0, -2, -17), [0, 2, 3], 3.8.a_ac_ar 
(0, -2, -15), [0, 2, 1], 3.8.a_ac_ap 
(0, -2, -13), [0, 2, 3], 3.8.a_ac_an 
(0, -2, -11), [0, 2, 1], 3.8.a_ac_al 
(0, -2, -9), [0, 2, 3], 3.8.a_ac_aj 
(0, -2, -7), [0, 2, 1], 3.8.a_ac_ah 
(0, -2, -3), [0, 2, 1], 3.8.a_ac_ad 
(0, -2, -1), [0, 2, 3], 3.8.a_ac_ab 
(0, -2, 1), [0, 2, 1], 3.8.a_ac_b 
(0, -2, 3), [0, 2, 3], 3.8.a_ac_d 
(0, -2, 7), [0, 2, 3], 3.8.a_ac_h 
(0, -2, 9), [0, 2, 1], 3.8.a_ac_j 
(0, -2, 11), [0, 2, 3], 3.8.a_ac_l 
(0, -2, 13), [0, 2, 1], 3.8.a_ac_n 
(0, -2, 15), [0, 2, 3], 3.8.a_ac_p 
(0, -2, 17), [0, 2, 1], 3.8.a_ac_r 
(0, -2, 19), [0, 2, 3], 3.8.a_ac_t 
(0, -2, 21), [0, 2, 1], 3.8.a_ac_v 
(0, -2, 23), [0, 2, 3], 3.8.a_ac_x 
(0, -2, 27), [0, 2, 3], 3.8.a_ac_bb 
(0, -2, 29), [0, 2, 1], 3.8.a_ac_bd 
(0, 0, -43), [0, 0, 1], 3.8.a_a_abr 
(0, 0, -41), [0, 0, 3], 3.8.a_a_abp 
(0, 0, -39), [0, 0, 1], 3.8.a_a_abn 
(0, 0, -37), [0, 0, 3], 3.8.a_a_abl 
(0, 0, -33), [0, 0, 3], 3.8.a_a_abh 
(0, 0, -31), [0, 0, 1], 3.8.a_a_abf 
(0, 0, -29), [0, 0, 3], 3.8.a_a_abd 
(0, 0, -27), [0, 0, 1], 3.8.a_a_abb 
(0, 0, -25), [0, 0, 3], 3.8.a_a_az 
(0, 0, -21), [0, 0, 3], 3.8.a_a_av 
(0, 0, -19), [0, 0, 1], 3.8.a_a_at 
(0, 0, -17), [0, 0, 3], 3.8.a_a_ar 
(0, 0, -15), [0, 0, 1], 3.8.a_a_ap 
(0, 0, -13), [0, 0, 3], 3.8.a_a_an 
(0, 0, -11), [0, 0, 1], 3.8.a_a_al 
(0, 0, -9), [0, 0, 3], 3.8.a_a_aj 
(0, 0, -7), [0, 0, 1], 3.8.a_a_ah 
(0, 0, -3), [0, 0, 1], 3.8.a_a_ad 
(0, 0, -1), [0, 0, 3], 3.8.a_a_ab 
(0, 0, 1), [0, 0, 1], 3.8.a_a_b 
(0, 0, 3), [0, 0, 3], 3.8.a_a_d 
(0, 0, 7), [0, 0, 3], 3.8.a_a_h 
(0, 0, 9), [0, 0, 1], 3.8.a_a_j 
(0, 0, 11), [0, 0, 3], 3.8.a_a_l 
(0, 0, 13), [0, 0, 1], 3.8.a_a_n 
(0, 0, 15), [0, 0, 3], 3.8.a_a_p 
(0, 0, 17), [0, 0, 1], 3.8.a_a_r 
(0, 0, 19), [0, 0, 3], 3.8.a_a_t 
(0, 0, 21), [0, 0, 1], 3.8.a_a_v 
(0, 0, 25), [0, 0, 1], 3.8.a_a_z 
(0, 0, 27), [0, 0, 3], 3.8.a_a_bb 
(0, 0, 29), [0, 0, 1], 3.8.a_a_bd 
(0, 0, 31), [0, 0, 3], 3.8.a_a_bf 
(0, 0, 33), [0, 0, 1], 3.8.a_a_bh 
(0, 0, 37), [0, 0, 1], 3.8.a_a_bl 
(0, 0, 39), [0, 0, 3], 3.8.a_a_bn 
(0, 0, 41), [0, 0, 1], 3.8.a_a_bp 
(0, 0, 43), [0, 0, 3], 3.8.a_a_br 
(0, 2, -37), [0, 2, 3], 3.8.a_c_abl 
(0, 2, -35), [0, 2, 1], 3.8.a_c_abj 
(0, 2, -33), [0, 2, 3], 3.8.a_c_abh 
(0, 2, -31), [0, 2, 1], 3.8.a_c_abf 
(0, 2, -29), [0, 2, 3], 3.8.a_c_abd 
(0, 2, -27), [0, 2, 1], 3.8.a_c_abb 
(0, 2, -25), [0, 2, 3], 3.8.a_c_az 
(0, 2, -23), [0, 2, 1], 3.8.a_c_ax 
(0, 2, -19), [0, 2, 1], 3.8.a_c_at 
(0, 2, -17), [0, 2, 3], 3.8.a_c_ar 
(0, 2, -13), [0, 2, 3], 3.8.a_c_an 
(0, 2, -11), [0, 2, 1], 3.8.a_c_al 
(0, 2, -9), [0, 2, 3], 3.8.a_c_aj 
(0, 2, -7), [0, 2, 1], 3.8.a_c_ah 
(0, 2, -5), [0, 2, 3], 3.8.a_c_af 
(0, 2, -3), [0, 2, 1], 3.8.a_c_ad 
(0, 2, -1), [0, 2, 3], 3.8.a_c_ab 
(0, 2, 1), [0, 2, 1], 3.8.a_c_b 
(0, 2, 3), [0, 2, 3], 3.8.a_c_d 
(0, 2, 5), [0, 2, 1], 3.8.a_c_f 
(0, 2, 7), [0, 2, 3], 3.8.a_c_h 
(0, 2, 9), [0, 2, 1], 3.8.a_c_j 
(0, 2, 11), [0, 2, 3], 3.8.a_c_l 
(0, 2, 13), [0, 2, 1], 3.8.a_c_n 
(0, 2, 17), [0, 2, 1], 3.8.a_c_r 
(0, 2, 19), [0, 2, 3], 3.8.a_c_t 
(0, 2, 23), [0, 2, 3], 3.8.a_c_x 
(0, 2, 25), [0, 2, 1], 3.8.a_c_z 
(0, 2, 27), [0, 2, 3], 3.8.a_c_bb 
(0, 2, 29), [0, 2, 1], 3.8.a_c_bd 
(0, 2, 31), [0, 2, 3], 3.8.a_c_bf 
(0, 2, 33), [0, 2, 1], 3.8.a_c_bh 
(0, 2, 35), [0, 2, 3], 3.8.a_c_bj 
(0, 2, 37), [0, 2, 1], 3.8.a_c_bl 
(0, 4, -31), [0, 0, 1], 3.8.a_e_abf 
(0, 4, -29), [0, 0, 3], 3.8.a_e_abd 
(0, 4, -27), [0, 0, 1], 3.8.a_e_abb 
(0, 4, -23), [0, 0, 1], 3.8.a_e_ax 
(0, 4, -21), [0, 0, 3], 3.8.a_e_av 
(0, 4, -17), [0, 0, 3], 3.8.a_e_ar 
(0, 4, -15), [0, 0, 1], 3.8.a_e_ap 
(0, 4, -13), [0, 0, 3], 3.8.a_e_an 
(0, 4, -11), [0, 0, 1], 3.8.a_e_al 
(0, 4, -9), [0, 0, 3], 3.8.a_e_aj 
(0, 4, -7), [0, 0, 1], 3.8.a_e_ah 
(0, 4, -5), [0, 0, 3], 3.8.a_e_af 
(0, 4, -3), [0, 0, 1], 3.8.a_e_ad 
(0, 4, -1), [0, 0, 3], 3.8.a_e_ab 
(0, 4, 1), [0, 0, 1], 3.8.a_e_b 
(0, 4, 3), [0, 0, 3], 3.8.a_e_d 
(0, 4, 5), [0, 0, 1], 3.8.a_e_f 
(0, 4, 7), [0, 0, 3], 3.8.a_e_h 
(0, 4, 9), [0, 0, 1], 3.8.a_e_j 
(0, 4, 11), [0, 0, 3], 3.8.a_e_l 
(0, 4, 13), [0, 0, 1], 3.8.a_e_n 
(0, 4, 15), [0, 0, 3], 3.8.a_e_p 
(0, 4, 17), [0, 0, 1], 3.8.a_e_r 
(0, 4, 21), [0, 0, 1], 3.8.a_e_v 
(0, 4, 23), [0, 0, 3], 3.8.a_e_x 
(0, 4, 27), [0, 0, 3], 3.8.a_e_bb 
(0, 4, 29), [0, 0, 1], 3.8.a_e_bd 
(0, 4, 31), [0, 0, 3], 3.8.a_e_bf 
(0, 6, -29), [0, 2, 3], 3.8.a_g_abd 
(0, 6, -25), [0, 2, 3], 3.8.a_g_az 
(0, 6, -23), [0, 2, 1], 3.8.a_g_ax 
(0, 6, -21), [0, 2, 3], 3.8.a_g_av 
(0, 6, -19), [0, 2, 1], 3.8.a_g_at 
(0, 6, -15), [0, 2, 1], 3.8.a_g_ap 
(0, 6, -13), [0, 2, 3], 3.8.a_g_an 
(0, 6, -11), [0, 2, 1], 3.8.a_g_al 
(0, 6, -9), [0, 2, 3], 3.8.a_g_aj 
(0, 6, -7), [0, 2, 1], 3.8.a_g_ah 
(0, 6, -5), [0, 2, 3], 3.8.a_g_af 
(0, 6, -3), [0, 2, 1], 3.8.a_g_ad 
(0, 6, -1), [0, 2, 3], 3.8.a_g_ab 
(0, 6, 1), [0, 2, 1], 3.8.a_g_b 
(0, 6, 3), [0, 2, 3], 3.8.a_g_d 
(0, 6, 5), [0, 2, 1], 3.8.a_g_f 
(0, 6, 7), [0, 2, 3], 3.8.a_g_h 
(0, 6, 9), [0, 2, 1], 3.8.a_g_j 
(0, 6, 11), [0, 2, 3], 3.8.a_g_l 
(0, 6, 13), [0, 2, 1], 3.8.a_g_n 
(0, 6, 15), [0, 2, 3], 3.8.a_g_p 
(0, 6, 19), [0, 2, 3], 3.8.a_g_t 
(0, 6, 21), [0, 2, 1], 3.8.a_g_v 
(0, 6, 23), [0, 2, 3], 3.8.a_g_x 
(0, 6, 25), [0, 2, 1], 3.8.a_g_z 
(0, 6, 29), [0, 2, 1], 3.8.a_g_bd 
(0, 8, -23), [0, 0, 1], 3.8.a_i_ax 
(0, 8, -19), [0, 0, 1], 3.8.a_i_at 
(0, 8, -17), [0, 0, 3], 3.8.a_i_ar 
(0, 8, -13), [0, 0, 3], 3.8.a_i_an 
(0, 8, -11), [0, 0, 1], 3.8.a_i_al 
(0, 8, -9), [0, 0, 3], 3.8.a_i_aj 
(0, 8, -7), [0, 0, 1], 3.8.a_i_ah 
(0, 8, -5), [0, 0, 3], 3.8.a_i_af 
(0, 8, -3), [0, 0, 1], 3.8.a_i_ad 
(0, 8, -1), [0, 0, 3], 3.8.a_i_ab 
(0, 8, 1), [0, 0, 1], 3.8.a_i_b 
(0, 8, 3), [0, 0, 3], 3.8.a_i_d 
(0, 8, 5), [0, 0, 1], 3.8.a_i_f 
(0, 8, 7), [0, 0, 3], 3.8.a_i_h 
(0, 8, 9), [0, 0, 1], 3.8.a_i_j 
(0, 8, 11), [0, 0, 3], 3.8.a_i_l 
(0, 8, 13), [0, 0, 1], 3.8.a_i_n 
(0, 8, 17), [0, 0, 1], 3.8.a_i_r 
(0, 8, 19), [0, 0, 3], 3.8.a_i_t 
(0, 8, 23), [0, 0, 3], 3.8.a_i_x 
(0, 10, -19), [0, 2, 1], 3.8.a_k_at 
(0, 10, -17), [0, 2, 3], 3.8.a_k_ar 
(0, 10, -11), [0, 2, 1], 3.8.a_k_al 
(0, 10, -9), [0, 2, 3], 3.8.a_k_aj 
(0, 10, -7), [0, 2, 1], 3.8.a_k_ah 
(0, 10, -5), [0, 2, 3], 3.8.a_k_af 
(0, 10, -3), [0, 2, 1], 3.8.a_k_ad 
(0, 10, -1), [0, 2, 3], 3.8.a_k_ab 
(0, 10, 1), [0, 2, 1], 3.8.a_k_b 
(0, 10, 3), [0, 2, 3], 3.8.a_k_d 
(0, 10, 5), [0, 2, 1], 3.8.a_k_f 
(0, 10, 7), [0, 2, 3], 3.8.a_k_h 
(0, 10, 9), [0, 2, 1], 3.8.a_k_j 
(0, 10, 11), [0, 2, 3], 3.8.a_k_l 
(0, 10, 17), [0, 2, 1], 3.8.a_k_r 
(0, 10, 19), [0, 2, 3], 3.8.a_k_t 
(0, 12, -15), [0, 0, 1], 3.8.a_m_ap 
(0, 12, -13), [0, 0, 3], 3.8.a_m_an 
(0, 12, -7), [0, 0, 1], 3.8.a_m_ah 
(0, 12, -5), [0, 0, 3], 3.8.a_m_af 
(0, 12, -3), [0, 0, 1], 3.8.a_m_ad 
(0, 12, -1), [0, 0, 3], 3.8.a_m_ab 
(0, 12, 1), [0, 0, 1], 3.8.a_m_b 
(0, 12, 3), [0, 0, 3], 3.8.a_m_d 
(0, 12, 5), [0, 0, 1], 3.8.a_m_f 
(0, 12, 7), [0, 0, 3], 3.8.a_m_h 
(0, 12, 13), [0, 0, 1], 3.8.a_m_n 
(0, 12, 15), [0, 0, 3], 3.8.a_m_p 
(0, 14, -11), [0, 2, 1], 3.8.a_o_al 
(0, 14, -7), [0, 2, 1], 3.8.a_o_ah 
(0, 14, -5), [0, 2, 3], 3.8.a_o_af 
(0, 14, -1), [0, 2, 3], 3.8.a_o_ab 
(0, 14, 1), [0, 2, 1], 3.8.a_o_b 
(0, 14, 5), [0, 2, 1], 3.8.a_o_f 
(0, 14, 7), [0, 2, 3], 3.8.a_o_h 
(0, 14, 11), [0, 2, 3], 3.8.a_o_l 
(0, 16, -5), [0, 0, 3], 3.8.a_q_af 
(0, 16, -1), [0, 0, 3], 3.8.a_q_ab 
(0, 16, 1), [0, 0, 1], 3.8.a_q_b 
(0, 16, 5), [0, 0, 1], 3.8.a_q_f 
(0, 18, -3), [0, 2, 1], 3.8.a_s_ad 
(0, 18, -1), [0, 2, 3], 3.8.a_s_ab 
(0, 18, 1), [0, 2, 1], 3.8.a_s_b 
(0, 18, 3), [0, 2, 3], 3.8.a_s_d 
(0, 20, -1), [0, 0, 3], 3.8.a_u_ab 
(0, 20, 1), [0, 0, 1], 3.8.a_u_b 
(1, -7, -19), [1, 1, 1], 3.8.b_ah_at 
(1, -7, -17), [1, 1, 3], 3.8.b_ah_ar 
(1, -7, -13), [1, 1, 3], 3.8.b_ah_an 
(1, -7, -11), [1, 1, 1], 3.8.b_ah_al 
(1, -5, -31), [1, 3, 1], 3.8.b_af_abf 
(1, -5, -27), [1, 3, 1], 3.8.b_af_abb 
(1, -5, -25), [1, 3, 3], 3.8.b_af_az 
(1, -5, -23), [1, 3, 1], 3.8.b_af_ax 
(1, -5, -21), [1, 3, 3], 3.8.b_af_av 
(1, -5, -17), [1, 3, 3], 3.8.b_af_ar 
(1, -5, -15), [1, 3, 1], 3.8.b_af_ap 
(1, -5, -11), [1, 3, 1], 3.8.b_af_al 
(1, -5, -9), [1, 3, 3], 3.8.b_af_aj 
(1, -5, -7), [1, 3, 1], 3.8.b_af_ah 
(1, -5, -5), [1, 3, 3], 3.8.b_af_af 
(1, -5, -3), [1, 3, 1], 3.8.b_af_ad 
(1, -5, -1), [1, 3, 3], 3.8.b_af_ab 
(1, -3, -43), [1, 1, 1], 3.8.b_ad_abr 
(1, -3, -41), [1, 1, 3], 3.8.b_ad_abp 
(1, -3, -39), [1, 1, 1], 3.8.b_ad_abn 
(1, -3, -35), [1, 1, 1], 3.8.b_ad_abj 
(1, -3, -33), [1, 1, 3], 3.8.b_ad_abh 
(1, -3, -31), [1, 1, 1], 3.8.b_ad_abf 
(1, -3, -29), [1, 1, 3], 3.8.b_ad_abd 
(1, -3, -27), [1, 1, 1], 3.8.b_ad_abb 
(1, -3, -25), [1, 1, 3], 3.8.b_ad_az 
(1, -3, -23), [1, 1, 1], 3.8.b_ad_ax 
(1, -3, -21), [1, 1, 3], 3.8.b_ad_av 
(1, -3, -17), [1, 1, 3], 3.8.b_ad_ar 
(1, -3, -15), [1, 1, 1], 3.8.b_ad_ap 
(1, -3, -13), [1, 1, 3], 3.8.b_ad_an 
(1, -3, -9), [1, 1, 3], 3.8.b_ad_aj 
(1, -3, -7), [1, 1, 1], 3.8.b_ad_ah 
(1, -3, -5), [1, 1, 3], 3.8.b_ad_af 
(1, -3, -3), [1, 1, 1], 3.8.b_ad_ad 
(1, -3, -1), [1, 1, 3], 3.8.b_ad_ab 
(1, -3, 3), [1, 1, 3], 3.8.b_ad_d 
(1, -3, 5), [1, 1, 1], 3.8.b_ad_f 
(1, -3, 7), [1, 1, 3], 3.8.b_ad_h 
(1, -3, 9), [1, 1, 1], 3.8.b_ad_j 
(1, -1, -37), [1, 3, 3], 3.8.b_ab_abl 
(1, -1, -35), [1, 3, 1], 3.8.b_ab_abj 
(1, -1, -33), [1, 3, 3], 3.8.b_ab_abh 
(1, -1, -31), [1, 3, 1], 3.8.b_ab_abf 
(1, -1, -29), [1, 3, 3], 3.8.b_ab_abd 
(1, -1, -27), [1, 3, 1], 3.8.b_ab_abb 
(1, -1, -25), [1, 3, 3], 3.8.b_ab_az 
(1, -1, -23), [1, 3, 1], 3.8.b_ab_ax 
(1, -1, -21), [1, 3, 3], 3.8.b_ab_av 
(1, -1, -19), [1, 3, 1], 3.8.b_ab_at 
(1, -1, -17), [1, 3, 3], 3.8.b_ab_ar 
(1, -1, -15), [1, 3, 1], 3.8.b_ab_ap 
(1, -1, -13), [1, 3, 3], 3.8.b_ab_an 
(1, -1, -11), [1, 3, 1], 3.8.b_ab_al 
(1, -1, -7), [1, 3, 1], 3.8.b_ab_ah 
(1, -1, -5), [1, 3, 3], 3.8.b_ab_af 
(1, -1, -3), [1, 3, 1], 3.8.b_ab_ad 
(1, -1, -1), [1, 3, 3], 3.8.b_ab_ab 
(1, -1, 1), [1, 3, 1], 3.8.b_ab_b 
(1, -1, 3), [1, 3, 3], 3.8.b_ab_d 
(1, -1, 5), [1, 3, 1], 3.8.b_ab_f 
(1, -1, 7), [1, 3, 3], 3.8.b_ab_h 
(1, -1, 9), [1, 3, 1], 3.8.b_ab_j 
(1, -1, 11), [1, 3, 3], 3.8.b_ab_l 
(1, -1, 13), [1, 3, 1], 3.8.b_ab_n 
(1, -1, 15), [1, 3, 3], 3.8.b_ab_p 
(1, -1, 19), [1, 3, 3], 3.8.b_ab_t 
(1, -1, 21), [1, 3, 1], 3.8.b_ab_v 
(1, -1, 23), [1, 3, 3], 3.8.b_ab_x 
(1, 1, -33), [1, 1, 3], 3.8.b_b_abh 
(1, 1, -31), [1, 1, 1], 3.8.b_b_abf 
(1, 1, -29), [1, 1, 3], 3.8.b_b_abd 
(1, 1, -27), [1, 1, 1], 3.8.b_b_abb 
(1, 1, -25), [1, 1, 3], 3.8.b_b_az 
(1, 1, -23), [1, 1, 1], 3.8.b_b_ax 
(1, 1, -21), [1, 1, 3], 3.8.b_b_av 
(1, 1, -17), [1, 1, 3], 3.8.b_b_ar 
(1, 1, -15), [1, 1, 1], 3.8.b_b_ap 
(1, 1, -13), [1, 1, 3], 3.8.b_b_an 
(1, 1, -11), [1, 1, 1], 3.8.b_b_al 
(1, 1, -9), [1, 1, 3], 3.8.b_b_aj 
(1, 1, -5), [1, 1, 3], 3.8.b_b_af 
(1, 1, -3), [1, 1, 1], 3.8.b_b_ad 
(1, 1, -1), [1, 1, 3], 3.8.b_b_ab 
(1, 1, 3), [1, 1, 3], 3.8.b_b_d 
(1, 1, 5), [1, 1, 1], 3.8.b_b_f 
(1, 1, 7), [1, 1, 3], 3.8.b_b_h 
(1, 1, 9), [1, 1, 1], 3.8.b_b_j 
(1, 1, 11), [1, 1, 3], 3.8.b_b_l 
(1, 1, 13), [1, 1, 1], 3.8.b_b_n 
(1, 1, 15), [1, 1, 3], 3.8.b_b_p 
(1, 1, 17), [1, 1, 1], 3.8.b_b_r 
(1, 1, 19), [1, 1, 3], 3.8.b_b_t 
(1, 1, 21), [1, 1, 1], 3.8.b_b_v 
(1, 1, 23), [1, 1, 3], 3.8.b_b_x 
(1, 1, 25), [1, 1, 1], 3.8.b_b_z 
(1, 1, 27), [1, 1, 3], 3.8.b_b_bb 
(1, 1, 29), [1, 1, 1], 3.8.b_b_bd 
(1, 1, 31), [1, 1, 3], 3.8.b_b_bf 
(1, 1, 33), [1, 1, 1], 3.8.b_b_bh 
(1, 3, -27), [1, 3, 1], 3.8.b_d_abb 
(1, 3, -25), [1, 3, 3], 3.8.b_d_az 
(1, 3, -23), [1, 3, 1], 3.8.b_d_ax 
(1, 3, -21), [1, 3, 3], 3.8.b_d_av 
(1, 3, -19), [1, 3, 1], 3.8.b_d_at 
(1, 3, -17), [1, 3, 3], 3.8.b_d_ar 
(1, 3, -15), [1, 3, 1], 3.8.b_d_ap 
(1, 3, -13), [1, 3, 3], 3.8.b_d_an 
(1, 3, -11), [1, 3, 1], 3.8.b_d_al 
(1, 3, -9), [1, 3, 3], 3.8.b_d_aj 
(1, 3, -7), [1, 3, 1], 3.8.b_d_ah 
(1, 3, -3), [1, 3, 1], 3.8.b_d_ad 
(1, 3, -1), [1, 3, 3], 3.8.b_d_ab 
(1, 3, 1), [1, 3, 1], 3.8.b_d_b 
(1, 3, 3), [1, 3, 3], 3.8.b_d_d 
(1, 3, 5), [1, 3, 1], 3.8.b_d_f 
(1, 3, 7), [1, 3, 3], 3.8.b_d_h 
(1, 3, 9), [1, 3, 1], 3.8.b_d_j 
(1, 3, 13), [1, 3, 1], 3.8.b_d_n 
(1, 3, 15), [1, 3, 3], 3.8.b_d_p 
(1, 3, 17), [1, 3, 1], 3.8.b_d_r 
(1, 3, 19), [1, 3, 3], 3.8.b_d_t 
(1, 3, 21), [1, 3, 1], 3.8.b_d_v 
(1, 3, 23), [1, 3, 3], 3.8.b_d_x 
(1, 3, 25), [1, 3, 1], 3.8.b_d_z 
(1, 3, 27), [1, 3, 3], 3.8.b_d_bb 
(1, 3, 31), [1, 3, 3], 3.8.b_d_bf 
(1, 3, 33), [1, 3, 1], 3.8.b_d_bh 
(1, 3, 37), [1, 3, 1], 3.8.b_d_bl 
(1, 3, 39), [1, 3, 3], 3.8.b_d_bn 
(1, 3, 41), [1, 3, 1], 3.8.b_d_bp 
(1, 3, 45), [1, 3, 1], 3.8.b_d_bt 
(1, 5, -21), [1, 1, 3], 3.8.b_f_av 
(1, 5, -19), [1, 1, 1], 3.8.b_f_at 
(1, 5, -17), [1, 1, 3], 3.8.b_f_ar 
(1, 5, -15), [1, 1, 1], 3.8.b_f_ap 
(1, 5, -13), [1, 1, 3], 3.8.b_f_an 
(1, 5, -11), [1, 1, 1], 3.8.b_f_al 
(1, 5, -9), [1, 1, 3], 3.8.b_f_aj 
(1, 5, -7), [1, 1, 1], 3.8.b_f_ah 
(1, 5, -5), [1, 1, 3], 3.8.b_f_af 
(1, 5, -1), [1, 1, 3], 3.8.b_f_ab 
(1, 5, 1), [1, 1, 1], 3.8.b_f_b 
(1, 5, 3), [1, 1, 3], 3.8.b_f_d 
(1, 5, 5), [1, 1, 1], 3.8.b_f_f 
(1, 5, 7), [1, 1, 3], 3.8.b_f_h 
(1, 5, 9), [1, 1, 1], 3.8.b_f_j 
(1, 5, 11), [1, 1, 3], 3.8.b_f_l 
(1, 5, 13), [1, 1, 1], 3.8.b_f_n 
(1, 5, 15), [1, 1, 3], 3.8.b_f_p 
(1, 5, 17), [1, 1, 1], 3.8.b_f_r 
(1, 5, 19), [1, 1, 3], 3.8.b_f_t 
(1, 5, 23), [1, 1, 3], 3.8.b_f_x 
(1, 5, 25), [1, 1, 1], 3.8.b_f_z 
(1, 5, 27), [1, 1, 3], 3.8.b_f_bb 
(1, 5, 29), [1, 1, 1], 3.8.b_f_bd 
(1, 5, 31), [1, 1, 3], 3.8.b_f_bf 
(1, 5, 35), [1, 1, 3], 3.8.b_f_bj 
(1, 5, 39), [1, 1, 3], 3.8.b_f_bn 
(1, 5, 41), [1, 1, 1], 3.8.b_f_bp 
(1, 7, -15), [1, 3, 1], 3.8.b_h_ap 
(1, 7, -13), [1, 3, 3], 3.8.b_h_an 
(1, 7, -11), [1, 3, 1], 3.8.b_h_al 
(1, 7, -9), [1, 3, 3], 3.8.b_h_aj 
(1, 7, -7), [1, 3, 1], 3.8.b_h_ah 
(1, 7, -5), [1, 3, 3], 3.8.b_h_af 
(1, 7, -3), [1, 3, 1], 3.8.b_h_ad 
(1, 7, 1), [1, 3, 1], 3.8.b_h_b 
(1, 7, 3), [1, 3, 3], 3.8.b_h_d 
(1, 7, 5), [1, 3, 1], 3.8.b_h_f 
(1, 7, 7), [1, 3, 3], 3.8.b_h_h 
(1, 7, 9), [1, 3, 1], 3.8.b_h_j 
(1, 7, 11), [1, 3, 3], 3.8.b_h_l 
(1, 7, 13), [1, 3, 1], 3.8.b_h_n 
(1, 7, 15), [1, 3, 3], 3.8.b_h_p 
(1, 7, 17), [1, 3, 1], 3.8.b_h_r 
(1, 7, 19), [1, 3, 3], 3.8.b_h_t 
(1, 7, 21), [1, 3, 1], 3.8.b_h_v 
(1, 7, 23), [1, 3, 3], 3.8.b_h_x 
(1, 7, 25), [1, 3, 1], 3.8.b_h_z 
(1, 7, 27), [1, 3, 3], 3.8.b_h_bb 
(1, 7, 29), [1, 3, 1], 3.8.b_h_bd 
(1, 7, 33), [1, 3, 1], 3.8.b_h_bh 
(1, 7, 35), [1, 3, 3], 3.8.b_h_bj 
(1, 7, 37), [1, 3, 1], 3.8.b_h_bl 
(1, 9, -9), [1, 1, 3], 3.8.b_j_aj 
(1, 9, -7), [1, 1, 1], 3.8.b_j_ah 
(1, 9, -5), [1, 1, 3], 3.8.b_j_af 
(1, 9, -3), [1, 1, 1], 3.8.b_j_ad 
(1, 9, -1), [1, 1, 3], 3.8.b_j_ab 
(1, 9, 5), [1, 1, 1], 3.8.b_j_f 
(1, 9, 7), [1, 1, 3], 3.8.b_j_h 
(1, 9, 9), [1, 1, 1], 3.8.b_j_j 
(1, 9, 11), [1, 1, 3], 3.8.b_j_l 
(1, 9, 13), [1, 1, 1], 3.8.b_j_n 
(1, 9, 15), [1, 1, 3], 3.8.b_j_p 
(1, 9, 17), [1, 1, 1], 3.8.b_j_r 
(1, 9, 19), [1, 1, 3], 3.8.b_j_t 
(1, 9, 21), [1, 1, 1], 3.8.b_j_v 
(1, 9, 23), [1, 1, 3], 3.8.b_j_x 
(1, 9, 27), [1, 1, 3], 3.8.b_j_bb 
(1, 9, 31), [1, 1, 3], 3.8.b_j_bf 
(1, 9, 33), [1, 1, 1], 3.8.b_j_bh 
(1, 11, -7), [1, 3, 1], 3.8.b_l_ah 
(1, 11, -3), [1, 3, 1], 3.8.b_l_ad 
(1, 11, -1), [1, 3, 3], 3.8.b_l_ab 
(1, 11, 1), [1, 3, 1], 3.8.b_l_b 
(1, 11, 5), [1, 3, 1], 3.8.b_l_f 
(1, 11, 7), [1, 3, 3], 3.8.b_l_h 
(1, 11, 9), [1, 3, 1], 3.8.b_l_j 
(1, 11, 11), [1, 3, 3], 3.8.b_l_l 
(1, 11, 13), [1, 3, 1], 3.8.b_l_n 
(1, 11, 15), [1, 3, 3], 3.8.b_l_p 
(1, 11, 17), [1, 3, 1], 3.8.b_l_r 
(1, 11, 21), [1, 3, 1], 3.8.b_l_v 
(1, 11, 23), [1, 3, 3], 3.8.b_l_x 
(1, 11, 25), [1, 3, 1], 3.8.b_l_z 
(1, 11, 29), [1, 3, 1], 3.8.b_l_bd 
(1, 13, 3), [1, 1, 3], 3.8.b_n_d 
(1, 13, 7), [1, 1, 3], 3.8.b_n_h 
(1, 13, 9), [1, 1, 1], 3.8.b_n_j 
(1, 13, 11), [1, 1, 3], 3.8.b_n_l 
(1, 13, 15), [1, 1, 3], 3.8.b_n_p 
(1, 13, 17), [1, 1, 1], 3.8.b_n_r 
(1, 13, 19), [1, 1, 3], 3.8.b_n_t 
(1, 13, 21), [1, 1, 1], 3.8.b_n_v 
(1, 13, 23), [1, 1, 3], 3.8.b_n_x 
(1, 15, 3), [1, 3, 3], 3.8.b_p_d 
(1, 15, 5), [1, 3, 1], 3.8.b_p_f 
(1, 15, 9), [1, 3, 1], 3.8.b_p_j 
(1, 15, 11), [1, 3, 3], 3.8.b_p_l 
(1, 15, 13), [1, 3, 1], 3.8.b_p_n 
(1, 15, 15), [1, 3, 3], 3.8.b_p_p 
(1, 15, 17), [1, 3, 1], 3.8.b_p_r 
(1, 15, 19), [1, 3, 3], 3.8.b_p_t 
(1, 15, 21), [1, 3, 1], 3.8.b_p_v 
(1, 17, 7), [1, 1, 3], 3.8.b_r_h 
(1, 17, 11), [1, 1, 3], 3.8.b_r_l 
(1, 17, 15), [1, 1, 3], 3.8.b_r_p 
(1, 17, 17), [1, 1, 1], 3.8.b_r_r 
(1, 17, 19), [1, 1, 3], 3.8.b_r_t 
(1, 19, 13), [1, 3, 1], 3.8.b_t_n 
(1, 19, 15), [1, 3, 3], 3.8.b_t_p 
(1, 21, 15), [1, 1, 3], 3.8.b_v_p 
(2, -6, -41), [2, 2, 3], 3.8.c_ag_abp 
(2, -6, -39), [2, 2, 1], 3.8.c_ag_abn 
(2, -6, -31), [2, 2, 1], 3.8.c_ag_abf 
(2, -6, -29), [2, 2, 3], 3.8.c_ag_abd 
(2, -6, -27), [2, 2, 1], 3.8.c_ag_abb 
(2, -6, -23), [2, 2, 1], 3.8.c_ag_ax 
(2, -6, -21), [2, 2, 3], 3.8.c_ag_av 
(2, -4, -47), [2, 0, 1], 3.8.c_ae_abv 
(2, -4, -41), [2, 0, 3], 3.8.c_ae_abp 
(2, -4, -39), [2, 0, 1], 3.8.c_ae_abn 
(2, -4, -37), [2, 0, 3], 3.8.c_ae_abl 
(2, -4, -35), [2, 0, 1], 3.8.c_ae_abj 
(2, -4, -31), [2, 0, 1], 3.8.c_ae_abf 
(2, -4, -29), [2, 0, 3], 3.8.c_ae_abd 
(2, -4, -27), [2, 0, 1], 3.8.c_ae_abb 
(2, -4, -25), [2, 0, 3], 3.8.c_ae_az 
(2, -4, -23), [2, 0, 1], 3.8.c_ae_ax 
(2, -4, -21), [2, 0, 3], 3.8.c_ae_av 
(2, -4, -19), [2, 0, 1], 3.8.c_ae_at 
(2, -4, -17), [2, 0, 3], 3.8.c_ae_ar 
(2, -4, -15), [2, 0, 1], 3.8.c_ae_ap 
(2, -4, -13), [2, 0, 3], 3.8.c_ae_an 
(2, -4, -11), [2, 0, 1], 3.8.c_ae_al 
(2, -2, -39), [2, 2, 1], 3.8.c_ac_abn 
(2, -2, -35), [2, 2, 1], 3.8.c_ac_abj 
(2, -2, -33), [2, 2, 3], 3.8.c_ac_abh 
(2, -2, -31), [2, 2, 1], 3.8.c_ac_abf 
(2, -2, -29), [2, 2, 3], 3.8.c_ac_abd 
(2, -2, -27), [2, 2, 1], 3.8.c_ac_abb 
(2, -2, -25), [2, 2, 3], 3.8.c_ac_az 
(2, -2, -21), [2, 2, 3], 3.8.c_ac_av 
(2, -2, -19), [2, 2, 1], 3.8.c_ac_at 
(2, -2, -17), [2, 2, 3], 3.8.c_ac_ar 
(2, -2, -15), [2, 2, 1], 3.8.c_ac_ap 
(2, -2, -11), [2, 2, 1], 3.8.c_ac_al 
(2, -2, -9), [2, 2, 3], 3.8.c_ac_aj 
(2, -2, -7), [2, 2, 1], 3.8.c_ac_ah 
(2, -2, -5), [2, 2, 3], 3.8.c_ac_af 
(2, -2, -3), [2, 2, 1], 3.8.c_ac_ad 
(2, -2, -1), [2, 2, 3], 3.8.c_ac_ab 
(2, -2, 1), [2, 2, 1], 3.8.c_ac_b 
(2, 0, -33), [2, 0, 3], 3.8.c_a_abh 
(2, 0, -29), [2, 0, 3], 3.8.c_a_abd 
(2, 0, -27), [2, 0, 1], 3.8.c_a_abb 
(2, 0, -25), [2, 0, 3], 3.8.c_a_az 
(2, 0, -21), [2, 0, 3], 3.8.c_a_av 
(2, 0, -19), [2, 0, 1], 3.8.c_a_at 
(2, 0, -17), [2, 0, 3], 3.8.c_a_ar 
(2, 0, -15), [2, 0, 1], 3.8.c_a_ap 
(2, 0, -11), [2, 0, 1], 3.8.c_a_al 
(2, 0, -9), [2, 0, 3], 3.8.c_a_aj 
(2, 0, -7), [2, 0, 1], 3.8.c_a_ah 
(2, 0, -5), [2, 0, 3], 3.8.c_a_af 
(2, 0, -3), [2, 0, 1], 3.8.c_a_ad 
(2, 0, -1), [2, 0, 3], 3.8.c_a_ab 
(2, 0, 1), [2, 0, 1], 3.8.c_a_b 
(2, 0, 3), [2, 0, 3], 3.8.c_a_d 
(2, 0, 5), [2, 0, 1], 3.8.c_a_f 
(2, 0, 9), [2, 0, 1], 3.8.c_a_j 
(2, 0, 11), [2, 0, 3], 3.8.c_a_l 
(2, 0, 13), [2, 0, 1], 3.8.c_a_n 
(2, 2, -23), [2, 2, 1], 3.8.c_c_ax 
(2, 2, -21), [2, 2, 3], 3.8.c_c_av 
(2, 2, -19), [2, 2, 1], 3.8.c_c_at 
(2, 2, -17), [2, 2, 3], 3.8.c_c_ar 
(2, 2, -15), [2, 2, 1], 3.8.c_c_ap 
(2, 2, -13), [2, 2, 3], 3.8.c_c_an 
(2, 2, -11), [2, 2, 1], 3.8.c_c_al 
(2, 2, -9), [2, 2, 3], 3.8.c_c_aj 
(2, 2, -7), [2, 2, 1], 3.8.c_c_ah 
(2, 2, -5), [2, 2, 3], 3.8.c_c_af 
(2, 2, -1), [2, 2, 3], 3.8.c_c_ab 
(2, 2, 1), [2, 2, 1], 3.8.c_c_b 
(2, 2, 3), [2, 2, 3], 3.8.c_c_d 
(2, 2, 5), [2, 2, 1], 3.8.c_c_f 
(2, 2, 7), [2, 2, 3], 3.8.c_c_h 
(2, 2, 11), [2, 2, 3], 3.8.c_c_l 
(2, 2, 13), [2, 2, 1], 3.8.c_c_n 
(2, 2, 15), [2, 2, 3], 3.8.c_c_p 
(2, 2, 17), [2, 2, 1], 3.8.c_c_r 
(2, 2, 19), [2, 2, 3], 3.8.c_c_t 
(2, 2, 21), [2, 2, 1], 3.8.c_c_v 
(2, 2, 23), [2, 2, 3], 3.8.c_c_x 
(2, 4, -17), [2, 0, 3], 3.8.c_e_ar 
(2, 4, -15), [2, 0, 1], 3.8.c_e_ap 
(2, 4, -13), [2, 0, 3], 3.8.c_e_an 
(2, 4, -11), [2, 0, 1], 3.8.c_e_al 
(2, 4, -9), [2, 0, 3], 3.8.c_e_aj 
(2, 4, -7), [2, 0, 1], 3.8.c_e_ah 
(2, 4, -5), [2, 0, 3], 3.8.c_e_af 
(2, 4, -3), [2, 0, 1], 3.8.c_e_ad 
(2, 4, -1), [2, 0, 3], 3.8.c_e_ab 
(2, 4, 1), [2, 0, 1], 3.8.c_e_b 
(2, 4, 3), [2, 0, 3], 3.8.c_e_d 
(2, 4, 5), [2, 0, 1], 3.8.c_e_f 
(2, 4, 9), [2, 0, 1], 3.8.c_e_j 
(2, 4, 13), [2, 0, 1], 3.8.c_e_n 
(2, 4, 15), [2, 0, 3], 3.8.c_e_p 
(2, 4, 17), [2, 0, 1], 3.8.c_e_r 
(2, 4, 19), [2, 0, 3], 3.8.c_e_t 
(2, 4, 21), [2, 0, 1], 3.8.c_e_v 
(2, 4, 23), [2, 0, 3], 3.8.c_e_x 
(2, 4, 25), [2, 0, 1], 3.8.c_e_z 
(2, 4, 27), [2, 0, 3], 3.8.c_e_bb 
(2, 4, 29), [2, 0, 1], 3.8.c_e_bd 
(2, 4, 31), [2, 0, 3], 3.8.c_e_bf 
(2, 4, 33), [2, 0, 1], 3.8.c_e_bh 
(2, 4, 35), [2, 0, 3], 3.8.c_e_bj 
(2, 6, -11), [2, 2, 1], 3.8.c_g_al 
(2, 6, -9), [2, 2, 3], 3.8.c_g_aj 
(2, 6, -7), [2, 2, 1], 3.8.c_g_ah 
(2, 6, -5), [2, 2, 3], 3.8.c_g_af 
(2, 6, -3), [2, 2, 1], 3.8.c_g_ad 
(2, 6, -1), [2, 2, 3], 3.8.c_g_ab 
(2, 6, 1), [2, 2, 1], 3.8.c_g_b 
(2, 6, 3), [2, 2, 3], 3.8.c_g_d 
(2, 6, 5), [2, 2, 1], 3.8.c_g_f 
(2, 6, 7), [2, 2, 3], 3.8.c_g_h 
(2, 6, 9), [2, 2, 1], 3.8.c_g_j 
(2, 6, 11), [2, 2, 3], 3.8.c_g_l 
(2, 6, 15), [2, 2, 3], 3.8.c_g_p 
(2, 6, 19), [2, 2, 3], 3.8.c_g_t 
(2, 6, 21), [2, 2, 1], 3.8.c_g_v 
(2, 6, 23), [2, 2, 3], 3.8.c_g_x 
(2, 6, 25), [2, 2, 1], 3.8.c_g_z 
(2, 6, 27), [2, 2, 3], 3.8.c_g_bb 
(2, 6, 29), [2, 2, 1], 3.8.c_g_bd 
(2, 6, 31), [2, 2, 3], 3.8.c_g_bf 
(2, 6, 33), [2, 2, 1], 3.8.c_g_bh 
(2, 6, 35), [2, 2, 3], 3.8.c_g_bj 
(2, 6, 37), [2, 2, 1], 3.8.c_g_bl 
(2, 6, 39), [2, 2, 3], 3.8.c_g_bn 
(2, 6, 45), [2, 2, 1], 3.8.c_g_bt 
(2, 8, -5), [2, 0, 3], 3.8.c_i_af 
(2, 8, -3), [2, 0, 1], 3.8.c_i_ad 
(2, 8, -1), [2, 0, 3], 3.8.c_i_ab 
(2, 8, 1), [2, 0, 1], 3.8.c_i_b 
(2, 8, 3), [2, 0, 3], 3.8.c_i_d 
(2, 8, 5), [2, 0, 1], 3.8.c_i_f 
(2, 8, 7), [2, 0, 3], 3.8.c_i_h 
(2, 8, 9), [2, 0, 1], 3.8.c_i_j 
(2, 8, 11), [2, 0, 3], 3.8.c_i_l 
(2, 8, 13), [2, 0, 1], 3.8.c_i_n 
(2, 8, 17), [2, 0, 1], 3.8.c_i_r 
(2, 8, 19), [2, 0, 3], 3.8.c_i_t 
(2, 8, 21), [2, 0, 1], 3.8.c_i_v 
(2, 8, 23), [2, 0, 3], 3.8.c_i_x 
(2, 8, 25), [2, 0, 1], 3.8.c_i_z 
(2, 8, 29), [2, 0, 1], 3.8.c_i_bd 
(2, 8, 31), [2, 0, 3], 3.8.c_i_bf 
(2, 8, 33), [2, 0, 1], 3.8.c_i_bh 
(2, 8, 37), [2, 0, 1], 3.8.c_i_bl 
(2, 8, 39), [2, 0, 3], 3.8.c_i_bn 
(2, 8, 41), [2, 0, 1], 3.8.c_i_bp 
(2, 8, 43), [2, 0, 3], 3.8.c_i_br 
(2, 8, 47), [2, 0, 3], 3.8.c_i_bv 
(2, 10, 1), [2, 2, 1], 3.8.c_k_b 
(2, 10, 3), [2, 2, 3], 3.8.c_k_d 
(2, 10, 5), [2, 2, 1], 3.8.c_k_f 
(2, 10, 7), [2, 2, 3], 3.8.c_k_h 
(2, 10, 9), [2, 2, 1], 3.8.c_k_j 
(2, 10, 11), [2, 2, 3], 3.8.c_k_l 
(2, 10, 13), [2, 2, 1], 3.8.c_k_n 
(2, 10, 15), [2, 2, 3], 3.8.c_k_p 
(2, 10, 19), [2, 2, 3], 3.8.c_k_t 
(2, 10, 21), [2, 2, 1], 3.8.c_k_v 
(2, 10, 23), [2, 2, 3], 3.8.c_k_x 
(2, 10, 25), [2, 2, 1], 3.8.c_k_z 
(2, 10, 27), [2, 2, 3], 3.8.c_k_bb 
(2, 10, 31), [2, 2, 3], 3.8.c_k_bf 
(2, 10, 33), [2, 2, 1], 3.8.c_k_bh 
(2, 10, 35), [2, 2, 3], 3.8.c_k_bj 
(2, 10, 39), [2, 2, 3], 3.8.c_k_bn 
(2, 10, 41), [2, 2, 1], 3.8.c_k_bp 
(2, 10, 45), [2, 2, 1], 3.8.c_k_bt 
(2, 12, 7), [2, 0, 3], 3.8.c_m_h 
(2, 12, 9), [2, 0, 1], 3.8.c_m_j 
(2, 12, 11), [2, 0, 3], 3.8.c_m_l 
(2, 12, 13), [2, 0, 1], 3.8.c_m_n 
(2, 12, 15), [2, 0, 3], 3.8.c_m_p 
(2, 12, 17), [2, 0, 1], 3.8.c_m_r 
(2, 12, 21), [2, 0, 1], 3.8.c_m_v 
(2, 12, 25), [2, 0, 1], 3.8.c_m_z 
(2, 12, 27), [2, 0, 3], 3.8.c_m_bb 
(2, 12, 29), [2, 0, 1], 3.8.c_m_bd 
(2, 12, 31), [2, 0, 3], 3.8.c_m_bf 
(2, 12, 33), [2, 0, 1], 3.8.c_m_bh 
(2, 12, 35), [2, 0, 3], 3.8.c_m_bj 
(2, 12, 37), [2, 0, 1], 3.8.c_m_bl 
(2, 12, 39), [2, 0, 3], 3.8.c_m_bn 
(2, 14, 13), [2, 2, 1], 3.8.c_o_n 
(2, 14, 15), [2, 2, 3], 3.8.c_o_p 
(2, 14, 19), [2, 2, 3], 3.8.c_o_t 
(2, 14, 23), [2, 2, 3], 3.8.c_o_x 
(2, 14, 25), [2, 2, 1], 3.8.c_o_z 
(2, 14, 27), [2, 2, 3], 3.8.c_o_bb 
(2, 14, 29), [2, 2, 1], 3.8.c_o_bd 
(2, 14, 31), [2, 2, 3], 3.8.c_o_bf 
(2, 14, 33), [2, 2, 1], 3.8.c_o_bh 
(2, 14, 35), [2, 2, 3], 3.8.c_o_bj 
(2, 14, 37), [2, 2, 1], 3.8.c_o_bl 
(2, 16, 19), [2, 0, 3], 3.8.c_q_t 
(2, 16, 21), [2, 0, 1], 3.8.c_q_v 
(2, 16, 25), [2, 0, 1], 3.8.c_q_z 
(2, 16, 27), [2, 0, 3], 3.8.c_q_bb 
(2, 16, 29), [2, 0, 1], 3.8.c_q_bd 
(2, 16, 31), [2, 0, 3], 3.8.c_q_bf 
(2, 16, 33), [2, 0, 1], 3.8.c_q_bh 
(2, 16, 35), [2, 0, 3], 3.8.c_q_bj 
(2, 18, 21), [2, 2, 1], 3.8.c_s_v 
(2, 18, 27), [2, 2, 3], 3.8.c_s_bb 
(2, 18, 29), [2, 2, 1], 3.8.c_s_bd 
(2, 18, 31), [2, 2, 3], 3.8.c_s_bf 
(2, 18, 33), [2, 2, 1], 3.8.c_s_bh 
(2, 20, 25), [2, 0, 1], 3.8.c_u_z 
(2, 20, 31), [2, 0, 3], 3.8.c_u_bf 
(3, -7, -49), [3, 1, 3], 3.8.d_ah_abx 
(3, -7, -47), [3, 1, 1], 3.8.d_ah_abv 
(3, -5, -51), [3, 3, 1], 3.8.d_af_abz 
(3, -5, -45), [3, 3, 3], 3.8.d_af_abt 
(3, -5, -43), [3, 3, 1], 3.8.d_af_abr 
(3, -5, -37), [3, 3, 3], 3.8.d_af_abl 
(3, -5, -35), [3, 3, 1], 3.8.d_af_abj 
(3, -3, -41), [3, 1, 3], 3.8.d_ad_abp 
(3, -3, -39), [3, 1, 1], 3.8.d_ad_abn 
(3, -3, -35), [3, 1, 1], 3.8.d_ad_abj 
(3, -3, -31), [3, 1, 1], 3.8.d_ad_abf 
(3, -3, -29), [3, 1, 3], 3.8.d_ad_abd 
(3, -3, -25), [3, 1, 3], 3.8.d_ad_az 
(3, -3, -23), [3, 1, 1], 3.8.d_ad_ax 
(3, -3, -21), [3, 1, 3], 3.8.d_ad_av 
(3, -1, -35), [3, 3, 1], 3.8.d_ab_abj 
(3, -1, -33), [3, 3, 3], 3.8.d_ab_abh 
(3, -1, -31), [3, 3, 1], 3.8.d_ab_abf 
(3, -1, -29), [3, 3, 3], 3.8.d_ab_abd 
(3, -1, -25), [3, 3, 3], 3.8.d_ab_az 
(3, -1, -23), [3, 3, 1], 3.8.d_ab_ax 
(3, -1, -21), [3, 3, 3], 3.8.d_ab_av 
(3, -1, -19), [3, 3, 1], 3.8.d_ab_at 
(3, -1, -17), [3, 3, 3], 3.8.d_ab_ar 
(3, -1, -15), [3, 3, 1], 3.8.d_ab_ap 
(3, -1, -13), [3, 3, 3], 3.8.d_ab_an 
(3, -1, -11), [3, 3, 1], 3.8.d_ab_al 
(3, 1, -27), [3, 1, 1], 3.8.d_b_abb 
(3, 1, -25), [3, 1, 3], 3.8.d_b_az 
(3, 1, -23), [3, 1, 1], 3.8.d_b_ax 
(3, 1, -19), [3, 1, 1], 3.8.d_b_at 
(3, 1, -15), [3, 1, 1], 3.8.d_b_ap 
(3, 1, -13), [3, 1, 3], 3.8.d_b_an 
(3, 1, -11), [3, 1, 1], 3.8.d_b_al 
(3, 1, -9), [3, 1, 3], 3.8.d_b_aj 
(3, 1, -7), [3, 1, 1], 3.8.d_b_ah 
(3, 1, -5), [3, 1, 3], 3.8.d_b_af 
(3, 1, -3), [3, 1, 1], 3.8.d_b_ad 
(3, 1, -1), [3, 1, 3], 3.8.d_b_ab 
(3, 1, 1), [3, 1, 1], 3.8.d_b_b 
(3, 3, -19), [3, 3, 1], 3.8.d_d_at 
(3, 3, -17), [3, 3, 3], 3.8.d_d_ar 
(3, 3, -11), [3, 3, 1], 3.8.d_d_al 
(3, 3, -9), [3, 3, 3], 3.8.d_d_aj 
(3, 3, -5), [3, 3, 3], 3.8.d_d_af 
(3, 3, -3), [3, 3, 1], 3.8.d_d_ad 
(3, 3, -1), [3, 3, 3], 3.8.d_d_ab 
(3, 3, 1), [3, 3, 1], 3.8.d_d_b 
(3, 3, 3), [3, 3, 3], 3.8.d_d_d 
(3, 3, 5), [3, 3, 1], 3.8.d_d_f 
(3, 3, 7), [3, 3, 3], 3.8.d_d_h 
(3, 3, 9), [3, 3, 1], 3.8.d_d_j 
(3, 3, 11), [3, 3, 3], 3.8.d_d_l 
(3, 3, 13), [3, 3, 1], 3.8.d_d_n 
(3, 5, -11), [3, 1, 1], 3.8.d_f_al 
(3, 5, -7), [3, 1, 1], 3.8.d_f_ah 
(3, 5, -5), [3, 1, 3], 3.8.d_f_af 
(3, 5, -3), [3, 1, 1], 3.8.d_f_ad 
(3, 5, -1), [3, 1, 3], 3.8.d_f_ab 
(3, 5, 1), [3, 1, 1], 3.8.d_f_b 
(3, 5, 5), [3, 1, 1], 3.8.d_f_f 
(3, 5, 7), [3, 1, 3], 3.8.d_f_h 
(3, 5, 9), [3, 1, 1], 3.8.d_f_j 
(3, 5, 11), [3, 1, 3], 3.8.d_f_l 
(3, 5, 13), [3, 1, 1], 3.8.d_f_n 
(3, 5, 15), [3, 1, 3], 3.8.d_f_p 
(3, 5, 17), [3, 1, 1], 3.8.d_f_r 
(3, 5, 19), [3, 1, 3], 3.8.d_f_t 
(3, 5, 21), [3, 1, 1], 3.8.d_f_v 
(3, 5, 23), [3, 1, 3], 3.8.d_f_x 
(3, 5, 25), [3, 1, 1], 3.8.d_f_z 
(3, 7, -5), [3, 3, 3], 3.8.d_h_af 
(3, 7, -1), [3, 3, 3], 3.8.d_h_ab 
(3, 7, 1), [3, 3, 1], 3.8.d_h_b 
(3, 7, 3), [3, 3, 3], 3.8.d_h_d 
(3, 7, 5), [3, 3, 1], 3.8.d_h_f 
(3, 7, 7), [3, 3, 3], 3.8.d_h_h 
(3, 7, 9), [3, 3, 1], 3.8.d_h_j 
(3, 7, 11), [3, 3, 3], 3.8.d_h_l 
(3, 7, 15), [3, 3, 3], 3.8.d_h_p 
(3, 7, 17), [3, 3, 1], 3.8.d_h_r 
(3, 7, 19), [3, 3, 3], 3.8.d_h_t 
(3, 7, 21), [3, 3, 1], 3.8.d_h_v 
(3, 7, 23), [3, 3, 3], 3.8.d_h_x 
(3, 7, 25), [3, 3, 1], 3.8.d_h_z 
(3, 7, 27), [3, 3, 3], 3.8.d_h_bb 
(3, 7, 31), [3, 3, 3], 3.8.d_h_bf 
(3, 7, 33), [3, 3, 1], 3.8.d_h_bh 
(3, 7, 35), [3, 3, 3], 3.8.d_h_bj 
(3, 9, 5), [3, 1, 1], 3.8.d_j_f 
(3, 9, 7), [3, 1, 3], 3.8.d_j_h 
(3, 9, 9), [3, 1, 1], 3.8.d_j_j 
(3, 9, 11), [3, 1, 3], 3.8.d_j_l 
(3, 9, 13), [3, 1, 1], 3.8.d_j_n 
(3, 9, 15), [3, 1, 3], 3.8.d_j_p 
(3, 9, 17), [3, 1, 1], 3.8.d_j_r 
(3, 9, 19), [3, 1, 3], 3.8.d_j_t 
(3, 9, 21), [3, 1, 1], 3.8.d_j_v 
(3, 9, 25), [3, 1, 1], 3.8.d_j_z 
(3, 9, 27), [3, 1, 3], 3.8.d_j_bb 
(3, 9, 29), [3, 1, 1], 3.8.d_j_bd 
(3, 9, 33), [3, 1, 1], 3.8.d_j_bh 
(3, 9, 35), [3, 1, 3], 3.8.d_j_bj 
(3, 9, 37), [3, 1, 1], 3.8.d_j_bl 
(3, 9, 41), [3, 1, 1], 3.8.d_j_bp 
(3, 9, 43), [3, 1, 3], 3.8.d_j_br 
(3, 9, 45), [3, 1, 1], 3.8.d_j_bt 
(3, 9, 47), [3, 1, 3], 3.8.d_j_bv 
(3, 11, 11), [3, 3, 3], 3.8.d_l_l 
(3, 11, 13), [3, 3, 1], 3.8.d_l_n 
(3, 11, 15), [3, 3, 3], 3.8.d_l_p 
(3, 11, 17), [3, 3, 1], 3.8.d_l_r 
(3, 11, 19), [3, 3, 3], 3.8.d_l_t 
(3, 11, 21), [3, 3, 1], 3.8.d_l_v 
(3, 11, 23), [3, 3, 3], 3.8.d_l_x 
(3, 11, 25), [3, 3, 1], 3.8.d_l_z 
(3, 11, 27), [3, 3, 3], 3.8.d_l_bb 
(3, 11, 29), [3, 3, 1], 3.8.d_l_bd 
(3, 11, 31), [3, 3, 3], 3.8.d_l_bf 
(3, 11, 35), [3, 3, 3], 3.8.d_l_bj 
(3, 11, 37), [3, 3, 1], 3.8.d_l_bl 
(3, 11, 39), [3, 3, 3], 3.8.d_l_bn 
(3, 11, 41), [3, 3, 1], 3.8.d_l_bp 
(3, 11, 43), [3, 3, 3], 3.8.d_l_br 
(3, 11, 45), [3, 3, 1], 3.8.d_l_bt 
(3, 11, 47), [3, 3, 3], 3.8.d_l_bv 
(3, 11, 49), [3, 3, 1], 3.8.d_l_bx 
(3, 11, 51), [3, 3, 3], 3.8.d_l_bz 
(3, 11, 53), [3, 3, 1], 3.8.d_l_cb 
(3, 11, 55), [3, 3, 3], 3.8.d_l_cd 
(3, 13, 17), [3, 1, 1], 3.8.d_n_r 
(3, 13, 19), [3, 1, 3], 3.8.d_n_t 
(3, 13, 21), [3, 1, 1], 3.8.d_n_v 
(3, 13, 23), [3, 1, 3], 3.8.d_n_x 
(3, 13, 25), [3, 1, 1], 3.8.d_n_z 
(3, 13, 29), [3, 1, 1], 3.8.d_n_bd 
(3, 13, 31), [3, 1, 3], 3.8.d_n_bf 
(3, 13, 33), [3, 1, 1], 3.8.d_n_bh 
(3, 13, 37), [3, 1, 1], 3.8.d_n_bl 
(3, 13, 39), [3, 1, 3], 3.8.d_n_bn 
(3, 13, 41), [3, 1, 1], 3.8.d_n_bp 
(3, 13, 45), [3, 1, 1], 3.8.d_n_bt 
(3, 13, 47), [3, 1, 3], 3.8.d_n_bv 
(3, 13, 49), [3, 1, 1], 3.8.d_n_bx 
(3, 13, 51), [3, 1, 3], 3.8.d_n_bz 
(3, 13, 53), [3, 1, 1], 3.8.d_n_cb 
(3, 15, 23), [3, 3, 3], 3.8.d_p_x 
(3, 15, 25), [3, 3, 1], 3.8.d_p_z 
(3, 15, 27), [3, 3, 3], 3.8.d_p_bb 
(3, 15, 29), [3, 3, 1], 3.8.d_p_bd 
(3, 15, 31), [3, 3, 3], 3.8.d_p_bf 
(3, 15, 33), [3, 3, 1], 3.8.d_p_bh 
(3, 15, 35), [3, 3, 3], 3.8.d_p_bj 
(3, 15, 39), [3, 3, 3], 3.8.d_p_bn 
(3, 15, 41), [3, 3, 1], 3.8.d_p_bp 
(3, 15, 43), [3, 3, 3], 3.8.d_p_br 
(3, 15, 45), [3, 3, 1], 3.8.d_p_bt 
(3, 15, 47), [3, 3, 3], 3.8.d_p_bv 
(3, 15, 49), [3, 3, 1], 3.8.d_p_bx 
(3, 15, 51), [3, 3, 3], 3.8.d_p_bz 
(3, 17, 29), [3, 1, 1], 3.8.d_r_bd 
(3, 17, 31), [3, 1, 3], 3.8.d_r_bf 
(3, 17, 33), [3, 1, 1], 3.8.d_r_bh 
(3, 17, 35), [3, 1, 3], 3.8.d_r_bj 
(3, 17, 37), [3, 1, 1], 3.8.d_r_bl 
(3, 17, 41), [3, 1, 1], 3.8.d_r_bp 
(3, 17, 43), [3, 1, 3], 3.8.d_r_br 
(3, 17, 45), [3, 1, 1], 3.8.d_r_bt 
(3, 17, 47), [3, 1, 3], 3.8.d_r_bv 
(3, 17, 49), [3, 1, 1], 3.8.d_r_bx 
(3, 19, 35), [3, 3, 3], 3.8.d_t_bj 
(3, 19, 37), [3, 3, 1], 3.8.d_t_bl 
(3, 19, 39), [3, 3, 3], 3.8.d_t_bn 
(3, 19, 43), [3, 3, 3], 3.8.d_t_br 
(3, 19, 45), [3, 3, 1], 3.8.d_t_bt 
(3, 21, 41), [3, 1, 1], 3.8.d_v_bp 
(3, 21, 45), [3, 1, 1], 3.8.d_v_bt 
(3, 23, 43), [3, 3, 3], 3.8.d_x_br 
(3, 23, 47), [3, 3, 3], 3.8.d_x_bv 
(4, -6, -59), [0, 2, 1], 3.8.e_ag_ach 
(4, -6, -57), [0, 2, 3], 3.8.e_ag_acf 
(4, -4, -49), [0, 0, 3], 3.8.e_ae_abx 
(4, -4, -47), [0, 0, 1], 3.8.e_ae_abv 
(4, -4, -45), [0, 0, 3], 3.8.e_ae_abt 
(4, -2, -39), [0, 2, 1], 3.8.e_ac_abn 
(4, -2, -35), [0, 2, 1], 3.8.e_ac_abj 
(4, 0, -33), [0, 0, 3], 3.8.e_a_abh 
(4, 0, -29), [0, 0, 3], 3.8.e_a_abd 
(4, 0, -27), [0, 0, 1], 3.8.e_a_abb 
(4, 0, -25), [0, 0, 3], 3.8.e_a_az 
(4, 0, -23), [0, 0, 1], 3.8.e_a_ax 
(4, 0, -21), [0, 0, 3], 3.8.e_a_av 
(4, 0, -19), [0, 0, 1], 3.8.e_a_at 
(4, 2, -23), [0, 2, 1], 3.8.e_c_ax 
(4, 2, -19), [0, 2, 1], 3.8.e_c_at 
(4, 2, -17), [0, 2, 3], 3.8.e_c_ar 
(4, 2, -15), [0, 2, 1], 3.8.e_c_ap 
(4, 2, -13), [0, 2, 3], 3.8.e_c_an 
(4, 2, -9), [0, 2, 3], 3.8.e_c_aj 
(4, 4, -15), [0, 0, 1], 3.8.e_e_ap 
(4, 4, -9), [0, 0, 3], 3.8.e_e_aj 
(4, 4, -7), [0, 0, 1], 3.8.e_e_ah 
(4, 4, -3), [0, 0, 1], 3.8.e_e_ad 
(4, 4, -1), [0, 0, 3], 3.8.e_e_ab 
(4, 4, 1), [0, 0, 1], 3.8.e_e_b 
(4, 4, 3), [0, 0, 3], 3.8.e_e_d 
(4, 6, -7), [0, 2, 1], 3.8.e_g_ah 
(4, 6, -5), [0, 2, 3], 3.8.e_g_af 
(4, 6, -3), [0, 2, 1], 3.8.e_g_ad 
(4, 6, 3), [0, 2, 3], 3.8.e_g_d 
(4, 6, 5), [0, 2, 1], 3.8.e_g_f 
(4, 6, 7), [0, 2, 3], 3.8.e_g_h 
(4, 6, 9), [0, 2, 1], 3.8.e_g_j 
(4, 6, 13), [0, 2, 1], 3.8.e_g_n 
(4, 6, 15), [0, 2, 3], 3.8.e_g_p 
(4, 8, 1), [0, 0, 1], 3.8.e_i_b 
(4, 8, 5), [0, 0, 1], 3.8.e_i_f 
(4, 8, 11), [0, 0, 3], 3.8.e_i_l 
(4, 8, 13), [0, 0, 1], 3.8.e_i_n 
(4, 8, 15), [0, 0, 3], 3.8.e_i_p 
(4, 8, 17), [0, 0, 1], 3.8.e_i_r 
(4, 8, 19), [0, 0, 3], 3.8.e_i_t 
(4, 8, 21), [0, 0, 1], 3.8.e_i_v 
(4, 8, 23), [0, 0, 3], 3.8.e_i_x 
(4, 8, 25), [0, 0, 1], 3.8.e_i_z 
(4, 10, 9), [0, 2, 1], 3.8.e_k_j 
(4, 10, 11), [0, 2, 3], 3.8.e_k_l 
(4, 10, 15), [0, 2, 3], 3.8.e_k_p 
(4, 10, 17), [0, 2, 1], 3.8.e_k_r 
(4, 10, 21), [0, 2, 1], 3.8.e_k_v 
(4, 10, 23), [0, 2, 3], 3.8.e_k_x 
(4, 10, 25), [0, 2, 1], 3.8.e_k_z 
(4, 10, 27), [0, 2, 3], 3.8.e_k_bb 
(4, 10, 29), [0, 2, 1], 3.8.e_k_bd 
(4, 10, 31), [0, 2, 3], 3.8.e_k_bf 
(4, 10, 33), [0, 2, 1], 3.8.e_k_bh 
(4, 10, 35), [0, 2, 3], 3.8.e_k_bj 
(4, 10, 37), [0, 2, 1], 3.8.e_k_bl 
(4, 12, 17), [0, 0, 1], 3.8.e_m_r 
(4, 12, 21), [0, 0, 1], 3.8.e_m_v 
(4, 12, 23), [0, 0, 3], 3.8.e_m_x 
(4, 12, 25), [0, 0, 1], 3.8.e_m_z 
(4, 12, 27), [0, 0, 3], 3.8.e_m_bb 
(4, 12, 31), [0, 0, 3], 3.8.e_m_bf 
(4, 12, 33), [0, 0, 1], 3.8.e_m_bh 
(4, 12, 35), [0, 0, 3], 3.8.e_m_bj 
(4, 12, 39), [0, 0, 3], 3.8.e_m_bn 
(4, 12, 41), [0, 0, 1], 3.8.e_m_bp 
(4, 12, 43), [0, 0, 3], 3.8.e_m_br 
(4, 12, 45), [0, 0, 1], 3.8.e_m_bt 
(4, 12, 47), [0, 0, 3], 3.8.e_m_bv 
(4, 14, 23), [0, 2, 3], 3.8.e_o_x 
(4, 14, 27), [0, 2, 3], 3.8.e_o_bb 
(4, 14, 29), [0, 2, 1], 3.8.e_o_bd 
(4, 14, 33), [0, 2, 1], 3.8.e_o_bh 
(4, 14, 35), [0, 2, 3], 3.8.e_o_bj 
(4, 14, 37), [0, 2, 1], 3.8.e_o_bl 
(4, 14, 41), [0, 2, 1], 3.8.e_o_bp 
(4, 14, 43), [0, 2, 3], 3.8.e_o_br 
(4, 14, 45), [0, 2, 1], 3.8.e_o_bt 
(4, 14, 47), [0, 2, 3], 3.8.e_o_bv 
(4, 14, 49), [0, 2, 1], 3.8.e_o_bx 
(4, 14, 53), [0, 2, 1], 3.8.e_o_cb 
(4, 14, 55), [0, 2, 3], 3.8.e_o_cd 
(4, 14, 57), [0, 2, 1], 3.8.e_o_cf 
(4, 14, 59), [0, 2, 3], 3.8.e_o_ch 
(4, 16, 33), [0, 0, 1], 3.8.e_q_bh 
(4, 16, 35), [0, 0, 3], 3.8.e_q_bj 
(4, 16, 37), [0, 0, 1], 3.8.e_q_bl 
(4, 16, 39), [0, 0, 3], 3.8.e_q_bn 
(4, 16, 41), [0, 0, 1], 3.8.e_q_bp 
(4, 16, 43), [0, 0, 3], 3.8.e_q_br 
(4, 16, 45), [0, 0, 1], 3.8.e_q_bt 
(4, 16, 47), [0, 0, 3], 3.8.e_q_bv 
(4, 16, 51), [0, 0, 3], 3.8.e_q_bz 
(4, 16, 55), [0, 0, 3], 3.8.e_q_cd 
(4, 16, 57), [0, 0, 1], 3.8.e_q_cf 
(4, 16, 59), [0, 0, 3], 3.8.e_q_ch 
(4, 16, 61), [0, 0, 1], 3.8.e_q_cj 
(4, 16, 63), [0, 0, 3], 3.8.e_q_cl 
(4, 16, 65), [0, 0, 1], 3.8.e_q_cn 
(4, 18, 39), [0, 2, 3], 3.8.e_s_bn 
(4, 18, 41), [0, 2, 1], 3.8.e_s_bp 
(4, 18, 43), [0, 2, 3], 3.8.e_s_br 
(4, 18, 45), [0, 2, 1], 3.8.e_s_bt 
(4, 18, 47), [0, 2, 3], 3.8.e_s_bv 
(4, 18, 49), [0, 2, 1], 3.8.e_s_bx 
(4, 18, 51), [0, 2, 3], 3.8.e_s_bz 
(4, 18, 53), [0, 2, 1], 3.8.e_s_cb 
(4, 18, 57), [0, 2, 1], 3.8.e_s_cf 
(4, 18, 61), [0, 2, 1], 3.8.e_s_cj 
(4, 18, 63), [0, 2, 3], 3.8.e_s_cl 
(4, 20, 45), [0, 0, 1], 3.8.e_u_bt 
(4, 20, 47), [0, 0, 3], 3.8.e_u_bv 
(4, 20, 49), [0, 0, 1], 3.8.e_u_bx 
(4, 20, 51), [0, 0, 3], 3.8.e_u_bz 
(4, 20, 53), [0, 0, 1], 3.8.e_u_cb 
(4, 20, 55), [0, 0, 3], 3.8.e_u_cd 
(4, 20, 59), [0, 0, 3], 3.8.e_u_ch 
(4, 20, 61), [0, 0, 1], 3.8.e_u_cj 
(4, 22, 51), [0, 2, 3], 3.8.e_w_bz 
(4, 22, 53), [0, 2, 1], 3.8.e_w_cb 
(4, 22, 55), [0, 2, 3], 3.8.e_w_cd 
(4, 22, 57), [0, 2, 1], 3.8.e_w_cf 
(4, 22, 63), [0, 2, 3], 3.8.e_w_cl 
(4, 24, 57), [0, 0, 1], 3.8.e_y_cf 
(4, 24, 63), [0, 0, 3], 3.8.e_y_cl 
(5, -1, -43), [1, 3, 1], 3.8.f_ab_abr 
(5, -1, -41), [1, 3, 3], 3.8.f_ab_abp 
(5, 1, -33), [1, 1, 3], 3.8.f_b_abh 
(5, 1, -31), [1, 1, 1], 3.8.f_b_abf 
(5, 3, -21), [1, 3, 3], 3.8.f_d_av 
(5, 3, -19), [1, 3, 1], 3.8.f_d_at 
(5, 5, -13), [1, 1, 3], 3.8.f_f_an 
(5, 5, -11), [1, 1, 1], 3.8.f_f_al 
(5, 5, -9), [1, 1, 3], 3.8.f_f_aj 
(5, 5, -7), [1, 1, 1], 3.8.f_f_ah 
(5, 7, -3), [1, 3, 1], 3.8.f_h_ad 
(5, 7, -1), [1, 3, 3], 3.8.f_h_ab 
(5, 7, 3), [1, 3, 3], 3.8.f_h_d 
(5, 9, 7), [1, 1, 3], 3.8.f_j_h 
(5, 9, 9), [1, 1, 1], 3.8.f_j_j 
(5, 9, 11), [1, 1, 3], 3.8.f_j_l 
(5, 9, 13), [1, 1, 1], 3.8.f_j_n 
(5, 9, 15), [1, 1, 3], 3.8.f_j_p 
(5, 11, 13), [1, 3, 1], 3.8.f_l_n 
(5, 11, 17), [1, 3, 1], 3.8.f_l_r 
(5, 11, 19), [1, 3, 3], 3.8.f_l_t 
(5, 11, 21), [1, 3, 1], 3.8.f_l_v 
(5, 11, 25), [1, 3, 1], 3.8.f_l_z 
(5, 11, 27), [1, 3, 3], 3.8.f_l_bb 
(5, 13, 21), [1, 1, 1], 3.8.f_n_v 
(5, 13, 23), [1, 1, 3], 3.8.f_n_x 
(5, 13, 27), [1, 1, 3], 3.8.f_n_bb 
(5, 13, 31), [1, 1, 3], 3.8.f_n_bf 
(5, 13, 33), [1, 1, 1], 3.8.f_n_bh 
(5, 13, 35), [1, 1, 3], 3.8.f_n_bj 
(5, 13, 37), [1, 1, 1], 3.8.f_n_bl 
(5, 15, 29), [1, 3, 1], 3.8.f_p_bd 
(5, 15, 31), [1, 3, 3], 3.8.f_p_bf 
(5, 15, 33), [1, 3, 1], 3.8.f_p_bh 
(5, 15, 37), [1, 3, 1], 3.8.f_p_bl 
(5, 15, 39), [1, 3, 3], 3.8.f_p_bn 
(5, 15, 41), [1, 3, 1], 3.8.f_p_bp 
(5, 15, 43), [1, 3, 3], 3.8.f_p_br 
(5, 15, 45), [1, 3, 1], 3.8.f_p_bt 
(5, 15, 47), [1, 3, 3], 3.8.f_p_bv 
(5, 15, 49), [1, 3, 1], 3.8.f_p_bx 
(5, 17, 37), [1, 1, 1], 3.8.f_r_bl 
(5, 17, 39), [1, 1, 3], 3.8.f_r_bn 
(5, 17, 43), [1, 1, 3], 3.8.f_r_br 
(5, 17, 47), [1, 1, 3], 3.8.f_r_bv 
(5, 17, 49), [1, 1, 1], 3.8.f_r_bx 
(5, 17, 51), [1, 1, 3], 3.8.f_r_bz 
(5, 17, 53), [1, 1, 1], 3.8.f_r_cb 
(5, 17, 55), [1, 1, 3], 3.8.f_r_cd 
(5, 17, 57), [1, 1, 1], 3.8.f_r_cf 
(5, 17, 59), [1, 1, 3], 3.8.f_r_ch 
(5, 17, 61), [1, 1, 1], 3.8.f_r_cj 
(5, 19, 45), [1, 3, 1], 3.8.f_t_bt 
(5, 19, 49), [1, 3, 1], 3.8.f_t_bx 
(5, 19, 51), [1, 3, 3], 3.8.f_t_bz 
(5, 19, 53), [1, 3, 1], 3.8.f_t_cb 
(5, 19, 57), [1, 3, 1], 3.8.f_t_cf 
(5, 19, 59), [1, 3, 3], 3.8.f_t_ch 
(5, 19, 61), [1, 3, 1], 3.8.f_t_cj 
(5, 19, 63), [1, 3, 3], 3.8.f_t_cl 
(5, 19, 65), [1, 3, 1], 3.8.f_t_cn 
(5, 19, 67), [1, 3, 3], 3.8.f_t_cp 
(5, 19, 69), [1, 3, 1], 3.8.f_t_cr 
(5, 21, 55), [1, 1, 3], 3.8.f_v_cd 
(5, 21, 57), [1, 1, 1], 3.8.f_v_cf 
(5, 21, 59), [1, 1, 3], 3.8.f_v_ch 
(5, 21, 61), [1, 1, 1], 3.8.f_v_cj 
(5, 21, 63), [1, 1, 3], 3.8.f_v_cl 
(5, 21, 67), [1, 1, 3], 3.8.f_v_cp 
(5, 21, 69), [1, 1, 1], 3.8.f_v_cr 
(5, 21, 71), [1, 1, 3], 3.8.f_v_ct 
(5, 21, 75), [1, 1, 3], 3.8.f_v_cx 
(5, 21, 79), [1, 1, 3], 3.8.f_v_db 
(5, 23, 61), [1, 3, 1], 3.8.f_x_cj 
(5, 23, 63), [1, 3, 3], 3.8.f_x_cl 
(5, 23, 65), [1, 3, 1], 3.8.f_x_cn 
(5, 23, 67), [1, 3, 3], 3.8.f_x_cp 
(5, 23, 69), [1, 3, 1], 3.8.f_x_cr 
(5, 23, 71), [1, 3, 3], 3.8.f_x_ct 
(5, 23, 73), [1, 3, 1], 3.8.f_x_cv 
(5, 23, 77), [1, 3, 1], 3.8.f_x_cz 
(5, 23, 79), [1, 3, 3], 3.8.f_x_db 
(5, 25, 67), [1, 1, 3], 3.8.f_z_cp 
(5, 25, 69), [1, 1, 1], 3.8.f_z_cr 
(5, 25, 71), [1, 1, 3], 3.8.f_z_ct 
(5, 25, 75), [1, 1, 3], 3.8.f_z_cx 
(5, 25, 79), [1, 1, 3], 3.8.f_z_db 
(5, 27, 73), [1, 3, 1], 3.8.f_bb_cv 
(5, 27, 75), [1, 3, 3], 3.8.f_bb_cx 
(5, 27, 77), [1, 3, 1], 3.8.f_bb_cz 
(6, 10, 3), [2, 2, 3], 3.8.g_k_d 
(6, 10, 5), [2, 2, 1], 3.8.g_k_f 
(6, 12, 13), [2, 0, 1], 3.8.g_m_n 
(6, 12, 15), [2, 0, 3], 3.8.g_m_p 
(6, 14, 23), [2, 2, 3], 3.8.g_o_x 
(6, 14, 25), [2, 2, 1], 3.8.g_o_z 
(6, 14, 27), [2, 2, 3], 3.8.g_o_bb 
(6, 16, 33), [2, 0, 1], 3.8.g_q_bh 
(6, 16, 35), [2, 0, 3], 3.8.g_q_bj 
(6, 16, 37), [2, 0, 1], 3.8.g_q_bl 
(6, 18, 39), [2, 2, 3], 3.8.g_s_bn 
(6, 18, 43), [2, 2, 3], 3.8.g_s_br 
(6, 18, 45), [2, 2, 1], 3.8.g_s_bt 
(6, 18, 47), [2, 2, 3], 3.8.g_s_bv 
(6, 18, 49), [2, 2, 1], 3.8.g_s_bx 
(6, 20, 49), [2, 0, 1], 3.8.g_u_bx 
(6, 20, 53), [2, 0, 1], 3.8.g_u_cb 
(6, 20, 55), [2, 0, 3], 3.8.g_u_cd 
(6, 20, 59), [2, 0, 3], 3.8.g_u_ch 
(6, 20, 61), [2, 0, 1], 3.8.g_u_cj 
(6, 22, 57), [2, 2, 1], 3.8.g_w_cf 
(6, 22, 59), [2, 2, 3], 3.8.g_w_ch 
(6, 22, 67), [2, 2, 3], 3.8.g_w_cp 
(6, 22, 69), [2, 2, 1], 3.8.g_w_cr 
(6, 22, 71), [2, 2, 3], 3.8.g_w_ct 
(6, 22, 73), [2, 2, 1], 3.8.g_w_cv 
(6, 24, 65), [2, 0, 1], 3.8.g_y_cn 
(6, 24, 67), [2, 0, 3], 3.8.g_y_cp 
(6, 24, 73), [2, 0, 1], 3.8.g_y_cv 
(6, 24, 75), [2, 0, 3], 3.8.g_y_cx 
(6, 24, 77), [2, 0, 1], 3.8.g_y_cz 
(6, 24, 79), [2, 0, 3], 3.8.g_y_db 
(6, 24, 81), [2, 0, 1], 3.8.g_y_dd 
(6, 24, 83), [2, 0, 3], 3.8.g_y_df 
(6, 26, 73), [2, 2, 1], 3.8.g_ba_cv 
(6, 26, 77), [2, 2, 1], 3.8.g_ba_cz 
(6, 26, 79), [2, 2, 3], 3.8.g_ba_db 
(6, 26, 83), [2, 2, 3], 3.8.g_ba_df 
(6, 26, 85), [2, 2, 1], 3.8.g_ba_dh 
(6, 26, 89), [2, 2, 1], 3.8.g_ba_dl 
(6, 26, 91), [2, 2, 3], 3.8.g_ba_dn 
(6, 28, 87), [2, 0, 3], 3.8.g_bc_dj 
(6, 28, 93), [2, 0, 1], 3.8.g_bc_dp 
(6, 30, 89), [2, 2, 1], 3.8.g_be_dl 
(6, 30, 91), [2, 2, 3], 3.8.g_be_dn 
(6, 30, 93), [2, 2, 1], 3.8.g_be_dp 
(6, 32, 95), [2, 0, 3], 3.8.g_bg_dr 
(6, 32, 97), [2, 0, 1], 3.8.g_bg_dt 
(7, 17, 29), [3, 1, 1], 3.8.h_r_bd 
(7, 19, 39), [3, 3, 3], 3.8.h_t_bn 
(7, 21, 49), [3, 1, 1], 3.8.h_v_bx 
(7, 21, 51), [3, 1, 3], 3.8.h_v_bz 
(7, 23, 59), [3, 3, 3], 3.8.h_x_ch 
(7, 23, 61), [3, 3, 1], 3.8.h_x_cj 
(7, 25, 69), [3, 1, 1], 3.8.h_z_cr 
(7, 25, 71), [3, 1, 3], 3.8.h_z_ct 
(7, 25, 73), [3, 1, 1], 3.8.h_z_cv 
(7, 27, 75), [3, 3, 3], 3.8.h_bb_cx 
(7, 27, 79), [3, 3, 3], 3.8.h_bb_db 
(7, 27, 81), [3, 3, 1], 3.8.h_bb_dd 
(7, 27, 83), [3, 3, 3], 3.8.h_bb_df 
(7, 29, 85), [3, 1, 1], 3.8.h_bd_dh 
(7, 29, 89), [3, 1, 1], 3.8.h_bd_dl 
(7, 29, 93), [3, 1, 1], 3.8.h_bd_dp 
(7, 29, 95), [3, 1, 3], 3.8.h_bd_dr 
(7, 29, 97), [3, 1, 1], 3.8.h_bd_dt 
(7, 31, 93), [3, 3, 1], 3.8.h_bf_dp 
(7, 31, 99), [3, 3, 3], 3.8.h_bf_dv 
(7, 31, 101), [3, 3, 1], 3.8.h_bf_dx 
(7, 31, 103), [3, 3, 3], 3.8.h_bf_dz 
(7, 31, 105), [3, 3, 1], 3.8.h_bf_eb 
(7, 31, 107), [3, 3, 3], 3.8.h_bf_ed 
(7, 33, 101), [3, 1, 1], 3.8.h_bh_dx 
(7, 33, 105), [3, 1, 1], 3.8.h_bh_eb 
(7, 33, 109), [3, 1, 1], 3.8.h_bh_ef 
(7, 33, 111), [3, 1, 3], 3.8.h_bh_eh 
(7, 33, 113), [3, 1, 1], 3.8.h_bh_ej 
(7, 35, 111), [3, 3, 3], 3.8.h_bj_eh 
(7, 35, 113), [3, 3, 1], 3.8.h_bj_ej 
(7, 35, 115), [3, 3, 3], 3.8.h_bj_el 
(7, 37, 117), [3, 1, 1], 3.8.h_bl_en 
(8, 28, 75), [0, 0, 3], 3.8.i_bc_cx 
(8, 30, 85), [0, 2, 1], 3.8.i_be_dh 
(8, 32, 95), [0, 0, 3], 3.8.i_bg_dr 
(8, 32, 97), [0, 0, 1], 3.8.i_bg_dt 
(8, 34, 105), [0, 2, 1], 3.8.i_bi_eb 
(8, 34, 107), [0, 2, 3], 3.8.i_bi_ed 
(8, 36, 117), [0, 0, 1], 3.8.i_bk_en 
(8, 38, 121), [0, 2, 1], 3.8.i_bm_er 
(8, 38, 127), [0, 2, 3], 3.8.i_bm_ex 
(8, 38, 131), [0, 2, 3], 3.8.i_bm_fb 
(8, 40, 135), [0, 0, 3], 3.8.i_bo_ff 
(9, 39, 121), [1, 3, 1], 3.8.j_bn_er 
(9, 41, 133), [1, 1, 1], 3.8.j_bp_fd 
(9, 43, 141), [1, 3, 1], 3.8.j_br_fl 
(9, 43, 143), [1, 3, 3], 3.8.j_br_fn 
(9, 45, 151), [1, 1, 3], 3.8.j_bt_fv 
