(-14, 102, -493), [1, -14, 102, -493, 1734, -4046, 4913], 3.17.ao_dy_asz, -10701 
(-12, 68, -289), [1, -12, 68, -289, 1156, -3468, 4913], 3.17.am_cq_ald, -4769 
(-11, 68, -323), [1, -11, 68, -323, 1156, -3179, 4913], 3.17.al_cq_aml, -4826 
(-10, 68, -323), [1, -10, 68, -323, 1156, -2890, 4913], 3.17.ak_cq_aml, -4847 
(-8, 34, -119), [1, -8, 34, -119, 578, -2312, 4913], 3.17.ai_bi_aep, -1211 
(-7, 34, -153), [1, -7, 34, -153, 578, -2023, 4913], 3.17.ah_bi_afx, -1260 
(-6, 0, 85), [1, -6, 0, 85, 0, -1734, 4913], 3.17.ag_a_dh, 121 
(-6, 34, -187), [1, -6, 34, -187, 578, -1734, 4913], 3.17.ag_bi_ahf, -1307 
(-6, 34, -153), [1, -6, 34, -153, 578, -1734, 4913], 3.17.ag_bi_afx, -1273 
(-6, 34, -119), [1, -6, 34, -119, 578, -1734, 4913], 3.17.ag_bi_aep, -1239 
(-5, 0, 51), [1, -5, 0, 51, 0, -1445, 4913], 3.17.af_a_bz, 76 
(-5, 34, -153), [1, -5, 34, -153, 578, -1445, 4913], 3.17.af_bi_afx, -1284 
(-5, 34, -119), [1, -5, 34, -119, 578, -1445, 4913], 3.17.af_bi_aep, -1250 
(-4, 0, 17), [1, -4, 0, 17, 0, -1156, 4913], 3.17.ae_a_r, 33 
(-4, 0, 51), [1, -4, 0, 51, 0, -1156, 4913], 3.17.ae_a_bz, 67 
(-4, 0, 85), [1, -4, 0, 85, 0, -1156, 4913], 3.17.ae_a_dh, 101 
(-4, 34, -119), [1, -4, 34, -119, 578, -1156, 4913], 3.17.ae_bi_aep, -1259 
(-4, 34, -85), [1, -4, 34, -85, 578, -1156, 4913], 3.17.ae_bi_adh, -1225 
(-3, 0, -17), [1, -3, 0, -17, 0, -867, 4913], 3.17.ad_a_ar, -8 
(-3, 0, 17), [1, -3, 0, 17, 0, -867, 4913], 3.17.ad_a_r, 26 
(-3, 0, 85), [1, -3, 0, 85, 0, -867, 4913], 3.17.ad_a_dh, 94 
(-3, 34, -85), [1, -3, 34, -85, 578, -867, 4913], 3.17.ad_bi_adh, -1232 
(-2, 0, -51), [1, -2, 0, -51, 0, -578, 4913], 3.17.ac_a_abz, -47 
(-2, 0, -17), [1, -2, 0, -17, 0, -578, 4913], 3.17.ac_a_ar, -13 
(-2, 0, 17), [1, -2, 0, 17, 0, -578, 4913], 3.17.ac_a_r, 21 
(-2, 0, 51), [1, -2, 0, 51, 0, -578, 4913], 3.17.ac_a_bz, 55 
(-2, 0, 85), [1, -2, 0, 85, 0, -578, 4913], 3.17.ac_a_dh, 89 
(-2, 34, -85), [1, -2, 34, -85, 578, -578, 4913], 3.17.ac_bi_adh, -1237 
(-2, 34, -51), [1, -2, 34, -51, 578, -578, 4913], 3.17.ac_bi_abz, -1203 
(-1, 0, -85), [1, -1, 0, -85, 0, -289, 4913], 3.17.ab_a_adh, -84 
(-1, 0, -51), [1, -1, 0, -51, 0, -289, 4913], 3.17.ab_a_abz, -50 
(-1, 0, -17), [1, -1, 0, -17, 0, -289, 4913], 3.17.ab_a_ar, -16 
(-1, 0, 51), [1, -1, 0, 51, 0, -289, 4913], 3.17.ab_a_bz, 52 
(-1, 0, 85), [1, -1, 0, 85, 0, -289, 4913], 3.17.ab_a_dh, 86 
(-1, 0, 119), [1, -1, 0, 119, 0, -289, 4913], 3.17.ab_a_ep, 120 
(-1, 34, -51), [1, -1, 34, -51, 578, -289, 4913], 3.17.ab_bi_abz, -1206 
(1, 0, -119), [1, 1, 0, -119, 0, 289, 4913], 3.17.b_a_aep, -118 
(1, 0, -85), [1, 1, 0, -85, 0, 289, 4913], 3.17.b_a_adh, -84 
(1, 0, -51), [1, 1, 0, -51, 0, 289, 4913], 3.17.b_a_abz, -50 
(1, 0, 17), [1, 1, 0, 17, 0, 289, 4913], 3.17.b_a_r, 18 
(1, 0, 51), [1, 1, 0, 51, 0, 289, 4913], 3.17.b_a_bz, 52 
(1, 0, 85), [1, 1, 0, 85, 0, 289, 4913], 3.17.b_a_dh, 86 
(1, 34, 51), [1, 1, 34, 51, 578, 289, 4913], 3.17.b_bi_bz, -1104 
(2, 0, -85), [1, 2, 0, -85, 0, 578, 4913], 3.17.c_a_adh, -81 
(2, 0, -51), [1, 2, 0, -51, 0, 578, 4913], 3.17.c_a_abz, -47 
(2, 0, -17), [1, 2, 0, -17, 0, 578, 4913], 3.17.c_a_ar, -13 
(2, 0, 17), [1, 2, 0, 17, 0, 578, 4913], 3.17.c_a_r, 21 
(2, 0, 51), [1, 2, 0, 51, 0, 578, 4913], 3.17.c_a_bz, 55 
(2, 34, 51), [1, 2, 34, 51, 578, 578, 4913], 3.17.c_bi_bz, -1101 
(2, 34, 85), [1, 2, 34, 85, 578, 578, 4913], 3.17.c_bi_dh, -1067 
(3, 0, -85), [1, 3, 0, -85, 0, 867, 4913], 3.17.d_a_adh, -76 
(3, 0, -17), [1, 3, 0, -17, 0, 867, 4913], 3.17.d_a_ar, -8 
(3, 0, 17), [1, 3, 0, 17, 0, 867, 4913], 3.17.d_a_r, 26 
(3, 34, 85), [1, 3, 34, 85, 578, 867, 4913], 3.17.d_bi_dh, -1062 
(4, 0, -85), [1, 4, 0, -85, 0, 1156, 4913], 3.17.e_a_adh, -69 
(4, 0, -51), [1, 4, 0, -51, 0, 1156, 4913], 3.17.e_a_abz, -35 
(4, 0, -17), [1, 4, 0, -17, 0, 1156, 4913], 3.17.e_a_ar, -1 
(4, 34, 85), [1, 4, 34, 85, 578, 1156, 4913], 3.17.e_bi_dh, -1055 
(4, 34, 119), [1, 4, 34, 119, 578, 1156, 4913], 3.17.e_bi_ep, -1021 
(5, 0, -51), [1, 5, 0, -51, 0, 1445, 4913], 3.17.f_a_abz, -26 
(5, 34, 119), [1, 5, 34, 119, 578, 1445, 4913], 3.17.f_bi_ep, -1012 
(5, 34, 153), [1, 5, 34, 153, 578, 1445, 4913], 3.17.f_bi_fx, -978 
(6, 0, -85), [1, 6, 0, -85, 0, 1734, 4913], 3.17.g_a_adh, -49 
(6, 34, 119), [1, 6, 34, 119, 578, 1734, 4913], 3.17.g_bi_ep, -1001 
(6, 34, 153), [1, 6, 34, 153, 578, 1734, 4913], 3.17.g_bi_fx, -967 
(6, 34, 187), [1, 6, 34, 187, 578, 1734, 4913], 3.17.g_bi_hf, -933 
(7, 34, 153), [1, 7, 34, 153, 578, 2023, 4913], 3.17.h_bi_fx, -954 
(8, 34, 119), [1, 8, 34, 119, 578, 2312, 4913], 3.17.i_bi_ep, -973 
(10, 68, 323), [1, 10, 68, 323, 1156, 2890, 4913], 3.17.k_cq_ml, -4201 
(11, 68, 323), [1, 11, 68, 323, 1156, 3179, 4913], 3.17.l_cq_ml, -4180 
(12, 68, 289), [1, 12, 68, 289, 1156, 3468, 4913], 3.17.m_cq_ld, -4191 
(14, 102, 493), [1, 14, 102, 493, 1734, 4046, 4913], 3.17.o_dy_sz, -9715 
