(-16, 135, -775), [1, -16, 135, -775, 3375, -10000, 15625], 3.25.aq_ff_abdv 
(-14, 125, -750), [1, -14, 125, -750, 3125, -8750, 15625], 3.25.ao_ev_abcw 
(-13, 85, -425), [1, -13, 85, -425, 2125, -8125, 15625], 3.25.an_dh_aqj 
(-13, 95, -500), [1, -13, 95, -500, 2375, -8125, 15625], 3.25.an_dr_atg 
(-13, 100, -550), [1, -13, 100, -550, 2500, -8125, 15625], 3.25.an_dw_ave 
(-13, 105, -625), [1, -13, 105, -625, 2625, -8125, 15625], 3.25.an_eb_ayb 
(-13, 105, -575), [1, -13, 105, -575, 2625, -8125, 15625], 3.25.an_eb_awd 
(-13, 115, -675), [1, -13, 115, -675, 2875, -8125, 15625], 3.25.an_el_azz 
(-12, 65, -275), [1, -12, 65, -275, 1625, -7500, 15625], 3.25.am_cn_akp 
(-12, 75, -375), [1, -12, 75, -375, 1875, -7500, 15625], 3.25.am_cx_aol 
(-12, 75, -350), [1, -12, 75, -350, 1875, -7500, 15625], 3.25.am_cx_anm 
(-12, 80, -400), [1, -12, 80, -400, 2000, -7500, 15625], 3.25.am_dc_apk 
(-12, 85, -450), [1, -12, 85, -450, 2125, -7500, 15625], 3.25.am_dh_ari 
(-12, 95, -550), [1, -12, 95, -550, 2375, -7500, 15625], 3.25.am_dr_ave 
(-12, 95, -500), [1, -12, 95, -500, 2375, -7500, 15625], 3.25.am_dr_atg 
(-11, 55, -225), [1, -11, 55, -225, 1375, -6875, 15625], 3.25.al_cd_air 
(-11, 60, -250), [1, -11, 60, -250, 1500, -6875, 15625], 3.25.al_ci_ajq 
(-11, 65, -325), [1, -11, 65, -325, 1625, -6875, 15625], 3.25.al_cn_amn 
(-11, 70, -350), [1, -11, 70, -350, 1750, -6875, 15625], 3.25.al_cs_anm 
(-11, 75, -425), [1, -11, 75, -425, 1875, -6875, 15625], 3.25.al_cx_aqj 
(-11, 75, -375), [1, -11, 75, -375, 1875, -6875, 15625], 3.25.al_cx_aol 
(-11, 80, -450), [1, -11, 80, -450, 2000, -6875, 15625], 3.25.al_dc_ari 
(-11, 85, -525), [1, -11, 85, -525, 2125, -6875, 15625], 3.25.al_dh_auf 
(-11, 85, -500), [1, -11, 85, -500, 2125, -6875, 15625], 3.25.al_dh_atg 
(-11, 90, -500), [1, -11, 90, -500, 2250, -6875, 15625], 3.25.al_dm_atg 
(-11, 95, -525), [1, -11, 95, -525, 2375, -6875, 15625], 3.25.al_dr_auf 
(-9, 15, 75), [1, -9, 15, 75, 375, -5625, 15625], 3.25.aj_p_cx 
(-9, 25, -25), [1, -9, 25, -25, 625, -5625, 15625], 3.25.aj_z_az 
(-9, 30, -50), [1, -9, 30, -50, 750, -5625, 15625], 3.25.aj_be_aby 
(-9, 35, -125), [1, -9, 35, -125, 875, -5625, 15625], 3.25.aj_bj_aev 
(-9, 35, -100), [1, -9, 35, -100, 875, -5625, 15625], 3.25.aj_bj_adw 
(-9, 45, -225), [1, -9, 45, -225, 1125, -5625, 15625], 3.25.aj_bt_air 
(-9, 45, -175), [1, -9, 45, -175, 1125, -5625, 15625], 3.25.aj_bt_agt 
(-9, 45, -150), [1, -9, 45, -150, 1125, -5625, 15625], 3.25.aj_bt_afu 
(-9, 50, -250), [1, -9, 50, -250, 1250, -5625, 15625], 3.25.aj_by_ajq 
(-9, 50, -200), [1, -9, 50, -200, 1250, -5625, 15625], 3.25.aj_by_ahs 
(-9, 55, -300), [1, -9, 55, -300, 1375, -5625, 15625], 3.25.aj_cd_alo 
(-9, 55, -275), [1, -9, 55, -275, 1375, -5625, 15625], 3.25.aj_cd_akp 
(-9, 55, -225), [1, -9, 55, -225, 1375, -5625, 15625], 3.25.aj_cd_air 
(-9, 60, -350), [1, -9, 60, -350, 1500, -5625, 15625], 3.25.aj_ci_anm 
(-9, 60, -300), [1, -9, 60, -300, 1500, -5625, 15625], 3.25.aj_ci_alo 
(-9, 60, -250), [1, -9, 60, -250, 1500, -5625, 15625], 3.25.aj_ci_ajq 
(-9, 65, -425), [1, -9, 65, -425, 1625, -5625, 15625], 3.25.aj_cn_aqj 
(-9, 65, -375), [1, -9, 65, -375, 1625, -5625, 15625], 3.25.aj_cn_aol 
(-9, 65, -350), [1, -9, 65, -350, 1625, -5625, 15625], 3.25.aj_cn_anm 
(-9, 70, -400), [1, -9, 70, -400, 1750, -5625, 15625], 3.25.aj_cs_apk 
(-9, 75, -400), [1, -9, 75, -400, 1875, -5625, 15625], 3.25.aj_cx_apk 
(-9, 75, -375), [1, -9, 75, -375, 1875, -5625, 15625], 3.25.aj_cx_aol 
(-9, 80, -400), [1, -9, 80, -400, 2000, -5625, 15625], 3.25.aj_dc_apk 
(-9, 85, -425), [1, -9, 85, -425, 2125, -5625, 15625], 3.25.aj_dh_aqj 
(-8, -15, 325), [1, -8, -15, 325, -375, -5000, 15625], 3.25.ai_ap_mn 
(-8, 5, 150), [1, -8, 5, 150, 125, -5000, 15625], 3.25.ai_f_fu 
(-8, 15, 25), [1, -8, 15, 25, 375, -5000, 15625], 3.25.ai_p_z 
(-8, 15, 50), [1, -8, 15, 50, 375, -5000, 15625], 3.25.ai_p_by 
(-8, 20, 0), [1, -8, 20, 0, 500, -5000, 15625], 3.25.ai_u_a 
(-8, 25, -50), [1, -8, 25, -50, 625, -5000, 15625], 3.25.ai_z_aby 
(-8, 25, -25), [1, -8, 25, -25, 625, -5000, 15625], 3.25.ai_z_az 
(-8, 30, -50), [1, -8, 30, -50, 750, -5000, 15625], 3.25.ai_be_aby 
(-8, 35, -175), [1, -8, 35, -175, 875, -5000, 15625], 3.25.ai_bj_agt 
(-8, 35, -100), [1, -8, 35, -100, 875, -5000, 15625], 3.25.ai_bj_adw 
(-8, 35, -75), [1, -8, 35, -75, 875, -5000, 15625], 3.25.ai_bj_acx 
(-8, 40, -200), [1, -8, 40, -200, 1000, -5000, 15625], 3.25.ai_bo_ahs 
(-8, 45, -250), [1, -8, 45, -250, 1125, -5000, 15625], 3.25.ai_bt_ajq 
(-8, 45, -200), [1, -8, 45, -200, 1125, -5000, 15625], 3.25.ai_bt_ahs 
(-8, 50, -300), [1, -8, 50, -300, 1250, -5000, 15625], 3.25.ai_by_alo 
(-8, 50, -250), [1, -8, 50, -250, 1250, -5000, 15625], 3.25.ai_by_ajq 
(-8, 55, -375), [1, -8, 55, -375, 1375, -5000, 15625], 3.25.ai_cd_aol 
(-8, 55, -350), [1, -8, 55, -350, 1375, -5000, 15625], 3.25.ai_cd_anm 
(-8, 55, -325), [1, -8, 55, -325, 1375, -5000, 15625], 3.25.ai_cd_amn 
(-8, 55, -300), [1, -8, 55, -300, 1375, -5000, 15625], 3.25.ai_cd_alo 
(-8, 55, -250), [1, -8, 55, -250, 1375, -5000, 15625], 3.25.ai_cd_ajq 
(-8, 60, -350), [1, -8, 60, -350, 1500, -5000, 15625], 3.25.ai_ci_anm 
(-8, 60, -300), [1, -8, 60, -300, 1500, -5000, 15625], 3.25.ai_ci_alo 
(-8, 65, -350), [1, -8, 65, -350, 1625, -5000, 15625], 3.25.ai_cn_anm 
(-8, 65, -300), [1, -8, 65, -300, 1625, -5000, 15625], 3.25.ai_cn_alo 
(-8, 70, -350), [1, -8, 70, -350, 1750, -5000, 15625], 3.25.ai_cs_anm 
(-8, 75, -375), [1, -8, 75, -375, 1875, -5000, 15625], 3.25.ai_cx_aol 
(-7, -15, 300), [1, -7, -15, 300, -375, -4375, 15625], 3.25.ah_ap_lo 
(-7, -5, 175), [1, -7, -5, 175, -125, -4375, 15625], 3.25.ah_af_gt 
(-7, -5, 200), [1, -7, -5, 200, -125, -4375, 15625], 3.25.ah_af_hs 
(-7, -5, 225), [1, -7, -5, 225, -125, -4375, 15625], 3.25.ah_af_ir 
(-7, 0, 150), [1, -7, 0, 150, 0, -4375, 15625], 3.25.ah_a_fu 
(-7, 5, 75), [1, -7, 5, 75, 125, -4375, 15625], 3.25.ah_f_cx 
(-7, 5, 100), [1, -7, 5, 100, 125, -4375, 15625], 3.25.ah_f_dw 
(-7, 5, 125), [1, -7, 5, 125, 125, -4375, 15625], 3.25.ah_f_ev 
(-7, 10, 50), [1, -7, 10, 50, 250, -4375, 15625], 3.25.ah_k_by 
(-7, 10, 100), [1, -7, 10, 100, 250, -4375, 15625], 3.25.ah_k_dw 
(-7, 15, -25), [1, -7, 15, -25, 375, -4375, 15625], 3.25.ah_p_az 
(-7, 15, 50), [1, -7, 15, 50, 375, -4375, 15625], 3.25.ah_p_by 
(-7, 20, -50), [1, -7, 20, -50, 500, -4375, 15625], 3.25.ah_u_aby 
(-7, 20, 0), [1, -7, 20, 0, 500, -4375, 15625], 3.25.ah_u_a 
(-7, 25, -125), [1, -7, 25, -125, 625, -4375, 15625], 3.25.ah_z_aev 
(-7, 25, -100), [1, -7, 25, -100, 625, -4375, 15625], 3.25.ah_z_adw 
(-7, 25, -75), [1, -7, 25, -75, 625, -4375, 15625], 3.25.ah_z_acx 
(-7, 25, -25), [1, -7, 25, -25, 625, -4375, 15625], 3.25.ah_z_az 
(-7, 30, -150), [1, -7, 30, -150, 750, -4375, 15625], 3.25.ah_be_afu 
(-7, 30, -50), [1, -7, 30, -50, 750, -4375, 15625], 3.25.ah_be_aby 
(-7, 35, -200), [1, -7, 35, -200, 875, -4375, 15625], 3.25.ah_bj_ahs 
(-7, 35, -175), [1, -7, 35, -175, 875, -4375, 15625], 3.25.ah_bj_agt 
(-7, 35, -150), [1, -7, 35, -150, 875, -4375, 15625], 3.25.ah_bj_afu 
(-7, 35, -125), [1, -7, 35, -125, 875, -4375, 15625], 3.25.ah_bj_aev 
(-7, 35, -75), [1, -7, 35, -75, 875, -4375, 15625], 3.25.ah_bj_acx 
(-7, 40, -200), [1, -7, 40, -200, 1000, -4375, 15625], 3.25.ah_bo_ahs 
(-7, 40, -150), [1, -7, 40, -150, 1000, -4375, 15625], 3.25.ah_bo_afu 
(-7, 45, -300), [1, -7, 45, -300, 1125, -4375, 15625], 3.25.ah_bt_alo 
(-7, 45, -275), [1, -7, 45, -275, 1125, -4375, 15625], 3.25.ah_bt_akp 
(-7, 45, -250), [1, -7, 45, -250, 1125, -4375, 15625], 3.25.ah_bt_ajq 
(-7, 45, -175), [1, -7, 45, -175, 1125, -4375, 15625], 3.25.ah_bt_agt 
(-7, 50, -300), [1, -7, 50, -300, 1250, -4375, 15625], 3.25.ah_by_alo 
(-7, 50, -250), [1, -7, 50, -250, 1250, -4375, 15625], 3.25.ah_by_ajq 
(-7, 50, -200), [1, -7, 50, -200, 1250, -4375, 15625], 3.25.ah_by_ahs 
(-7, 55, -300), [1, -7, 55, -300, 1375, -4375, 15625], 3.25.ah_cd_alo 
(-7, 55, -275), [1, -7, 55, -275, 1375, -4375, 15625], 3.25.ah_cd_akp 
(-7, 55, -250), [1, -7, 55, -250, 1375, -4375, 15625], 3.25.ah_cd_ajq 
(-7, 65, -325), [1, -7, 65, -325, 1625, -4375, 15625], 3.25.ah_cn_amn 
(-7, 65, -300), [1, -7, 65, -300, 1625, -4375, 15625], 3.25.ah_cn_alo 
(-7, 65, -275), [1, -7, 65, -275, 1625, -4375, 15625], 3.25.ah_cn_akp 
(-7, 70, -300), [1, -7, 70, -300, 1750, -4375, 15625], 3.25.ah_cs_alo 
(-7, 75, -325), [1, -7, 75, -325, 1875, -4375, 15625], 3.25.ah_cx_amn 
(-6, -20, 300), [1, -6, -20, 300, -500, -3750, 15625], 3.25.ag_au_lo 
(-6, -15, 250), [1, -6, -15, 250, -375, -3750, 15625], 3.25.ag_ap_jq 
(-6, -10, 250), [1, -6, -10, 250, -250, -3750, 15625], 3.25.ag_ak_jq 
(-6, -5, 150), [1, -6, -5, 150, -125, -3750, 15625], 3.25.ag_af_fu 
(-6, -5, 175), [1, -6, -5, 175, -125, -3750, 15625], 3.25.ag_af_gt 
(-6, 5, 25), [1, -6, 5, 25, 125, -3750, 15625], 3.25.ag_f_z 
(-6, 5, 50), [1, -6, 5, 50, 125, -3750, 15625], 3.25.ag_f_by 
(-6, 5, 100), [1, -6, 5, 100, 125, -3750, 15625], 3.25.ag_f_dw 
(-6, 10, 0), [1, -6, 10, 0, 250, -3750, 15625], 3.25.ag_k_a 
(-6, 10, 100), [1, -6, 10, 100, 250, -3750, 15625], 3.25.ag_k_dw 
(-6, 15, -75), [1, -6, 15, -75, 375, -3750, 15625], 3.25.ag_p_acx 
(-6, 15, -25), [1, -6, 15, -25, 375, -3750, 15625], 3.25.ag_p_az 
(-6, 15, 0), [1, -6, 15, 0, 375, -3750, 15625], 3.25.ag_p_a 
(-6, 15, 50), [1, -6, 15, 50, 375, -3750, 15625], 3.25.ag_p_by 
(-6, 20, -100), [1, -6, 20, -100, 500, -3750, 15625], 3.25.ag_u_adw 
(-6, 25, -125), [1, -6, 25, -125, 625, -3750, 15625], 3.25.ag_z_aev 
(-6, 25, -100), [1, -6, 25, -100, 625, -3750, 15625], 3.25.ag_z_adw 
(-6, 25, -50), [1, -6, 25, -50, 625, -3750, 15625], 3.25.ag_z_aby 
(-6, 30, -200), [1, -6, 30, -200, 750, -3750, 15625], 3.25.ag_be_ahs 
(-6, 30, -150), [1, -6, 30, -150, 750, -3750, 15625], 3.25.ag_be_afu 
(-6, 30, -100), [1, -6, 30, -100, 750, -3750, 15625], 3.25.ag_be_adw 
(-6, 35, -275), [1, -6, 35, -275, 875, -3750, 15625], 3.25.ag_bj_akp 
(-6, 35, -250), [1, -6, 35, -250, 875, -3750, 15625], 3.25.ag_bj_ajq 
(-6, 35, -200), [1, -6, 35, -200, 875, -3750, 15625], 3.25.ag_bj_ahs 
(-6, 35, -150), [1, -6, 35, -150, 875, -3750, 15625], 3.25.ag_bj_afu 
(-6, 35, -125), [1, -6, 35, -125, 875, -3750, 15625], 3.25.ag_bj_aev 
(-6, 40, -250), [1, -6, 40, -250, 1000, -3750, 15625], 3.25.ag_bo_ajq 
(-6, 40, -150), [1, -6, 40, -150, 1000, -3750, 15625], 3.25.ag_bo_afu 
(-6, 45, -325), [1, -6, 45, -325, 1125, -3750, 15625], 3.25.ag_bt_amn 
(-6, 45, -225), [1, -6, 45, -225, 1125, -3750, 15625], 3.25.ag_bt_air 
(-6, 45, -200), [1, -6, 45, -200, 1125, -3750, 15625], 3.25.ag_bt_ahs 
(-6, 45, -150), [1, -6, 45, -150, 1125, -3750, 15625], 3.25.ag_bt_afu 
(-6, 50, -250), [1, -6, 50, -250, 1250, -3750, 15625], 3.25.ag_by_ajq 
(-6, 55, -225), [1, -6, 55, -225, 1375, -3750, 15625], 3.25.ag_cd_air 
(-6, 55, -200), [1, -6, 55, -200, 1375, -3750, 15625], 3.25.ag_cd_ahs 
(-6, 60, -250), [1, -6, 60, -250, 1500, -3750, 15625], 3.25.ag_ci_ajq 
(-6, 65, -275), [1, -6, 65, -275, 1625, -3750, 15625], 3.25.ag_cn_akp 
(-6, 65, -250), [1, -6, 65, -250, 1625, -3750, 15625], 3.25.ag_cn_ajq 
(-4, -20, 200), [1, -4, -20, 200, -500, -2500, 15625], 3.25.ae_au_hs 
(-4, -15, 150), [1, -4, -15, 150, -375, -2500, 15625], 3.25.ae_ap_fu 
(-4, -15, 200), [1, -4, -15, 200, -375, -2500, 15625], 3.25.ae_ap_hs 
(-4, -15, 250), [1, -4, -15, 250, -375, -2500, 15625], 3.25.ae_ap_jq 
(-4, -10, 100), [1, -4, -10, 100, -250, -2500, 15625], 3.25.ae_ak_dw 
(-4, -10, 150), [1, -4, -10, 150, -250, -2500, 15625], 3.25.ae_ak_fu 
(-4, -5, 75), [1, -4, -5, 75, -125, -2500, 15625], 3.25.ae_af_cx 
(-4, -5, 100), [1, -4, -5, 100, -125, -2500, 15625], 3.25.ae_af_dw 
(-4, -5, 150), [1, -4, -5, 150, -125, -2500, 15625], 3.25.ae_af_fu 
(-4, -5, 200), [1, -4, -5, 200, -125, -2500, 15625], 3.25.ae_af_hs 
(-4, 0, 0), [1, -4, 0, 0, 0, -2500, 15625], 3.25.ae_a_a 
(-4, 0, 50), [1, -4, 0, 50, 0, -2500, 15625], 3.25.ae_a_by 
(-4, 5, -50), [1, -4, 5, -50, 125, -2500, 15625], 3.25.ae_f_aby 
(-4, 5, -25), [1, -4, 5, -25, 125, -2500, 15625], 3.25.ae_f_az 
(-4, 5, 0), [1, -4, 5, 0, 125, -2500, 15625], 3.25.ae_f_a 
(-4, 5, 75), [1, -4, 5, 75, 125, -2500, 15625], 3.25.ae_f_cx 
(-4, 5, 100), [1, -4, 5, 100, 125, -2500, 15625], 3.25.ae_f_dw 
(-4, 10, -100), [1, -4, 10, -100, 250, -2500, 15625], 3.25.ae_k_adw 
(-4, 10, -50), [1, -4, 10, -50, 250, -2500, 15625], 3.25.ae_k_aby 
(-4, 10, 0), [1, -4, 10, 0, 250, -2500, 15625], 3.25.ae_k_a 
(-4, 15, -175), [1, -4, 15, -175, 375, -2500, 15625], 3.25.ae_p_agt 
(-4, 15, -150), [1, -4, 15, -150, 375, -2500, 15625], 3.25.ae_p_afu 
(-4, 15, -125), [1, -4, 15, -125, 375, -2500, 15625], 3.25.ae_p_aev 
(-4, 15, -100), [1, -4, 15, -100, 375, -2500, 15625], 3.25.ae_p_adw 
(-4, 15, -50), [1, -4, 15, -50, 375, -2500, 15625], 3.25.ae_p_aby 
(-4, 15, 0), [1, -4, 15, 0, 375, -2500, 15625], 3.25.ae_p_a 
(-4, 15, 25), [1, -4, 15, 25, 375, -2500, 15625], 3.25.ae_p_z 
(-4, 20, -150), [1, -4, 20, -150, 500, -2500, 15625], 3.25.ae_u_afu 
(-4, 20, -100), [1, -4, 20, -100, 500, -2500, 15625], 3.25.ae_u_adw 
(-4, 20, -50), [1, -4, 20, -50, 500, -2500, 15625], 3.25.ae_u_aby 
(-4, 25, -275), [1, -4, 25, -275, 625, -2500, 15625], 3.25.ae_z_akp 
(-4, 25, -250), [1, -4, 25, -250, 625, -2500, 15625], 3.25.ae_z_ajq 
(-4, 25, -150), [1, -4, 25, -150, 625, -2500, 15625], 3.25.ae_z_afu 
(-4, 25, -125), [1, -4, 25, -125, 625, -2500, 15625], 3.25.ae_z_aev 
(-4, 25, -100), [1, -4, 25, -100, 625, -2500, 15625], 3.25.ae_z_adw 
(-4, 25, -75), [1, -4, 25, -75, 625, -2500, 15625], 3.25.ae_z_acx 
(-4, 25, -25), [1, -4, 25, -25, 625, -2500, 15625], 3.25.ae_z_az 
(-4, 30, -150), [1, -4, 30, -150, 750, -2500, 15625], 3.25.ae_be_afu 
(-4, 30, -100), [1, -4, 30, -100, 750, -2500, 15625], 3.25.ae_be_adw 
(-4, 30, -50), [1, -4, 30, -50, 750, -2500, 15625], 3.25.ae_be_aby 
(-4, 35, -250), [1, -4, 35, -250, 875, -2500, 15625], 3.25.ae_bj_ajq 
(-4, 35, -225), [1, -4, 35, -225, 875, -2500, 15625], 3.25.ae_bj_air 
(-4, 35, -125), [1, -4, 35, -125, 875, -2500, 15625], 3.25.ae_bj_aev 
(-4, 35, -100), [1, -4, 35, -100, 875, -2500, 15625], 3.25.ae_bj_adw 
(-4, 35, -50), [1, -4, 35, -50, 875, -2500, 15625], 3.25.ae_bj_aby 
(-4, 40, -100), [1, -4, 40, -100, 1000, -2500, 15625], 3.25.ae_bo_adw 
(-4, 45, -175), [1, -4, 45, -175, 1125, -2500, 15625], 3.25.ae_bt_agt 
(-4, 45, -150), [1, -4, 45, -150, 1125, -2500, 15625], 3.25.ae_bt_afu 
(-4, 45, -100), [1, -4, 45, -100, 1125, -2500, 15625], 3.25.ae_bt_adw 
(-4, 50, -150), [1, -4, 50, -150, 1250, -2500, 15625], 3.25.ae_by_afu 
(-4, 55, -175), [1, -4, 55, -175, 1375, -2500, 15625], 3.25.ae_cd_agt 
(-4, 55, -150), [1, -4, 55, -150, 1375, -2500, 15625], 3.25.ae_cd_afu 
(-3, -20, 150), [1, -3, -20, 150, -500, -1875, 15625], 3.25.ad_au_fu 
(-3, -15, 75), [1, -3, -15, 75, -375, -1875, 15625], 3.25.ad_ap_cx 
(-3, -15, 150), [1, -3, -15, 150, -375, -1875, 15625], 3.25.ad_ap_fu 
(-3, -15, 175), [1, -3, -15, 175, -375, -1875, 15625], 3.25.ad_ap_gt 
(-3, -15, 200), [1, -3, -15, 200, -375, -1875, 15625], 3.25.ad_ap_hs 
(-3, -10, 50), [1, -3, -10, 50, -250, -1875, 15625], 3.25.ad_ak_by 
(-3, -10, 150), [1, -3, -10, 150, -250, -1875, 15625], 3.25.ad_ak_fu 
(-3, -10, 200), [1, -3, -10, 200, -250, -1875, 15625], 3.25.ad_ak_hs 
(-3, -5, 0), [1, -3, -5, 0, -125, -1875, 15625], 3.25.ad_af_a 
(-3, -5, 25), [1, -3, -5, 25, -125, -1875, 15625], 3.25.ad_af_z 
(-3, -5, 50), [1, -3, -5, 50, -125, -1875, 15625], 3.25.ad_af_by 
(-3, -5, 125), [1, -3, -5, 125, -125, -1875, 15625], 3.25.ad_af_ev 
(-3, -5, 150), [1, -3, -5, 150, -125, -1875, 15625], 3.25.ad_af_fu 
(-3, -5, 175), [1, -3, -5, 175, -125, -1875, 15625], 3.25.ad_af_gt 
(-3, 0, -50), [1, -3, 0, -50, 0, -1875, 15625], 3.25.ad_a_aby 
(-3, 0, 0), [1, -3, 0, 0, 0, -1875, 15625], 3.25.ad_a_a 
(-3, 0, 50), [1, -3, 0, 50, 0, -1875, 15625], 3.25.ad_a_by 
(-3, 0, 100), [1, -3, 0, 100, 0, -1875, 15625], 3.25.ad_a_dw 
(-3, 5, -125), [1, -3, 5, -125, 125, -1875, 15625], 3.25.ad_f_aev 
(-3, 5, -100), [1, -3, 5, -100, 125, -1875, 15625], 3.25.ad_f_adw 
(-3, 5, -75), [1, -3, 5, -75, 125, -1875, 15625], 3.25.ad_f_acx 
(-3, 5, -50), [1, -3, 5, -50, 125, -1875, 15625], 3.25.ad_f_aby 
(-3, 5, 0), [1, -3, 5, 0, 125, -1875, 15625], 3.25.ad_f_a 
(-3, 5, 25), [1, -3, 5, 25, 125, -1875, 15625], 3.25.ad_f_z 
(-3, 5, 50), [1, -3, 5, 50, 125, -1875, 15625], 3.25.ad_f_by 
(-3, 5, 75), [1, -3, 5, 75, 125, -1875, 15625], 3.25.ad_f_cx 
(-3, 5, 125), [1, -3, 5, 125, 125, -1875, 15625], 3.25.ad_f_ev 
(-3, 10, -100), [1, -3, 10, -100, 250, -1875, 15625], 3.25.ad_k_adw 
(-3, 10, -50), [1, -3, 10, -50, 250, -1875, 15625], 3.25.ad_k_aby 
(-3, 15, -225), [1, -3, 15, -225, 375, -1875, 15625], 3.25.ad_p_air 
(-3, 15, -200), [1, -3, 15, -200, 375, -1875, 15625], 3.25.ad_p_ahs 
(-3, 15, -175), [1, -3, 15, -175, 375, -1875, 15625], 3.25.ad_p_agt 
(-3, 15, -125), [1, -3, 15, -125, 375, -1875, 15625], 3.25.ad_p_aev 
(-3, 15, -100), [1, -3, 15, -100, 375, -1875, 15625], 3.25.ad_p_adw 
(-3, 15, -75), [1, -3, 15, -75, 375, -1875, 15625], 3.25.ad_p_acx 
(-3, 15, -50), [1, -3, 15, -50, 375, -1875, 15625], 3.25.ad_p_aby 
(-3, 15, 0), [1, -3, 15, 0, 375, -1875, 15625], 3.25.ad_p_a 
(-3, 15, 25), [1, -3, 15, 25, 375, -1875, 15625], 3.25.ad_p_z 
(-3, 15, 50), [1, -3, 15, 50, 375, -1875, 15625], 3.25.ad_p_by 
(-3, 15, 75), [1, -3, 15, 75, 375, -1875, 15625], 3.25.ad_p_cx 
(-3, 20, -250), [1, -3, 20, -250, 500, -1875, 15625], 3.25.ad_u_ajq 
(-3, 20, -200), [1, -3, 20, -200, 500, -1875, 15625], 3.25.ad_u_ahs 
(-3, 20, -100), [1, -3, 20, -100, 500, -1875, 15625], 3.25.ad_u_adw 
(-3, 20, 0), [1, -3, 20, 0, 500, -1875, 15625], 3.25.ad_u_a 
(-3, 20, 50), [1, -3, 20, 50, 500, -1875, 15625], 3.25.ad_u_by 
(-3, 25, -175), [1, -3, 25, -175, 625, -1875, 15625], 3.25.ad_z_agt 
(-3, 25, -125), [1, -3, 25, -125, 625, -1875, 15625], 3.25.ad_z_aev 
(-3, 25, -75), [1, -3, 25, -75, 625, -1875, 15625], 3.25.ad_z_acx 
(-3, 25, -50), [1, -3, 25, -50, 625, -1875, 15625], 3.25.ad_z_aby 
(-3, 25, -25), [1, -3, 25, -25, 625, -1875, 15625], 3.25.ad_z_az 
(-3, 30, -200), [1, -3, 30, -200, 750, -1875, 15625], 3.25.ad_be_ahs 
(-3, 30, -100), [1, -3, 30, -100, 750, -1875, 15625], 3.25.ad_be_adw 
(-3, 30, 0), [1, -3, 30, 0, 750, -1875, 15625], 3.25.ad_be_a 
(-3, 35, -200), [1, -3, 35, -200, 875, -1875, 15625], 3.25.ad_bj_ahs 
(-3, 35, -175), [1, -3, 35, -175, 875, -1875, 15625], 3.25.ad_bj_agt 
(-3, 35, -125), [1, -3, 35, -125, 875, -1875, 15625], 3.25.ad_bj_aev 
(-3, 35, -100), [1, -3, 35, -100, 875, -1875, 15625], 3.25.ad_bj_adw 
(-3, 35, -75), [1, -3, 35, -75, 875, -1875, 15625], 3.25.ad_bj_acx 
(-3, 35, -50), [1, -3, 35, -50, 875, -1875, 15625], 3.25.ad_bj_aby 
(-3, 40, -100), [1, -3, 40, -100, 1000, -1875, 15625], 3.25.ad_bo_adw 
(-3, 40, -50), [1, -3, 40, -50, 1000, -1875, 15625], 3.25.ad_bo_aby 
(-3, 45, -125), [1, -3, 45, -125, 1125, -1875, 15625], 3.25.ad_bt_aev 
(-3, 45, -75), [1, -3, 45, -75, 1125, -1875, 15625], 3.25.ad_bt_acx 
(-3, 55, -125), [1, -3, 55, -125, 1375, -1875, 15625], 3.25.ad_cd_aev 
(-2, -20, 100), [1, -2, -20, 100, -500, -1250, 15625], 3.25.ac_au_dw 
(-2, -15, 50), [1, -2, -15, 50, -375, -1250, 15625], 3.25.ac_ap_by 
(-2, -15, 75), [1, -2, -15, 75, -375, -1250, 15625], 3.25.ac_ap_cx 
(-2, -15, 100), [1, -2, -15, 100, -375, -1250, 15625], 3.25.ac_ap_dw 
(-2, -15, 125), [1, -2, -15, 125, -375, -1250, 15625], 3.25.ac_ap_ev 
(-2, -15, 175), [1, -2, -15, 175, -375, -1250, 15625], 3.25.ac_ap_gt 
(-2, -10, 0), [1, -2, -10, 0, -250, -1250, 15625], 3.25.ac_ak_a 
(-2, -10, 50), [1, -2, -10, 50, -250, -1250, 15625], 3.25.ac_ak_by 
(-2, -10, 100), [1, -2, -10, 100, -250, -1250, 15625], 3.25.ac_ak_dw 
(-2, -10, 200), [1, -2, -10, 200, -250, -1250, 15625], 3.25.ac_ak_hs 
(-2, -5, -75), [1, -2, -5, -75, -125, -1250, 15625], 3.25.ac_af_acx 
(-2, -5, -50), [1, -2, -5, -50, -125, -1250, 15625], 3.25.ac_af_aby 
(-2, -5, 0), [1, -2, -5, 0, -125, -1250, 15625], 3.25.ac_af_a 
(-2, -5, 50), [1, -2, -5, 50, -125, -1250, 15625], 3.25.ac_af_by 
(-2, -5, 75), [1, -2, -5, 75, -125, -1250, 15625], 3.25.ac_af_cx 
(-2, -5, 100), [1, -2, -5, 100, -125, -1250, 15625], 3.25.ac_af_dw 
(-2, -5, 125), [1, -2, -5, 125, -125, -1250, 15625], 3.25.ac_af_ev 
(-2, -5, 175), [1, -2, -5, 175, -125, -1250, 15625], 3.25.ac_af_gt 
(-2, -5, 200), [1, -2, -5, 200, -125, -1250, 15625], 3.25.ac_af_hs 
(-2, 0, -50), [1, -2, 0, -50, 0, -1250, 15625], 3.25.ac_a_aby 
(-2, 0, 0), [1, -2, 0, 0, 0, -1250, 15625], 3.25.ac_a_a 
(-2, 0, 150), [1, -2, 0, 150, 0, -1250, 15625], 3.25.ac_a_fu 
(-2, 5, -175), [1, -2, 5, -175, 125, -1250, 15625], 3.25.ac_f_agt 
(-2, 5, -150), [1, -2, 5, -150, 125, -1250, 15625], 3.25.ac_f_afu 
(-2, 5, -125), [1, -2, 5, -125, 125, -1250, 15625], 3.25.ac_f_aev 
(-2, 5, -50), [1, -2, 5, -50, 125, -1250, 15625], 3.25.ac_f_aby 
(-2, 5, -25), [1, -2, 5, -25, 125, -1250, 15625], 3.25.ac_f_az 
(-2, 5, 0), [1, -2, 5, 0, 125, -1250, 15625], 3.25.ac_f_a 
(-2, 5, 75), [1, -2, 5, 75, 125, -1250, 15625], 3.25.ac_f_cx 
(-2, 5, 100), [1, -2, 5, 100, 125, -1250, 15625], 3.25.ac_f_dw 
(-2, 5, 125), [1, -2, 5, 125, 125, -1250, 15625], 3.25.ac_f_ev 
(-2, 10, -200), [1, -2, 10, -200, 250, -1250, 15625], 3.25.ac_k_ahs 
(-2, 10, -150), [1, -2, 10, -150, 250, -1250, 15625], 3.25.ac_k_afu 
(-2, 10, -50), [1, -2, 10, -50, 250, -1250, 15625], 3.25.ac_k_aby 
(-2, 10, 0), [1, -2, 10, 0, 250, -1250, 15625], 3.25.ac_k_a 
(-2, 10, 50), [1, -2, 10, 50, 250, -1250, 15625], 3.25.ac_k_by 
(-2, 10, 100), [1, -2, 10, 100, 250, -1250, 15625], 3.25.ac_k_dw 
(-2, 15, -200), [1, -2, 15, -200, 375, -1250, 15625], 3.25.ac_p_ahs 
(-2, 15, -175), [1, -2, 15, -175, 375, -1250, 15625], 3.25.ac_p_agt 
(-2, 15, -150), [1, -2, 15, -150, 375, -1250, 15625], 3.25.ac_p_afu 
(-2, 15, -75), [1, -2, 15, -75, 375, -1250, 15625], 3.25.ac_p_acx 
(-2, 15, -50), [1, -2, 15, -50, 375, -1250, 15625], 3.25.ac_p_aby 
(-2, 15, -25), [1, -2, 15, -25, 375, -1250, 15625], 3.25.ac_p_az 
(-2, 15, 0), [1, -2, 15, 0, 375, -1250, 15625], 3.25.ac_p_a 
(-2, 15, 50), [1, -2, 15, 50, 375, -1250, 15625], 3.25.ac_p_by 
(-2, 15, 100), [1, -2, 15, 100, 375, -1250, 15625], 3.25.ac_p_dw 
(-2, 20, -150), [1, -2, 20, -150, 500, -1250, 15625], 3.25.ac_u_afu 
(-2, 20, -50), [1, -2, 20, -50, 500, -1250, 15625], 3.25.ac_u_aby 
(-2, 20, 0), [1, -2, 20, 0, 500, -1250, 15625], 3.25.ac_u_a 
(-2, 20, 50), [1, -2, 20, 50, 500, -1250, 15625], 3.25.ac_u_by 
(-2, 25, -200), [1, -2, 25, -200, 625, -1250, 15625], 3.25.ac_z_ahs 
(-2, 25, -125), [1, -2, 25, -125, 625, -1250, 15625], 3.25.ac_z_aev 
(-2, 25, -75), [1, -2, 25, -75, 625, -1250, 15625], 3.25.ac_z_acx 
(-2, 25, -50), [1, -2, 25, -50, 625, -1250, 15625], 3.25.ac_z_aby 
(-2, 25, 25), [1, -2, 25, 25, 625, -1250, 15625], 3.25.ac_z_z 
(-2, 25, 50), [1, -2, 25, 50, 625, -1250, 15625], 3.25.ac_z_by 
(-2, 30, -50), [1, -2, 30, -50, 750, -1250, 15625], 3.25.ac_be_aby 
(-2, 30, 0), [1, -2, 30, 0, 750, -1250, 15625], 3.25.ac_be_a 
(-2, 35, -150), [1, -2, 35, -150, 875, -1250, 15625], 3.25.ac_bj_afu 
(-2, 35, -75), [1, -2, 35, -75, 875, -1250, 15625], 3.25.ac_bj_acx 
(-2, 35, -50), [1, -2, 35, -50, 875, -1250, 15625], 3.25.ac_bj_aby 
(-2, 35, -25), [1, -2, 35, -25, 875, -1250, 15625], 3.25.ac_bj_az 
(-2, 35, 0), [1, -2, 35, 0, 875, -1250, 15625], 3.25.ac_bj_a 
(-2, 40, -150), [1, -2, 40, -150, 1000, -1250, 15625], 3.25.ac_bo_afu 
(-2, 40, -50), [1, -2, 40, -50, 1000, -1250, 15625], 3.25.ac_bo_aby 
(-2, 45, -125), [1, -2, 45, -125, 1125, -1250, 15625], 3.25.ac_bt_aev 
(-2, 45, -50), [1, -2, 45, -50, 1125, -1250, 15625], 3.25.ac_bt_aby 
(-2, 55, -50), [1, -2, 55, -50, 1375, -1250, 15625], 3.25.ac_cd_aby 
(-1, -20, 50), [1, -1, -20, 50, -500, -625, 15625], 3.25.ab_au_by 
(-1, -15, -25), [1, -1, -15, -25, -375, -625, 15625], 3.25.ab_ap_az 
(-1, -15, 0), [1, -1, -15, 0, -375, -625, 15625], 3.25.ab_ap_a 
(-1, -15, 25), [1, -1, -15, 25, -375, -625, 15625], 3.25.ab_ap_z 
(-1, -15, 50), [1, -1, -15, 50, -375, -625, 15625], 3.25.ab_ap_by 
(-1, -15, 100), [1, -1, -15, 100, -375, -625, 15625], 3.25.ab_ap_dw 
(-1, -15, 125), [1, -1, -15, 125, -375, -625, 15625], 3.25.ab_ap_ev 
(-1, -10, 0), [1, -1, -10, 0, -250, -625, 15625], 3.25.ab_ak_a 
(-1, -10, 50), [1, -1, -10, 50, -250, -625, 15625], 3.25.ab_ak_by 
(-1, -10, 100), [1, -1, -10, 100, -250, -625, 15625], 3.25.ab_ak_dw 
(-1, -5, -125), [1, -1, -5, -125, -125, -625, 15625], 3.25.ab_af_aev 
(-1, -5, -100), [1, -1, -5, -100, -125, -625, 15625], 3.25.ab_af_adw 
(-1, -5, -75), [1, -1, -5, -75, -125, -625, 15625], 3.25.ab_af_acx 
(-1, -5, -25), [1, -1, -5, -25, -125, -625, 15625], 3.25.ab_af_az 
(-1, -5, 0), [1, -1, -5, 0, -125, -625, 15625], 3.25.ab_af_a 
(-1, -5, 25), [1, -1, -5, 25, -125, -625, 15625], 3.25.ab_af_z 
(-1, -5, 50), [1, -1, -5, 50, -125, -625, 15625], 3.25.ab_af_by 
(-1, -5, 100), [1, -1, -5, 100, -125, -625, 15625], 3.25.ab_af_dw 
(-1, -5, 125), [1, -1, -5, 125, -125, -625, 15625], 3.25.ab_af_ev 
(-1, -5, 150), [1, -1, -5, 150, -125, -625, 15625], 3.25.ab_af_fu 
(-1, -5, 175), [1, -1, -5, 175, -125, -625, 15625], 3.25.ab_af_gt 
(-1, -5, 225), [1, -1, -5, 225, -125, -625, 15625], 3.25.ab_af_ir 
(-1, 0, -100), [1, -1, 0, -100, 0, -625, 15625], 3.25.ab_a_adw 
(-1, 0, 0), [1, -1, 0, 0, 0, -625, 15625], 3.25.ab_a_a 
(-1, 0, 50), [1, -1, 0, 50, 0, -625, 15625], 3.25.ab_a_by 
(-1, 0, 150), [1, -1, 0, 150, 0, -625, 15625], 3.25.ab_a_fu 
(-1, 0, 200), [1, -1, 0, 200, 0, -625, 15625], 3.25.ab_a_hs 
(-1, 5, -225), [1, -1, 5, -225, 125, -625, 15625], 3.25.ab_f_air 
(-1, 5, -200), [1, -1, 5, -200, 125, -625, 15625], 3.25.ab_f_ahs 
(-1, 5, -150), [1, -1, 5, -150, 125, -625, 15625], 3.25.ab_f_afu 
(-1, 5, -100), [1, -1, 5, -100, 125, -625, 15625], 3.25.ab_f_adw 
(-1, 5, -75), [1, -1, 5, -75, 125, -625, 15625], 3.25.ab_f_acx 
(-1, 5, -25), [1, -1, 5, -25, 125, -625, 15625], 3.25.ab_f_az 
(-1, 5, 0), [1, -1, 5, 0, 125, -625, 15625], 3.25.ab_f_a 
(-1, 5, 25), [1, -1, 5, 25, 125, -625, 15625], 3.25.ab_f_z 
(-1, 5, 50), [1, -1, 5, 50, 125, -625, 15625], 3.25.ab_f_by 
(-1, 5, 100), [1, -1, 5, 100, 125, -625, 15625], 3.25.ab_f_dw 
(-1, 5, 125), [1, -1, 5, 125, 125, -625, 15625], 3.25.ab_f_ev 
(-1, 5, 150), [1, -1, 5, 150, 125, -625, 15625], 3.25.ab_f_fu 
(-1, 5, 175), [1, -1, 5, 175, 125, -625, 15625], 3.25.ab_f_gt 
(-1, 10, -200), [1, -1, 10, -200, 250, -625, 15625], 3.25.ab_k_ahs 
(-1, 10, -150), [1, -1, 10, -150, 250, -625, 15625], 3.25.ab_k_afu 
(-1, 10, -100), [1, -1, 10, -100, 250, -625, 15625], 3.25.ab_k_adw 
(-1, 10, 0), [1, -1, 10, 0, 250, -625, 15625], 3.25.ab_k_a 
(-1, 10, 50), [1, -1, 10, 50, 250, -625, 15625], 3.25.ab_k_by 
(-1, 10, 100), [1, -1, 10, 100, 250, -625, 15625], 3.25.ab_k_dw 
(-1, 10, 150), [1, -1, 10, 150, 250, -625, 15625], 3.25.ab_k_fu 
(-1, 15, -150), [1, -1, 15, -150, 375, -625, 15625], 3.25.ab_p_afu 
(-1, 15, -125), [1, -1, 15, -125, 375, -625, 15625], 3.25.ab_p_aev 
(-1, 15, -75), [1, -1, 15, -75, 375, -625, 15625], 3.25.ab_p_acx 
(-1, 15, -25), [1, -1, 15, -25, 375, -625, 15625], 3.25.ab_p_az 
(-1, 15, 0), [1, -1, 15, 0, 375, -625, 15625], 3.25.ab_p_a 
(-1, 15, 50), [1, -1, 15, 50, 375, -625, 15625], 3.25.ab_p_by 
(-1, 15, 100), [1, -1, 15, 100, 375, -625, 15625], 3.25.ab_p_dw 
(-1, 15, 125), [1, -1, 15, 125, 375, -625, 15625], 3.25.ab_p_ev 
(-1, 20, -150), [1, -1, 20, -150, 500, -625, 15625], 3.25.ab_u_afu 
(-1, 20, -100), [1, -1, 20, -100, 500, -625, 15625], 3.25.ab_u_adw 
(-1, 20, 0), [1, -1, 20, 0, 500, -625, 15625], 3.25.ab_u_a 
(-1, 20, 50), [1, -1, 20, 50, 500, -625, 15625], 3.25.ab_u_by 
(-1, 25, -125), [1, -1, 25, -125, 625, -625, 15625], 3.25.ab_z_aev 
(-1, 25, -100), [1, -1, 25, -100, 625, -625, 15625], 3.25.ab_z_adw 
(-1, 25, -25), [1, -1, 25, -25, 625, -625, 15625], 3.25.ab_z_az 
(-1, 25, 25), [1, -1, 25, 25, 625, -625, 15625], 3.25.ab_z_z 
(-1, 25, 75), [1, -1, 25, 75, 625, -625, 15625], 3.25.ab_z_cx 
(-1, 30, -100), [1, -1, 30, -100, 750, -625, 15625], 3.25.ab_be_adw 
(-1, 30, 0), [1, -1, 30, 0, 750, -625, 15625], 3.25.ab_be_a 
(-1, 30, 50), [1, -1, 30, 50, 750, -625, 15625], 3.25.ab_be_by 
(-1, 35, -125), [1, -1, 35, -125, 875, -625, 15625], 3.25.ab_bj_aev 
(-1, 35, -75), [1, -1, 35, -75, 875, -625, 15625], 3.25.ab_bj_acx 
(-1, 35, -25), [1, -1, 35, -25, 875, -625, 15625], 3.25.ab_bj_az 
(-1, 35, 0), [1, -1, 35, 0, 875, -625, 15625], 3.25.ab_bj_a 
(-1, 40, -100), [1, -1, 40, -100, 1000, -625, 15625], 3.25.ab_bo_adw 
(-1, 40, 0), [1, -1, 40, 0, 1000, -625, 15625], 3.25.ab_bo_a 
(-1, 45, -75), [1, -1, 45, -75, 1125, -625, 15625], 3.25.ab_bt_acx 
(-1, 45, -25), [1, -1, 45, -25, 1125, -625, 15625], 3.25.ab_bt_az 
(-1, 50, 0), [1, -1, 50, 0, 1250, -625, 15625], 3.25.ab_by_a 
(-1, 55, -75), [1, -1, 55, -75, 1375, -625, 15625], 3.25.ab_cd_acx 
(-1, 55, -25), [1, -1, 55, -25, 1375, -625, 15625], 3.25.ab_cd_az 
(1, -20, -50), [1, 1, -20, -50, -500, 625, 15625], 3.25.b_au_aby 
(1, -15, -125), [1, 1, -15, -125, -375, 625, 15625], 3.25.b_ap_aev 
(1, -15, -100), [1, 1, -15, -100, -375, 625, 15625], 3.25.b_ap_adw 
(1, -15, -50), [1, 1, -15, -50, -375, 625, 15625], 3.25.b_ap_aby 
(1, -15, -25), [1, 1, -15, -25, -375, 625, 15625], 3.25.b_ap_az 
(1, -15, 0), [1, 1, -15, 0, -375, 625, 15625], 3.25.b_ap_a 
(1, -15, 25), [1, 1, -15, 25, -375, 625, 15625], 3.25.b_ap_z 
(1, -10, -100), [1, 1, -10, -100, -250, 625, 15625], 3.25.b_ak_adw 
(1, -10, -50), [1, 1, -10, -50, -250, 625, 15625], 3.25.b_ak_aby 
(1, -10, 0), [1, 1, -10, 0, -250, 625, 15625], 3.25.b_ak_a 
(1, -5, -225), [1, 1, -5, -225, -125, 625, 15625], 3.25.b_af_air 
(1, -5, -175), [1, 1, -5, -175, -125, 625, 15625], 3.25.b_af_agt 
(1, -5, -150), [1, 1, -5, -150, -125, 625, 15625], 3.25.b_af_afu 
(1, -5, -125), [1, 1, -5, -125, -125, 625, 15625], 3.25.b_af_aev 
(1, -5, -100), [1, 1, -5, -100, -125, 625, 15625], 3.25.b_af_adw 
(1, -5, -50), [1, 1, -5, -50, -125, 625, 15625], 3.25.b_af_aby 
(1, -5, -25), [1, 1, -5, -25, -125, 625, 15625], 3.25.b_af_az 
(1, -5, 0), [1, 1, -5, 0, -125, 625, 15625], 3.25.b_af_a 
(1, -5, 25), [1, 1, -5, 25, -125, 625, 15625], 3.25.b_af_z 
(1, -5, 75), [1, 1, -5, 75, -125, 625, 15625], 3.25.b_af_cx 
(1, -5, 100), [1, 1, -5, 100, -125, 625, 15625], 3.25.b_af_dw 
(1, -5, 125), [1, 1, -5, 125, -125, 625, 15625], 3.25.b_af_ev 
(1, 0, -200), [1, 1, 0, -200, 0, 625, 15625], 3.25.b_a_ahs 
(1, 0, -150), [1, 1, 0, -150, 0, 625, 15625], 3.25.b_a_afu 
(1, 0, -50), [1, 1, 0, -50, 0, 625, 15625], 3.25.b_a_aby 
(1, 0, 0), [1, 1, 0, 0, 0, 625, 15625], 3.25.b_a_a 
(1, 0, 100), [1, 1, 0, 100, 0, 625, 15625], 3.25.b_a_dw 
(1, 5, -175), [1, 1, 5, -175, 125, 625, 15625], 3.25.b_f_agt 
(1, 5, -150), [1, 1, 5, -150, 125, 625, 15625], 3.25.b_f_afu 
(1, 5, -125), [1, 1, 5, -125, 125, 625, 15625], 3.25.b_f_aev 
(1, 5, -100), [1, 1, 5, -100, 125, 625, 15625], 3.25.b_f_adw 
(1, 5, -50), [1, 1, 5, -50, 125, 625, 15625], 3.25.b_f_aby 
(1, 5, -25), [1, 1, 5, -25, 125, 625, 15625], 3.25.b_f_az 
(1, 5, 0), [1, 1, 5, 0, 125, 625, 15625], 3.25.b_f_a 
(1, 5, 25), [1, 1, 5, 25, 125, 625, 15625], 3.25.b_f_z 
(1, 5, 75), [1, 1, 5, 75, 125, 625, 15625], 3.25.b_f_cx 
(1, 5, 100), [1, 1, 5, 100, 125, 625, 15625], 3.25.b_f_dw 
(1, 5, 150), [1, 1, 5, 150, 125, 625, 15625], 3.25.b_f_fu 
(1, 5, 200), [1, 1, 5, 200, 125, 625, 15625], 3.25.b_f_hs 
(1, 5, 225), [1, 1, 5, 225, 125, 625, 15625], 3.25.b_f_ir 
(1, 10, -150), [1, 1, 10, -150, 250, 625, 15625], 3.25.b_k_afu 
(1, 10, -100), [1, 1, 10, -100, 250, 625, 15625], 3.25.b_k_adw 
(1, 10, -50), [1, 1, 10, -50, 250, 625, 15625], 3.25.b_k_aby 
(1, 10, 0), [1, 1, 10, 0, 250, 625, 15625], 3.25.b_k_a 
(1, 10, 100), [1, 1, 10, 100, 250, 625, 15625], 3.25.b_k_dw 
(1, 10, 150), [1, 1, 10, 150, 250, 625, 15625], 3.25.b_k_fu 
(1, 10, 200), [1, 1, 10, 200, 250, 625, 15625], 3.25.b_k_hs 
(1, 15, -125), [1, 1, 15, -125, 375, 625, 15625], 3.25.b_p_aev 
(1, 15, -100), [1, 1, 15, -100, 375, 625, 15625], 3.25.b_p_adw 
(1, 15, -50), [1, 1, 15, -50, 375, 625, 15625], 3.25.b_p_aby 
(1, 15, 0), [1, 1, 15, 0, 375, 625, 15625], 3.25.b_p_a 
(1, 15, 25), [1, 1, 15, 25, 375, 625, 15625], 3.25.b_p_z 
(1, 15, 75), [1, 1, 15, 75, 375, 625, 15625], 3.25.b_p_cx 
(1, 15, 125), [1, 1, 15, 125, 375, 625, 15625], 3.25.b_p_ev 
(1, 15, 150), [1, 1, 15, 150, 375, 625, 15625], 3.25.b_p_fu 
(1, 20, -50), [1, 1, 20, -50, 500, 625, 15625], 3.25.b_u_aby 
(1, 20, 0), [1, 1, 20, 0, 500, 625, 15625], 3.25.b_u_a 
(1, 20, 100), [1, 1, 20, 100, 500, 625, 15625], 3.25.b_u_dw 
(1, 20, 150), [1, 1, 20, 150, 500, 625, 15625], 3.25.b_u_fu 
(1, 25, -75), [1, 1, 25, -75, 625, 625, 15625], 3.25.b_z_acx 
(1, 25, -25), [1, 1, 25, -25, 625, 625, 15625], 3.25.b_z_az 
(1, 25, 25), [1, 1, 25, 25, 625, 625, 15625], 3.25.b_z_z 
(1, 25, 100), [1, 1, 25, 100, 625, 625, 15625], 3.25.b_z_dw 
(1, 25, 125), [1, 1, 25, 125, 625, 625, 15625], 3.25.b_z_ev 
(1, 30, -50), [1, 1, 30, -50, 750, 625, 15625], 3.25.b_be_aby 
(1, 30, 0), [1, 1, 30, 0, 750, 625, 15625], 3.25.b_be_a 
(1, 30, 100), [1, 1, 30, 100, 750, 625, 15625], 3.25.b_be_dw 
(1, 35, 0), [1, 1, 35, 0, 875, 625, 15625], 3.25.b_bj_a 
(1, 35, 25), [1, 1, 35, 25, 875, 625, 15625], 3.25.b_bj_z 
(1, 35, 75), [1, 1, 35, 75, 875, 625, 15625], 3.25.b_bj_cx 
(1, 35, 125), [1, 1, 35, 125, 875, 625, 15625], 3.25.b_bj_ev 
(1, 40, 0), [1, 1, 40, 0, 1000, 625, 15625], 3.25.b_bo_a 
(1, 40, 100), [1, 1, 40, 100, 1000, 625, 15625], 3.25.b_bo_dw 
(1, 45, 25), [1, 1, 45, 25, 1125, 625, 15625], 3.25.b_bt_z 
(1, 45, 75), [1, 1, 45, 75, 1125, 625, 15625], 3.25.b_bt_cx 
(1, 50, 0), [1, 1, 50, 0, 1250, 625, 15625], 3.25.b_by_a 
(1, 55, 25), [1, 1, 55, 25, 1375, 625, 15625], 3.25.b_cd_z 
(1, 55, 75), [1, 1, 55, 75, 1375, 625, 15625], 3.25.b_cd_cx 
(2, -20, -100), [1, 2, -20, -100, -500, 1250, 15625], 3.25.c_au_adw 
(2, -15, -175), [1, 2, -15, -175, -375, 1250, 15625], 3.25.c_ap_agt 
(2, -15, -125), [1, 2, -15, -125, -375, 1250, 15625], 3.25.c_ap_aev 
(2, -15, -100), [1, 2, -15, -100, -375, 1250, 15625], 3.25.c_ap_adw 
(2, -15, -75), [1, 2, -15, -75, -375, 1250, 15625], 3.25.c_ap_acx 
(2, -15, -50), [1, 2, -15, -50, -375, 1250, 15625], 3.25.c_ap_aby 
(2, -10, -200), [1, 2, -10, -200, -250, 1250, 15625], 3.25.c_ak_ahs 
(2, -10, -100), [1, 2, -10, -100, -250, 1250, 15625], 3.25.c_ak_adw 
(2, -10, -50), [1, 2, -10, -50, -250, 1250, 15625], 3.25.c_ak_aby 
(2, -10, 0), [1, 2, -10, 0, -250, 1250, 15625], 3.25.c_ak_a 
(2, -5, -200), [1, 2, -5, -200, -125, 1250, 15625], 3.25.c_af_ahs 
(2, -5, -175), [1, 2, -5, -175, -125, 1250, 15625], 3.25.c_af_agt 
(2, -5, -125), [1, 2, -5, -125, -125, 1250, 15625], 3.25.c_af_aev 
(2, -5, -100), [1, 2, -5, -100, -125, 1250, 15625], 3.25.c_af_adw 
(2, -5, -75), [1, 2, -5, -75, -125, 1250, 15625], 3.25.c_af_acx 
(2, -5, -50), [1, 2, -5, -50, -125, 1250, 15625], 3.25.c_af_aby 
(2, -5, 0), [1, 2, -5, 0, -125, 1250, 15625], 3.25.c_af_a 
(2, -5, 50), [1, 2, -5, 50, -125, 1250, 15625], 3.25.c_af_by 
(2, -5, 75), [1, 2, -5, 75, -125, 1250, 15625], 3.25.c_af_cx 
(2, 0, -150), [1, 2, 0, -150, 0, 1250, 15625], 3.25.c_a_afu 
(2, 0, 0), [1, 2, 0, 0, 0, 1250, 15625], 3.25.c_a_a 
(2, 0, 50), [1, 2, 0, 50, 0, 1250, 15625], 3.25.c_a_by 
(2, 5, -125), [1, 2, 5, -125, 125, 1250, 15625], 3.25.c_f_aev 
(2, 5, -100), [1, 2, 5, -100, 125, 1250, 15625], 3.25.c_f_adw 
(2, 5, -75), [1, 2, 5, -75, 125, 1250, 15625], 3.25.c_f_acx 
(2, 5, 0), [1, 2, 5, 0, 125, 1250, 15625], 3.25.c_f_a 
(2, 5, 25), [1, 2, 5, 25, 125, 1250, 15625], 3.25.c_f_z 
(2, 5, 50), [1, 2, 5, 50, 125, 1250, 15625], 3.25.c_f_by 
(2, 5, 125), [1, 2, 5, 125, 125, 1250, 15625], 3.25.c_f_ev 
(2, 5, 150), [1, 2, 5, 150, 125, 1250, 15625], 3.25.c_f_fu 
(2, 5, 175), [1, 2, 5, 175, 125, 1250, 15625], 3.25.c_f_gt 
(2, 10, -100), [1, 2, 10, -100, 250, 1250, 15625], 3.25.c_k_adw 
(2, 10, -50), [1, 2, 10, -50, 250, 1250, 15625], 3.25.c_k_aby 
(2, 10, 0), [1, 2, 10, 0, 250, 1250, 15625], 3.25.c_k_a 
(2, 10, 50), [1, 2, 10, 50, 250, 1250, 15625], 3.25.c_k_by 
(2, 10, 150), [1, 2, 10, 150, 250, 1250, 15625], 3.25.c_k_fu 
(2, 10, 200), [1, 2, 10, 200, 250, 1250, 15625], 3.25.c_k_hs 
(2, 15, -100), [1, 2, 15, -100, 375, 1250, 15625], 3.25.c_p_adw 
(2, 15, -50), [1, 2, 15, -50, 375, 1250, 15625], 3.25.c_p_aby 
(2, 15, 0), [1, 2, 15, 0, 375, 1250, 15625], 3.25.c_p_a 
(2, 15, 25), [1, 2, 15, 25, 375, 1250, 15625], 3.25.c_p_z 
(2, 15, 50), [1, 2, 15, 50, 375, 1250, 15625], 3.25.c_p_by 
(2, 15, 75), [1, 2, 15, 75, 375, 1250, 15625], 3.25.c_p_cx 
(2, 15, 150), [1, 2, 15, 150, 375, 1250, 15625], 3.25.c_p_fu 
(2, 15, 175), [1, 2, 15, 175, 375, 1250, 15625], 3.25.c_p_gt 
(2, 15, 200), [1, 2, 15, 200, 375, 1250, 15625], 3.25.c_p_hs 
(2, 20, -50), [1, 2, 20, -50, 500, 1250, 15625], 3.25.c_u_aby 
(2, 20, 0), [1, 2, 20, 0, 500, 1250, 15625], 3.25.c_u_a 
(2, 20, 50), [1, 2, 20, 50, 500, 1250, 15625], 3.25.c_u_by 
(2, 20, 150), [1, 2, 20, 150, 500, 1250, 15625], 3.25.c_u_fu 
(2, 25, -50), [1, 2, 25, -50, 625, 1250, 15625], 3.25.c_z_aby 
(2, 25, -25), [1, 2, 25, -25, 625, 1250, 15625], 3.25.c_z_az 
(2, 25, 50), [1, 2, 25, 50, 625, 1250, 15625], 3.25.c_z_by 
(2, 25, 75), [1, 2, 25, 75, 625, 1250, 15625], 3.25.c_z_cx 
(2, 25, 125), [1, 2, 25, 125, 625, 1250, 15625], 3.25.c_z_ev 
(2, 25, 200), [1, 2, 25, 200, 625, 1250, 15625], 3.25.c_z_hs 
(2, 30, 0), [1, 2, 30, 0, 750, 1250, 15625], 3.25.c_be_a 
(2, 30, 50), [1, 2, 30, 50, 750, 1250, 15625], 3.25.c_be_by 
(2, 35, 0), [1, 2, 35, 0, 875, 1250, 15625], 3.25.c_bj_a 
(2, 35, 25), [1, 2, 35, 25, 875, 1250, 15625], 3.25.c_bj_z 
(2, 35, 50), [1, 2, 35, 50, 875, 1250, 15625], 3.25.c_bj_by 
(2, 35, 75), [1, 2, 35, 75, 875, 1250, 15625], 3.25.c_bj_cx 
(2, 35, 150), [1, 2, 35, 150, 875, 1250, 15625], 3.25.c_bj_fu 
(2, 40, 50), [1, 2, 40, 50, 1000, 1250, 15625], 3.25.c_bo_by 
(2, 40, 150), [1, 2, 40, 150, 1000, 1250, 15625], 3.25.c_bo_fu 
(2, 45, 50), [1, 2, 45, 50, 1125, 1250, 15625], 3.25.c_bt_by 
(2, 45, 125), [1, 2, 45, 125, 1125, 1250, 15625], 3.25.c_bt_ev 
(2, 55, 50), [1, 2, 55, 50, 1375, 1250, 15625], 3.25.c_cd_by 
(3, -20, -150), [1, 3, -20, -150, -500, 1875, 15625], 3.25.d_au_afu 
(3, -15, -200), [1, 3, -15, -200, -375, 1875, 15625], 3.25.d_ap_ahs 
(3, -15, -175), [1, 3, -15, -175, -375, 1875, 15625], 3.25.d_ap_agt 
(3, -15, -150), [1, 3, -15, -150, -375, 1875, 15625], 3.25.d_ap_afu 
(3, -15, -75), [1, 3, -15, -75, -375, 1875, 15625], 3.25.d_ap_acx 
(3, -10, -200), [1, 3, -10, -200, -250, 1875, 15625], 3.25.d_ak_ahs 
(3, -10, -150), [1, 3, -10, -150, -250, 1875, 15625], 3.25.d_ak_afu 
(3, -10, -50), [1, 3, -10, -50, -250, 1875, 15625], 3.25.d_ak_aby 
(3, -5, -175), [1, 3, -5, -175, -125, 1875, 15625], 3.25.d_af_agt 
(3, -5, -150), [1, 3, -5, -150, -125, 1875, 15625], 3.25.d_af_afu 
(3, -5, -125), [1, 3, -5, -125, -125, 1875, 15625], 3.25.d_af_aev 
(3, -5, -50), [1, 3, -5, -50, -125, 1875, 15625], 3.25.d_af_aby 
(3, -5, -25), [1, 3, -5, -25, -125, 1875, 15625], 3.25.d_af_az 
(3, -5, 0), [1, 3, -5, 0, -125, 1875, 15625], 3.25.d_af_a 
(3, 0, -100), [1, 3, 0, -100, 0, 1875, 15625], 3.25.d_a_adw 
(3, 0, -50), [1, 3, 0, -50, 0, 1875, 15625], 3.25.d_a_aby 
(3, 0, 0), [1, 3, 0, 0, 0, 1875, 15625], 3.25.d_a_a 
(3, 0, 50), [1, 3, 0, 50, 0, 1875, 15625], 3.25.d_a_by 
(3, 5, -125), [1, 3, 5, -125, 125, 1875, 15625], 3.25.d_f_aev 
(3, 5, -75), [1, 3, 5, -75, 125, 1875, 15625], 3.25.d_f_acx 
(3, 5, -50), [1, 3, 5, -50, 125, 1875, 15625], 3.25.d_f_aby 
(3, 5, -25), [1, 3, 5, -25, 125, 1875, 15625], 3.25.d_f_az 
(3, 5, 0), [1, 3, 5, 0, 125, 1875, 15625], 3.25.d_f_a 
(3, 5, 50), [1, 3, 5, 50, 125, 1875, 15625], 3.25.d_f_by 
(3, 5, 75), [1, 3, 5, 75, 125, 1875, 15625], 3.25.d_f_cx 
(3, 5, 100), [1, 3, 5, 100, 125, 1875, 15625], 3.25.d_f_dw 
(3, 5, 125), [1, 3, 5, 125, 125, 1875, 15625], 3.25.d_f_ev 
(3, 10, 50), [1, 3, 10, 50, 250, 1875, 15625], 3.25.d_k_by 
(3, 10, 100), [1, 3, 10, 100, 250, 1875, 15625], 3.25.d_k_dw 
(3, 15, -75), [1, 3, 15, -75, 375, 1875, 15625], 3.25.d_p_acx 
(3, 15, -50), [1, 3, 15, -50, 375, 1875, 15625], 3.25.d_p_aby 
(3, 15, -25), [1, 3, 15, -25, 375, 1875, 15625], 3.25.d_p_az 
(3, 15, 0), [1, 3, 15, 0, 375, 1875, 15625], 3.25.d_p_a 
(3, 15, 50), [1, 3, 15, 50, 375, 1875, 15625], 3.25.d_p_by 
(3, 15, 75), [1, 3, 15, 75, 375, 1875, 15625], 3.25.d_p_cx 
(3, 15, 100), [1, 3, 15, 100, 375, 1875, 15625], 3.25.d_p_dw 
(3, 15, 125), [1, 3, 15, 125, 375, 1875, 15625], 3.25.d_p_ev 
(3, 15, 175), [1, 3, 15, 175, 375, 1875, 15625], 3.25.d_p_gt 
(3, 15, 200), [1, 3, 15, 200, 375, 1875, 15625], 3.25.d_p_hs 
(3, 15, 225), [1, 3, 15, 225, 375, 1875, 15625], 3.25.d_p_ir 
(3, 20, -50), [1, 3, 20, -50, 500, 1875, 15625], 3.25.d_u_aby 
(3, 20, 0), [1, 3, 20, 0, 500, 1875, 15625], 3.25.d_u_a 
(3, 20, 100), [1, 3, 20, 100, 500, 1875, 15625], 3.25.d_u_dw 
(3, 20, 200), [1, 3, 20, 200, 500, 1875, 15625], 3.25.d_u_hs 
(3, 20, 250), [1, 3, 20, 250, 500, 1875, 15625], 3.25.d_u_jq 
(3, 25, 25), [1, 3, 25, 25, 625, 1875, 15625], 3.25.d_z_z 
(3, 25, 50), [1, 3, 25, 50, 625, 1875, 15625], 3.25.d_z_by 
(3, 25, 75), [1, 3, 25, 75, 625, 1875, 15625], 3.25.d_z_cx 
(3, 25, 125), [1, 3, 25, 125, 625, 1875, 15625], 3.25.d_z_ev 
(3, 25, 175), [1, 3, 25, 175, 625, 1875, 15625], 3.25.d_z_gt 
(3, 30, 0), [1, 3, 30, 0, 750, 1875, 15625], 3.25.d_be_a 
(3, 30, 100), [1, 3, 30, 100, 750, 1875, 15625], 3.25.d_be_dw 
(3, 30, 200), [1, 3, 30, 200, 750, 1875, 15625], 3.25.d_be_hs 
(3, 35, 50), [1, 3, 35, 50, 875, 1875, 15625], 3.25.d_bj_by 
(3, 35, 75), [1, 3, 35, 75, 875, 1875, 15625], 3.25.d_bj_cx 
(3, 35, 100), [1, 3, 35, 100, 875, 1875, 15625], 3.25.d_bj_dw 
(3, 35, 125), [1, 3, 35, 125, 875, 1875, 15625], 3.25.d_bj_ev 
(3, 35, 175), [1, 3, 35, 175, 875, 1875, 15625], 3.25.d_bj_gt 
(3, 35, 200), [1, 3, 35, 200, 875, 1875, 15625], 3.25.d_bj_hs 
(3, 40, 50), [1, 3, 40, 50, 1000, 1875, 15625], 3.25.d_bo_by 
(3, 40, 100), [1, 3, 40, 100, 1000, 1875, 15625], 3.25.d_bo_dw 
(3, 45, 75), [1, 3, 45, 75, 1125, 1875, 15625], 3.25.d_bt_cx 
(3, 45, 125), [1, 3, 45, 125, 1125, 1875, 15625], 3.25.d_bt_ev 
(3, 55, 125), [1, 3, 55, 125, 1375, 1875, 15625], 3.25.d_cd_ev 
(4, -20, -200), [1, 4, -20, -200, -500, 2500, 15625], 3.25.e_au_ahs 
(4, -15, -250), [1, 4, -15, -250, -375, 2500, 15625], 3.25.e_ap_ajq 
(4, -15, -200), [1, 4, -15, -200, -375, 2500, 15625], 3.25.e_ap_ahs 
(4, -15, -150), [1, 4, -15, -150, -375, 2500, 15625], 3.25.e_ap_afu 
(4, -10, -150), [1, 4, -10, -150, -250, 2500, 15625], 3.25.e_ak_afu 
(4, -10, -100), [1, 4, -10, -100, -250, 2500, 15625], 3.25.e_ak_adw 
(4, -5, -200), [1, 4, -5, -200, -125, 2500, 15625], 3.25.e_af_ahs 
(4, -5, -150), [1, 4, -5, -150, -125, 2500, 15625], 3.25.e_af_afu 
(4, -5, -100), [1, 4, -5, -100, -125, 2500, 15625], 3.25.e_af_adw 
(4, -5, -75), [1, 4, -5, -75, -125, 2500, 15625], 3.25.e_af_acx 
(4, 0, -50), [1, 4, 0, -50, 0, 2500, 15625], 3.25.e_a_aby 
(4, 0, 0), [1, 4, 0, 0, 0, 2500, 15625], 3.25.e_a_a 
(4, 5, -100), [1, 4, 5, -100, 125, 2500, 15625], 3.25.e_f_adw 
(4, 5, -75), [1, 4, 5, -75, 125, 2500, 15625], 3.25.e_f_acx 
(4, 5, 0), [1, 4, 5, 0, 125, 2500, 15625], 3.25.e_f_a 
(4, 5, 25), [1, 4, 5, 25, 125, 2500, 15625], 3.25.e_f_z 
(4, 5, 50), [1, 4, 5, 50, 125, 2500, 15625], 3.25.e_f_by 
(4, 10, 0), [1, 4, 10, 0, 250, 2500, 15625], 3.25.e_k_a 
(4, 10, 50), [1, 4, 10, 50, 250, 2500, 15625], 3.25.e_k_by 
(4, 10, 100), [1, 4, 10, 100, 250, 2500, 15625], 3.25.e_k_dw 
(4, 15, -25), [1, 4, 15, -25, 375, 2500, 15625], 3.25.e_p_az 
(4, 15, 0), [1, 4, 15, 0, 375, 2500, 15625], 3.25.e_p_a 
(4, 15, 50), [1, 4, 15, 50, 375, 2500, 15625], 3.25.e_p_by 
(4, 15, 100), [1, 4, 15, 100, 375, 2500, 15625], 3.25.e_p_dw 
(4, 15, 125), [1, 4, 15, 125, 375, 2500, 15625], 3.25.e_p_ev 
(4, 15, 150), [1, 4, 15, 150, 375, 2500, 15625], 3.25.e_p_fu 
(4, 15, 175), [1, 4, 15, 175, 375, 2500, 15625], 3.25.e_p_gt 
(4, 20, 50), [1, 4, 20, 50, 500, 2500, 15625], 3.25.e_u_by 
(4, 20, 100), [1, 4, 20, 100, 500, 2500, 15625], 3.25.e_u_dw 
(4, 20, 150), [1, 4, 20, 150, 500, 2500, 15625], 3.25.e_u_fu 
(4, 25, 25), [1, 4, 25, 25, 625, 2500, 15625], 3.25.e_z_z 
(4, 25, 75), [1, 4, 25, 75, 625, 2500, 15625], 3.25.e_z_cx 
(4, 25, 100), [1, 4, 25, 100, 625, 2500, 15625], 3.25.e_z_dw 
(4, 25, 125), [1, 4, 25, 125, 625, 2500, 15625], 3.25.e_z_ev 
(4, 25, 150), [1, 4, 25, 150, 625, 2500, 15625], 3.25.e_z_fu 
(4, 25, 250), [1, 4, 25, 250, 625, 2500, 15625], 3.25.e_z_jq 
(4, 25, 275), [1, 4, 25, 275, 625, 2500, 15625], 3.25.e_z_kp 
(4, 30, 50), [1, 4, 30, 50, 750, 2500, 15625], 3.25.e_be_by 
(4, 30, 100), [1, 4, 30, 100, 750, 2500, 15625], 3.25.e_be_dw 
(4, 30, 150), [1, 4, 30, 150, 750, 2500, 15625], 3.25.e_be_fu 
(4, 35, 50), [1, 4, 35, 50, 875, 2500, 15625], 3.25.e_bj_by 
(4, 35, 100), [1, 4, 35, 100, 875, 2500, 15625], 3.25.e_bj_dw 
(4, 35, 125), [1, 4, 35, 125, 875, 2500, 15625], 3.25.e_bj_ev 
(4, 35, 225), [1, 4, 35, 225, 875, 2500, 15625], 3.25.e_bj_ir 
(4, 35, 250), [1, 4, 35, 250, 875, 2500, 15625], 3.25.e_bj_jq 
(4, 40, 100), [1, 4, 40, 100, 1000, 2500, 15625], 3.25.e_bo_dw 
(4, 45, 100), [1, 4, 45, 100, 1125, 2500, 15625], 3.25.e_bt_dw 
(4, 45, 150), [1, 4, 45, 150, 1125, 2500, 15625], 3.25.e_bt_fu 
(4, 45, 175), [1, 4, 45, 175, 1125, 2500, 15625], 3.25.e_bt_gt 
(4, 50, 150), [1, 4, 50, 150, 1250, 2500, 15625], 3.25.e_by_fu 
(4, 55, 150), [1, 4, 55, 150, 1375, 2500, 15625], 3.25.e_cd_fu 
(4, 55, 175), [1, 4, 55, 175, 1375, 2500, 15625], 3.25.e_cd_gt 
(6, -20, -300), [1, 6, -20, -300, -500, 3750, 15625], 3.25.g_au_alo 
(6, -15, -250), [1, 6, -15, -250, -375, 3750, 15625], 3.25.g_ap_ajq 
(6, -10, -250), [1, 6, -10, -250, -250, 3750, 15625], 3.25.g_ak_ajq 
(6, -5, -175), [1, 6, -5, -175, -125, 3750, 15625], 3.25.g_af_agt 
(6, -5, -150), [1, 6, -5, -150, -125, 3750, 15625], 3.25.g_af_afu 
(6, 5, -100), [1, 6, 5, -100, 125, 3750, 15625], 3.25.g_f_adw 
(6, 5, -50), [1, 6, 5, -50, 125, 3750, 15625], 3.25.g_f_aby 
(6, 5, -25), [1, 6, 5, -25, 125, 3750, 15625], 3.25.g_f_az 
(6, 10, -100), [1, 6, 10, -100, 250, 3750, 15625], 3.25.g_k_adw 
(6, 10, 0), [1, 6, 10, 0, 250, 3750, 15625], 3.25.g_k_a 
(6, 15, -50), [1, 6, 15, -50, 375, 3750, 15625], 3.25.g_p_aby 
(6, 15, 0), [1, 6, 15, 0, 375, 3750, 15625], 3.25.g_p_a 
(6, 15, 25), [1, 6, 15, 25, 375, 3750, 15625], 3.25.g_p_z 
(6, 15, 75), [1, 6, 15, 75, 375, 3750, 15625], 3.25.g_p_cx 
(6, 20, 100), [1, 6, 20, 100, 500, 3750, 15625], 3.25.g_u_dw 
(6, 25, 50), [1, 6, 25, 50, 625, 3750, 15625], 3.25.g_z_by 
(6, 25, 100), [1, 6, 25, 100, 625, 3750, 15625], 3.25.g_z_dw 
(6, 25, 125), [1, 6, 25, 125, 625, 3750, 15625], 3.25.g_z_ev 
(6, 30, 100), [1, 6, 30, 100, 750, 3750, 15625], 3.25.g_be_dw 
(6, 30, 150), [1, 6, 30, 150, 750, 3750, 15625], 3.25.g_be_fu 
(6, 30, 200), [1, 6, 30, 200, 750, 3750, 15625], 3.25.g_be_hs 
(6, 35, 125), [1, 6, 35, 125, 875, 3750, 15625], 3.25.g_bj_ev 
(6, 35, 150), [1, 6, 35, 150, 875, 3750, 15625], 3.25.g_bj_fu 
(6, 35, 200), [1, 6, 35, 200, 875, 3750, 15625], 3.25.g_bj_hs 
(6, 35, 250), [1, 6, 35, 250, 875, 3750, 15625], 3.25.g_bj_jq 
(6, 35, 275), [1, 6, 35, 275, 875, 3750, 15625], 3.25.g_bj_kp 
(6, 40, 150), [1, 6, 40, 150, 1000, 3750, 15625], 3.25.g_bo_fu 
(6, 40, 250), [1, 6, 40, 250, 1000, 3750, 15625], 3.25.g_bo_jq 
(6, 45, 150), [1, 6, 45, 150, 1125, 3750, 15625], 3.25.g_bt_fu 
(6, 45, 200), [1, 6, 45, 200, 1125, 3750, 15625], 3.25.g_bt_hs 
(6, 45, 225), [1, 6, 45, 225, 1125, 3750, 15625], 3.25.g_bt_ir 
(6, 45, 325), [1, 6, 45, 325, 1125, 3750, 15625], 3.25.g_bt_mn 
(6, 50, 250), [1, 6, 50, 250, 1250, 3750, 15625], 3.25.g_by_jq 
(6, 55, 200), [1, 6, 55, 200, 1375, 3750, 15625], 3.25.g_cd_hs 
(6, 55, 225), [1, 6, 55, 225, 1375, 3750, 15625], 3.25.g_cd_ir 
(6, 60, 250), [1, 6, 60, 250, 1500, 3750, 15625], 3.25.g_ci_jq 
(6, 65, 250), [1, 6, 65, 250, 1625, 3750, 15625], 3.25.g_cn_jq 
(6, 65, 275), [1, 6, 65, 275, 1625, 3750, 15625], 3.25.g_cn_kp 
(7, -15, -300), [1, 7, -15, -300, -375, 4375, 15625], 3.25.h_ap_alo 
(7, -5, -225), [1, 7, -5, -225, -125, 4375, 15625], 3.25.h_af_air 
(7, -5, -200), [1, 7, -5, -200, -125, 4375, 15625], 3.25.h_af_ahs 
(7, -5, -175), [1, 7, -5, -175, -125, 4375, 15625], 3.25.h_af_agt 
(7, 0, -150), [1, 7, 0, -150, 0, 4375, 15625], 3.25.h_a_afu 
(7, 5, -125), [1, 7, 5, -125, 125, 4375, 15625], 3.25.h_f_aev 
(7, 5, -100), [1, 7, 5, -100, 125, 4375, 15625], 3.25.h_f_adw 
(7, 5, -75), [1, 7, 5, -75, 125, 4375, 15625], 3.25.h_f_acx 
(7, 10, -100), [1, 7, 10, -100, 250, 4375, 15625], 3.25.h_k_adw 
(7, 10, -50), [1, 7, 10, -50, 250, 4375, 15625], 3.25.h_k_aby 
(7, 15, -50), [1, 7, 15, -50, 375, 4375, 15625], 3.25.h_p_aby 
(7, 15, 25), [1, 7, 15, 25, 375, 4375, 15625], 3.25.h_p_z 
(7, 20, 0), [1, 7, 20, 0, 500, 4375, 15625], 3.25.h_u_a 
(7, 20, 50), [1, 7, 20, 50, 500, 4375, 15625], 3.25.h_u_by 
(7, 25, 25), [1, 7, 25, 25, 625, 4375, 15625], 3.25.h_z_z 
(7, 25, 75), [1, 7, 25, 75, 625, 4375, 15625], 3.25.h_z_cx 
(7, 25, 100), [1, 7, 25, 100, 625, 4375, 15625], 3.25.h_z_dw 
(7, 25, 125), [1, 7, 25, 125, 625, 4375, 15625], 3.25.h_z_ev 
(7, 30, 50), [1, 7, 30, 50, 750, 4375, 15625], 3.25.h_be_by 
(7, 30, 150), [1, 7, 30, 150, 750, 4375, 15625], 3.25.h_be_fu 
(7, 35, 75), [1, 7, 35, 75, 875, 4375, 15625], 3.25.h_bj_cx 
(7, 35, 125), [1, 7, 35, 125, 875, 4375, 15625], 3.25.h_bj_ev 
(7, 35, 150), [1, 7, 35, 150, 875, 4375, 15625], 3.25.h_bj_fu 
(7, 35, 175), [1, 7, 35, 175, 875, 4375, 15625], 3.25.h_bj_gt 
(7, 35, 200), [1, 7, 35, 200, 875, 4375, 15625], 3.25.h_bj_hs 
(7, 40, 150), [1, 7, 40, 150, 1000, 4375, 15625], 3.25.h_bo_fu 
(7, 40, 200), [1, 7, 40, 200, 1000, 4375, 15625], 3.25.h_bo_hs 
(7, 45, 175), [1, 7, 45, 175, 1125, 4375, 15625], 3.25.h_bt_gt 
(7, 45, 250), [1, 7, 45, 250, 1125, 4375, 15625], 3.25.h_bt_jq 
(7, 45, 275), [1, 7, 45, 275, 1125, 4375, 15625], 3.25.h_bt_kp 
(7, 45, 300), [1, 7, 45, 300, 1125, 4375, 15625], 3.25.h_bt_lo 
(7, 50, 200), [1, 7, 50, 200, 1250, 4375, 15625], 3.25.h_by_hs 
(7, 50, 250), [1, 7, 50, 250, 1250, 4375, 15625], 3.25.h_by_jq 
(7, 50, 300), [1, 7, 50, 300, 1250, 4375, 15625], 3.25.h_by_lo 
(7, 55, 250), [1, 7, 55, 250, 1375, 4375, 15625], 3.25.h_cd_jq 
(7, 55, 275), [1, 7, 55, 275, 1375, 4375, 15625], 3.25.h_cd_kp 
(7, 55, 300), [1, 7, 55, 300, 1375, 4375, 15625], 3.25.h_cd_lo 
(7, 65, 275), [1, 7, 65, 275, 1625, 4375, 15625], 3.25.h_cn_kp 
(7, 65, 300), [1, 7, 65, 300, 1625, 4375, 15625], 3.25.h_cn_lo 
(7, 65, 325), [1, 7, 65, 325, 1625, 4375, 15625], 3.25.h_cn_mn 
(7, 70, 300), [1, 7, 70, 300, 1750, 4375, 15625], 3.25.h_cs_lo 
(7, 75, 325), [1, 7, 75, 325, 1875, 4375, 15625], 3.25.h_cx_mn 
(8, -15, -325), [1, 8, -15, -325, -375, 5000, 15625], 3.25.i_ap_amn 
(8, 5, -150), [1, 8, 5, -150, 125, 5000, 15625], 3.25.i_f_afu 
(8, 15, -50), [1, 8, 15, -50, 375, 5000, 15625], 3.25.i_p_aby 
(8, 15, -25), [1, 8, 15, -25, 375, 5000, 15625], 3.25.i_p_az 
(8, 20, 0), [1, 8, 20, 0, 500, 5000, 15625], 3.25.i_u_a 
(8, 25, 25), [1, 8, 25, 25, 625, 5000, 15625], 3.25.i_z_z 
(8, 25, 50), [1, 8, 25, 50, 625, 5000, 15625], 3.25.i_z_by 
(8, 30, 50), [1, 8, 30, 50, 750, 5000, 15625], 3.25.i_be_by 
(8, 35, 75), [1, 8, 35, 75, 875, 5000, 15625], 3.25.i_bj_cx 
(8, 35, 100), [1, 8, 35, 100, 875, 5000, 15625], 3.25.i_bj_dw 
(8, 35, 175), [1, 8, 35, 175, 875, 5000, 15625], 3.25.i_bj_gt 
(8, 40, 200), [1, 8, 40, 200, 1000, 5000, 15625], 3.25.i_bo_hs 
(8, 45, 200), [1, 8, 45, 200, 1125, 5000, 15625], 3.25.i_bt_hs 
(8, 45, 250), [1, 8, 45, 250, 1125, 5000, 15625], 3.25.i_bt_jq 
(8, 50, 250), [1, 8, 50, 250, 1250, 5000, 15625], 3.25.i_by_jq 
(8, 50, 300), [1, 8, 50, 300, 1250, 5000, 15625], 3.25.i_by_lo 
(8, 55, 250), [1, 8, 55, 250, 1375, 5000, 15625], 3.25.i_cd_jq 
(8, 55, 300), [1, 8, 55, 300, 1375, 5000, 15625], 3.25.i_cd_lo 
(8, 55, 325), [1, 8, 55, 325, 1375, 5000, 15625], 3.25.i_cd_mn 
(8, 55, 350), [1, 8, 55, 350, 1375, 5000, 15625], 3.25.i_cd_nm 
(8, 55, 375), [1, 8, 55, 375, 1375, 5000, 15625], 3.25.i_cd_ol 
(8, 60, 300), [1, 8, 60, 300, 1500, 5000, 15625], 3.25.i_ci_lo 
(8, 60, 350), [1, 8, 60, 350, 1500, 5000, 15625], 3.25.i_ci_nm 
(8, 65, 300), [1, 8, 65, 300, 1625, 5000, 15625], 3.25.i_cn_lo 
(8, 65, 350), [1, 8, 65, 350, 1625, 5000, 15625], 3.25.i_cn_nm 
(8, 70, 350), [1, 8, 70, 350, 1750, 5000, 15625], 3.25.i_cs_nm 
(8, 75, 375), [1, 8, 75, 375, 1875, 5000, 15625], 3.25.i_cx_ol 
(9, 15, -75), [1, 9, 15, -75, 375, 5625, 15625], 3.25.j_p_acx 
(9, 25, 25), [1, 9, 25, 25, 625, 5625, 15625], 3.25.j_z_z 
(9, 30, 50), [1, 9, 30, 50, 750, 5625, 15625], 3.25.j_be_by 
(9, 35, 100), [1, 9, 35, 100, 875, 5625, 15625], 3.25.j_bj_dw 
(9, 35, 125), [1, 9, 35, 125, 875, 5625, 15625], 3.25.j_bj_ev 
(9, 45, 150), [1, 9, 45, 150, 1125, 5625, 15625], 3.25.j_bt_fu 
(9, 45, 175), [1, 9, 45, 175, 1125, 5625, 15625], 3.25.j_bt_gt 
(9, 45, 225), [1, 9, 45, 225, 1125, 5625, 15625], 3.25.j_bt_ir 
(9, 50, 200), [1, 9, 50, 200, 1250, 5625, 15625], 3.25.j_by_hs 
(9, 50, 250), [1, 9, 50, 250, 1250, 5625, 15625], 3.25.j_by_jq 
(9, 55, 225), [1, 9, 55, 225, 1375, 5625, 15625], 3.25.j_cd_ir 
(9, 55, 275), [1, 9, 55, 275, 1375, 5625, 15625], 3.25.j_cd_kp 
(9, 55, 300), [1, 9, 55, 300, 1375, 5625, 15625], 3.25.j_cd_lo 
(9, 60, 250), [1, 9, 60, 250, 1500, 5625, 15625], 3.25.j_ci_jq 
(9, 60, 300), [1, 9, 60, 300, 1500, 5625, 15625], 3.25.j_ci_lo 
(9, 60, 350), [1, 9, 60, 350, 1500, 5625, 15625], 3.25.j_ci_nm 
(9, 65, 350), [1, 9, 65, 350, 1625, 5625, 15625], 3.25.j_cn_nm 
(9, 65, 375), [1, 9, 65, 375, 1625, 5625, 15625], 3.25.j_cn_ol 
(9, 65, 425), [1, 9, 65, 425, 1625, 5625, 15625], 3.25.j_cn_qj 
(9, 70, 400), [1, 9, 70, 400, 1750, 5625, 15625], 3.25.j_cs_pk 
(9, 75, 375), [1, 9, 75, 375, 1875, 5625, 15625], 3.25.j_cx_ol 
(9, 75, 400), [1, 9, 75, 400, 1875, 5625, 15625], 3.25.j_cx_pk 
(9, 80, 400), [1, 9, 80, 400, 2000, 5625, 15625], 3.25.j_dc_pk 
(9, 85, 425), [1, 9, 85, 425, 2125, 5625, 15625], 3.25.j_dh_qj 
(11, 55, 225), [1, 11, 55, 225, 1375, 6875, 15625], 3.25.l_cd_ir 
(11, 60, 250), [1, 11, 60, 250, 1500, 6875, 15625], 3.25.l_ci_jq 
(11, 65, 325), [1, 11, 65, 325, 1625, 6875, 15625], 3.25.l_cn_mn 
(11, 70, 350), [1, 11, 70, 350, 1750, 6875, 15625], 3.25.l_cs_nm 
(11, 75, 375), [1, 11, 75, 375, 1875, 6875, 15625], 3.25.l_cx_ol 
(11, 75, 425), [1, 11, 75, 425, 1875, 6875, 15625], 3.25.l_cx_qj 
(11, 80, 450), [1, 11, 80, 450, 2000, 6875, 15625], 3.25.l_dc_ri 
(11, 85, 500), [1, 11, 85, 500, 2125, 6875, 15625], 3.25.l_dh_tg 
(11, 85, 525), [1, 11, 85, 525, 2125, 6875, 15625], 3.25.l_dh_uf 
(11, 90, 500), [1, 11, 90, 500, 2250, 6875, 15625], 3.25.l_dm_tg 
(11, 95, 525), [1, 11, 95, 525, 2375, 6875, 15625], 3.25.l_dr_uf 
(12, 65, 275), [1, 12, 65, 275, 1625, 7500, 15625], 3.25.m_cn_kp 
(12, 75, 350), [1, 12, 75, 350, 1875, 7500, 15625], 3.25.m_cx_nm 
(12, 75, 375), [1, 12, 75, 375, 1875, 7500, 15625], 3.25.m_cx_ol 
(12, 80, 400), [1, 12, 80, 400, 2000, 7500, 15625], 3.25.m_dc_pk 
(12, 85, 450), [1, 12, 85, 450, 2125, 7500, 15625], 3.25.m_dh_ri 
(12, 95, 500), [1, 12, 95, 500, 2375, 7500, 15625], 3.25.m_dr_tg 
(12, 95, 550), [1, 12, 95, 550, 2375, 7500, 15625], 3.25.m_dr_ve 
(13, 85, 425), [1, 13, 85, 425, 2125, 8125, 15625], 3.25.n_dh_qj 
(13, 95, 500), [1, 13, 95, 500, 2375, 8125, 15625], 3.25.n_dr_tg 
(13, 100, 550), [1, 13, 100, 550, 2500, 8125, 15625], 3.25.n_dw_ve 
(13, 105, 575), [1, 13, 105, 575, 2625, 8125, 15625], 3.25.n_eb_wd 
(13, 105, 625), [1, 13, 105, 625, 2625, 8125, 15625], 3.25.n_eb_yb 
(13, 115, 675), [1, 13, 115, 675, 2875, 8125, 15625], 3.25.n_el_zz 
(14, 125, 750), [1, 14, 125, 750, 3125, 8750, 15625], 3.25.o_ev_bcw 
(16, 135, 775), [1, 16, 135, 775, 3375, 10000, 15625], 3.25.q_ff_bdv 
