(-3, 2, 4), [1, -3, 2, 4, 8, -48, 64], 3.4.ad_c_e, 9 
(-3, 6, -12), [1, -3, 6, -12, 24, -48, 64], 3.4.ad_g_am, -39 
(-3, 8, -20), [1, -3, 8, -20, 32, -48, 64], 3.4.ad_i_au, -75 
(-3, 8, -16), [1, -3, 8, -16, 32, -48, 64], 3.4.ad_i_aq, -71 
(-1, -2, 4), [1, -1, -2, 4, -8, -16, 64], 3.4.ab_ac_e, 1 
(-1, -2, 8), [1, -1, -2, 8, -8, -16, 64], 3.4.ab_ac_i, 5 
(-1, -2, 12), [1, -1, -2, 12, -8, -16, 64], 3.4.ab_ac_m, 9 
(-1, 0, -4), [1, -1, 0, -4, 0, -16, 64], 3.4.ab_a_ae, -3 
(-1, 0, 0), [1, -1, 0, 0, 0, -16, 64], 3.4.ab_a_a, 1 
(-1, 0, 8), [1, -1, 0, 8, 0, -16, 64], 3.4.ab_a_i, 9 
(-1, 2, -12), [1, -1, 2, -12, 8, -16, 64], 3.4.ab_c_am, -15 
(-1, 2, -4), [1, -1, 2, -4, 8, -16, 64], 3.4.ab_c_ae, -7 
(-1, 2, 0), [1, -1, 2, 0, 8, -16, 64], 3.4.ab_c_a, -3 
(-1, 4, -4), [1, -1, 4, -4, 16, -16, 64], 3.4.ab_e_ae, -19 
(-1, 6, -4), [1, -1, 6, -4, 24, -16, 64], 3.4.ab_g_ae, -39 
(1, -2, -12), [1, 1, -2, -12, -8, 16, 64], 3.4.b_ac_am, -15 
(1, -2, -8), [1, 1, -2, -8, -8, 16, 64], 3.4.b_ac_ai, -11 
(1, -2, -4), [1, 1, -2, -4, -8, 16, 64], 3.4.b_ac_ae, -7 
(1, 0, -8), [1, 1, 0, -8, 0, 16, 64], 3.4.b_a_ai, -7 
(1, 0, 0), [1, 1, 0, 0, 0, 16, 64], 3.4.b_a_a, 1 
(1, 0, 4), [1, 1, 0, 4, 0, 16, 64], 3.4.b_a_e, 5 
(1, 2, 0), [1, 1, 2, 0, 8, 16, 64], 3.4.b_c_a, -3 
(1, 2, 4), [1, 1, 2, 4, 8, 16, 64], 3.4.b_c_e, 1 
(1, 2, 12), [1, 1, 2, 12, 8, 16, 64], 3.4.b_c_m, 9 
(1, 4, 4), [1, 1, 4, 4, 16, 16, 64], 3.4.b_e_e, -11 
(1, 6, 4), [1, 1, 6, 4, 24, 16, 64], 3.4.b_g_e, -31 
(3, 2, -4), [1, 3, 2, -4, 8, 48, 64], 3.4.d_c_ae, 1 
(3, 6, 12), [1, 3, 6, 12, 24, 48, 64], 3.4.d_g_m, -15 
(3, 8, 16), [1, 3, 8, 16, 32, 48, 64], 3.4.d_i_q, -39 
(3, 8, 20), [1, 3, 8, 20, 32, 48, 64], 3.4.d_i_u, -35 
