(-17, 138, -759), [1, -17, 138, -759, 3174, -8993, 12167], 3.23.ar_fi_abdf, -19514 
(-16, 138, -805), [1, -16, 138, -805, 3174, -8464, 12167], 3.23.aq_fi_abez, -19593 
(-13, 92, -483), [1, -13, 92, -483, 2116, -6877, 12167], 3.23.an_do_asp, -8778 
(-12, 92, -529), [1, -12, 92, -529, 2116, -6348, 12167], 3.23.am_do_auj, -8849 
(-12, 92, -483), [1, -12, 92, -483, 2116, -6348, 12167], 3.23.am_do_asp, -8803 
(-11, 23, 69), [1, -11, 23, 69, 529, -5819, 12167], 3.23.al_x_cr, -339 
(-11, 92, -483), [1, -11, 92, -483, 2116, -5819, 12167], 3.23.al_do_asp, -8826 
(-10, 46, -161), [1, -10, 46, -161, 1058, -5290, 12167], 3.23.ak_bu_agf, -2177 
(-9, 46, -161), [1, -9, 46, -161, 1058, -4761, 12167], 3.23.aj_bu_agf, -2196 
(-8, 0, 161), [1, -8, 0, 161, 0, -4232, 12167], 3.23.ai_a_gf, 225 
(-8, 46, -253), [1, -8, 46, -253, 1058, -4232, 12167], 3.23.ai_bu_ajt, -2305 
(-8, 46, -207), [1, -8, 46, -207, 1058, -4232, 12167], 3.23.ai_bu_ahz, -2259 
(-8, 46, -161), [1, -8, 46, -161, 1058, -4232, 12167], 3.23.ai_bu_agf, -2213 
(-7, 0, 115), [1, -7, 0, 115, 0, -3703, 12167], 3.23.ah_a_el, 164 
(-7, 46, -299), [1, -7, 46, -299, 1058, -3703, 12167], 3.23.ah_bu_aln, -2366 
(-7, 46, -253), [1, -7, 46, -253, 1058, -3703, 12167], 3.23.ah_bu_ajt, -2320 
(-7, 46, -207), [1, -7, 46, -207, 1058, -3703, 12167], 3.23.ah_bu_ahz, -2274 
(-6, 0, 69), [1, -6, 0, 69, 0, -3174, 12167], 3.23.ag_a_cr, 105 
(-6, 0, 115), [1, -6, 0, 115, 0, -3174, 12167], 3.23.ag_a_el, 151 
(-6, 46, -253), [1, -6, 46, -253, 1058, -3174, 12167], 3.23.ag_bu_ajt, -2333 
(-6, 46, -207), [1, -6, 46, -207, 1058, -3174, 12167], 3.23.ag_bu_ahz, -2287 
(-6, 46, -161), [1, -6, 46, -161, 1058, -3174, 12167], 3.23.ag_bu_agf, -2241 
(-5, 0, 23), [1, -5, 0, 23, 0, -2645, 12167], 3.23.af_a_x, 48 
(-5, 0, 69), [1, -5, 0, 69, 0, -2645, 12167], 3.23.af_a_cr, 94 
(-5, 46, -207), [1, -5, 46, -207, 1058, -2645, 12167], 3.23.af_bu_ahz, -2298 
(-5, 46, -161), [1, -5, 46, -161, 1058, -2645, 12167], 3.23.af_bu_agf, -2252 
(-4, 0, -23), [1, -4, 0, -23, 0, -2116, 12167], 3.23.ae_a_ax, -7 
(-4, 0, 23), [1, -4, 0, 23, 0, -2116, 12167], 3.23.ae_a_x, 39 
(-4, 0, 69), [1, -4, 0, 69, 0, -2116, 12167], 3.23.ae_a_cr, 85 
(-4, 0, 115), [1, -4, 0, 115, 0, -2116, 12167], 3.23.ae_a_el, 131 
(-4, 46, -161), [1, -4, 46, -161, 1058, -2116, 12167], 3.23.ae_bu_agf, -2261 
(-4, 46, -115), [1, -4, 46, -115, 1058, -2116, 12167], 3.23.ae_bu_ael, -2215 
(-3, 0, -69), [1, -3, 0, -69, 0, -1587, 12167], 3.23.ad_a_acr, -60 
(-3, 0, -23), [1, -3, 0, -23, 0, -1587, 12167], 3.23.ad_a_ax, -14 
(-3, 0, 23), [1, -3, 0, 23, 0, -1587, 12167], 3.23.ad_a_x, 32 
(-3, 0, 115), [1, -3, 0, 115, 0, -1587, 12167], 3.23.ad_a_el, 124 
(-3, 0, 161), [1, -3, 0, 161, 0, -1587, 12167], 3.23.ad_a_gf, 170 
(-3, 46, -161), [1, -3, 46, -161, 1058, -1587, 12167], 3.23.ad_bu_agf, -2268 
(-3, 46, -115), [1, -3, 46, -115, 1058, -1587, 12167], 3.23.ad_bu_ael, -2222 
(-2, 0, -115), [1, -2, 0, -115, 0, -1058, 12167], 3.23.ac_a_ael, -111 
(-2, 0, -69), [1, -2, 0, -69, 0, -1058, 12167], 3.23.ac_a_acr, -65 
(-2, 0, -23), [1, -2, 0, -23, 0, -1058, 12167], 3.23.ac_a_ax, -19 
(-2, 0, 23), [1, -2, 0, 23, 0, -1058, 12167], 3.23.ac_a_x, 27 
(-2, 0, 69), [1, -2, 0, 69, 0, -1058, 12167], 3.23.ac_a_cr, 73 
(-2, 0, 115), [1, -2, 0, 115, 0, -1058, 12167], 3.23.ac_a_el, 119 
(-2, 0, 161), [1, -2, 0, 161, 0, -1058, 12167], 3.23.ac_a_gf, 165 
(-2, 46, -115), [1, -2, 46, -115, 1058, -1058, 12167], 3.23.ac_bu_ael, -2227 
(-2, 46, -69), [1, -2, 46, -69, 1058, -1058, 12167], 3.23.ac_bu_acr, -2181 
(-1, 0, -161), [1, -1, 0, -161, 0, -529, 12167], 3.23.ab_a_agf, -160 
(-1, 0, -115), [1, -1, 0, -115, 0, -529, 12167], 3.23.ab_a_ael, -114 
(-1, 0, -69), [1, -1, 0, -69, 0, -529, 12167], 3.23.ab_a_acr, -68 
(-1, 0, -23), [1, -1, 0, -23, 0, -529, 12167], 3.23.ab_a_ax, -22 
(-1, 0, 69), [1, -1, 0, 69, 0, -529, 12167], 3.23.ab_a_cr, 70 
(-1, 0, 115), [1, -1, 0, 115, 0, -529, 12167], 3.23.ab_a_el, 116 
(-1, 0, 161), [1, -1, 0, 161, 0, -529, 12167], 3.23.ab_a_gf, 162 
(-1, 46, -69), [1, -1, 46, -69, 1058, -529, 12167], 3.23.ab_bu_acr, -2184 
(1, 0, -161), [1, 1, 0, -161, 0, 529, 12167], 3.23.b_a_agf, -160 
(1, 0, -115), [1, 1, 0, -115, 0, 529, 12167], 3.23.b_a_ael, -114 
(1, 0, -69), [1, 1, 0, -69, 0, 529, 12167], 3.23.b_a_acr, -68 
(1, 0, 23), [1, 1, 0, 23, 0, 529, 12167], 3.23.b_a_x, 24 
(1, 0, 69), [1, 1, 0, 69, 0, 529, 12167], 3.23.b_a_cr, 70 
(1, 0, 115), [1, 1, 0, 115, 0, 529, 12167], 3.23.b_a_el, 116 
(1, 0, 161), [1, 1, 0, 161, 0, 529, 12167], 3.23.b_a_gf, 162 
(1, 46, 69), [1, 1, 46, 69, 1058, 529, 12167], 3.23.b_bu_cr, -2046 
(2, 0, -161), [1, 2, 0, -161, 0, 1058, 12167], 3.23.c_a_agf, -157 
(2, 0, -115), [1, 2, 0, -115, 0, 1058, 12167], 3.23.c_a_ael, -111 
(2, 0, -69), [1, 2, 0, -69, 0, 1058, 12167], 3.23.c_a_acr, -65 
(2, 0, -23), [1, 2, 0, -23, 0, 1058, 12167], 3.23.c_a_ax, -19 
(2, 0, 23), [1, 2, 0, 23, 0, 1058, 12167], 3.23.c_a_x, 27 
(2, 0, 69), [1, 2, 0, 69, 0, 1058, 12167], 3.23.c_a_cr, 73 
(2, 0, 115), [1, 2, 0, 115, 0, 1058, 12167], 3.23.c_a_el, 119 
(2, 46, 69), [1, 2, 46, 69, 1058, 1058, 12167], 3.23.c_bu_cr, -2043 
(2, 46, 115), [1, 2, 46, 115, 1058, 1058, 12167], 3.23.c_bu_el, -1997 
(3, 0, -161), [1, 3, 0, -161, 0, 1587, 12167], 3.23.d_a_agf, -152 
(3, 0, -115), [1, 3, 0, -115, 0, 1587, 12167], 3.23.d_a_ael, -106 
(3, 0, -23), [1, 3, 0, -23, 0, 1587, 12167], 3.23.d_a_ax, -14 
(3, 0, 23), [1, 3, 0, 23, 0, 1587, 12167], 3.23.d_a_x, 32 
(3, 0, 69), [1, 3, 0, 69, 0, 1587, 12167], 3.23.d_a_cr, 78 
(3, 46, 115), [1, 3, 46, 115, 1058, 1587, 12167], 3.23.d_bu_el, -1992 
(3, 46, 161), [1, 3, 46, 161, 1058, 1587, 12167], 3.23.d_bu_gf, -1946 
(4, 0, -115), [1, 4, 0, -115, 0, 2116, 12167], 3.23.e_a_ael, -99 
(4, 0, -69), [1, 4, 0, -69, 0, 2116, 12167], 3.23.e_a_acr, -53 
(4, 0, -23), [1, 4, 0, -23, 0, 2116, 12167], 3.23.e_a_ax, -7 
(4, 0, 23), [1, 4, 0, 23, 0, 2116, 12167], 3.23.e_a_x, 39 
(4, 46, 115), [1, 4, 46, 115, 1058, 2116, 12167], 3.23.e_bu_el, -1985 
(4, 46, 161), [1, 4, 46, 161, 1058, 2116, 12167], 3.23.e_bu_gf, -1939 
(5, 0, -69), [1, 5, 0, -69, 0, 2645, 12167], 3.23.f_a_acr, -44 
(5, 0, -23), [1, 5, 0, -23, 0, 2645, 12167], 3.23.f_a_ax, 2 
(5, 46, 161), [1, 5, 46, 161, 1058, 2645, 12167], 3.23.f_bu_gf, -1930 
(5, 46, 207), [1, 5, 46, 207, 1058, 2645, 12167], 3.23.f_bu_hz, -1884 
(6, 0, -115), [1, 6, 0, -115, 0, 3174, 12167], 3.23.g_a_ael, -79 
(6, 0, -69), [1, 6, 0, -69, 0, 3174, 12167], 3.23.g_a_acr, -33 
(6, 46, 161), [1, 6, 46, 161, 1058, 3174, 12167], 3.23.g_bu_gf, -1919 
(6, 46, 207), [1, 6, 46, 207, 1058, 3174, 12167], 3.23.g_bu_hz, -1873 
(6, 46, 253), [1, 6, 46, 253, 1058, 3174, 12167], 3.23.g_bu_jt, -1827 
(7, 0, -115), [1, 7, 0, -115, 0, 3703, 12167], 3.23.h_a_ael, -66 
(7, 46, 207), [1, 7, 46, 207, 1058, 3703, 12167], 3.23.h_bu_hz, -1860 
(7, 46, 253), [1, 7, 46, 253, 1058, 3703, 12167], 3.23.h_bu_jt, -1814 
(7, 46, 299), [1, 7, 46, 299, 1058, 3703, 12167], 3.23.h_bu_ln, -1768 
(8, 0, -161), [1, 8, 0, -161, 0, 4232, 12167], 3.23.i_a_agf, -97 
(8, 46, 161), [1, 8, 46, 161, 1058, 4232, 12167], 3.23.i_bu_gf, -1891 
(8, 46, 207), [1, 8, 46, 207, 1058, 4232, 12167], 3.23.i_bu_hz, -1845 
(8, 46, 253), [1, 8, 46, 253, 1058, 4232, 12167], 3.23.i_bu_jt, -1799 
(9, 46, 161), [1, 9, 46, 161, 1058, 4761, 12167], 3.23.j_bu_gf, -1874 
(10, 46, 161), [1, 10, 46, 161, 1058, 5290, 12167], 3.23.k_bu_gf, -1855 
(11, 23, -69), [1, 11, 23, -69, 529, 5819, 12167], 3.23.l_x_acr, -477 
(11, 92, 483), [1, 11, 92, 483, 2116, 5819, 12167], 3.23.l_do_sp, -7860 
(12, 92, 483), [1, 12, 92, 483, 2116, 6348, 12167], 3.23.m_do_sp, -7837 
(12, 92, 529), [1, 12, 92, 529, 2116, 6348, 12167], 3.23.m_do_uj, -7791 
(13, 92, 483), [1, 13, 92, 483, 2116, 6877, 12167], 3.23.n_do_sp, -7812 
(16, 138, 805), [1, 16, 138, 805, 3174, 8464, 12167], 3.23.q_fi_bez, -17983 
(17, 138, 759), [1, 17, 138, 759, 3174, 8993, 12167], 3.23.r_fi_bdf, -17996 
