(-13, 92, -432), [1, -13, 92, -432, 1472, -3328, 4096], 3.16.an_do_aqq, -8727 
(-11, 64, -272), [1, -11, 64, -272, 1024, -2816, 4096], 3.16.al_cm_akm, -4247 
(-11, 68, -304), [1, -11, 68, -304, 1088, -2816, 4096], 3.16.al_cq_als, -4807 
(-11, 72, -320), [1, -11, 72, -320, 1152, -2816, 4096], 3.16.al_cu_ami, -5383 
(-11, 76, -368), [1, -11, 76, -368, 1216, -2816, 4096], 3.16.al_cy_aoe, -6023 
(-9, 32, -80), [1, -9, 32, -80, 512, -2304, 4096], 3.16.aj_bg_adc, -1023 
(-9, 36, -112), [1, -9, 36, -112, 576, -2304, 4096], 3.16.aj_bk_aei, -1327 
(-9, 40, -144), [1, -9, 40, -144, 640, -2304, 4096], 3.16.aj_bo_afo, -1663 
(-9, 44, -176), [1, -9, 44, -176, 704, -2304, 4096], 3.16.aj_bs_agu, -2031 
(-9, 44, -160), [1, -9, 44, -160, 704, -2304, 4096], 3.16.aj_bs_age, -2015 
(-9, 48, -192), [1, -9, 48, -192, 768, -2304, 4096], 3.16.aj_bw_ahk, -2415 
(-9, 52, -240), [1, -9, 52, -240, 832, -2304, 4096], 3.16.aj_ca_ajg, -2863 
(-9, 56, -272), [1, -9, 56, -272, 896, -2304, 4096], 3.16.aj_ce_akm, -3327 
(-9, 56, -256), [1, -9, 56, -256, 896, -2304, 4096], 3.16.aj_ce_ajw, -3311 
(-9, 60, -272), [1, -9, 60, -272, 960, -2304, 4096], 3.16.aj_ci_akm, -3791 
(-7, 4, 80), [1, -7, 4, 80, 64, -1792, 4096], 3.16.ah_e_dc, 113 
(-7, 8, 48), [1, -7, 8, 48, 128, -1792, 4096], 3.16.ah_i_bw, 33 
(-7, 12, 16), [1, -7, 12, 16, 192, -1792, 4096], 3.16.ah_m_q, -79 
(-7, 16, -16), [1, -7, 16, -16, 256, -1792, 4096], 3.16.ah_q_aq, -223 
(-7, 20, -48), [1, -7, 20, -48, 320, -1792, 4096], 3.16.ah_u_abw, -399 
(-7, 20, -32), [1, -7, 20, -32, 320, -1792, 4096], 3.16.ah_u_abg, -383 
(-7, 24, -64), [1, -7, 24, -64, 384, -1792, 4096], 3.16.ah_y_acm, -591 
(-7, 24, -48), [1, -7, 24, -48, 384, -1792, 4096], 3.16.ah_y_abw, -575 
(-7, 28, -112), [1, -7, 28, -112, 448, -1792, 4096], 3.16.ah_bc_aei, -847 
(-7, 28, -80), [1, -7, 28, -80, 448, -1792, 4096], 3.16.ah_bc_adc, -815 
(-7, 32, -144), [1, -7, 32, -144, 512, -1792, 4096], 3.16.ah_bg_afo, -1119 
(-7, 32, -128), [1, -7, 32, -128, 512, -1792, 4096], 3.16.ah_bg_aey, -1103 
(-7, 32, -96), [1, -7, 32, -96, 512, -1792, 4096], 3.16.ah_bg_ads, -1071 
(-7, 36, -176), [1, -7, 36, -176, 576, -1792, 4096], 3.16.ah_bk_agu, -1423 
(-7, 36, -160), [1, -7, 36, -160, 576, -1792, 4096], 3.16.ah_bk_age, -1407 
(-7, 36, -144), [1, -7, 36, -144, 576, -1792, 4096], 3.16.ah_bk_afo, -1391 
(-7, 40, -208), [1, -7, 40, -208, 640, -1792, 4096], 3.16.ah_bo_aia, -1759 
(-7, 40, -192), [1, -7, 40, -192, 640, -1792, 4096], 3.16.ah_bo_ahk, -1743 
(-7, 40, -176), [1, -7, 40, -176, 640, -1792, 4096], 3.16.ah_bo_agu, -1727 
(-7, 40, -160), [1, -7, 40, -160, 640, -1792, 4096], 3.16.ah_bo_age, -1711 
(-7, 44, -208), [1, -7, 44, -208, 704, -1792, 4096], 3.16.ah_bs_aia, -2095 
(-7, 44, -192), [1, -7, 44, -192, 704, -1792, 4096], 3.16.ah_bs_ahk, -2079 
(-7, 48, -208), [1, -7, 48, -208, 768, -1792, 4096], 3.16.ah_bw_aia, -2463 
(-7, 48, -192), [1, -7, 48, -192, 768, -1792, 4096], 3.16.ah_bw_ahk, -2447 
(-7, 52, -208), [1, -7, 52, -208, 832, -1792, 4096], 3.16.ah_ca_aia, -2863 
(-5, -12, 144), [1, -5, -12, 144, -192, -1280, 4096], 3.16.af_am_fo, 25 
(-5, -12, 160), [1, -5, -12, 160, -192, -1280, 4096], 3.16.af_am_ge, 41 
(-5, -8, 112), [1, -5, -8, 112, -128, -1280, 4096], 3.16.af_ai_ei, 73 
(-5, -8, 128), [1, -5, -8, 128, -128, -1280, 4096], 3.16.af_ai_ey, 89 
(-5, -4, 80), [1, -5, -4, 80, -64, -1280, 4096], 3.16.af_ae_dc, 89 
(-5, -4, 96), [1, -5, -4, 96, -64, -1280, 4096], 3.16.af_ae_ds, 105 
(-5, -4, 112), [1, -5, -4, 112, -64, -1280, 4096], 3.16.af_ae_ei, 121 
(-5, 0, 64), [1, -5, 0, 64, 0, -1280, 4096], 3.16.af_a_cm, 89 
(-5, 4, 16), [1, -5, 4, 16, 64, -1280, 4096], 3.16.af_e_q, 25 
(-5, 4, 48), [1, -5, 4, 48, 64, -1280, 4096], 3.16.af_e_bw, 57 
(-5, 4, 64), [1, -5, 4, 64, 64, -1280, 4096], 3.16.af_e_cm, 73 
(-5, 8, -16), [1, -5, 8, -16, 128, -1280, 4096], 3.16.af_i_aq, -55 
(-5, 8, 0), [1, -5, 8, 0, 128, -1280, 4096], 3.16.af_i_a, -39 
(-5, 8, 32), [1, -5, 8, 32, 128, -1280, 4096], 3.16.af_i_bg, -7 
(-5, 12, -48), [1, -5, 12, -48, 192, -1280, 4096], 3.16.af_m_abw, -167 
(-5, 12, -32), [1, -5, 12, -32, 192, -1280, 4096], 3.16.af_m_abg, -151 
(-5, 12, -16), [1, -5, 12, -16, 192, -1280, 4096], 3.16.af_m_aq, -135 
(-5, 12, 16), [1, -5, 12, 16, 192, -1280, 4096], 3.16.af_m_q, -103 
(-5, 16, -80), [1, -5, 16, -80, 256, -1280, 4096], 3.16.af_q_adc, -311 
(-5, 16, -64), [1, -5, 16, -64, 256, -1280, 4096], 3.16.af_q_acm, -295 
(-5, 16, -48), [1, -5, 16, -48, 256, -1280, 4096], 3.16.af_q_abw, -279 
(-5, 16, -32), [1, -5, 16, -32, 256, -1280, 4096], 3.16.af_q_abg, -263 
(-5, 20, -112), [1, -5, 20, -112, 320, -1280, 4096], 3.16.af_u_aei, -487 
(-5, 20, -96), [1, -5, 20, -96, 320, -1280, 4096], 3.16.af_u_ads, -471 
(-5, 20, -80), [1, -5, 20, -80, 320, -1280, 4096], 3.16.af_u_adc, -455 
(-5, 20, -64), [1, -5, 20, -64, 320, -1280, 4096], 3.16.af_u_acm, -439 
(-5, 20, -48), [1, -5, 20, -48, 320, -1280, 4096], 3.16.af_u_abw, -423 
(-5, 24, -144), [1, -5, 24, -144, 384, -1280, 4096], 3.16.af_y_afo, -695 
(-5, 24, -128), [1, -5, 24, -128, 384, -1280, 4096], 3.16.af_y_aey, -679 
(-5, 24, -96), [1, -5, 24, -96, 384, -1280, 4096], 3.16.af_y_ads, -647 
(-5, 24, -80), [1, -5, 24, -80, 384, -1280, 4096], 3.16.af_y_adc, -631 
(-5, 24, -64), [1, -5, 24, -64, 384, -1280, 4096], 3.16.af_y_acm, -615 
(-5, 28, -144), [1, -5, 28, -144, 448, -1280, 4096], 3.16.af_bc_afo, -903 
(-5, 28, -128), [1, -5, 28, -128, 448, -1280, 4096], 3.16.af_bc_aey, -887 
(-5, 28, -112), [1, -5, 28, -112, 448, -1280, 4096], 3.16.af_bc_aei, -871 
(-5, 28, -80), [1, -5, 28, -80, 448, -1280, 4096], 3.16.af_bc_adc, -839 
(-5, 32, -144), [1, -5, 32, -144, 512, -1280, 4096], 3.16.af_bg_afo, -1143 
(-5, 32, -128), [1, -5, 32, -128, 512, -1280, 4096], 3.16.af_bg_aey, -1127 
(-5, 32, -112), [1, -5, 32, -112, 512, -1280, 4096], 3.16.af_bg_aei, -1111 
(-5, 32, -96), [1, -5, 32, -96, 512, -1280, 4096], 3.16.af_bg_ads, -1095 
(-5, 36, -128), [1, -5, 36, -128, 576, -1280, 4096], 3.16.af_bk_aey, -1399 
(-5, 36, -112), [1, -5, 36, -112, 576, -1280, 4096], 3.16.af_bk_aei, -1383 
(-5, 40, -144), [1, -5, 40, -144, 640, -1280, 4096], 3.16.af_bo_afo, -1719 
(-5, 40, -128), [1, -5, 40, -128, 640, -1280, 4096], 3.16.af_bo_aey, -1703 
(-5, 44, -144), [1, -5, 44, -144, 704, -1280, 4096], 3.16.af_bs_afo, -2055 
(-3, -12, 80), [1, -3, -12, 80, -192, -768, 4096], 3.16.ad_am_dc, -55 
(-3, -12, 96), [1, -3, -12, 96, -192, -768, 4096], 3.16.ad_am_ds, -39 
(-3, -12, 112), [1, -3, -12, 112, -192, -768, 4096], 3.16.ad_am_ei, -23 
(-3, -8, 48), [1, -3, -8, 48, -128, -768, 4096], 3.16.ad_ai_bw, -7 
(-3, -8, 64), [1, -3, -8, 64, -128, -768, 4096], 3.16.ad_ai_cm, 9 
(-3, -8, 80), [1, -3, -8, 80, -128, -768, 4096], 3.16.ad_ai_dc, 25 
(-3, -8, 96), [1, -3, -8, 96, -128, -768, 4096], 3.16.ad_ai_ds, 41 
(-3, -8, 128), [1, -3, -8, 128, -128, -768, 4096], 3.16.ad_ai_ey, 73 
(-3, -4, 16), [1, -3, -4, 16, -64, -768, 4096], 3.16.ad_ae_q, 9 
(-3, -4, 32), [1, -3, -4, 32, -64, -768, 4096], 3.16.ad_ae_bg, 25 
(-3, -4, 48), [1, -3, -4, 48, -64, -768, 4096], 3.16.ad_ae_bw, 41 
(-3, -4, 64), [1, -3, -4, 64, -64, -768, 4096], 3.16.ad_ae_cm, 57 
(-3, -4, 80), [1, -3, -4, 80, -64, -768, 4096], 3.16.ad_ae_dc, 73 
(-3, -4, 112), [1, -3, -4, 112, -64, -768, 4096], 3.16.ad_ae_ei, 105 
(-3, 0, -16), [1, -3, 0, -16, 0, -768, 4096], 3.16.ad_a_aq, -7 
(-3, 0, 0), [1, -3, 0, 0, 0, -768, 4096], 3.16.ad_a_a, 9 
(-3, 0, 16), [1, -3, 0, 16, 0, -768, 4096], 3.16.ad_a_q, 25 
(-3, 0, 32), [1, -3, 0, 32, 0, -768, 4096], 3.16.ad_a_bg, 41 
(-3, 0, 64), [1, -3, 0, 64, 0, -768, 4096], 3.16.ad_a_cm, 73 
(-3, 4, -48), [1, -3, 4, -48, 64, -768, 4096], 3.16.ad_e_abw, -55 
(-3, 4, -32), [1, -3, 4, -32, 64, -768, 4096], 3.16.ad_e_abg, -39 
(-3, 4, -16), [1, -3, 4, -16, 64, -768, 4096], 3.16.ad_e_aq, -23 
(-3, 4, 0), [1, -3, 4, 0, 64, -768, 4096], 3.16.ad_e_a, -7 
(-3, 4, 32), [1, -3, 4, 32, 64, -768, 4096], 3.16.ad_e_bg, 25 
(-3, 4, 48), [1, -3, 4, 48, 64, -768, 4096], 3.16.ad_e_bw, 41 
(-3, 8, -80), [1, -3, 8, -80, 128, -768, 4096], 3.16.ad_i_adc, -135 
(-3, 8, -64), [1, -3, 8, -64, 128, -768, 4096], 3.16.ad_i_acm, -119 
(-3, 8, -48), [1, -3, 8, -48, 128, -768, 4096], 3.16.ad_i_abw, -103 
(-3, 8, -32), [1, -3, 8, -32, 128, -768, 4096], 3.16.ad_i_abg, -87 
(-3, 8, -16), [1, -3, 8, -16, 128, -768, 4096], 3.16.ad_i_aq, -71 
(-3, 8, 0), [1, -3, 8, 0, 128, -768, 4096], 3.16.ad_i_a, -55 
(-3, 8, 16), [1, -3, 8, 16, 128, -768, 4096], 3.16.ad_i_q, -39 
(-3, 8, 32), [1, -3, 8, 32, 128, -768, 4096], 3.16.ad_i_bg, -23 
(-3, 12, -112), [1, -3, 12, -112, 192, -768, 4096], 3.16.ad_m_aei, -247 
(-3, 12, -80), [1, -3, 12, -80, 192, -768, 4096], 3.16.ad_m_adc, -215 
(-3, 12, -64), [1, -3, 12, -64, 192, -768, 4096], 3.16.ad_m_acm, -199 
(-3, 12, -48), [1, -3, 12, -48, 192, -768, 4096], 3.16.ad_m_abw, -183 
(-3, 12, -32), [1, -3, 12, -32, 192, -768, 4096], 3.16.ad_m_abg, -167 
(-3, 12, -16), [1, -3, 12, -16, 192, -768, 4096], 3.16.ad_m_aq, -151 
(-3, 12, 0), [1, -3, 12, 0, 192, -768, 4096], 3.16.ad_m_a, -135 
(-3, 12, 16), [1, -3, 12, 16, 192, -768, 4096], 3.16.ad_m_q, -119 
(-3, 16, -128), [1, -3, 16, -128, 256, -768, 4096], 3.16.ad_q_aey, -375 
(-3, 16, -80), [1, -3, 16, -80, 256, -768, 4096], 3.16.ad_q_adc, -327 
(-3, 16, -64), [1, -3, 16, -64, 256, -768, 4096], 3.16.ad_q_acm, -311 
(-3, 16, -48), [1, -3, 16, -48, 256, -768, 4096], 3.16.ad_q_abw, -295 
(-3, 16, -32), [1, -3, 16, -32, 256, -768, 4096], 3.16.ad_q_abg, -279 
(-3, 16, -16), [1, -3, 16, -16, 256, -768, 4096], 3.16.ad_q_aq, -263 
(-3, 20, -128), [1, -3, 20, -128, 320, -768, 4096], 3.16.ad_u_aey, -519 
(-3, 20, -112), [1, -3, 20, -112, 320, -768, 4096], 3.16.ad_u_aei, -503 
(-3, 20, -80), [1, -3, 20, -80, 320, -768, 4096], 3.16.ad_u_adc, -471 
(-3, 20, -64), [1, -3, 20, -64, 320, -768, 4096], 3.16.ad_u_acm, -455 
(-3, 20, -48), [1, -3, 20, -48, 320, -768, 4096], 3.16.ad_u_abw, -439 
(-3, 20, -32), [1, -3, 20, -32, 320, -768, 4096], 3.16.ad_u_abg, -423 
(-3, 20, -16), [1, -3, 20, -16, 320, -768, 4096], 3.16.ad_u_aq, -407 
(-3, 24, -112), [1, -3, 24, -112, 384, -768, 4096], 3.16.ad_y_aei, -679 
(-3, 24, -64), [1, -3, 24, -64, 384, -768, 4096], 3.16.ad_y_acm, -631 
(-3, 24, -48), [1, -3, 24, -48, 384, -768, 4096], 3.16.ad_y_abw, -615 
(-3, 24, -32), [1, -3, 24, -32, 384, -768, 4096], 3.16.ad_y_abg, -599 
(-3, 28, -80), [1, -3, 28, -80, 448, -768, 4096], 3.16.ad_bc_adc, -855 
(-3, 28, -48), [1, -3, 28, -48, 448, -768, 4096], 3.16.ad_bc_abw, -823 
(-3, 32, -80), [1, -3, 32, -80, 512, -768, 4096], 3.16.ad_bg_adc, -1095 
(-3, 32, -64), [1, -3, 32, -64, 512, -768, 4096], 3.16.ad_bg_acm, -1079 
(-3, 36, -80), [1, -3, 36, -80, 576, -768, 4096], 3.16.ad_bk_adc, -1367 
(-1, -12, 16), [1, -1, -12, 16, -192, -256, 4096], 3.16.ab_am_q, -127 
(-1, -12, 32), [1, -1, -12, 32, -192, -256, 4096], 3.16.ab_am_bg, -111 
(-1, -12, 48), [1, -1, -12, 48, -192, -256, 4096], 3.16.ab_am_bw, -95 
(-1, -8, -16), [1, -1, -8, -16, -128, -256, 4096], 3.16.ab_ai_aq, -79 
(-1, -8, 0), [1, -1, -8, 0, -128, -256, 4096], 3.16.ab_ai_a, -63 
(-1, -8, 16), [1, -1, -8, 16, -128, -256, 4096], 3.16.ab_ai_q, -47 
(-1, -8, 32), [1, -1, -8, 32, -128, -256, 4096], 3.16.ab_ai_bg, -31 
(-1, -8, 48), [1, -1, -8, 48, -128, -256, 4096], 3.16.ab_ai_bw, -15 
(-1, -8, 64), [1, -1, -8, 64, -128, -256, 4096], 3.16.ab_ai_cm, 1 
(-1, -8, 80), [1, -1, -8, 80, -128, -256, 4096], 3.16.ab_ai_dc, 17 
(-1, -4, -48), [1, -1, -4, -48, -64, -256, 4096], 3.16.ab_ae_abw, -63 
(-1, -4, -16), [1, -1, -4, -16, -64, -256, 4096], 3.16.ab_ae_aq, -31 
(-1, -4, 0), [1, -1, -4, 0, -64, -256, 4096], 3.16.ab_ae_a, -15 
(-1, -4, 16), [1, -1, -4, 16, -64, -256, 4096], 3.16.ab_ae_q, 1 
(-1, -4, 32), [1, -1, -4, 32, -64, -256, 4096], 3.16.ab_ae_bg, 17 
(-1, -4, 48), [1, -1, -4, 48, -64, -256, 4096], 3.16.ab_ae_bw, 33 
(-1, -4, 64), [1, -1, -4, 64, -64, -256, 4096], 3.16.ab_ae_cm, 49 
(-1, -4, 80), [1, -1, -4, 80, -64, -256, 4096], 3.16.ab_ae_dc, 65 
(-1, -4, 96), [1, -1, -4, 96, -64, -256, 4096], 3.16.ab_ae_ds, 81 
(-1, -4, 112), [1, -1, -4, 112, -64, -256, 4096], 3.16.ab_ae_ei, 97 
(-1, 0, -80), [1, -1, 0, -80, 0, -256, 4096], 3.16.ab_a_adc, -79 
(-1, 0, -64), [1, -1, 0, -64, 0, -256, 4096], 3.16.ab_a_acm, -63 
(-1, 0, -48), [1, -1, 0, -48, 0, -256, 4096], 3.16.ab_a_abw, -47 
(-1, 0, -16), [1, -1, 0, -16, 0, -256, 4096], 3.16.ab_a_aq, -15 
(-1, 0, 0), [1, -1, 0, 0, 0, -256, 4096], 3.16.ab_a_a, 1 
(-1, 0, 32), [1, -1, 0, 32, 0, -256, 4096], 3.16.ab_a_bg, 33 
(-1, 0, 48), [1, -1, 0, 48, 0, -256, 4096], 3.16.ab_a_bw, 49 
(-1, 0, 64), [1, -1, 0, 64, 0, -256, 4096], 3.16.ab_a_cm, 65 
(-1, 0, 80), [1, -1, 0, 80, 0, -256, 4096], 3.16.ab_a_dc, 81 
(-1, 0, 96), [1, -1, 0, 96, 0, -256, 4096], 3.16.ab_a_ds, 97 
(-1, 4, -112), [1, -1, 4, -112, 64, -256, 4096], 3.16.ab_e_aei, -127 
(-1, 4, -96), [1, -1, 4, -96, 64, -256, 4096], 3.16.ab_e_ads, -111 
(-1, 4, -80), [1, -1, 4, -80, 64, -256, 4096], 3.16.ab_e_adc, -95 
(-1, 4, -64), [1, -1, 4, -64, 64, -256, 4096], 3.16.ab_e_acm, -79 
(-1, 4, -48), [1, -1, 4, -48, 64, -256, 4096], 3.16.ab_e_abw, -63 
(-1, 4, -16), [1, -1, 4, -16, 64, -256, 4096], 3.16.ab_e_aq, -31 
(-1, 4, 0), [1, -1, 4, 0, 64, -256, 4096], 3.16.ab_e_a, -15 
(-1, 4, 16), [1, -1, 4, 16, 64, -256, 4096], 3.16.ab_e_q, 1 
(-1, 4, 32), [1, -1, 4, 32, 64, -256, 4096], 3.16.ab_e_bg, 17 
(-1, 4, 48), [1, -1, 4, 48, 64, -256, 4096], 3.16.ab_e_bw, 33 
(-1, 4, 64), [1, -1, 4, 64, 64, -256, 4096], 3.16.ab_e_cm, 49 
(-1, 4, 80), [1, -1, 4, 80, 64, -256, 4096], 3.16.ab_e_dc, 65 
(-1, 8, -96), [1, -1, 8, -96, 128, -256, 4096], 3.16.ab_i_ads, -159 
(-1, 8, -80), [1, -1, 8, -80, 128, -256, 4096], 3.16.ab_i_adc, -143 
(-1, 8, -64), [1, -1, 8, -64, 128, -256, 4096], 3.16.ab_i_acm, -127 
(-1, 8, -48), [1, -1, 8, -48, 128, -256, 4096], 3.16.ab_i_abw, -111 
(-1, 8, -16), [1, -1, 8, -16, 128, -256, 4096], 3.16.ab_i_aq, -79 
(-1, 8, 0), [1, -1, 8, 0, 128, -256, 4096], 3.16.ab_i_a, -63 
(-1, 8, 16), [1, -1, 8, 16, 128, -256, 4096], 3.16.ab_i_q, -47 
(-1, 8, 32), [1, -1, 8, 32, 128, -256, 4096], 3.16.ab_i_bg, -31 
(-1, 8, 48), [1, -1, 8, 48, 128, -256, 4096], 3.16.ab_i_bw, -15 
(-1, 8, 64), [1, -1, 8, 64, 128, -256, 4096], 3.16.ab_i_cm, 1 
(-1, 12, -80), [1, -1, 12, -80, 192, -256, 4096], 3.16.ab_m_adc, -223 
(-1, 12, -64), [1, -1, 12, -64, 192, -256, 4096], 3.16.ab_m_acm, -207 
(-1, 12, -48), [1, -1, 12, -48, 192, -256, 4096], 3.16.ab_m_abw, -191 
(-1, 12, -16), [1, -1, 12, -16, 192, -256, 4096], 3.16.ab_m_aq, -159 
(-1, 12, 16), [1, -1, 12, 16, 192, -256, 4096], 3.16.ab_m_q, -127 
(-1, 12, 32), [1, -1, 12, 32, 192, -256, 4096], 3.16.ab_m_bg, -111 
(-1, 16, -64), [1, -1, 16, -64, 256, -256, 4096], 3.16.ab_q_acm, -319 
(-1, 16, -48), [1, -1, 16, -48, 256, -256, 4096], 3.16.ab_q_abw, -303 
(-1, 16, -16), [1, -1, 16, -16, 256, -256, 4096], 3.16.ab_q_aq, -271 
(-1, 16, 16), [1, -1, 16, 16, 256, -256, 4096], 3.16.ab_q_q, -239 
(-1, 16, 32), [1, -1, 16, 32, 256, -256, 4096], 3.16.ab_q_bg, -223 
(-1, 20, -48), [1, -1, 20, -48, 320, -256, 4096], 3.16.ab_u_abw, -447 
(-1, 20, -16), [1, -1, 20, -16, 320, -256, 4096], 3.16.ab_u_aq, -415 
(-1, 20, 0), [1, -1, 20, 0, 320, -256, 4096], 3.16.ab_u_a, -399 
(-1, 20, 16), [1, -1, 20, 16, 320, -256, 4096], 3.16.ab_u_q, -383 
(-1, 24, -64), [1, -1, 24, -64, 384, -256, 4096], 3.16.ab_y_acm, -639 
(-1, 24, -16), [1, -1, 24, -16, 384, -256, 4096], 3.16.ab_y_aq, -591 
(-1, 24, 0), [1, -1, 24, 0, 384, -256, 4096], 3.16.ab_y_a, -575 
(-1, 28, -48), [1, -1, 28, -48, 448, -256, 4096], 3.16.ab_bc_abw, -831 
(-1, 28, -16), [1, -1, 28, -16, 448, -256, 4096], 3.16.ab_bc_aq, -799 
(-1, 32, -48), [1, -1, 32, -48, 512, -256, 4096], 3.16.ab_bg_abw, -1071 
(-1, 36, -16), [1, -1, 36, -16, 576, -256, 4096], 3.16.ab_bk_aq, -1311 
(1, -12, -48), [1, 1, -12, -48, -192, 256, 4096], 3.16.b_am_abw, -191 
(1, -12, -32), [1, 1, -12, -32, -192, 256, 4096], 3.16.b_am_abg, -175 
(1, -12, -16), [1, 1, -12, -16, -192, 256, 4096], 3.16.b_am_aq, -159 
(1, -8, -80), [1, 1, -8, -80, -128, 256, 4096], 3.16.b_ai_adc, -143 
(1, -8, -64), [1, 1, -8, -64, -128, 256, 4096], 3.16.b_ai_acm, -127 
(1, -8, -48), [1, 1, -8, -48, -128, 256, 4096], 3.16.b_ai_abw, -111 
(1, -8, -32), [1, 1, -8, -32, -128, 256, 4096], 3.16.b_ai_abg, -95 
(1, -8, -16), [1, 1, -8, -16, -128, 256, 4096], 3.16.b_ai_aq, -79 
(1, -8, 0), [1, 1, -8, 0, -128, 256, 4096], 3.16.b_ai_a, -63 
(1, -8, 16), [1, 1, -8, 16, -128, 256, 4096], 3.16.b_ai_q, -47 
(1, -4, -112), [1, 1, -4, -112, -64, 256, 4096], 3.16.b_ae_aei, -127 
(1, -4, -96), [1, 1, -4, -96, -64, 256, 4096], 3.16.b_ae_ads, -111 
(1, -4, -80), [1, 1, -4, -80, -64, 256, 4096], 3.16.b_ae_adc, -95 
(1, -4, -64), [1, 1, -4, -64, -64, 256, 4096], 3.16.b_ae_acm, -79 
(1, -4, -48), [1, 1, -4, -48, -64, 256, 4096], 3.16.b_ae_abw, -63 
(1, -4, -32), [1, 1, -4, -32, -64, 256, 4096], 3.16.b_ae_abg, -47 
(1, -4, -16), [1, 1, -4, -16, -64, 256, 4096], 3.16.b_ae_aq, -31 
(1, -4, 0), [1, 1, -4, 0, -64, 256, 4096], 3.16.b_ae_a, -15 
(1, -4, 16), [1, 1, -4, 16, -64, 256, 4096], 3.16.b_ae_q, 1 
(1, -4, 48), [1, 1, -4, 48, -64, 256, 4096], 3.16.b_ae_bw, 33 
(1, 0, -96), [1, 1, 0, -96, 0, 256, 4096], 3.16.b_a_ads, -95 
(1, 0, -80), [1, 1, 0, -80, 0, 256, 4096], 3.16.b_a_adc, -79 
(1, 0, -64), [1, 1, 0, -64, 0, 256, 4096], 3.16.b_a_acm, -63 
(1, 0, -48), [1, 1, 0, -48, 0, 256, 4096], 3.16.b_a_abw, -47 
(1, 0, -32), [1, 1, 0, -32, 0, 256, 4096], 3.16.b_a_abg, -31 
(1, 0, 0), [1, 1, 0, 0, 0, 256, 4096], 3.16.b_a_a, 1 
(1, 0, 16), [1, 1, 0, 16, 0, 256, 4096], 3.16.b_a_q, 17 
(1, 0, 48), [1, 1, 0, 48, 0, 256, 4096], 3.16.b_a_bw, 49 
(1, 0, 64), [1, 1, 0, 64, 0, 256, 4096], 3.16.b_a_cm, 65 
(1, 0, 80), [1, 1, 0, 80, 0, 256, 4096], 3.16.b_a_dc, 81 
(1, 4, -80), [1, 1, 4, -80, 64, 256, 4096], 3.16.b_e_adc, -95 
(1, 4, -64), [1, 1, 4, -64, 64, 256, 4096], 3.16.b_e_acm, -79 
(1, 4, -48), [1, 1, 4, -48, 64, 256, 4096], 3.16.b_e_abw, -63 
(1, 4, -32), [1, 1, 4, -32, 64, 256, 4096], 3.16.b_e_abg, -47 
(1, 4, -16), [1, 1, 4, -16, 64, 256, 4096], 3.16.b_e_aq, -31 
(1, 4, 0), [1, 1, 4, 0, 64, 256, 4096], 3.16.b_e_a, -15 
(1, 4, 16), [1, 1, 4, 16, 64, 256, 4096], 3.16.b_e_q, 1 
(1, 4, 48), [1, 1, 4, 48, 64, 256, 4096], 3.16.b_e_bw, 33 
(1, 4, 64), [1, 1, 4, 64, 64, 256, 4096], 3.16.b_e_cm, 49 
(1, 4, 80), [1, 1, 4, 80, 64, 256, 4096], 3.16.b_e_dc, 65 
(1, 4, 96), [1, 1, 4, 96, 64, 256, 4096], 3.16.b_e_ds, 81 
(1, 4, 112), [1, 1, 4, 112, 64, 256, 4096], 3.16.b_e_ei, 97 
(1, 8, -64), [1, 1, 8, -64, 128, 256, 4096], 3.16.b_i_acm, -127 
(1, 8, -48), [1, 1, 8, -48, 128, 256, 4096], 3.16.b_i_abw, -111 
(1, 8, -32), [1, 1, 8, -32, 128, 256, 4096], 3.16.b_i_abg, -95 
(1, 8, -16), [1, 1, 8, -16, 128, 256, 4096], 3.16.b_i_aq, -79 
(1, 8, 0), [1, 1, 8, 0, 128, 256, 4096], 3.16.b_i_a, -63 
(1, 8, 16), [1, 1, 8, 16, 128, 256, 4096], 3.16.b_i_q, -47 
(1, 8, 48), [1, 1, 8, 48, 128, 256, 4096], 3.16.b_i_bw, -15 
(1, 8, 64), [1, 1, 8, 64, 128, 256, 4096], 3.16.b_i_cm, 1 
(1, 8, 80), [1, 1, 8, 80, 128, 256, 4096], 3.16.b_i_dc, 17 
(1, 8, 96), [1, 1, 8, 96, 128, 256, 4096], 3.16.b_i_ds, 33 
(1, 12, -32), [1, 1, 12, -32, 192, 256, 4096], 3.16.b_m_abg, -175 
(1, 12, -16), [1, 1, 12, -16, 192, 256, 4096], 3.16.b_m_aq, -159 
(1, 12, 16), [1, 1, 12, 16, 192, 256, 4096], 3.16.b_m_q, -127 
(1, 12, 48), [1, 1, 12, 48, 192, 256, 4096], 3.16.b_m_bw, -95 
(1, 12, 64), [1, 1, 12, 64, 192, 256, 4096], 3.16.b_m_cm, -79 
(1, 12, 80), [1, 1, 12, 80, 192, 256, 4096], 3.16.b_m_dc, -63 
(1, 16, -32), [1, 1, 16, -32, 256, 256, 4096], 3.16.b_q_abg, -287 
(1, 16, -16), [1, 1, 16, -16, 256, 256, 4096], 3.16.b_q_aq, -271 
(1, 16, 16), [1, 1, 16, 16, 256, 256, 4096], 3.16.b_q_q, -239 
(1, 16, 48), [1, 1, 16, 48, 256, 256, 4096], 3.16.b_q_bw, -207 
(1, 16, 64), [1, 1, 16, 64, 256, 256, 4096], 3.16.b_q_cm, -191 
(1, 20, -16), [1, 1, 20, -16, 320, 256, 4096], 3.16.b_u_aq, -415 
(1, 20, 0), [1, 1, 20, 0, 320, 256, 4096], 3.16.b_u_a, -399 
(1, 20, 16), [1, 1, 20, 16, 320, 256, 4096], 3.16.b_u_q, -383 
(1, 20, 48), [1, 1, 20, 48, 320, 256, 4096], 3.16.b_u_bw, -351 
(1, 24, 0), [1, 1, 24, 0, 384, 256, 4096], 3.16.b_y_a, -575 
(1, 24, 16), [1, 1, 24, 16, 384, 256, 4096], 3.16.b_y_q, -559 
(1, 24, 64), [1, 1, 24, 64, 384, 256, 4096], 3.16.b_y_cm, -511 
(1, 28, 16), [1, 1, 28, 16, 448, 256, 4096], 3.16.b_bc_q, -767 
(1, 28, 48), [1, 1, 28, 48, 448, 256, 4096], 3.16.b_bc_bw, -735 
(1, 32, 48), [1, 1, 32, 48, 512, 256, 4096], 3.16.b_bg_bw, -975 
(1, 36, 16), [1, 1, 36, 16, 576, 256, 4096], 3.16.b_bk_q, -1279 
(3, -12, -112), [1, 3, -12, -112, -192, 768, 4096], 3.16.d_am_aei, -247 
(3, -12, -96), [1, 3, -12, -96, -192, 768, 4096], 3.16.d_am_ads, -231 
(3, -12, -80), [1, 3, -12, -80, -192, 768, 4096], 3.16.d_am_adc, -215 
(3, -8, -128), [1, 3, -8, -128, -128, 768, 4096], 3.16.d_ai_aey, -183 
(3, -8, -96), [1, 3, -8, -96, -128, 768, 4096], 3.16.d_ai_ads, -151 
(3, -8, -80), [1, 3, -8, -80, -128, 768, 4096], 3.16.d_ai_adc, -135 
(3, -8, -64), [1, 3, -8, -64, -128, 768, 4096], 3.16.d_ai_acm, -119 
(3, -8, -48), [1, 3, -8, -48, -128, 768, 4096], 3.16.d_ai_abw, -103 
(3, -4, -112), [1, 3, -4, -112, -64, 768, 4096], 3.16.d_ae_aei, -119 
(3, -4, -80), [1, 3, -4, -80, -64, 768, 4096], 3.16.d_ae_adc, -87 
(3, -4, -64), [1, 3, -4, -64, -64, 768, 4096], 3.16.d_ae_acm, -71 
(3, -4, -48), [1, 3, -4, -48, -64, 768, 4096], 3.16.d_ae_abw, -55 
(3, -4, -32), [1, 3, -4, -32, -64, 768, 4096], 3.16.d_ae_abg, -39 
(3, -4, -16), [1, 3, -4, -16, -64, 768, 4096], 3.16.d_ae_aq, -23 
(3, 0, -64), [1, 3, 0, -64, 0, 768, 4096], 3.16.d_a_acm, -55 
(3, 0, -32), [1, 3, 0, -32, 0, 768, 4096], 3.16.d_a_abg, -23 
(3, 0, -16), [1, 3, 0, -16, 0, 768, 4096], 3.16.d_a_aq, -7 
(3, 0, 0), [1, 3, 0, 0, 0, 768, 4096], 3.16.d_a_a, 9 
(3, 0, 16), [1, 3, 0, 16, 0, 768, 4096], 3.16.d_a_q, 25 
(3, 4, -48), [1, 3, 4, -48, 64, 768, 4096], 3.16.d_e_abw, -55 
(3, 4, -32), [1, 3, 4, -32, 64, 768, 4096], 3.16.d_e_abg, -39 
(3, 4, 0), [1, 3, 4, 0, 64, 768, 4096], 3.16.d_e_a, -7 
(3, 4, 16), [1, 3, 4, 16, 64, 768, 4096], 3.16.d_e_q, 9 
(3, 4, 32), [1, 3, 4, 32, 64, 768, 4096], 3.16.d_e_bg, 25 
(3, 4, 48), [1, 3, 4, 48, 64, 768, 4096], 3.16.d_e_bw, 41 
(3, 8, -32), [1, 3, 8, -32, 128, 768, 4096], 3.16.d_i_abg, -87 
(3, 8, -16), [1, 3, 8, -16, 128, 768, 4096], 3.16.d_i_aq, -71 
(3, 8, 0), [1, 3, 8, 0, 128, 768, 4096], 3.16.d_i_a, -55 
(3, 8, 16), [1, 3, 8, 16, 128, 768, 4096], 3.16.d_i_q, -39 
(3, 8, 32), [1, 3, 8, 32, 128, 768, 4096], 3.16.d_i_bg, -23 
(3, 8, 48), [1, 3, 8, 48, 128, 768, 4096], 3.16.d_i_bw, -7 
(3, 8, 64), [1, 3, 8, 64, 128, 768, 4096], 3.16.d_i_cm, 9 
(3, 8, 80), [1, 3, 8, 80, 128, 768, 4096], 3.16.d_i_dc, 25 
(3, 12, -16), [1, 3, 12, -16, 192, 768, 4096], 3.16.d_m_aq, -151 
(3, 12, 0), [1, 3, 12, 0, 192, 768, 4096], 3.16.d_m_a, -135 
(3, 12, 16), [1, 3, 12, 16, 192, 768, 4096], 3.16.d_m_q, -119 
(3, 12, 32), [1, 3, 12, 32, 192, 768, 4096], 3.16.d_m_bg, -103 
(3, 12, 48), [1, 3, 12, 48, 192, 768, 4096], 3.16.d_m_bw, -87 
(3, 12, 64), [1, 3, 12, 64, 192, 768, 4096], 3.16.d_m_cm, -71 
(3, 12, 80), [1, 3, 12, 80, 192, 768, 4096], 3.16.d_m_dc, -55 
(3, 12, 112), [1, 3, 12, 112, 192, 768, 4096], 3.16.d_m_ei, -23 
(3, 16, 16), [1, 3, 16, 16, 256, 768, 4096], 3.16.d_q_q, -231 
(3, 16, 32), [1, 3, 16, 32, 256, 768, 4096], 3.16.d_q_bg, -215 
(3, 16, 48), [1, 3, 16, 48, 256, 768, 4096], 3.16.d_q_bw, -199 
(3, 16, 64), [1, 3, 16, 64, 256, 768, 4096], 3.16.d_q_cm, -183 
(3, 16, 80), [1, 3, 16, 80, 256, 768, 4096], 3.16.d_q_dc, -167 
(3, 16, 128), [1, 3, 16, 128, 256, 768, 4096], 3.16.d_q_ey, -119 
(3, 20, 16), [1, 3, 20, 16, 320, 768, 4096], 3.16.d_u_q, -375 
(3, 20, 32), [1, 3, 20, 32, 320, 768, 4096], 3.16.d_u_bg, -359 
(3, 20, 48), [1, 3, 20, 48, 320, 768, 4096], 3.16.d_u_bw, -343 
(3, 20, 64), [1, 3, 20, 64, 320, 768, 4096], 3.16.d_u_cm, -327 
(3, 20, 80), [1, 3, 20, 80, 320, 768, 4096], 3.16.d_u_dc, -311 
(3, 20, 112), [1, 3, 20, 112, 320, 768, 4096], 3.16.d_u_ei, -279 
(3, 20, 128), [1, 3, 20, 128, 320, 768, 4096], 3.16.d_u_ey, -263 
(3, 24, 32), [1, 3, 24, 32, 384, 768, 4096], 3.16.d_y_bg, -535 
(3, 24, 48), [1, 3, 24, 48, 384, 768, 4096], 3.16.d_y_bw, -519 
(3, 24, 64), [1, 3, 24, 64, 384, 768, 4096], 3.16.d_y_cm, -503 
(3, 24, 112), [1, 3, 24, 112, 384, 768, 4096], 3.16.d_y_ei, -455 
(3, 28, 48), [1, 3, 28, 48, 448, 768, 4096], 3.16.d_bc_bw, -727 
(3, 28, 80), [1, 3, 28, 80, 448, 768, 4096], 3.16.d_bc_dc, -695 
(3, 32, 64), [1, 3, 32, 64, 512, 768, 4096], 3.16.d_bg_cm, -951 
(3, 32, 80), [1, 3, 32, 80, 512, 768, 4096], 3.16.d_bg_dc, -935 
(3, 36, 80), [1, 3, 36, 80, 576, 768, 4096], 3.16.d_bk_dc, -1207 
(5, -12, -160), [1, 5, -12, -160, -192, 1280, 4096], 3.16.f_am_age, -279 
(5, -12, -144), [1, 5, -12, -144, -192, 1280, 4096], 3.16.f_am_afo, -263 
(5, -8, -128), [1, 5, -8, -128, -128, 1280, 4096], 3.16.f_ai_aey, -167 
(5, -8, -112), [1, 5, -8, -112, -128, 1280, 4096], 3.16.f_ai_aei, -151 
(5, -4, -112), [1, 5, -4, -112, -64, 1280, 4096], 3.16.f_ae_aei, -103 
(5, -4, -96), [1, 5, -4, -96, -64, 1280, 4096], 3.16.f_ae_ads, -87 
(5, -4, -80), [1, 5, -4, -80, -64, 1280, 4096], 3.16.f_ae_adc, -71 
(5, 0, -64), [1, 5, 0, -64, 0, 1280, 4096], 3.16.f_a_acm, -39 
(5, 4, -64), [1, 5, 4, -64, 64, 1280, 4096], 3.16.f_e_acm, -55 
(5, 4, -48), [1, 5, 4, -48, 64, 1280, 4096], 3.16.f_e_abw, -39 
(5, 4, -16), [1, 5, 4, -16, 64, 1280, 4096], 3.16.f_e_aq, -7 
(5, 8, -32), [1, 5, 8, -32, 128, 1280, 4096], 3.16.f_i_abg, -71 
(5, 8, 0), [1, 5, 8, 0, 128, 1280, 4096], 3.16.f_i_a, -39 
(5, 8, 16), [1, 5, 8, 16, 128, 1280, 4096], 3.16.f_i_q, -23 
(5, 12, -16), [1, 5, 12, -16, 192, 1280, 4096], 3.16.f_m_aq, -135 
(5, 12, 16), [1, 5, 12, 16, 192, 1280, 4096], 3.16.f_m_q, -103 
(5, 12, 32), [1, 5, 12, 32, 192, 1280, 4096], 3.16.f_m_bg, -87 
(5, 12, 48), [1, 5, 12, 48, 192, 1280, 4096], 3.16.f_m_bw, -71 
(5, 16, 32), [1, 5, 16, 32, 256, 1280, 4096], 3.16.f_q_bg, -199 
(5, 16, 48), [1, 5, 16, 48, 256, 1280, 4096], 3.16.f_q_bw, -183 
(5, 16, 64), [1, 5, 16, 64, 256, 1280, 4096], 3.16.f_q_cm, -167 
(5, 16, 80), [1, 5, 16, 80, 256, 1280, 4096], 3.16.f_q_dc, -151 
(5, 20, 48), [1, 5, 20, 48, 320, 1280, 4096], 3.16.f_u_bw, -327 
(5, 20, 64), [1, 5, 20, 64, 320, 1280, 4096], 3.16.f_u_cm, -311 
(5, 20, 80), [1, 5, 20, 80, 320, 1280, 4096], 3.16.f_u_dc, -295 
(5, 20, 96), [1, 5, 20, 96, 320, 1280, 4096], 3.16.f_u_ds, -279 
(5, 20, 112), [1, 5, 20, 112, 320, 1280, 4096], 3.16.f_u_ei, -263 
(5, 24, 64), [1, 5, 24, 64, 384, 1280, 4096], 3.16.f_y_cm, -487 
(5, 24, 80), [1, 5, 24, 80, 384, 1280, 4096], 3.16.f_y_dc, -471 
(5, 24, 96), [1, 5, 24, 96, 384, 1280, 4096], 3.16.f_y_ds, -455 
(5, 24, 128), [1, 5, 24, 128, 384, 1280, 4096], 3.16.f_y_ey, -423 
(5, 24, 144), [1, 5, 24, 144, 384, 1280, 4096], 3.16.f_y_fo, -407 
(5, 28, 80), [1, 5, 28, 80, 448, 1280, 4096], 3.16.f_bc_dc, -679 
(5, 28, 112), [1, 5, 28, 112, 448, 1280, 4096], 3.16.f_bc_ei, -647 
(5, 28, 128), [1, 5, 28, 128, 448, 1280, 4096], 3.16.f_bc_ey, -631 
(5, 28, 144), [1, 5, 28, 144, 448, 1280, 4096], 3.16.f_bc_fo, -615 
(5, 32, 96), [1, 5, 32, 96, 512, 1280, 4096], 3.16.f_bg_ds, -903 
(5, 32, 112), [1, 5, 32, 112, 512, 1280, 4096], 3.16.f_bg_ei, -887 
(5, 32, 128), [1, 5, 32, 128, 512, 1280, 4096], 3.16.f_bg_ey, -871 
(5, 32, 144), [1, 5, 32, 144, 512, 1280, 4096], 3.16.f_bg_fo, -855 
(5, 36, 112), [1, 5, 36, 112, 576, 1280, 4096], 3.16.f_bk_ei, -1159 
(5, 36, 128), [1, 5, 36, 128, 576, 1280, 4096], 3.16.f_bk_ey, -1143 
(5, 40, 128), [1, 5, 40, 128, 640, 1280, 4096], 3.16.f_bo_ey, -1447 
(5, 40, 144), [1, 5, 40, 144, 640, 1280, 4096], 3.16.f_bo_fo, -1431 
(5, 44, 144), [1, 5, 44, 144, 704, 1280, 4096], 3.16.f_bs_fo, -1767 
(7, 4, -80), [1, 7, 4, -80, 64, 1792, 4096], 3.16.h_e_adc, -47 
(7, 8, -48), [1, 7, 8, -48, 128, 1792, 4096], 3.16.h_i_abw, -63 
(7, 12, -16), [1, 7, 12, -16, 192, 1792, 4096], 3.16.h_m_aq, -111 
(7, 16, 16), [1, 7, 16, 16, 256, 1792, 4096], 3.16.h_q_q, -191 
(7, 20, 32), [1, 7, 20, 32, 320, 1792, 4096], 3.16.h_u_bg, -319 
(7, 20, 48), [1, 7, 20, 48, 320, 1792, 4096], 3.16.h_u_bw, -303 
(7, 24, 48), [1, 7, 24, 48, 384, 1792, 4096], 3.16.h_y_bw, -479 
(7, 24, 64), [1, 7, 24, 64, 384, 1792, 4096], 3.16.h_y_cm, -463 
(7, 28, 80), [1, 7, 28, 80, 448, 1792, 4096], 3.16.h_bc_dc, -655 
(7, 28, 112), [1, 7, 28, 112, 448, 1792, 4096], 3.16.h_bc_ei, -623 
(7, 32, 96), [1, 7, 32, 96, 512, 1792, 4096], 3.16.h_bg_ds, -879 
(7, 32, 128), [1, 7, 32, 128, 512, 1792, 4096], 3.16.h_bg_ey, -847 
(7, 32, 144), [1, 7, 32, 144, 512, 1792, 4096], 3.16.h_bg_fo, -831 
(7, 36, 144), [1, 7, 36, 144, 576, 1792, 4096], 3.16.h_bk_fo, -1103 
(7, 36, 160), [1, 7, 36, 160, 576, 1792, 4096], 3.16.h_bk_ge, -1087 
(7, 36, 176), [1, 7, 36, 176, 576, 1792, 4096], 3.16.h_bk_gu, -1071 
(7, 40, 160), [1, 7, 40, 160, 640, 1792, 4096], 3.16.h_bo_ge, -1391 
(7, 40, 176), [1, 7, 40, 176, 640, 1792, 4096], 3.16.h_bo_gu, -1375 
(7, 40, 192), [1, 7, 40, 192, 640, 1792, 4096], 3.16.h_bo_hk, -1359 
(7, 40, 208), [1, 7, 40, 208, 640, 1792, 4096], 3.16.h_bo_ia, -1343 
(7, 44, 192), [1, 7, 44, 192, 704, 1792, 4096], 3.16.h_bs_hk, -1695 
(7, 44, 208), [1, 7, 44, 208, 704, 1792, 4096], 3.16.h_bs_ia, -1679 
(7, 48, 192), [1, 7, 48, 192, 768, 1792, 4096], 3.16.h_bw_hk, -2063 
(7, 48, 208), [1, 7, 48, 208, 768, 1792, 4096], 3.16.h_bw_ia, -2047 
(7, 52, 208), [1, 7, 52, 208, 832, 1792, 4096], 3.16.h_ca_ia, -2447 
(9, 32, 80), [1, 9, 32, 80, 512, 2304, 4096], 3.16.j_bg_dc, -863 
(9, 36, 112), [1, 9, 36, 112, 576, 2304, 4096], 3.16.j_bk_ei, -1103 
(9, 40, 144), [1, 9, 40, 144, 640, 2304, 4096], 3.16.j_bo_fo, -1375 
(9, 44, 160), [1, 9, 44, 160, 704, 2304, 4096], 3.16.j_bs_ge, -1695 
(9, 44, 176), [1, 9, 44, 176, 704, 2304, 4096], 3.16.j_bs_gu, -1679 
(9, 48, 192), [1, 9, 48, 192, 768, 2304, 4096], 3.16.j_bw_hk, -2031 
(9, 52, 240), [1, 9, 52, 240, 832, 2304, 4096], 3.16.j_ca_jg, -2383 
(9, 56, 256), [1, 9, 56, 256, 896, 2304, 4096], 3.16.j_ce_jw, -2799 
(9, 56, 272), [1, 9, 56, 272, 896, 2304, 4096], 3.16.j_ce_km, -2783 
(9, 60, 272), [1, 9, 60, 272, 960, 2304, 4096], 3.16.j_ci_km, -3247 
(11, 64, 272), [1, 11, 64, 272, 1024, 2816, 4096], 3.16.l_cm_km, -3703 
(11, 68, 304), [1, 11, 68, 304, 1088, 2816, 4096], 3.16.l_cq_ls, -4199 
(11, 72, 320), [1, 11, 72, 320, 1152, 2816, 4096], 3.16.l_cu_mi, -4743 
(11, 76, 368), [1, 11, 76, 368, 1216, 2816, 4096], 3.16.l_cy_oe, -5287 
(13, 92, 432), [1, 13, 92, 432, 1472, 3328, 4096], 3.16.n_do_qq, -7863 
