(-11, 52, -182), [1, -11, 52, -182, 676, -1859, 2197], 3.13.al_ca_aha, -2765 
(-10, 52, -195), [1, -10, 52, -195, 676, -1690, 2197], 3.13.ak_ca_ahn, -2799 
(-9, 52, -221), [1, -9, 52, -221, 676, -1521, 2197], 3.13.aj_ca_ain, -2844 
(-8, 26, -65), [1, -8, 26, -65, 338, -1352, 2197], 3.13.ai_ba_acn, -677 
(-6, 0, 65), [1, -6, 0, 65, 0, -1014, 2197], 3.13.ag_a_cn, 101 
(-6, 26, -117), [1, -6, 26, -117, 338, -1014, 2197], 3.13.ag_ba_aen, -757 
(-6, 26, -91), [1, -6, 26, -91, 338, -1014, 2197], 3.13.ag_ba_adn, -731 
(-5, 0, 39), [1, -5, 0, 39, 0, -845, 2197], 3.13.af_a_bn, 64 
(-5, 26, -117), [1, -5, 26, -117, 338, -845, 2197], 3.13.af_ba_aen, -768 
(-5, 26, -91), [1, -5, 26, -91, 338, -845, 2197], 3.13.af_ba_adn, -742 
(-4, 0, 13), [1, -4, 0, 13, 0, -676, 2197], 3.13.ae_a_n, 29 
(-4, 0, 39), [1, -4, 0, 39, 0, -676, 2197], 3.13.ae_a_bn, 55 
(-4, 0, 65), [1, -4, 0, 65, 0, -676, 2197], 3.13.ae_a_cn, 81 
(-4, 26, -91), [1, -4, 26, -91, 338, -676, 2197], 3.13.ae_ba_adn, -751 
(-4, 26, -65), [1, -4, 26, -65, 338, -676, 2197], 3.13.ae_ba_acn, -725 
(-3, 0, -13), [1, -3, 0, -13, 0, -507, 2197], 3.13.ad_a_an, -4 
(-3, 0, 13), [1, -3, 0, 13, 0, -507, 2197], 3.13.ad_a_n, 22 
(-3, 0, 65), [1, -3, 0, 65, 0, -507, 2197], 3.13.ad_a_cn, 74 
(-3, 26, -65), [1, -3, 26, -65, 338, -507, 2197], 3.13.ad_ba_acn, -732 
(-2, 0, -39), [1, -2, 0, -39, 0, -338, 2197], 3.13.ac_a_abn, -35 
(-2, 0, -13), [1, -2, 0, -13, 0, -338, 2197], 3.13.ac_a_an, -9 
(-2, 0, 13), [1, -2, 0, 13, 0, -338, 2197], 3.13.ac_a_n, 17 
(-2, 0, 39), [1, -2, 0, 39, 0, -338, 2197], 3.13.ac_a_bn, 43 
(-2, 0, 65), [1, -2, 0, 65, 0, -338, 2197], 3.13.ac_a_cn, 69 
(-2, 26, -39), [1, -2, 26, -39, 338, -338, 2197], 3.13.ac_ba_abn, -711 
(-1, 0, -65), [1, -1, 0, -65, 0, -169, 2197], 3.13.ab_a_acn, -64 
(-1, 0, -39), [1, -1, 0, -39, 0, -169, 2197], 3.13.ab_a_abn, -38 
(-1, 0, -13), [1, -1, 0, -13, 0, -169, 2197], 3.13.ab_a_an, -12 
(-1, 0, 39), [1, -1, 0, 39, 0, -169, 2197], 3.13.ab_a_bn, 40 
(-1, 0, 65), [1, -1, 0, 65, 0, -169, 2197], 3.13.ab_a_cn, 66 
(-1, 26, -39), [1, -1, 26, -39, 338, -169, 2197], 3.13.ab_ba_abn, -714 
(1, 0, -65), [1, 1, 0, -65, 0, 169, 2197], 3.13.b_a_acn, -64 
(1, 0, -39), [1, 1, 0, -39, 0, 169, 2197], 3.13.b_a_abn, -38 
(1, 0, 13), [1, 1, 0, 13, 0, 169, 2197], 3.13.b_a_n, 14 
(1, 0, 39), [1, 1, 0, 39, 0, 169, 2197], 3.13.b_a_bn, 40 
(1, 0, 65), [1, 1, 0, 65, 0, 169, 2197], 3.13.b_a_cn, 66 
(1, 26, 39), [1, 1, 26, 39, 338, 169, 2197], 3.13.b_ba_bn, -636 
(2, 0, -65), [1, 2, 0, -65, 0, 338, 2197], 3.13.c_a_acn, -61 
(2, 0, -39), [1, 2, 0, -39, 0, 338, 2197], 3.13.c_a_abn, -35 
(2, 0, -13), [1, 2, 0, -13, 0, 338, 2197], 3.13.c_a_an, -9 
(2, 0, 13), [1, 2, 0, 13, 0, 338, 2197], 3.13.c_a_n, 17 
(2, 0, 39), [1, 2, 0, 39, 0, 338, 2197], 3.13.c_a_bn, 43 
(2, 26, 39), [1, 2, 26, 39, 338, 338, 2197], 3.13.c_ba_bn, -633 
(3, 0, -65), [1, 3, 0, -65, 0, 507, 2197], 3.13.d_a_acn, -56 
(3, 0, -13), [1, 3, 0, -13, 0, 507, 2197], 3.13.d_a_an, -4 
(3, 0, 13), [1, 3, 0, 13, 0, 507, 2197], 3.13.d_a_n, 22 
(3, 26, 65), [1, 3, 26, 65, 338, 507, 2197], 3.13.d_ba_cn, -602 
(4, 0, -65), [1, 4, 0, -65, 0, 676, 2197], 3.13.e_a_acn, -49 
(4, 0, -39), [1, 4, 0, -39, 0, 676, 2197], 3.13.e_a_abn, -23 
(4, 0, -13), [1, 4, 0, -13, 0, 676, 2197], 3.13.e_a_an, 3 
(4, 26, 65), [1, 4, 26, 65, 338, 676, 2197], 3.13.e_ba_cn, -595 
(4, 26, 91), [1, 4, 26, 91, 338, 676, 2197], 3.13.e_ba_dn, -569 
(5, 0, -39), [1, 5, 0, -39, 0, 845, 2197], 3.13.f_a_abn, -14 
(5, 26, 91), [1, 5, 26, 91, 338, 845, 2197], 3.13.f_ba_dn, -560 
(5, 26, 117), [1, 5, 26, 117, 338, 845, 2197], 3.13.f_ba_en, -534 
(6, 0, -65), [1, 6, 0, -65, 0, 1014, 2197], 3.13.g_a_acn, -29 
(6, 26, 91), [1, 6, 26, 91, 338, 1014, 2197], 3.13.g_ba_dn, -549 
(6, 26, 117), [1, 6, 26, 117, 338, 1014, 2197], 3.13.g_ba_en, -523 
(8, 26, 65), [1, 8, 26, 65, 338, 1352, 2197], 3.13.i_ba_cn, -547 
(9, 52, 221), [1, 9, 52, 221, 676, 1521, 2197], 3.13.j_ca_in, -2402 
(10, 52, 195), [1, 10, 52, 195, 676, 1690, 2197], 3.13.k_ca_hn, -2409 
(11, 52, 182), [1, 11, 52, 182, 676, 1859, 2197], 3.13.l_ca_ha, -2401 
