(-5, 21, -63), [1, -5, 21, -63, 189, -405, 729], 3.9.af_v_acl, -479 
(-2, -3, 18), [1, -2, -3, 18, -27, -162, 729], 3.9.ac_ad_s, 13 
(-2, 3, -9), [1, -2, 3, -9, 27, -162, 729], 3.9.ac_d_aj, -14 
(-2, 3, 18), [1, -2, 3, 18, 27, -162, 729], 3.9.ac_d_s, 13 
(-2, 9, -18), [1, -2, 9, -18, 81, -162, 729], 3.9.ac_j_as, -95 
(-1, -3, 9), [1, -1, -3, 9, -27, -81, 729], 3.9.ab_ad_j, 1 
(-1, -3, 36), [1, -1, -3, 36, -27, -81, 729], 3.9.ab_ad_bk, 28 
(-1, 0, 18), [1, -1, 0, 18, 0, -81, 729], 3.9.ab_a_s, 19 
(-1, 3, -45), [1, -1, 3, -45, 27, -81, 729], 3.9.ab_d_abt, -53 
(1, -3, -36), [1, 1, -3, -36, -27, 81, 729], 3.9.b_ad_abk, -44 
(1, -3, -9), [1, 1, -3, -9, -27, 81, 729], 3.9.b_ad_aj, -17 
(1, 0, -18), [1, 1, 0, -18, 0, 81, 729], 3.9.b_a_as, -17 
(1, 3, 45), [1, 1, 3, 45, 27, 81, 729], 3.9.b_d_bt, 37 
(2, -3, -18), [1, 2, -3, -18, -27, 162, 729], 3.9.c_ad_as, -23 
(2, 3, -18), [1, 2, 3, -18, 27, 162, 729], 3.9.c_d_as, -23 
(2, 3, 9), [1, 2, 3, 9, 27, 162, 729], 3.9.c_d_j, 4 
(2, 9, 18), [1, 2, 9, 18, 81, 162, 729], 3.9.c_j_s, -59 
(5, 21, 63), [1, 5, 21, 63, 189, 405, 729], 3.9.f_v_cl, -353 
