(-17, 155, -925), [1, -17, 155, -925, 3875, -10625, 15625], 3.25.ar_fz_abjp 
(-16, 145, -850), [1, -16, 145, -850, 3625, -10000, 15625], 3.25.aq_fp_abgs 
(-14, 110, -600), [1, -14, 110, -600, 2750, -8750, 15625], 3.25.ao_eg_axc 
(-14, 115, -650), [1, -14, 115, -650, 2875, -8750, 15625], 3.25.ao_el_aza 
(-13, 75, -325), [1, -13, 75, -325, 1875, -8125, 15625], 3.25.an_cx_amn 
(-12, 95, -575), [1, -12, 95, -575, 2375, -7500, 15625], 3.25.am_dr_awd 
(-11, 45, -125), [1, -11, 45, -125, 1125, -6875, 15625], 3.25.al_bt_aev 
(-11, 55, -200), [1, -11, 55, -200, 1375, -6875, 15625], 3.25.al_cd_ahs 
(-11, 85, -475), [1, -11, 85, -475, 2125, -6875, 15625], 3.25.al_dh_ash 
(-9, 40, -150), [1, -9, 40, -150, 1000, -5625, 15625], 3.25.aj_bo_afu 
(-9, 65, -400), [1, -9, 65, -400, 1625, -5625, 15625], 3.25.aj_cn_apk 
(-9, 75, -425), [1, -9, 75, -425, 1875, -5625, 15625], 3.25.aj_cx_aqj 
(-8, 5, 125), [1, -8, 5, 125, 125, -5000, 15625], 3.25.ai_f_ev 
(-8, 15, 75), [1, -8, 15, 75, 375, -5000, 15625], 3.25.ai_p_cx 
(-8, 65, -375), [1, -8, 65, -375, 1625, -5000, 15625], 3.25.ai_cn_aol 
(-8, 75, -350), [1, -8, 75, -350, 1875, -5000, 15625], 3.25.ai_cx_anm 
(-7, -10, 250), [1, -7, -10, 250, -250, -4375, 15625], 3.25.ah_ak_jq 
(-7, 40, -250), [1, -7, 40, -250, 1000, -4375, 15625], 3.25.ah_bo_ajq 
(-7, 45, -325), [1, -7, 45, -325, 1125, -4375, 15625], 3.25.ah_bt_amn 
(-7, 55, -325), [1, -7, 55, -325, 1375, -4375, 15625], 3.25.ah_cd_amn 
(-7, 60, -250), [1, -7, 60, -250, 1500, -4375, 15625], 3.25.ah_ci_ajq 
(-6, -15, 225), [1, -6, -15, 225, -375, -3750, 15625], 3.25.ag_ap_ir 
(-6, -15, 275), [1, -6, -15, 275, -375, -3750, 15625], 3.25.ag_ap_kp 
(-6, 5, 125), [1, -6, 5, 125, 125, -3750, 15625], 3.25.ag_f_ev 
(-6, 25, -175), [1, -6, 25, -175, 625, -3750, 15625], 3.25.ag_z_agt 
(-6, 25, -150), [1, -6, 25, -150, 625, -3750, 15625], 3.25.ag_z_afu 
(-6, 25, -75), [1, -6, 25, -75, 625, -3750, 15625], 3.25.ag_z_acx 
(-6, 35, -100), [1, -6, 35, -100, 875, -3750, 15625], 3.25.ag_bj_adw 
(-6, 45, -275), [1, -6, 45, -275, 1125, -3750, 15625], 3.25.ag_bt_akp 
(-6, 50, -200), [1, -6, 50, -200, 1250, -3750, 15625], 3.25.ag_by_ahs 
(-6, 55, -250), [1, -6, 55, -250, 1375, -3750, 15625], 3.25.ag_cd_ajq 
(-4, -15, 125), [1, -4, -15, 125, -375, -2500, 15625], 3.25.ae_ap_ev 
(-4, -15, 275), [1, -4, -15, 275, -375, -2500, 15625], 3.25.ae_ap_kp 
(-4, -5, 25), [1, -4, -5, 25, -125, -2500, 15625], 3.25.ae_af_z 
(-4, -5, 125), [1, -4, -5, 125, -125, -2500, 15625], 3.25.ae_af_ev 
(-4, 20, 0), [1, -4, 20, 0, 500, -2500, 15625], 3.25.ae_u_a 
(-4, 25, -175), [1, -4, 25, -175, 625, -2500, 15625], 3.25.ae_z_agt 
(-4, 25, -50), [1, -4, 25, -50, 625, -2500, 15625], 3.25.ae_z_aby 
(-4, 30, -250), [1, -4, 30, -250, 750, -2500, 15625], 3.25.ae_be_ajq 
(-4, 35, -150), [1, -4, 35, -150, 875, -2500, 15625], 3.25.ae_bj_afu 
(-3, -15, 125), [1, -3, -15, 125, -375, -1875, 15625], 3.25.ad_ap_ev 
(-3, -10, 250), [1, -3, -10, 250, -250, -1875, 15625], 3.25.ad_ak_jq 
(-3, -5, 75), [1, -3, -5, 75, -125, -1875, 15625], 3.25.ad_af_cx 
(-3, 0, 150), [1, -3, 0, 150, 0, -1875, 15625], 3.25.ad_a_fu 
(-3, 10, 0), [1, -3, 10, 0, 250, -1875, 15625], 3.25.ad_k_a 
(-3, 20, -50), [1, -3, 20, -50, 500, -1875, 15625], 3.25.ad_u_aby 
(-3, 25, -225), [1, -3, 25, -225, 625, -1875, 15625], 3.25.ad_z_air 
(-3, 25, -100), [1, -3, 25, -100, 625, -1875, 15625], 3.25.ad_z_adw 
(-3, 25, 25), [1, -3, 25, 25, 625, -1875, 15625], 3.25.ad_z_z 
(-3, 30, -50), [1, -3, 30, -50, 750, -1875, 15625], 3.25.ad_be_aby 
(-3, 45, -175), [1, -3, 45, -175, 1125, -1875, 15625], 3.25.ad_bt_agt 
(-3, 50, -100), [1, -3, 50, -100, 1250, -1875, 15625], 3.25.ad_by_adw 
(-2, -5, -25), [1, -2, -5, -25, -125, -1250, 15625], 3.25.ac_af_az 
(-2, 0, 100), [1, -2, 0, 100, 0, -1250, 15625], 3.25.ac_a_dw 
(-2, 5, -75), [1, -2, 5, -75, 125, -1250, 15625], 3.25.ac_f_acx 
(-2, 5, 50), [1, -2, 5, 50, 125, -1250, 15625], 3.25.ac_f_by 
(-2, 25, -150), [1, -2, 25, -150, 625, -1250, 15625], 3.25.ac_z_afu 
(-2, 25, -25), [1, -2, 25, -25, 625, -1250, 15625], 3.25.ac_z_az 
(-1, -10, 150), [1, -1, -10, 150, -250, -625, 15625], 3.25.ab_ak_fu 
(-1, 0, -150), [1, -1, 0, -150, 0, -625, 15625], 3.25.ab_a_afu 
(-1, 0, 100), [1, -1, 0, 100, 0, -625, 15625], 3.25.ab_a_dw 
(-1, 5, -125), [1, -1, 5, -125, 125, -625, 15625], 3.25.ab_f_aev 
(-1, 15, -100), [1, -1, 15, -100, 375, -625, 15625], 3.25.ab_p_adw 
(-1, 15, 25), [1, -1, 15, 25, 375, -625, 15625], 3.25.ab_p_z 
(-1, 25, 50), [1, -1, 25, 50, 625, -625, 15625], 3.25.ab_z_by 
(-1, 45, -100), [1, -1, 45, -100, 1125, -625, 15625], 3.25.ab_bt_adw 
(1, -10, -150), [1, 1, -10, -150, -250, 625, 15625], 3.25.b_ak_afu 
(1, 0, -100), [1, 1, 0, -100, 0, 625, 15625], 3.25.b_a_adw 
(1, 0, 150), [1, 1, 0, 150, 0, 625, 15625], 3.25.b_a_fu 
(1, 5, 125), [1, 1, 5, 125, 125, 625, 15625], 3.25.b_f_ev 
(1, 15, -25), [1, 1, 15, -25, 375, 625, 15625], 3.25.b_p_az 
(1, 15, 100), [1, 1, 15, 100, 375, 625, 15625], 3.25.b_p_dw 
(1, 25, -50), [1, 1, 25, -50, 625, 625, 15625], 3.25.b_z_aby 
(1, 45, 100), [1, 1, 45, 100, 1125, 625, 15625], 3.25.b_bt_dw 
(2, -5, 25), [1, 2, -5, 25, -125, 1250, 15625], 3.25.c_af_z 
(2, 0, -100), [1, 2, 0, -100, 0, 1250, 15625], 3.25.c_a_adw 
(2, 5, -50), [1, 2, 5, -50, 125, 1250, 15625], 3.25.c_f_aby 
(2, 5, 75), [1, 2, 5, 75, 125, 1250, 15625], 3.25.c_f_cx 
(2, 25, 25), [1, 2, 25, 25, 625, 1250, 15625], 3.25.c_z_z 
(2, 25, 150), [1, 2, 25, 150, 625, 1250, 15625], 3.25.c_z_fu 
(3, -15, -125), [1, 3, -15, -125, -375, 1875, 15625], 3.25.d_ap_aev 
(3, -10, -250), [1, 3, -10, -250, -250, 1875, 15625], 3.25.d_ak_ajq 
(3, -5, -75), [1, 3, -5, -75, -125, 1875, 15625], 3.25.d_af_acx 
(3, 0, -150), [1, 3, 0, -150, 0, 1875, 15625], 3.25.d_a_afu 
(3, 10, 0), [1, 3, 10, 0, 250, 1875, 15625], 3.25.d_k_a 
(3, 20, 50), [1, 3, 20, 50, 500, 1875, 15625], 3.25.d_u_by 
(3, 25, -25), [1, 3, 25, -25, 625, 1875, 15625], 3.25.d_z_az 
(3, 25, 100), [1, 3, 25, 100, 625, 1875, 15625], 3.25.d_z_dw 
(3, 25, 225), [1, 3, 25, 225, 625, 1875, 15625], 3.25.d_z_ir 
(3, 30, 50), [1, 3, 30, 50, 750, 1875, 15625], 3.25.d_be_by 
(3, 45, 175), [1, 3, 45, 175, 1125, 1875, 15625], 3.25.d_bt_gt 
(3, 50, 100), [1, 3, 50, 100, 1250, 1875, 15625], 3.25.d_by_dw 
(4, -15, -275), [1, 4, -15, -275, -375, 2500, 15625], 3.25.e_ap_akp 
(4, -15, -125), [1, 4, -15, -125, -375, 2500, 15625], 3.25.e_ap_aev 
(4, -5, -125), [1, 4, -5, -125, -125, 2500, 15625], 3.25.e_af_aev 
(4, -5, -25), [1, 4, -5, -25, -125, 2500, 15625], 3.25.e_af_az 
(4, 20, 0), [1, 4, 20, 0, 500, 2500, 15625], 3.25.e_u_a 
(4, 25, 50), [1, 4, 25, 50, 625, 2500, 15625], 3.25.e_z_by 
(4, 25, 175), [1, 4, 25, 175, 625, 2500, 15625], 3.25.e_z_gt 
(4, 30, 250), [1, 4, 30, 250, 750, 2500, 15625], 3.25.e_be_jq 
(4, 35, 150), [1, 4, 35, 150, 875, 2500, 15625], 3.25.e_bj_fu 
(6, -15, -275), [1, 6, -15, -275, -375, 3750, 15625], 3.25.g_ap_akp 
(6, -15, -225), [1, 6, -15, -225, -375, 3750, 15625], 3.25.g_ap_air 
(6, 5, -125), [1, 6, 5, -125, 125, 3750, 15625], 3.25.g_f_aev 
(6, 25, 75), [1, 6, 25, 75, 625, 3750, 15625], 3.25.g_z_cx 
(6, 25, 150), [1, 6, 25, 150, 625, 3750, 15625], 3.25.g_z_fu 
(6, 25, 175), [1, 6, 25, 175, 625, 3750, 15625], 3.25.g_z_gt 
(6, 35, 100), [1, 6, 35, 100, 875, 3750, 15625], 3.25.g_bj_dw 
(6, 45, 275), [1, 6, 45, 275, 1125, 3750, 15625], 3.25.g_bt_kp 
(6, 50, 200), [1, 6, 50, 200, 1250, 3750, 15625], 3.25.g_by_hs 
(6, 55, 250), [1, 6, 55, 250, 1375, 3750, 15625], 3.25.g_cd_jq 
(7, -10, -250), [1, 7, -10, -250, -250, 4375, 15625], 3.25.h_ak_ajq 
(7, 40, 250), [1, 7, 40, 250, 1000, 4375, 15625], 3.25.h_bo_jq 
(7, 45, 325), [1, 7, 45, 325, 1125, 4375, 15625], 3.25.h_bt_mn 
(7, 55, 325), [1, 7, 55, 325, 1375, 4375, 15625], 3.25.h_cd_mn 
(7, 60, 250), [1, 7, 60, 250, 1500, 4375, 15625], 3.25.h_ci_jq 
(8, 5, -125), [1, 8, 5, -125, 125, 5000, 15625], 3.25.i_f_aev 
(8, 15, -75), [1, 8, 15, -75, 375, 5000, 15625], 3.25.i_p_acx 
(8, 65, 375), [1, 8, 65, 375, 1625, 5000, 15625], 3.25.i_cn_ol 
(8, 75, 350), [1, 8, 75, 350, 1875, 5000, 15625], 3.25.i_cx_nm 
(9, 40, 150), [1, 9, 40, 150, 1000, 5625, 15625], 3.25.j_bo_fu 
(9, 65, 400), [1, 9, 65, 400, 1625, 5625, 15625], 3.25.j_cn_pk 
(9, 75, 425), [1, 9, 75, 425, 1875, 5625, 15625], 3.25.j_cx_qj 
(11, 45, 125), [1, 11, 45, 125, 1125, 6875, 15625], 3.25.l_bt_ev 
(11, 55, 200), [1, 11, 55, 200, 1375, 6875, 15625], 3.25.l_cd_hs 
(11, 85, 475), [1, 11, 85, 475, 2125, 6875, 15625], 3.25.l_dh_sh 
(12, 95, 575), [1, 12, 95, 575, 2375, 7500, 15625], 3.25.m_dr_wd 
(13, 75, 325), [1, 13, 75, 325, 1875, 8125, 15625], 3.25.n_cx_mn 
(14, 110, 600), [1, 14, 110, 600, 2750, 8750, 15625], 3.25.o_eg_xc 
(14, 115, 650), [1, 14, 115, 650, 2875, 8750, 15625], 3.25.o_el_za 
(16, 145, 850), [1, 16, 145, 850, 3625, 10000, 15625], 3.25.q_fp_bgs 
(17, 155, 925), [1, 17, 155, 925, 3875, 10625, 15625], 3.25.r_fz_bjp 
