(-10, 44, -143), [1, -10, 44, -143, 484, -1210, 1331], 3.11.ak_bs_afn, -1979 
(-9, 44, -165), [1, -9, 44, -165, 484, -1089, 1331], 3.11.aj_bs_agj, -2020 
(-8, 44, -165), [1, -8, 44, -165, 484, -968, 1331], 3.11.ai_bs_agj, -2037 
(-7, 22, -55), [1, -7, 22, -55, 242, -847, 1331], 3.11.ah_w_acd, -490 
(-6, 22, -77), [1, -6, 22, -77, 242, -726, 1331], 3.11.ag_w_acz, -525 
(-6, 22, -55), [1, -6, 22, -55, 242, -726, 1331], 3.11.ag_w_acd, -503 
(-5, 22, -99), [1, -5, 22, -99, 242, -605, 1331], 3.11.af_w_adv, -558 
(-5, 22, -77), [1, -5, 22, -77, 242, -605, 1331], 3.11.af_w_acz, -536 
(-4, 0, 33), [1, -4, 0, 33, 0, -484, 1331], 3.11.ae_a_bh, 49 
(-4, 22, -77), [1, -4, 22, -77, 242, -484, 1331], 3.11.ae_w_acz, -545 
(-4, 22, -55), [1, -4, 22, -55, 242, -484, 1331], 3.11.ae_w_acd, -523 
(-3, 0, 11), [1, -3, 0, 11, 0, -363, 1331], 3.11.ad_a_l, 20 
(-3, 22, -55), [1, -3, 22, -55, 242, -363, 1331], 3.11.ad_w_acd, -530 
(-2, 0, -11), [1, -2, 0, -11, 0, -242, 1331], 3.11.ac_a_al, -7 
(-2, 0, 11), [1, -2, 0, 11, 0, -242, 1331], 3.11.ac_a_l, 15 
(-2, 0, 33), [1, -2, 0, 33, 0, -242, 1331], 3.11.ac_a_bh, 37 
(-2, 0, 55), [1, -2, 0, 55, 0, -242, 1331], 3.11.ac_a_cd, 59 
(-2, 22, -33), [1, -2, 22, -33, 242, -242, 1331], 3.11.ac_w_abh, -513 
(-1, 0, -33), [1, -1, 0, -33, 0, -121, 1331], 3.11.ab_a_abh, -32 
(-1, 0, -11), [1, -1, 0, -11, 0, -121, 1331], 3.11.ab_a_al, -10 
(-1, 0, 33), [1, -1, 0, 33, 0, -121, 1331], 3.11.ab_a_bh, 34 
(-1, 0, 55), [1, -1, 0, 55, 0, -121, 1331], 3.11.ab_a_cd, 56 
(1, 0, -55), [1, 1, 0, -55, 0, 121, 1331], 3.11.b_a_acd, -54 
(1, 0, -33), [1, 1, 0, -33, 0, 121, 1331], 3.11.b_a_abh, -32 
(1, 0, 11), [1, 1, 0, 11, 0, 121, 1331], 3.11.b_a_l, 12 
(1, 0, 33), [1, 1, 0, 33, 0, 121, 1331], 3.11.b_a_bh, 34 
(2, 0, -55), [1, 2, 0, -55, 0, 242, 1331], 3.11.c_a_acd, -51 
(2, 0, -33), [1, 2, 0, -33, 0, 242, 1331], 3.11.c_a_abh, -29 
(2, 0, -11), [1, 2, 0, -11, 0, 242, 1331], 3.11.c_a_al, -7 
(2, 0, 11), [1, 2, 0, 11, 0, 242, 1331], 3.11.c_a_l, 15 
(2, 22, 33), [1, 2, 22, 33, 242, 242, 1331], 3.11.c_w_bh, -447 
(3, 0, -11), [1, 3, 0, -11, 0, 363, 1331], 3.11.d_a_al, -2 
(3, 22, 55), [1, 3, 22, 55, 242, 363, 1331], 3.11.d_w_cd, -420 
(4, 0, -33), [1, 4, 0, -33, 0, 484, 1331], 3.11.e_a_abh, -17 
(4, 22, 55), [1, 4, 22, 55, 242, 484, 1331], 3.11.e_w_cd, -413 
(4, 22, 77), [1, 4, 22, 77, 242, 484, 1331], 3.11.e_w_cz, -391 
(5, 22, 77), [1, 5, 22, 77, 242, 605, 1331], 3.11.f_w_cz, -382 
(5, 22, 99), [1, 5, 22, 99, 242, 605, 1331], 3.11.f_w_dv, -360 
(6, 22, 55), [1, 6, 22, 55, 242, 726, 1331], 3.11.g_w_cd, -393 
(6, 22, 77), [1, 6, 22, 77, 242, 726, 1331], 3.11.g_w_cz, -371 
(7, 22, 55), [1, 7, 22, 55, 242, 847, 1331], 3.11.h_w_cd, -380 
(8, 44, 165), [1, 8, 44, 165, 484, 968, 1331], 3.11.i_bs_gj, -1707 
(9, 44, 165), [1, 9, 44, 165, 484, 1089, 1331], 3.11.j_bs_gj, -1690 
(10, 44, 143), [1, 10, 44, 143, 484, 1210, 1331], 3.11.k_bs_fn, -1693 
