[27, 18, 21, 12, 7, 2, 1]
[27, 18, 15, 8, 5, 2, 1]
[27, 18, 3, 0, 1, 2, 1]
[27, 0, 3, -2, 1, 0, 1]
[27, 0, 9, 0, 3, 0, 1]
[27, 0, 3, 4, 1, 0, 1]
[27, -18, 9, 0, 3, -2, 1]
[27, 0, 9, 2, 3, 0, 1]
[27, -9, 9, -6, 3, -1, 1]
[27, -9, 6, -2, 2, -1, 1]
[27, -9, 9, 0, 3, -1, 1]
[27, 9, 3, 3, 1, 1, 1]
[27, 9, 9, 4, 3, 1, 1]
[27, -27, 15, -6, 5, -3, 1]
[27, -27, 18, -10, 6, -3, 1]
[27, -9, 6, 2, 2, -1, 1]
[27, -9, 0, 2, 0, -1, 1]
[27, -9, 9, -2, 3, -1, 1]
[27, 27, 21, 11, 7, 3, 1]
[27, 9, 9, 5, 3, 1, 1]
[27, -9, 3, 1, 1, -1, 1]
[27, 9, 9, 3, 3, 1, 1]
[27, -9, 15, -4, 5, -1, 1]
[27, 27, 15, 7, 5, 3, 1]
[27, 9, 12, 4, 4, 1, 1]
[27, -9, -3, 2, -1, -1, 1]
[27, 27, 9, 2, 3, 3, 1]
[27, 9, 15, 5, 5, 1, 1]
[27, -9, 9, -1, 3, -1, 1]
[27, 0, 0, 4, 0, 0, 1]
[27, 0, 6, 4, 2, 0, 1]
[27, 0, 0, 0, 0, 0, 1]
[27, -18, 12, -8, 4, -2, 1]
[27, 18, 6, 0, 2, 2, 1]
[27, -18, 6, -4, 2, -2, 1]
[27, 18, 6, 2, 2, 2, 1]
[27, -18, 12, -10, 4, -2, 1]
[27, 0, 12, 0, 4, 0, 1]
[27, 9, 12, 2, 4, 1, 1]
[27, -18, 15, -5, 5, -2, 1]
[27, -18, 15, -9, 5, -2, 1]
[27, -36, 27, -17, 9, -4, 1]
[27, -36, 27, -16, 9, -4, 1]
[27, -18, 15, -8, 5, -2, 1]
[27, -18, 9, -4, 3, -2, 1]
[27, 18, 9, 4, 3, 2, 1]
[27, 18, 3, -4, 1, 2, 1]
[27, 18, 15, 12, 5, 2, 1]
[27, -18, 18, -8, 6, -2, 1]
[27, 18, 18, 12, 6, 2, 1]
[27, -9, 3, -6, 1, -1, 1]
[27, -18, 21, -12, 7, -2, 1]
[27, -18, 3, 0, 1, -2, 1]
[27, 0, 3, 2, 1, 0, 1]
[27, 0, 3, -4, 1, 0, 1]
[27, 18, 9, 0, 3, 2, 1]
[27, 0, 9, -2, 3, 0, 1]
[27, 9, 9, 6, 3, 1, 1]
[27, 9, 6, 2, 2, 1, 1]
[27, 9, 9, 0, 3, 1, 1]
[27, -9, 3, -3, 1, -1, 1]
[27, -9, 9, -4, 3, -1, 1]
[27, 27, 15, 6, 5, 3, 1]
[27, 27, 18, 10, 6, 3, 1]
[27, 9, 6, -2, 2, 1, 1]
[27, 9, 0, -2, 0, 1, 1]
[27, 9, 9, 2, 3, 1, 1]
[27, -27, 21, -11, 7, -3, 1]
[27, -9, 9, -5, 3, -1, 1]
[27, 9, 3, -1, 1, 1, 1]
[27, -9, 9, -3, 3, -1, 1]
[27, 9, 15, 4, 5, 1, 1]
[27, -27, 15, -7, 5, -3, 1]
[27, -9, 12, -4, 4, -1, 1]
[27, 9, -3, -2, -1, 1, 1]
[27, -27, 9, -2, 3, -3, 1]
[27, -9, 15, -5, 5, -1, 1]
[27, 9, 9, 1, 3, 1, 1]
[27, 0, 0, -4, 0, 0, 1]
[27, 0, 6, -4, 2, 0, 1]
[27, 0, 6, 2, 2, 0, 1]
[27, 0, 0, -6, 0, 0, 1]
[27, -18, 6, -2, 2, -2, 1]
[27, 18, 12, 10, 4, 2, 1]
[27, 36, 36, 24, 12, 4, 1]
[27, 9, 0, 2, 0, 1, 1]
[27, 0, -3, 1, -1, 0, 1]
[27, -18, 15, -7, 5, -2, 1]
[27, 0, 3, -1, 1, 0, 1]
[27, 18, 21, 11, 7, 2, 1]
[27, 0, 3, 0, 1, 0, 1]
[27, 36, 27, 16, 9, 4, 1]
[27, -18, 3, 4, 1, -2, 1]
[27, 18, 15, 4, 5, 2, 1]
[27, 18, 18, 8, 6, 2, 1]
[27, 18, 6, 4, 2, 2, 1]
[27, -18, 18, -12, 6, -2, 1]
[27, 9, 3, 6, 1, 1, 1]
[27, 18, 3, -2, 1, 2, 1]
[27, -18, 21, -10, 7, -2, 1]
[27, 0, -3, 4, -1, 0, 1]
[27, 0, 15, 2, 5, 0, 1]
[27, 36, 33, 24, 11, 4, 1]
[27, 9, 9, 9, 3, 1, 1]
[27, 27, 21, 12, 7, 3, 1]
[27, -9, 0, 6, 0, -1, 1]
[27, -9, 15, -3, 5, -1, 1]
[27, -9, -3, 7, -1, -1, 1]
[27, -9, 3, -5, 1, -1, 1]
[27, 27, 24, 14, 8, 3, 1]
[27, -9, -3, 8, -1, -1, 1]
[27, -27, 21, -14, 7, -3, 1]
[27, 9, 15, 6, 5, 1, 1]
[27, -9, 9, 1, 3, -1, 1]
[27, -27, 21, -16, 7, -3, 1]
[27, 27, 21, 13, 7, 3, 1]
[27, -9, 3, 4, 1, -1, 1]
[27, 9, 6, 4, 2, 1, 1]
[27, -9, 9, -7, 3, -1, 1]
[27, -27, 27, -15, 9, -3, 1]
[27, 18, 0, -6, 0, 2, 1]
[27, 0, 6, -2, 2, 0, 1]
[27, 0, 0, 6, 0, 0, 1]
[27, -18, 6, 0, 2, -2, 1]
[27, 36, 24, 12, 8, 4, 1]
[27, 18, 12, 6, 4, 2, 1]
[27, -36, 36, -24, 12, -4, 1]
[27, -9, 0, -2, 0, -1, 1]
[27, 0, -3, -1, -1, 0, 1]
[27, 18, 15, 7, 5, 2, 1]
[27, 0, 3, 1, 1, 0, 1]
[27, -18, 21, -11, 7, -2, 1]
[27, 0, -3, 0, -1, 0, 1]
[27, -18, 15, -4, 5, -2, 1]
[27, 0, 6, -6, 2, 0, 1]
[27, 9, 3, -2, 1, 1, 1]
[27, -18, 3, 2, 1, -2, 1]
[27, 18, 21, 10, 7, 2, 1]
[27, 0, -3, -4, -1, 0, 1]
[27, 0, 15, -2, 5, 0, 1]
[27, -36, 33, -24, 11, -4, 1]
[27, -9, 9, -9, 3, -1, 1]
[27, -27, 21, -12, 7, -3, 1]
[27, 9, 0, -6, 0, 1, 1]
[27, 9, 15, 3, 5, 1, 1]
[27, 9, -3, -7, -1, 1, 1]
[27, 9, 3, 5, 1, 1, 1]
[27, -27, 24, -14, 8, -3, 1]
[27, 9, -3, -8, -1, 1, 1]
[27, 27, 21, 14, 7, 3, 1]
[27, -9, 15, -6, 5, -1, 1]
[27, 9, 9, -1, 3, 1, 1]
[27, 27, 21, 16, 7, 3, 1]
[27, -27, 21, -13, 7, -3, 1]
[27, 9, 3, -4, 1, 1, 1]
[27, -9, 6, -4, 2, -1, 1]
[27, 9, 9, 7, 3, 1, 1]
[27, 27, 27, 15, 9, 3, 1]
[27, -18, 0, 6, 0, -2, 1]
[27, 18, 12, 4, 4, 2, 1]
[27, 0, 0, -2, 0, 0, 1]
[27, 18, 12, 8, 4, 2, 1]
[27, -36, 24, -12, 8, -4, 1]
[27, -18, 12, -6, 4, -2, 1]
[27, 0, 9, -1, 3, 0, 1]
[27, -9, -6, 6, -2, -1, 1]
[27, 18, 9, 5, 3, 2, 1]
[27, 18, 9, 3, 3, 2, 1]
[27, 36, 39, 24, 13, 4, 1]
[27, 0, 6, 6, 2, 0, 1]
[27, -9, 3, 2, 1, -1, 1]
[27, -18, 21, -8, 7, -2, 1]
[27, 18, 15, 10, 5, 2, 1]
[27, -18, 9, -2, 3, -2, 1]
[27, 18, 15, 6, 5, 2, 1]
[27, -18, 9, -6, 3, -2, 1]
[27, 36, 33, 20, 11, 4, 1]
[27, 27, 15, 9, 5, 3, 1]
[27, -9, -3, 0, -1, -1, 1]
[27, 9, 12, 6, 4, 1, 1]
[27, -9, 6, -8, 2, -1, 1]
[27, 27, 15, 8, 5, 3, 1]
[27, -9, 3, 3, 1, -1, 1]
[27, -9, -3, 5, -1, -1, 1]
[27, -9, 15, -7, 5, -1, 1]
[27, 27, 9, 1, 3, 3, 1]
[27, -9, 6, -6, 2, -1, 1]
[27, -9, 6, 0, 2, -1, 1]
[27, 9, 6, 10, 2, 1, 1]
[27, 27, 21, 15, 7, 3, 1]
[27, 18, 0, -2, 0, 2, 1]
[27, -18, 12, -4, 4, -2, 1]
[27, 0, 0, 2, 0, 0, 1]
[27, 0, 0, 8, 0, 0, 1]
[27, 0, 9, 1, 3, 0, 1]
[27, 9, -6, -6, -2, 1, 1]
[27, -18, 9, -5, 3, -2, 1]
[27, -18, 9, -3, 3, -2, 1]
[27, -36, 39, -24, 13, -4, 1]
[27, 36, 30, 18, 10, 4, 1]
[27, 18, 21, 8, 7, 2, 1]
[27, -18, 15, -10, 5, -2, 1]
[27, 18, 9, 2, 3, 2, 1]
[27, -18, 15, -6, 5, -2, 1]
[27, 18, 9, 6, 3, 2, 1]
[27, -36, 33, -20, 11, -4, 1]
[27, -18, 15, -12, 5, -2, 1]
[27, -27, 15, -9, 5, -3, 1]
[27, 9, -3, 0, -1, 1, 1]
[27, -9, 12, -6, 4, -1, 1]
[27, 9, 6, 8, 2, 1, 1]
[27, -27, 15, -8, 5, -3, 1]
[27, 9, 3, -3, 1, 1, 1]
[27, 9, -3, -5, -1, 1, 1]
[27, 9, 15, 7, 5, 1, 1]
[27, -27, 9, -1, 3, -3, 1]
[27, 9, 6, 6, 2, 1, 1]
[27, 9, 6, 0, 2, 1, 1]
[27, -9, 6, -10, 2, -1, 1]
[27, -27, 21, -15, 7, -3, 1]
[27, -18, 0, 2, 0, -2, 1]
[27, 0, 12, -4, 4, 0, 1]
[27, 0, 12, 2, 4, 0, 1]
[27, 0, 0, -8, 0, 0, 1]
[27, 36, 33, 21, 11, 4, 1]
[27, 0, 15, 1, 5, 0, 1]
[27, -18, 9, -7, 3, -2, 1]
[27, 0, 15, 0, 5, 0, 1]
[27, 0, 3, -8, 1, 0, 1]
[27, 0, 3, 8, 1, 0, 1]
[27, -36, 30, -18, 10, -4, 1]
[27, 0, 9, 4, 3, 0, 1]
[27, 36, 33, 22, 11, 4, 1]
[27, 27, 18, 12, 6, 3, 1]
[27, -9, -3, 1, -1, -1, 1]
[27, 9, 3, 1, 1, 1, 1]
[27, 9, 3, 0, 1, 1, 1]
[27, -27, 12, -4, 4, -3, 1]
[27, 27, 15, 5, 5, 3, 1]
[27, -9, 12, -8, 4, -1, 1]
[27, -9, 0, 0, 0, -1, 1]
[27, -27, 24, -16, 8, -3, 1]
[27, 0, 6, 0, 2, 0, 1]
[27, 36, 30, 20, 10, 4, 1]
[27, 0, 12, 4, 4, 0, 1]
[27, 0, 12, -2, 4, 0, 1]
[27, -36, 33, -21, 11, -4, 1]
[27, 0, 15, -1, 5, 0, 1]
[27, 18, 9, 7, 3, 2, 1]
[27, -18, 9, -8, 3, -2, 1]
[27, 0, 9, -4, 3, 0, 1]
[27, -36, 33, -22, 11, -4, 1]
[27, -27, 18, -12, 6, -3, 1]
[27, 9, -3, -1, -1, 1, 1]
[27, -9, 3, -1, 1, -1, 1]
[27, -9, 3, 0, 1, -1, 1]
[27, 27, 12, 4, 4, 3, 1]
[27, -27, 15, -5, 5, -3, 1]
[27, 9, 12, 8, 4, 1, 1]
[27, 9, 0, 0, 0, 1, 1]
[27, 27, 24, 16, 8, 3, 1]
[27, -36, 30, -20, 10, -4, 1]
[27, 0, -6, 2, -2, 0, 1]
[27, 18, 0, -4, 0, 2, 1]
[27, 0, 9, -3, 3, 0, 1]
[27, 18, 3, -3, 1, 2, 1]
[27, 0, 3, 3, 1, 0, 1]
[27, 18, 9, 8, 3, 2, 1]
[27, 0, 3, 6, 1, 0, 1]
[27, 36, 21, 10, 7, 4, 1]
[27, 27, 27, 17, 9, 3, 1]
[27, 9, 0, 4, 0, 1, 1]
[27, -9, 9, -8, 3, -1, 1]
[27, -27, 12, -6, 4, -3, 1]
[27, 9, 3, -5, 1, 1, 1]
[27, -9, 3, -7, 1, -1, 1]
[27, -9, 3, -2, 1, -1, 1]
[27, 9, 3, 2, 1, 1, 1]
[27, -9, -3, 3, -1, -1, 1]
[27, 0, -6, -2, -2, 0, 1]
[27, -18, 0, 4, 0, -2, 1]
[27, 0, 9, 3, 3, 0, 1]
[27, -18, 3, 3, 1, -2, 1]
[27, 0, 3, -3, 1, 0, 1]
[27, 0, 3, -6, 1, 0, 1]
[27, -36, 21, -10, 7, -4, 1]
[27, -27, 27, -17, 9, -3, 1]
[27, -9, 0, -4, 0, -1, 1]
[27, 9, 9, 8, 3, 1, 1]
[27, 27, 12, 6, 4, 3, 1]
[27, -9, 3, 5, 1, -1, 1]
[27, 9, 3, 7, 1, 1, 1]
[27, 9, -3, -3, -1, 1, 1]
[27, -9, 12, -2, 4, -1, 1]
[27, 18, 15, 5, 5, 2, 1]
[27, 18, 15, 9, 5, 2, 1]
[27, 36, 27, 17, 9, 4, 1]
