(-3, -2, 1), [1, -5, 11, -19, 44, -80, 64], 3.4.af_l_at, 6 
(-3, -2, 3), [1, -5, 13, -25, 52, -80, 64], 3.4.af_n_az, 8 
(-1, -4, 9), [1, -5, 17, -41, 68, -80, 64], 3.4.af_r_abp, -6 
(-3, -2, 7), [1, -5, 17, -37, 68, -80, 64], 3.4.af_r_abl, 12 
(-3, -1, -3), [1, -4, 4, 1, 16, -64, 64], 3.4.ae_e_b, 5 
(-3, -1, -1), [1, -4, 6, -5, 24, -64, 64], 3.4.ae_g_af, 7 
(1, -5, 13), [1, -4, 12, -27, 48, -64, 64], 3.4.ae_m_abb, -11 
(-3, -1, 5), [1, -4, 12, -23, 48, -64, 64], 3.4.ae_m_ax, 13 
(-1, -3, 7), [1, -4, 14, -31, 56, -64, 64], 3.4.ae_o_abf, -1 
(-3, -1, 7), [1, -4, 14, -29, 56, -64, 64], 3.4.ae_o_abd, 15 
(-3, 0, 1), [1, -3, 5, -3, 20, -48, 64], 3.4.ad_f_ad, 10 
(-1, -2, 1), [1, -3, 7, -17, 28, -48, 64], 3.4.ad_h_ar, -2 
(-3, 0, 3), [1, -3, 7, -9, 28, -48, 64], 3.4.ad_h_aj, 12 
(1, -4, 9), [1, -3, 9, -23, 36, -48, 64], 3.4.ad_j_ax, -6 
(-1, -2, 3), [1, -3, 9, -19, 36, -48, 64], 3.4.ad_j_at, 0 
(-3, 0, 5), [1, -3, 9, -15, 36, -48, 64], 3.4.ad_j_ap, 14 
(-1, -2, 7), [1, -3, 13, -23, 52, -48, 64], 3.4.ad_n_ax, 4 
(-1, -1, -3), [1, -2, 2, -5, 8, -32, 64], 3.4.ac_c_af, -3 
(3, -5, 13), [1, -2, 2, -1, 8, -32, 64], 3.4.ac_c_ab, -3 
(-3, 1, 1), [1, -2, 2, 5, 8, -32, 64], 3.4.ac_c_f, 9 
(-1, -1, -1), [1, -2, 4, -7, 16, -32, 64], 3.4.ac_e_ah, -1 
(-3, 1, 3), [1, -2, 4, -1, 16, -32, 64], 3.4.ac_e_ab, 11 
(-1, -1, 1), [1, -2, 6, -9, 24, -32, 64], 3.4.ac_g_aj, 1 
(-3, 1, 5), [1, -2, 6, -7, 24, -32, 64], 3.4.ac_g_ah, 13 
(1, -3, 7), [1, -2, 8, -17, 32, -32, 64], 3.4.ac_i_ar, -1 
(-3, 1, 7), [1, -2, 8, -13, 32, -32, 64], 3.4.ac_i_an, 15 
(-1, -1, 3), [1, -2, 8, -11, 32, -32, 64], 3.4.ac_i_al, 3 
(-1, -1, 5), [1, -2, 10, -13, 40, -32, 64], 3.4.ac_k_an, 5 
(-1, 0, -5), [1, -1, -1, 5, -4, -16, 64], 3.4.ab_ab_f, -4 
(-3, 2, 1), [1, -1, -1, 13, -4, -16, 64], 3.4.ab_ab_n, 6 
(3, -4, 9), [1, -1, 1, -5, 4, -16, 64], 3.4.ab_b_af, 2 
(-1, 0, -3), [1, -1, 1, 3, 4, -16, 64], 3.4.ab_b_d, -2 
(-3, 2, 3), [1, -1, 1, 7, 4, -16, 64], 3.4.ab_b_h, 8 
(1, -2, 1), [1, -1, 3, -15, 12, -16, 64], 3.4.ab_d_ap, -2 
(1, -2, 3), [1, -1, 5, -13, 20, -16, 64], 3.4.ab_f_an, 0 
(-3, 2, 7), [1, -1, 5, -5, 20, -16, 64], 3.4.ab_f_af, 12 
(-1, 0, 1), [1, -1, 5, -1, 20, -16, 64], 3.4.ab_f_ab, 2 
(-1, 0, 3), [1, -1, 7, -3, 28, -16, 64], 3.4.ab_h_ad, 4 
(1, -2, 7), [1, -1, 9, -9, 36, -16, 64], 3.4.ab_j_aj, 4 
(-1, 0, 5), [1, -1, 9, -5, 36, -16, 64], 3.4.ab_j_af, 6 
(1, -1, -3), [1, 0, 0, -11, 0, 0, 64], 3.4.a_a_al, -3 
(3, -3, 5), [1, 0, 0, -9, 0, 0, 64], 3.4.a_a_aj, 5 
(-3, 3, 5), [1, 0, 0, 9, 0, 0, 64], 3.4.a_a_j, 5 
(-1, 1, -3), [1, 0, 0, 11, 0, 0, 64], 3.4.a_a_l, -3 
(1, -1, -1), [1, 0, 2, -9, 8, 0, 64], 3.4.a_c_aj, -1 
(3, -3, 7), [1, 0, 2, -3, 8, 0, 64], 3.4.a_c_ad, 7 
(-3, 3, 7), [1, 0, 2, 3, 8, 0, 64], 3.4.a_c_d, 7 
(-1, 1, -1), [1, 0, 2, 9, 8, 0, 64], 3.4.a_c_j, -1 
(1, -1, 1), [1, 0, 4, -7, 16, 0, 64], 3.4.a_e_ah, 1 
(-3, 3, 9), [1, 0, 4, -3, 16, 0, 64], 3.4.a_e_ad, 9 
(3, -3, 9), [1, 0, 4, 3, 16, 0, 64], 3.4.a_e_d, 9 
(-1, 1, 1), [1, 0, 4, 7, 16, 0, 64], 3.4.a_e_h, 1 
(1, -1, 3), [1, 0, 6, -5, 24, 0, 64], 3.4.a_g_af, 3 
(-1, 1, 3), [1, 0, 6, 5, 24, 0, 64], 3.4.a_g_f, 3 
(3, -2, 1), [1, 1, -1, -13, -4, 16, 64], 3.4.b_ab_an, 6 
(1, 0, -5), [1, 1, -1, -5, -4, 16, 64], 3.4.b_ab_af, -4 
(3, -2, 3), [1, 1, 1, -7, 4, 16, 64], 3.4.b_b_ah, 8 
(1, 0, -3), [1, 1, 1, -3, 4, 16, 64], 3.4.b_b_ad, -2 
(-3, 4, 9), [1, 1, 1, 5, 4, 16, 64], 3.4.b_b_f, 2 
(-1, 2, 1), [1, 1, 3, 15, 12, 16, 64], 3.4.b_d_p, -2 
(1, 0, 1), [1, 1, 5, 1, 20, 16, 64], 3.4.b_f_b, 2 
(3, -2, 7), [1, 1, 5, 5, 20, 16, 64], 3.4.b_f_f, 12 
(-1, 2, 3), [1, 1, 5, 13, 20, 16, 64], 3.4.b_f_n, 0 
(1, 0, 3), [1, 1, 7, 3, 28, 16, 64], 3.4.b_h_d, 4 
(1, 0, 5), [1, 1, 9, 5, 36, 16, 64], 3.4.b_j_f, 6 
(-1, 2, 7), [1, 1, 9, 9, 36, 16, 64], 3.4.b_j_j, 4 
(3, -1, 1), [1, 2, 2, -5, 8, 32, 64], 3.4.c_c_af, 9 
(-3, 5, 13), [1, 2, 2, 1, 8, 32, 64], 3.4.c_c_b, -3 
(1, 1, -3), [1, 2, 2, 5, 8, 32, 64], 3.4.c_c_f, -3 
(3, -1, 3), [1, 2, 4, 1, 16, 32, 64], 3.4.c_e_b, 11 
(1, 1, -1), [1, 2, 4, 7, 16, 32, 64], 3.4.c_e_h, -1 
(3, -1, 5), [1, 2, 6, 7, 24, 32, 64], 3.4.c_g_h, 13 
(1, 1, 1), [1, 2, 6, 9, 24, 32, 64], 3.4.c_g_j, 1 
(1, 1, 3), [1, 2, 8, 11, 32, 32, 64], 3.4.c_i_l, 3 
(3, -1, 7), [1, 2, 8, 13, 32, 32, 64], 3.4.c_i_n, 15 
(-1, 3, 7), [1, 2, 8, 17, 32, 32, 64], 3.4.c_i_r, -1 
(1, 1, 5), [1, 2, 10, 13, 40, 32, 64], 3.4.c_k_n, 5 
(3, 0, 1), [1, 3, 5, 3, 20, 48, 64], 3.4.d_f_d, 10 
(3, 0, 3), [1, 3, 7, 9, 28, 48, 64], 3.4.d_h_j, 12 
(1, 2, 1), [1, 3, 7, 17, 28, 48, 64], 3.4.d_h_r, -2 
(3, 0, 5), [1, 3, 9, 15, 36, 48, 64], 3.4.d_j_p, 14 
(1, 2, 3), [1, 3, 9, 19, 36, 48, 64], 3.4.d_j_t, 0 
(-1, 4, 9), [1, 3, 9, 23, 36, 48, 64], 3.4.d_j_x, -6 
(1, 2, 7), [1, 3, 13, 23, 52, 48, 64], 3.4.d_n_x, 4 
(3, 1, -3), [1, 4, 4, -1, 16, 64, 64], 3.4.e_e_ab, 5 
(3, 1, -1), [1, 4, 6, 5, 24, 64, 64], 3.4.e_g_f, 7 
(3, 1, 5), [1, 4, 12, 23, 48, 64, 64], 3.4.e_m_x, 13 
(-1, 5, 13), [1, 4, 12, 27, 48, 64, 64], 3.4.e_m_bb, -11 
(3, 1, 7), [1, 4, 14, 29, 56, 64, 64], 3.4.e_o_bd, 15 
(1, 3, 7), [1, 4, 14, 31, 56, 64, 64], 3.4.e_o_bf, -1 
(3, 2, 1), [1, 5, 11, 19, 44, 80, 64], 3.4.f_l_t, 6 
(3, 2, 3), [1, 5, 13, 25, 52, 80, 64], 3.4.f_n_z, 8 
(3, 2, 7), [1, 5, 17, 37, 68, 80, 64], 3.4.f_r_bl, 12 
(1, 4, 9), [1, 5, 17, 41, 68, 80, 64], 3.4.f_r_bp, -6 
