(-5, -9, 37), [1, -14, 91, -347, 819, -1134, 729], 3.9.ao_dn_anj, -19 
(-5, -8, 31), [1, -13, 80, -299, 720, -1053, 729], 3.9.an_dc_aln, -8 
(-5, -8, 32), [1, -13, 81, -304, 729, -1053, 729], 3.9.an_dd_als, -7 
(-4, -9, 37), [1, -13, 82, -310, 738, -1053, 729], 3.9.an_de_aly, -28 
(-5, -7, 25), [1, -12, 69, -251, 621, -972, 729], 3.9.am_cr_ajr, 1 
(-5, -7, 26), [1, -12, 70, -256, 630, -972, 729], 3.9.am_cs_ajw, 2 
(-4, -8, 31), [1, -12, 72, -268, 648, -972, 729], 3.9.am_cu_aki, -17 
(-4, -8, 32), [1, -12, 73, -272, 657, -972, 729], 3.9.am_cv_akm, -16 
(-5, -7, 29), [1, -12, 73, -271, 657, -972, 729], 3.9.am_cv_akl, 5 
(-5, -6, 19), [1, -11, 58, -203, 522, -891, 729], 3.9.al_cg_ahv, 8 
(-5, -6, 20), [1, -11, 59, -208, 531, -891, 729], 3.9.al_ch_aia, 9 
(-5, -6, 22), [1, -11, 61, -218, 549, -891, 729], 3.9.al_cj_aik, 11 
(-4, -7, 25), [1, -11, 62, -226, 558, -891, 729], 3.9.al_ck_ais, -8 
(-4, -7, 26), [1, -11, 63, -230, 567, -891, 729], 3.9.al_cl_aiw, -7 
(-2, -9, 37), [1, -11, 64, -236, 576, -891, 729], 3.9.al_cm_ajc, -40 
(-5, -6, 25), [1, -11, 64, -233, 576, -891, 729], 3.9.al_cm_aiz, 14 
(-4, -7, 29), [1, -11, 66, -242, 594, -891, 729], 3.9.al_co_aji, -4 
(-5, -5, 14), [1, -10, 48, -160, 432, -810, 729], 3.9.ak_bw_age, 14 
(-5, -5, 17), [1, -10, 51, -175, 459, -810, 729], 3.9.ak_bz_agt, 17 
(-4, -6, 19), [1, -10, 52, -184, 468, -810, 729], 3.9.ak_ca_ahc, -1 
(-5, -5, 19), [1, -10, 53, -185, 477, -810, 729], 3.9.ak_cb_ahd, 19 
(-1, -9, 37), [1, -10, 55, -199, 495, -810, 729], 3.9.ak_cd_ahr, -43 
(-2, -8, 31), [1, -10, 56, -206, 504, -810, 729], 3.9.ak_ce_ahy, -29 
(-5, -5, 23), [1, -10, 57, -205, 513, -810, 729], 3.9.ak_cf_ahx, 23 
(-4, -6, 25), [1, -10, 58, -208, 522, -810, 729], 3.9.ak_cg_aia, 5 
(-5, -4, 7), [1, -9, 36, -107, 324, -729, 729], 3.9.aj_bk_aed, 16 
(-5, -4, 8), [1, -9, 37, -112, 333, -729, 729], 3.9.aj_bl_aei, 17 
(-5, -4, 10), [1, -9, 39, -122, 351, -729, 729], 3.9.aj_bn_aes, 19 
(-5, -4, 11), [1, -9, 40, -127, 360, -729, 729], 3.9.aj_bo_aex, 20 
(-4, -5, 14), [1, -9, 43, -146, 387, -729, 729], 3.9.aj_br_afq, 5 
(-5, -4, 14), [1, -9, 43, -142, 387, -729, 729], 3.9.aj_br_afm, 23 
(-5, -4, 16), [1, -9, 45, -152, 405, -729, 729], 3.9.aj_bt_afw, 25 
(-4, -5, 17), [1, -9, 46, -158, 414, -729, 729], 3.9.aj_bu_agc, 8 
(-5, -4, 17), [1, -9, 46, -157, 414, -729, 729], 3.9.aj_bu_agb, 26 
(-2, -7, 25), [1, -9, 48, -176, 432, -729, 729], 3.9.aj_bw_agu, -20 
(-1, -8, 31), [1, -9, 48, -175, 432, -729, 729], 3.9.aj_bw_agt, -32 
(-5, -4, 19), [1, -9, 48, -167, 432, -729, 729], 3.9.aj_bw_agl, 28 
(-4, -5, 19), [1, -9, 48, -166, 432, -729, 729], 3.9.aj_bw_agk, 10 
(-2, -7, 26), [1, -9, 49, -178, 441, -729, 729], 3.9.aj_bx_agw, -19 
(-5, -4, 20), [1, -9, 49, -172, 441, -729, 729], 3.9.aj_bx_agq, 29 
(-4, -5, 20), [1, -9, 49, -170, 441, -729, 729], 3.9.aj_bx_ago, 11 
(-2, -7, 29), [1, -9, 52, -184, 468, -729, 729], 3.9.aj_ca_ahc, -16 
(-4, -5, 23), [1, -9, 52, -182, 468, -729, 729], 3.9.aj_ca_aha, 14 
(-5, -3, 5), [1, -8, 29, -79, 261, -648, 729], 3.9.ai_bd_adb, 21 
(-5, -3, 7), [1, -8, 31, -89, 279, -648, 729], 3.9.ai_bf_adl, 23 
(-4, -4, 7), [1, -8, 32, -100, 288, -648, 729], 3.9.ai_bg_adw, 7 
(-5, -3, 10), [1, -8, 34, -104, 306, -648, 729], 3.9.ai_bi_aea, 26 
(-5, -3, 11), [1, -8, 35, -109, 315, -648, 729], 3.9.ai_bj_aef, 27 
(-1, -7, 25), [1, -8, 41, -151, 369, -648, 729], 3.9.ai_bp_afv, -23 
(-4, -4, 17), [1, -8, 42, -140, 378, -648, 729], 3.9.ai_bq_afk, 17 
(-5, -3, 19), [1, -8, 43, -149, 387, -648, 729], 3.9.ai_br_aft, 35 
(-4, -4, 19), [1, -8, 44, -148, 396, -648, 729], 3.9.ai_bs_afs, 19 
(-2, -6, 25), [1, -8, 46, -158, 414, -648, 729], 3.9.ai_bu_agc, -7 
(-5, -2, -5), [1, -7, 14, -11, 126, -567, 729], 3.9.ah_o_al, 16 
(-5, -2, -4), [1, -7, 15, -16, 135, -567, 729], 3.9.ah_p_aq, 17 
(-5, -2, -1), [1, -7, 18, -31, 162, -567, 729], 3.9.ah_s_abf, 20 
(-5, -2, 1), [1, -7, 20, -41, 180, -567, 729], 3.9.ah_u_abp, 22 
(-5, -2, 2), [1, -7, 21, -46, 189, -567, 729], 3.9.ah_v_abu, 23 
(-5, -2, 4), [1, -7, 23, -56, 207, -567, 729], 3.9.ah_x_ace, 25 
(-5, -2, 5), [1, -7, 24, -61, 216, -567, 729], 3.9.ah_y_acj, 26 
(-5, -2, 7), [1, -7, 26, -71, 234, -567, 729], 3.9.ah_ba_act, 28 
(-5, -2, 11), [1, -7, 30, -91, 270, -567, 729], 3.9.ah_be_adn, 32 
(1, -8, 31), [1, -7, 32, -113, 288, -567, 729], 3.9.ah_bg_aej, -32 
(-5, -2, 13), [1, -7, 32, -101, 288, -567, 729], 3.9.ah_bg_adx, 34 
(-4, -3, 11), [1, -7, 32, -98, 288, -567, 729], 3.9.ah_bg_adu, 18 
(-1, -6, 19), [1, -7, 34, -127, 306, -567, 729], 3.9.ah_bi_aex, -16 
(-4, -3, 13), [1, -7, 34, -106, 306, -567, 729], 3.9.ah_bi_aec, 20 
(-1, -6, 20), [1, -7, 35, -128, 315, -567, 729], 3.9.ah_bj_aey, -15 
(-5, -2, 17), [1, -7, 36, -121, 324, -567, 729], 3.9.ah_bk_aer, 38 
(-1, -6, 22), [1, -7, 37, -130, 333, -567, 729], 3.9.ah_bl_afa, -13 
(-4, -3, 16), [1, -7, 37, -118, 333, -567, 729], 3.9.ah_bl_aeo, 23 
(-4, -3, 17), [1, -7, 38, -122, 342, -567, 729], 3.9.ah_bm_aes, 24 
(-1, -6, 25), [1, -7, 40, -133, 360, -567, 729], 3.9.ah_bo_afd, -10 
(-2, -5, 23), [1, -7, 42, -136, 378, -567, 729], 3.9.ah_bq_afg, 2 
(-5, -1, -11), [1, -6, 3, 37, 27, -486, 729], 3.9.ag_d_bl, 13 
(-5, -1, -7), [1, -6, 7, 17, 63, -486, 729], 3.9.ag_h_r, 17 
(-5, -1, -5), [1, -6, 9, 7, 81, -486, 729], 3.9.ag_j_h, 19 
(-5, -1, -1), [1, -6, 13, -13, 117, -486, 729], 3.9.ag_n_an, 23 
(-5, -1, 1), [1, -6, 15, -23, 135, -486, 729], 3.9.ag_p_ax, 25 
(-4, -2, 11), [1, -6, 28, -80, 252, -486, 729], 3.9.ag_bc_adc, 23 
(-4, -2, 13), [1, -6, 30, -88, 270, -486, 729], 3.9.ag_be_adk, 25 
(-1, -5, 19), [1, -6, 33, -109, 297, -486, 729], 3.9.ag_bh_aef, -5 
(-4, -2, 17), [1, -6, 34, -104, 306, -486, 729], 3.9.ag_bi_aea, 29 
(-1, -5, 23), [1, -6, 37, -113, 333, -486, 729], 3.9.ag_bl_aej, -1 
(-5, 0, -17), [1, -5, -8, 85, -72, -405, 729], 3.9.af_ai_dh, 8 
(-5, 0, -16), [1, -5, -7, 80, -63, -405, 729], 3.9.af_ah_dc, 9 
(-5, 0, -13), [1, -5, -4, 65, -36, -405, 729], 3.9.af_ae_cn, 12 
(-5, 0, -11), [1, -5, -2, 55, -18, -405, 729], 3.9.af_ac_cd, 14 
(-5, 0, -10), [1, -5, -1, 50, -9, -405, 729], 3.9.af_ab_by, 15 
(-5, 0, -8), [1, -5, 1, 40, 9, -405, 729], 3.9.af_b_bo, 17 
(-5, 0, -5), [1, -5, 4, 25, 36, -405, 729], 3.9.af_e_z, 20 
(-5, 0, -4), [1, -5, 5, 20, 45, -405, 729], 3.9.af_f_u, 21 
(-5, 0, -1), [1, -5, 8, 5, 72, -405, 729], 3.9.af_i_f, 24 
(-5, 0, 1), [1, -5, 10, -5, 90, -405, 729], 3.9.af_k_af, 26 
(-5, 0, 5), [1, -5, 14, -25, 126, -405, 729], 3.9.af_o_az, 30 
(-5, 0, 7), [1, -5, 16, -35, 144, -405, 729], 3.9.af_q_abj, 32 
(-4, -1, 4), [1, -5, 17, -34, 153, -405, 729], 3.9.af_r_abi, 19 
(-4, -1, 5), [1, -5, 18, -38, 162, -405, 729], 3.9.af_s_abm, 20 
(-1, -4, 7), [1, -5, 20, -79, 180, -405, 729], 3.9.af_u_adb, -8 
(-5, 0, 11), [1, -5, 20, -55, 180, -405, 729], 3.9.af_u_acd, 36 
(-4, -1, 7), [1, -5, 20, -46, 180, -405, 729], 3.9.af_u_abu, 22 
(-4, -1, 8), [1, -5, 21, -50, 189, -405, 729], 3.9.af_v_aby, 23 
(1, -6, 19), [1, -5, 22, -89, 198, -405, 729], 3.9.af_w_adl, -16 
(-5, 0, 13), [1, -5, 22, -65, 198, -405, 729], 3.9.af_w_acn, 38 
(-1, -4, 11), [1, -5, 24, -83, 216, -405, 729], 3.9.af_y_adf, -4 
(-4, -1, 11), [1, -5, 24, -62, 216, -405, 729], 3.9.af_y_ack, 26 
(1, -6, 25), [1, -5, 28, -83, 252, -405, 729], 3.9.af_bc_adf, -10 
(-1, -4, 17), [1, -5, 30, -89, 270, -405, 729], 3.9.af_be_adl, 2 
(-1, -4, 19), [1, -5, 32, -91, 288, -405, 729], 3.9.af_bg_adn, 4 
(-2, -3, 17), [1, -5, 32, -88, 288, -405, 729], 3.9.af_bg_adk, 12 
(-1, -4, 20), [1, -5, 33, -92, 297, -405, 729], 3.9.af_bh_ado, 5 
(-2, -3, 19), [1, -5, 34, -92, 306, -405, 729], 3.9.af_bi_ado, 14 
(-4, 0, -17), [1, -4, -8, 68, -72, -324, 729], 3.9.ae_ai_cq, -1 
(-4, 0, -16), [1, -4, -7, 64, -63, -324, 729], 3.9.ae_ah_cm, 0 
(-5, 1, -11), [1, -4, -7, 73, -63, -324, 729], 3.9.ae_ah_cv, 13 
(-5, 1, -10), [1, -4, -6, 68, -54, -324, 729], 3.9.ae_ag_cq, 14 
(-5, 1, -7), [1, -4, -3, 53, -27, -324, 729], 3.9.ae_ad_cb, 17 
(-5, 1, -5), [1, -4, -1, 43, -9, -324, 729], 3.9.ae_ab_br, 19 
(-4, 0, -1), [1, -4, 8, 4, 72, -324, 729], 3.9.ae_i_e, 15 
(-4, 0, 1), [1, -4, 10, -4, 90, -324, 729], 3.9.ae_k_ae, 17 
(1, -5, 13), [1, -4, 17, -77, 153, -324, 729], 3.9.ae_r_acz, -11 
(-1, -3, 17), [1, -4, 29, -71, 261, -324, 729], 3.9.ae_bd_act, 9 
(-2, -2, 17), [1, -4, 30, -70, 270, -324, 729], 3.9.ae_be_acs, 17 
(-1, -3, 19), [1, -4, 31, -73, 279, -324, 729], 3.9.ae_bf_acv, 11 
(-5, 2, -5), [1, -3, -6, 61, -54, -243, 729], 3.9.ad_ag_cj, 16 
(-4, 1, -11), [1, -3, -6, 62, -54, -243, 729], 3.9.ad_ag_ck, 4 
(-5, 2, -4), [1, -3, -5, 56, -45, -243, 729], 3.9.ad_af_ce, 17 
(-4, 1, -10), [1, -3, -5, 58, -45, -243, 729], 3.9.ad_af_cg, 5 
(-5, 2, -1), [1, -3, -2, 41, -18, -243, 729], 3.9.ad_ac_bp, 20 
(5, -8, 31), [1, -3, 0, 11, 0, -243, 729], 3.9.ad_a_l, -8 
(-5, 2, 1), [1, -3, 0, 31, 0, -243, 729], 3.9.ad_a_bf, 22 
(-4, 1, -5), [1, -3, 0, 38, 0, -243, 729], 3.9.ad_a_bm, 10 
(-4, 1, -4), [1, -3, 1, 34, 9, -243, 729], 3.9.ad_b_bi, 11 
(-5, 2, 5), [1, -3, 4, 11, 36, -243, 729], 3.9.ad_e_l, 26 
(-4, 1, -1), [1, -3, 4, 22, 36, -243, 729], 3.9.ad_e_w, 14 
(-1, -2, -5), [1, -3, 6, -31, 54, -243, 729], 3.9.ad_g_abf, -8 
(-5, 2, 7), [1, -3, 6, 1, 54, -243, 729], 3.9.ad_g_b, 28 
(-4, 1, 1), [1, -3, 6, 14, 54, -243, 729], 3.9.ad_g_o, 16 
(-1, -2, -1), [1, -3, 10, -35, 90, -243, 729], 3.9.ad_k_abj, -4 
(-5, 2, 11), [1, -3, 10, -19, 90, -243, 729], 3.9.ad_k_at, 32 
(1, -4, 7), [1, -3, 12, -65, 108, -243, 729], 3.9.ad_m_acn, -8 
(-1, -2, 1), [1, -3, 12, -37, 108, -243, 729], 3.9.ad_m_abl, -2 
(-5, 2, 13), [1, -3, 12, -29, 108, -243, 729], 3.9.ad_m_abd, 34 
(1, -4, 10), [1, -3, 15, -62, 135, -243, 729], 3.9.ad_p_ack, -5 
(1, -4, 11), [1, -3, 16, -61, 144, -243, 729], 3.9.ad_q_acj, -4 
(-5, 2, 17), [1, -3, 16, -49, 144, -243, 729], 3.9.ad_q_abx, 38 
(-1, -2, 5), [1, -3, 16, -41, 144, -243, 729], 3.9.ad_q_abp, 2 
(-1, -2, 7), [1, -3, 18, -43, 162, -243, 729], 3.9.ad_s_abr, 4 
(1, -4, 14), [1, -3, 19, -58, 171, -243, 729], 3.9.ad_t_acg, -1 
(1, -4, 16), [1, -3, 21, -56, 189, -243, 729], 3.9.ad_v_ace, 1 
(1, -4, 17), [1, -3, 22, -55, 198, -243, 729], 3.9.ad_w_acd, 2 
(-1, -2, 11), [1, -3, 22, -47, 198, -243, 729], 3.9.ad_w_abv, 8 
(1, -4, 19), [1, -3, 24, -53, 216, -243, 729], 3.9.ad_y_acb, 4 
(-1, -2, 13), [1, -3, 24, -49, 216, -243, 729], 3.9.ad_y_abx, 10 
(-2, -1, 13), [1, -3, 24, -44, 216, -243, 729], 3.9.ad_y_abs, 16 
(-2, -1, 14), [1, -3, 25, -46, 225, -243, 729], 3.9.ad_z_abu, 17 
(-1, -2, 16), [1, -3, 27, -52, 243, -243, 729], 3.9.ad_bb_aca, 13 
(-1, -2, 17), [1, -3, 28, -53, 252, -243, 729], 3.9.ad_bc_acb, 14 
(-2, -1, 17), [1, -3, 28, -52, 252, -243, 729], 3.9.ad_bc_aca, 20 
(-2, 0, -17), [1, -2, -8, 34, -72, -162, 729], 3.9.ac_ai_bi, -13 
(-5, 3, 1), [1, -2, -5, 49, -45, -162, 729], 3.9.ac_af_bx, 17 
(-4, 2, -5), [1, -2, -4, 56, -36, -162, 729], 3.9.ac_ae_ce, 7 
(2, -4, 7), [1, -2, 8, -58, 72, -162, 729], 3.9.ac_i_acg, -5 
(2, -4, 8), [1, -2, 9, -56, 81, -162, 729], 3.9.ac_j_ace, -4 
(-2, 0, 7), [1, -2, 16, -14, 144, -162, 729], 3.9.ac_q_ao, 11 
(1, -3, 11), [1, -2, 17, -43, 153, -162, 729], 3.9.ac_r_abr, 3 
(1, -3, 13), [1, -2, 19, -41, 171, -162, 729], 3.9.ac_t_abp, 5 
(-2, 0, 13), [1, -2, 22, -26, 198, -162, 729], 3.9.ac_w_aba, 17 
(1, -3, 17), [1, -2, 23, -37, 207, -162, 729], 3.9.ac_x_abl, 9 
(-1, -1, 17), [1, -2, 27, -35, 243, -162, 729], 3.9.ac_bb_abj, 17 
(-1, 0, -17), [1, -1, -8, 17, -72, -81, 729], 3.9.ab_ai_r, -16 
(-1, 0, -16), [1, -1, -7, 16, -63, -81, 729], 3.9.ab_ah_q, -15 
(-1, 0, -13), [1, -1, -4, 13, -36, -81, 729], 3.9.ab_ae_n, -12 
(-5, 4, 7), [1, -1, -4, 37, -36, -81, 729], 3.9.ab_ae_bl, 16 
(-5, 4, 8), [1, -1, -3, 32, -27, -81, 729], 3.9.ab_ad_bg, 17 
(5, -6, 19), [1, -1, -2, -13, -18, -81, 729], 3.9.ab_ac_an, 8 
(-1, 0, -11), [1, -1, -2, 11, -18, -81, 729], 3.9.ab_ac_l, -10 
(-5, 4, 11), [1, -1, 0, 17, 0, -81, 729], 3.9.ab_a_r, 20 
(1, -2, -5), [1, -1, 2, -41, 18, -81, 729], 3.9.ab_c_abp, -8 
(-1, 0, -5), [1, -1, 4, 5, 36, -81, 729], 3.9.ab_e_f, -4 
(5, -6, 25), [1, -1, 4, 17, 36, -81, 729], 3.9.ab_e_r, 14 
(1, -2, -1), [1, -1, 6, -37, 54, -81, 729], 3.9.ab_g_abl, -4 
(-5, 4, 17), [1, -1, 6, -13, 54, -81, 729], 3.9.ab_g_an, 26 
(2, -3, 5), [1, -1, 8, -44, 72, -81, 729], 3.9.ab_i_abs, 0 
(1, -2, 1), [1, -1, 8, -35, 72, -81, 729], 3.9.ab_i_abj, -2 
(-5, 4, 19), [1, -1, 8, -23, 72, -81, 729], 3.9.ab_i_ax, 28 
(-1, 0, -1), [1, -1, 8, 1, 72, -81, 729], 3.9.ab_i_b, 0 
(2, -3, 7), [1, -1, 10, -40, 90, -81, 729], 3.9.ab_k_abo, 2 
(-1, 0, 1), [1, -1, 10, -1, 90, -81, 729], 3.9.ab_k_ab, 2 
(1, -2, 5), [1, -1, 12, -31, 108, -81, 729], 3.9.ab_m_abf, 2 
(2, -3, 10), [1, -1, 13, -34, 117, -81, 729], 3.9.ab_n_abi, 5 
(2, -3, 11), [1, -1, 14, -32, 126, -81, 729], 3.9.ab_o_abg, 6 
(1, -2, 7), [1, -1, 14, -29, 126, -81, 729], 3.9.ab_o_abd, 4 
(-1, 0, 5), [1, -1, 14, -5, 126, -81, 729], 3.9.ab_o_af, 6 
(-1, 0, 7), [1, -1, 16, -7, 144, -81, 729], 3.9.ab_q_ah, 8 
(-2, 1, 10), [1, -1, 17, -2, 153, -81, 729], 3.9.ab_r_ac, 13 
(1, -2, 11), [1, -1, 18, -25, 162, -81, 729], 3.9.ab_s_az, 8 
(-2, 1, 11), [1, -1, 18, -4, 162, -81, 729], 3.9.ab_s_ae, 14 
(1, -2, 13), [1, -1, 20, -23, 180, -81, 729], 3.9.ab_u_ax, 10 
(-1, 0, 11), [1, -1, 20, -11, 180, -81, 729], 3.9.ab_u_al, 12 
(-2, 1, 13), [1, -1, 20, -8, 180, -81, 729], 3.9.ab_u_ai, 16 
(1, -2, 14), [1, -1, 21, -22, 189, -81, 729], 3.9.ab_v_aw, 11 
(-2, 1, 14), [1, -1, 21, -10, 189, -81, 729], 3.9.ab_v_ak, 17 
(-1, 0, 13), [1, -1, 22, -13, 198, -81, 729], 3.9.ab_w_an, 14 
(1, -2, 16), [1, -1, 23, -20, 207, -81, 729], 3.9.ab_x_au, 13 
(1, -2, 17), [1, -1, 24, -19, 216, -81, 729], 3.9.ab_y_at, 14 
(-1, 0, 16), [1, -1, 25, -16, 225, -81, 729], 3.9.ab_z_aq, 17 
(2, -2, 11), [1, 0, 16, -14, 144, 0, 729], 3.9.a_q_ao, 11 
(-2, 2, 11), [1, 0, 16, 14, 144, 0, 729], 3.9.a_q_o, 11 
(1, -1, 13), [1, 0, 21, -5, 189, 0, 729], 3.9.a_v_af, 13 
(-1, 1, 13), [1, 0, 21, 5, 189, 0, 729], 3.9.a_v_f, 13 
(1, -1, 17), [1, 0, 25, -1, 225, 0, 729], 3.9.a_z_ab, 17 
(-1, 1, 17), [1, 0, 25, 1, 225, 0, 729], 3.9.a_z_b, 17 
(1, 0, -17), [1, 1, -8, -17, -72, 81, 729], 3.9.b_ai_ar, -16 
(1, 0, -16), [1, 1, -7, -16, -63, 81, 729], 3.9.b_ah_aq, -15 
(5, -4, 7), [1, 1, -4, -37, -36, 81, 729], 3.9.b_ae_abl, 16 
(1, 0, -13), [1, 1, -4, -13, -36, 81, 729], 3.9.b_ae_an, -12 
(5, -4, 8), [1, 1, -3, -32, -27, 81, 729], 3.9.b_ad_abg, 17 
(1, 0, -11), [1, 1, -2, -11, -18, 81, 729], 3.9.b_ac_al, -10 
(-5, 6, 19), [1, 1, -2, 13, -18, 81, 729], 3.9.b_ac_n, 8 
(5, -4, 11), [1, 1, 0, -17, 0, 81, 729], 3.9.b_a_ar, 20 
(-1, 2, -5), [1, 1, 2, 41, 18, 81, 729], 3.9.b_c_bp, -8 
(-5, 6, 25), [1, 1, 4, -17, 36, 81, 729], 3.9.b_e_ar, 14 
(1, 0, -5), [1, 1, 4, -5, 36, 81, 729], 3.9.b_e_af, -4 
(5, -4, 17), [1, 1, 6, 13, 54, 81, 729], 3.9.b_g_n, 26 
(-1, 2, -1), [1, 1, 6, 37, 54, 81, 729], 3.9.b_g_bl, -4 
(1, 0, -1), [1, 1, 8, -1, 72, 81, 729], 3.9.b_i_ab, 0 
(5, -4, 19), [1, 1, 8, 23, 72, 81, 729], 3.9.b_i_x, 28 
(-1, 2, 1), [1, 1, 8, 35, 72, 81, 729], 3.9.b_i_bj, -2 
(-2, 3, 5), [1, 1, 8, 44, 72, 81, 729], 3.9.b_i_bs, 0 
(1, 0, 1), [1, 1, 10, 1, 90, 81, 729], 3.9.b_k_b, 2 
(-2, 3, 7), [1, 1, 10, 40, 90, 81, 729], 3.9.b_k_bo, 2 
(-1, 2, 5), [1, 1, 12, 31, 108, 81, 729], 3.9.b_m_bf, 2 
(-2, 3, 10), [1, 1, 13, 34, 117, 81, 729], 3.9.b_n_bi, 5 
(1, 0, 5), [1, 1, 14, 5, 126, 81, 729], 3.9.b_o_f, 6 
(-1, 2, 7), [1, 1, 14, 29, 126, 81, 729], 3.9.b_o_bd, 4 
(-2, 3, 11), [1, 1, 14, 32, 126, 81, 729], 3.9.b_o_bg, 6 
(1, 0, 7), [1, 1, 16, 7, 144, 81, 729], 3.9.b_q_h, 8 
(2, -1, 10), [1, 1, 17, 2, 153, 81, 729], 3.9.b_r_c, 13 
(2, -1, 11), [1, 1, 18, 4, 162, 81, 729], 3.9.b_s_e, 14 
(-1, 2, 11), [1, 1, 18, 25, 162, 81, 729], 3.9.b_s_z, 8 
(2, -1, 13), [1, 1, 20, 8, 180, 81, 729], 3.9.b_u_i, 16 
(1, 0, 11), [1, 1, 20, 11, 180, 81, 729], 3.9.b_u_l, 12 
(-1, 2, 13), [1, 1, 20, 23, 180, 81, 729], 3.9.b_u_x, 10 
(2, -1, 14), [1, 1, 21, 10, 189, 81, 729], 3.9.b_v_k, 17 
(-1, 2, 14), [1, 1, 21, 22, 189, 81, 729], 3.9.b_v_w, 11 
(1, 0, 13), [1, 1, 22, 13, 198, 81, 729], 3.9.b_w_n, 14 
(-1, 2, 16), [1, 1, 23, 20, 207, 81, 729], 3.9.b_x_u, 13 
(-1, 2, 17), [1, 1, 24, 19, 216, 81, 729], 3.9.b_y_t, 14 
(1, 0, 16), [1, 1, 25, 16, 225, 81, 729], 3.9.b_z_q, 17 
(2, 0, -17), [1, 2, -8, -34, -72, 162, 729], 3.9.c_ai_abi, -13 
(5, -3, 1), [1, 2, -5, -49, -45, 162, 729], 3.9.c_af_abx, 17 
(4, -2, -5), [1, 2, -4, -56, -36, 162, 729], 3.9.c_ae_ace, 7 
(-2, 4, 7), [1, 2, 8, 58, 72, 162, 729], 3.9.c_i_cg, -5 
(-2, 4, 8), [1, 2, 9, 56, 81, 162, 729], 3.9.c_j_ce, -4 
(2, 0, 7), [1, 2, 16, 14, 144, 162, 729], 3.9.c_q_o, 11 
(-1, 3, 11), [1, 2, 17, 43, 153, 162, 729], 3.9.c_r_br, 3 
(-1, 3, 13), [1, 2, 19, 41, 171, 162, 729], 3.9.c_t_bp, 5 
(2, 0, 13), [1, 2, 22, 26, 198, 162, 729], 3.9.c_w_ba, 17 
(-1, 3, 17), [1, 2, 23, 37, 207, 162, 729], 3.9.c_x_bl, 9 
(1, 1, 17), [1, 2, 27, 35, 243, 162, 729], 3.9.c_bb_bj, 17 
(4, -1, -11), [1, 3, -6, -62, -54, 243, 729], 3.9.d_ag_ack, 4 
(5, -2, -5), [1, 3, -6, -61, -54, 243, 729], 3.9.d_ag_acj, 16 
(4, -1, -10), [1, 3, -5, -58, -45, 243, 729], 3.9.d_af_acg, 5 
(5, -2, -4), [1, 3, -5, -56, -45, 243, 729], 3.9.d_af_ace, 17 
(5, -2, -1), [1, 3, -2, -41, -18, 243, 729], 3.9.d_ac_abp, 20 
(4, -1, -5), [1, 3, 0, -38, 0, 243, 729], 3.9.d_a_abm, 10 
(5, -2, 1), [1, 3, 0, -31, 0, 243, 729], 3.9.d_a_abf, 22 
(-5, 8, 31), [1, 3, 0, -11, 0, 243, 729], 3.9.d_a_al, -8 
(4, -1, -4), [1, 3, 1, -34, 9, 243, 729], 3.9.d_b_abi, 11 
(4, -1, -1), [1, 3, 4, -22, 36, 243, 729], 3.9.d_e_aw, 14 
(5, -2, 5), [1, 3, 4, -11, 36, 243, 729], 3.9.d_e_al, 26 
(4, -1, 1), [1, 3, 6, -14, 54, 243, 729], 3.9.d_g_ao, 16 
(5, -2, 7), [1, 3, 6, -1, 54, 243, 729], 3.9.d_g_ab, 28 
(1, 2, -5), [1, 3, 6, 31, 54, 243, 729], 3.9.d_g_bf, -8 
(5, -2, 11), [1, 3, 10, 19, 90, 243, 729], 3.9.d_k_t, 32 
(1, 2, -1), [1, 3, 10, 35, 90, 243, 729], 3.9.d_k_bj, -4 
(5, -2, 13), [1, 3, 12, 29, 108, 243, 729], 3.9.d_m_bd, 34 
(1, 2, 1), [1, 3, 12, 37, 108, 243, 729], 3.9.d_m_bl, -2 
(-1, 4, 7), [1, 3, 12, 65, 108, 243, 729], 3.9.d_m_cn, -8 
(-1, 4, 10), [1, 3, 15, 62, 135, 243, 729], 3.9.d_p_ck, -5 
(1, 2, 5), [1, 3, 16, 41, 144, 243, 729], 3.9.d_q_bp, 2 
(5, -2, 17), [1, 3, 16, 49, 144, 243, 729], 3.9.d_q_bx, 38 
(-1, 4, 11), [1, 3, 16, 61, 144, 243, 729], 3.9.d_q_cj, -4 
(1, 2, 7), [1, 3, 18, 43, 162, 243, 729], 3.9.d_s_br, 4 
(-1, 4, 14), [1, 3, 19, 58, 171, 243, 729], 3.9.d_t_cg, -1 
(-1, 4, 16), [1, 3, 21, 56, 189, 243, 729], 3.9.d_v_ce, 1 
(1, 2, 11), [1, 3, 22, 47, 198, 243, 729], 3.9.d_w_bv, 8 
(-1, 4, 17), [1, 3, 22, 55, 198, 243, 729], 3.9.d_w_cd, 2 
(2, 1, 13), [1, 3, 24, 44, 216, 243, 729], 3.9.d_y_bs, 16 
(1, 2, 13), [1, 3, 24, 49, 216, 243, 729], 3.9.d_y_bx, 10 
(-1, 4, 19), [1, 3, 24, 53, 216, 243, 729], 3.9.d_y_cb, 4 
(2, 1, 14), [1, 3, 25, 46, 225, 243, 729], 3.9.d_z_bu, 17 
(1, 2, 16), [1, 3, 27, 52, 243, 243, 729], 3.9.d_bb_ca, 13 
(2, 1, 17), [1, 3, 28, 52, 252, 243, 729], 3.9.d_bc_ca, 20 
(1, 2, 17), [1, 3, 28, 53, 252, 243, 729], 3.9.d_bc_cb, 14 
(4, 0, -17), [1, 4, -8, -68, -72, 324, 729], 3.9.e_ai_acq, -1 
(5, -1, -11), [1, 4, -7, -73, -63, 324, 729], 3.9.e_ah_acv, 13 
(4, 0, -16), [1, 4, -7, -64, -63, 324, 729], 3.9.e_ah_acm, 0 
(5, -1, -10), [1, 4, -6, -68, -54, 324, 729], 3.9.e_ag_acq, 14 
(5, -1, -7), [1, 4, -3, -53, -27, 324, 729], 3.9.e_ad_acb, 17 
(5, -1, -5), [1, 4, -1, -43, -9, 324, 729], 3.9.e_ab_abr, 19 
(4, 0, -1), [1, 4, 8, -4, 72, 324, 729], 3.9.e_i_ae, 15 
(4, 0, 1), [1, 4, 10, 4, 90, 324, 729], 3.9.e_k_e, 17 
(-1, 5, 13), [1, 4, 17, 77, 153, 324, 729], 3.9.e_r_cz, -11 
(1, 3, 17), [1, 4, 29, 71, 261, 324, 729], 3.9.e_bd_ct, 9 
(2, 2, 17), [1, 4, 30, 70, 270, 324, 729], 3.9.e_be_cs, 17 
(1, 3, 19), [1, 4, 31, 73, 279, 324, 729], 3.9.e_bf_cv, 11 
(5, 0, -17), [1, 5, -8, -85, -72, 405, 729], 3.9.f_ai_adh, 8 
(5, 0, -16), [1, 5, -7, -80, -63, 405, 729], 3.9.f_ah_adc, 9 
(5, 0, -13), [1, 5, -4, -65, -36, 405, 729], 3.9.f_ae_acn, 12 
(5, 0, -11), [1, 5, -2, -55, -18, 405, 729], 3.9.f_ac_acd, 14 
(5, 0, -10), [1, 5, -1, -50, -9, 405, 729], 3.9.f_ab_aby, 15 
(5, 0, -8), [1, 5, 1, -40, 9, 405, 729], 3.9.f_b_abo, 17 
(5, 0, -5), [1, 5, 4, -25, 36, 405, 729], 3.9.f_e_az, 20 
(5, 0, -4), [1, 5, 5, -20, 45, 405, 729], 3.9.f_f_au, 21 
(5, 0, -1), [1, 5, 8, -5, 72, 405, 729], 3.9.f_i_af, 24 
(5, 0, 1), [1, 5, 10, 5, 90, 405, 729], 3.9.f_k_f, 26 
(5, 0, 5), [1, 5, 14, 25, 126, 405, 729], 3.9.f_o_z, 30 
(5, 0, 7), [1, 5, 16, 35, 144, 405, 729], 3.9.f_q_bj, 32 
(4, 1, 4), [1, 5, 17, 34, 153, 405, 729], 3.9.f_r_bi, 19 
(4, 1, 5), [1, 5, 18, 38, 162, 405, 729], 3.9.f_s_bm, 20 
(4, 1, 7), [1, 5, 20, 46, 180, 405, 729], 3.9.f_u_bu, 22 
(5, 0, 11), [1, 5, 20, 55, 180, 405, 729], 3.9.f_u_cd, 36 
(1, 4, 7), [1, 5, 20, 79, 180, 405, 729], 3.9.f_u_db, -8 
(4, 1, 8), [1, 5, 21, 50, 189, 405, 729], 3.9.f_v_by, 23 
(5, 0, 13), [1, 5, 22, 65, 198, 405, 729], 3.9.f_w_cn, 38 
(-1, 6, 19), [1, 5, 22, 89, 198, 405, 729], 3.9.f_w_dl, -16 
(4, 1, 11), [1, 5, 24, 62, 216, 405, 729], 3.9.f_y_ck, 26 
(1, 4, 11), [1, 5, 24, 83, 216, 405, 729], 3.9.f_y_df, -4 
(-1, 6, 25), [1, 5, 28, 83, 252, 405, 729], 3.9.f_bc_df, -10 
(1, 4, 17), [1, 5, 30, 89, 270, 405, 729], 3.9.f_be_dl, 2 
(2, 3, 17), [1, 5, 32, 88, 288, 405, 729], 3.9.f_bg_dk, 12 
(1, 4, 19), [1, 5, 32, 91, 288, 405, 729], 3.9.f_bg_dn, 4 
(1, 4, 20), [1, 5, 33, 92, 297, 405, 729], 3.9.f_bh_do, 5 
(2, 3, 19), [1, 5, 34, 92, 306, 405, 729], 3.9.f_bi_do, 14 
(5, 1, -11), [1, 6, 3, -37, 27, 486, 729], 3.9.g_d_abl, 13 
(5, 1, -7), [1, 6, 7, -17, 63, 486, 729], 3.9.g_h_ar, 17 
(5, 1, -5), [1, 6, 9, -7, 81, 486, 729], 3.9.g_j_ah, 19 
(5, 1, -1), [1, 6, 13, 13, 117, 486, 729], 3.9.g_n_n, 23 
(5, 1, 1), [1, 6, 15, 23, 135, 486, 729], 3.9.g_p_x, 25 
(4, 2, 11), [1, 6, 28, 80, 252, 486, 729], 3.9.g_bc_dc, 23 
(4, 2, 13), [1, 6, 30, 88, 270, 486, 729], 3.9.g_be_dk, 25 
(1, 5, 19), [1, 6, 33, 109, 297, 486, 729], 3.9.g_bh_ef, -5 
(4, 2, 17), [1, 6, 34, 104, 306, 486, 729], 3.9.g_bi_ea, 29 
(1, 5, 23), [1, 6, 37, 113, 333, 486, 729], 3.9.g_bl_ej, -1 
(5, 2, -5), [1, 7, 14, 11, 126, 567, 729], 3.9.h_o_l, 16 
(5, 2, -4), [1, 7, 15, 16, 135, 567, 729], 3.9.h_p_q, 17 
(5, 2, -1), [1, 7, 18, 31, 162, 567, 729], 3.9.h_s_bf, 20 
(5, 2, 1), [1, 7, 20, 41, 180, 567, 729], 3.9.h_u_bp, 22 
(5, 2, 2), [1, 7, 21, 46, 189, 567, 729], 3.9.h_v_bu, 23 
(5, 2, 4), [1, 7, 23, 56, 207, 567, 729], 3.9.h_x_ce, 25 
(5, 2, 5), [1, 7, 24, 61, 216, 567, 729], 3.9.h_y_cj, 26 
(5, 2, 7), [1, 7, 26, 71, 234, 567, 729], 3.9.h_ba_ct, 28 
(5, 2, 11), [1, 7, 30, 91, 270, 567, 729], 3.9.h_be_dn, 32 
(4, 3, 11), [1, 7, 32, 98, 288, 567, 729], 3.9.h_bg_du, 18 
(5, 2, 13), [1, 7, 32, 101, 288, 567, 729], 3.9.h_bg_dx, 34 
(-1, 8, 31), [1, 7, 32, 113, 288, 567, 729], 3.9.h_bg_ej, -32 
(4, 3, 13), [1, 7, 34, 106, 306, 567, 729], 3.9.h_bi_ec, 20 
(1, 6, 19), [1, 7, 34, 127, 306, 567, 729], 3.9.h_bi_ex, -16 
(1, 6, 20), [1, 7, 35, 128, 315, 567, 729], 3.9.h_bj_ey, -15 
(5, 2, 17), [1, 7, 36, 121, 324, 567, 729], 3.9.h_bk_er, 38 
(4, 3, 16), [1, 7, 37, 118, 333, 567, 729], 3.9.h_bl_eo, 23 
(1, 6, 22), [1, 7, 37, 130, 333, 567, 729], 3.9.h_bl_fa, -13 
(4, 3, 17), [1, 7, 38, 122, 342, 567, 729], 3.9.h_bm_es, 24 
(1, 6, 25), [1, 7, 40, 133, 360, 567, 729], 3.9.h_bo_fd, -10 
(2, 5, 23), [1, 7, 42, 136, 378, 567, 729], 3.9.h_bq_fg, 2 
(5, 3, 5), [1, 8, 29, 79, 261, 648, 729], 3.9.i_bd_db, 21 
(5, 3, 7), [1, 8, 31, 89, 279, 648, 729], 3.9.i_bf_dl, 23 
(4, 4, 7), [1, 8, 32, 100, 288, 648, 729], 3.9.i_bg_dw, 7 
(5, 3, 10), [1, 8, 34, 104, 306, 648, 729], 3.9.i_bi_ea, 26 
(5, 3, 11), [1, 8, 35, 109, 315, 648, 729], 3.9.i_bj_ef, 27 
(1, 7, 25), [1, 8, 41, 151, 369, 648, 729], 3.9.i_bp_fv, -23 
(4, 4, 17), [1, 8, 42, 140, 378, 648, 729], 3.9.i_bq_fk, 17 
(5, 3, 19), [1, 8, 43, 149, 387, 648, 729], 3.9.i_br_ft, 35 
(4, 4, 19), [1, 8, 44, 148, 396, 648, 729], 3.9.i_bs_fs, 19 
(2, 6, 25), [1, 8, 46, 158, 414, 648, 729], 3.9.i_bu_gc, -7 
(5, 4, 7), [1, 9, 36, 107, 324, 729, 729], 3.9.j_bk_ed, 16 
(5, 4, 8), [1, 9, 37, 112, 333, 729, 729], 3.9.j_bl_ei, 17 
(5, 4, 10), [1, 9, 39, 122, 351, 729, 729], 3.9.j_bn_es, 19 
(5, 4, 11), [1, 9, 40, 127, 360, 729, 729], 3.9.j_bo_ex, 20 
(5, 4, 14), [1, 9, 43, 142, 387, 729, 729], 3.9.j_br_fm, 23 
(4, 5, 14), [1, 9, 43, 146, 387, 729, 729], 3.9.j_br_fq, 5 
(5, 4, 16), [1, 9, 45, 152, 405, 729, 729], 3.9.j_bt_fw, 25 
(5, 4, 17), [1, 9, 46, 157, 414, 729, 729], 3.9.j_bu_gb, 26 
(4, 5, 17), [1, 9, 46, 158, 414, 729, 729], 3.9.j_bu_gc, 8 
(4, 5, 19), [1, 9, 48, 166, 432, 729, 729], 3.9.j_bw_gk, 10 
(5, 4, 19), [1, 9, 48, 167, 432, 729, 729], 3.9.j_bw_gl, 28 
(1, 8, 31), [1, 9, 48, 175, 432, 729, 729], 3.9.j_bw_gt, -32 
(2, 7, 25), [1, 9, 48, 176, 432, 729, 729], 3.9.j_bw_gu, -20 
(4, 5, 20), [1, 9, 49, 170, 441, 729, 729], 3.9.j_bx_go, 11 
(5, 4, 20), [1, 9, 49, 172, 441, 729, 729], 3.9.j_bx_gq, 29 
(2, 7, 26), [1, 9, 49, 178, 441, 729, 729], 3.9.j_bx_gw, -19 
(4, 5, 23), [1, 9, 52, 182, 468, 729, 729], 3.9.j_ca_ha, 14 
(2, 7, 29), [1, 9, 52, 184, 468, 729, 729], 3.9.j_ca_hc, -16 
(5, 5, 14), [1, 10, 48, 160, 432, 810, 729], 3.9.k_bw_ge, 14 
(5, 5, 17), [1, 10, 51, 175, 459, 810, 729], 3.9.k_bz_gt, 17 
(4, 6, 19), [1, 10, 52, 184, 468, 810, 729], 3.9.k_ca_hc, -1 
(5, 5, 19), [1, 10, 53, 185, 477, 810, 729], 3.9.k_cb_hd, 19 
(1, 9, 37), [1, 10, 55, 199, 495, 810, 729], 3.9.k_cd_hr, -43 
(2, 8, 31), [1, 10, 56, 206, 504, 810, 729], 3.9.k_ce_hy, -29 
(5, 5, 23), [1, 10, 57, 205, 513, 810, 729], 3.9.k_cf_hx, 23 
(4, 6, 25), [1, 10, 58, 208, 522, 810, 729], 3.9.k_cg_ia, 5 
(5, 6, 19), [1, 11, 58, 203, 522, 891, 729], 3.9.l_cg_hv, 8 
(5, 6, 20), [1, 11, 59, 208, 531, 891, 729], 3.9.l_ch_ia, 9 
(5, 6, 22), [1, 11, 61, 218, 549, 891, 729], 3.9.l_cj_ik, 11 
(4, 7, 25), [1, 11, 62, 226, 558, 891, 729], 3.9.l_ck_is, -8 
(4, 7, 26), [1, 11, 63, 230, 567, 891, 729], 3.9.l_cl_iw, -7 
(5, 6, 25), [1, 11, 64, 233, 576, 891, 729], 3.9.l_cm_iz, 14 
(2, 9, 37), [1, 11, 64, 236, 576, 891, 729], 3.9.l_cm_jc, -40 
(4, 7, 29), [1, 11, 66, 242, 594, 891, 729], 3.9.l_co_ji, -4 
(5, 7, 25), [1, 12, 69, 251, 621, 972, 729], 3.9.m_cr_jr, 1 
(5, 7, 26), [1, 12, 70, 256, 630, 972, 729], 3.9.m_cs_jw, 2 
(4, 8, 31), [1, 12, 72, 268, 648, 972, 729], 3.9.m_cu_ki, -17 
(5, 7, 29), [1, 12, 73, 271, 657, 972, 729], 3.9.m_cv_kl, 5 
(4, 8, 32), [1, 12, 73, 272, 657, 972, 729], 3.9.m_cv_km, -16 
(5, 8, 31), [1, 13, 80, 299, 720, 1053, 729], 3.9.n_dc_ln, -8 
(5, 8, 32), [1, 13, 81, 304, 729, 1053, 729], 3.9.n_dd_ls, -7 
(4, 9, 37), [1, 13, 82, 310, 738, 1053, 729], 3.9.n_de_ly, -28 
(5, 9, 37), [1, 14, 91, 347, 819, 1134, 729], 3.9.o_dn_nj, -19 
