(-5, -4, 9), [1, -9, 37, -109, 296, -576, 512], 3.8.aj_bl_aef, 18 
(-5, -4, 13), [1, -9, 41, -129, 328, -576, 512], 3.8.aj_bp_aez, 22 
(-5, -4, 15), [1, -9, 43, -139, 344, -576, 512], 3.8.aj_br_afj, 24 
(-3, -6, 19), [1, -9, 45, -153, 360, -576, 512], 3.8.aj_bt_afx, -8 
(-5, -4, 17), [1, -9, 45, -149, 360, -576, 512], 3.8.aj_bt_aft, 26 
(-3, -6, 23), [1, -9, 49, -165, 392, -576, 512], 3.8.aj_bx_agj, -4 
(-5, -3, 9), [1, -8, 32, -93, 256, -512, 512], 3.8.ai_bg_adp, 25 
(-5, -3, 11), [1, -8, 34, -103, 272, -512, 512], 3.8.ai_bi_adz, 27 
(-3, -5, 13), [1, -8, 36, -119, 288, -512, 512], 3.8.ai_bk_aep, -3 
(-3, -5, 15), [1, -8, 38, -125, 304, -512, 512], 3.8.ai_bm_aev, -1 
(-5, -3, 15), [1, -8, 38, -123, 304, -512, 512], 3.8.ai_bm_aet, 31 
(-1, -7, 25), [1, -8, 40, -137, 320, -512, 512], 3.8.ai_bo_afh, -23 
(-5, -3, 17), [1, -8, 40, -133, 320, -512, 512], 3.8.ai_bo_afd, 33 
(-1, -7, 27), [1, -8, 42, -139, 336, -512, 512], 3.8.ai_bq_afj, -21 
(-5, -2, -3), [1, -7, 15, -17, 120, -448, 512], 3.8.ah_p_ar, 18 
(-5, -2, 5), [1, -7, 23, -57, 184, -448, 512], 3.8.ah_x_acf, 26 
(-5, -2, 7), [1, -7, 25, -67, 200, -448, 512], 3.8.ah_z_acp, 28 
(-3, -4, 7), [1, -7, 27, -85, 216, -448, 512], 3.8.ah_bb_adh, 0 
(-5, -2, 9), [1, -7, 27, -77, 216, -448, 512], 3.8.ah_bb_acz, 30 
(-3, -4, 9), [1, -7, 29, -91, 232, -448, 512], 3.8.ah_bd_adn, 2 
(-5, -2, 11), [1, -7, 29, -87, 232, -448, 512], 3.8.ah_bd_adj, 32 
(-1, -6, 19), [1, -7, 33, -115, 264, -448, 512], 3.8.ah_bh_ael, -16 
(-5, -2, 15), [1, -7, 33, -107, 264, -448, 512], 3.8.ah_bh_aed, 36 
(-3, -4, 13), [1, -7, 33, -103, 264, -448, 512], 3.8.ah_bh_adz, 6 
(-3, -4, 15), [1, -7, 35, -109, 280, -448, 512], 3.8.ah_bj_aef, 8 
(-1, -6, 23), [1, -7, 37, -119, 296, -448, 512], 3.8.ah_bl_aep, -12 
(-5, -1, -9), [1, -6, 4, 29, 32, -384, 512], 3.8.ag_e_bd, 15 
(-5, -1, -1), [1, -6, 12, -11, 96, -384, 512], 3.8.ag_m_al, 23 
(-5, -1, 1), [1, -6, 14, -21, 112, -384, 512], 3.8.ag_o_av, 25 
(3, -9, 35), [1, -6, 16, -39, 128, -384, 512], 3.8.ag_q_abn, -37 
(-5, -1, 3), [1, -6, 16, -31, 128, -384, 512], 3.8.ag_q_abf, 27 
(-5, -1, 5), [1, -6, 18, -41, 144, -384, 512], 3.8.ag_s_abp, 29 
(-3, -3, 3), [1, -6, 20, -57, 160, -384, 512], 3.8.ag_u_acf, 3 
(-5, -1, 7), [1, -6, 20, -51, 160, -384, 512], 3.8.ag_u_abz, 31 
(-3, -3, 5), [1, -6, 22, -63, 176, -384, 512], 3.8.ag_w_acl, 5 
(-5, -1, 9), [1, -6, 22, -61, 176, -384, 512], 3.8.ag_w_acj, 33 
(-5, -1, 11), [1, -6, 24, -71, 192, -384, 512], 3.8.ag_y_act, 35 
(-3, -3, 7), [1, -6, 24, -69, 192, -384, 512], 3.8.ag_y_acr, 7 
(-1, -5, 13), [1, -6, 26, -93, 208, -384, 512], 3.8.ag_ba_adp, -11 
(1, -7, 25), [1, -6, 26, -87, 208, -384, 512], 3.8.ag_ba_adj, -23 
(-5, -1, 13), [1, -6, 26, -81, 208, -384, 512], 3.8.ag_ba_add, 37 
(-3, -3, 9), [1, -6, 26, -75, 208, -384, 512], 3.8.ag_ba_acx, 9 
(-1, -5, 15), [1, -6, 28, -95, 224, -384, 512], 3.8.ag_bc_adr, -9 
(1, -7, 27), [1, -6, 28, -85, 224, -384, 512], 3.8.ag_bc_adh, -21 
(-3, -3, 11), [1, -6, 28, -81, 224, -384, 512], 3.8.ag_bc_add, 11 
(-3, -3, 13), [1, -6, 30, -87, 240, -384, 512], 3.8.ag_be_adj, 13 
(-5, 0, -11), [1, -5, -3, 55, -24, -320, 512], 3.8.af_ad_cd, 14 
(-5, 0, -5), [1, -5, 3, 25, 24, -320, 512], 3.8.af_d_z, 20 
(-5, 0, -3), [1, -5, 5, 15, 40, -320, 512], 3.8.af_f_p, 22 
(-5, 0, -1), [1, -5, 7, 5, 56, -320, 512], 3.8.af_h_f, 24 
(-5, 0, 1), [1, -5, 9, -5, 72, -320, 512], 3.8.af_j_af, 26 
(-3, -2, -3), [1, -5, 11, -23, 88, -320, 512], 3.8.af_l_ax, 2 
(-5, 0, 3), [1, -5, 11, -15, 88, -320, 512], 3.8.af_l_ap, 28 
(-3, -2, -1), [1, -5, 13, -29, 104, -320, 512], 3.8.af_n_abd, 4 
(-5, 0, 5), [1, -5, 13, -25, 104, -320, 512], 3.8.af_n_az, 30 
(-5, 0, 9), [1, -5, 17, -45, 136, -320, 512], 3.8.af_r_abt, 34 
(-3, -2, 3), [1, -5, 17, -41, 136, -320, 512], 3.8.af_r_abp, 8 
(-1, -4, 7), [1, -5, 19, -71, 152, -320, 512], 3.8.af_t_act, -8 
(-5, 0, 11), [1, -5, 19, -55, 152, -320, 512], 3.8.af_t_acd, 36 
(-3, -2, 5), [1, -5, 19, -47, 152, -320, 512], 3.8.af_t_abv, 10 
(1, -6, 19), [1, -5, 21, -77, 168, -320, 512], 3.8.af_v_acz, -16 
(-1, -4, 9), [1, -5, 21, -73, 168, -320, 512], 3.8.af_v_acv, -6 
(-5, 0, 13), [1, -5, 21, -65, 168, -320, 512], 3.8.af_v_acn, 38 
(-3, -2, 7), [1, -5, 21, -53, 168, -320, 512], 3.8.af_v_acb, 12 
(-3, -2, 9), [1, -5, 23, -59, 184, -320, 512], 3.8.af_x_ach, 14 
(-1, -4, 13), [1, -5, 25, -77, 200, -320, 512], 3.8.af_z_acz, -2 
(1, -6, 23), [1, -5, 25, -73, 200, -320, 512], 3.8.af_z_acv, -12 
(-3, -2, 11), [1, -5, 25, -65, 200, -320, 512], 3.8.af_z_acn, 16 
(-1, -4, 15), [1, -5, 27, -79, 216, -320, 512], 3.8.af_bb_adb, 0 
(-1, -4, 17), [1, -5, 29, -81, 232, -320, 512], 3.8.af_bd_add, 2 
(-3, -2, 15), [1, -5, 29, -77, 232, -320, 512], 3.8.af_bd_acz, 20 
(5, -9, 35), [1, -4, -2, 31, -16, -256, 512], 3.8.ae_ac_bf, -21 
(-5, 1, -5), [1, -4, -2, 41, -16, -256, 512], 3.8.ae_ac_bp, 19 
(-3, -1, -9), [1, -4, 2, 11, 16, -256, 512], 3.8.ae_c_l, -1 
(-5, 1, -1), [1, -4, 2, 21, 16, -256, 512], 3.8.ae_c_v, 23 
(-3, -1, -7), [1, -4, 4, 5, 32, -256, 512], 3.8.ae_e_f, 1 
(-5, 1, 1), [1, -4, 4, 11, 32, -256, 512], 3.8.ae_e_l, 25 
(-3, -1, -5), [1, -4, 6, -1, 48, -256, 512], 3.8.ae_g_ab, 3 
(-5, 1, 3), [1, -4, 6, 1, 48, -256, 512], 3.8.ae_g_b, 27 
(-5, 1, 5), [1, -4, 8, -9, 64, -256, 512], 3.8.ae_i_aj, 29 
(-3, -1, -3), [1, -4, 8, -7, 64, -256, 512], 3.8.ae_i_ah, 5 
(-5, 1, 7), [1, -4, 10, -19, 80, -256, 512], 3.8.ae_k_at, 31 
(-3, -1, -1), [1, -4, 10, -13, 80, -256, 512], 3.8.ae_k_an, 7 
(3, -7, 25), [1, -4, 12, -37, 96, -256, 512], 3.8.ae_m_abl, -15 
(-5, 1, 9), [1, -4, 12, -29, 96, -256, 512], 3.8.ae_m_abd, 33 
(-3, -1, 1), [1, -4, 12, -19, 96, -256, 512], 3.8.ae_m_at, 9 
(-1, -3, 3), [1, -4, 14, -51, 112, -256, 512], 3.8.ae_o_abz, -5 
(-5, 1, 11), [1, -4, 14, -39, 112, -256, 512], 3.8.ae_o_abn, 35 
(3, -7, 27), [1, -4, 14, -31, 112, -256, 512], 3.8.ae_o_abf, -13 
(-3, -1, 3), [1, -4, 14, -25, 112, -256, 512], 3.8.ae_o_az, 11 
(1, -5, 13), [1, -4, 16, -67, 128, -256, 512], 3.8.ae_q_acp, -11 
(-1, -3, 5), [1, -4, 16, -53, 128, -256, 512], 3.8.ae_q_acb, -3 
(-5, 1, 13), [1, -4, 16, -49, 128, -256, 512], 3.8.ae_q_abx, 37 
(-3, -1, 5), [1, -4, 16, -31, 128, -256, 512], 3.8.ae_q_abf, 13 
(1, -5, 15), [1, -4, 18, -65, 144, -256, 512], 3.8.ae_s_acn, -9 
(-5, 1, 15), [1, -4, 18, -59, 144, -256, 512], 3.8.ae_s_ach, 39 
(-1, -3, 7), [1, -4, 18, -55, 144, -256, 512], 3.8.ae_s_acd, -1 
(-3, -1, 7), [1, -4, 18, -37, 144, -256, 512], 3.8.ae_s_abl, 15 
(1, -5, 17), [1, -4, 20, -63, 160, -256, 512], 3.8.ae_u_acl, -7 
(-1, -3, 9), [1, -4, 20, -57, 160, -256, 512], 3.8.ae_u_acf, 1 
(1, -5, 19), [1, -4, 22, -61, 176, -256, 512], 3.8.ae_w_acj, -5 
(-1, -3, 11), [1, -4, 22, -59, 176, -256, 512], 3.8.ae_w_ach, 3 
(-1, -3, 13), [1, -4, 24, -61, 192, -256, 512], 3.8.ae_y_acj, 5 
(1, -5, 21), [1, -4, 24, -59, 192, -256, 512], 3.8.ae_y_ach, -3 
(-3, -1, 13), [1, -4, 24, -55, 192, -256, 512], 3.8.ae_y_acd, 21 
(-1, -3, 15), [1, -4, 26, -63, 208, -256, 512], 3.8.ae_ba_acl, 7 
(-3, -1, 15), [1, -4, 26, -61, 208, -256, 512], 3.8.ae_ba_acj, 23 
(-3, 0, -13), [1, -3, -5, 39, -40, -192, 512], 3.8.ad_af_bn, -4 
(-5, 2, -3), [1, -3, -5, 47, -40, -192, 512], 3.8.ad_af_bv, 18 
(-3, 0, -11), [1, -3, -3, 33, -24, -192, 512], 3.8.ad_ad_bh, -2 
(-5, 2, -1), [1, -3, -3, 37, -24, -192, 512], 3.8.ad_ad_bl, 20 
(-5, 2, 3), [1, -3, 1, 17, 8, -192, 512], 3.8.ad_b_r, 24 
(-5, 2, 5), [1, -3, 3, 7, 24, -192, 512], 3.8.ad_d_h, 26 
(-3, 0, -5), [1, -3, 3, 15, 24, -192, 512], 3.8.ad_d_p, 4 
(-5, 2, 7), [1, -3, 5, -3, 40, -192, 512], 3.8.ad_f_ad, 28 
(-3, 0, -3), [1, -3, 5, 9, 40, -192, 512], 3.8.ad_f_j, 6 
(-1, -2, -3), [1, -3, 7, -29, 56, -192, 512], 3.8.ad_h_abd, -6 
(-5, 2, 9), [1, -3, 7, -13, 56, -192, 512], 3.8.ad_h_an, 30 
(-3, 0, -1), [1, -3, 7, 3, 56, -192, 512], 3.8.ad_h_d, 8 
(3, -6, 19), [1, -3, 9, -39, 72, -192, 512], 3.8.ad_j_abn, -8 
(-1, -2, -1), [1, -3, 9, -31, 72, -192, 512], 3.8.ad_j_abf, -4 
(-5, 2, 11), [1, -3, 9, -23, 72, -192, 512], 3.8.ad_j_ax, 32 
(-3, 0, 1), [1, -3, 9, -3, 72, -192, 512], 3.8.ad_j_ad, 10 
(1, -4, 7), [1, -3, 11, -57, 88, -192, 512], 3.8.ad_l_acf, -8 
(-3, 0, 3), [1, -3, 11, -9, 88, -192, 512], 3.8.ad_l_aj, 12 
(-5, 2, 15), [1, -3, 13, -43, 104, -192, 512], 3.8.ad_n_abr, 36 
(-1, -2, 3), [1, -3, 13, -35, 104, -192, 512], 3.8.ad_n_abj, 0 
(3, -6, 23), [1, -3, 13, -27, 104, -192, 512], 3.8.ad_n_abb, -4 
(-3, 0, 5), [1, -3, 13, -15, 104, -192, 512], 3.8.ad_n_ap, 14 
(-1, -2, 5), [1, -3, 15, -37, 120, -192, 512], 3.8.ad_p_abl, 2 
(1, -4, 13), [1, -3, 17, -51, 136, -192, 512], 3.8.ad_r_abz, -2 
(-1, -2, 7), [1, -3, 17, -39, 136, -192, 512], 3.8.ad_r_abn, 4 
(-3, 0, 9), [1, -3, 17, -27, 136, -192, 512], 3.8.ad_r_abb, 18 
(1, -4, 15), [1, -3, 19, -49, 152, -192, 512], 3.8.ad_t_abx, 0 
(-1, -2, 9), [1, -3, 19, -41, 152, -192, 512], 3.8.ad_t_abp, 6 
(-3, 0, 11), [1, -3, 19, -33, 152, -192, 512], 3.8.ad_t_abh, 20 
(1, -4, 17), [1, -3, 21, -47, 168, -192, 512], 3.8.ad_v_abv, 2 
(-1, -2, 11), [1, -3, 21, -43, 168, -192, 512], 3.8.ad_v_abr, 8 
(-3, 0, 13), [1, -3, 21, -39, 168, -192, 512], 3.8.ad_v_abn, 22 
(-5, 3, 1), [1, -2, -6, 43, -48, -128, 512], 3.8.ac_ag_br, 17 
(-5, 3, 3), [1, -2, -4, 33, -32, -128, 512], 3.8.ac_ae_bh, 19 
(5, -7, 25), [1, -2, -2, 13, -16, -128, 512], 3.8.ac_ac_n, 1 
(-5, 3, 5), [1, -2, -2, 23, -16, -128, 512], 3.8.ac_ac_x, 21 
(-3, 1, -7), [1, -2, -2, 37, -16, -128, 512], 3.8.ac_ac_bl, 1 
(-1, -1, -9), [1, -2, 0, -7, 0, -128, 512], 3.8.ac_a_ah, -9 
(-5, 3, 7), [1, -2, 0, 13, 0, -128, 512], 3.8.ac_a_n, 23 
(5, -7, 27), [1, -2, 0, 23, 0, -128, 512], 3.8.ac_a_x, 3 
(-3, 1, -5), [1, -2, 0, 31, 0, -128, 512], 3.8.ac_a_bf, 3 
(-1, -1, -7), [1, -2, 2, -9, 16, -128, 512], 3.8.ac_c_aj, -7 
(-5, 3, 9), [1, -2, 2, 3, 16, -128, 512], 3.8.ac_c_d, 25 
(-3, 1, -3), [1, -2, 2, 25, 16, -128, 512], 3.8.ac_c_z, 5 
(-1, -1, -5), [1, -2, 4, -11, 32, -128, 512], 3.8.ac_e_al, -5 
(-5, 3, 11), [1, -2, 4, -7, 32, -128, 512], 3.8.ac_e_ah, 27 
(-3, 1, -1), [1, -2, 4, 19, 32, -128, 512], 3.8.ac_e_t, 7 
(3, -5, 13), [1, -2, 6, -41, 48, -128, 512], 3.8.ac_g_abp, -3 
(-5, 3, 13), [1, -2, 6, -17, 48, -128, 512], 3.8.ac_g_ar, 29 
(-1, -1, -3), [1, -2, 6, -13, 48, -128, 512], 3.8.ac_g_an, -3 
(-3, 1, 1), [1, -2, 6, 13, 48, -128, 512], 3.8.ac_g_n, 9 
(1, -3, 3), [1, -2, 8, -45, 64, -128, 512], 3.8.ac_i_abt, -5 
(3, -5, 15), [1, -2, 8, -35, 64, -128, 512], 3.8.ac_i_abj, -1 
(-5, 3, 15), [1, -2, 8, -27, 64, -128, 512], 3.8.ac_i_abb, 31 
(-1, -1, -1), [1, -2, 8, -15, 64, -128, 512], 3.8.ac_i_ap, -1 
(1, -3, 5), [1, -2, 10, -43, 80, -128, 512], 3.8.ac_k_abr, -3 
(-5, 3, 17), [1, -2, 10, -37, 80, -128, 512], 3.8.ac_k_abl, 33 
(3, -5, 17), [1, -2, 10, -29, 80, -128, 512], 3.8.ac_k_abd, 1 
(-1, -1, 1), [1, -2, 10, -17, 80, -128, 512], 3.8.ac_k_ar, 1 
(1, -3, 7), [1, -2, 12, -41, 96, -128, 512], 3.8.ac_m_abp, -1 
(3, -5, 19), [1, -2, 12, -23, 96, -128, 512], 3.8.ac_m_ax, 3 
(-1, -1, 3), [1, -2, 12, -19, 96, -128, 512], 3.8.ac_m_at, 3 
(-3, 1, 7), [1, -2, 12, -5, 96, -128, 512], 3.8.ac_m_af, 15 
(-1, -1, 5), [1, -2, 14, -21, 112, -128, 512], 3.8.ac_o_av, 5 
(3, -5, 21), [1, -2, 14, -17, 112, -128, 512], 3.8.ac_o_ar, 5 
(-3, 1, 9), [1, -2, 14, -11, 112, -128, 512], 3.8.ac_o_al, 17 
(-1, -1, 7), [1, -2, 16, -23, 128, -128, 512], 3.8.ac_q_ax, 7 
(-3, 1, 11), [1, -2, 16, -17, 128, -128, 512], 3.8.ac_q_ar, 19 
(-1, -1, 9), [1, -2, 18, -25, 144, -128, 512], 3.8.ac_s_az, 9 
(-3, 1, 13), [1, -2, 18, -23, 144, -128, 512], 3.8.ac_s_ax, 21 
(1, -3, 15), [1, -2, 20, -33, 160, -128, 512], 3.8.ac_u_abh, 7 
(-1, -1, 11), [1, -2, 20, -27, 160, -128, 512], 3.8.ac_u_abb, 11 
(1, -3, 17), [1, -2, 22, -31, 176, -128, 512], 3.8.ac_w_abf, 9 
(-1, -1, 13), [1, -2, 22, -29, 176, -128, 512], 3.8.ac_w_abd, 13 
(-1, 0, -15), [1, -1, -7, 15, -56, -64, 512], 3.8.ab_ah_p, -14 
(-1, 0, -13), [1, -1, -5, 13, -40, -64, 512], 3.8.ab_af_n, -12 
(-5, 4, 7), [1, -1, -5, 29, -40, -64, 512], 3.8.ab_af_bd, 16 
(5, -6, 19), [1, -1, -3, -1, -24, -64, 512], 3.8.ab_ad_ab, 8 
(-1, 0, -11), [1, -1, -3, 11, -24, -64, 512], 3.8.ab_ad_l, -10 
(-5, 4, 9), [1, -1, -3, 19, -24, -64, 512], 3.8.ab_ad_t, 18 
(-3, 2, -3), [1, -1, -1, 41, -8, -64, 512], 3.8.ab_ab_bp, 2 
(-5, 4, 13), [1, -1, 1, -1, 8, -64, 512], 3.8.ab_b_ab, 22 
(-1, 0, -7), [1, -1, 1, 7, 8, -64, 512], 3.8.ab_b_h, -6 
(5, -6, 23), [1, -1, 1, 19, 8, -64, 512], 3.8.ab_b_t, 12 
(-3, 2, -1), [1, -1, 1, 35, 8, -64, 512], 3.8.ab_b_bj, 4 
(3, -4, 7), [1, -1, 3, -43, 24, -64, 512], 3.8.ab_d_abr, 0 
(1, -2, -3), [1, -1, 3, -35, 24, -64, 512], 3.8.ab_d_abj, -6 
(-5, 4, 15), [1, -1, 3, -11, 24, -64, 512], 3.8.ab_d_al, 24 
(-1, 0, -5), [1, -1, 3, 5, 24, -64, 512], 3.8.ab_d_f, -4 
(3, -4, 9), [1, -1, 5, -37, 40, -64, 512], 3.8.ab_f_abl, 2 
(1, -2, -1), [1, -1, 5, -33, 40, -64, 512], 3.8.ab_f_abh, -4 
(-5, 4, 17), [1, -1, 5, -21, 40, -64, 512], 3.8.ab_f_av, 26 
(-1, 0, -3), [1, -1, 5, 3, 40, -64, 512], 3.8.ab_f_d, -2 
(-3, 2, 3), [1, -1, 5, 23, 40, -64, 512], 3.8.ab_f_x, 8 
(-1, 0, -1), [1, -1, 7, 1, 56, -64, 512], 3.8.ab_h_b, 0 
(-3, 2, 5), [1, -1, 7, 17, 56, -64, 512], 3.8.ab_h_r, 10 
(1, -2, 3), [1, -1, 9, -29, 72, -64, 512], 3.8.ab_j_abd, 0 
(3, -4, 13), [1, -1, 9, -25, 72, -64, 512], 3.8.ab_j_az, 6 
(-1, 0, 1), [1, -1, 9, -1, 72, -64, 512], 3.8.ab_j_ab, 2 
(-3, 2, 7), [1, -1, 9, 11, 72, -64, 512], 3.8.ab_j_l, 12 
(1, -2, 5), [1, -1, 11, -27, 88, -64, 512], 3.8.ab_l_abb, 2 
(3, -4, 15), [1, -1, 11, -19, 88, -64, 512], 3.8.ab_l_at, 8 
(-1, 0, 3), [1, -1, 11, -3, 88, -64, 512], 3.8.ab_l_ad, 4 
(-3, 2, 9), [1, -1, 11, 5, 88, -64, 512], 3.8.ab_l_f, 14 
(1, -2, 7), [1, -1, 13, -25, 104, -64, 512], 3.8.ab_n_az, 4 
(3, -4, 17), [1, -1, 13, -13, 104, -64, 512], 3.8.ab_n_an, 10 
(-1, 0, 5), [1, -1, 13, -5, 104, -64, 512], 3.8.ab_n_af, 6 
(-3, 2, 11), [1, -1, 13, -1, 104, -64, 512], 3.8.ab_n_ab, 16 
(1, -2, 9), [1, -1, 15, -23, 120, -64, 512], 3.8.ab_p_ax, 6 
(1, -2, 11), [1, -1, 17, -21, 136, -64, 512], 3.8.ab_r_av, 8 
(-3, 2, 15), [1, -1, 17, -13, 136, -64, 512], 3.8.ab_r_an, 20 
(-1, 0, 9), [1, -1, 17, -9, 136, -64, 512], 3.8.ab_r_aj, 10 
(-1, 0, 11), [1, -1, 19, -11, 152, -64, 512], 3.8.ab_t_al, 12 
(-1, 0, 13), [1, -1, 21, -13, 168, -64, 512], 3.8.ab_v_an, 14 
(5, -5, 13), [1, 0, -4, -15, -32, 0, 512], 3.8.a_ae_ap, 13 
(-5, 5, 13), [1, 0, -4, 15, -32, 0, 512], 3.8.a_ae_p, 13 
(1, -1, -9), [1, 0, -2, -25, -16, 0, 512], 3.8.a_ac_az, -9 
(5, -5, 15), [1, 0, -2, -5, -16, 0, 512], 3.8.a_ac_af, 15 
(-5, 5, 15), [1, 0, -2, 5, -16, 0, 512], 3.8.a_ac_f, 15 
(-1, 1, -9), [1, 0, -2, 25, -16, 0, 512], 3.8.a_ac_z, -9 
(1, -1, -7), [1, 0, 0, -23, 0, 0, 512], 3.8.a_a_ax, -7 
(-5, 5, 17), [1, 0, 0, -5, 0, 0, 512], 3.8.a_a_af, 17 
(5, -5, 17), [1, 0, 0, 5, 0, 0, 512], 3.8.a_a_f, 17 
(-1, 1, -7), [1, 0, 0, 23, 0, 0, 512], 3.8.a_a_x, -7 
(3, -3, 3), [1, 0, 2, -39, 16, 0, 512], 3.8.a_c_abn, 3 
(1, -1, -5), [1, 0, 2, -21, 16, 0, 512], 3.8.a_c_av, -5 
(-5, 5, 19), [1, 0, 2, -15, 16, 0, 512], 3.8.a_c_ap, 19 
(5, -5, 19), [1, 0, 2, 15, 16, 0, 512], 3.8.a_c_p, 19 
(-1, 1, -5), [1, 0, 2, 21, 16, 0, 512], 3.8.a_c_v, -5 
(-3, 3, 3), [1, 0, 2, 39, 16, 0, 512], 3.8.a_c_bn, 3 
(3, -3, 5), [1, 0, 4, -33, 32, 0, 512], 3.8.a_e_abh, 5 
(-5, 5, 21), [1, 0, 4, -25, 32, 0, 512], 3.8.a_e_az, 21 
(1, -1, -3), [1, 0, 4, -19, 32, 0, 512], 3.8.a_e_at, -3 
(-1, 1, -3), [1, 0, 4, 19, 32, 0, 512], 3.8.a_e_t, -3 
(5, -5, 21), [1, 0, 4, 25, 32, 0, 512], 3.8.a_e_z, 21 
(-3, 3, 5), [1, 0, 4, 33, 32, 0, 512], 3.8.a_e_bh, 5 
(3, -3, 7), [1, 0, 6, -27, 48, 0, 512], 3.8.a_g_abb, 7 
(1, -1, -1), [1, 0, 6, -17, 48, 0, 512], 3.8.a_g_ar, -1 
(-1, 1, -1), [1, 0, 6, 17, 48, 0, 512], 3.8.a_g_r, -1 
(-3, 3, 7), [1, 0, 6, 27, 48, 0, 512], 3.8.a_g_bb, 7 
(3, -3, 9), [1, 0, 8, -21, 64, 0, 512], 3.8.a_i_av, 9 
(1, -1, 1), [1, 0, 8, -15, 64, 0, 512], 3.8.a_i_ap, 1 
(-1, 1, 1), [1, 0, 8, 15, 64, 0, 512], 3.8.a_i_p, 1 
(-3, 3, 9), [1, 0, 8, 21, 64, 0, 512], 3.8.a_i_v, 9 
(3, -3, 11), [1, 0, 10, -15, 80, 0, 512], 3.8.a_k_ap, 11 
(1, -1, 3), [1, 0, 10, -13, 80, 0, 512], 3.8.a_k_an, 3 
(-1, 1, 3), [1, 0, 10, 13, 80, 0, 512], 3.8.a_k_n, 3 
(-3, 3, 11), [1, 0, 10, 15, 80, 0, 512], 3.8.a_k_p, 11 
(1, -1, 5), [1, 0, 12, -11, 96, 0, 512], 3.8.a_m_al, 5 
(3, -3, 13), [1, 0, 12, -9, 96, 0, 512], 3.8.a_m_aj, 13 
(-3, 3, 13), [1, 0, 12, 9, 96, 0, 512], 3.8.a_m_j, 13 
(-1, 1, 5), [1, 0, 12, 11, 96, 0, 512], 3.8.a_m_l, 5 
(1, -1, 7), [1, 0, 14, -9, 112, 0, 512], 3.8.a_o_aj, 7 
(3, -3, 15), [1, 0, 14, -3, 112, 0, 512], 3.8.a_o_ad, 15 
(-3, 3, 15), [1, 0, 14, 3, 112, 0, 512], 3.8.a_o_d, 15 
(-1, 1, 7), [1, 0, 14, 9, 112, 0, 512], 3.8.a_o_j, 7 
(1, -1, 9), [1, 0, 16, -7, 128, 0, 512], 3.8.a_q_ah, 9 
(-3, 3, 17), [1, 0, 16, -3, 128, 0, 512], 3.8.a_q_ad, 17 
(3, -3, 17), [1, 0, 16, 3, 128, 0, 512], 3.8.a_q_d, 17 
(-1, 1, 9), [1, 0, 16, 7, 128, 0, 512], 3.8.a_q_h, 9 
(1, -1, 11), [1, 0, 18, -5, 144, 0, 512], 3.8.a_s_af, 11 
(-1, 1, 11), [1, 0, 18, 5, 144, 0, 512], 3.8.a_s_f, 11 
(1, 0, -15), [1, 1, -7, -15, -56, 64, 512], 3.8.b_ah_ap, -14 
(5, -4, 7), [1, 1, -5, -29, -40, 64, 512], 3.8.b_af_abd, 16 
(1, 0, -13), [1, 1, -5, -13, -40, 64, 512], 3.8.b_af_an, -12 
(5, -4, 9), [1, 1, -3, -19, -24, 64, 512], 3.8.b_ad_at, 18 
(1, 0, -11), [1, 1, -3, -11, -24, 64, 512], 3.8.b_ad_al, -10 
(-5, 6, 19), [1, 1, -3, 1, -24, 64, 512], 3.8.b_ad_b, 8 
(3, -2, -3), [1, 1, -1, -41, -8, 64, 512], 3.8.b_ab_abp, 2 
(3, -2, -1), [1, 1, 1, -35, 8, 64, 512], 3.8.b_b_abj, 4 
(-5, 6, 23), [1, 1, 1, -19, 8, 64, 512], 3.8.b_b_at, 12 
(1, 0, -7), [1, 1, 1, -7, 8, 64, 512], 3.8.b_b_ah, -6 
(5, -4, 13), [1, 1, 1, 1, 8, 64, 512], 3.8.b_b_b, 22 
(1, 0, -5), [1, 1, 3, -5, 24, 64, 512], 3.8.b_d_af, -4 
(5, -4, 15), [1, 1, 3, 11, 24, 64, 512], 3.8.b_d_l, 24 
(-1, 2, -3), [1, 1, 3, 35, 24, 64, 512], 3.8.b_d_bj, -6 
(-3, 4, 7), [1, 1, 3, 43, 24, 64, 512], 3.8.b_d_br, 0 
(3, -2, 3), [1, 1, 5, -23, 40, 64, 512], 3.8.b_f_ax, 8 
(1, 0, -3), [1, 1, 5, -3, 40, 64, 512], 3.8.b_f_ad, -2 
(5, -4, 17), [1, 1, 5, 21, 40, 64, 512], 3.8.b_f_v, 26 
(-1, 2, -1), [1, 1, 5, 33, 40, 64, 512], 3.8.b_f_bh, -4 
(-3, 4, 9), [1, 1, 5, 37, 40, 64, 512], 3.8.b_f_bl, 2 
(3, -2, 5), [1, 1, 7, -17, 56, 64, 512], 3.8.b_h_ar, 10 
(1, 0, -1), [1, 1, 7, -1, 56, 64, 512], 3.8.b_h_ab, 0 
(3, -2, 7), [1, 1, 9, -11, 72, 64, 512], 3.8.b_j_al, 12 
(1, 0, 1), [1, 1, 9, 1, 72, 64, 512], 3.8.b_j_b, 2 
(-3, 4, 13), [1, 1, 9, 25, 72, 64, 512], 3.8.b_j_z, 6 
(-1, 2, 3), [1, 1, 9, 29, 72, 64, 512], 3.8.b_j_bd, 0 
(3, -2, 9), [1, 1, 11, -5, 88, 64, 512], 3.8.b_l_af, 14 
(1, 0, 3), [1, 1, 11, 3, 88, 64, 512], 3.8.b_l_d, 4 
(-3, 4, 15), [1, 1, 11, 19, 88, 64, 512], 3.8.b_l_t, 8 
(-1, 2, 5), [1, 1, 11, 27, 88, 64, 512], 3.8.b_l_bb, 2 
(3, -2, 11), [1, 1, 13, 1, 104, 64, 512], 3.8.b_n_b, 16 
(1, 0, 5), [1, 1, 13, 5, 104, 64, 512], 3.8.b_n_f, 6 
(-3, 4, 17), [1, 1, 13, 13, 104, 64, 512], 3.8.b_n_n, 10 
(-1, 2, 7), [1, 1, 13, 25, 104, 64, 512], 3.8.b_n_z, 4 
(-1, 2, 9), [1, 1, 15, 23, 120, 64, 512], 3.8.b_p_x, 6 
(1, 0, 9), [1, 1, 17, 9, 136, 64, 512], 3.8.b_r_j, 10 
(3, -2, 15), [1, 1, 17, 13, 136, 64, 512], 3.8.b_r_n, 20 
(-1, 2, 11), [1, 1, 17, 21, 136, 64, 512], 3.8.b_r_v, 8 
(1, 0, 11), [1, 1, 19, 11, 152, 64, 512], 3.8.b_t_l, 12 
(1, 0, 13), [1, 1, 21, 13, 168, 64, 512], 3.8.b_v_n, 14 
(5, -3, 1), [1, 2, -6, -43, -48, 128, 512], 3.8.c_ag_abr, 17 
(5, -3, 3), [1, 2, -4, -33, -32, 128, 512], 3.8.c_ae_abh, 19 
(3, -1, -7), [1, 2, -2, -37, -16, 128, 512], 3.8.c_ac_abl, 1 
(5, -3, 5), [1, 2, -2, -23, -16, 128, 512], 3.8.c_ac_ax, 21 
(-5, 7, 25), [1, 2, -2, -13, -16, 128, 512], 3.8.c_ac_an, 1 
(3, -1, -5), [1, 2, 0, -31, 0, 128, 512], 3.8.c_a_abf, 3 
(-5, 7, 27), [1, 2, 0, -23, 0, 128, 512], 3.8.c_a_ax, 3 
(5, -3, 7), [1, 2, 0, -13, 0, 128, 512], 3.8.c_a_an, 23 
(1, 1, -9), [1, 2, 0, 7, 0, 128, 512], 3.8.c_a_h, -9 
(3, -1, -3), [1, 2, 2, -25, 16, 128, 512], 3.8.c_c_az, 5 
(5, -3, 9), [1, 2, 2, -3, 16, 128, 512], 3.8.c_c_ad, 25 
(1, 1, -7), [1, 2, 2, 9, 16, 128, 512], 3.8.c_c_j, -7 
(3, -1, -1), [1, 2, 4, -19, 32, 128, 512], 3.8.c_e_at, 7 
(5, -3, 11), [1, 2, 4, 7, 32, 128, 512], 3.8.c_e_h, 27 
(1, 1, -5), [1, 2, 4, 11, 32, 128, 512], 3.8.c_e_l, -5 
(3, -1, 1), [1, 2, 6, -13, 48, 128, 512], 3.8.c_g_an, 9 
(1, 1, -3), [1, 2, 6, 13, 48, 128, 512], 3.8.c_g_n, -3 
(5, -3, 13), [1, 2, 6, 17, 48, 128, 512], 3.8.c_g_r, 29 
(-3, 5, 13), [1, 2, 6, 41, 48, 128, 512], 3.8.c_g_bp, -3 
(1, 1, -1), [1, 2, 8, 15, 64, 128, 512], 3.8.c_i_p, -1 
(5, -3, 15), [1, 2, 8, 27, 64, 128, 512], 3.8.c_i_bb, 31 
(-3, 5, 15), [1, 2, 8, 35, 64, 128, 512], 3.8.c_i_bj, -1 
(-1, 3, 3), [1, 2, 8, 45, 64, 128, 512], 3.8.c_i_bt, -5 
(1, 1, 1), [1, 2, 10, 17, 80, 128, 512], 3.8.c_k_r, 1 
(-3, 5, 17), [1, 2, 10, 29, 80, 128, 512], 3.8.c_k_bd, 1 
(5, -3, 17), [1, 2, 10, 37, 80, 128, 512], 3.8.c_k_bl, 33 
(-1, 3, 5), [1, 2, 10, 43, 80, 128, 512], 3.8.c_k_br, -3 
(3, -1, 7), [1, 2, 12, 5, 96, 128, 512], 3.8.c_m_f, 15 
(1, 1, 3), [1, 2, 12, 19, 96, 128, 512], 3.8.c_m_t, 3 
(-3, 5, 19), [1, 2, 12, 23, 96, 128, 512], 3.8.c_m_x, 3 
(-1, 3, 7), [1, 2, 12, 41, 96, 128, 512], 3.8.c_m_bp, -1 
(3, -1, 9), [1, 2, 14, 11, 112, 128, 512], 3.8.c_o_l, 17 
(-3, 5, 21), [1, 2, 14, 17, 112, 128, 512], 3.8.c_o_r, 5 
(1, 1, 5), [1, 2, 14, 21, 112, 128, 512], 3.8.c_o_v, 5 
(3, -1, 11), [1, 2, 16, 17, 128, 128, 512], 3.8.c_q_r, 19 
(1, 1, 7), [1, 2, 16, 23, 128, 128, 512], 3.8.c_q_x, 7 
(3, -1, 13), [1, 2, 18, 23, 144, 128, 512], 3.8.c_s_x, 21 
(1, 1, 9), [1, 2, 18, 25, 144, 128, 512], 3.8.c_s_z, 9 
(1, 1, 11), [1, 2, 20, 27, 160, 128, 512], 3.8.c_u_bb, 11 
(-1, 3, 15), [1, 2, 20, 33, 160, 128, 512], 3.8.c_u_bh, 7 
(1, 1, 13), [1, 2, 22, 29, 176, 128, 512], 3.8.c_w_bd, 13 
(-1, 3, 17), [1, 2, 22, 31, 176, 128, 512], 3.8.c_w_bf, 9 
(5, -2, -3), [1, 3, -5, -47, -40, 192, 512], 3.8.d_af_abv, 18 
(3, 0, -13), [1, 3, -5, -39, -40, 192, 512], 3.8.d_af_abn, -4 
(5, -2, -1), [1, 3, -3, -37, -24, 192, 512], 3.8.d_ad_abl, 20 
(3, 0, -11), [1, 3, -3, -33, -24, 192, 512], 3.8.d_ad_abh, -2 
(5, -2, 3), [1, 3, 1, -17, 8, 192, 512], 3.8.d_b_ar, 24 
(3, 0, -5), [1, 3, 3, -15, 24, 192, 512], 3.8.d_d_ap, 4 
(5, -2, 5), [1, 3, 3, -7, 24, 192, 512], 3.8.d_d_ah, 26 
(3, 0, -3), [1, 3, 5, -9, 40, 192, 512], 3.8.d_f_aj, 6 
(5, -2, 7), [1, 3, 5, 3, 40, 192, 512], 3.8.d_f_d, 28 
(3, 0, -1), [1, 3, 7, -3, 56, 192, 512], 3.8.d_h_ad, 8 
(5, -2, 9), [1, 3, 7, 13, 56, 192, 512], 3.8.d_h_n, 30 
(1, 2, -3), [1, 3, 7, 29, 56, 192, 512], 3.8.d_h_bd, -6 
(3, 0, 1), [1, 3, 9, 3, 72, 192, 512], 3.8.d_j_d, 10 
(5, -2, 11), [1, 3, 9, 23, 72, 192, 512], 3.8.d_j_x, 32 
(1, 2, -1), [1, 3, 9, 31, 72, 192, 512], 3.8.d_j_bf, -4 
(-3, 6, 19), [1, 3, 9, 39, 72, 192, 512], 3.8.d_j_bn, -8 
(3, 0, 3), [1, 3, 11, 9, 88, 192, 512], 3.8.d_l_j, 12 
(-1, 4, 7), [1, 3, 11, 57, 88, 192, 512], 3.8.d_l_cf, -8 
(3, 0, 5), [1, 3, 13, 15, 104, 192, 512], 3.8.d_n_p, 14 
(-3, 6, 23), [1, 3, 13, 27, 104, 192, 512], 3.8.d_n_bb, -4 
(1, 2, 3), [1, 3, 13, 35, 104, 192, 512], 3.8.d_n_bj, 0 
(5, -2, 15), [1, 3, 13, 43, 104, 192, 512], 3.8.d_n_br, 36 
(1, 2, 5), [1, 3, 15, 37, 120, 192, 512], 3.8.d_p_bl, 2 
(3, 0, 9), [1, 3, 17, 27, 136, 192, 512], 3.8.d_r_bb, 18 
(1, 2, 7), [1, 3, 17, 39, 136, 192, 512], 3.8.d_r_bn, 4 
(-1, 4, 13), [1, 3, 17, 51, 136, 192, 512], 3.8.d_r_bz, -2 
(3, 0, 11), [1, 3, 19, 33, 152, 192, 512], 3.8.d_t_bh, 20 
(1, 2, 9), [1, 3, 19, 41, 152, 192, 512], 3.8.d_t_bp, 6 
(-1, 4, 15), [1, 3, 19, 49, 152, 192, 512], 3.8.d_t_bx, 0 
(3, 0, 13), [1, 3, 21, 39, 168, 192, 512], 3.8.d_v_bn, 22 
(1, 2, 11), [1, 3, 21, 43, 168, 192, 512], 3.8.d_v_br, 8 
(-1, 4, 17), [1, 3, 21, 47, 168, 192, 512], 3.8.d_v_bv, 2 
(5, -1, -5), [1, 4, -2, -41, -16, 256, 512], 3.8.e_ac_abp, 19 
(-5, 9, 35), [1, 4, -2, -31, -16, 256, 512], 3.8.e_ac_abf, -21 
(5, -1, -1), [1, 4, 2, -21, 16, 256, 512], 3.8.e_c_av, 23 
(3, 1, -9), [1, 4, 2, -11, 16, 256, 512], 3.8.e_c_al, -1 
(5, -1, 1), [1, 4, 4, -11, 32, 256, 512], 3.8.e_e_al, 25 
(3, 1, -7), [1, 4, 4, -5, 32, 256, 512], 3.8.e_e_af, 1 
(5, -1, 3), [1, 4, 6, -1, 48, 256, 512], 3.8.e_g_ab, 27 
(3, 1, -5), [1, 4, 6, 1, 48, 256, 512], 3.8.e_g_b, 3 
(3, 1, -3), [1, 4, 8, 7, 64, 256, 512], 3.8.e_i_h, 5 
(5, -1, 5), [1, 4, 8, 9, 64, 256, 512], 3.8.e_i_j, 29 
(3, 1, -1), [1, 4, 10, 13, 80, 256, 512], 3.8.e_k_n, 7 
(5, -1, 7), [1, 4, 10, 19, 80, 256, 512], 3.8.e_k_t, 31 
(3, 1, 1), [1, 4, 12, 19, 96, 256, 512], 3.8.e_m_t, 9 
(5, -1, 9), [1, 4, 12, 29, 96, 256, 512], 3.8.e_m_bd, 33 
(-3, 7, 25), [1, 4, 12, 37, 96, 256, 512], 3.8.e_m_bl, -15 
(3, 1, 3), [1, 4, 14, 25, 112, 256, 512], 3.8.e_o_z, 11 
(-3, 7, 27), [1, 4, 14, 31, 112, 256, 512], 3.8.e_o_bf, -13 
(5, -1, 11), [1, 4, 14, 39, 112, 256, 512], 3.8.e_o_bn, 35 
(1, 3, 3), [1, 4, 14, 51, 112, 256, 512], 3.8.e_o_bz, -5 
(3, 1, 5), [1, 4, 16, 31, 128, 256, 512], 3.8.e_q_bf, 13 
(5, -1, 13), [1, 4, 16, 49, 128, 256, 512], 3.8.e_q_bx, 37 
(1, 3, 5), [1, 4, 16, 53, 128, 256, 512], 3.8.e_q_cb, -3 
(-1, 5, 13), [1, 4, 16, 67, 128, 256, 512], 3.8.e_q_cp, -11 
(3, 1, 7), [1, 4, 18, 37, 144, 256, 512], 3.8.e_s_bl, 15 
(1, 3, 7), [1, 4, 18, 55, 144, 256, 512], 3.8.e_s_cd, -1 
(5, -1, 15), [1, 4, 18, 59, 144, 256, 512], 3.8.e_s_ch, 39 
(-1, 5, 15), [1, 4, 18, 65, 144, 256, 512], 3.8.e_s_cn, -9 
(1, 3, 9), [1, 4, 20, 57, 160, 256, 512], 3.8.e_u_cf, 1 
(-1, 5, 17), [1, 4, 20, 63, 160, 256, 512], 3.8.e_u_cl, -7 
(1, 3, 11), [1, 4, 22, 59, 176, 256, 512], 3.8.e_w_ch, 3 
(-1, 5, 19), [1, 4, 22, 61, 176, 256, 512], 3.8.e_w_cj, -5 
(3, 1, 13), [1, 4, 24, 55, 192, 256, 512], 3.8.e_y_cd, 21 
(-1, 5, 21), [1, 4, 24, 59, 192, 256, 512], 3.8.e_y_ch, -3 
(1, 3, 13), [1, 4, 24, 61, 192, 256, 512], 3.8.e_y_cj, 5 
(3, 1, 15), [1, 4, 26, 61, 208, 256, 512], 3.8.e_ba_cj, 23 
(1, 3, 15), [1, 4, 26, 63, 208, 256, 512], 3.8.e_ba_cl, 7 
(5, 0, -11), [1, 5, -3, -55, -24, 320, 512], 3.8.f_ad_acd, 14 
(5, 0, -5), [1, 5, 3, -25, 24, 320, 512], 3.8.f_d_az, 20 
(5, 0, -3), [1, 5, 5, -15, 40, 320, 512], 3.8.f_f_ap, 22 
(5, 0, -1), [1, 5, 7, -5, 56, 320, 512], 3.8.f_h_af, 24 
(5, 0, 1), [1, 5, 9, 5, 72, 320, 512], 3.8.f_j_f, 26 
(5, 0, 3), [1, 5, 11, 15, 88, 320, 512], 3.8.f_l_p, 28 
(3, 2, -3), [1, 5, 11, 23, 88, 320, 512], 3.8.f_l_x, 2 
(5, 0, 5), [1, 5, 13, 25, 104, 320, 512], 3.8.f_n_z, 30 
(3, 2, -1), [1, 5, 13, 29, 104, 320, 512], 3.8.f_n_bd, 4 
(3, 2, 3), [1, 5, 17, 41, 136, 320, 512], 3.8.f_r_bp, 8 
(5, 0, 9), [1, 5, 17, 45, 136, 320, 512], 3.8.f_r_bt, 34 
(3, 2, 5), [1, 5, 19, 47, 152, 320, 512], 3.8.f_t_bv, 10 
(5, 0, 11), [1, 5, 19, 55, 152, 320, 512], 3.8.f_t_cd, 36 
(1, 4, 7), [1, 5, 19, 71, 152, 320, 512], 3.8.f_t_ct, -8 
(3, 2, 7), [1, 5, 21, 53, 168, 320, 512], 3.8.f_v_cb, 12 
(5, 0, 13), [1, 5, 21, 65, 168, 320, 512], 3.8.f_v_cn, 38 
(1, 4, 9), [1, 5, 21, 73, 168, 320, 512], 3.8.f_v_cv, -6 
(-1, 6, 19), [1, 5, 21, 77, 168, 320, 512], 3.8.f_v_cz, -16 
(3, 2, 9), [1, 5, 23, 59, 184, 320, 512], 3.8.f_x_ch, 14 
(3, 2, 11), [1, 5, 25, 65, 200, 320, 512], 3.8.f_z_cn, 16 
(-1, 6, 23), [1, 5, 25, 73, 200, 320, 512], 3.8.f_z_cv, -12 
(1, 4, 13), [1, 5, 25, 77, 200, 320, 512], 3.8.f_z_cz, -2 
(1, 4, 15), [1, 5, 27, 79, 216, 320, 512], 3.8.f_bb_db, 0 
(3, 2, 15), [1, 5, 29, 77, 232, 320, 512], 3.8.f_bd_cz, 20 
(1, 4, 17), [1, 5, 29, 81, 232, 320, 512], 3.8.f_bd_dd, 2 
(5, 1, -9), [1, 6, 4, -29, 32, 384, 512], 3.8.g_e_abd, 15 
(5, 1, -1), [1, 6, 12, 11, 96, 384, 512], 3.8.g_m_l, 23 
(5, 1, 1), [1, 6, 14, 21, 112, 384, 512], 3.8.g_o_v, 25 
(5, 1, 3), [1, 6, 16, 31, 128, 384, 512], 3.8.g_q_bf, 27 
(-3, 9, 35), [1, 6, 16, 39, 128, 384, 512], 3.8.g_q_bn, -37 
(5, 1, 5), [1, 6, 18, 41, 144, 384, 512], 3.8.g_s_bp, 29 
(5, 1, 7), [1, 6, 20, 51, 160, 384, 512], 3.8.g_u_bz, 31 
(3, 3, 3), [1, 6, 20, 57, 160, 384, 512], 3.8.g_u_cf, 3 
(5, 1, 9), [1, 6, 22, 61, 176, 384, 512], 3.8.g_w_cj, 33 
(3, 3, 5), [1, 6, 22, 63, 176, 384, 512], 3.8.g_w_cl, 5 
(3, 3, 7), [1, 6, 24, 69, 192, 384, 512], 3.8.g_y_cr, 7 
(5, 1, 11), [1, 6, 24, 71, 192, 384, 512], 3.8.g_y_ct, 35 
(3, 3, 9), [1, 6, 26, 75, 208, 384, 512], 3.8.g_ba_cx, 9 
(5, 1, 13), [1, 6, 26, 81, 208, 384, 512], 3.8.g_ba_dd, 37 
(-1, 7, 25), [1, 6, 26, 87, 208, 384, 512], 3.8.g_ba_dj, -23 
(1, 5, 13), [1, 6, 26, 93, 208, 384, 512], 3.8.g_ba_dp, -11 
(3, 3, 11), [1, 6, 28, 81, 224, 384, 512], 3.8.g_bc_dd, 11 
(-1, 7, 27), [1, 6, 28, 85, 224, 384, 512], 3.8.g_bc_dh, -21 
(1, 5, 15), [1, 6, 28, 95, 224, 384, 512], 3.8.g_bc_dr, -9 
(3, 3, 13), [1, 6, 30, 87, 240, 384, 512], 3.8.g_be_dj, 13 
(5, 2, -3), [1, 7, 15, 17, 120, 448, 512], 3.8.h_p_r, 18 
(5, 2, 5), [1, 7, 23, 57, 184, 448, 512], 3.8.h_x_cf, 26 
(5, 2, 7), [1, 7, 25, 67, 200, 448, 512], 3.8.h_z_cp, 28 
(5, 2, 9), [1, 7, 27, 77, 216, 448, 512], 3.8.h_bb_cz, 30 
(3, 4, 7), [1, 7, 27, 85, 216, 448, 512], 3.8.h_bb_dh, 0 
(5, 2, 11), [1, 7, 29, 87, 232, 448, 512], 3.8.h_bd_dj, 32 
(3, 4, 9), [1, 7, 29, 91, 232, 448, 512], 3.8.h_bd_dn, 2 
(3, 4, 13), [1, 7, 33, 103, 264, 448, 512], 3.8.h_bh_dz, 6 
(5, 2, 15), [1, 7, 33, 107, 264, 448, 512], 3.8.h_bh_ed, 36 
(1, 6, 19), [1, 7, 33, 115, 264, 448, 512], 3.8.h_bh_el, -16 
(3, 4, 15), [1, 7, 35, 109, 280, 448, 512], 3.8.h_bj_ef, 8 
(1, 6, 23), [1, 7, 37, 119, 296, 448, 512], 3.8.h_bl_ep, -12 
(5, 3, 9), [1, 8, 32, 93, 256, 512, 512], 3.8.i_bg_dp, 25 
(5, 3, 11), [1, 8, 34, 103, 272, 512, 512], 3.8.i_bi_dz, 27 
(3, 5, 13), [1, 8, 36, 119, 288, 512, 512], 3.8.i_bk_ep, -3 
(5, 3, 15), [1, 8, 38, 123, 304, 512, 512], 3.8.i_bm_et, 31 
(3, 5, 15), [1, 8, 38, 125, 304, 512, 512], 3.8.i_bm_ev, -1 
(5, 3, 17), [1, 8, 40, 133, 320, 512, 512], 3.8.i_bo_fd, 33 
(1, 7, 25), [1, 8, 40, 137, 320, 512, 512], 3.8.i_bo_fh, -23 
(1, 7, 27), [1, 8, 42, 139, 336, 512, 512], 3.8.i_bq_fj, -21 
(5, 4, 9), [1, 9, 37, 109, 296, 576, 512], 3.8.j_bl_ef, 18 
(5, 4, 13), [1, 9, 41, 129, 328, 576, 512], 3.8.j_bp_ez, 22 
(5, 4, 15), [1, 9, 43, 139, 344, 576, 512], 3.8.j_br_fj, 24 
(5, 4, 17), [1, 9, 45, 149, 360, 576, 512], 3.8.j_bt_ft, 26 
(3, 6, 19), [1, 9, 45, 153, 360, 576, 512], 3.8.j_bt_fx, -8 
(3, 6, 23), [1, 9, 49, 165, 392, 576, 512], 3.8.j_bx_gj, -4 
