(-4, -2, -1), [1, -6, 12, -16, 60, -150, 125], 3.5.ag_m_aq, 11 
(-4, -2, 4), [1, -6, 17, -36, 85, -150, 125], 3.5.ag_r_abk, 16 
(-3, -3, 4), [1, -6, 18, -42, 90, -150, 125], 3.5.ag_s_abq, 4 
(-4, -2, 6), [1, -6, 19, -44, 95, -150, 125], 3.5.ag_t_abs, 18 
(-2, -4, 8), [1, -6, 21, -56, 105, -150, 125], 3.5.ag_v_ace, -4 
(-4, -2, 8), [1, -6, 21, -52, 105, -150, 125], 3.5.ag_v_aca, 20 
(-2, -4, 9), [1, -6, 22, -58, 110, -150, 125], 3.5.ag_w_acg, -3 
(-3, -3, 8), [1, -6, 22, -54, 110, -150, 125], 3.5.ag_w_acc, 8 
(-2, -4, 11), [1, -6, 24, -62, 120, -150, 125], 3.5.ag_y_ack, -1 
(-2, -4, 12), [1, -6, 25, -64, 125, -150, 125], 3.5.ag_z_acm, 0 
(-4, -1, 3), [1, -5, 12, -22, 60, -125, 125], 3.5.af_m_aw, 18 
(-2, -3, 4), [1, -5, 15, -38, 75, -125, 125], 3.5.af_p_abm, -1 
(-4, -1, 6), [1, -5, 15, -34, 75, -125, 125], 3.5.af_p_abi, 21 
(-4, -1, 7), [1, -5, 16, -38, 80, -125, 125], 3.5.af_q_abm, 22 
(-2, -3, 7), [1, -5, 18, -44, 90, -125, 125], 3.5.af_s_abs, 2 
(-2, -3, 8), [1, -5, 19, -46, 95, -125, 125], 3.5.af_t_abu, 3 
(-4, 0, -2), [1, -4, 3, 8, 15, -100, 125], 3.5.ae_d_i, 14 
(-3, -1, -4), [1, -4, 4, 2, 20, -100, 125], 3.5.ae_e_c, 4 
(-4, 0, -1), [1, -4, 4, 4, 20, -100, 125], 3.5.ae_e_e, 15 
(-4, 0, 2), [1, -4, 7, -8, 35, -100, 125], 3.5.ae_h_ai, 18 
(-3, -1, -1), [1, -4, 7, -7, 35, -100, 125], 3.5.ae_h_ah, 7 
(-2, -2, -1), [1, -4, 8, -18, 40, -100, 125], 3.5.ae_i_as, -1 
(-4, 0, 3), [1, -4, 8, -12, 40, -100, 125], 3.5.ae_i_am, 19 
(-4, 0, 4), [1, -4, 9, -16, 45, -100, 125], 3.5.ae_j_aq, 20 
(2, -6, 17), [1, -4, 10, -26, 50, -100, 125], 3.5.ae_k_aba, -15 
(-2, -2, 1), [1, -4, 10, -22, 50, -100, 125], 3.5.ae_k_aw, 1 
(-3, -1, 2), [1, -4, 10, -16, 50, -100, 125], 3.5.ae_k_aq, 10 
(-1, -3, 4), [1, -4, 12, -34, 60, -100, 125], 3.5.ae_m_abi, -4 
(-4, 0, 7), [1, -4, 12, -28, 60, -100, 125], 3.5.ae_m_abc, 23 
(-2, -2, 3), [1, -4, 12, -26, 60, -100, 125], 3.5.ae_m_aba, 3 
(1, -5, 13), [1, -4, 13, -37, 65, -100, 125], 3.5.ae_n_abl, -11 
(-4, 0, 8), [1, -4, 13, -32, 65, -100, 125], 3.5.ae_n_abg, 24 
(-2, -2, 4), [1, -4, 13, -28, 65, -100, 125], 3.5.ae_n_abc, 4 
(-3, -1, 6), [1, -4, 14, -28, 70, -100, 125], 3.5.ae_o_abc, 14 
(-1, -3, 7), [1, -4, 15, -37, 75, -100, 125], 3.5.ae_p_abl, -1 
(-2, -2, 6), [1, -4, 15, -32, 75, -100, 125], 3.5.ae_p_abg, 6 
(-1, -3, 8), [1, -4, 16, -38, 80, -100, 125], 3.5.ae_q_abm, 0 
(-3, -1, 9), [1, -4, 17, -37, 85, -100, 125], 3.5.ae_r_abl, 17 
(-2, -2, 8), [1, -4, 17, -36, 85, -100, 125], 3.5.ae_r_abk, 8 
(-4, 1, -3), [1, -3, -2, 22, -10, -75, 125], 3.5.ad_ac_w, 12 
(-3, 0, -4), [1, -3, 1, 12, 5, -75, 125], 3.5.ad_b_m, 5 
(-4, 1, 1), [1, -3, 2, 6, 10, -75, 125], 3.5.ad_c_g, 16 
(-2, -1, -4), [1, -3, 3, -2, 15, -75, 125], 3.5.ad_d_ac, -1 
(-4, 1, 2), [1, -3, 3, 2, 15, -75, 125], 3.5.ad_d_c, 17 
(-2, -1, -3), [1, -3, 4, -4, 20, -75, 125], 3.5.ad_e_ae, 0 
(-4, 1, 3), [1, -3, 4, -2, 20, -75, 125], 3.5.ad_e_ac, 18 
(-2, -1, -1), [1, -3, 6, -8, 30, -75, 125], 3.5.ad_g_ai, 2 
(-4, 1, 6), [1, -3, 7, -14, 35, -75, 125], 3.5.ad_h_ao, 21 
(2, -5, 13), [1, -3, 8, -24, 40, -75, 125], 3.5.ad_i_ay, -8 
(-4, 1, 7), [1, -3, 8, -18, 40, -75, 125], 3.5.ad_i_as, 22 
(-2, -1, 1), [1, -3, 8, -12, 40, -75, 125], 3.5.ad_i_am, 4 
(-2, -1, 2), [1, -3, 9, -14, 45, -75, 125], 3.5.ad_j_ao, 5 
(-4, 1, 9), [1, -3, 10, -26, 50, -75, 125], 3.5.ad_k_aba, 24 
(-2, -1, 3), [1, -3, 10, -16, 50, -75, 125], 3.5.ad_k_aq, 6 
(-1, -2, 4), [1, -3, 11, -24, 55, -75, 125], 3.5.ad_l_ay, 1 
(1, -4, 12), [1, -3, 13, -28, 65, -75, 125], 3.5.ad_n_abc, -3 
(-1, -2, 6), [1, -3, 13, -26, 65, -75, 125], 3.5.ad_n_aba, 3 
(-3, 0, 8), [1, -3, 13, -24, 65, -75, 125], 3.5.ad_n_ay, 17 
(-2, 0, -9), [1, -2, -4, 18, -20, -50, 125], 3.5.ac_ae_s, -5 
(-2, 0, -8), [1, -2, -3, 16, -15, -50, 125], 3.5.ac_ad_q, -4 
(-2, 0, -7), [1, -2, -2, 14, -10, -50, 125], 3.5.ac_ac_o, -3 
(-4, 2, 1), [1, -2, -2, 16, -10, -50, 125], 3.5.ac_ac_q, 13 
(-3, 1, -4), [1, -2, -2, 22, -10, -50, 125], 3.5.ac_ac_w, 4 
(-4, 2, 3), [1, -2, 0, 8, 0, -50, 125], 3.5.ac_a_i, 15 
(-4, 2, 4), [1, -2, 1, 4, 5, -50, 125], 3.5.ac_b_e, 16 
(-2, 0, -4), [1, -2, 1, 8, 5, -50, 125], 3.5.ac_b_i, 0 
(-1, -1, -4), [1, -2, 2, -6, 10, -50, 125], 3.5.ac_c_ag, -4 
(-2, 0, -3), [1, -2, 2, 6, 10, -50, 125], 3.5.ac_c_g, 1 
(3, -5, 13), [1, -2, 3, -11, 15, -50, 125], 3.5.ac_d_al, -3 
(-1, -1, -3), [1, -2, 3, -7, 15, -50, 125], 3.5.ac_d_ah, -3 
(-4, 2, 6), [1, -2, 3, -4, 15, -50, 125], 3.5.ac_d_ae, 18 
(-2, 0, -2), [1, -2, 3, 4, 15, -50, 125], 3.5.ac_d_e, 2 
(-3, 1, 2), [1, -2, 4, 4, 20, -50, 125], 3.5.ac_e_e, 10 
(2, -4, 8), [1, -2, 5, -24, 25, -50, 125], 3.5.ac_f_ay, -4 
(-4, 2, 8), [1, -2, 5, -12, 25, -50, 125], 3.5.ac_f_am, 20 
(-1, -1, -1), [1, -2, 5, -9, 25, -50, 125], 3.5.ac_f_aj, -1 
(-3, 1, 3), [1, -2, 5, 1, 25, -50, 125], 3.5.ac_f_b, 11 
(1, -3, 4), [1, -2, 6, -26, 30, -50, 125], 3.5.ac_g_aba, -4 
(2, -4, 9), [1, -2, 6, -22, 30, -50, 125], 3.5.ac_g_aw, -3 
(-4, 2, 9), [1, -2, 6, -16, 30, -50, 125], 3.5.ac_g_aq, 21 
(-1, -1, 1), [1, -2, 7, -11, 35, -50, 125], 3.5.ac_h_al, 1 
(-2, 0, 2), [1, -2, 7, -4, 35, -50, 125], 3.5.ac_h_ae, 6 
(2, -4, 11), [1, -2, 8, -18, 40, -50, 125], 3.5.ac_i_as, -1 
(-1, -1, 2), [1, -2, 8, -12, 40, -50, 125], 3.5.ac_i_am, 2 
(-3, 1, 6), [1, -2, 8, -8, 40, -50, 125], 3.5.ac_i_ai, 14 
(-2, 0, 3), [1, -2, 8, -6, 40, -50, 125], 3.5.ac_i_ag, 7 
(2, -4, 12), [1, -2, 9, -16, 45, -50, 125], 3.5.ac_j_aq, 0 
(-1, -1, 3), [1, -2, 9, -13, 45, -50, 125], 3.5.ac_j_an, 3 
(-3, 1, 7), [1, -2, 9, -11, 45, -50, 125], 3.5.ac_j_al, 15 
(-2, 0, 4), [1, -2, 9, -8, 45, -50, 125], 3.5.ac_j_ai, 8 
(1, -3, 8), [1, -2, 10, -22, 50, -50, 125], 3.5.ac_k_aw, 0 
(-1, -1, 6), [1, -2, 12, -16, 60, -50, 125], 3.5.ac_m_aq, 6 
(-2, 0, 8), [1, -2, 13, -16, 65, -50, 125], 3.5.ac_n_aq, 12 
(-4, 3, 4), [1, -1, -3, 14, -15, -25, 125], 3.5.ab_ad_o, 11 
(4, -5, 13), [1, -1, -2, 2, -10, -25, 125], 3.5.ab_ac_c, 4 
(-2, 1, -4), [1, -1, -1, 18, -5, -25, 125], 3.5.ab_ab_s, -1 
(-4, 3, 7), [1, -1, 0, 2, 0, -25, 125], 3.5.ab_a_c, 14 
(-2, 1, -3), [1, -1, 0, 16, 0, -25, 125], 3.5.ab_a_q, 0 
(-4, 3, 8), [1, -1, 1, -2, 5, -25, 125], 3.5.ab_b_ac, 15 
(-1, 0, -4), [1, -1, 1, 4, 5, -25, 125], 3.5.ab_b_e, -3 
(-4, 3, 9), [1, -1, 2, -6, 10, -25, 125], 3.5.ab_c_ag, 16 
(-2, 1, -1), [1, -1, 2, 12, 10, -25, 125], 3.5.ab_c_m, 2 
(2, -3, 4), [1, -1, 3, -22, 15, -25, 125], 3.5.ab_d_aw, -1 
(-1, 0, -2), [1, -1, 3, 2, 15, -25, 125], 3.5.ab_d_c, -1 
(-3, 2, 4), [1, -1, 3, 8, 15, -25, 125], 3.5.ab_d_i, 9 
(-4, 3, 11), [1, -1, 4, -14, 20, -25, 125], 3.5.ab_e_ao, 18 
(3, -4, 12), [1, -1, 5, -4, 25, -25, 125], 3.5.ab_f_ae, 5 
(-3, 2, 6), [1, -1, 5, 2, 25, -25, 125], 3.5.ab_f_c, 11 
(2, -3, 7), [1, -1, 6, -16, 30, -25, 125], 3.5.ab_g_aq, 2 
(2, -3, 8), [1, -1, 7, -14, 35, -25, 125], 3.5.ab_h_ao, 3 
(-3, 2, 8), [1, -1, 7, -4, 35, -25, 125], 3.5.ab_h_ae, 13 
(-1, 0, 2), [1, -1, 7, -2, 35, -25, 125], 3.5.ab_h_ac, 3 
(-1, 0, 4), [1, -1, 9, -4, 45, -25, 125], 3.5.ab_j_ae, 5 
(2, -3, 11), [1, -1, 10, -8, 50, -25, 125], 3.5.ab_k_ai, 6 
(4, -4, 8), [1, 0, -3, -8, -15, 0, 125], 3.5.a_ad_ai, 8 
(-4, 4, 8), [1, 0, -3, 8, -15, 0, 125], 3.5.a_ad_i, 8 
(4, -4, 9), [1, 0, -2, -4, -10, 0, 125], 3.5.a_ac_ae, 9 
(-4, 4, 9), [1, 0, -2, 4, -10, 0, 125], 3.5.a_ac_e, 9 
(2, -2, -1), [1, 0, 0, -22, 0, 0, 125], 3.5.a_a_aw, -1 
(3, -3, 4), [1, 0, 0, -18, 0, 0, 125], 3.5.a_a_as, 4 
(1, -1, -4), [1, 0, 0, -14, 0, 0, 125], 3.5.a_a_ao, -4 
(-4, 4, 11), [1, 0, 0, -4, 0, 0, 125], 3.5.a_a_ae, 11 
(4, -4, 11), [1, 0, 0, 4, 0, 0, 125], 3.5.a_a_e, 11 
(-1, 1, -4), [1, 0, 0, 14, 0, 0, 125], 3.5.a_a_o, -4 
(-3, 3, 4), [1, 0, 0, 18, 0, 0, 125], 3.5.a_a_s, 4 
(-2, 2, -1), [1, 0, 0, 22, 0, 0, 125], 3.5.a_a_w, -1 
(-4, 4, 12), [1, 0, 1, -8, 5, 0, 125], 3.5.a_b_ai, 12 
(4, -4, 12), [1, 0, 1, 8, 5, 0, 125], 3.5.a_b_i, 12 
(3, -3, 7), [1, 0, 3, -9, 15, 0, 125], 3.5.a_d_aj, 7 
(-3, 3, 7), [1, 0, 3, 9, 15, 0, 125], 3.5.a_d_j, 7 
(3, -3, 8), [1, 0, 4, -6, 20, 0, 125], 3.5.a_e_ag, 8 
(-3, 3, 8), [1, 0, 4, 6, 20, 0, 125], 3.5.a_e_g, 8 
(2, -2, 4), [1, 0, 5, -12, 25, 0, 125], 3.5.a_f_am, 4 
(-2, 2, 4), [1, 0, 5, 12, 25, 0, 125], 3.5.a_f_m, 4 
(1, -1, 2), [1, 0, 6, -8, 30, 0, 125], 3.5.a_g_ai, 2 
(-1, 1, 2), [1, 0, 6, 8, 30, 0, 125], 3.5.a_g_i, 2 
(2, -2, 6), [1, 0, 7, -8, 35, 0, 125], 3.5.a_h_ai, 6 
(1, -1, 3), [1, 0, 7, -7, 35, 0, 125], 3.5.a_h_ah, 3 
(-3, 3, 11), [1, 0, 7, -3, 35, 0, 125], 3.5.a_h_ad, 11 
(3, -3, 11), [1, 0, 7, 3, 35, 0, 125], 3.5.a_h_d, 11 
(-1, 1, 3), [1, 0, 7, 7, 35, 0, 125], 3.5.a_h_h, 3 
(-2, 2, 6), [1, 0, 7, 8, 35, 0, 125], 3.5.a_h_i, 6 
(2, -2, 8), [1, 0, 9, -4, 45, 0, 125], 3.5.a_j_ae, 8 
(-2, 2, 8), [1, 0, 9, 4, 45, 0, 125], 3.5.a_j_e, 8 
(4, -3, 4), [1, 1, -3, -14, -15, 25, 125], 3.5.b_ad_ao, 11 
(-4, 5, 13), [1, 1, -2, -2, -10, 25, 125], 3.5.b_ac_ac, 4 
(2, -1, -4), [1, 1, -1, -18, -5, 25, 125], 3.5.b_ab_as, -1 
(2, -1, -3), [1, 1, 0, -16, 0, 25, 125], 3.5.b_a_aq, 0 
(4, -3, 7), [1, 1, 0, -2, 0, 25, 125], 3.5.b_a_ac, 14 
(1, 0, -4), [1, 1, 1, -4, 5, 25, 125], 3.5.b_b_ae, -3 
(4, -3, 8), [1, 1, 1, 2, 5, 25, 125], 3.5.b_b_c, 15 
(2, -1, -1), [1, 1, 2, -12, 10, 25, 125], 3.5.b_c_am, 2 
(4, -3, 9), [1, 1, 2, 6, 10, 25, 125], 3.5.b_c_g, 16 
(3, -2, 4), [1, 1, 3, -8, 15, 25, 125], 3.5.b_d_ai, 9 
(1, 0, -2), [1, 1, 3, -2, 15, 25, 125], 3.5.b_d_ac, -1 
(-2, 3, 4), [1, 1, 3, 22, 15, 25, 125], 3.5.b_d_w, -1 
(4, -3, 11), [1, 1, 4, 14, 20, 25, 125], 3.5.b_e_o, 18 
(3, -2, 6), [1, 1, 5, -2, 25, 25, 125], 3.5.b_f_ac, 11 
(-3, 4, 12), [1, 1, 5, 4, 25, 25, 125], 3.5.b_f_e, 5 
(-2, 3, 7), [1, 1, 6, 16, 30, 25, 125], 3.5.b_g_q, 2 
(1, 0, 2), [1, 1, 7, 2, 35, 25, 125], 3.5.b_h_c, 3 
(3, -2, 8), [1, 1, 7, 4, 35, 25, 125], 3.5.b_h_e, 13 
(-2, 3, 8), [1, 1, 7, 14, 35, 25, 125], 3.5.b_h_o, 3 
(1, 0, 4), [1, 1, 9, 4, 45, 25, 125], 3.5.b_j_e, 5 
(-2, 3, 11), [1, 1, 10, 8, 50, 25, 125], 3.5.b_k_i, 6 
(2, 0, -9), [1, 2, -4, -18, -20, 50, 125], 3.5.c_ae_as, -5 
(2, 0, -8), [1, 2, -3, -16, -15, 50, 125], 3.5.c_ad_aq, -4 
(3, -1, -4), [1, 2, -2, -22, -10, 50, 125], 3.5.c_ac_aw, 4 
(4, -2, 1), [1, 2, -2, -16, -10, 50, 125], 3.5.c_ac_aq, 13 
(2, 0, -7), [1, 2, -2, -14, -10, 50, 125], 3.5.c_ac_ao, -3 
(4, -2, 3), [1, 2, 0, -8, 0, 50, 125], 3.5.c_a_ai, 15 
(2, 0, -4), [1, 2, 1, -8, 5, 50, 125], 3.5.c_b_ai, 0 
(4, -2, 4), [1, 2, 1, -4, 5, 50, 125], 3.5.c_b_ae, 16 
(2, 0, -3), [1, 2, 2, -6, 10, 50, 125], 3.5.c_c_ag, 1 
(1, 1, -4), [1, 2, 2, 6, 10, 50, 125], 3.5.c_c_g, -4 
(2, 0, -2), [1, 2, 3, -4, 15, 50, 125], 3.5.c_d_ae, 2 
(4, -2, 6), [1, 2, 3, 4, 15, 50, 125], 3.5.c_d_e, 18 
(1, 1, -3), [1, 2, 3, 7, 15, 50, 125], 3.5.c_d_h, -3 
(-3, 5, 13), [1, 2, 3, 11, 15, 50, 125], 3.5.c_d_l, -3 
(3, -1, 2), [1, 2, 4, -4, 20, 50, 125], 3.5.c_e_ae, 10 
(3, -1, 3), [1, 2, 5, -1, 25, 50, 125], 3.5.c_f_ab, 11 
(1, 1, -1), [1, 2, 5, 9, 25, 50, 125], 3.5.c_f_j, -1 
(4, -2, 8), [1, 2, 5, 12, 25, 50, 125], 3.5.c_f_m, 20 
(-2, 4, 8), [1, 2, 5, 24, 25, 50, 125], 3.5.c_f_y, -4 
(4, -2, 9), [1, 2, 6, 16, 30, 50, 125], 3.5.c_g_q, 21 
(-2, 4, 9), [1, 2, 6, 22, 30, 50, 125], 3.5.c_g_w, -3 
(-1, 3, 4), [1, 2, 6, 26, 30, 50, 125], 3.5.c_g_ba, -4 
(2, 0, 2), [1, 2, 7, 4, 35, 50, 125], 3.5.c_h_e, 6 
(1, 1, 1), [1, 2, 7, 11, 35, 50, 125], 3.5.c_h_l, 1 
(2, 0, 3), [1, 2, 8, 6, 40, 50, 125], 3.5.c_i_g, 7 
(3, -1, 6), [1, 2, 8, 8, 40, 50, 125], 3.5.c_i_i, 14 
(1, 1, 2), [1, 2, 8, 12, 40, 50, 125], 3.5.c_i_m, 2 
(-2, 4, 11), [1, 2, 8, 18, 40, 50, 125], 3.5.c_i_s, -1 
(2, 0, 4), [1, 2, 9, 8, 45, 50, 125], 3.5.c_j_i, 8 
(3, -1, 7), [1, 2, 9, 11, 45, 50, 125], 3.5.c_j_l, 15 
(1, 1, 3), [1, 2, 9, 13, 45, 50, 125], 3.5.c_j_n, 3 
(-2, 4, 12), [1, 2, 9, 16, 45, 50, 125], 3.5.c_j_q, 0 
(-1, 3, 8), [1, 2, 10, 22, 50, 50, 125], 3.5.c_k_w, 0 
(1, 1, 6), [1, 2, 12, 16, 60, 50, 125], 3.5.c_m_q, 6 
(2, 0, 8), [1, 2, 13, 16, 65, 50, 125], 3.5.c_n_q, 12 
(4, -1, -3), [1, 3, -2, -22, -10, 75, 125], 3.5.d_ac_aw, 12 
(3, 0, -4), [1, 3, 1, -12, 5, 75, 125], 3.5.d_b_am, 5 
(4, -1, 1), [1, 3, 2, -6, 10, 75, 125], 3.5.d_c_ag, 16 
(4, -1, 2), [1, 3, 3, -2, 15, 75, 125], 3.5.d_d_ac, 17 
(2, 1, -4), [1, 3, 3, 2, 15, 75, 125], 3.5.d_d_c, -1 
(4, -1, 3), [1, 3, 4, 2, 20, 75, 125], 3.5.d_e_c, 18 
(2, 1, -3), [1, 3, 4, 4, 20, 75, 125], 3.5.d_e_e, 0 
(2, 1, -1), [1, 3, 6, 8, 30, 75, 125], 3.5.d_g_i, 2 
(4, -1, 6), [1, 3, 7, 14, 35, 75, 125], 3.5.d_h_o, 21 
(2, 1, 1), [1, 3, 8, 12, 40, 75, 125], 3.5.d_i_m, 4 
(4, -1, 7), [1, 3, 8, 18, 40, 75, 125], 3.5.d_i_s, 22 
(-2, 5, 13), [1, 3, 8, 24, 40, 75, 125], 3.5.d_i_y, -8 
(2, 1, 2), [1, 3, 9, 14, 45, 75, 125], 3.5.d_j_o, 5 
(2, 1, 3), [1, 3, 10, 16, 50, 75, 125], 3.5.d_k_q, 6 
(4, -1, 9), [1, 3, 10, 26, 50, 75, 125], 3.5.d_k_ba, 24 
(1, 2, 4), [1, 3, 11, 24, 55, 75, 125], 3.5.d_l_y, 1 
(3, 0, 8), [1, 3, 13, 24, 65, 75, 125], 3.5.d_n_y, 17 
(1, 2, 6), [1, 3, 13, 26, 65, 75, 125], 3.5.d_n_ba, 3 
(-1, 4, 12), [1, 3, 13, 28, 65, 75, 125], 3.5.d_n_bc, -3 
(4, 0, -2), [1, 4, 3, -8, 15, 100, 125], 3.5.e_d_ai, 14 
(4, 0, -1), [1, 4, 4, -4, 20, 100, 125], 3.5.e_e_ae, 15 
(3, 1, -4), [1, 4, 4, -2, 20, 100, 125], 3.5.e_e_ac, 4 
(3, 1, -1), [1, 4, 7, 7, 35, 100, 125], 3.5.e_h_h, 7 
(4, 0, 2), [1, 4, 7, 8, 35, 100, 125], 3.5.e_h_i, 18 
(4, 0, 3), [1, 4, 8, 12, 40, 100, 125], 3.5.e_i_m, 19 
(2, 2, -1), [1, 4, 8, 18, 40, 100, 125], 3.5.e_i_s, -1 
(4, 0, 4), [1, 4, 9, 16, 45, 100, 125], 3.5.e_j_q, 20 
(3, 1, 2), [1, 4, 10, 16, 50, 100, 125], 3.5.e_k_q, 10 
(2, 2, 1), [1, 4, 10, 22, 50, 100, 125], 3.5.e_k_w, 1 
(-2, 6, 17), [1, 4, 10, 26, 50, 100, 125], 3.5.e_k_ba, -15 
(2, 2, 3), [1, 4, 12, 26, 60, 100, 125], 3.5.e_m_ba, 3 
(4, 0, 7), [1, 4, 12, 28, 60, 100, 125], 3.5.e_m_bc, 23 
(1, 3, 4), [1, 4, 12, 34, 60, 100, 125], 3.5.e_m_bi, -4 
(2, 2, 4), [1, 4, 13, 28, 65, 100, 125], 3.5.e_n_bc, 4 
(4, 0, 8), [1, 4, 13, 32, 65, 100, 125], 3.5.e_n_bg, 24 
(-1, 5, 13), [1, 4, 13, 37, 65, 100, 125], 3.5.e_n_bl, -11 
(3, 1, 6), [1, 4, 14, 28, 70, 100, 125], 3.5.e_o_bc, 14 
(2, 2, 6), [1, 4, 15, 32, 75, 100, 125], 3.5.e_p_bg, 6 
(1, 3, 7), [1, 4, 15, 37, 75, 100, 125], 3.5.e_p_bl, -1 
(1, 3, 8), [1, 4, 16, 38, 80, 100, 125], 3.5.e_q_bm, 0 
(2, 2, 8), [1, 4, 17, 36, 85, 100, 125], 3.5.e_r_bk, 8 
(3, 1, 9), [1, 4, 17, 37, 85, 100, 125], 3.5.e_r_bl, 17 
(4, 1, 3), [1, 5, 12, 22, 60, 125, 125], 3.5.f_m_w, 18 
(4, 1, 6), [1, 5, 15, 34, 75, 125, 125], 3.5.f_p_bi, 21 
(2, 3, 4), [1, 5, 15, 38, 75, 125, 125], 3.5.f_p_bm, -1 
(4, 1, 7), [1, 5, 16, 38, 80, 125, 125], 3.5.f_q_bm, 22 
(2, 3, 7), [1, 5, 18, 44, 90, 125, 125], 3.5.f_s_bs, 2 
(2, 3, 8), [1, 5, 19, 46, 95, 125, 125], 3.5.f_t_bu, 3 
(4, 2, -1), [1, 6, 12, 16, 60, 150, 125], 3.5.g_m_q, 11 
(4, 2, 4), [1, 6, 17, 36, 85, 150, 125], 3.5.g_r_bk, 16 
(3, 3, 4), [1, 6, 18, 42, 90, 150, 125], 3.5.g_s_bq, 4 
(4, 2, 6), [1, 6, 19, 44, 95, 150, 125], 3.5.g_t_bs, 18 
(4, 2, 8), [1, 6, 21, 52, 105, 150, 125], 3.5.g_v_ca, 20 
(2, 4, 8), [1, 6, 21, 56, 105, 150, 125], 3.5.g_v_ce, -4 
(3, 3, 8), [1, 6, 22, 54, 110, 150, 125], 3.5.g_w_cc, 8 
(2, 4, 9), [1, 6, 22, 58, 110, 150, 125], 3.5.g_w_cg, -3 
(2, 4, 11), [1, 6, 24, 62, 120, 150, 125], 3.5.g_y_ck, -1 
(2, 4, 12), [1, 6, 25, 64, 125, 150, 125], 3.5.g_z_cm, 0 
