(-1, -2, 3), [1, -3, 7, -11, 14, -12, 8], 3.2.ad_h_al, 0 
(-1, -1, -1), [1, -2, 2, -3, 4, -8, 8], 3.2.ac_c_ad, -1 
(1, -3, 5), [1, -2, 4, -7, 8, -8, 8], 3.2.ac_e_ah, -3 
(-1, -1, 1), [1, -2, 4, -5, 8, -8, 8], 3.2.ac_e_af, 1 
(-1, 0, -1), [1, -1, 1, 1, 2, -4, 8], 3.2.ab_b_b, 0 
(1, -2, 3), [1, -1, 3, -5, 6, -4, 8], 3.2.ab_d_af, 0 
(-1, 0, 1), [1, -1, 3, -1, 6, -4, 8], 3.2.ab_d_ab, 2 
(1, 0, -1), [1, 1, 1, -1, 2, 4, 8], 3.2.b_b_ab, 0 
(1, 0, 1), [1, 1, 3, 1, 6, 4, 8], 3.2.b_d_b, 2 
(-1, 2, 3), [1, 1, 3, 5, 6, 4, 8], 3.2.b_d_f, 0 
(1, 1, -1), [1, 2, 2, 3, 4, 8, 8], 3.2.c_c_d, -1 
(1, 1, 1), [1, 2, 4, 5, 8, 8, 8], 3.2.c_e_f, 1 
(-1, 3, 5), [1, 2, 4, 7, 8, 8, 8], 3.2.c_e_h, -3 
(1, 2, 3), [1, 3, 7, 11, 14, 12, 8], 3.2.d_h_l, 0 
