(-1, -3, 5), [1, -4, 12, -29, 48, -64, 64], 3.4.ae_m_abd, -3 
(-3, 0, -7), [1, -3, -3, 21, -12, -48, 64], 3.4.ad_ad_v, 2 
(-3, 0, -5), [1, -3, -1, 15, -4, -48, 64], 3.4.ad_ab_p, 4 
(-3, 0, -3), [1, -3, 1, 9, 4, -48, 64], 3.4.ad_b_j, 6 
(-3, 1, -1), [1, -2, 0, 11, 0, -32, 64], 3.4.ac_a_l, 7 
(1, -3, 9), [1, -2, 10, -15, 40, -32, 64], 3.4.ac_k_ap, 1 
(-1, 0, -7), [1, -1, -3, 7, -12, -16, 64], 3.4.ab_ad_h, -6 
(1, 0, -7), [1, 1, -3, -7, -12, 16, 64], 3.4.b_ad_ah, -6 
(3, -1, -1), [1, 2, 0, -11, 0, 32, 64], 3.4.c_a_al, 7 
(-1, 3, 9), [1, 2, 10, 15, 40, 32, 64], 3.4.c_k_p, 1 
(3, 0, -3), [1, 3, 1, -9, 4, 48, 64], 3.4.d_b_aj, 6 
(1, 3, 5), [1, 4, 12, 29, 48, 64, 64], 3.4.e_m_bd, -3 
