(-9, -16, 108), [1, -25, 275, -1708, 6325, -13225, 12167], 3.23.az_kp_acns 
(-9, -15, 98), [1, -24, 256, -1572, 5888, -12696, 12167], 3.23.ay_jw_acim 
(-9, -15, 99), [1, -24, 257, -1581, 5911, -12696, 12167], 3.23.ay_jx_aciv 
(-8, -16, 108), [1, -24, 259, -1600, 5957, -12696, 12167], 3.23.ay_jz_acjo 
(-9, -15, 101), [1, -24, 259, -1599, 5957, -12696, 12167], 3.23.ay_jz_acjn 
(-9, -14, 90), [1, -23, 239, -1454, 5497, -12167, 12167], 3.23.ax_jf_acdy 
(-8, -15, 98), [1, -23, 241, -1474, 5543, -12167, 12167], 3.23.ax_jh_aces 
(-8, -15, 99), [1, -23, 242, -1482, 5566, -12167, 12167], 3.23.ax_ji_acfa 
(-7, -16, 108), [1, -23, 243, -1492, 5589, -12167, 12167], 3.23.ax_jj_acfk 
(-8, -15, 101), [1, -23, 244, -1498, 5612, -12167, 12167], 3.23.ax_jk_acfq 
(-9, -13, 79), [1, -22, 219, -1309, 5037, -11638, 12167], 3.23.aw_il_abyj 
(-9, -13, 80), [1, -22, 220, -1318, 5060, -11638, 12167], 3.23.aw_im_abys 
(-9, -13, 81), [1, -22, 221, -1327, 5083, -11638, 12167], 3.23.aw_in_abzb 
(-9, -13, 83), [1, -22, 223, -1345, 5129, -11638, 12167], 3.23.aw_ip_abzt 
(-8, -14, 89), [1, -22, 224, -1356, 5152, -11638, 12167], 3.23.aw_iq_acae 
(-8, -14, 90), [1, -22, 225, -1364, 5175, -11638, 12167], 3.23.aw_ir_acam 
(-9, -13, 85), [1, -22, 225, -1363, 5175, -11638, 12167], 3.23.aw_ir_acal 
(-7, -15, 98), [1, -22, 226, -1376, 5198, -11638, 12167], 3.23.aw_is_acay 
(-7, -15, 99), [1, -22, 227, -1383, 5221, -11638, 12167], 3.23.aw_it_acbf 
(-9, -13, 87), [1, -22, 227, -1381, 5221, -11638, 12167], 3.23.aw_it_acbd 
(-8, -14, 93), [1, -22, 228, -1388, 5244, -11638, 12167], 3.23.aw_iu_acbk 
(-7, -15, 101), [1, -22, 229, -1397, 5267, -11638, 12167], 3.23.aw_iv_acbt 
(-9, -12, 70), [1, -21, 201, -1182, 4623, -11109, 12167], 3.23.av_ht_abtm 
(-9, -12, 72), [1, -21, 203, -1200, 4669, -11109, 12167], 3.23.av_hv_abue 
(-9, -12, 74), [1, -21, 205, -1218, 4715, -11109, 12167], 3.23.av_hx_abuw 
(-8, -13, 79), [1, -21, 206, -1230, 4738, -11109, 12167], 3.23.av_hy_abvi 
(-8, -13, 80), [1, -21, 207, -1238, 4761, -11109, 12167], 3.23.av_hz_abvq 
(-9, -12, 76), [1, -21, 207, -1236, 4761, -11109, 12167], 3.23.av_hz_abvo 
(-8, -13, 81), [1, -21, 208, -1246, 4784, -11109, 12167], 3.23.av_ia_abvy 
(-8, -13, 83), [1, -21, 210, -1262, 4830, -11109, 12167], 3.23.av_ic_abwo 
(-6, -15, 98), [1, -21, 211, -1278, 4853, -11109, 12167], 3.23.av_id_abxe 
(-5, -16, 108), [1, -21, 211, -1276, 4853, -11109, 12167], 3.23.av_id_abxc 
(-7, -14, 90), [1, -21, 211, -1274, 4853, -11109, 12167], 3.23.av_id_abxa 
(-8, -13, 84), [1, -21, 211, -1270, 4853, -11109, 12167], 3.23.av_id_abww 
(-6, -15, 99), [1, -21, 212, -1284, 4876, -11109, 12167], 3.23.av_ie_abxk 
(-8, -13, 85), [1, -21, 212, -1278, 4876, -11109, 12167], 3.23.av_ie_abxe 
(-6, -15, 101), [1, -21, 214, -1296, 4922, -11109, 12167], 3.23.av_ig_abxw 
(-8, -13, 87), [1, -21, 214, -1294, 4922, -11109, 12167], 3.23.av_ig_abxu 
(-9, -11, 60), [1, -20, 182, -1046, 4186, -10580, 12167], 3.23.au_ha_abog 
(-9, -11, 61), [1, -20, 183, -1055, 4209, -10580, 12167], 3.23.au_hb_abop 
(-9, -11, 63), [1, -20, 185, -1073, 4255, -10580, 12167], 3.23.au_hd_abph 
(-9, -11, 65), [1, -20, 187, -1091, 4301, -10580, 12167], 3.23.au_hf_abpz 
(-9, -11, 66), [1, -20, 188, -1100, 4324, -10580, 12167], 3.23.au_hg_abqi 
(-9, -11, 67), [1, -20, 189, -1109, 4347, -10580, 12167], 3.23.au_hh_abqr 
(-7, -13, 80), [1, -20, 194, -1158, 4462, -10580, 12167], 3.23.au_hm_abso 
(-7, -13, 81), [1, -20, 195, -1165, 4485, -10580, 12167], 3.23.au_hn_absv 
(-9, -11, 73), [1, -20, 195, -1163, 4485, -10580, 12167], 3.23.au_hn_abst 
(-5, -15, 98), [1, -20, 196, -1180, 4508, -10580, 12167], 3.23.au_ho_abtk 
(-6, -14, 89), [1, -20, 196, -1178, 4508, -10580, 12167], 3.23.au_ho_abti 
(-8, -12, 77), [1, -20, 196, -1168, 4508, -10580, 12167], 3.23.au_ho_absy 
(-5, -15, 99), [1, -20, 197, -1185, 4531, -10580, 12167], 3.23.au_hp_abtp 
(-9, -11, 75), [1, -20, 197, -1181, 4531, -10580, 12167], 3.23.au_hp_abtl 
(-7, -13, 83), [1, -20, 197, -1179, 4531, -10580, 12167], 3.23.au_hp_abtj 
(-8, -12, 79), [1, -20, 198, -1184, 4554, -10580, 12167], 3.23.au_hq_abto 
(-5, -15, 101), [1, -20, 199, -1195, 4577, -10580, 12167], 3.23.au_hr_abtz 
(-7, -13, 85), [1, -20, 199, -1193, 4577, -10580, 12167], 3.23.au_hr_abtx 
(-8, -12, 80), [1, -20, 199, -1192, 4577, -10580, 12167], 3.23.au_hr_abtw 
(-6, -14, 93), [1, -20, 200, -1202, 4600, -10580, 12167], 3.23.au_hs_abug 
(-7, -13, 87), [1, -20, 201, -1207, 4623, -10580, 12167], 3.23.au_ht_abul 
(-9, -10, 50), [1, -19, 163, -910, 3749, -10051, 12167], 3.23.at_gh_abja 
(-9, -10, 52), [1, -19, 165, -928, 3795, -10051, 12167], 3.23.at_gj_abjs 
(-9, -10, 54), [1, -19, 167, -946, 3841, -10051, 12167], 3.23.at_gl_abkk 
(-9, -10, 56), [1, -19, 169, -964, 3887, -10051, 12167], 3.23.at_gn_ablc 
(-9, -10, 58), [1, -19, 171, -982, 3933, -10051, 12167], 3.23.at_gp_ablu 
(-8, -11, 62), [1, -19, 173, -1002, 3979, -10051, 12167], 3.23.at_gr_abmo 
(-9, -10, 64), [1, -19, 177, -1036, 4071, -10051, 12167], 3.23.at_gv_abnw 
(-8, -11, 67), [1, -19, 178, -1042, 4094, -10051, 12167], 3.23.at_gw_aboc 
(-7, -12, 72), [1, -19, 179, -1056, 4117, -10051, 12167], 3.23.at_gx_aboq 
(-8, -11, 68), [1, -19, 179, -1050, 4117, -10051, 12167], 3.23.at_gx_abok 
(-6, -13, 79), [1, -19, 180, -1072, 4140, -10051, 12167], 3.23.at_gy_abpg 
(-4, -15, 98), [1, -19, 181, -1082, 4163, -10051, 12167], 3.23.at_gz_abpq 
(-7, -12, 74), [1, -19, 181, -1070, 4163, -10051, 12167], 3.23.at_gz_abpe 
(-4, -15, 99), [1, -19, 182, -1086, 4186, -10051, 12167], 3.23.at_ha_abpu 
(-8, -11, 71), [1, -19, 182, -1074, 4186, -10051, 12167], 3.23.at_ha_abpi 
(-5, -14, 90), [1, -19, 183, -1094, 4209, -10051, 12167], 3.23.at_hb_abqc 
(-8, -11, 72), [1, -19, 183, -1082, 4209, -10051, 12167], 3.23.at_hb_abpq 
(-8, -11, 73), [1, -19, 184, -1090, 4232, -10051, 12167], 3.23.at_hc_abpy 
(-6, -13, 84), [1, -19, 185, -1102, 4255, -10051, 12167], 3.23.at_hd_abqk 
(-6, -13, 85), [1, -19, 186, -1108, 4278, -10051, 12167], 3.23.at_he_abqq 
(-7, -12, 80), [1, -19, 187, -1112, 4301, -10051, 12167], 3.23.at_hf_abqu 
(-6, -13, 87), [1, -19, 188, -1120, 4324, -10051, 12167], 3.23.at_hg_abrc 
(-9, -9, 41), [1, -18, 145, -783, 3335, -9522, 12167], 3.23.as_fp_abed 
(-9, -9, 43), [1, -18, 147, -801, 3381, -9522, 12167], 3.23.as_fr_abev 
(-9, -9, 45), [1, -18, 149, -819, 3427, -9522, 12167], 3.23.as_ft_abfn 
(-9, -9, 47), [1, -18, 151, -837, 3473, -9522, 12167], 3.23.as_fv_abgf 
(-9, -9, 48), [1, -18, 152, -846, 3496, -9522, 12167], 3.23.as_fw_abgo 
(-9, -9, 49), [1, -18, 153, -855, 3519, -9522, 12167], 3.23.as_fx_abgx 
(-9, -9, 51), [1, -18, 155, -873, 3565, -9522, 12167], 3.23.as_fz_abhp 
(-9, -9, 53), [1, -18, 157, -891, 3611, -9522, 12167], 3.23.as_gb_abih 
(-7, -11, 63), [1, -18, 163, -947, 3749, -9522, 12167], 3.23.as_gh_abkl 
(-8, -10, 61), [1, -18, 164, -948, 3772, -9522, 12167], 3.23.as_gi_abkm 
(-8, -10, 63), [1, -18, 166, -964, 3818, -9522, 12167], 3.23.as_gk_ablc 
(-3, -15, 99), [1, -18, 167, -987, 3841, -9522, 12167], 3.23.as_gl_ablz 
(-7, -11, 68), [1, -18, 168, -982, 3864, -9522, 12167], 3.23.as_gm_ablu 
(-5, -13, 81), [1, -18, 169, -1003, 3887, -9522, 12167], 3.23.as_gn_abmp 
(-9, -9, 65), [1, -18, 169, -999, 3887, -9522, 12167], 3.23.as_gn_abml 
(-8, -10, 66), [1, -18, 169, -988, 3887, -9522, 12167], 3.23.as_gn_abma 
(-6, -12, 75), [1, -18, 170, -1002, 3910, -9522, 12167], 3.23.as_go_abmo 
(-5, -13, 83), [1, -18, 171, -1013, 3933, -9522, 12167], 3.23.as_gp_abmz 
(-7, -11, 71), [1, -18, 171, -1003, 3933, -9522, 12167], 3.23.as_gp_abmp 
(-7, -11, 72), [1, -18, 172, -1010, 3956, -9522, 12167], 3.23.as_gq_abmw 
(-5, -13, 85), [1, -18, 173, -1023, 3979, -9522, 12167], 3.23.as_gr_abnj 
(-7, -11, 73), [1, -18, 173, -1017, 3979, -9522, 12167], 3.23.as_gr_abnd 
(-6, -12, 79), [1, -18, 174, -1026, 4002, -9522, 12167], 3.23.as_gs_abnm 
(-5, -13, 87), [1, -18, 175, -1033, 4025, -9522, 12167], 3.23.as_gt_abnt 
(-7, -11, 75), [1, -18, 175, -1031, 4025, -9522, 12167], 3.23.as_gt_abnr 
(-9, -8, 34), [1, -17, 129, -674, 2967, -8993, 12167], 3.23.ar_ez_azy 
(-9, -8, 36), [1, -17, 131, -692, 3013, -8993, 12167], 3.23.ar_fb_abaq 
(-9, -8, 38), [1, -17, 133, -710, 3059, -8993, 12167], 3.23.ar_fd_abbi 
(-9, -8, 40), [1, -17, 135, -728, 3105, -8993, 12167], 3.23.ar_ff_abca 
(-7, -10, 50), [1, -17, 143, -810, 3289, -8993, 12167], 3.23.ar_fn_abfe 
(-8, -9, 50), [1, -17, 145, -814, 3335, -8993, 12167], 3.23.ar_fp_abfi 
(-8, -9, 51), [1, -17, 146, -822, 3358, -8993, 12167], 3.23.ar_fq_abfq 
(-8, -9, 52), [1, -17, 147, -830, 3381, -8993, 12167], 3.23.ar_fr_abfy 
(-8, -9, 53), [1, -17, 148, -838, 3404, -8993, 12167], 3.23.ar_fs_abgg 
(-8, -9, 55), [1, -17, 150, -854, 3450, -8993, 12167], 3.23.ar_fu_abgw 
(-8, -9, 56), [1, -17, 151, -862, 3473, -8993, 12167], 3.23.ar_fv_abhe 
(-8, -9, 57), [1, -17, 152, -870, 3496, -8993, 12167], 3.23.ar_fw_abhm 
(-7, -10, 60), [1, -17, 153, -880, 3519, -8993, 12167], 3.23.ar_fx_abhw 
(-4, -13, 79), [1, -17, 154, -914, 3542, -8993, 12167], 3.23.ar_fy_abje 
(-4, -13, 80), [1, -17, 155, -918, 3565, -8993, 12167], 3.23.ar_fz_abji 
(-5, -12, 72), [1, -17, 155, -912, 3565, -8993, 12167], 3.23.ar_fz_abjc 
(-4, -13, 81), [1, -17, 156, -922, 3588, -8993, 12167], 3.23.ar_ga_abjm 
(-6, -11, 67), [1, -17, 156, -908, 3588, -8993, 12167], 3.23.ar_ga_abiy 
(-7, -10, 64), [1, -17, 157, -908, 3611, -8993, 12167], 3.23.ar_gb_abiy 
(-4, -13, 83), [1, -17, 158, -930, 3634, -8993, 12167], 3.23.ar_gc_abju 
(-4, -13, 84), [1, -17, 159, -934, 3657, -8993, 12167], 3.23.ar_gd_abjy 
(-7, -10, 66), [1, -17, 159, -922, 3657, -8993, 12167], 3.23.ar_gd_abjm 
(-4, -13, 85), [1, -17, 160, -938, 3680, -8993, 12167], 3.23.ar_ge_abkc 
(-7, -10, 68), [1, -17, 161, -936, 3703, -8993, 12167], 3.23.ar_gf_abka 
(-6, -11, 73), [1, -17, 162, -944, 3726, -8993, 12167], 3.23.ar_gg_abki 
(-5, -12, 80), [1, -17, 163, -952, 3749, -8993, 12167], 3.23.ar_gh_abkq 
(-6, -11, 75), [1, -17, 164, -956, 3772, -8993, 12167], 3.23.ar_gi_abku 
(-9, -7, 25), [1, -16, 111, -547, 2553, -8464, 12167], 3.23.aq_eh_avb 
(-9, -7, 27), [1, -16, 113, -565, 2599, -8464, 12167], 3.23.aq_ej_avt 
(-9, -7, 29), [1, -16, 115, -583, 2645, -8464, 12167], 3.23.aq_el_awl 
(-9, -7, 31), [1, -16, 117, -601, 2691, -8464, 12167], 3.23.aq_en_axd 
(-8, -8, 45), [1, -16, 132, -728, 3036, -8464, 12167], 3.23.aq_fc_abca 
(-7, -9, 47), [1, -16, 133, -743, 3059, -8464, 12167], 3.23.aq_fd_abcp 
(-8, -8, 47), [1, -16, 134, -744, 3082, -8464, 12167], 3.23.aq_fe_abcq 
(-5, -11, 60), [1, -16, 138, -806, 3174, -8464, 12167], 3.23.aq_fi_abfa 
(-3, -13, 79), [1, -16, 141, -835, 3243, -8464, 12167], 3.23.aq_fl_abgd 
(-7, -9, 57), [1, -16, 143, -813, 3289, -8464, 12167], 3.23.aq_fn_abfh 
(-7, -9, 59), [1, -16, 145, -827, 3335, -8464, 12167], 3.23.aq_fp_abfv 
(-7, -9, 61), [1, -16, 147, -841, 3381, -8464, 12167], 3.23.aq_fr_abgj 
(-4, -12, 77), [1, -16, 148, -860, 3404, -8464, 12167], 3.23.aq_fs_abhc 
(-7, -9, 63), [1, -16, 149, -855, 3427, -8464, 12167], 3.23.aq_ft_abgx 
(-4, -12, 79), [1, -16, 150, -868, 3450, -8464, 12167], 3.23.aq_fu_abhk 
(-5, -11, 73), [1, -16, 151, -871, 3473, -8464, 12167], 3.23.aq_fv_abhn 
(-5, -11, 75), [1, -16, 153, -881, 3519, -8464, 12167], 3.23.aq_fx_abhx 
(-9, -6, 12), [1, -15, 89, -384, 2047, -7935, 12167], 3.23.ap_dl_aou 
(-9, -6, 16), [1, -15, 93, -420, 2139, -7935, 12167], 3.23.ap_dp_aqe 
(-9, -6, 18), [1, -15, 95, -438, 2185, -7935, 12167], 3.23.ap_dr_aqw 
(-9, -6, 20), [1, -15, 97, -456, 2231, -7935, 12167], 3.23.ap_dt_aro 
(-9, -6, 22), [1, -15, 99, -474, 2277, -7935, 12167], 3.23.ap_dv_asg 
(-8, -7, 34), [1, -15, 113, -594, 2599, -7935, 12167], 3.23.ap_ej_aww 
(-8, -7, 35), [1, -15, 114, -602, 2622, -7935, 12167], 3.23.ap_ek_axe 
(-8, -7, 36), [1, -15, 115, -610, 2645, -7935, 12167], 3.23.ap_el_axm 
(-8, -7, 37), [1, -15, 116, -618, 2668, -7935, 12167], 3.23.ap_em_axu 
(-8, -7, 39), [1, -15, 118, -634, 2714, -7935, 12167], 3.23.ap_eo_ayk 
(-8, -7, 40), [1, -15, 119, -642, 2737, -7935, 12167], 3.23.ap_ep_ays 
(-8, -7, 41), [1, -15, 120, -650, 2760, -7935, 12167], 3.23.ap_eq_aza 
(-3, -12, 70), [1, -15, 129, -762, 2967, -7935, 12167], 3.23.ap_ez_abdi 
(-7, -8, 50), [1, -15, 129, -718, 2967, -7935, 12167], 3.23.ap_ez_abbq 
(-3, -12, 72), [1, -15, 131, -768, 3013, -7935, 12167], 3.23.ap_fb_abdo 
(-7, -8, 52), [1, -15, 131, -732, 3013, -7935, 12167], 3.23.ap_fb_abce 
(-3, -12, 74), [1, -15, 133, -774, 3059, -7935, 12167], 3.23.ap_fd_abdu 
(-7, -8, 54), [1, -15, 133, -746, 3059, -7935, 12167], 3.23.ap_fd_abcs 
(-3, -12, 76), [1, -15, 135, -780, 3105, -7935, 12167], 3.23.ap_ff_abea 
(-7, -8, 56), [1, -15, 135, -760, 3105, -7935, 12167], 3.23.ap_ff_abdg 
(-4, -11, 71), [1, -15, 138, -790, 3174, -7935, 12167], 3.23.ap_fi_abek 
(-6, -9, 61), [1, -15, 138, -780, 3174, -7935, 12167], 3.23.ap_fi_abea 
(-4, -11, 72), [1, -15, 139, -794, 3197, -7935, 12167], 3.23.ap_fj_abeo 
(-6, -9, 62), [1, -15, 139, -786, 3197, -7935, 12167], 3.23.ap_fj_abeg 
(-4, -11, 73), [1, -15, 140, -798, 3220, -7935, 12167], 3.23.ap_fk_abes 
(-6, -9, 63), [1, -15, 140, -792, 3220, -7935, 12167], 3.23.ap_fk_abem 
(-5, -10, 68), [1, -15, 141, -800, 3243, -7935, 12167], 3.23.ap_fl_abeu 
(-4, -11, 75), [1, -15, 142, -806, 3266, -7935, 12167], 3.23.ap_fm_abfa 
(-6, -9, 65), [1, -15, 142, -804, 3266, -7935, 12167], 3.23.ap_fm_abey 
(-9, -5, 7), [1, -14, 75, -293, 1725, -7406, 12167], 3.23.ao_cx_alh 
(-9, -5, 9), [1, -14, 77, -311, 1771, -7406, 12167], 3.23.ao_cz_alz 
(-9, -5, 11), [1, -14, 79, -329, 1817, -7406, 12167], 3.23.ao_db_amr 
(-9, -5, 13), [1, -14, 81, -347, 1863, -7406, 12167], 3.23.ao_dd_anj 
(-8, -6, 13), [1, -14, 84, -380, 1932, -7406, 12167], 3.23.ao_dg_aoq 
(-8, -6, 29), [1, -14, 100, -508, 2300, -7406, 12167], 3.23.ao_dw_ato 
(-8, -6, 31), [1, -14, 102, -524, 2346, -7406, 12167], 3.23.ao_dy_aue 
(-7, -7, 41), [1, -14, 113, -609, 2599, -7406, 12167], 3.23.ao_ej_axl 
(-7, -7, 43), [1, -14, 115, -623, 2645, -7406, 12167], 3.23.ao_el_axz 
(-7, -7, 45), [1, -14, 117, -637, 2691, -7406, 12167], 3.23.ao_en_ayn 
(-2, -12, 71), [1, -14, 118, -694, 2714, -7406, 12167], 3.23.ao_eo_abas 
(-7, -7, 47), [1, -14, 119, -651, 2737, -7406, 12167], 3.23.ao_ep_azb 
(-7, -7, 49), [1, -14, 121, -665, 2783, -7406, 12167], 3.23.ao_er_azp 
(-3, -11, 67), [1, -14, 123, -707, 2829, -7406, 12167], 3.23.ao_et_abbf 
(-6, -8, 55), [1, -14, 126, -698, 2898, -7406, 12167], 3.23.ao_ew_abaw 
(-3, -11, 71), [1, -14, 127, -719, 2921, -7406, 12167], 3.23.ao_ex_abbr 
(-6, -8, 57), [1, -14, 128, -710, 2944, -7406, 12167], 3.23.ao_ey_abbi 
(-3, -11, 73), [1, -14, 129, -725, 2967, -7406, 12167], 3.23.ao_ez_abbx 
(-6, -8, 59), [1, -14, 130, -722, 2990, -7406, 12167], 3.23.ao_fa_abbu 
(-5, -9, 63), [1, -14, 131, -729, 3013, -7406, 12167], 3.23.ao_fb_abcb 
(-5, -9, 65), [1, -14, 133, -739, 3059, -7406, 12167], 3.23.ao_fd_abcl 
(-9, -4, -2), [1, -13, 57, -166, 1311, -6877, 12167], 3.23.an_cf_agk 
(-9, -4, 2), [1, -13, 61, -202, 1403, -6877, 12167], 3.23.an_cj_ahu 
(-9, -4, 4), [1, -13, 63, -220, 1449, -6877, 12167], 3.23.an_cl_aim 
(-9, -4, 8), [1, -13, 67, -256, 1541, -6877, 12167], 3.23.an_cp_ajw 
(-8, -5, 18), [1, -13, 81, -374, 1863, -6877, 12167], 3.23.an_dd_aok 
(-8, -5, 19), [1, -13, 82, -382, 1886, -6877, 12167], 3.23.an_de_aos 
(-8, -5, 20), [1, -13, 83, -390, 1909, -6877, 12167], 3.23.an_df_apa 
(-8, -5, 21), [1, -13, 84, -398, 1932, -6877, 12167], 3.23.an_dg_api 
(-8, -5, 24), [1, -13, 87, -422, 2001, -6877, 12167], 3.23.an_dj_aqg 
(-8, -5, 25), [1, -13, 88, -430, 2024, -6877, 12167], 3.23.an_dk_aqo 
(-8, -5, 26), [1, -13, 89, -438, 2047, -6877, 12167], 3.23.an_dl_aqw 
(-7, -6, 36), [1, -13, 101, -528, 2323, -6877, 12167], 3.23.an_dx_aui 
(-3, -10, 50), [1, -13, 103, -610, 2369, -6877, 12167], 3.23.an_dz_axm 
(-7, -6, 38), [1, -13, 103, -542, 2369, -6877, 12167], 3.23.an_dz_auw 
(-2, -11, 60), [1, -13, 105, -626, 2415, -6877, 12167], 3.23.an_eb_ayc 
(-7, -6, 40), [1, -13, 105, -556, 2415, -6877, 12167], 3.23.an_eb_avk 
(-2, -11, 61), [1, -13, 106, -628, 2438, -6877, 12167], 3.23.an_ec_aye 
(-2, -11, 62), [1, -13, 107, -630, 2461, -6877, 12167], 3.23.an_ed_ayg 
(-7, -6, 42), [1, -13, 107, -570, 2461, -6877, 12167], 3.23.an_ed_avy 
(-2, -11, 63), [1, -13, 108, -632, 2484, -6877, 12167], 3.23.an_ee_ayi 
(-2, -11, 65), [1, -13, 110, -636, 2530, -6877, 12167], 3.23.an_eg_aym 
(-2, -11, 66), [1, -13, 111, -638, 2553, -6877, 12167], 3.23.an_eh_ayo 
(-2, -11, 67), [1, -13, 112, -640, 2576, -6877, 12167], 3.23.an_ei_ayq 
(-6, -7, 49), [1, -13, 114, -616, 2622, -6877, 12167], 3.23.an_ek_axs 
(-6, -7, 50), [1, -13, 115, -622, 2645, -6877, 12167], 3.23.an_el_axy 
(-6, -7, 51), [1, -13, 116, -628, 2668, -6877, 12167], 3.23.an_em_aye 
(-3, -10, 64), [1, -13, 117, -652, 2691, -6877, 12167], 3.23.an_en_azc 
(-6, -7, 53), [1, -13, 118, -640, 2714, -6877, 12167], 3.23.an_eo_ayq 
(-3, -10, 66), [1, -13, 119, -658, 2737, -6877, 12167], 3.23.an_ep_azi 
(-5, -8, 56), [1, -13, 119, -648, 2737, -6877, 12167], 3.23.an_ep_ayy 
(-6, -7, 54), [1, -13, 119, -646, 2737, -6877, 12167], 3.23.an_ep_ayw 
(-6, -7, 55), [1, -13, 120, -652, 2760, -6877, 12167], 3.23.an_eq_azc 
(-3, -10, 68), [1, -13, 121, -664, 2783, -6877, 12167], 3.23.an_er_azo 
(-4, -9, 63), [1, -13, 122, -666, 2806, -6877, 12167], 3.23.an_es_azq 
(-5, -8, 60), [1, -13, 123, -668, 2829, -6877, 12167], 3.23.an_et_azs 
(-4, -9, 65), [1, -13, 124, -674, 2852, -6877, 12167], 3.23.an_eu_azy 
(-9, -3, -17), [1, -12, 33, 15, 759, -6348, 12167], 3.23.am_bh_p 
(-9, -3, -15), [1, -12, 35, -3, 805, -6348, 12167], 3.23.am_bj_ad 
(-9, -3, -11), [1, -12, 39, -39, 897, -6348, 12167], 3.23.am_bn_abn 
(-9, -3, -9), [1, -12, 41, -57, 943, -6348, 12167], 3.23.am_bp_acf 
(-9, -3, -7), [1, -12, 43, -75, 989, -6348, 12167], 3.23.am_br_acx 
(-9, -3, -5), [1, -12, 45, -93, 1035, -6348, 12167], 3.23.am_bt_adp 
(-8, -4, 13), [1, -12, 68, -288, 1564, -6348, 12167], 3.23.am_cq_alc 
(-8, -4, 15), [1, -12, 70, -304, 1610, -6348, 12167], 3.23.am_cs_als 
(-7, -5, 29), [1, -12, 87, -433, 2001, -6348, 12167], 3.23.am_dj_aqr 
(-7, -5, 31), [1, -12, 89, -447, 2047, -6348, 12167], 3.23.am_dl_arf 
(-7, -5, 33), [1, -12, 91, -461, 2093, -6348, 12167], 3.23.am_dn_art 
(-7, -5, 35), [1, -12, 93, -475, 2139, -6348, 12167], 3.23.am_dp_ash 
(-1, -11, 60), [1, -12, 94, -566, 2162, -6348, 12167], 3.23.am_dq_avu 
(-1, -11, 65), [1, -12, 99, -571, 2277, -6348, 12167], 3.23.am_dv_avz 
(-2, -10, 57), [1, -12, 100, -574, 2300, -6348, 12167], 3.23.am_dw_awc 
(-2, -10, 61), [1, -12, 104, -582, 2392, -6348, 12167], 3.23.am_ea_awk 
(-6, -6, 45), [1, -12, 104, -546, 2392, -6348, 12167], 3.23.am_ea_ava 
(-2, -10, 63), [1, -12, 106, -586, 2438, -6348, 12167], 3.23.am_ec_awo 
(-6, -6, 47), [1, -12, 106, -558, 2438, -6348, 12167], 3.23.am_ec_avm 
(-3, -9, 57), [1, -12, 107, -585, 2461, -6348, 12167], 3.23.am_ed_awn 
(-2, -10, 65), [1, -12, 108, -590, 2484, -6348, 12167], 3.23.am_ee_aws 
(-5, -7, 51), [1, -12, 109, -577, 2507, -6348, 12167], 3.23.am_ef_awf 
(-3, -9, 61), [1, -12, 111, -597, 2553, -6348, 12167], 3.23.am_eh_awz 
(-5, -7, 53), [1, -12, 111, -587, 2553, -6348, 12167], 3.23.am_eh_awp 
(-3, -9, 63), [1, -12, 113, -603, 2599, -6348, 12167], 3.23.am_ej_axf 
(-5, -7, 55), [1, -12, 113, -597, 2599, -6348, 12167], 3.23.am_ej_awz 
(-3, -9, 65), [1, -12, 115, -609, 2645, -6348, 12167], 3.23.am_el_axl 
(-5, -7, 57), [1, -12, 115, -607, 2645, -6348, 12167], 3.23.am_el_axj 
(-9, -2, -24), [1, -11, 17, 124, 391, -5819, 12167], 3.23.al_r_eu 
(-9, -2, -20), [1, -11, 21, 88, 483, -5819, 12167], 3.23.al_v_dk 
(-9, -2, -18), [1, -11, 23, 70, 529, -5819, 12167], 3.23.al_x_cs 
(-9, -2, -16), [1, -11, 25, 52, 575, -5819, 12167], 3.23.al_z_ca 
(-9, -2, -14), [1, -11, 27, 34, 621, -5819, 12167], 3.23.al_bb_bi 
(-8, -3, 3), [1, -11, 50, -162, 1150, -5819, 12167], 3.23.al_by_agg 
(-8, -3, 4), [1, -11, 51, -170, 1173, -5819, 12167], 3.23.al_bz_ago 
(-8, -3, 5), [1, -11, 52, -178, 1196, -5819, 12167], 3.23.al_ca_agw 
(-8, -3, 7), [1, -11, 54, -194, 1242, -5819, 12167], 3.23.al_cc_ahm 
(-8, -3, 8), [1, -11, 55, -202, 1265, -5819, 12167], 3.23.al_cd_ahu 
(-8, -3, 9), [1, -11, 56, -210, 1288, -5819, 12167], 3.23.al_ce_aic 
(-7, -4, 22), [1, -11, 73, -338, 1679, -5819, 12167], 3.23.al_cv_ana 
(-7, -4, 24), [1, -11, 75, -352, 1725, -5819, 12167], 3.23.al_cx_ano 
(-7, -4, 26), [1, -11, 77, -366, 1771, -5819, 12167], 3.23.al_cz_aoc 
(-7, -4, 28), [1, -11, 79, -380, 1817, -5819, 12167], 3.23.al_db_aoq 
(-1, -10, 50), [1, -11, 83, -510, 1909, -5819, 12167], 3.23.al_df_atq 
(-1, -10, 52), [1, -11, 85, -512, 1955, -5819, 12167], 3.23.al_dh_ats 
(-1, -10, 54), [1, -11, 87, -514, 2001, -5819, 12167], 3.23.al_dj_atu 
(-1, -10, 56), [1, -11, 89, -516, 2047, -5819, 12167], 3.23.al_dl_atw 
(-6, -5, 37), [1, -11, 90, -452, 2070, -5819, 12167], 3.23.al_dm_ark 
(-1, -10, 58), [1, -11, 91, -518, 2093, -5819, 12167], 3.23.al_dn_aty 
(-6, -5, 38), [1, -11, 91, -458, 2093, -5819, 12167], 3.23.al_dn_arq 
(-6, -5, 39), [1, -11, 92, -464, 2116, -5819, 12167], 3.23.al_do_arw 
(-6, -5, 41), [1, -11, 94, -476, 2162, -5819, 12167], 3.23.al_dq_asi 
(-6, -5, 42), [1, -11, 95, -482, 2185, -5819, 12167], 3.23.al_dr_aso 
(-6, -5, 43), [1, -11, 96, -488, 2208, -5819, 12167], 3.23.al_ds_asu 
(-2, -9, 57), [1, -11, 98, -528, 2254, -5819, 12167], 3.23.al_du_aui 
(-2, -9, 58), [1, -11, 99, -530, 2277, -5819, 12167], 3.23.al_dv_auk 
(-2, -9, 59), [1, -11, 100, -532, 2300, -5819, 12167], 3.23.al_dw_aum 
(-5, -6, 48), [1, -11, 101, -516, 2323, -5819, 12167], 3.23.al_dx_atw 
(-2, -9, 61), [1, -11, 102, -536, 2346, -5819, 12167], 3.23.al_dy_auq 
(-2, -9, 62), [1, -11, 103, -538, 2369, -5819, 12167], 3.23.al_dz_aus 
(-5, -6, 50), [1, -11, 103, -526, 2369, -5819, 12167], 3.23.al_dz_aug 
(-2, -9, 63), [1, -11, 104, -540, 2392, -5819, 12167], 3.23.al_ea_auu 
(-5, -6, 52), [1, -11, 105, -536, 2415, -5819, 12167], 3.23.al_eb_auq 
(-4, -7, 55), [1, -11, 106, -542, 2438, -5819, 12167], 3.23.al_ec_auw 
(-3, -8, 60), [1, -11, 107, -548, 2461, -5819, 12167], 3.23.al_ed_avc 
(-4, -7, 57), [1, -11, 108, -550, 2484, -5819, 12167], 3.23.al_ee_ave 
(-9, -1, -35), [1, -10, -3, 269, -69, -5290, 12167], 3.23.ak_ad_kj 
(-9, -1, -33), [1, -10, -1, 251, -23, -5290, 12167], 3.23.ak_ab_jr 
(-9, -1, -32), [1, -10, 0, 242, 0, -5290, 12167], 3.23.ak_a_ji 
(-9, -1, -29), [1, -10, 3, 215, 69, -5290, 12167], 3.23.ak_d_ih 
(-9, -1, -27), [1, -10, 5, 197, 115, -5290, 12167], 3.23.ak_f_hp 
(-9, -1, -25), [1, -10, 7, 179, 161, -5290, 12167], 3.23.ak_h_gx 
(-8, -2, -4), [1, -10, 35, -60, 805, -5290, 12167], 3.23.ak_bj_aci 
(-8, -2, -3), [1, -10, 36, -68, 828, -5290, 12167], 3.23.ak_bk_acq 
(-8, -2, -1), [1, -10, 38, -84, 874, -5290, 12167], 3.23.ak_bm_adg 
(-7, -3, 11), [1, -10, 55, -215, 1265, -5290, 12167], 3.23.ak_cd_aih 
(-7, -3, 15), [1, -10, 59, -243, 1357, -5290, 12167], 3.23.ak_ch_ajj 
(-4, -6, 13), [1, -10, 60, -328, 1380, -5290, 12167], 3.23.ak_ci_amq 
(-7, -3, 17), [1, -10, 61, -257, 1403, -5290, 12167], 3.23.ak_cj_ajx 
(-7, -3, 19), [1, -10, 63, -271, 1449, -5290, 12167], 3.23.ak_cl_akl 
(-7, -3, 21), [1, -10, 65, -285, 1495, -5290, 12167], 3.23.ak_cn_akz 
(-6, -4, 33), [1, -10, 80, -382, 1840, -5290, 12167], 3.23.ak_dc_aos 
(-6, -4, 35), [1, -10, 82, -394, 1886, -5290, 12167], 3.23.ak_de_ape 
(-1, -9, 51), [1, -10, 83, -465, 1909, -5290, 12167], 3.23.ak_df_arx 
(-1, -9, 53), [1, -10, 85, -467, 1955, -5290, 12167], 3.23.ak_dh_arz 
(-1, -9, 55), [1, -10, 87, -469, 2001, -5290, 12167], 3.23.ak_dj_asb 
(-1, -9, 57), [1, -10, 89, -471, 2047, -5290, 12167], 3.23.ak_dl_asd 
(-5, -5, 41), [1, -10, 89, -435, 2047, -5290, 12167], 3.23.ak_dl_aqt 
(-5, -5, 43), [1, -10, 91, -445, 2093, -5290, 12167], 3.23.ak_dn_ard 
(-5, -5, 45), [1, -10, 93, -455, 2139, -5290, 12167], 3.23.ak_dp_arn 
(-5, -5, 47), [1, -10, 95, -465, 2185, -5290, 12167], 3.23.ak_dr_arx 
(-2, -8, 57), [1, -10, 96, -482, 2208, -5290, 12167], 3.23.ak_ds_aso 
(-5, -5, 48), [1, -10, 96, -470, 2208, -5290, 12167], 3.23.ak_ds_asc 
(-5, -5, 49), [1, -10, 97, -475, 2231, -5290, 12167], 3.23.ak_dt_ash 
(-2, -8, 59), [1, -10, 98, -486, 2254, -5290, 12167], 3.23.ak_du_ass 
(-3, -7, 55), [1, -10, 99, -487, 2277, -5290, 12167], 3.23.ak_dv_ast 
(-4, -6, 53), [1, -10, 100, -488, 2300, -5290, 12167], 3.23.ak_dw_asu 
(-3, -7, 57), [1, -10, 101, -493, 2323, -5290, 12167], 3.23.ak_dx_asz 
(-9, 0, -44), [1, -9, -21, 396, -483, -4761, 12167], 3.23.aj_av_pg 
(-9, 0, -40), [1, -9, -17, 360, -391, -4761, 12167], 3.23.aj_ar_nw 
(-9, 0, -38), [1, -9, -15, 342, -345, -4761, 12167], 3.23.aj_ap_ne 
(-9, 0, -36), [1, -9, -13, 324, -299, -4761, 12167], 3.23.aj_an_mm 
(-9, 0, -34), [1, -9, -11, 306, -253, -4761, 12167], 3.23.aj_al_lu 
(-9, 0, -32), [1, -9, -9, 288, -207, -4761, 12167], 3.23.aj_aj_lc 
(-8, -1, -13), [1, -9, 18, 58, 414, -4761, 12167], 3.23.aj_s_cg 
(-8, -1, -12), [1, -9, 19, 50, 437, -4761, 12167], 3.23.aj_t_by 
(-8, -1, -11), [1, -9, 20, 42, 460, -4761, 12167], 3.23.aj_u_bq 
(-8, -1, -9), [1, -9, 22, 26, 506, -4761, 12167], 3.23.aj_w_ba 
(-8, -1, -8), [1, -9, 23, 18, 529, -4761, 12167], 3.23.aj_x_s 
(-8, -1, -7), [1, -9, 24, 10, 552, -4761, 12167], 3.23.aj_y_k 
(-7, -2, 8), [1, -9, 45, -148, 1035, -4761, 12167], 3.23.aj_bt_afs 
(-7, -2, 10), [1, -9, 47, -162, 1081, -4761, 12167], 3.23.aj_bv_agg 
(-7, -2, 12), [1, -9, 49, -176, 1127, -4761, 12167], 3.23.aj_bx_agu 
(-7, -2, 14), [1, -9, 51, -190, 1173, -4761, 12167], 3.23.aj_bz_ahi 
(-6, -3, 25), [1, -9, 66, -288, 1518, -4761, 12167], 3.23.aj_co_alc 
(-6, -3, 26), [1, -9, 67, -294, 1541, -4761, 12167], 3.23.aj_cp_ali 
(-6, -3, 27), [1, -9, 68, -300, 1564, -4761, 12167], 3.23.aj_cq_alo 
(-6, -3, 29), [1, -9, 70, -312, 1610, -4761, 12167], 3.23.aj_cs_ama 
(-6, -3, 30), [1, -9, 71, -318, 1633, -4761, 12167], 3.23.aj_ct_amg 
(-6, -3, 31), [1, -9, 72, -324, 1656, -4761, 12167], 3.23.aj_cu_amm 
(-1, -8, 50), [1, -9, 81, -418, 1863, -4761, 12167], 3.23.aj_dd_aqc 
(-5, -4, 38), [1, -9, 81, -374, 1863, -4761, 12167], 3.23.aj_dd_aok 
(-1, -8, 52), [1, -9, 83, -420, 1909, -4761, 12167], 3.23.aj_df_aqe 
(-5, -4, 40), [1, -9, 83, -384, 1909, -4761, 12167], 3.23.aj_df_aou 
(-1, -8, 54), [1, -9, 85, -422, 1955, -4761, 12167], 3.23.aj_dh_aqg 
(-5, -4, 42), [1, -9, 85, -394, 1955, -4761, 12167], 3.23.aj_dh_ape 
(-1, -8, 56), [1, -9, 87, -424, 2001, -4761, 12167], 3.23.aj_dj_aqi 
(-5, -4, 44), [1, -9, 87, -404, 2001, -4761, 12167], 3.23.aj_dj_apo 
(-2, -7, 53), [1, -9, 90, -428, 2070, -4761, 12167], 3.23.aj_dm_aqm 
(-4, -5, 47), [1, -9, 90, -418, 2070, -4761, 12167], 3.23.aj_dm_aqc 
(-2, -7, 54), [1, -9, 91, -430, 2093, -4761, 12167], 3.23.aj_dn_aqo 
(-4, -5, 48), [1, -9, 91, -422, 2093, -4761, 12167], 3.23.aj_dn_aqg 
(-2, -7, 55), [1, -9, 92, -432, 2116, -4761, 12167], 3.23.aj_do_aqq 
(-4, -5, 49), [1, -9, 92, -426, 2116, -4761, 12167], 3.23.aj_do_aqk 
(-3, -6, 52), [1, -9, 93, -432, 2139, -4761, 12167], 3.23.aj_dp_aqq 
(-2, -7, 57), [1, -9, 94, -436, 2162, -4761, 12167], 3.23.aj_dq_aqu 
(-4, -5, 51), [1, -9, 94, -434, 2162, -4761, 12167], 3.23.aj_dq_aqs 
(-8, 0, -45), [1, -8, -22, 360, -506, -4232, 12167], 3.23.ai_aw_nw 
(-9, 1, -31), [1, -8, -17, 325, -391, -4232, 12167], 3.23.ai_ar_mn 
(-8, 0, -37), [1, -8, -14, 296, -322, -4232, 12167], 3.23.ai_ao_lk 
(-8, 0, -21), [1, -8, 2, 168, 46, -4232, 12167], 3.23.ai_c_gm 
(-8, 0, -19), [1, -8, 4, 152, 92, -4232, 12167], 3.23.ai_e_fw 
(-8, 0, -17), [1, -8, 6, 136, 138, -4232, 12167], 3.23.ai_g_fg 
(-7, -1, 1), [1, -8, 31, -53, 713, -4232, 12167], 3.23.ai_bf_acb 
(-7, -1, 3), [1, -8, 33, -67, 759, -4232, 12167], 3.23.ai_bh_acp 
(-7, -1, 5), [1, -8, 35, -81, 805, -4232, 12167], 3.23.ai_bj_add 
(-7, -1, 7), [1, -8, 37, -95, 851, -4232, 12167], 3.23.ai_bl_adr 
(-2, -6, 13), [1, -8, 48, -302, 1104, -4232, 12167], 3.23.ai_bw_alq 
(-6, -2, 21), [1, -8, 56, -218, 1288, -4232, 12167], 3.23.ai_ce_aik 
(-5, -3, 33), [1, -8, 71, -303, 1633, -4232, 12167], 3.23.ai_ct_alr 
(-5, -3, 35), [1, -8, 73, -313, 1679, -4232, 12167], 3.23.ai_cv_amb 
(-5, -3, 37), [1, -8, 75, -323, 1725, -4232, 12167], 3.23.ai_cx_aml 
(-5, -3, 39), [1, -8, 77, -333, 1771, -4232, 12167], 3.23.ai_cz_amv 
(-1, -7, 49), [1, -8, 79, -371, 1817, -4232, 12167], 3.23.ai_db_aoh 
(-2, -6, 45), [1, -8, 80, -366, 1840, -4232, 12167], 3.23.ai_dc_aoc 
(-1, -7, 51), [1, -8, 81, -373, 1863, -4232, 12167], 3.23.ai_dd_aoj 
(-1, -7, 53), [1, -8, 83, -375, 1909, -4232, 12167], 3.23.ai_df_aol 
(-4, -4, 45), [1, -8, 84, -364, 1932, -4232, 12167], 3.23.ai_dg_aoa 
(-1, -7, 55), [1, -8, 85, -377, 1955, -4232, 12167], 3.23.ai_dh_aon 
(-4, -4, 47), [1, -8, 86, -372, 1978, -4232, 12167], 3.23.ai_di_aoi 
(-3, -5, 49), [1, -8, 87, -377, 2001, -4232, 12167], 3.23.ai_dj_aon 
(-2, -6, 53), [1, -8, 88, -382, 2024, -4232, 12167], 3.23.ai_dk_aos 
(-3, -5, 51), [1, -8, 89, -383, 2047, -4232, 12167], 3.23.ai_dl_aot 
(-7, 0, -44), [1, -7, -21, 308, -483, -3703, 12167], 3.23.ah_av_lw 
(-8, 1, -31), [1, -7, -16, 294, -368, -3703, 12167], 3.23.ah_aq_li 
(-8, 1, -30), [1, -7, -15, 286, -345, -3703, 12167], 3.23.ah_ap_la 
(-8, 1, -29), [1, -7, -14, 278, -322, -3703, 12167], 3.23.ah_ao_ks 
(-8, 1, -28), [1, -7, -13, 270, -299, -3703, 12167], 3.23.ah_an_kk 
(-8, 1, -27), [1, -7, -12, 262, -276, -3703, 12167], 3.23.ah_am_kc 
(-8, 1, -25), [1, -7, -10, 246, -230, -3703, 12167], 3.23.ah_ak_jm 
(-8, 1, -24), [1, -7, -9, 238, -207, -3703, 12167], 3.23.ah_aj_je 
(-8, 1, -22), [1, -7, -7, 222, -161, -3703, 12167], 3.23.ah_ah_io 
(-7, 0, -6), [1, -7, 17, 42, 391, -3703, 12167], 3.23.ah_r_bq 
(-7, 0, -4), [1, -7, 19, 28, 437, -3703, 12167], 3.23.ah_t_bc 
(-7, 0, -2), [1, -7, 21, 14, 483, -3703, 12167], 3.23.ah_v_o 
(-6, -1, 13), [1, -7, 42, -124, 966, -3703, 12167], 3.23.ah_bq_aeu 
(-6, -1, 14), [1, -7, 43, -130, 989, -3703, 12167], 3.23.ah_br_afa 
(-6, -1, 15), [1, -7, 44, -136, 1012, -3703, 12167], 3.23.ah_bs_afg 
(-6, -1, 17), [1, -7, 46, -148, 1058, -3703, 12167], 3.23.ah_bu_afs 
(-6, -1, 18), [1, -7, 47, -154, 1081, -3703, 12167], 3.23.ah_bv_afy 
(-6, -1, 19), [1, -7, 48, -160, 1104, -3703, 12167], 3.23.ah_bw_age 
(1, -8, 34), [1, -7, 49, -334, 1127, -3703, 12167], 3.23.ah_bx_amw 
(1, -8, 36), [1, -7, 51, -332, 1173, -3703, 12167], 3.23.ah_bz_amu 
(1, -8, 38), [1, -7, 53, -330, 1219, -3703, 12167], 3.23.ah_cb_ams 
(1, -8, 40), [1, -7, 55, -328, 1265, -3703, 12167], 3.23.ah_cd_amq 
(-5, -2, 28), [1, -7, 61, -232, 1403, -3703, 12167], 3.23.ah_cj_aiy 
(-5, -2, 30), [1, -7, 63, -242, 1449, -3703, 12167], 3.23.ah_cl_aji 
(-5, -2, 32), [1, -7, 65, -252, 1495, -3703, 12167], 3.23.ah_cn_ajs 
(-5, -2, 34), [1, -7, 67, -262, 1541, -3703, 12167], 3.23.ah_cp_akc 
(-4, -3, 39), [1, -7, 74, -294, 1702, -3703, 12167], 3.23.ah_cw_ali 
(-4, -3, 40), [1, -7, 75, -298, 1725, -3703, 12167], 3.23.ah_cx_alm 
(-4, -3, 41), [1, -7, 76, -302, 1748, -3703, 12167], 3.23.ah_cy_alq 
(-1, -6, 48), [1, -7, 77, -324, 1771, -3703, 12167], 3.23.ah_cz_amm 
(-4, -3, 43), [1, -7, 78, -310, 1794, -3703, 12167], 3.23.ah_da_aly 
(-1, -6, 50), [1, -7, 79, -326, 1817, -3703, 12167], 3.23.ah_db_amo 
(-4, -3, 44), [1, -7, 79, -314, 1817, -3703, 12167], 3.23.ah_db_amc 
(-4, -3, 45), [1, -7, 80, -318, 1840, -3703, 12167], 3.23.ah_dc_amg 
(-1, -6, 52), [1, -7, 81, -328, 1863, -3703, 12167], 3.23.ah_dd_amq 
(-2, -5, 49), [1, -7, 82, -328, 1886, -3703, 12167], 3.23.ah_de_amq 
(-3, -4, 48), [1, -7, 83, -328, 1909, -3703, 12167], 3.23.ah_df_amq 
(-2, -5, 51), [1, -7, 84, -332, 1932, -3703, 12167], 3.23.ah_dg_amu 
(-6, 0, -45), [1, -6, -22, 270, -506, -3174, 12167], 3.23.ag_aw_kk 
(-7, 1, -33), [1, -6, -17, 277, -391, -3174, 12167], 3.23.ag_ar_kr 
(-6, 0, -37), [1, -6, -14, 222, -322, -3174, 12167], 3.23.ag_ao_io 
(-6, 0, -21), [1, -6, 2, 126, 46, -3174, 12167], 3.23.ag_c_ew 
(-7, 1, -13), [1, -6, 3, 137, 69, -3174, 12167], 3.23.ag_d_fh 
(-7, 1, -11), [1, -6, 5, 123, 115, -3174, 12167], 3.23.ag_f_et 
(-7, 1, -9), [1, -6, 7, 109, 161, -3174, 12167], 3.23.ag_h_ef 
(-7, 1, -7), [1, -6, 9, 95, 207, -3174, 12167], 3.23.ag_j_dr 
(-6, 0, 9), [1, -6, 32, -54, 736, -3174, 12167], 3.23.ag_bg_acc 
(-6, 0, 11), [1, -6, 34, -66, 782, -3174, 12167], 3.23.ag_bi_aco 
(2, -8, 31), [1, -6, 38, -306, 874, -3174, 12167], 3.23.ag_bm_alu 
(1, -7, 35), [1, -6, 51, -287, 1173, -3174, 12167], 3.23.ag_bz_alb 
(1, -7, 37), [1, -6, 53, -285, 1219, -3174, 12167], 3.23.ag_cb_akz 
(-5, -1, 25), [1, -6, 53, -171, 1219, -3174, 12167], 3.23.ag_cb_agp 
(1, -7, 39), [1, -6, 55, -283, 1265, -3174, 12167], 3.23.ag_cd_akx 
(-5, -1, 27), [1, -6, 55, -181, 1265, -3174, 12167], 3.23.ag_cd_agz 
(1, -7, 41), [1, -6, 57, -281, 1311, -3174, 12167], 3.23.ag_cf_akv 
(-5, -1, 29), [1, -6, 57, -191, 1311, -3174, 12167], 3.23.ag_cf_ahj 
(-4, -2, 37), [1, -6, 68, -240, 1564, -3174, 12167], 3.23.ag_cq_ajg 
(-4, -2, 39), [1, -6, 70, -248, 1610, -3174, 12167], 3.23.ag_cs_ajo 
(-1, -5, 47), [1, -6, 75, -277, 1725, -3174, 12167], 3.23.ag_cx_akr 
(-3, -3, 43), [1, -6, 75, -267, 1725, -3174, 12167], 3.23.ag_cx_akh 
(-1, -5, 49), [1, -6, 77, -279, 1771, -3174, 12167], 3.23.ag_cz_akt 
(-3, -3, 45), [1, -6, 77, -273, 1771, -3174, 12167], 3.23.ag_cz_akn 
(-1, -5, 51), [1, -6, 79, -281, 1817, -3174, 12167], 3.23.ag_db_akv 
(-3, -3, 47), [1, -6, 79, -279, 1817, -3174, 12167], 3.23.ag_db_akt 
(-7, 2, -24), [1, -5, -15, 260, -345, -2645, 12167], 3.23.af_ap_ka 
(-7, 2, -20), [1, -5, -11, 232, -253, -2645, 12167], 3.23.af_al_iy 
(-7, 2, -18), [1, -5, -9, 218, -207, -2645, 12167], 3.23.af_aj_ik 
(-7, 2, -16), [1, -5, -7, 204, -161, -2645, 12167], 3.23.af_ah_hw 
(-7, 2, -14), [1, -5, -5, 190, -115, -2645, 12167], 3.23.af_af_hi 
(-6, 1, 1), [1, -5, 18, 40, 414, -2645, 12167], 3.23.af_s_bo 
(-6, 1, 2), [1, -5, 19, 34, 437, -2645, 12167], 3.23.af_t_bi 
(-6, 1, 3), [1, -5, 20, 28, 460, -2645, 12167], 3.23.af_u_bc 
(-6, 1, 5), [1, -5, 22, 16, 506, -2645, 12167], 3.23.af_w_q 
(-6, 1, 6), [1, -5, 23, 10, 529, -2645, 12167], 3.23.af_x_k 
(-6, 1, 7), [1, -5, 24, 4, 552, -2645, 12167], 3.23.af_y_e 
(-5, 0, 4), [1, -5, 27, -20, 621, -2645, 12167], 3.23.af_bb_au 
(1, -6, 12), [1, -5, 29, -264, 667, -2645, 12167], 3.23.af_bd_ake 
(2, -7, 24), [1, -5, 33, -274, 759, -2645, 12167], 3.23.af_bh_ako 
(2, -7, 25), [1, -5, 34, -272, 782, -2645, 12167], 3.23.af_bi_akm 
(2, -7, 26), [1, -5, 35, -270, 805, -2645, 12167], 3.23.af_bj_akk 
(2, -7, 27), [1, -5, 36, -268, 828, -2645, 12167], 3.23.af_bk_aki 
(2, -7, 29), [1, -5, 38, -264, 874, -2645, 12167], 3.23.af_bm_ake 
(2, -7, 30), [1, -5, 39, -262, 897, -2645, 12167], 3.23.af_bn_akc 
(2, -7, 31), [1, -5, 40, -260, 920, -2645, 12167], 3.23.af_bo_aka 
(-5, 0, 18), [1, -5, 41, -90, 943, -2645, 12167], 3.23.af_bp_adm 
(-5, 0, 20), [1, -5, 43, -100, 989, -2645, 12167], 3.23.af_br_adw 
(-5, 0, 22), [1, -5, 45, -110, 1035, -2645, 12167], 3.23.af_bt_aeg 
(-5, 0, 24), [1, -5, 47, -120, 1081, -2645, 12167], 3.23.af_bv_aeq 
(1, -6, 36), [1, -5, 53, -240, 1219, -2645, 12167], 3.23.af_cb_ajg 
(1, -6, 38), [1, -5, 55, -238, 1265, -2645, 12167], 3.23.af_cd_aje 
(1, -6, 40), [1, -5, 57, -236, 1311, -2645, 12167], 3.23.af_cf_ajc 
(-4, -1, 31), [1, -5, 58, -170, 1334, -2645, 12167], 3.23.af_cg_ago 
(1, -6, 42), [1, -5, 59, -234, 1357, -2645, 12167], 3.23.af_ch_aja 
(-4, -1, 32), [1, -5, 59, -174, 1357, -2645, 12167], 3.23.af_ch_ags 
(-4, -1, 33), [1, -5, 60, -178, 1380, -2645, 12167], 3.23.af_ci_agw 
(-4, -1, 35), [1, -5, 62, -186, 1426, -2645, 12167], 3.23.af_ck_ahe 
(-4, -1, 36), [1, -5, 63, -190, 1449, -2645, 12167], 3.23.af_cl_ahi 
(-4, -1, 37), [1, -5, 64, -194, 1472, -2645, 12167], 3.23.af_cm_ahm 
(-3, -2, 40), [1, -5, 69, -212, 1587, -2645, 12167], 3.23.af_cr_aie 
(-1, -4, 44), [1, -5, 71, -228, 1633, -2645, 12167], 3.23.af_ct_aiu 
(-3, -2, 42), [1, -5, 71, -218, 1633, -2645, 12167], 3.23.af_ct_aik 
(-3, -2, 44), [1, -5, 73, -224, 1679, -2645, 12167], 3.23.af_cv_aiq 
(-2, -3, 45), [1, -5, 74, -228, 1702, -2645, 12167], 3.23.af_cw_aiu 
(-1, -4, 48), [1, -5, 75, -232, 1725, -2645, 12167], 3.23.af_cx_aiy 
(-2, -3, 47), [1, -5, 76, -232, 1748, -2645, 12167], 3.23.af_cy_aiy 
(-8, 4, -7), [1, -4, -16, 240, -368, -2116, 12167], 3.23.ae_aq_jg 
(-4, 0, -37), [1, -4, -14, 148, -322, -2116, 12167], 3.23.ae_ao_fs 
(-6, 2, -3), [1, -4, 8, 110, 184, -2116, 12167], 3.23.ae_i_eg 
(-6, 2, -1), [1, -4, 10, 98, 230, -2116, 12167], 3.23.ae_k_du 
(-6, 2, 1), [1, -4, 12, 86, 276, -2116, 12167], 3.23.ae_m_di 
(2, -6, 13), [1, -4, 24, -250, 552, -2116, 12167], 3.23.ae_y_ajq 
(-5, 1, 11), [1, -4, 29, -9, 667, -2116, 12167], 3.23.ae_bd_aj 
(-5, 1, 13), [1, -4, 31, -19, 713, -2116, 12167], 3.23.ae_bf_at 
(-5, 1, 15), [1, -4, 33, -29, 759, -2116, 12167], 3.23.ae_bh_abd 
(-5, 1, 17), [1, -4, 35, -39, 805, -2116, 12167], 3.23.ae_bj_abn 
(-5, 1, 19), [1, -4, 37, -49, 851, -2116, 12167], 3.23.ae_bl_abx 
(2, -6, 29), [1, -4, 40, -218, 920, -2116, 12167], 3.23.ae_bo_aik 
(2, -6, 31), [1, -4, 42, -214, 966, -2116, 12167], 3.23.ae_bq_aig 
(-4, 0, 29), [1, -4, 52, -116, 1196, -2116, 12167], 3.23.ae_ca_aem 
(-4, 0, 31), [1, -4, 54, -124, 1242, -2116, 12167], 3.23.ae_cc_aeu 
(1, -5, 37), [1, -4, 55, -193, 1265, -2116, 12167], 3.23.ae_cd_ahl 
(-4, 0, 32), [1, -4, 55, -128, 1265, -2116, 12167], 3.23.ae_cd_aey 
(1, -5, 39), [1, -4, 57, -191, 1311, -2116, 12167], 3.23.ae_cf_ahj 
(1, -5, 41), [1, -4, 59, -189, 1357, -2116, 12167], 3.23.ae_ch_ahh 
(1, -5, 43), [1, -4, 61, -187, 1403, -2116, 12167], 3.23.ae_cj_ahf 
(-3, -1, 37), [1, -4, 63, -157, 1449, -2116, 12167], 3.23.ae_cl_agb 
(-3, -1, 39), [1, -4, 65, -163, 1495, -2116, 12167], 3.23.ae_cn_agh 
(-3, -1, 41), [1, -4, 67, -169, 1541, -2116, 12167], 3.23.ae_cp_agn 
(-3, -1, 43), [1, -4, 69, -175, 1587, -2116, 12167], 3.23.ae_cr_agt 
(-1, -3, 45), [1, -4, 71, -183, 1633, -2116, 12167], 3.23.ae_ct_ahb 
(-2, -2, 45), [1, -4, 72, -182, 1656, -2116, 12167], 3.23.ae_cu_aha 
(-1, -3, 47), [1, -4, 73, -185, 1679, -2116, 12167], 3.23.ae_cv_ahd 
(-3, 0, -44), [1, -3, -21, 132, -483, -1587, 12167], 3.23.ad_av_fc 
(-6, 3, -11), [1, -3, -6, 204, -138, -1587, 12167], 3.23.ad_ag_hw 
(-6, 3, -10), [1, -3, -5, 198, -115, -1587, 12167], 3.23.ad_af_hq 
(-6, 3, -9), [1, -3, -4, 192, -92, -1587, 12167], 3.23.ad_ae_hk 
(-6, 3, -7), [1, -3, -2, 180, -46, -1587, 12167], 3.23.ad_ac_gy 
(-6, 3, -6), [1, -3, -1, 174, -23, -1587, 12167], 3.23.ad_ab_gs 
(-6, 3, -5), [1, -3, 0, 168, 0, -1587, 12167], 3.23.ad_a_gm 
(3, -6, 16), [1, -3, 21, -228, 483, -1587, 12167], 3.23.ad_v_aiu 
(-5, 2, 8), [1, -3, 21, 52, 483, -1587, 12167], 3.23.ad_v_ca 
(3, -6, 18), [1, -3, 23, -222, 529, -1587, 12167], 3.23.ad_x_aio 
(-5, 2, 10), [1, -3, 23, 42, 529, -1587, 12167], 3.23.ad_x_bq 
(3, -6, 20), [1, -3, 25, -216, 575, -1587, 12167], 3.23.ad_z_aii 
(-5, 2, 12), [1, -3, 25, 32, 575, -1587, 12167], 3.23.ad_z_bg 
(3, -6, 22), [1, -3, 27, -210, 621, -1587, 12167], 3.23.ad_bb_aic 
(-3, 0, 4), [1, -3, 27, -12, 621, -1587, 12167], 3.23.ad_bb_am 
(-5, 2, 14), [1, -3, 27, 22, 621, -1587, 12167], 3.23.ad_bb_w 
(-3, 0, 18), [1, -3, 41, -54, 943, -1587, 12167], 3.23.ad_bp_acc 
(2, -5, 29), [1, -3, 42, -172, 966, -1587, 12167], 3.23.ad_bq_agq 
(2, -5, 30), [1, -3, 43, -170, 989, -1587, 12167], 3.23.ad_br_ago 
(-4, 1, 24), [1, -3, 43, -50, 989, -1587, 12167], 3.23.ad_br_aby 
(2, -5, 31), [1, -3, 44, -168, 1012, -1587, 12167], 3.23.ad_bs_agm 
(-4, 1, 25), [1, -3, 44, -54, 1012, -1587, 12167], 3.23.ad_bs_acc 
(2, -5, 33), [1, -3, 46, -164, 1058, -1587, 12167], 3.23.ad_bu_agi 
(-4, 1, 27), [1, -3, 46, -62, 1058, -1587, 12167], 3.23.ad_bu_ack 
(2, -5, 34), [1, -3, 47, -162, 1081, -1587, 12167], 3.23.ad_bv_agg 
(-4, 1, 28), [1, -3, 47, -66, 1081, -1587, 12167], 3.23.ad_bv_aco 
(2, -5, 35), [1, -3, 48, -160, 1104, -1587, 12167], 3.23.ad_bw_age 
(-4, 1, 29), [1, -3, 48, -70, 1104, -1587, 12167], 3.23.ad_bw_acs 
(1, -4, 38), [1, -3, 57, -146, 1311, -1587, 12167], 3.23.ad_cf_afq 
(-3, 0, 34), [1, -3, 57, -102, 1311, -1587, 12167], 3.23.ad_cf_ady 
(1, -4, 40), [1, -3, 59, -144, 1357, -1587, 12167], 3.23.ad_ch_afo 
(-3, 0, 36), [1, -3, 59, -108, 1357, -1587, 12167], 3.23.ad_ch_aee 
(1, -4, 42), [1, -3, 61, -142, 1403, -1587, 12167], 3.23.ad_cj_afm 
(-3, 0, 38), [1, -3, 61, -114, 1403, -1587, 12167], 3.23.ad_cj_aek 
(1, -4, 44), [1, -3, 63, -140, 1449, -1587, 12167], 3.23.ad_cl_afk 
(-3, 0, 40), [1, -3, 63, -120, 1449, -1587, 12167], 3.23.ad_cl_aeq 
(2, -5, 51), [1, -3, 64, -128, 1472, -1587, 12167], 3.23.ad_cm_aey 
(-2, -1, 41), [1, -3, 66, -128, 1518, -1587, 12167], 3.23.ad_co_aey 
(1, -4, 48), [1, -3, 67, -136, 1541, -1587, 12167], 3.23.ad_cp_afg 
(-2, -1, 42), [1, -3, 67, -130, 1541, -1587, 12167], 3.23.ad_cp_afa 
(-2, -1, 43), [1, -3, 68, -132, 1564, -1587, 12167], 3.23.ad_cq_afc 
(-1, -2, 44), [1, -3, 69, -136, 1587, -1587, 12167], 3.23.ad_cr_afg 
(-2, -1, 45), [1, -3, 70, -136, 1610, -1587, 12167], 3.23.ad_cs_afg 
(-2, 0, -37), [1, -2, -14, 74, -322, -1058, 12167], 3.23.ac_ao_cw 
(-6, 4, -7), [1, -2, -8, 226, -184, -1058, 12167], 3.23.ac_ai_is 
(-5, 3, -9), [1, -2, -1, 183, -23, -1058, 12167], 3.23.ac_ab_hb 
(-5, 3, 3), [1, -2, 11, 123, 253, -1058, 12167], 3.23.ac_l_et 
(-5, 3, 5), [1, -2, 13, 113, 299, -1058, 12167], 3.23.ac_n_ej 
(-5, 3, 7), [1, -2, 15, 103, 345, -1058, 12167], 3.23.ac_p_dz 
(-5, 3, 8), [1, -2, 16, 98, 368, -1058, 12167], 3.23.ac_q_du 
(-5, 3, 9), [1, -2, 17, 93, 391, -1058, 12167], 3.23.ac_r_dp 
(3, -5, 19), [1, -2, 27, -173, 621, -1058, 12167], 3.23.ac_bb_agr 
(3, -5, 21), [1, -2, 29, -167, 667, -1058, 12167], 3.23.ac_bd_agl 
(3, -5, 25), [1, -2, 33, -155, 759, -1058, 12167], 3.23.ac_bh_afz 
(-4, 2, 21), [1, -2, 36, 8, 828, -1058, 12167], 3.23.ac_bk_i 
(2, -4, 33), [1, -2, 48, -118, 1104, -1058, 12167], 3.23.ac_bw_aeo 
(2, -4, 35), [1, -2, 50, -114, 1150, -1058, 12167], 3.23.ac_by_aek 
(-3, 1, 31), [1, -2, 51, -47, 1173, -1058, 12167], 3.23.ac_bz_abv 
(-3, 1, 33), [1, -2, 53, -53, 1219, -1058, 12167], 3.23.ac_cb_acb 
(-3, 1, 35), [1, -2, 55, -59, 1265, -1058, 12167], 3.23.ac_cd_ach 
(-3, 1, 37), [1, -2, 57, -65, 1311, -1058, 12167], 3.23.ac_cf_acn 
(-2, 0, 35), [1, -2, 58, -70, 1334, -1058, 12167], 3.23.ac_cg_acs 
(1, -3, 39), [1, -2, 59, -99, 1357, -1058, 12167], 3.23.ac_ch_adv 
(1, -3, 41), [1, -2, 61, -97, 1403, -1058, 12167], 3.23.ac_cj_adt 
(-2, 0, 39), [1, -2, 62, -78, 1426, -1058, 12167], 3.23.ac_ck_ada 
(1, -3, 43), [1, -2, 63, -95, 1449, -1058, 12167], 3.23.ac_cl_adr 
(-2, 0, 41), [1, -2, 64, -82, 1472, -1058, 12167], 3.23.ac_cm_ade 
(1, -3, 45), [1, -2, 65, -93, 1495, -1058, 12167], 3.23.ac_cn_adp 
(-2, 0, 43), [1, -2, 66, -86, 1518, -1058, 12167], 3.23.ac_co_adi 
(1, -3, 47), [1, -2, 67, -91, 1541, -1058, 12167], 3.23.ac_cp_adn 
(-1, -1, 43), [1, -2, 67, -89, 1541, -1058, 12167], 3.23.ac_cp_adl 
(-1, -1, 45), [1, -2, 69, -91, 1587, -1058, 12167], 3.23.ac_cr_adn 
(-1, 0, -44), [1, -1, -21, 44, -483, -529, 12167], 3.23.ab_av_bs 
(-1, 0, -28), [1, -1, -5, 28, -115, -529, 12167], 3.23.ab_af_bc 
(-5, 4, -2), [1, -1, 1, 194, 23, -529, 12167], 3.23.ab_b_hm 
(4, -5, 2), [1, -1, 5, -222, 115, -529, 12167], 3.23.ab_f_aio 
(-5, 4, 2), [1, -1, 5, 174, 115, -529, 12167], 3.23.ab_f_gs 
(-5, 4, 4), [1, -1, 7, 164, 161, -529, 12167], 3.23.ab_h_gi 
(4, -5, 7), [1, -1, 10, -202, 230, -529, 12167], 3.23.ab_k_ahu 
(4, -5, 8), [1, -1, 11, -198, 253, -529, 12167], 3.23.ab_l_ahq 
(4, -5, 9), [1, -1, 12, -194, 276, -529, 12167], 3.23.ab_m_ahm 
(4, -5, 11), [1, -1, 14, -186, 322, -529, 12167], 3.23.ab_o_ahe 
(4, -5, 12), [1, -1, 15, -182, 345, -529, 12167], 3.23.ab_p_aha 
(4, -5, 13), [1, -1, 16, -178, 368, -529, 12167], 3.23.ab_q_agw 
(-4, 3, 15), [1, -1, 26, 78, 598, -529, 12167], 3.23.ab_ba_da 
(-1, 0, 4), [1, -1, 27, -4, 621, -529, 12167], 3.23.ab_bb_ae 
(-4, 3, 16), [1, -1, 27, 74, 621, -529, 12167], 3.23.ab_bb_cw 
(-4, 3, 17), [1, -1, 28, 70, 644, -529, 12167], 3.23.ab_bc_cs 
(-4, 3, 19), [1, -1, 30, 62, 690, -529, 12167], 3.23.ab_be_ck 
(-4, 3, 20), [1, -1, 31, 58, 713, -529, 12167], 3.23.ab_bf_cg 
(-4, 3, 21), [1, -1, 32, 54, 736, -529, 12167], 3.23.ab_bg_cc 
(3, -4, 22), [1, -1, 33, -118, 759, -529, 12167], 3.23.ab_bh_aeo 
(3, -4, 24), [1, -1, 35, -112, 805, -529, 12167], 3.23.ab_bj_aei 
(3, -4, 26), [1, -1, 37, -106, 851, -529, 12167], 3.23.ab_bl_aec 
(3, -4, 28), [1, -1, 39, -100, 897, -529, 12167], 3.23.ab_bn_adw 
(-3, 2, 28), [1, -1, 45, 8, 1035, -529, 12167], 3.23.ab_bt_i 
(-3, 2, 30), [1, -1, 47, 2, 1081, -529, 12167], 3.23.ab_bv_c 
(-3, 2, 32), [1, -1, 49, -4, 1127, -529, 12167], 3.23.ab_bx_ae 
(2, -3, 33), [1, -1, 50, -72, 1150, -529, 12167], 3.23.ab_by_acu 
(2, -3, 34), [1, -1, 51, -70, 1173, -529, 12167], 3.23.ab_bz_acs 
(-3, 2, 34), [1, -1, 51, -10, 1173, -529, 12167], 3.23.ab_bz_ak 
(2, -3, 35), [1, -1, 52, -68, 1196, -529, 12167], 3.23.ab_ca_acq 
(2, -3, 37), [1, -1, 54, -64, 1242, -529, 12167], 3.23.ab_cc_acm 
(2, -3, 38), [1, -1, 55, -62, 1265, -529, 12167], 3.23.ab_cd_ack 
(2, -3, 39), [1, -1, 56, -60, 1288, -529, 12167], 3.23.ab_ce_aci 
(-2, 1, 37), [1, -1, 58, -28, 1334, -529, 12167], 3.23.ab_cg_abc 
(-2, 1, 38), [1, -1, 59, -30, 1357, -529, 12167], 3.23.ab_ch_abe 
(-2, 1, 39), [1, -1, 60, -32, 1380, -529, 12167], 3.23.ab_ci_abg 
(1, -2, 40), [1, -1, 61, -52, 1403, -529, 12167], 3.23.ab_cj_aca 
(-2, 1, 41), [1, -1, 62, -36, 1426, -529, 12167], 3.23.ab_ck_abk 
(1, -2, 42), [1, -1, 63, -50, 1449, -529, 12167], 3.23.ab_cl_aby 
(-2, 1, 42), [1, -1, 63, -38, 1449, -529, 12167], 3.23.ab_cl_abm 
(-2, 1, 43), [1, -1, 64, -40, 1472, -529, 12167], 3.23.ab_cm_abo 
(1, -2, 44), [1, -1, 65, -48, 1495, -529, 12167], 3.23.ab_cn_abw 
(-1, 0, 44), [1, -1, 67, -44, 1541, -529, 12167], 3.23.ab_cp_abs 
(5, -5, 3), [1, 0, 1, -215, 23, 0, 12167], 3.23.a_b_aih 
(-5, 5, 3), [1, 0, 1, 215, 23, 0, 12167], 3.23.a_b_ih 
(4, -4, 13), [1, 0, 20, -132, 460, 0, 12167], 3.23.a_u_afc 
(-4, 4, 13), [1, 0, 20, 132, 460, 0, 12167], 3.23.a_u_fc 
(4, -4, 15), [1, 0, 22, -124, 506, 0, 12167], 3.23.a_w_aeu 
(-4, 4, 15), [1, 0, 22, 124, 506, 0, 12167], 3.23.a_w_eu 
(3, -3, 25), [1, 0, 39, -63, 897, 0, 12167], 3.23.a_bn_acl 
(-3, 3, 25), [1, 0, 39, 63, 897, 0, 12167], 3.23.a_bn_cl 
(3, -3, 27), [1, 0, 41, -57, 943, 0, 12167], 3.23.a_bp_acf 
(-3, 3, 27), [1, 0, 41, 57, 943, 0, 12167], 3.23.a_bp_cf 
(3, -3, 29), [1, 0, 43, -51, 989, 0, 12167], 3.23.a_br_abz 
(-3, 3, 29), [1, 0, 43, 51, 989, 0, 12167], 3.23.a_br_bz 
(3, -3, 31), [1, 0, 45, -45, 1035, 0, 12167], 3.23.a_bt_abt 
(-3, 3, 31), [1, 0, 45, 45, 1035, 0, 12167], 3.23.a_bt_bt 
(2, -2, 37), [1, 0, 56, -18, 1288, 0, 12167], 3.23.a_ce_as 
(-2, 2, 37), [1, 0, 56, 18, 1288, 0, 12167], 3.23.a_ce_s 
(2, -2, 39), [1, 0, 58, -14, 1334, 0, 12167], 3.23.a_cg_ao 
(-2, 2, 39), [1, 0, 58, 14, 1334, 0, 12167], 3.23.a_cg_o 
(1, -1, 39), [1, 0, 61, -7, 1403, 0, 12167], 3.23.a_cj_ah 
(-1, 1, 39), [1, 0, 61, 7, 1403, 0, 12167], 3.23.a_cj_h 
(1, -1, 41), [1, 0, 63, -5, 1449, 0, 12167], 3.23.a_cl_af 
(-1, 1, 41), [1, 0, 63, 5, 1449, 0, 12167], 3.23.a_cl_f 
(1, -1, 43), [1, 0, 65, -3, 1495, 0, 12167], 3.23.a_cn_ad 
(-1, 1, 43), [1, 0, 65, 3, 1495, 0, 12167], 3.23.a_cn_d 
(1, -1, 45), [1, 0, 67, -1, 1541, 0, 12167], 3.23.a_cp_ab 
(-1, 1, 45), [1, 0, 67, 1, 1541, 0, 12167], 3.23.a_cp_b 
(1, 0, -44), [1, 1, -21, -44, -483, 529, 12167], 3.23.b_av_abs 
(1, 0, -28), [1, 1, -5, -28, -115, 529, 12167], 3.23.b_af_abc 
(5, -4, -2), [1, 1, 1, -194, 23, 529, 12167], 3.23.b_b_ahm 
(5, -4, 2), [1, 1, 5, -174, 115, 529, 12167], 3.23.b_f_ags 
(-4, 5, 2), [1, 1, 5, 222, 115, 529, 12167], 3.23.b_f_io 
(5, -4, 4), [1, 1, 7, -164, 161, 529, 12167], 3.23.b_h_agi 
(-4, 5, 7), [1, 1, 10, 202, 230, 529, 12167], 3.23.b_k_hu 
(-4, 5, 8), [1, 1, 11, 198, 253, 529, 12167], 3.23.b_l_hq 
(-4, 5, 9), [1, 1, 12, 194, 276, 529, 12167], 3.23.b_m_hm 
(-4, 5, 11), [1, 1, 14, 186, 322, 529, 12167], 3.23.b_o_he 
(-4, 5, 12), [1, 1, 15, 182, 345, 529, 12167], 3.23.b_p_ha 
(-4, 5, 13), [1, 1, 16, 178, 368, 529, 12167], 3.23.b_q_gw 
(4, -3, 15), [1, 1, 26, -78, 598, 529, 12167], 3.23.b_ba_ada 
(4, -3, 16), [1, 1, 27, -74, 621, 529, 12167], 3.23.b_bb_acw 
(1, 0, 4), [1, 1, 27, 4, 621, 529, 12167], 3.23.b_bb_e 
(4, -3, 17), [1, 1, 28, -70, 644, 529, 12167], 3.23.b_bc_acs 
(4, -3, 19), [1, 1, 30, -62, 690, 529, 12167], 3.23.b_be_ack 
(4, -3, 20), [1, 1, 31, -58, 713, 529, 12167], 3.23.b_bf_acg 
(4, -3, 21), [1, 1, 32, -54, 736, 529, 12167], 3.23.b_bg_acc 
(-3, 4, 22), [1, 1, 33, 118, 759, 529, 12167], 3.23.b_bh_eo 
(-3, 4, 24), [1, 1, 35, 112, 805, 529, 12167], 3.23.b_bj_ei 
(-3, 4, 26), [1, 1, 37, 106, 851, 529, 12167], 3.23.b_bl_ec 
(-3, 4, 28), [1, 1, 39, 100, 897, 529, 12167], 3.23.b_bn_dw 
(3, -2, 28), [1, 1, 45, -8, 1035, 529, 12167], 3.23.b_bt_ai 
(3, -2, 30), [1, 1, 47, -2, 1081, 529, 12167], 3.23.b_bv_ac 
(3, -2, 32), [1, 1, 49, 4, 1127, 529, 12167], 3.23.b_bx_e 
(-2, 3, 33), [1, 1, 50, 72, 1150, 529, 12167], 3.23.b_by_cu 
(3, -2, 34), [1, 1, 51, 10, 1173, 529, 12167], 3.23.b_bz_k 
(-2, 3, 34), [1, 1, 51, 70, 1173, 529, 12167], 3.23.b_bz_cs 
(-2, 3, 35), [1, 1, 52, 68, 1196, 529, 12167], 3.23.b_ca_cq 
(-2, 3, 37), [1, 1, 54, 64, 1242, 529, 12167], 3.23.b_cc_cm 
(-2, 3, 38), [1, 1, 55, 62, 1265, 529, 12167], 3.23.b_cd_ck 
(-2, 3, 39), [1, 1, 56, 60, 1288, 529, 12167], 3.23.b_ce_ci 
(2, -1, 37), [1, 1, 58, 28, 1334, 529, 12167], 3.23.b_cg_bc 
(2, -1, 38), [1, 1, 59, 30, 1357, 529, 12167], 3.23.b_ch_be 
(2, -1, 39), [1, 1, 60, 32, 1380, 529, 12167], 3.23.b_ci_bg 
(-1, 2, 40), [1, 1, 61, 52, 1403, 529, 12167], 3.23.b_cj_ca 
(2, -1, 41), [1, 1, 62, 36, 1426, 529, 12167], 3.23.b_ck_bk 
(2, -1, 42), [1, 1, 63, 38, 1449, 529, 12167], 3.23.b_cl_bm 
(-1, 2, 42), [1, 1, 63, 50, 1449, 529, 12167], 3.23.b_cl_by 
(2, -1, 43), [1, 1, 64, 40, 1472, 529, 12167], 3.23.b_cm_bo 
(-1, 2, 44), [1, 1, 65, 48, 1495, 529, 12167], 3.23.b_cn_bw 
(1, 0, 44), [1, 1, 67, 44, 1541, 529, 12167], 3.23.b_cp_bs 
(2, 0, -37), [1, 2, -14, -74, -322, 1058, 12167], 3.23.c_ao_acw 
(6, -4, -7), [1, 2, -8, -226, -184, 1058, 12167], 3.23.c_ai_ais 
(5, -3, -9), [1, 2, -1, -183, -23, 1058, 12167], 3.23.c_ab_ahb 
(5, -3, 3), [1, 2, 11, -123, 253, 1058, 12167], 3.23.c_l_aet 
(5, -3, 5), [1, 2, 13, -113, 299, 1058, 12167], 3.23.c_n_aej 
(5, -3, 7), [1, 2, 15, -103, 345, 1058, 12167], 3.23.c_p_adz 
(5, -3, 8), [1, 2, 16, -98, 368, 1058, 12167], 3.23.c_q_adu 
(5, -3, 9), [1, 2, 17, -93, 391, 1058, 12167], 3.23.c_r_adp 
(-3, 5, 19), [1, 2, 27, 173, 621, 1058, 12167], 3.23.c_bb_gr 
(-3, 5, 21), [1, 2, 29, 167, 667, 1058, 12167], 3.23.c_bd_gl 
(-3, 5, 25), [1, 2, 33, 155, 759, 1058, 12167], 3.23.c_bh_fz 
(4, -2, 21), [1, 2, 36, -8, 828, 1058, 12167], 3.23.c_bk_ai 
(-2, 4, 33), [1, 2, 48, 118, 1104, 1058, 12167], 3.23.c_bw_eo 
(-2, 4, 35), [1, 2, 50, 114, 1150, 1058, 12167], 3.23.c_by_ek 
(3, -1, 31), [1, 2, 51, 47, 1173, 1058, 12167], 3.23.c_bz_bv 
(3, -1, 33), [1, 2, 53, 53, 1219, 1058, 12167], 3.23.c_cb_cb 
(3, -1, 35), [1, 2, 55, 59, 1265, 1058, 12167], 3.23.c_cd_ch 
(3, -1, 37), [1, 2, 57, 65, 1311, 1058, 12167], 3.23.c_cf_cn 
(2, 0, 35), [1, 2, 58, 70, 1334, 1058, 12167], 3.23.c_cg_cs 
(-1, 3, 39), [1, 2, 59, 99, 1357, 1058, 12167], 3.23.c_ch_dv 
(-1, 3, 41), [1, 2, 61, 97, 1403, 1058, 12167], 3.23.c_cj_dt 
(2, 0, 39), [1, 2, 62, 78, 1426, 1058, 12167], 3.23.c_ck_da 
(-1, 3, 43), [1, 2, 63, 95, 1449, 1058, 12167], 3.23.c_cl_dr 
(2, 0, 41), [1, 2, 64, 82, 1472, 1058, 12167], 3.23.c_cm_de 
(-1, 3, 45), [1, 2, 65, 93, 1495, 1058, 12167], 3.23.c_cn_dp 
(2, 0, 43), [1, 2, 66, 86, 1518, 1058, 12167], 3.23.c_co_di 
(1, 1, 43), [1, 2, 67, 89, 1541, 1058, 12167], 3.23.c_cp_dl 
(-1, 3, 47), [1, 2, 67, 91, 1541, 1058, 12167], 3.23.c_cp_dn 
(1, 1, 45), [1, 2, 69, 91, 1587, 1058, 12167], 3.23.c_cr_dn 
(3, 0, -44), [1, 3, -21, -132, -483, 1587, 12167], 3.23.d_av_afc 
(6, -3, -11), [1, 3, -6, -204, -138, 1587, 12167], 3.23.d_ag_ahw 
(6, -3, -10), [1, 3, -5, -198, -115, 1587, 12167], 3.23.d_af_ahq 
(6, -3, -9), [1, 3, -4, -192, -92, 1587, 12167], 3.23.d_ae_ahk 
(6, -3, -7), [1, 3, -2, -180, -46, 1587, 12167], 3.23.d_ac_agy 
(6, -3, -6), [1, 3, -1, -174, -23, 1587, 12167], 3.23.d_ab_ags 
(6, -3, -5), [1, 3, 0, -168, 0, 1587, 12167], 3.23.d_a_agm 
(5, -2, 8), [1, 3, 21, -52, 483, 1587, 12167], 3.23.d_v_aca 
(-3, 6, 16), [1, 3, 21, 228, 483, 1587, 12167], 3.23.d_v_iu 
(5, -2, 10), [1, 3, 23, -42, 529, 1587, 12167], 3.23.d_x_abq 
(-3, 6, 18), [1, 3, 23, 222, 529, 1587, 12167], 3.23.d_x_io 
(5, -2, 12), [1, 3, 25, -32, 575, 1587, 12167], 3.23.d_z_abg 
(-3, 6, 20), [1, 3, 25, 216, 575, 1587, 12167], 3.23.d_z_ii 
(5, -2, 14), [1, 3, 27, -22, 621, 1587, 12167], 3.23.d_bb_aw 
(3, 0, 4), [1, 3, 27, 12, 621, 1587, 12167], 3.23.d_bb_m 
(-3, 6, 22), [1, 3, 27, 210, 621, 1587, 12167], 3.23.d_bb_ic 
(3, 0, 18), [1, 3, 41, 54, 943, 1587, 12167], 3.23.d_bp_cc 
(-2, 5, 29), [1, 3, 42, 172, 966, 1587, 12167], 3.23.d_bq_gq 
(4, -1, 24), [1, 3, 43, 50, 989, 1587, 12167], 3.23.d_br_by 
(-2, 5, 30), [1, 3, 43, 170, 989, 1587, 12167], 3.23.d_br_go 
(4, -1, 25), [1, 3, 44, 54, 1012, 1587, 12167], 3.23.d_bs_cc 
(-2, 5, 31), [1, 3, 44, 168, 1012, 1587, 12167], 3.23.d_bs_gm 
(4, -1, 27), [1, 3, 46, 62, 1058, 1587, 12167], 3.23.d_bu_ck 
(-2, 5, 33), [1, 3, 46, 164, 1058, 1587, 12167], 3.23.d_bu_gi 
(4, -1, 28), [1, 3, 47, 66, 1081, 1587, 12167], 3.23.d_bv_co 
(-2, 5, 34), [1, 3, 47, 162, 1081, 1587, 12167], 3.23.d_bv_gg 
(4, -1, 29), [1, 3, 48, 70, 1104, 1587, 12167], 3.23.d_bw_cs 
(-2, 5, 35), [1, 3, 48, 160, 1104, 1587, 12167], 3.23.d_bw_ge 
(3, 0, 34), [1, 3, 57, 102, 1311, 1587, 12167], 3.23.d_cf_dy 
(-1, 4, 38), [1, 3, 57, 146, 1311, 1587, 12167], 3.23.d_cf_fq 
(3, 0, 36), [1, 3, 59, 108, 1357, 1587, 12167], 3.23.d_ch_ee 
(-1, 4, 40), [1, 3, 59, 144, 1357, 1587, 12167], 3.23.d_ch_fo 
(3, 0, 38), [1, 3, 61, 114, 1403, 1587, 12167], 3.23.d_cj_ek 
(-1, 4, 42), [1, 3, 61, 142, 1403, 1587, 12167], 3.23.d_cj_fm 
(3, 0, 40), [1, 3, 63, 120, 1449, 1587, 12167], 3.23.d_cl_eq 
(-1, 4, 44), [1, 3, 63, 140, 1449, 1587, 12167], 3.23.d_cl_fk 
(-2, 5, 51), [1, 3, 64, 128, 1472, 1587, 12167], 3.23.d_cm_ey 
(2, 1, 41), [1, 3, 66, 128, 1518, 1587, 12167], 3.23.d_co_ey 
(2, 1, 42), [1, 3, 67, 130, 1541, 1587, 12167], 3.23.d_cp_fa 
(-1, 4, 48), [1, 3, 67, 136, 1541, 1587, 12167], 3.23.d_cp_fg 
(2, 1, 43), [1, 3, 68, 132, 1564, 1587, 12167], 3.23.d_cq_fc 
(1, 2, 44), [1, 3, 69, 136, 1587, 1587, 12167], 3.23.d_cr_fg 
(2, 1, 45), [1, 3, 70, 136, 1610, 1587, 12167], 3.23.d_cs_fg 
(8, -4, -7), [1, 4, -16, -240, -368, 2116, 12167], 3.23.e_aq_ajg 
(4, 0, -37), [1, 4, -14, -148, -322, 2116, 12167], 3.23.e_ao_afs 
(6, -2, -3), [1, 4, 8, -110, 184, 2116, 12167], 3.23.e_i_aeg 
(6, -2, -1), [1, 4, 10, -98, 230, 2116, 12167], 3.23.e_k_adu 
(6, -2, 1), [1, 4, 12, -86, 276, 2116, 12167], 3.23.e_m_adi 
(-2, 6, 13), [1, 4, 24, 250, 552, 2116, 12167], 3.23.e_y_jq 
(5, -1, 11), [1, 4, 29, 9, 667, 2116, 12167], 3.23.e_bd_j 
(5, -1, 13), [1, 4, 31, 19, 713, 2116, 12167], 3.23.e_bf_t 
(5, -1, 15), [1, 4, 33, 29, 759, 2116, 12167], 3.23.e_bh_bd 
(5, -1, 17), [1, 4, 35, 39, 805, 2116, 12167], 3.23.e_bj_bn 
(5, -1, 19), [1, 4, 37, 49, 851, 2116, 12167], 3.23.e_bl_bx 
(-2, 6, 29), [1, 4, 40, 218, 920, 2116, 12167], 3.23.e_bo_ik 
(-2, 6, 31), [1, 4, 42, 214, 966, 2116, 12167], 3.23.e_bq_ig 
(4, 0, 29), [1, 4, 52, 116, 1196, 2116, 12167], 3.23.e_ca_em 
(4, 0, 31), [1, 4, 54, 124, 1242, 2116, 12167], 3.23.e_cc_eu 
(4, 0, 32), [1, 4, 55, 128, 1265, 2116, 12167], 3.23.e_cd_ey 
(-1, 5, 37), [1, 4, 55, 193, 1265, 2116, 12167], 3.23.e_cd_hl 
(-1, 5, 39), [1, 4, 57, 191, 1311, 2116, 12167], 3.23.e_cf_hj 
(-1, 5, 41), [1, 4, 59, 189, 1357, 2116, 12167], 3.23.e_ch_hh 
(-1, 5, 43), [1, 4, 61, 187, 1403, 2116, 12167], 3.23.e_cj_hf 
(3, 1, 37), [1, 4, 63, 157, 1449, 2116, 12167], 3.23.e_cl_gb 
(3, 1, 39), [1, 4, 65, 163, 1495, 2116, 12167], 3.23.e_cn_gh 
(3, 1, 41), [1, 4, 67, 169, 1541, 2116, 12167], 3.23.e_cp_gn 
(3, 1, 43), [1, 4, 69, 175, 1587, 2116, 12167], 3.23.e_cr_gt 
(1, 3, 45), [1, 4, 71, 183, 1633, 2116, 12167], 3.23.e_ct_hb 
(2, 2, 45), [1, 4, 72, 182, 1656, 2116, 12167], 3.23.e_cu_ha 
(1, 3, 47), [1, 4, 73, 185, 1679, 2116, 12167], 3.23.e_cv_hd 
(7, -2, -24), [1, 5, -15, -260, -345, 2645, 12167], 3.23.f_ap_aka 
(7, -2, -20), [1, 5, -11, -232, -253, 2645, 12167], 3.23.f_al_aiy 
(7, -2, -18), [1, 5, -9, -218, -207, 2645, 12167], 3.23.f_aj_aik 
(7, -2, -16), [1, 5, -7, -204, -161, 2645, 12167], 3.23.f_ah_ahw 
(7, -2, -14), [1, 5, -5, -190, -115, 2645, 12167], 3.23.f_af_ahi 
(6, -1, 1), [1, 5, 18, -40, 414, 2645, 12167], 3.23.f_s_abo 
(6, -1, 2), [1, 5, 19, -34, 437, 2645, 12167], 3.23.f_t_abi 
(6, -1, 3), [1, 5, 20, -28, 460, 2645, 12167], 3.23.f_u_abc 
(6, -1, 5), [1, 5, 22, -16, 506, 2645, 12167], 3.23.f_w_aq 
(6, -1, 6), [1, 5, 23, -10, 529, 2645, 12167], 3.23.f_x_ak 
(6, -1, 7), [1, 5, 24, -4, 552, 2645, 12167], 3.23.f_y_ae 
(5, 0, 4), [1, 5, 27, 20, 621, 2645, 12167], 3.23.f_bb_u 
(-1, 6, 12), [1, 5, 29, 264, 667, 2645, 12167], 3.23.f_bd_ke 
(-2, 7, 24), [1, 5, 33, 274, 759, 2645, 12167], 3.23.f_bh_ko 
(-2, 7, 25), [1, 5, 34, 272, 782, 2645, 12167], 3.23.f_bi_km 
(-2, 7, 26), [1, 5, 35, 270, 805, 2645, 12167], 3.23.f_bj_kk 
(-2, 7, 27), [1, 5, 36, 268, 828, 2645, 12167], 3.23.f_bk_ki 
(-2, 7, 29), [1, 5, 38, 264, 874, 2645, 12167], 3.23.f_bm_ke 
(-2, 7, 30), [1, 5, 39, 262, 897, 2645, 12167], 3.23.f_bn_kc 
(-2, 7, 31), [1, 5, 40, 260, 920, 2645, 12167], 3.23.f_bo_ka 
(5, 0, 18), [1, 5, 41, 90, 943, 2645, 12167], 3.23.f_bp_dm 
(5, 0, 20), [1, 5, 43, 100, 989, 2645, 12167], 3.23.f_br_dw 
(5, 0, 22), [1, 5, 45, 110, 1035, 2645, 12167], 3.23.f_bt_eg 
(5, 0, 24), [1, 5, 47, 120, 1081, 2645, 12167], 3.23.f_bv_eq 
(-1, 6, 36), [1, 5, 53, 240, 1219, 2645, 12167], 3.23.f_cb_jg 
(-1, 6, 38), [1, 5, 55, 238, 1265, 2645, 12167], 3.23.f_cd_je 
(-1, 6, 40), [1, 5, 57, 236, 1311, 2645, 12167], 3.23.f_cf_jc 
(4, 1, 31), [1, 5, 58, 170, 1334, 2645, 12167], 3.23.f_cg_go 
(4, 1, 32), [1, 5, 59, 174, 1357, 2645, 12167], 3.23.f_ch_gs 
(-1, 6, 42), [1, 5, 59, 234, 1357, 2645, 12167], 3.23.f_ch_ja 
(4, 1, 33), [1, 5, 60, 178, 1380, 2645, 12167], 3.23.f_ci_gw 
(4, 1, 35), [1, 5, 62, 186, 1426, 2645, 12167], 3.23.f_ck_he 
(4, 1, 36), [1, 5, 63, 190, 1449, 2645, 12167], 3.23.f_cl_hi 
(4, 1, 37), [1, 5, 64, 194, 1472, 2645, 12167], 3.23.f_cm_hm 
(3, 2, 40), [1, 5, 69, 212, 1587, 2645, 12167], 3.23.f_cr_ie 
(3, 2, 42), [1, 5, 71, 218, 1633, 2645, 12167], 3.23.f_ct_ik 
(1, 4, 44), [1, 5, 71, 228, 1633, 2645, 12167], 3.23.f_ct_iu 
(3, 2, 44), [1, 5, 73, 224, 1679, 2645, 12167], 3.23.f_cv_iq 
(2, 3, 45), [1, 5, 74, 228, 1702, 2645, 12167], 3.23.f_cw_iu 
(1, 4, 48), [1, 5, 75, 232, 1725, 2645, 12167], 3.23.f_cx_iy 
(2, 3, 47), [1, 5, 76, 232, 1748, 2645, 12167], 3.23.f_cy_iy 
(6, 0, -45), [1, 6, -22, -270, -506, 3174, 12167], 3.23.g_aw_akk 
(7, -1, -33), [1, 6, -17, -277, -391, 3174, 12167], 3.23.g_ar_akr 
(6, 0, -37), [1, 6, -14, -222, -322, 3174, 12167], 3.23.g_ao_aio 
(6, 0, -21), [1, 6, 2, -126, 46, 3174, 12167], 3.23.g_c_aew 
(7, -1, -13), [1, 6, 3, -137, 69, 3174, 12167], 3.23.g_d_afh 
(7, -1, -11), [1, 6, 5, -123, 115, 3174, 12167], 3.23.g_f_aet 
(7, -1, -9), [1, 6, 7, -109, 161, 3174, 12167], 3.23.g_h_aef 
(7, -1, -7), [1, 6, 9, -95, 207, 3174, 12167], 3.23.g_j_adr 
(6, 0, 9), [1, 6, 32, 54, 736, 3174, 12167], 3.23.g_bg_cc 
(6, 0, 11), [1, 6, 34, 66, 782, 3174, 12167], 3.23.g_bi_co 
(-2, 8, 31), [1, 6, 38, 306, 874, 3174, 12167], 3.23.g_bm_lu 
(-1, 7, 35), [1, 6, 51, 287, 1173, 3174, 12167], 3.23.g_bz_lb 
(5, 1, 25), [1, 6, 53, 171, 1219, 3174, 12167], 3.23.g_cb_gp 
(-1, 7, 37), [1, 6, 53, 285, 1219, 3174, 12167], 3.23.g_cb_kz 
(5, 1, 27), [1, 6, 55, 181, 1265, 3174, 12167], 3.23.g_cd_gz 
(-1, 7, 39), [1, 6, 55, 283, 1265, 3174, 12167], 3.23.g_cd_kx 
(5, 1, 29), [1, 6, 57, 191, 1311, 3174, 12167], 3.23.g_cf_hj 
(-1, 7, 41), [1, 6, 57, 281, 1311, 3174, 12167], 3.23.g_cf_kv 
(4, 2, 37), [1, 6, 68, 240, 1564, 3174, 12167], 3.23.g_cq_jg 
(4, 2, 39), [1, 6, 70, 248, 1610, 3174, 12167], 3.23.g_cs_jo 
(3, 3, 43), [1, 6, 75, 267, 1725, 3174, 12167], 3.23.g_cx_kh 
(1, 5, 47), [1, 6, 75, 277, 1725, 3174, 12167], 3.23.g_cx_kr 
(3, 3, 45), [1, 6, 77, 273, 1771, 3174, 12167], 3.23.g_cz_kn 
(1, 5, 49), [1, 6, 77, 279, 1771, 3174, 12167], 3.23.g_cz_kt 
(3, 3, 47), [1, 6, 79, 279, 1817, 3174, 12167], 3.23.g_db_kt 
(1, 5, 51), [1, 6, 79, 281, 1817, 3174, 12167], 3.23.g_db_kv 
(7, 0, -44), [1, 7, -21, -308, -483, 3703, 12167], 3.23.h_av_alw 
(8, -1, -31), [1, 7, -16, -294, -368, 3703, 12167], 3.23.h_aq_ali 
(8, -1, -30), [1, 7, -15, -286, -345, 3703, 12167], 3.23.h_ap_ala 
(8, -1, -29), [1, 7, -14, -278, -322, 3703, 12167], 3.23.h_ao_aks 
(8, -1, -28), [1, 7, -13, -270, -299, 3703, 12167], 3.23.h_an_akk 
(8, -1, -27), [1, 7, -12, -262, -276, 3703, 12167], 3.23.h_am_akc 
(8, -1, -25), [1, 7, -10, -246, -230, 3703, 12167], 3.23.h_ak_ajm 
(8, -1, -24), [1, 7, -9, -238, -207, 3703, 12167], 3.23.h_aj_aje 
(8, -1, -22), [1, 7, -7, -222, -161, 3703, 12167], 3.23.h_ah_aio 
(7, 0, -6), [1, 7, 17, -42, 391, 3703, 12167], 3.23.h_r_abq 
(7, 0, -4), [1, 7, 19, -28, 437, 3703, 12167], 3.23.h_t_abc 
(7, 0, -2), [1, 7, 21, -14, 483, 3703, 12167], 3.23.h_v_ao 
(6, 1, 13), [1, 7, 42, 124, 966, 3703, 12167], 3.23.h_bq_eu 
(6, 1, 14), [1, 7, 43, 130, 989, 3703, 12167], 3.23.h_br_fa 
(6, 1, 15), [1, 7, 44, 136, 1012, 3703, 12167], 3.23.h_bs_fg 
(6, 1, 17), [1, 7, 46, 148, 1058, 3703, 12167], 3.23.h_bu_fs 
(6, 1, 18), [1, 7, 47, 154, 1081, 3703, 12167], 3.23.h_bv_fy 
(6, 1, 19), [1, 7, 48, 160, 1104, 3703, 12167], 3.23.h_bw_ge 
(-1, 8, 34), [1, 7, 49, 334, 1127, 3703, 12167], 3.23.h_bx_mw 
(-1, 8, 36), [1, 7, 51, 332, 1173, 3703, 12167], 3.23.h_bz_mu 
(-1, 8, 38), [1, 7, 53, 330, 1219, 3703, 12167], 3.23.h_cb_ms 
(-1, 8, 40), [1, 7, 55, 328, 1265, 3703, 12167], 3.23.h_cd_mq 
(5, 2, 28), [1, 7, 61, 232, 1403, 3703, 12167], 3.23.h_cj_iy 
(5, 2, 30), [1, 7, 63, 242, 1449, 3703, 12167], 3.23.h_cl_ji 
(5, 2, 32), [1, 7, 65, 252, 1495, 3703, 12167], 3.23.h_cn_js 
(5, 2, 34), [1, 7, 67, 262, 1541, 3703, 12167], 3.23.h_cp_kc 
(4, 3, 39), [1, 7, 74, 294, 1702, 3703, 12167], 3.23.h_cw_li 
(4, 3, 40), [1, 7, 75, 298, 1725, 3703, 12167], 3.23.h_cx_lm 
(4, 3, 41), [1, 7, 76, 302, 1748, 3703, 12167], 3.23.h_cy_lq 
(1, 6, 48), [1, 7, 77, 324, 1771, 3703, 12167], 3.23.h_cz_mm 
(4, 3, 43), [1, 7, 78, 310, 1794, 3703, 12167], 3.23.h_da_ly 
(4, 3, 44), [1, 7, 79, 314, 1817, 3703, 12167], 3.23.h_db_mc 
(1, 6, 50), [1, 7, 79, 326, 1817, 3703, 12167], 3.23.h_db_mo 
(4, 3, 45), [1, 7, 80, 318, 1840, 3703, 12167], 3.23.h_dc_mg 
(1, 6, 52), [1, 7, 81, 328, 1863, 3703, 12167], 3.23.h_dd_mq 
(2, 5, 49), [1, 7, 82, 328, 1886, 3703, 12167], 3.23.h_de_mq 
(3, 4, 48), [1, 7, 83, 328, 1909, 3703, 12167], 3.23.h_df_mq 
(2, 5, 51), [1, 7, 84, 332, 1932, 3703, 12167], 3.23.h_dg_mu 
(8, 0, -45), [1, 8, -22, -360, -506, 4232, 12167], 3.23.i_aw_anw 
(9, -1, -31), [1, 8, -17, -325, -391, 4232, 12167], 3.23.i_ar_amn 
(8, 0, -37), [1, 8, -14, -296, -322, 4232, 12167], 3.23.i_ao_alk 
(8, 0, -21), [1, 8, 2, -168, 46, 4232, 12167], 3.23.i_c_agm 
(8, 0, -19), [1, 8, 4, -152, 92, 4232, 12167], 3.23.i_e_afw 
(8, 0, -17), [1, 8, 6, -136, 138, 4232, 12167], 3.23.i_g_afg 
(7, 1, 1), [1, 8, 31, 53, 713, 4232, 12167], 3.23.i_bf_cb 
(7, 1, 3), [1, 8, 33, 67, 759, 4232, 12167], 3.23.i_bh_cp 
(7, 1, 5), [1, 8, 35, 81, 805, 4232, 12167], 3.23.i_bj_dd 
(7, 1, 7), [1, 8, 37, 95, 851, 4232, 12167], 3.23.i_bl_dr 
(2, 6, 13), [1, 8, 48, 302, 1104, 4232, 12167], 3.23.i_bw_lq 
(6, 2, 21), [1, 8, 56, 218, 1288, 4232, 12167], 3.23.i_ce_ik 
(5, 3, 33), [1, 8, 71, 303, 1633, 4232, 12167], 3.23.i_ct_lr 
(5, 3, 35), [1, 8, 73, 313, 1679, 4232, 12167], 3.23.i_cv_mb 
(5, 3, 37), [1, 8, 75, 323, 1725, 4232, 12167], 3.23.i_cx_ml 
(5, 3, 39), [1, 8, 77, 333, 1771, 4232, 12167], 3.23.i_cz_mv 
(1, 7, 49), [1, 8, 79, 371, 1817, 4232, 12167], 3.23.i_db_oh 
(2, 6, 45), [1, 8, 80, 366, 1840, 4232, 12167], 3.23.i_dc_oc 
(1, 7, 51), [1, 8, 81, 373, 1863, 4232, 12167], 3.23.i_dd_oj 
(1, 7, 53), [1, 8, 83, 375, 1909, 4232, 12167], 3.23.i_df_ol 
(4, 4, 45), [1, 8, 84, 364, 1932, 4232, 12167], 3.23.i_dg_oa 
(1, 7, 55), [1, 8, 85, 377, 1955, 4232, 12167], 3.23.i_dh_on 
(4, 4, 47), [1, 8, 86, 372, 1978, 4232, 12167], 3.23.i_di_oi 
(3, 5, 49), [1, 8, 87, 377, 2001, 4232, 12167], 3.23.i_dj_on 
(2, 6, 53), [1, 8, 88, 382, 2024, 4232, 12167], 3.23.i_dk_os 
(3, 5, 51), [1, 8, 89, 383, 2047, 4232, 12167], 3.23.i_dl_ot 
(9, 0, -44), [1, 9, -21, -396, -483, 4761, 12167], 3.23.j_av_apg 
(9, 0, -40), [1, 9, -17, -360, -391, 4761, 12167], 3.23.j_ar_anw 
(9, 0, -38), [1, 9, -15, -342, -345, 4761, 12167], 3.23.j_ap_ane 
(9, 0, -36), [1, 9, -13, -324, -299, 4761, 12167], 3.23.j_an_amm 
(9, 0, -34), [1, 9, -11, -306, -253, 4761, 12167], 3.23.j_al_alu 
(9, 0, -32), [1, 9, -9, -288, -207, 4761, 12167], 3.23.j_aj_alc 
(8, 1, -13), [1, 9, 18, -58, 414, 4761, 12167], 3.23.j_s_acg 
(8, 1, -12), [1, 9, 19, -50, 437, 4761, 12167], 3.23.j_t_aby 
(8, 1, -11), [1, 9, 20, -42, 460, 4761, 12167], 3.23.j_u_abq 
(8, 1, -9), [1, 9, 22, -26, 506, 4761, 12167], 3.23.j_w_aba 
(8, 1, -8), [1, 9, 23, -18, 529, 4761, 12167], 3.23.j_x_as 
(8, 1, -7), [1, 9, 24, -10, 552, 4761, 12167], 3.23.j_y_ak 
(7, 2, 8), [1, 9, 45, 148, 1035, 4761, 12167], 3.23.j_bt_fs 
(7, 2, 10), [1, 9, 47, 162, 1081, 4761, 12167], 3.23.j_bv_gg 
(7, 2, 12), [1, 9, 49, 176, 1127, 4761, 12167], 3.23.j_bx_gu 
(7, 2, 14), [1, 9, 51, 190, 1173, 4761, 12167], 3.23.j_bz_hi 
(6, 3, 25), [1, 9, 66, 288, 1518, 4761, 12167], 3.23.j_co_lc 
(6, 3, 26), [1, 9, 67, 294, 1541, 4761, 12167], 3.23.j_cp_li 
(6, 3, 27), [1, 9, 68, 300, 1564, 4761, 12167], 3.23.j_cq_lo 
(6, 3, 29), [1, 9, 70, 312, 1610, 4761, 12167], 3.23.j_cs_ma 
(6, 3, 30), [1, 9, 71, 318, 1633, 4761, 12167], 3.23.j_ct_mg 
(6, 3, 31), [1, 9, 72, 324, 1656, 4761, 12167], 3.23.j_cu_mm 
(5, 4, 38), [1, 9, 81, 374, 1863, 4761, 12167], 3.23.j_dd_ok 
(1, 8, 50), [1, 9, 81, 418, 1863, 4761, 12167], 3.23.j_dd_qc 
(5, 4, 40), [1, 9, 83, 384, 1909, 4761, 12167], 3.23.j_df_ou 
(1, 8, 52), [1, 9, 83, 420, 1909, 4761, 12167], 3.23.j_df_qe 
(5, 4, 42), [1, 9, 85, 394, 1955, 4761, 12167], 3.23.j_dh_pe 
(1, 8, 54), [1, 9, 85, 422, 1955, 4761, 12167], 3.23.j_dh_qg 
(5, 4, 44), [1, 9, 87, 404, 2001, 4761, 12167], 3.23.j_dj_po 
(1, 8, 56), [1, 9, 87, 424, 2001, 4761, 12167], 3.23.j_dj_qi 
(4, 5, 47), [1, 9, 90, 418, 2070, 4761, 12167], 3.23.j_dm_qc 
(2, 7, 53), [1, 9, 90, 428, 2070, 4761, 12167], 3.23.j_dm_qm 
(4, 5, 48), [1, 9, 91, 422, 2093, 4761, 12167], 3.23.j_dn_qg 
(2, 7, 54), [1, 9, 91, 430, 2093, 4761, 12167], 3.23.j_dn_qo 
(4, 5, 49), [1, 9, 92, 426, 2116, 4761, 12167], 3.23.j_do_qk 
(2, 7, 55), [1, 9, 92, 432, 2116, 4761, 12167], 3.23.j_do_qq 
(3, 6, 52), [1, 9, 93, 432, 2139, 4761, 12167], 3.23.j_dp_qq 
(4, 5, 51), [1, 9, 94, 434, 2162, 4761, 12167], 3.23.j_dq_qs 
(2, 7, 57), [1, 9, 94, 436, 2162, 4761, 12167], 3.23.j_dq_qu 
(9, 1, -35), [1, 10, -3, -269, -69, 5290, 12167], 3.23.k_ad_akj 
(9, 1, -33), [1, 10, -1, -251, -23, 5290, 12167], 3.23.k_ab_ajr 
(9, 1, -32), [1, 10, 0, -242, 0, 5290, 12167], 3.23.k_a_aji 
(9, 1, -29), [1, 10, 3, -215, 69, 5290, 12167], 3.23.k_d_aih 
(9, 1, -27), [1, 10, 5, -197, 115, 5290, 12167], 3.23.k_f_ahp 
(9, 1, -25), [1, 10, 7, -179, 161, 5290, 12167], 3.23.k_h_agx 
(8, 2, -4), [1, 10, 35, 60, 805, 5290, 12167], 3.23.k_bj_ci 
(8, 2, -3), [1, 10, 36, 68, 828, 5290, 12167], 3.23.k_bk_cq 
(8, 2, -1), [1, 10, 38, 84, 874, 5290, 12167], 3.23.k_bm_dg 
(7, 3, 11), [1, 10, 55, 215, 1265, 5290, 12167], 3.23.k_cd_ih 
(7, 3, 15), [1, 10, 59, 243, 1357, 5290, 12167], 3.23.k_ch_jj 
(4, 6, 13), [1, 10, 60, 328, 1380, 5290, 12167], 3.23.k_ci_mq 
(7, 3, 17), [1, 10, 61, 257, 1403, 5290, 12167], 3.23.k_cj_jx 
(7, 3, 19), [1, 10, 63, 271, 1449, 5290, 12167], 3.23.k_cl_kl 
(7, 3, 21), [1, 10, 65, 285, 1495, 5290, 12167], 3.23.k_cn_kz 
(6, 4, 33), [1, 10, 80, 382, 1840, 5290, 12167], 3.23.k_dc_os 
(6, 4, 35), [1, 10, 82, 394, 1886, 5290, 12167], 3.23.k_de_pe 
(1, 9, 51), [1, 10, 83, 465, 1909, 5290, 12167], 3.23.k_df_rx 
(1, 9, 53), [1, 10, 85, 467, 1955, 5290, 12167], 3.23.k_dh_rz 
(1, 9, 55), [1, 10, 87, 469, 2001, 5290, 12167], 3.23.k_dj_sb 
(5, 5, 41), [1, 10, 89, 435, 2047, 5290, 12167], 3.23.k_dl_qt 
(1, 9, 57), [1, 10, 89, 471, 2047, 5290, 12167], 3.23.k_dl_sd 
(5, 5, 43), [1, 10, 91, 445, 2093, 5290, 12167], 3.23.k_dn_rd 
(5, 5, 45), [1, 10, 93, 455, 2139, 5290, 12167], 3.23.k_dp_rn 
(5, 5, 47), [1, 10, 95, 465, 2185, 5290, 12167], 3.23.k_dr_rx 
(5, 5, 48), [1, 10, 96, 470, 2208, 5290, 12167], 3.23.k_ds_sc 
(2, 8, 57), [1, 10, 96, 482, 2208, 5290, 12167], 3.23.k_ds_so 
(5, 5, 49), [1, 10, 97, 475, 2231, 5290, 12167], 3.23.k_dt_sh 
(2, 8, 59), [1, 10, 98, 486, 2254, 5290, 12167], 3.23.k_du_ss 
(3, 7, 55), [1, 10, 99, 487, 2277, 5290, 12167], 3.23.k_dv_st 
(4, 6, 53), [1, 10, 100, 488, 2300, 5290, 12167], 3.23.k_dw_su 
(3, 7, 57), [1, 10, 101, 493, 2323, 5290, 12167], 3.23.k_dx_sz 
(9, 2, -24), [1, 11, 17, -124, 391, 5819, 12167], 3.23.l_r_aeu 
(9, 2, -20), [1, 11, 21, -88, 483, 5819, 12167], 3.23.l_v_adk 
(9, 2, -18), [1, 11, 23, -70, 529, 5819, 12167], 3.23.l_x_acs 
(9, 2, -16), [1, 11, 25, -52, 575, 5819, 12167], 3.23.l_z_aca 
(9, 2, -14), [1, 11, 27, -34, 621, 5819, 12167], 3.23.l_bb_abi 
(8, 3, 3), [1, 11, 50, 162, 1150, 5819, 12167], 3.23.l_by_gg 
(8, 3, 4), [1, 11, 51, 170, 1173, 5819, 12167], 3.23.l_bz_go 
(8, 3, 5), [1, 11, 52, 178, 1196, 5819, 12167], 3.23.l_ca_gw 
(8, 3, 7), [1, 11, 54, 194, 1242, 5819, 12167], 3.23.l_cc_hm 
(8, 3, 8), [1, 11, 55, 202, 1265, 5819, 12167], 3.23.l_cd_hu 
(8, 3, 9), [1, 11, 56, 210, 1288, 5819, 12167], 3.23.l_ce_ic 
(7, 4, 22), [1, 11, 73, 338, 1679, 5819, 12167], 3.23.l_cv_na 
(7, 4, 24), [1, 11, 75, 352, 1725, 5819, 12167], 3.23.l_cx_no 
(7, 4, 26), [1, 11, 77, 366, 1771, 5819, 12167], 3.23.l_cz_oc 
(7, 4, 28), [1, 11, 79, 380, 1817, 5819, 12167], 3.23.l_db_oq 
(1, 10, 50), [1, 11, 83, 510, 1909, 5819, 12167], 3.23.l_df_tq 
(1, 10, 52), [1, 11, 85, 512, 1955, 5819, 12167], 3.23.l_dh_ts 
(1, 10, 54), [1, 11, 87, 514, 2001, 5819, 12167], 3.23.l_dj_tu 
(1, 10, 56), [1, 11, 89, 516, 2047, 5819, 12167], 3.23.l_dl_tw 
(6, 5, 37), [1, 11, 90, 452, 2070, 5819, 12167], 3.23.l_dm_rk 
(6, 5, 38), [1, 11, 91, 458, 2093, 5819, 12167], 3.23.l_dn_rq 
(1, 10, 58), [1, 11, 91, 518, 2093, 5819, 12167], 3.23.l_dn_ty 
(6, 5, 39), [1, 11, 92, 464, 2116, 5819, 12167], 3.23.l_do_rw 
(6, 5, 41), [1, 11, 94, 476, 2162, 5819, 12167], 3.23.l_dq_si 
(6, 5, 42), [1, 11, 95, 482, 2185, 5819, 12167], 3.23.l_dr_so 
(6, 5, 43), [1, 11, 96, 488, 2208, 5819, 12167], 3.23.l_ds_su 
(2, 9, 57), [1, 11, 98, 528, 2254, 5819, 12167], 3.23.l_du_ui 
(2, 9, 58), [1, 11, 99, 530, 2277, 5819, 12167], 3.23.l_dv_uk 
(2, 9, 59), [1, 11, 100, 532, 2300, 5819, 12167], 3.23.l_dw_um 
(5, 6, 48), [1, 11, 101, 516, 2323, 5819, 12167], 3.23.l_dx_tw 
(2, 9, 61), [1, 11, 102, 536, 2346, 5819, 12167], 3.23.l_dy_uq 
(5, 6, 50), [1, 11, 103, 526, 2369, 5819, 12167], 3.23.l_dz_ug 
(2, 9, 62), [1, 11, 103, 538, 2369, 5819, 12167], 3.23.l_dz_us 
(2, 9, 63), [1, 11, 104, 540, 2392, 5819, 12167], 3.23.l_ea_uu 
(5, 6, 52), [1, 11, 105, 536, 2415, 5819, 12167], 3.23.l_eb_uq 
(4, 7, 55), [1, 11, 106, 542, 2438, 5819, 12167], 3.23.l_ec_uw 
(3, 8, 60), [1, 11, 107, 548, 2461, 5819, 12167], 3.23.l_ed_vc 
(4, 7, 57), [1, 11, 108, 550, 2484, 5819, 12167], 3.23.l_ee_ve 
(9, 3, -17), [1, 12, 33, -15, 759, 6348, 12167], 3.23.m_bh_ap 
(9, 3, -15), [1, 12, 35, 3, 805, 6348, 12167], 3.23.m_bj_d 
(9, 3, -11), [1, 12, 39, 39, 897, 6348, 12167], 3.23.m_bn_bn 
(9, 3, -9), [1, 12, 41, 57, 943, 6348, 12167], 3.23.m_bp_cf 
(9, 3, -7), [1, 12, 43, 75, 989, 6348, 12167], 3.23.m_br_cx 
(9, 3, -5), [1, 12, 45, 93, 1035, 6348, 12167], 3.23.m_bt_dp 
(8, 4, 13), [1, 12, 68, 288, 1564, 6348, 12167], 3.23.m_cq_lc 
(8, 4, 15), [1, 12, 70, 304, 1610, 6348, 12167], 3.23.m_cs_ls 
(7, 5, 29), [1, 12, 87, 433, 2001, 6348, 12167], 3.23.m_dj_qr 
(7, 5, 31), [1, 12, 89, 447, 2047, 6348, 12167], 3.23.m_dl_rf 
(7, 5, 33), [1, 12, 91, 461, 2093, 6348, 12167], 3.23.m_dn_rt 
(7, 5, 35), [1, 12, 93, 475, 2139, 6348, 12167], 3.23.m_dp_sh 
(1, 11, 60), [1, 12, 94, 566, 2162, 6348, 12167], 3.23.m_dq_vu 
(1, 11, 65), [1, 12, 99, 571, 2277, 6348, 12167], 3.23.m_dv_vz 
(2, 10, 57), [1, 12, 100, 574, 2300, 6348, 12167], 3.23.m_dw_wc 
(6, 6, 45), [1, 12, 104, 546, 2392, 6348, 12167], 3.23.m_ea_va 
(2, 10, 61), [1, 12, 104, 582, 2392, 6348, 12167], 3.23.m_ea_wk 
(6, 6, 47), [1, 12, 106, 558, 2438, 6348, 12167], 3.23.m_ec_vm 
(2, 10, 63), [1, 12, 106, 586, 2438, 6348, 12167], 3.23.m_ec_wo 
(3, 9, 57), [1, 12, 107, 585, 2461, 6348, 12167], 3.23.m_ed_wn 
(2, 10, 65), [1, 12, 108, 590, 2484, 6348, 12167], 3.23.m_ee_ws 
(5, 7, 51), [1, 12, 109, 577, 2507, 6348, 12167], 3.23.m_ef_wf 
(5, 7, 53), [1, 12, 111, 587, 2553, 6348, 12167], 3.23.m_eh_wp 
(3, 9, 61), [1, 12, 111, 597, 2553, 6348, 12167], 3.23.m_eh_wz 
(5, 7, 55), [1, 12, 113, 597, 2599, 6348, 12167], 3.23.m_ej_wz 
(3, 9, 63), [1, 12, 113, 603, 2599, 6348, 12167], 3.23.m_ej_xf 
(5, 7, 57), [1, 12, 115, 607, 2645, 6348, 12167], 3.23.m_el_xj 
(3, 9, 65), [1, 12, 115, 609, 2645, 6348, 12167], 3.23.m_el_xl 
(9, 4, -2), [1, 13, 57, 166, 1311, 6877, 12167], 3.23.n_cf_gk 
(9, 4, 2), [1, 13, 61, 202, 1403, 6877, 12167], 3.23.n_cj_hu 
(9, 4, 4), [1, 13, 63, 220, 1449, 6877, 12167], 3.23.n_cl_im 
(9, 4, 8), [1, 13, 67, 256, 1541, 6877, 12167], 3.23.n_cp_jw 
(8, 5, 18), [1, 13, 81, 374, 1863, 6877, 12167], 3.23.n_dd_ok 
(8, 5, 19), [1, 13, 82, 382, 1886, 6877, 12167], 3.23.n_de_os 
(8, 5, 20), [1, 13, 83, 390, 1909, 6877, 12167], 3.23.n_df_pa 
(8, 5, 21), [1, 13, 84, 398, 1932, 6877, 12167], 3.23.n_dg_pi 
(8, 5, 24), [1, 13, 87, 422, 2001, 6877, 12167], 3.23.n_dj_qg 
(8, 5, 25), [1, 13, 88, 430, 2024, 6877, 12167], 3.23.n_dk_qo 
(8, 5, 26), [1, 13, 89, 438, 2047, 6877, 12167], 3.23.n_dl_qw 
(7, 6, 36), [1, 13, 101, 528, 2323, 6877, 12167], 3.23.n_dx_ui 
(7, 6, 38), [1, 13, 103, 542, 2369, 6877, 12167], 3.23.n_dz_uw 
(3, 10, 50), [1, 13, 103, 610, 2369, 6877, 12167], 3.23.n_dz_xm 
(7, 6, 40), [1, 13, 105, 556, 2415, 6877, 12167], 3.23.n_eb_vk 
(2, 11, 60), [1, 13, 105, 626, 2415, 6877, 12167], 3.23.n_eb_yc 
(2, 11, 61), [1, 13, 106, 628, 2438, 6877, 12167], 3.23.n_ec_ye 
(7, 6, 42), [1, 13, 107, 570, 2461, 6877, 12167], 3.23.n_ed_vy 
(2, 11, 62), [1, 13, 107, 630, 2461, 6877, 12167], 3.23.n_ed_yg 
(2, 11, 63), [1, 13, 108, 632, 2484, 6877, 12167], 3.23.n_ee_yi 
(2, 11, 65), [1, 13, 110, 636, 2530, 6877, 12167], 3.23.n_eg_ym 
(2, 11, 66), [1, 13, 111, 638, 2553, 6877, 12167], 3.23.n_eh_yo 
(2, 11, 67), [1, 13, 112, 640, 2576, 6877, 12167], 3.23.n_ei_yq 
(6, 7, 49), [1, 13, 114, 616, 2622, 6877, 12167], 3.23.n_ek_xs 
(6, 7, 50), [1, 13, 115, 622, 2645, 6877, 12167], 3.23.n_el_xy 
(6, 7, 51), [1, 13, 116, 628, 2668, 6877, 12167], 3.23.n_em_ye 
(3, 10, 64), [1, 13, 117, 652, 2691, 6877, 12167], 3.23.n_en_zc 
(6, 7, 53), [1, 13, 118, 640, 2714, 6877, 12167], 3.23.n_eo_yq 
(6, 7, 54), [1, 13, 119, 646, 2737, 6877, 12167], 3.23.n_ep_yw 
(5, 8, 56), [1, 13, 119, 648, 2737, 6877, 12167], 3.23.n_ep_yy 
(3, 10, 66), [1, 13, 119, 658, 2737, 6877, 12167], 3.23.n_ep_zi 
(6, 7, 55), [1, 13, 120, 652, 2760, 6877, 12167], 3.23.n_eq_zc 
(3, 10, 68), [1, 13, 121, 664, 2783, 6877, 12167], 3.23.n_er_zo 
(4, 9, 63), [1, 13, 122, 666, 2806, 6877, 12167], 3.23.n_es_zq 
(5, 8, 60), [1, 13, 123, 668, 2829, 6877, 12167], 3.23.n_et_zs 
(4, 9, 65), [1, 13, 124, 674, 2852, 6877, 12167], 3.23.n_eu_zy 
(9, 5, 7), [1, 14, 75, 293, 1725, 7406, 12167], 3.23.o_cx_lh 
(9, 5, 9), [1, 14, 77, 311, 1771, 7406, 12167], 3.23.o_cz_lz 
(9, 5, 11), [1, 14, 79, 329, 1817, 7406, 12167], 3.23.o_db_mr 
(9, 5, 13), [1, 14, 81, 347, 1863, 7406, 12167], 3.23.o_dd_nj 
(8, 6, 13), [1, 14, 84, 380, 1932, 7406, 12167], 3.23.o_dg_oq 
(8, 6, 29), [1, 14, 100, 508, 2300, 7406, 12167], 3.23.o_dw_to 
(8, 6, 31), [1, 14, 102, 524, 2346, 7406, 12167], 3.23.o_dy_ue 
(7, 7, 41), [1, 14, 113, 609, 2599, 7406, 12167], 3.23.o_ej_xl 
(7, 7, 43), [1, 14, 115, 623, 2645, 7406, 12167], 3.23.o_el_xz 
(7, 7, 45), [1, 14, 117, 637, 2691, 7406, 12167], 3.23.o_en_yn 
(2, 12, 71), [1, 14, 118, 694, 2714, 7406, 12167], 3.23.o_eo_bas 
(7, 7, 47), [1, 14, 119, 651, 2737, 7406, 12167], 3.23.o_ep_zb 
(7, 7, 49), [1, 14, 121, 665, 2783, 7406, 12167], 3.23.o_er_zp 
(3, 11, 67), [1, 14, 123, 707, 2829, 7406, 12167], 3.23.o_et_bbf 
(6, 8, 55), [1, 14, 126, 698, 2898, 7406, 12167], 3.23.o_ew_baw 
(3, 11, 71), [1, 14, 127, 719, 2921, 7406, 12167], 3.23.o_ex_bbr 
(6, 8, 57), [1, 14, 128, 710, 2944, 7406, 12167], 3.23.o_ey_bbi 
(3, 11, 73), [1, 14, 129, 725, 2967, 7406, 12167], 3.23.o_ez_bbx 
(6, 8, 59), [1, 14, 130, 722, 2990, 7406, 12167], 3.23.o_fa_bbu 
(5, 9, 63), [1, 14, 131, 729, 3013, 7406, 12167], 3.23.o_fb_bcb 
(5, 9, 65), [1, 14, 133, 739, 3059, 7406, 12167], 3.23.o_fd_bcl 
(9, 6, 12), [1, 15, 89, 384, 2047, 7935, 12167], 3.23.p_dl_ou 
(9, 6, 16), [1, 15, 93, 420, 2139, 7935, 12167], 3.23.p_dp_qe 
(9, 6, 18), [1, 15, 95, 438, 2185, 7935, 12167], 3.23.p_dr_qw 
(9, 6, 20), [1, 15, 97, 456, 2231, 7935, 12167], 3.23.p_dt_ro 
(9, 6, 22), [1, 15, 99, 474, 2277, 7935, 12167], 3.23.p_dv_sg 
(8, 7, 34), [1, 15, 113, 594, 2599, 7935, 12167], 3.23.p_ej_ww 
(8, 7, 35), [1, 15, 114, 602, 2622, 7935, 12167], 3.23.p_ek_xe 
(8, 7, 36), [1, 15, 115, 610, 2645, 7935, 12167], 3.23.p_el_xm 
(8, 7, 37), [1, 15, 116, 618, 2668, 7935, 12167], 3.23.p_em_xu 
(8, 7, 39), [1, 15, 118, 634, 2714, 7935, 12167], 3.23.p_eo_yk 
(8, 7, 40), [1, 15, 119, 642, 2737, 7935, 12167], 3.23.p_ep_ys 
(8, 7, 41), [1, 15, 120, 650, 2760, 7935, 12167], 3.23.p_eq_za 
(7, 8, 50), [1, 15, 129, 718, 2967, 7935, 12167], 3.23.p_ez_bbq 
(3, 12, 70), [1, 15, 129, 762, 2967, 7935, 12167], 3.23.p_ez_bdi 
(7, 8, 52), [1, 15, 131, 732, 3013, 7935, 12167], 3.23.p_fb_bce 
(3, 12, 72), [1, 15, 131, 768, 3013, 7935, 12167], 3.23.p_fb_bdo 
(7, 8, 54), [1, 15, 133, 746, 3059, 7935, 12167], 3.23.p_fd_bcs 
(3, 12, 74), [1, 15, 133, 774, 3059, 7935, 12167], 3.23.p_fd_bdu 
(7, 8, 56), [1, 15, 135, 760, 3105, 7935, 12167], 3.23.p_ff_bdg 
(3, 12, 76), [1, 15, 135, 780, 3105, 7935, 12167], 3.23.p_ff_bea 
(6, 9, 61), [1, 15, 138, 780, 3174, 7935, 12167], 3.23.p_fi_bea 
(4, 11, 71), [1, 15, 138, 790, 3174, 7935, 12167], 3.23.p_fi_bek 
(6, 9, 62), [1, 15, 139, 786, 3197, 7935, 12167], 3.23.p_fj_beg 
(4, 11, 72), [1, 15, 139, 794, 3197, 7935, 12167], 3.23.p_fj_beo 
(6, 9, 63), [1, 15, 140, 792, 3220, 7935, 12167], 3.23.p_fk_bem 
(4, 11, 73), [1, 15, 140, 798, 3220, 7935, 12167], 3.23.p_fk_bes 
(5, 10, 68), [1, 15, 141, 800, 3243, 7935, 12167], 3.23.p_fl_beu 
(6, 9, 65), [1, 15, 142, 804, 3266, 7935, 12167], 3.23.p_fm_bey 
(4, 11, 75), [1, 15, 142, 806, 3266, 7935, 12167], 3.23.p_fm_bfa 
(9, 7, 25), [1, 16, 111, 547, 2553, 8464, 12167], 3.23.q_eh_vb 
(9, 7, 27), [1, 16, 113, 565, 2599, 8464, 12167], 3.23.q_ej_vt 
(9, 7, 29), [1, 16, 115, 583, 2645, 8464, 12167], 3.23.q_el_wl 
(9, 7, 31), [1, 16, 117, 601, 2691, 8464, 12167], 3.23.q_en_xd 
(8, 8, 45), [1, 16, 132, 728, 3036, 8464, 12167], 3.23.q_fc_bca 
(7, 9, 47), [1, 16, 133, 743, 3059, 8464, 12167], 3.23.q_fd_bcp 
(8, 8, 47), [1, 16, 134, 744, 3082, 8464, 12167], 3.23.q_fe_bcq 
(5, 11, 60), [1, 16, 138, 806, 3174, 8464, 12167], 3.23.q_fi_bfa 
(3, 13, 79), [1, 16, 141, 835, 3243, 8464, 12167], 3.23.q_fl_bgd 
(7, 9, 57), [1, 16, 143, 813, 3289, 8464, 12167], 3.23.q_fn_bfh 
(7, 9, 59), [1, 16, 145, 827, 3335, 8464, 12167], 3.23.q_fp_bfv 
(7, 9, 61), [1, 16, 147, 841, 3381, 8464, 12167], 3.23.q_fr_bgj 
(4, 12, 77), [1, 16, 148, 860, 3404, 8464, 12167], 3.23.q_fs_bhc 
(7, 9, 63), [1, 16, 149, 855, 3427, 8464, 12167], 3.23.q_ft_bgx 
(4, 12, 79), [1, 16, 150, 868, 3450, 8464, 12167], 3.23.q_fu_bhk 
(5, 11, 73), [1, 16, 151, 871, 3473, 8464, 12167], 3.23.q_fv_bhn 
(5, 11, 75), [1, 16, 153, 881, 3519, 8464, 12167], 3.23.q_fx_bhx 
(9, 8, 34), [1, 17, 129, 674, 2967, 8993, 12167], 3.23.r_ez_zy 
(9, 8, 36), [1, 17, 131, 692, 3013, 8993, 12167], 3.23.r_fb_baq 
(9, 8, 38), [1, 17, 133, 710, 3059, 8993, 12167], 3.23.r_fd_bbi 
(9, 8, 40), [1, 17, 135, 728, 3105, 8993, 12167], 3.23.r_ff_bca 
(7, 10, 50), [1, 17, 143, 810, 3289, 8993, 12167], 3.23.r_fn_bfe 
(8, 9, 50), [1, 17, 145, 814, 3335, 8993, 12167], 3.23.r_fp_bfi 
(8, 9, 51), [1, 17, 146, 822, 3358, 8993, 12167], 3.23.r_fq_bfq 
(8, 9, 52), [1, 17, 147, 830, 3381, 8993, 12167], 3.23.r_fr_bfy 
(8, 9, 53), [1, 17, 148, 838, 3404, 8993, 12167], 3.23.r_fs_bgg 
(8, 9, 55), [1, 17, 150, 854, 3450, 8993, 12167], 3.23.r_fu_bgw 
(8, 9, 56), [1, 17, 151, 862, 3473, 8993, 12167], 3.23.r_fv_bhe 
(8, 9, 57), [1, 17, 152, 870, 3496, 8993, 12167], 3.23.r_fw_bhm 
(7, 10, 60), [1, 17, 153, 880, 3519, 8993, 12167], 3.23.r_fx_bhw 
(4, 13, 79), [1, 17, 154, 914, 3542, 8993, 12167], 3.23.r_fy_bje 
(5, 12, 72), [1, 17, 155, 912, 3565, 8993, 12167], 3.23.r_fz_bjc 
(4, 13, 80), [1, 17, 155, 918, 3565, 8993, 12167], 3.23.r_fz_bji 
(6, 11, 67), [1, 17, 156, 908, 3588, 8993, 12167], 3.23.r_ga_biy 
(4, 13, 81), [1, 17, 156, 922, 3588, 8993, 12167], 3.23.r_ga_bjm 
(7, 10, 64), [1, 17, 157, 908, 3611, 8993, 12167], 3.23.r_gb_biy 
(4, 13, 83), [1, 17, 158, 930, 3634, 8993, 12167], 3.23.r_gc_bju 
(7, 10, 66), [1, 17, 159, 922, 3657, 8993, 12167], 3.23.r_gd_bjm 
(4, 13, 84), [1, 17, 159, 934, 3657, 8993, 12167], 3.23.r_gd_bjy 
(4, 13, 85), [1, 17, 160, 938, 3680, 8993, 12167], 3.23.r_ge_bkc 
(7, 10, 68), [1, 17, 161, 936, 3703, 8993, 12167], 3.23.r_gf_bka 
(6, 11, 73), [1, 17, 162, 944, 3726, 8993, 12167], 3.23.r_gg_bki 
(5, 12, 80), [1, 17, 163, 952, 3749, 8993, 12167], 3.23.r_gh_bkq 
(6, 11, 75), [1, 17, 164, 956, 3772, 8993, 12167], 3.23.r_gi_bku 
(9, 9, 41), [1, 18, 145, 783, 3335, 9522, 12167], 3.23.s_fp_bed 
(9, 9, 43), [1, 18, 147, 801, 3381, 9522, 12167], 3.23.s_fr_bev 
(9, 9, 45), [1, 18, 149, 819, 3427, 9522, 12167], 3.23.s_ft_bfn 
(9, 9, 47), [1, 18, 151, 837, 3473, 9522, 12167], 3.23.s_fv_bgf 
(9, 9, 48), [1, 18, 152, 846, 3496, 9522, 12167], 3.23.s_fw_bgo 
(9, 9, 49), [1, 18, 153, 855, 3519, 9522, 12167], 3.23.s_fx_bgx 
(9, 9, 51), [1, 18, 155, 873, 3565, 9522, 12167], 3.23.s_fz_bhp 
(9, 9, 53), [1, 18, 157, 891, 3611, 9522, 12167], 3.23.s_gb_bih 
(7, 11, 63), [1, 18, 163, 947, 3749, 9522, 12167], 3.23.s_gh_bkl 
(8, 10, 61), [1, 18, 164, 948, 3772, 9522, 12167], 3.23.s_gi_bkm 
(8, 10, 63), [1, 18, 166, 964, 3818, 9522, 12167], 3.23.s_gk_blc 
(3, 15, 99), [1, 18, 167, 987, 3841, 9522, 12167], 3.23.s_gl_blz 
(7, 11, 68), [1, 18, 168, 982, 3864, 9522, 12167], 3.23.s_gm_blu 
(8, 10, 66), [1, 18, 169, 988, 3887, 9522, 12167], 3.23.s_gn_bma 
(9, 9, 65), [1, 18, 169, 999, 3887, 9522, 12167], 3.23.s_gn_bml 
(5, 13, 81), [1, 18, 169, 1003, 3887, 9522, 12167], 3.23.s_gn_bmp 
(6, 12, 75), [1, 18, 170, 1002, 3910, 9522, 12167], 3.23.s_go_bmo 
(7, 11, 71), [1, 18, 171, 1003, 3933, 9522, 12167], 3.23.s_gp_bmp 
(5, 13, 83), [1, 18, 171, 1013, 3933, 9522, 12167], 3.23.s_gp_bmz 
(7, 11, 72), [1, 18, 172, 1010, 3956, 9522, 12167], 3.23.s_gq_bmw 
(7, 11, 73), [1, 18, 173, 1017, 3979, 9522, 12167], 3.23.s_gr_bnd 
(5, 13, 85), [1, 18, 173, 1023, 3979, 9522, 12167], 3.23.s_gr_bnj 
(6, 12, 79), [1, 18, 174, 1026, 4002, 9522, 12167], 3.23.s_gs_bnm 
(7, 11, 75), [1, 18, 175, 1031, 4025, 9522, 12167], 3.23.s_gt_bnr 
(5, 13, 87), [1, 18, 175, 1033, 4025, 9522, 12167], 3.23.s_gt_bnt 
(9, 10, 50), [1, 19, 163, 910, 3749, 10051, 12167], 3.23.t_gh_bja 
(9, 10, 52), [1, 19, 165, 928, 3795, 10051, 12167], 3.23.t_gj_bjs 
(9, 10, 54), [1, 19, 167, 946, 3841, 10051, 12167], 3.23.t_gl_bkk 
(9, 10, 56), [1, 19, 169, 964, 3887, 10051, 12167], 3.23.t_gn_blc 
(9, 10, 58), [1, 19, 171, 982, 3933, 10051, 12167], 3.23.t_gp_blu 
(8, 11, 62), [1, 19, 173, 1002, 3979, 10051, 12167], 3.23.t_gr_bmo 
(9, 10, 64), [1, 19, 177, 1036, 4071, 10051, 12167], 3.23.t_gv_bnw 
(8, 11, 67), [1, 19, 178, 1042, 4094, 10051, 12167], 3.23.t_gw_boc 
(8, 11, 68), [1, 19, 179, 1050, 4117, 10051, 12167], 3.23.t_gx_bok 
(7, 12, 72), [1, 19, 179, 1056, 4117, 10051, 12167], 3.23.t_gx_boq 
(6, 13, 79), [1, 19, 180, 1072, 4140, 10051, 12167], 3.23.t_gy_bpg 
(7, 12, 74), [1, 19, 181, 1070, 4163, 10051, 12167], 3.23.t_gz_bpe 
(4, 15, 98), [1, 19, 181, 1082, 4163, 10051, 12167], 3.23.t_gz_bpq 
(8, 11, 71), [1, 19, 182, 1074, 4186, 10051, 12167], 3.23.t_ha_bpi 
(4, 15, 99), [1, 19, 182, 1086, 4186, 10051, 12167], 3.23.t_ha_bpu 
(8, 11, 72), [1, 19, 183, 1082, 4209, 10051, 12167], 3.23.t_hb_bpq 
(5, 14, 90), [1, 19, 183, 1094, 4209, 10051, 12167], 3.23.t_hb_bqc 
(8, 11, 73), [1, 19, 184, 1090, 4232, 10051, 12167], 3.23.t_hc_bpy 
(6, 13, 84), [1, 19, 185, 1102, 4255, 10051, 12167], 3.23.t_hd_bqk 
(6, 13, 85), [1, 19, 186, 1108, 4278, 10051, 12167], 3.23.t_he_bqq 
(7, 12, 80), [1, 19, 187, 1112, 4301, 10051, 12167], 3.23.t_hf_bqu 
(6, 13, 87), [1, 19, 188, 1120, 4324, 10051, 12167], 3.23.t_hg_brc 
(9, 11, 60), [1, 20, 182, 1046, 4186, 10580, 12167], 3.23.u_ha_bog 
(9, 11, 61), [1, 20, 183, 1055, 4209, 10580, 12167], 3.23.u_hb_bop 
(9, 11, 63), [1, 20, 185, 1073, 4255, 10580, 12167], 3.23.u_hd_bph 
(9, 11, 65), [1, 20, 187, 1091, 4301, 10580, 12167], 3.23.u_hf_bpz 
(9, 11, 66), [1, 20, 188, 1100, 4324, 10580, 12167], 3.23.u_hg_bqi 
(9, 11, 67), [1, 20, 189, 1109, 4347, 10580, 12167], 3.23.u_hh_bqr 
(7, 13, 80), [1, 20, 194, 1158, 4462, 10580, 12167], 3.23.u_hm_bso 
(9, 11, 73), [1, 20, 195, 1163, 4485, 10580, 12167], 3.23.u_hn_bst 
(7, 13, 81), [1, 20, 195, 1165, 4485, 10580, 12167], 3.23.u_hn_bsv 
(8, 12, 77), [1, 20, 196, 1168, 4508, 10580, 12167], 3.23.u_ho_bsy 
(6, 14, 89), [1, 20, 196, 1178, 4508, 10580, 12167], 3.23.u_ho_bti 
(5, 15, 98), [1, 20, 196, 1180, 4508, 10580, 12167], 3.23.u_ho_btk 
(7, 13, 83), [1, 20, 197, 1179, 4531, 10580, 12167], 3.23.u_hp_btj 
(9, 11, 75), [1, 20, 197, 1181, 4531, 10580, 12167], 3.23.u_hp_btl 
(5, 15, 99), [1, 20, 197, 1185, 4531, 10580, 12167], 3.23.u_hp_btp 
(8, 12, 79), [1, 20, 198, 1184, 4554, 10580, 12167], 3.23.u_hq_bto 
(8, 12, 80), [1, 20, 199, 1192, 4577, 10580, 12167], 3.23.u_hr_btw 
(7, 13, 85), [1, 20, 199, 1193, 4577, 10580, 12167], 3.23.u_hr_btx 
(5, 15, 101), [1, 20, 199, 1195, 4577, 10580, 12167], 3.23.u_hr_btz 
(6, 14, 93), [1, 20, 200, 1202, 4600, 10580, 12167], 3.23.u_hs_bug 
(7, 13, 87), [1, 20, 201, 1207, 4623, 10580, 12167], 3.23.u_ht_bul 
(9, 12, 70), [1, 21, 201, 1182, 4623, 11109, 12167], 3.23.v_ht_btm 
(9, 12, 72), [1, 21, 203, 1200, 4669, 11109, 12167], 3.23.v_hv_bue 
(9, 12, 74), [1, 21, 205, 1218, 4715, 11109, 12167], 3.23.v_hx_buw 
(8, 13, 79), [1, 21, 206, 1230, 4738, 11109, 12167], 3.23.v_hy_bvi 
(9, 12, 76), [1, 21, 207, 1236, 4761, 11109, 12167], 3.23.v_hz_bvo 
(8, 13, 80), [1, 21, 207, 1238, 4761, 11109, 12167], 3.23.v_hz_bvq 
(8, 13, 81), [1, 21, 208, 1246, 4784, 11109, 12167], 3.23.v_ia_bvy 
(8, 13, 83), [1, 21, 210, 1262, 4830, 11109, 12167], 3.23.v_ic_bwo 
(8, 13, 84), [1, 21, 211, 1270, 4853, 11109, 12167], 3.23.v_id_bww 
(7, 14, 90), [1, 21, 211, 1274, 4853, 11109, 12167], 3.23.v_id_bxa 
(5, 16, 108), [1, 21, 211, 1276, 4853, 11109, 12167], 3.23.v_id_bxc 
(6, 15, 98), [1, 21, 211, 1278, 4853, 11109, 12167], 3.23.v_id_bxe 
(8, 13, 85), [1, 21, 212, 1278, 4876, 11109, 12167], 3.23.v_ie_bxe 
(6, 15, 99), [1, 21, 212, 1284, 4876, 11109, 12167], 3.23.v_ie_bxk 
(8, 13, 87), [1, 21, 214, 1294, 4922, 11109, 12167], 3.23.v_ig_bxu 
(6, 15, 101), [1, 21, 214, 1296, 4922, 11109, 12167], 3.23.v_ig_bxw 
(9, 13, 79), [1, 22, 219, 1309, 5037, 11638, 12167], 3.23.w_il_byj 
(9, 13, 80), [1, 22, 220, 1318, 5060, 11638, 12167], 3.23.w_im_bys 
(9, 13, 81), [1, 22, 221, 1327, 5083, 11638, 12167], 3.23.w_in_bzb 
(9, 13, 83), [1, 22, 223, 1345, 5129, 11638, 12167], 3.23.w_ip_bzt 
(8, 14, 89), [1, 22, 224, 1356, 5152, 11638, 12167], 3.23.w_iq_cae 
(9, 13, 85), [1, 22, 225, 1363, 5175, 11638, 12167], 3.23.w_ir_cal 
(8, 14, 90), [1, 22, 225, 1364, 5175, 11638, 12167], 3.23.w_ir_cam 
(7, 15, 98), [1, 22, 226, 1376, 5198, 11638, 12167], 3.23.w_is_cay 
(9, 13, 87), [1, 22, 227, 1381, 5221, 11638, 12167], 3.23.w_it_cbd 
(7, 15, 99), [1, 22, 227, 1383, 5221, 11638, 12167], 3.23.w_it_cbf 
(8, 14, 93), [1, 22, 228, 1388, 5244, 11638, 12167], 3.23.w_iu_cbk 
(7, 15, 101), [1, 22, 229, 1397, 5267, 11638, 12167], 3.23.w_iv_cbt 
(9, 14, 90), [1, 23, 239, 1454, 5497, 12167, 12167], 3.23.x_jf_cdy 
(8, 15, 98), [1, 23, 241, 1474, 5543, 12167, 12167], 3.23.x_jh_ces 
(8, 15, 99), [1, 23, 242, 1482, 5566, 12167, 12167], 3.23.x_ji_cfa 
(7, 16, 108), [1, 23, 243, 1492, 5589, 12167, 12167], 3.23.x_jj_cfk 
(8, 15, 101), [1, 23, 244, 1498, 5612, 12167, 12167], 3.23.x_jk_cfq 
(9, 15, 98), [1, 24, 256, 1572, 5888, 12696, 12167], 3.23.y_jw_cim 
(9, 15, 99), [1, 24, 257, 1581, 5911, 12696, 12167], 3.23.y_jx_civ 
(9, 15, 101), [1, 24, 259, 1599, 5957, 12696, 12167], 3.23.y_jz_cjn 
(8, 16, 108), [1, 24, 259, 1600, 5957, 12696, 12167], 3.23.y_jz_cjo 
(9, 16, 108), [1, 25, 275, 1708, 6325, 13225, 12167], 3.23.z_kp_cns 
