(-5, -12, 65), [1, -17, 141, -709, 2256, -4352, 4096], 3.16.ar_fl_abbh, -54 
(-7, -10, 55), [1, -17, 141, -705, 2256, -4352, 4096], 3.16.ar_fl_abbd, 4 
(-7, -9, 41), [1, -16, 120, -575, 1920, -4096, 4096], 3.16.aq_eq_awd, 9 
(-7, -9, 43), [1, -16, 122, -589, 1952, -4096, 4096], 3.16.aq_es_awr, 11 
(-5, -11, 57), [1, -16, 128, -637, 2048, -4096, 4096], 3.16.aq_ey_ayn, -39 
(-3, -13, 73), [1, -16, 128, -635, 2048, -4096, 4096], 3.16.aq_ey_ayl, -87 
(-5, -11, 59), [1, -16, 130, -647, 2080, -4096, 4096], 3.16.aq_fa_ayx, -37 
(-7, -9, 51), [1, -16, 130, -645, 2080, -4096, 4096], 3.16.aq_fa_ayv, 19 
(-7, -8, 33), [1, -15, 105, -487, 1680, -3840, 4096], 3.16.ap_eb_ast, 18 
(-7, -8, 35), [1, -15, 107, -501, 1712, -3840, 4096], 3.16.ap_ed_ath, 20 
(-7, -8, 37), [1, -15, 109, -515, 1744, -3840, 4096], 3.16.ap_ef_atv, 22 
(-7, -8, 41), [1, -15, 113, -543, 1808, -3840, 4096], 3.16.ap_ej_aux, 26 
(-5, -10, 55), [1, -15, 121, -595, 1936, -3840, 4096], 3.16.ap_er_awx, -20 
(-7, -7, 25), [1, -14, 90, -399, 1440, -3584, 4096], 3.16.ao_dm_apj, 25 
(-7, -7, 29), [1, -14, 94, -427, 1504, -3584, 4096], 3.16.ao_dq_aql, 29 
(-7, -7, 39), [1, -14, 104, -497, 1664, -3584, 4096], 3.16.ao_ea_atd, 39 
(-7, -7, 41), [1, -14, 106, -511, 1696, -3584, 4096], 3.16.ao_ec_atr, 41 
(-3, -11, 59), [1, -14, 108, -529, 1728, -3584, 4096], 3.16.ao_ee_auj, -53 
(-7, -7, 43), [1, -14, 108, -525, 1728, -3584, 4096], 3.16.ao_ee_auf, 43 
(-5, -9, 47), [1, -14, 108, -523, 1728, -3584, 4096], 3.16.ao_ee_aud, -9 
(-7, -5, 11), [1, -12, 62, -237, 992, -3072, 4096], 3.16.am_ck_ajd, 35 
(-7, -5, 21), [1, -12, 72, -307, 1152, -3072, 4096], 3.16.am_cu_alv, 45 
(-7, -5, 23), [1, -12, 74, -321, 1184, -3072, 4096], 3.16.am_cw_amj, 47 
(-5, -7, 33), [1, -12, 84, -389, 1344, -3072, 4096], 3.16.am_dg_aoz, 9 
(-1, -11, 59), [1, -12, 86, -411, 1376, -3072, 4096], 3.16.am_di_apv, -61 
(-7, -4, 13), [1, -11, 57, -219, 912, -2816, 4096], 3.16.al_cf_ail, 46 
(-7, -3, -1), [1, -10, 36, -89, 576, -2560, 4096], 3.16.ak_bk_adl, 39 
(-7, -3, 1), [1, -10, 38, -103, 608, -2560, 4096], 3.16.ak_bm_adz, 41 
(-3, -7, 33), [1, -10, 70, -323, 1120, -2560, 4096], 3.16.ak_cs_aml, -7 
(-7, -1, -23), [1, -8, 0, 129, 0, -2048, 4096], 3.16.ai_a_ez, 25 
(-7, -1, -13), [1, -8, 10, 59, 160, -2048, 4096], 3.16.ai_k_ch, 35 
(-1, -7, 35), [1, -8, 58, -259, 928, -2048, 4096], 3.16.ai_cg_ajz, -13 
(-3, -5, 31), [1, -8, 62, -253, 992, -2048, 4096], 3.16.ai_ck_ajt, 15 
(-1, -7, 41), [1, -8, 64, -265, 1024, -2048, 4096], 3.16.ai_cm_akf, -7 
(-7, 0, -31), [1, -7, -15, 217, -240, -1792, 4096], 3.16.ah_ap_ij, 18 
(-7, 0, -19), [1, -7, -3, 133, -48, -1792, 4096], 3.16.ah_ad_fd, 30 
(-5, -1, 15), [1, -6, 36, -107, 576, -1536, 4096], 3.16.ag_bk_aed, 39 
(1, -7, 35), [1, -6, 44, -189, 704, -1536, 4096], 3.16.ag_bs_ahh, -13 
(-1, -5, 33), [1, -6, 54, -193, 864, -1536, 4096], 3.16.ag_cc_ahl, 9 
(-3, -3, 29), [1, -6, 54, -183, 864, -1536, 4096], 3.16.ag_cc_ahb, 29 
(-5, 0, -31), [1, -5, -15, 155, -240, -1280, 4096], 3.16.af_ap_fz, -6 
(-1, -4, 33), [1, -5, 53, -161, 848, -1280, 4096], 3.16.af_cb_agf, 18 
(-7, 3, -7), [1, -4, -12, 145, -192, -1024, 4096], 3.16.ae_am_fp, 33 
(-3, 0, -31), [1, -3, -15, 93, -240, -768, 4096], 3.16.ad_ap_dp, -22 
(-5, 2, -5), [1, -3, 1, 89, 16, -768, 4096], 3.16.ad_b_dl, 16 
(-5, 2, -1), [1, -3, 5, 69, 80, -768, 4096], 3.16.ad_f_cr, 20 
(-3, 0, 25), [1, -3, 41, -75, 656, -768, 4096], 3.16.ad_bp_acx, 34 
(3, -5, 11), [1, -2, 12, -127, 192, -512, 4096], 3.16.ac_m_aex, -5 
(3, -5, 13), [1, -2, 14, -121, 224, -512, 4096], 3.16.ac_o_aer, -3 
(-3, 1, 25), [1, -2, 38, -43, 608, -512, 4096], 3.16.ac_bm_abr, 33 
(1, -3, 33), [1, -2, 46, -63, 736, -512, 4096], 3.16.ac_bu_acl, 25 
(-1, -1, 29), [1, -2, 46, -61, 736, -512, 4096], 3.16.ac_bu_acj, 29 
(-1, 0, -31), [1, -1, -15, 31, -240, -256, 4096], 3.16.ab_ap_bf, -30 
(1, 0, -31), [1, 1, -15, -31, -240, 256, 4096], 3.16.b_ap_abf, -30 
(-3, 5, 11), [1, 2, 12, 127, 192, 512, 4096], 3.16.c_m_ex, -5 
(-3, 5, 13), [1, 2, 14, 121, 224, 512, 4096], 3.16.c_o_er, -3 
(3, -1, 25), [1, 2, 38, 43, 608, 512, 4096], 3.16.c_bm_br, 33 
(1, 1, 29), [1, 2, 46, 61, 736, 512, 4096], 3.16.c_bu_cj, 29 
(-1, 3, 33), [1, 2, 46, 63, 736, 512, 4096], 3.16.c_bu_cl, 25 
(3, 0, -31), [1, 3, -15, -93, -240, 768, 4096], 3.16.d_ap_adp, -22 
(5, -2, -5), [1, 3, 1, -89, 16, 768, 4096], 3.16.d_b_adl, 16 
(5, -2, -1), [1, 3, 5, -69, 80, 768, 4096], 3.16.d_f_acr, 20 
(3, 0, 25), [1, 3, 41, 75, 656, 768, 4096], 3.16.d_bp_cx, 34 
(7, -3, -7), [1, 4, -12, -145, -192, 1024, 4096], 3.16.e_am_afp, 33 
(5, 0, -31), [1, 5, -15, -155, -240, 1280, 4096], 3.16.f_ap_afz, -6 
(1, 4, 33), [1, 5, 53, 161, 848, 1280, 4096], 3.16.f_cb_gf, 18 
(5, 1, 15), [1, 6, 36, 107, 576, 1536, 4096], 3.16.g_bk_ed, 39 
(-1, 7, 35), [1, 6, 44, 189, 704, 1536, 4096], 3.16.g_bs_hh, -13 
(3, 3, 29), [1, 6, 54, 183, 864, 1536, 4096], 3.16.g_cc_hb, 29 
(1, 5, 33), [1, 6, 54, 193, 864, 1536, 4096], 3.16.g_cc_hl, 9 
(7, 0, -31), [1, 7, -15, -217, -240, 1792, 4096], 3.16.h_ap_aij, 18 
(7, 0, -19), [1, 7, -3, -133, -48, 1792, 4096], 3.16.h_ad_afd, 30 
(7, 1, -23), [1, 8, 0, -129, 0, 2048, 4096], 3.16.i_a_aez, 25 
(7, 1, -13), [1, 8, 10, -59, 160, 2048, 4096], 3.16.i_k_ach, 35 
(1, 7, 35), [1, 8, 58, 259, 928, 2048, 4096], 3.16.i_cg_jz, -13 
(3, 5, 31), [1, 8, 62, 253, 992, 2048, 4096], 3.16.i_ck_jt, 15 
(1, 7, 41), [1, 8, 64, 265, 1024, 2048, 4096], 3.16.i_cm_kf, -7 
(7, 3, -1), [1, 10, 36, 89, 576, 2560, 4096], 3.16.k_bk_dl, 39 
(7, 3, 1), [1, 10, 38, 103, 608, 2560, 4096], 3.16.k_bm_dz, 41 
(3, 7, 33), [1, 10, 70, 323, 1120, 2560, 4096], 3.16.k_cs_ml, -7 
(7, 4, 13), [1, 11, 57, 219, 912, 2816, 4096], 3.16.l_cf_il, 46 
(7, 5, 11), [1, 12, 62, 237, 992, 3072, 4096], 3.16.m_ck_jd, 35 
(7, 5, 21), [1, 12, 72, 307, 1152, 3072, 4096], 3.16.m_cu_lv, 45 
(7, 5, 23), [1, 12, 74, 321, 1184, 3072, 4096], 3.16.m_cw_mj, 47 
(5, 7, 33), [1, 12, 84, 389, 1344, 3072, 4096], 3.16.m_dg_oz, 9 
(1, 11, 59), [1, 12, 86, 411, 1376, 3072, 4096], 3.16.m_di_pv, -61 
(7, 7, 25), [1, 14, 90, 399, 1440, 3584, 4096], 3.16.o_dm_pj, 25 
(7, 7, 29), [1, 14, 94, 427, 1504, 3584, 4096], 3.16.o_dq_ql, 29 
(7, 7, 39), [1, 14, 104, 497, 1664, 3584, 4096], 3.16.o_ea_td, 39 
(7, 7, 41), [1, 14, 106, 511, 1696, 3584, 4096], 3.16.o_ec_tr, 41 
(5, 9, 47), [1, 14, 108, 523, 1728, 3584, 4096], 3.16.o_ee_ud, -9 
(7, 7, 43), [1, 14, 108, 525, 1728, 3584, 4096], 3.16.o_ee_uf, 43 
(3, 11, 59), [1, 14, 108, 529, 1728, 3584, 4096], 3.16.o_ee_uj, -53 
(7, 8, 33), [1, 15, 105, 487, 1680, 3840, 4096], 3.16.p_eb_st, 18 
(7, 8, 35), [1, 15, 107, 501, 1712, 3840, 4096], 3.16.p_ed_th, 20 
(7, 8, 37), [1, 15, 109, 515, 1744, 3840, 4096], 3.16.p_ef_tv, 22 
(7, 8, 41), [1, 15, 113, 543, 1808, 3840, 4096], 3.16.p_ej_ux, 26 
(5, 10, 55), [1, 15, 121, 595, 1936, 3840, 4096], 3.16.p_er_wx, -20 
(7, 9, 41), [1, 16, 120, 575, 1920, 4096, 4096], 3.16.q_eq_wd, 9 
(7, 9, 43), [1, 16, 122, 589, 1952, 4096, 4096], 3.16.q_es_wr, 11 
(3, 13, 73), [1, 16, 128, 635, 2048, 4096, 4096], 3.16.q_ey_yl, -87 
(5, 11, 57), [1, 16, 128, 637, 2048, 4096, 4096], 3.16.q_ey_yn, -39 
(7, 9, 51), [1, 16, 130, 645, 2080, 4096, 4096], 3.16.q_fa_yv, 19 
(5, 11, 59), [1, 16, 130, 647, 2080, 4096, 4096], 3.16.q_fa_yx, -37 
(7, 10, 55), [1, 17, 141, 705, 2256, 4352, 4096], 3.16.r_fl_bbd, 4 
(5, 12, 65), [1, 17, 141, 709, 2256, 4352, 4096], 3.16.r_fl_bbh, -54 
