(-5, -7, 25), [1, -12, 67, -223, 469, -588, 343], 3.7.am_cp_aip 
(-5, -6, 18), [1, -11, 55, -174, 385, -539, 343], 3.7.al_cd_ags 
(-5, -6, 20), [1, -11, 57, -184, 399, -539, 343], 3.7.al_cf_ahc 
(-4, -7, 25), [1, -11, 60, -198, 420, -539, 343], 3.7.al_ci_ahq 
(-5, -5, 13), [1, -10, 45, -135, 315, -490, 343], 3.7.ak_bt_aff 
(-5, -5, 15), [1, -10, 47, -145, 329, -490, 343], 3.7.ak_bv_afp 
(-5, -5, 16), [1, -10, 48, -150, 336, -490, 343], 3.7.ak_bw_afu 
(-4, -6, 18), [1, -10, 49, -156, 343, -490, 343], 3.7.ak_bx_aga 
(-5, -5, 17), [1, -10, 49, -155, 343, -490, 343], 3.7.ak_bx_afz 
(-5, -5, 19), [1, -10, 51, -165, 357, -490, 343], 3.7.ak_bz_agj 
(-4, -6, 20), [1, -10, 51, -164, 357, -490, 343], 3.7.ak_bz_agi 
(-3, -7, 25), [1, -10, 53, -173, 371, -490, 343], 3.7.ak_cb_agr 
(-5, -4, 8), [1, -9, 35, -96, 245, -441, 343], 3.7.aj_bj_ads 
(-5, -4, 10), [1, -9, 37, -106, 259, -441, 343], 3.7.aj_bl_aec 
(-5, -4, 12), [1, -9, 39, -116, 273, -441, 343], 3.7.aj_bn_aem 
(-4, -5, 13), [1, -9, 40, -122, 280, -441, 343], 3.7.aj_bo_aes 
(-4, -5, 15), [1, -9, 42, -130, 294, -441, 343], 3.7.aj_bq_afa 
(-3, -6, 18), [1, -9, 43, -138, 301, -441, 343], 3.7.aj_br_afi 
(-5, -4, 16), [1, -9, 43, -136, 301, -441, 343], 3.7.aj_br_afg 
(-4, -5, 16), [1, -9, 43, -134, 301, -441, 343], 3.7.aj_br_afe 
(-4, -5, 17), [1, -9, 44, -138, 308, -441, 343], 3.7.aj_bs_afi 
(-3, -6, 20), [1, -9, 45, -144, 315, -441, 343], 3.7.aj_bt_afo 
(-2, -7, 25), [1, -9, 46, -148, 322, -441, 343], 3.7.aj_bu_afs 
(-4, -5, 19), [1, -9, 46, -146, 322, -441, 343], 3.7.aj_bu_afq 
(-5, -3, 2), [1, -8, 24, -52, 168, -392, 343], 3.7.ai_y_aca 
(-5, -3, 3), [1, -8, 25, -57, 175, -392, 343], 3.7.ai_z_acf 
(-5, -3, 5), [1, -8, 27, -67, 189, -392, 343], 3.7.ai_bb_acp 
(-5, -3, 8), [1, -8, 30, -82, 210, -392, 343], 3.7.ai_be_ade 
(-5, -3, 11), [1, -8, 33, -97, 231, -392, 343], 3.7.ai_bh_adt 
(-4, -4, 11), [1, -8, 34, -100, 238, -392, 343], 3.7.ai_bi_adw 
(-4, -4, 13), [1, -8, 36, -108, 252, -392, 343], 3.7.ai_bk_aee 
(-4, -4, 15), [1, -8, 38, -116, 266, -392, 343], 3.7.ai_bm_aem 
(-1, -7, 25), [1, -8, 39, -123, 273, -392, 343], 3.7.ai_bn_aet 
(-3, -5, 17), [1, -8, 39, -121, 273, -392, 343], 3.7.ai_bn_aer 
(-3, -5, 19), [1, -8, 41, -127, 287, -392, 343], 3.7.ai_bp_aex 
(-5, -2, -2), [1, -7, 15, -18, 105, -343, 343], 3.7.ah_p_as 
(-5, -2, 2), [1, -7, 19, -38, 133, -343, 343], 3.7.ah_t_abm 
(-4, -3, 2), [1, -7, 21, -50, 147, -343, 343], 3.7.ah_v_aby 
(-4, -3, 3), [1, -7, 22, -54, 154, -343, 343], 3.7.ah_w_acc 
(-4, -3, 8), [1, -7, 27, -74, 189, -343, 343], 3.7.ah_bb_acw 
(-4, -3, 9), [1, -7, 28, -78, 196, -343, 343], 3.7.ah_bc_ada 
(-2, -5, 13), [1, -7, 30, -96, 210, -343, 343], 3.7.ah_be_ads 
(-4, -3, 11), [1, -7, 30, -86, 210, -343, 343], 3.7.ah_be_adi 
(-1, -6, 18), [1, -7, 31, -102, 217, -343, 343], 3.7.ah_bf_ady 
(-3, -4, 12), [1, -7, 31, -92, 217, -343, 343], 3.7.ah_bf_ado 
(-4, -3, 12), [1, -7, 31, -90, 217, -343, 343], 3.7.ah_bf_adm 
(-4, -3, 13), [1, -7, 32, -94, 224, -343, 343], 3.7.ah_bg_adq 
(-1, -6, 20), [1, -7, 33, -104, 231, -343, 343], 3.7.ah_bh_aea 
(-2, -5, 16), [1, -7, 33, -102, 231, -343, 343], 3.7.ah_bh_ady 
(-2, -5, 17), [1, -7, 34, -104, 238, -343, 343], 3.7.ah_bi_aea 
(-3, -4, 16), [1, -7, 35, -104, 245, -343, 343], 3.7.ah_bj_aea 
(-2, -5, 19), [1, -7, 36, -108, 252, -343, 343], 3.7.ah_bk_aee 
(-5, -1, -8), [1, -6, 4, 26, 28, -294, 343], 3.7.ag_e_ba 
(-5, -1, -5), [1, -6, 7, 11, 49, -294, 343], 3.7.ag_h_l 
(-5, -1, -4), [1, -6, 8, 6, 56, -294, 343], 3.7.ag_i_g 
(-5, -1, -3), [1, -6, 9, 1, 63, -294, 343], 3.7.ag_j_b 
(-5, -1, -1), [1, -6, 11, -9, 77, -294, 343], 3.7.ag_l_aj 
(-5, -1, 1), [1, -6, 13, -19, 91, -294, 343], 3.7.ag_n_at 
(-4, -2, 5), [1, -6, 20, -48, 140, -294, 343], 3.7.ag_u_abw 
(-1, -5, 15), [1, -6, 27, -85, 189, -294, 343], 3.7.ag_bb_adh 
(-3, -3, 11), [1, -6, 27, -75, 189, -294, 343], 3.7.ag_bb_acx 
(-1, -5, 17), [1, -6, 29, -87, 203, -294, 343], 3.7.ag_bd_adj 
(-3, -3, 13), [1, -6, 29, -81, 203, -294, 343], 3.7.ag_bd_add 
(-2, -4, 15), [1, -6, 30, -86, 210, -294, 343], 3.7.ag_be_adi 
(-1, -5, 19), [1, -6, 31, -89, 217, -294, 343], 3.7.ag_bf_adl 
(-3, -3, 15), [1, -6, 31, -87, 217, -294, 343], 3.7.ag_bf_adj 
(-5, 0, -12), [1, -5, -5, 60, -35, -245, 343], 3.7.af_af_ci 
(-5, 0, -10), [1, -5, -3, 50, -21, -245, 343], 3.7.af_ad_by 
(-5, 0, -8), [1, -5, -1, 40, -7, -245, 343], 3.7.af_ab_bo 
(-4, -1, -5), [1, -5, 6, 6, 42, -245, 343], 3.7.af_g_g 
(-4, -1, -1), [1, -5, 10, -10, 70, -245, 343], 3.7.af_k_ak 
(-4, -1, 1), [1, -5, 12, -18, 84, -245, 343], 3.7.af_m_as 
(-4, -1, 3), [1, -5, 14, -26, 98, -245, 343], 3.7.af_o_aba 
(-4, -1, 4), [1, -5, 15, -30, 105, -245, 343], 3.7.af_p_abe 
(-4, -1, 5), [1, -5, 16, -34, 112, -245, 343], 3.7.af_q_abi 
(-3, -2, 8), [1, -5, 21, -52, 147, -245, 343], 3.7.af_v_aca 
(-3, -2, 10), [1, -5, 23, -58, 161, -245, 343], 3.7.af_x_acg 
(-3, -2, 12), [1, -5, 25, -64, 175, -245, 343], 3.7.af_z_acm 
(-2, -3, 13), [1, -5, 26, -68, 182, -245, 343], 3.7.af_ba_acq 
(-1, -4, 16), [1, -5, 27, -72, 189, -245, 343], 3.7.af_bb_acu 
(-2, -3, 15), [1, -5, 28, -72, 196, -245, 343], 3.7.af_bc_acu 
(-4, 0, -13), [1, -4, -6, 52, -42, -196, 343], 3.7.ae_ag_ca 
(-5, 1, -8), [1, -4, -6, 54, -42, -196, 343], 3.7.ae_ag_cc 
(-5, 1, -5), [1, -4, -3, 39, -21, -196, 343], 3.7.ae_ad_bn 
(-4, 0, -9), [1, -4, -2, 36, -14, -196, 343], 3.7.ae_ac_bk 
(-5, 1, -1), [1, -4, 1, 19, 7, -196, 343], 3.7.ae_b_t 
(-4, 0, -5), [1, -4, 2, 20, 14, -196, 343], 3.7.ae_c_u 
(-4, 0, -4), [1, -4, 3, 16, 21, -196, 343], 3.7.ae_d_q 
(-4, 0, -3), [1, -4, 4, 12, 28, -196, 343], 3.7.ae_e_m 
(-4, 0, -1), [1, -4, 6, 4, 42, -196, 343], 3.7.ae_g_e 
(-3, -1, 5), [1, -4, 15, -29, 105, -196, 343], 3.7.ae_p_abd 
(-3, -1, 9), [1, -4, 19, -41, 133, -196, 343], 3.7.ae_t_abp 
(-3, -1, 11), [1, -4, 21, -47, 147, -196, 343], 3.7.ae_v_abv 
(-1, -3, 13), [1, -4, 23, -55, 161, -196, 343], 3.7.ae_x_acd 
(-2, -2, 13), [1, -4, 24, -54, 168, -196, 343], 3.7.ae_y_acc 
(-1, -3, 15), [1, -4, 25, -57, 175, -196, 343], 3.7.ae_z_acf 
(-3, 0, -12), [1, -3, -5, 36, -35, -147, 343], 3.7.ad_af_bk 
(-4, 1, -8), [1, -3, -5, 46, -35, -147, 343], 3.7.ad_af_bu 
(-4, 1, -5), [1, -3, -2, 34, -14, -147, 343], 3.7.ad_ac_bi 
(-4, 1, -4), [1, -3, -1, 30, -7, -147, 343], 3.7.ad_ab_be 
(-4, 1, -3), [1, -3, 0, 26, 0, -147, 343], 3.7.ad_a_ba 
(-3, 0, 2), [1, -3, 9, -6, 63, -147, 343], 3.7.ad_j_ag 
(1, -4, 8), [1, -3, 11, -48, 77, -147, 343], 3.7.ad_l_abw 
(-3, 0, 4), [1, -3, 11, -12, 77, -147, 343], 3.7.ad_l_am 
(1, -4, 10), [1, -3, 13, -46, 91, -147, 343], 3.7.ad_n_abu 
(-3, 0, 6), [1, -3, 13, -18, 91, -147, 343], 3.7.ad_n_as 
(1, -4, 12), [1, -3, 15, -44, 105, -147, 343], 3.7.ad_p_abs 
(-3, 0, 8), [1, -3, 15, -24, 105, -147, 343], 3.7.ad_p_ay 
(-2, -1, 9), [1, -3, 18, -32, 126, -147, 343], 3.7.ad_s_abg 
(-2, -1, 10), [1, -3, 19, -34, 133, -147, 343], 3.7.ad_t_abi 
(-2, -1, 11), [1, -3, 20, -36, 140, -147, 343], 3.7.ad_u_abk 
(-1, -2, 12), [1, -3, 21, -40, 147, -147, 343], 3.7.ad_v_abo 
(-2, -1, 13), [1, -3, 22, -40, 154, -147, 343], 3.7.ad_w_abo 
(-2, 0, -13), [1, -2, -6, 26, -42, -98, 343], 3.7.ac_ag_ba 
(-4, 2, -3), [1, -2, -4, 40, -28, -98, 343], 3.7.ac_ae_bo 
(-3, 1, -5), [1, -2, -1, 29, -7, -98, 343], 3.7.ac_ab_bd 
(-3, 1, -3), [1, -2, 1, 23, 7, -98, 343], 3.7.ac_b_x 
(-3, 1, -1), [1, -2, 3, 17, 21, -98, 343], 3.7.ac_d_r 
(3, -5, 13), [1, -2, 5, -31, 35, -98, 343], 3.7.ac_f_abf 
(-3, 1, 1), [1, -2, 5, 11, 35, -98, 343], 3.7.ac_f_l 
(-3, 1, 3), [1, -2, 7, 5, 49, -98, 343], 3.7.ac_h_f 
(-3, 1, 5), [1, -2, 9, -1, 63, -98, 343], 3.7.ac_j_ab 
(1, -3, 9), [1, -2, 13, -33, 91, -98, 343], 3.7.ac_n_abh 
(1, -3, 11), [1, -2, 15, -31, 105, -98, 343], 3.7.ac_p_abf 
(-2, 0, 9), [1, -2, 16, -18, 112, -98, 343], 3.7.ac_q_as 
(1, -3, 13), [1, -2, 17, -29, 119, -98, 343], 3.7.ac_r_abd 
(-2, 0, 11), [1, -2, 18, -22, 126, -98, 343], 3.7.ac_s_aw 
(-1, -1, 11), [1, -2, 19, -25, 133, -98, 343], 3.7.ac_t_az 
(-1, -1, 13), [1, -2, 21, -27, 147, -98, 343], 3.7.ac_v_abb 
(-3, 2, -2), [1, -1, -1, 34, -7, -49, 343], 3.7.ab_ab_bi 
(2, -3, 2), [1, -1, 3, -38, 21, -49, 343], 3.7.ab_d_abm 
(-3, 2, 2), [1, -1, 3, 22, 21, -49, 343], 3.7.ab_d_w 
(2, -3, 3), [1, -1, 4, -36, 28, -49, 343], 3.7.ab_e_abk 
(2, -3, 5), [1, -1, 6, -32, 42, -49, 343], 3.7.ab_g_abg 
(2, -3, 6), [1, -1, 7, -30, 49, -49, 343], 3.7.ab_h_abe 
(-2, 1, 5), [1, -1, 10, 4, 70, -49, 343], 3.7.ab_k_e 
(-1, 0, 4), [1, -1, 11, -4, 77, -49, 343], 3.7.ab_l_ae 
(-2, 1, 6), [1, -1, 11, 2, 77, -49, 343], 3.7.ab_l_c 
(1, -2, 8), [1, -1, 13, -20, 91, -49, 343], 3.7.ab_n_au 
(-2, 1, 9), [1, -1, 14, -4, 98, -49, 343], 3.7.ab_o_ae 
(1, -2, 10), [1, -1, 15, -18, 105, -49, 343], 3.7.ab_p_as 
(-2, 1, 10), [1, -1, 15, -6, 105, -49, 343], 3.7.ab_p_ag 
(-2, 1, 11), [1, -1, 16, -8, 112, -49, 343], 3.7.ab_q_ai 
(1, -2, 12), [1, -1, 17, -16, 119, -49, 343], 3.7.ab_r_aq 
(-1, 0, 12), [1, -1, 19, -12, 133, -49, 343], 3.7.ab_t_am 
(2, -2, 5), [1, 0, 8, -18, 56, 0, 343], 3.7.a_i_as 
(-2, 2, 5), [1, 0, 8, 18, 56, 0, 343], 3.7.a_i_s 
(1, -1, 9), [1, 0, 15, -5, 105, 0, 343], 3.7.a_p_af 
(-1, 1, 9), [1, 0, 15, 5, 105, 0, 343], 3.7.a_p_f 
(1, -1, 11), [1, 0, 17, -3, 119, 0, 343], 3.7.a_r_ad 
(-1, 1, 11), [1, 0, 17, 3, 119, 0, 343], 3.7.a_r_d 
(1, -1, 13), [1, 0, 19, -1, 133, 0, 343], 3.7.a_t_ab 
(-1, 1, 13), [1, 0, 19, 1, 133, 0, 343], 3.7.a_t_b 
(3, -2, -2), [1, 1, -1, -34, -7, 49, 343], 3.7.b_ab_abi 
(3, -2, 2), [1, 1, 3, -22, 21, 49, 343], 3.7.b_d_aw 
(-2, 3, 2), [1, 1, 3, 38, 21, 49, 343], 3.7.b_d_bm 
(-2, 3, 3), [1, 1, 4, 36, 28, 49, 343], 3.7.b_e_bk 
(-2, 3, 5), [1, 1, 6, 32, 42, 49, 343], 3.7.b_g_bg 
(-2, 3, 6), [1, 1, 7, 30, 49, 49, 343], 3.7.b_h_be 
(2, -1, 5), [1, 1, 10, -4, 70, 49, 343], 3.7.b_k_ae 
(2, -1, 6), [1, 1, 11, -2, 77, 49, 343], 3.7.b_l_ac 
(1, 0, 4), [1, 1, 11, 4, 77, 49, 343], 3.7.b_l_e 
(-1, 2, 8), [1, 1, 13, 20, 91, 49, 343], 3.7.b_n_u 
(2, -1, 9), [1, 1, 14, 4, 98, 49, 343], 3.7.b_o_e 
(2, -1, 10), [1, 1, 15, 6, 105, 49, 343], 3.7.b_p_g 
(-1, 2, 10), [1, 1, 15, 18, 105, 49, 343], 3.7.b_p_s 
(2, -1, 11), [1, 1, 16, 8, 112, 49, 343], 3.7.b_q_i 
(-1, 2, 12), [1, 1, 17, 16, 119, 49, 343], 3.7.b_r_q 
(1, 0, 12), [1, 1, 19, 12, 133, 49, 343], 3.7.b_t_m 
(2, 0, -13), [1, 2, -6, -26, -42, 98, 343], 3.7.c_ag_aba 
(4, -2, -3), [1, 2, -4, -40, -28, 98, 343], 3.7.c_ae_abo 
(3, -1, -5), [1, 2, -1, -29, -7, 98, 343], 3.7.c_ab_abd 
(3, -1, -3), [1, 2, 1, -23, 7, 98, 343], 3.7.c_b_ax 
(3, -1, -1), [1, 2, 3, -17, 21, 98, 343], 3.7.c_d_ar 
(3, -1, 1), [1, 2, 5, -11, 35, 98, 343], 3.7.c_f_al 
(-3, 5, 13), [1, 2, 5, 31, 35, 98, 343], 3.7.c_f_bf 
(3, -1, 3), [1, 2, 7, -5, 49, 98, 343], 3.7.c_h_af 
(3, -1, 5), [1, 2, 9, 1, 63, 98, 343], 3.7.c_j_b 
(-1, 3, 9), [1, 2, 13, 33, 91, 98, 343], 3.7.c_n_bh 
(-1, 3, 11), [1, 2, 15, 31, 105, 98, 343], 3.7.c_p_bf 
(2, 0, 9), [1, 2, 16, 18, 112, 98, 343], 3.7.c_q_s 
(-1, 3, 13), [1, 2, 17, 29, 119, 98, 343], 3.7.c_r_bd 
(2, 0, 11), [1, 2, 18, 22, 126, 98, 343], 3.7.c_s_w 
(1, 1, 11), [1, 2, 19, 25, 133, 98, 343], 3.7.c_t_z 
(1, 1, 13), [1, 2, 21, 27, 147, 98, 343], 3.7.c_v_bb 
(4, -1, -8), [1, 3, -5, -46, -35, 147, 343], 3.7.d_af_abu 
(3, 0, -12), [1, 3, -5, -36, -35, 147, 343], 3.7.d_af_abk 
(4, -1, -5), [1, 3, -2, -34, -14, 147, 343], 3.7.d_ac_abi 
(4, -1, -4), [1, 3, -1, -30, -7, 147, 343], 3.7.d_ab_abe 
(4, -1, -3), [1, 3, 0, -26, 0, 147, 343], 3.7.d_a_aba 
(3, 0, 2), [1, 3, 9, 6, 63, 147, 343], 3.7.d_j_g 
(3, 0, 4), [1, 3, 11, 12, 77, 147, 343], 3.7.d_l_m 
(-1, 4, 8), [1, 3, 11, 48, 77, 147, 343], 3.7.d_l_bw 
(3, 0, 6), [1, 3, 13, 18, 91, 147, 343], 3.7.d_n_s 
(-1, 4, 10), [1, 3, 13, 46, 91, 147, 343], 3.7.d_n_bu 
(3, 0, 8), [1, 3, 15, 24, 105, 147, 343], 3.7.d_p_y 
(-1, 4, 12), [1, 3, 15, 44, 105, 147, 343], 3.7.d_p_bs 
(2, 1, 9), [1, 3, 18, 32, 126, 147, 343], 3.7.d_s_bg 
(2, 1, 10), [1, 3, 19, 34, 133, 147, 343], 3.7.d_t_bi 
(2, 1, 11), [1, 3, 20, 36, 140, 147, 343], 3.7.d_u_bk 
(1, 2, 12), [1, 3, 21, 40, 147, 147, 343], 3.7.d_v_bo 
(2, 1, 13), [1, 3, 22, 40, 154, 147, 343], 3.7.d_w_bo 
(5, -1, -8), [1, 4, -6, -54, -42, 196, 343], 3.7.e_ag_acc 
(4, 0, -13), [1, 4, -6, -52, -42, 196, 343], 3.7.e_ag_aca 
(5, -1, -5), [1, 4, -3, -39, -21, 196, 343], 3.7.e_ad_abn 
(4, 0, -9), [1, 4, -2, -36, -14, 196, 343], 3.7.e_ac_abk 
(5, -1, -1), [1, 4, 1, -19, 7, 196, 343], 3.7.e_b_at 
(4, 0, -5), [1, 4, 2, -20, 14, 196, 343], 3.7.e_c_au 
(4, 0, -4), [1, 4, 3, -16, 21, 196, 343], 3.7.e_d_aq 
(4, 0, -3), [1, 4, 4, -12, 28, 196, 343], 3.7.e_e_am 
(4, 0, -1), [1, 4, 6, -4, 42, 196, 343], 3.7.e_g_ae 
(3, 1, 5), [1, 4, 15, 29, 105, 196, 343], 3.7.e_p_bd 
(3, 1, 9), [1, 4, 19, 41, 133, 196, 343], 3.7.e_t_bp 
(3, 1, 11), [1, 4, 21, 47, 147, 196, 343], 3.7.e_v_bv 
(1, 3, 13), [1, 4, 23, 55, 161, 196, 343], 3.7.e_x_cd 
(2, 2, 13), [1, 4, 24, 54, 168, 196, 343], 3.7.e_y_cc 
(1, 3, 15), [1, 4, 25, 57, 175, 196, 343], 3.7.e_z_cf 
(5, 0, -12), [1, 5, -5, -60, -35, 245, 343], 3.7.f_af_aci 
(5, 0, -10), [1, 5, -3, -50, -21, 245, 343], 3.7.f_ad_aby 
(5, 0, -8), [1, 5, -1, -40, -7, 245, 343], 3.7.f_ab_abo 
(4, 1, -5), [1, 5, 6, -6, 42, 245, 343], 3.7.f_g_ag 
(4, 1, -1), [1, 5, 10, 10, 70, 245, 343], 3.7.f_k_k 
(4, 1, 1), [1, 5, 12, 18, 84, 245, 343], 3.7.f_m_s 
(4, 1, 3), [1, 5, 14, 26, 98, 245, 343], 3.7.f_o_ba 
(4, 1, 4), [1, 5, 15, 30, 105, 245, 343], 3.7.f_p_be 
(4, 1, 5), [1, 5, 16, 34, 112, 245, 343], 3.7.f_q_bi 
(3, 2, 8), [1, 5, 21, 52, 147, 245, 343], 3.7.f_v_ca 
(3, 2, 10), [1, 5, 23, 58, 161, 245, 343], 3.7.f_x_cg 
(3, 2, 12), [1, 5, 25, 64, 175, 245, 343], 3.7.f_z_cm 
(2, 3, 13), [1, 5, 26, 68, 182, 245, 343], 3.7.f_ba_cq 
(1, 4, 16), [1, 5, 27, 72, 189, 245, 343], 3.7.f_bb_cu 
(2, 3, 15), [1, 5, 28, 72, 196, 245, 343], 3.7.f_bc_cu 
(5, 1, -8), [1, 6, 4, -26, 28, 294, 343], 3.7.g_e_aba 
(5, 1, -5), [1, 6, 7, -11, 49, 294, 343], 3.7.g_h_al 
(5, 1, -4), [1, 6, 8, -6, 56, 294, 343], 3.7.g_i_ag 
(5, 1, -3), [1, 6, 9, -1, 63, 294, 343], 3.7.g_j_ab 
(5, 1, -1), [1, 6, 11, 9, 77, 294, 343], 3.7.g_l_j 
(5, 1, 1), [1, 6, 13, 19, 91, 294, 343], 3.7.g_n_t 
(4, 2, 5), [1, 6, 20, 48, 140, 294, 343], 3.7.g_u_bw 
(3, 3, 11), [1, 6, 27, 75, 189, 294, 343], 3.7.g_bb_cx 
(1, 5, 15), [1, 6, 27, 85, 189, 294, 343], 3.7.g_bb_dh 
(3, 3, 13), [1, 6, 29, 81, 203, 294, 343], 3.7.g_bd_dd 
(1, 5, 17), [1, 6, 29, 87, 203, 294, 343], 3.7.g_bd_dj 
(2, 4, 15), [1, 6, 30, 86, 210, 294, 343], 3.7.g_be_di 
(3, 3, 15), [1, 6, 31, 87, 217, 294, 343], 3.7.g_bf_dj 
(1, 5, 19), [1, 6, 31, 89, 217, 294, 343], 3.7.g_bf_dl 
(5, 2, -2), [1, 7, 15, 18, 105, 343, 343], 3.7.h_p_s 
(5, 2, 2), [1, 7, 19, 38, 133, 343, 343], 3.7.h_t_bm 
(4, 3, 2), [1, 7, 21, 50, 147, 343, 343], 3.7.h_v_by 
(4, 3, 3), [1, 7, 22, 54, 154, 343, 343], 3.7.h_w_cc 
(4, 3, 8), [1, 7, 27, 74, 189, 343, 343], 3.7.h_bb_cw 
(4, 3, 9), [1, 7, 28, 78, 196, 343, 343], 3.7.h_bc_da 
(4, 3, 11), [1, 7, 30, 86, 210, 343, 343], 3.7.h_be_di 
(2, 5, 13), [1, 7, 30, 96, 210, 343, 343], 3.7.h_be_ds 
(4, 3, 12), [1, 7, 31, 90, 217, 343, 343], 3.7.h_bf_dm 
(3, 4, 12), [1, 7, 31, 92, 217, 343, 343], 3.7.h_bf_do 
(1, 6, 18), [1, 7, 31, 102, 217, 343, 343], 3.7.h_bf_dy 
(4, 3, 13), [1, 7, 32, 94, 224, 343, 343], 3.7.h_bg_dq 
(2, 5, 16), [1, 7, 33, 102, 231, 343, 343], 3.7.h_bh_dy 
(1, 6, 20), [1, 7, 33, 104, 231, 343, 343], 3.7.h_bh_ea 
(2, 5, 17), [1, 7, 34, 104, 238, 343, 343], 3.7.h_bi_ea 
(3, 4, 16), [1, 7, 35, 104, 245, 343, 343], 3.7.h_bj_ea 
(2, 5, 19), [1, 7, 36, 108, 252, 343, 343], 3.7.h_bk_ee 
(5, 3, 2), [1, 8, 24, 52, 168, 392, 343], 3.7.i_y_ca 
(5, 3, 3), [1, 8, 25, 57, 175, 392, 343], 3.7.i_z_cf 
(5, 3, 5), [1, 8, 27, 67, 189, 392, 343], 3.7.i_bb_cp 
(5, 3, 8), [1, 8, 30, 82, 210, 392, 343], 3.7.i_be_de 
(5, 3, 11), [1, 8, 33, 97, 231, 392, 343], 3.7.i_bh_dt 
(4, 4, 11), [1, 8, 34, 100, 238, 392, 343], 3.7.i_bi_dw 
(4, 4, 13), [1, 8, 36, 108, 252, 392, 343], 3.7.i_bk_ee 
(4, 4, 15), [1, 8, 38, 116, 266, 392, 343], 3.7.i_bm_em 
(3, 5, 17), [1, 8, 39, 121, 273, 392, 343], 3.7.i_bn_er 
(1, 7, 25), [1, 8, 39, 123, 273, 392, 343], 3.7.i_bn_et 
(3, 5, 19), [1, 8, 41, 127, 287, 392, 343], 3.7.i_bp_ex 
(5, 4, 8), [1, 9, 35, 96, 245, 441, 343], 3.7.j_bj_ds 
(5, 4, 10), [1, 9, 37, 106, 259, 441, 343], 3.7.j_bl_ec 
(5, 4, 12), [1, 9, 39, 116, 273, 441, 343], 3.7.j_bn_em 
(4, 5, 13), [1, 9, 40, 122, 280, 441, 343], 3.7.j_bo_es 
(4, 5, 15), [1, 9, 42, 130, 294, 441, 343], 3.7.j_bq_fa 
(4, 5, 16), [1, 9, 43, 134, 301, 441, 343], 3.7.j_br_fe 
(5, 4, 16), [1, 9, 43, 136, 301, 441, 343], 3.7.j_br_fg 
(3, 6, 18), [1, 9, 43, 138, 301, 441, 343], 3.7.j_br_fi 
(4, 5, 17), [1, 9, 44, 138, 308, 441, 343], 3.7.j_bs_fi 
(3, 6, 20), [1, 9, 45, 144, 315, 441, 343], 3.7.j_bt_fo 
(4, 5, 19), [1, 9, 46, 146, 322, 441, 343], 3.7.j_bu_fq 
(2, 7, 25), [1, 9, 46, 148, 322, 441, 343], 3.7.j_bu_fs 
(5, 5, 13), [1, 10, 45, 135, 315, 490, 343], 3.7.k_bt_ff 
(5, 5, 15), [1, 10, 47, 145, 329, 490, 343], 3.7.k_bv_fp 
(5, 5, 16), [1, 10, 48, 150, 336, 490, 343], 3.7.k_bw_fu 
(5, 5, 17), [1, 10, 49, 155, 343, 490, 343], 3.7.k_bx_fz 
(4, 6, 18), [1, 10, 49, 156, 343, 490, 343], 3.7.k_bx_ga 
(4, 6, 20), [1, 10, 51, 164, 357, 490, 343], 3.7.k_bz_gi 
(5, 5, 19), [1, 10, 51, 165, 357, 490, 343], 3.7.k_bz_gj 
(3, 7, 25), [1, 10, 53, 173, 371, 490, 343], 3.7.k_cb_gr 
(5, 6, 18), [1, 11, 55, 174, 385, 539, 343], 3.7.l_cd_gs 
(5, 6, 20), [1, 11, 57, 184, 399, 539, 343], 3.7.l_cf_hc 
(4, 7, 25), [1, 11, 60, 198, 420, 539, 343], 3.7.l_ci_hq 
(5, 7, 25), [1, 12, 67, 223, 469, 588, 343], 3.7.m_cp_ip 
