(-8, -13, 75), [1, -21, 196, -1042, 3332, -6069, 4913], 3.17.av_ho_aboc 
(-8, -12, 65), [1, -20, 178, -928, 3026, -5780, 4913], 3.17.au_gw_abjs 
(-8, -12, 67), [1, -20, 180, -944, 3060, -5780, 4913], 3.17.au_gy_abki 
(-7, -13, 75), [1, -20, 183, -967, 3111, -5780, 4913], 3.17.au_hb_ablf 
(-8, -11, 57), [1, -19, 162, -830, 2754, -5491, 4913], 3.17.at_gg_abfy 
(-8, -11, 59), [1, -19, 164, -846, 2788, -5491, 4913], 3.17.at_gi_abgo 
(-8, -11, 60), [1, -19, 165, -854, 2805, -5491, 4913], 3.17.at_gj_abgw 
(-8, -11, 61), [1, -19, 166, -862, 2822, -5491, 4913], 3.17.at_gk_abhe 
(-8, -11, 63), [1, -19, 168, -878, 2856, -5491, 4913], 3.17.at_gm_abhu 
(-6, -13, 75), [1, -19, 170, -892, 2890, -5491, 4913], 3.17.at_go_abii 
(-8, -10, 49), [1, -18, 146, -732, 2482, -5202, 4913], 3.17.as_fq_abce 
(-8, -10, 53), [1, -18, 150, -764, 2550, -5202, 4913], 3.17.as_fu_abdk 
(-7, -11, 57), [1, -18, 151, -773, 2567, -5202, 4913], 3.17.as_fv_abdt 
(-8, -10, 54), [1, -18, 151, -772, 2567, -5202, 4913], 3.17.as_fv_abds 
(-8, -10, 56), [1, -18, 153, -788, 2601, -5202, 4913], 3.17.as_fx_abei 
(-7, -11, 59), [1, -18, 153, -787, 2601, -5202, 4913], 3.17.as_fx_abeh 
(-6, -12, 65), [1, -18, 154, -798, 2618, -5202, 4913], 3.17.as_fy_abes 
(-8, -10, 57), [1, -18, 154, -796, 2618, -5202, 4913], 3.17.as_fy_abeq 
(-7, -11, 61), [1, -18, 155, -801, 2635, -5202, 4913], 3.17.as_fz_abev 
(-6, -12, 67), [1, -18, 156, -810, 2652, -5202, 4913], 3.17.as_ga_abfe 
(-5, -13, 75), [1, -18, 157, -817, 2669, -5202, 4913], 3.17.as_gb_abfl 
(-7, -11, 63), [1, -18, 157, -815, 2669, -5202, 4913], 3.17.as_gb_abfj 
(-8, -9, 41), [1, -17, 130, -634, 2210, -4913, 4913], 3.17.ar_fa_ayk 
(-8, -9, 43), [1, -17, 132, -650, 2244, -4913, 4913], 3.17.ar_fc_aza 
(-8, -9, 44), [1, -17, 133, -658, 2261, -4913, 4913], 3.17.ar_fd_azi 
(-8, -9, 45), [1, -17, 134, -666, 2278, -4913, 4913], 3.17.ar_fe_azq 
(-8, -9, 46), [1, -17, 135, -674, 2295, -4913, 4913], 3.17.ar_ff_azy 
(-8, -9, 47), [1, -17, 136, -682, 2312, -4913, 4913], 3.17.ar_fg_abag 
(-8, -9, 50), [1, -17, 139, -706, 2363, -4913, 4913], 3.17.ar_fj_abbe 
(-7, -10, 52), [1, -17, 139, -704, 2363, -4913, 4913], 3.17.ar_fj_abbc 
(-6, -11, 57), [1, -17, 140, -716, 2380, -4913, 4913], 3.17.ar_fk_abbo 
(-7, -10, 54), [1, -17, 141, -718, 2397, -4913, 4913], 3.17.ar_fl_abbq 
(-8, -9, 53), [1, -17, 142, -730, 2414, -4913, 4913], 3.17.ar_fm_abcc 
(-6, -11, 59), [1, -17, 142, -728, 2414, -4913, 4913], 3.17.ar_fm_abca 
(-6, -11, 60), [1, -17, 143, -734, 2431, -4913, 4913], 3.17.ar_fn_abcg 
(-7, -10, 56), [1, -17, 143, -732, 2431, -4913, 4913], 3.17.ar_fn_abce 
(-4, -13, 75), [1, -17, 144, -742, 2448, -4913, 4913], 3.17.ar_fo_abco 
(-6, -11, 61), [1, -17, 144, -740, 2448, -4913, 4913], 3.17.ar_fo_abcm 
(-6, -11, 63), [1, -17, 146, -752, 2482, -4913, 4913], 3.17.ar_fq_abcy 
(-8, -8, 33), [1, -16, 114, -536, 1938, -4624, 4913], 3.17.aq_ek_auq 
(-8, -8, 35), [1, -16, 116, -552, 1972, -4624, 4913], 3.17.aq_em_avg 
(-8, -8, 38), [1, -16, 119, -576, 2023, -4624, 4913], 3.17.aq_ep_awe 
(-8, -8, 39), [1, -16, 120, -584, 2040, -4624, 4913], 3.17.aq_eq_awm 
(-8, -8, 40), [1, -16, 121, -592, 2057, -4624, 4913], 3.17.aq_er_awu 
(-8, -8, 43), [1, -16, 124, -616, 2108, -4624, 4913], 3.17.aq_eu_axs 
(-8, -8, 44), [1, -16, 125, -624, 2125, -4624, 4913], 3.17.aq_ev_aya 
(-7, -9, 45), [1, -16, 125, -621, 2125, -4624, 4913], 3.17.aq_ev_axx 
(-7, -9, 47), [1, -16, 127, -635, 2159, -4624, 4913], 3.17.aq_ex_ayl 
(-8, -8, 47), [1, -16, 128, -648, 2176, -4624, 4913], 3.17.aq_ey_ayy 
(-5, -11, 57), [1, -16, 129, -659, 2193, -4624, 4913], 3.17.aq_ez_azj 
(-8, -8, 48), [1, -16, 129, -656, 2193, -4624, 4913], 3.17.aq_ez_azg 
(-7, -9, 49), [1, -16, 129, -649, 2193, -4624, 4913], 3.17.aq_ez_ayz 
(-4, -12, 65), [1, -16, 130, -668, 2210, -4624, 4913], 3.17.aq_fa_azs 
(-7, -9, 50), [1, -16, 130, -656, 2210, -4624, 4913], 3.17.aq_fa_azg 
(-5, -11, 59), [1, -16, 131, -669, 2227, -4624, 4913], 3.17.aq_fb_azt 
(-6, -10, 54), [1, -16, 131, -664, 2227, -4624, 4913], 3.17.aq_fb_azo 
(-4, -12, 67), [1, -16, 132, -676, 2244, -4624, 4913], 3.17.aq_fc_abaa 
(-5, -11, 60), [1, -16, 132, -674, 2244, -4624, 4913], 3.17.aq_fc_azy 
(-5, -11, 61), [1, -16, 133, -679, 2261, -4624, 4913], 3.17.aq_fd_abad 
(-7, -9, 53), [1, -16, 133, -677, 2261, -4624, 4913], 3.17.aq_fd_abab 
(-6, -10, 57), [1, -16, 134, -682, 2278, -4624, 4913], 3.17.aq_fe_abag 
(-5, -11, 63), [1, -16, 135, -689, 2295, -4624, 4913], 3.17.aq_ff_aban 
(-8, -7, 24), [1, -15, 97, -430, 1649, -4335, 4913], 3.17.ap_dt_aqo 
(-8, -7, 25), [1, -15, 98, -438, 1666, -4335, 4913], 3.17.ap_du_aqw 
(-8, -7, 27), [1, -15, 100, -454, 1700, -4335, 4913], 3.17.ap_dw_arm 
(-8, -7, 28), [1, -15, 101, -462, 1717, -4335, 4913], 3.17.ap_dx_aru 
(-8, -7, 29), [1, -15, 102, -470, 1734, -4335, 4913], 3.17.ap_dy_asc 
(-8, -7, 30), [1, -15, 103, -478, 1751, -4335, 4913], 3.17.ap_dz_ask 
(-8, -7, 31), [1, -15, 104, -486, 1768, -4335, 4913], 3.17.ap_ea_ass 
(-7, -8, 36), [1, -15, 109, -524, 1853, -4335, 4913], 3.17.ap_ef_aue 
(-8, -7, 37), [1, -15, 110, -534, 1870, -4335, 4913], 3.17.ap_eg_auo 
(-7, -8, 38), [1, -15, 111, -538, 1887, -4335, 4913], 3.17.ap_eh_aus 
(-7, -8, 40), [1, -15, 113, -552, 1921, -4335, 4913], 3.17.ap_ej_avg 
(-7, -8, 42), [1, -15, 115, -566, 1955, -4335, 4913], 3.17.ap_el_avu 
(-6, -9, 45), [1, -15, 116, -576, 1972, -4335, 4913], 3.17.ap_em_awe 
(-6, -9, 46), [1, -15, 117, -582, 1989, -4335, 4913], 3.17.ap_en_awk 
(-7, -8, 44), [1, -15, 117, -580, 1989, -4335, 4913], 3.17.ap_en_awi 
(-4, -11, 57), [1, -15, 118, -602, 2006, -4335, 4913], 3.17.ap_eo_axe 
(-8, -7, 45), [1, -15, 118, -598, 2006, -4335, 4913], 3.17.ap_eo_axa 
(-2, -13, 75), [1, -15, 118, -592, 2006, -4335, 4913], 3.17.ap_eo_awu 
(-4, -11, 59), [1, -15, 120, -610, 2040, -4335, 4913], 3.17.ap_eq_axm 
(-6, -9, 49), [1, -15, 120, -600, 2040, -4335, 4913], 3.17.ap_eq_axc 
(-4, -11, 60), [1, -15, 121, -614, 2057, -4335, 4913], 3.17.ap_er_axq 
(-6, -9, 50), [1, -15, 121, -606, 2057, -4335, 4913], 3.17.ap_er_axi 
(-4, -11, 61), [1, -15, 122, -618, 2074, -4335, 4913], 3.17.ap_es_axu 
(-5, -10, 56), [1, -15, 123, -620, 2091, -4335, 4913], 3.17.ap_et_axw 
(-4, -11, 63), [1, -15, 124, -626, 2108, -4335, 4913], 3.17.ap_eu_ayc 
(-6, -9, 53), [1, -15, 124, -624, 2108, -4335, 4913], 3.17.ap_eu_aya 
(-8, -6, 19), [1, -14, 84, -356, 1428, -4046, 4913], 3.17.ao_dg_ans 
(-8, -6, 20), [1, -14, 85, -364, 1445, -4046, 4913], 3.17.ao_dh_aoa 
(-8, -6, 21), [1, -14, 86, -372, 1462, -4046, 4913], 3.17.ao_di_aoi 
(-7, -7, 29), [1, -14, 95, -441, 1615, -4046, 4913], 3.17.ao_dr_aqz 
(-7, -7, 31), [1, -14, 97, -455, 1649, -4046, 4913], 3.17.ao_dt_arn 
(-8, -6, 33), [1, -14, 98, -468, 1666, -4046, 4913], 3.17.ao_du_asa 
(-7, -7, 33), [1, -14, 99, -469, 1683, -4046, 4913], 3.17.ao_dv_asb 
(-7, -7, 35), [1, -14, 101, -483, 1717, -4046, 4913], 3.17.ao_dx_asp 
(-7, -7, 37), [1, -14, 103, -497, 1751, -4046, 4913], 3.17.ao_dz_atd 
(-4, -10, 49), [1, -14, 106, -536, 1802, -4046, 4913], 3.17.ao_ec_auq 
(-8, -6, 41), [1, -14, 106, -532, 1802, -4046, 4913], 3.17.ao_ec_aum 
(-3, -11, 57), [1, -14, 107, -545, 1819, -4046, 4913], 3.17.ao_ed_auz 
(-7, -7, 41), [1, -14, 107, -525, 1819, -4046, 4913], 3.17.ao_ed_auf 
(-3, -11, 59), [1, -14, 109, -551, 1853, -4046, 4913], 3.17.ao_ef_avf 
(-4, -10, 53), [1, -14, 110, -552, 1870, -4046, 4913], 3.17.ao_eg_avg 
(-6, -8, 45), [1, -14, 110, -542, 1870, -4046, 4913], 3.17.ao_eg_auw 
(-3, -11, 61), [1, -14, 111, -557, 1887, -4046, 4913], 3.17.ao_eh_avl 
(-7, -7, 45), [1, -14, 111, -553, 1887, -4046, 4913], 3.17.ao_eh_avh 
(-6, -8, 47), [1, -14, 112, -554, 1904, -4046, 4913], 3.17.ao_ei_avi 
(-4, -10, 57), [1, -14, 114, -568, 1938, -4046, 4913], 3.17.ao_ek_avw 
(-5, -9, 53), [1, -14, 115, -571, 1955, -4046, 4913], 3.17.ao_el_avz 
(-8, -5, 8), [1, -13, 65, -234, 1105, -3757, 4913], 3.17.an_cn_aja 
(-8, -5, 9), [1, -13, 66, -242, 1122, -3757, 4913], 3.17.an_co_aji 
(-8, -5, 11), [1, -13, 68, -258, 1156, -3757, 4913], 3.17.an_cq_ajy 
(-8, -5, 12), [1, -13, 69, -266, 1173, -3757, 4913], 3.17.an_cr_akg 
(-8, -5, 13), [1, -13, 70, -274, 1190, -3757, 4913], 3.17.an_cs_ako 
(-8, -5, 14), [1, -13, 71, -282, 1207, -3757, 4913], 3.17.an_ct_akw 
(-8, -5, 23), [1, -13, 80, -354, 1360, -3757, 4913], 3.17.an_dc_anq 
(-7, -6, 24), [1, -13, 83, -372, 1411, -3757, 4913], 3.17.an_df_aoi 
(-8, -5, 27), [1, -13, 84, -386, 1428, -3757, 4913], 3.17.an_dg_aow 
(-7, -6, 26), [1, -13, 85, -386, 1445, -3757, 4913], 3.17.an_dh_aow 
(-7, -6, 28), [1, -13, 87, -400, 1479, -3757, 4913], 3.17.an_dj_apk 
(-7, -6, 30), [1, -13, 89, -414, 1513, -3757, 4913], 3.17.an_dl_apy 
(-8, -5, 33), [1, -13, 90, -434, 1530, -3757, 4913], 3.17.an_dm_aqs 
(-2, -11, 57), [1, -13, 96, -488, 1632, -3757, 4913], 3.17.an_ds_asu 
(-8, -5, 39), [1, -13, 96, -482, 1632, -3757, 4913], 3.17.an_ds_aso 
(-6, -7, 37), [1, -13, 96, -460, 1632, -3757, 4913], 3.17.an_ds_ars 
(-6, -7, 38), [1, -13, 97, -466, 1649, -3757, 4913], 3.17.an_dt_ary 
(-2, -11, 59), [1, -13, 98, -492, 1666, -3757, 4913], 3.17.an_du_asy 
(-6, -7, 39), [1, -13, 98, -472, 1666, -3757, 4913], 3.17.an_du_ase 
(-3, -10, 52), [1, -13, 99, -496, 1683, -3757, 4913], 3.17.an_dv_atc 
(-7, -6, 40), [1, -13, 99, -484, 1683, -3757, 4913], 3.17.an_dv_asq 
(-6, -7, 41), [1, -13, 100, -484, 1700, -3757, 4913], 3.17.an_dw_asq 
(-3, -10, 54), [1, -13, 101, -502, 1717, -3757, 4913], 3.17.an_dx_ati 
(-6, -7, 42), [1, -13, 101, -490, 1717, -3757, 4913], 3.17.an_dx_asw 
(-6, -7, 43), [1, -13, 102, -496, 1734, -3757, 4913], 3.17.an_dy_atc 
(-3, -10, 56), [1, -13, 103, -508, 1751, -3757, 4913], 3.17.an_dz_ato 
(-5, -8, 48), [1, -13, 105, -512, 1785, -3757, 4913], 3.17.an_eb_ats 
(-4, -9, 53), [1, -13, 106, -518, 1802, -3757, 4913], 3.17.an_ec_aty 
(-8, -4, -1), [1, -12, 48, -128, 816, -3468, 4913], 3.17.am_bw_aey 
(-8, -4, 1), [1, -12, 50, -144, 850, -3468, 4913], 3.17.am_by_afo 
(-8, -4, 3), [1, -12, 52, -160, 884, -3468, 4913], 3.17.am_ca_age 
(-8, -4, 4), [1, -12, 53, -168, 901, -3468, 4913], 3.17.am_cb_agm 
(-8, -4, 11), [1, -12, 60, -224, 1020, -3468, 4913], 3.17.am_ci_aiq 
(-7, -5, 19), [1, -12, 71, -303, 1207, -3468, 4913], 3.17.am_ct_alr 
(-7, -5, 21), [1, -12, 73, -317, 1241, -3468, 4913], 3.17.am_cv_amf 
(-7, -5, 23), [1, -12, 75, -331, 1275, -3468, 4913], 3.17.am_cx_amt 
(-4, -8, 33), [1, -12, 82, -404, 1394, -3468, 4913], 3.17.am_de_apo 
(-5, -7, 33), [1, -12, 85, -403, 1445, -3468, 4913], 3.17.am_dh_apn 
(-2, -10, 49), [1, -12, 86, -438, 1462, -3468, 4913], 3.17.am_di_aqw 
(-6, -6, 33), [1, -12, 86, -402, 1462, -3468, 4913], 3.17.am_di_apm 
(-4, -8, 39), [1, -12, 88, -428, 1496, -3468, 4913], 3.17.am_dk_aqm 
(-6, -6, 35), [1, -12, 88, -414, 1496, -3468, 4913], 3.17.am_dk_apy 
(-3, -9, 45), [1, -12, 89, -441, 1513, -3468, 4913], 3.17.am_dl_aqz 
(-3, -9, 49), [1, -12, 93, -453, 1581, -3468, 4913], 3.17.am_dp_arl 
(-5, -7, 41), [1, -12, 93, -443, 1581, -3468, 4913], 3.17.am_dp_arb 
(-5, -7, 43), [1, -12, 95, -453, 1615, -3468, 4913], 3.17.am_dr_arl 
(-4, -8, 47), [1, -12, 96, -460, 1632, -3468, 4913], 3.17.am_ds_ars 
(-3, -9, 53), [1, -12, 97, -465, 1649, -3468, 4913], 3.17.am_dt_arx 
(-5, -7, 45), [1, -12, 97, -463, 1649, -3468, 4913], 3.17.am_dt_arv 
(-8, -3, -9), [1, -11, 32, -30, 544, -3179, 4913], 3.17.al_bg_abe 
(-8, -3, -8), [1, -11, 33, -38, 561, -3179, 4913], 3.17.al_bh_abm 
(-8, -3, -7), [1, -11, 34, -46, 578, -3179, 4913], 3.17.al_bi_abu 
(-8, -3, -5), [1, -11, 36, -62, 612, -3179, 4913], 3.17.al_bk_ack 
(-8, -3, -4), [1, -11, 37, -70, 629, -3179, 4913], 3.17.al_bl_acs 
(-8, -3, -3), [1, -11, 38, -78, 646, -3179, 4913], 3.17.al_bm_ada 
(-7, -4, 10), [1, -11, 55, -206, 935, -3179, 4913], 3.17.al_cd_ahy 
(-7, -4, 12), [1, -11, 57, -220, 969, -3179, 4913], 3.17.al_cf_aim 
(-7, -4, 14), [1, -11, 59, -234, 1003, -3179, 4913], 3.17.al_ch_aja 
(-7, -4, 16), [1, -11, 61, -248, 1037, -3179, 4913], 3.17.al_cj_ajo 
(-6, -5, 25), [1, -11, 72, -320, 1224, -3179, 4913], 3.17.al_cu_ami 
(-6, -5, 26), [1, -11, 73, -326, 1241, -3179, 4913], 3.17.al_cv_amo 
(-6, -5, 27), [1, -11, 74, -332, 1258, -3179, 4913], 3.17.al_cw_amu 
(-6, -5, 29), [1, -11, 76, -344, 1292, -3179, 4913], 3.17.al_cy_ang 
(-6, -5, 30), [1, -11, 77, -350, 1309, -3179, 4913], 3.17.al_cz_anm 
(-6, -5, 31), [1, -11, 78, -356, 1326, -3179, 4913], 3.17.al_da_ans 
(-2, -9, 44), [1, -11, 79, -394, 1343, -3179, 4913], 3.17.al_db_ape 
(-5, -6, 32), [1, -11, 79, -364, 1343, -3179, 4913], 3.17.al_db_aoa 
(-2, -9, 45), [1, -11, 80, -396, 1360, -3179, 4913], 3.17.al_dc_apg 
(-2, -9, 46), [1, -11, 81, -398, 1377, -3179, 4913], 3.17.al_dd_api 
(-1, -10, 54), [1, -11, 81, -394, 1377, -3179, 4913], 3.17.al_dd_ape 
(-2, -9, 47), [1, -11, 82, -400, 1394, -3179, 4913], 3.17.al_de_apk 
(-5, -6, 36), [1, -11, 83, -384, 1411, -3179, 4913], 3.17.al_df_aou 
(-2, -9, 49), [1, -11, 84, -404, 1428, -3179, 4913], 3.17.al_dg_apo 
(-2, -9, 50), [1, -11, 85, -406, 1445, -3179, 4913], 3.17.al_dh_apq 
(-5, -6, 38), [1, -11, 85, -394, 1445, -3179, 4913], 3.17.al_dh_ape 
(-5, -6, 40), [1, -11, 87, -404, 1479, -3179, 4913], 3.17.al_dj_apo 
(-4, -7, 43), [1, -11, 88, -410, 1496, -3179, 4913], 3.17.al_dk_apu 
(-3, -8, 48), [1, -11, 89, -416, 1513, -3179, 4913], 3.17.al_dl_aqa 
(-4, -7, 45), [1, -11, 90, -418, 1530, -3179, 4913], 3.17.al_dm_aqc 
(-8, -2, -16), [1, -10, 17, 60, 289, -2890, 4913], 3.17.ak_r_ci 
(-8, -2, -15), [1, -10, 18, 52, 306, -2890, 4913], 3.17.ak_s_ca 
(-8, -2, -13), [1, -10, 20, 36, 340, -2890, 4913], 3.17.ak_u_bk 
(-8, -2, -11), [1, -10, 22, 20, 374, -2890, 4913], 3.17.ak_w_u 
(-8, -2, -9), [1, -10, 24, 4, 408, -2890, 4913], 3.17.ak_y_e 
(-7, -3, 3), [1, -10, 41, -123, 697, -2890, 4913], 3.17.ak_bp_aet 
(-7, -3, 5), [1, -10, 43, -137, 731, -2890, 4913], 3.17.ak_br_afh 
(-7, -3, 7), [1, -10, 45, -151, 765, -2890, 4913], 3.17.ak_bt_afv 
(-7, -3, 9), [1, -10, 47, -165, 799, -2890, 4913], 3.17.ak_bv_agj 
(-4, -6, 19), [1, -10, 60, -280, 1020, -2890, 4913], 3.17.ak_ci_aku 
(-6, -4, 21), [1, -10, 62, -262, 1054, -2890, 4913], 3.17.ak_ck_akc 
(-6, -4, 23), [1, -10, 64, -274, 1088, -2890, 4913], 3.17.ak_cm_ako 
(-1, -9, 41), [1, -10, 67, -347, 1139, -2890, 4913], 3.17.ak_cp_anj 
(-1, -9, 43), [1, -10, 69, -349, 1173, -2890, 4913], 3.17.ak_cr_anl 
(-1, -9, 45), [1, -10, 71, -351, 1207, -2890, 4913], 3.17.ak_ct_ann 
(-5, -5, 31), [1, -10, 73, -325, 1241, -2890, 4913], 3.17.ak_cv_amn 
(-5, -5, 33), [1, -10, 75, -335, 1275, -2890, 4913], 3.17.ak_cx_amx 
(-5, -5, 35), [1, -10, 77, -345, 1309, -2890, 4913], 3.17.ak_cz_anh 
(-2, -8, 45), [1, -10, 78, -362, 1326, -2890, 4913], 3.17.ak_da_any 
(-1, -9, 53), [1, -10, 79, -359, 1343, -2890, 4913], 3.17.ak_db_anv 
(-5, -5, 37), [1, -10, 79, -355, 1343, -2890, 4913], 3.17.ak_db_anr 
(-2, -8, 47), [1, -10, 80, -366, 1360, -2890, 4913], 3.17.ak_dc_aoc 
(-3, -7, 43), [1, -10, 81, -367, 1377, -2890, 4913], 3.17.ak_dd_aod 
(-4, -6, 41), [1, -10, 82, -368, 1394, -2890, 4913], 3.17.ak_de_aoe 
(-3, -7, 45), [1, -10, 83, -373, 1411, -2890, 4913], 3.17.ak_df_aoj 
(-8, -1, -25), [1, -9, 0, 166, 0, -2601, 4913], 3.17.aj_a_gk 
(-8, -1, -24), [1, -9, 1, 158, 17, -2601, 4913], 3.17.aj_b_gc 
(-8, -1, -23), [1, -9, 2, 150, 34, -2601, 4913], 3.17.aj_c_fu 
(-8, -1, -21), [1, -9, 4, 134, 68, -2601, 4913], 3.17.aj_e_fe 
(-8, -1, -20), [1, -9, 5, 126, 85, -2601, 4913], 3.17.aj_f_ew 
(-8, -1, -19), [1, -9, 6, 118, 102, -2601, 4913], 3.17.aj_g_eo 
(-8, -1, -13), [1, -9, 12, 70, 204, -2601, 4913], 3.17.aj_m_cs 
(-7, -2, -12), [1, -9, 19, 16, 323, -2601, 4913], 3.17.aj_t_q 
(-7, -2, -4), [1, -9, 27, -40, 459, -2601, 4913], 3.17.aj_bb_abo 
(-7, -2, -2), [1, -9, 29, -54, 493, -2601, 4913], 3.17.aj_bd_acc 
(-7, -2, 2), [1, -9, 33, -82, 561, -2601, 4913], 3.17.aj_bh_ade 
(-6, -3, 13), [1, -9, 48, -180, 816, -2601, 4913], 3.17.aj_bw_agy 
(-6, -3, 14), [1, -9, 49, -186, 833, -2601, 4913], 3.17.aj_bx_ahe 
(-6, -3, 15), [1, -9, 50, -192, 850, -2601, 4913], 3.17.aj_by_ahk 
(-6, -3, 18), [1, -9, 53, -210, 901, -2601, 4913], 3.17.aj_cb_aic 
(-6, -3, 19), [1, -9, 54, -216, 918, -2601, 4913], 3.17.aj_cc_aii 
(-1, -8, 32), [1, -9, 57, -304, 969, -2601, 4913], 3.17.aj_cf_als 
(-1, -8, 38), [1, -9, 63, -310, 1071, -2601, 4913], 3.17.aj_cl_aly 
(-5, -4, 26), [1, -9, 63, -266, 1071, -2601, 4913], 3.17.aj_cl_akg 
(-1, -8, 40), [1, -9, 65, -312, 1105, -2601, 4913], 3.17.aj_cn_ama 
(-5, -4, 28), [1, -9, 65, -276, 1105, -2601, 4913], 3.17.aj_cn_akq 
(-1, -8, 42), [1, -9, 67, -314, 1139, -2601, 4913], 3.17.aj_cp_amc 
(-5, -4, 30), [1, -9, 67, -286, 1139, -2601, 4913], 3.17.aj_cp_ala 
(-1, -8, 44), [1, -9, 69, -316, 1173, -2601, 4913], 3.17.aj_cr_ame 
(-5, -4, 32), [1, -9, 69, -296, 1173, -2601, 4913], 3.17.aj_cr_alk 
(-4, -5, 33), [1, -9, 70, -302, 1190, -2601, 4913], 3.17.aj_cs_alq 
(-2, -7, 41), [1, -9, 72, -320, 1224, -2601, 4913], 3.17.aj_cu_ami 
(-4, -5, 35), [1, -9, 72, -310, 1224, -2601, 4913], 3.17.aj_cu_aly 
(-2, -7, 42), [1, -9, 73, -322, 1241, -2601, 4913], 3.17.aj_cv_amk 
(-1, -8, 48), [1, -9, 73, -320, 1241, -2601, 4913], 3.17.aj_cv_ami 
(-4, -5, 36), [1, -9, 73, -314, 1241, -2601, 4913], 3.17.aj_cv_amc 
(-2, -7, 43), [1, -9, 74, -324, 1258, -2601, 4913], 3.17.aj_cw_amm 
(-4, -5, 37), [1, -9, 74, -318, 1258, -2601, 4913], 3.17.aj_cw_amg 
(-3, -6, 40), [1, -9, 75, -324, 1275, -2601, 4913], 3.17.aj_cx_amm 
(-2, -7, 45), [1, -9, 76, -328, 1292, -2601, 4913], 3.17.aj_cy_amq 
(-4, -5, 39), [1, -9, 76, -326, 1292, -2601, 4913], 3.17.aj_cy_amo 
(-8, 0, -33), [1, -8, -16, 264, -272, -2312, 4913], 3.17.ai_aq_ke 
(-8, 0, -32), [1, -8, -15, 256, -255, -2312, 4913], 3.17.ai_ap_jw 
(-8, 0, -31), [1, -8, -14, 248, -238, -2312, 4913], 3.17.ai_ao_jo 
(-8, 0, -29), [1, -8, -12, 232, -204, -2312, 4913], 3.17.ai_am_iy 
(-8, 0, -28), [1, -8, -11, 224, -187, -2312, 4913], 3.17.ai_al_iq 
(-8, 0, -27), [1, -8, -10, 216, -170, -2312, 4913], 3.17.ai_ak_ii 
(-8, 0, -26), [1, -8, -9, 208, -153, -2312, 4913], 3.17.ai_aj_ia 
(-8, 0, -23), [1, -8, -6, 184, -102, -2312, 4913], 3.17.ai_ag_hc 
(-8, 0, -19), [1, -8, -2, 152, -34, -2312, 4913], 3.17.ai_ac_fw 
(-7, -1, -23), [1, -8, 1, 127, 17, -2312, 4913], 3.17.ai_b_ex 
(-8, 0, -13), [1, -8, 4, 104, 68, -2312, 4913], 3.17.ai_e_ea 
(-7, -1, -11), [1, -8, 13, 43, 221, -2312, 4913], 3.17.ai_n_br 
(-7, -1, -9), [1, -8, 15, 29, 255, -2312, 4913], 3.17.ai_p_bd 
(-7, -1, -7), [1, -8, 17, 15, 289, -2312, 4913], 3.17.ai_r_p 
(-7, -1, -5), [1, -8, 19, 1, 323, -2312, 4913], 3.17.ai_t_b 
(-7, -1, -1), [1, -8, 23, -27, 391, -2312, 4913], 3.17.ai_x_abb 
(-6, -2, 9), [1, -8, 38, -122, 646, -2312, 4913], 3.17.ai_bm_aes 
(-6, -2, 11), [1, -8, 40, -134, 680, -2312, 4913], 3.17.ai_bo_afe 
(-2, -6, 19), [1, -8, 48, -242, 816, -2312, 4913], 3.17.ai_bw_aji 
(-5, -3, 21), [1, -8, 53, -207, 901, -2312, 4913], 3.17.ai_cb_ahz 
(-5, -3, 23), [1, -8, 55, -217, 935, -2312, 4913], 3.17.ai_cd_aij 
(-5, -3, 25), [1, -8, 57, -227, 969, -2312, 4913], 3.17.ai_cf_ait 
(-5, -3, 27), [1, -8, 59, -237, 1003, -2312, 4913], 3.17.ai_ch_ajd 
(-1, -7, 37), [1, -8, 61, -275, 1037, -2312, 4913], 3.17.ai_cj_akp 
(-1, -7, 39), [1, -8, 63, -277, 1071, -2312, 4913], 3.17.ai_cl_akr 
(-1, -7, 41), [1, -8, 65, -279, 1105, -2312, 4913], 3.17.ai_cn_akt 
(-4, -4, 33), [1, -8, 66, -268, 1122, -2312, 4913], 3.17.ai_co_aki 
(-1, -7, 43), [1, -8, 67, -281, 1139, -2312, 4913], 3.17.ai_cp_akv 
(-4, -4, 35), [1, -8, 68, -276, 1156, -2312, 4913], 3.17.ai_cq_akq 
(-3, -5, 37), [1, -8, 69, -281, 1173, -2312, 4913], 3.17.ai_cr_akv 
(-2, -6, 41), [1, -8, 70, -286, 1190, -2312, 4913], 3.17.ai_cs_ala 
(-3, -5, 39), [1, -8, 71, -287, 1207, -2312, 4913], 3.17.ai_ct_alb 
(-8, 1, -25), [1, -7, -16, 234, -272, -2023, 4913], 3.17.ah_aq_ja 
(-7, 0, -32), [1, -7, -15, 224, -255, -2023, 4913], 3.17.ah_ap_iq 
(-8, 1, -21), [1, -7, -12, 202, -204, -2023, 4913], 3.17.ah_am_hu 
(-7, 0, -28), [1, -7, -11, 196, -187, -2023, 4913], 3.17.ah_al_ho 
(-7, 0, -22), [1, -7, -5, 154, -85, -2023, 4913], 3.17.ah_af_fy 
(-7, 0, -18), [1, -7, -1, 126, -17, -2023, 4913], 3.17.ah_ab_ew 
(-7, 0, -16), [1, -7, 1, 112, 17, -2023, 4913], 3.17.ah_b_ei 
(-8, 1, -7), [1, -7, 2, 90, 34, -2023, 4913], 3.17.ah_c_dm 
(-7, 0, -14), [1, -7, 3, 98, 51, -2023, 4913], 3.17.ah_d_du 
(-7, 0, -12), [1, -7, 5, 84, 85, -2023, 4913], 3.17.ah_f_dg 
(-6, -1, 1), [1, -7, 24, -40, 408, -2023, 4913], 3.17.ah_y_abo 
(-6, -1, 2), [1, -7, 25, -46, 425, -2023, 4913], 3.17.ah_z_abu 
(-6, -1, 3), [1, -7, 26, -52, 442, -2023, 4913], 3.17.ah_ba_aca 
(-6, -1, 5), [1, -7, 28, -64, 476, -2023, 4913], 3.17.ah_bc_acm 
(-6, -1, 6), [1, -7, 29, -70, 493, -2023, 4913], 3.17.ah_bd_acs 
(-6, -1, 7), [1, -7, 30, -76, 510, -2023, 4913], 3.17.ah_be_acy 
(1, -8, 32), [1, -7, 41, -240, 697, -2023, 4913], 3.17.ah_bp_ajg 
(-5, -2, 16), [1, -7, 43, -148, 731, -2023, 4913], 3.17.ah_br_afs 
(-5, -2, 18), [1, -7, 45, -158, 765, -2023, 4913], 3.17.ah_bt_agc 
(-5, -2, 20), [1, -7, 47, -168, 799, -2023, 4913], 3.17.ah_bv_agm 
(-5, -2, 22), [1, -7, 49, -178, 833, -2023, 4913], 3.17.ah_bx_agw 
(-4, -3, 27), [1, -7, 56, -210, 952, -2023, 4913], 3.17.ah_ce_aic 
(-4, -3, 28), [1, -7, 57, -214, 969, -2023, 4913], 3.17.ah_cf_aig 
(-4, -3, 29), [1, -7, 58, -218, 986, -2023, 4913], 3.17.ah_cg_aik 
(-1, -6, 36), [1, -7, 59, -240, 1003, -2023, 4913], 3.17.ah_ch_ajg 
(-4, -3, 31), [1, -7, 60, -226, 1020, -2023, 4913], 3.17.ah_ci_ais 
(-1, -6, 38), [1, -7, 61, -242, 1037, -2023, 4913], 3.17.ah_cj_aji 
(-4, -3, 32), [1, -7, 61, -230, 1037, -2023, 4913], 3.17.ah_cj_aiw 
(-4, -3, 33), [1, -7, 62, -234, 1054, -2023, 4913], 3.17.ah_ck_aja 
(-1, -6, 40), [1, -7, 63, -244, 1071, -2023, 4913], 3.17.ah_cl_ajk 
(-2, -5, 37), [1, -7, 64, -244, 1088, -2023, 4913], 3.17.ah_cm_ajk 
(-3, -4, 36), [1, -7, 65, -244, 1105, -2023, 4913], 3.17.ah_cn_ajk 
(-2, -5, 39), [1, -7, 66, -248, 1122, -2023, 4913], 3.17.ah_co_ajo 
(-6, 0, -33), [1, -6, -16, 198, -272, -1734, 4913], 3.17.ag_aq_hq 
(-7, 1, -25), [1, -6, -15, 209, -255, -1734, 4913], 3.17.ag_ap_ib 
(-7, 1, -24), [1, -6, -14, 202, -238, -1734, 4913], 3.17.ag_ao_hu 
(-7, 1, -23), [1, -6, -13, 195, -221, -1734, 4913], 3.17.ag_an_hn 
(-7, 1, -21), [1, -6, -11, 181, -187, -1734, 4913], 3.17.ag_al_gz 
(-7, 1, -19), [1, -6, -9, 167, -153, -1734, 4913], 3.17.ag_aj_gl 
(-6, 0, -25), [1, -6, -8, 150, -136, -1734, 4913], 3.17.ag_ai_fu 
(-7, 1, -15), [1, -6, -5, 139, -85, -1734, 4913], 3.17.ag_af_fj 
(-6, 0, -9), [1, -6, 8, 54, 136, -1734, 4913], 3.17.ag_i_cc 
(-6, 0, -3), [1, -6, 14, 18, 238, -1734, 4913], 3.17.ag_o_s 
(-6, 0, -1), [1, -6, 16, 6, 272, -1734, 4913], 3.17.ag_q_g 
(-5, -1, 11), [1, -6, 33, -89, 561, -1734, 4913], 3.17.ag_bh_adl 
(1, -7, 25), [1, -6, 35, -213, 595, -1734, 4913], 3.17.ag_bj_aif 
(-5, -1, 13), [1, -6, 35, -99, 595, -1734, 4913], 3.17.ag_bj_adv 
(1, -7, 27), [1, -6, 37, -211, 629, -1734, 4913], 3.17.ag_bl_aid 
(-5, -1, 15), [1, -6, 37, -109, 629, -1734, 4913], 3.17.ag_bl_aef 
(1, -7, 29), [1, -6, 39, -209, 663, -1734, 4913], 3.17.ag_bn_aib 
(-4, -2, 25), [1, -6, 50, -168, 850, -1734, 4913], 3.17.ag_by_agm 
(-4, -2, 27), [1, -6, 52, -176, 884, -1734, 4913], 3.17.ag_ca_agu 
(-1, -5, 35), [1, -6, 57, -205, 969, -1734, 4913], 3.17.ag_cf_ahx 
(-3, -3, 31), [1, -6, 57, -195, 969, -1734, 4913], 3.17.ag_cf_ahn 
(-1, -5, 37), [1, -6, 59, -207, 1003, -1734, 4913], 3.17.ag_ch_ahz 
(-3, -3, 33), [1, -6, 59, -201, 1003, -1734, 4913], 3.17.ag_ch_aht 
(-1, -5, 39), [1, -6, 61, -209, 1037, -1734, 4913], 3.17.ag_cj_aib 
(-3, -3, 35), [1, -6, 61, -207, 1037, -1734, 4913], 3.17.ag_cj_ahz 
(-8, 3, -9), [1, -5, -16, 174, -272, -1445, 4913], 3.17.af_aq_gs 
(-5, 0, -32), [1, -5, -15, 160, -255, -1445, 4913], 3.17.af_ap_ge 
(-7, 2, -16), [1, -5, -13, 180, -221, -1445, 4913], 3.17.af_an_gy 
(-6, 1, -11), [1, -5, 0, 100, 0, -1445, 4913], 3.17.af_a_dw 
(-5, 0, -16), [1, -5, 1, 80, 17, -1445, 4913], 3.17.af_b_dc 
(-6, 1, -10), [1, -5, 1, 94, 17, -1445, 4913], 3.17.af_b_dq 
(-6, 1, -9), [1, -5, 2, 88, 34, -1445, 4913], 3.17.af_c_dk 
(-6, 1, -7), [1, -5, 4, 76, 68, -1445, 4913], 3.17.af_e_cy 
(-6, 1, -6), [1, -5, 5, 70, 85, -1445, 4913], 3.17.af_f_cs 
(-6, 1, -5), [1, -5, 6, 64, 102, -1445, 4913], 3.17.af_g_cm 
(-5, 0, 6), [1, -5, 23, -30, 391, -1445, 4913], 3.17.af_x_abe 
(3, -8, 32), [1, -5, 25, -176, 425, -1445, 4913], 3.17.af_z_agu 
(-5, 0, 8), [1, -5, 25, -40, 425, -1445, 4913], 3.17.af_z_abo 
(-5, 0, 10), [1, -5, 27, -50, 459, -1445, 4913], 3.17.af_bb_aby 
(-5, 0, 12), [1, -5, 29, -60, 493, -1445, 4913], 3.17.af_bd_aci 
(1, -6, 24), [1, -5, 35, -180, 595, -1445, 4913], 3.17.af_bj_agy 
(1, -6, 26), [1, -5, 37, -178, 629, -1445, 4913], 3.17.af_bl_agw 
(1, -6, 28), [1, -5, 39, -176, 663, -1445, 4913], 3.17.af_bn_agu 
(-4, -1, 19), [1, -5, 40, -110, 680, -1445, 4913], 3.17.af_bo_aeg 
(1, -6, 30), [1, -5, 41, -174, 697, -1445, 4913], 3.17.af_bp_ags 
(-4, -1, 20), [1, -5, 41, -114, 697, -1445, 4913], 3.17.af_bp_aek 
(-4, -1, 21), [1, -5, 42, -118, 714, -1445, 4913], 3.17.af_bq_aeo 
(1, -6, 32), [1, -5, 43, -172, 731, -1445, 4913], 3.17.af_br_agq 
(-4, -1, 23), [1, -5, 44, -126, 748, -1445, 4913], 3.17.af_bs_aew 
(-4, -1, 24), [1, -5, 45, -130, 765, -1445, 4913], 3.17.af_bt_afa 
(-4, -1, 25), [1, -5, 46, -134, 782, -1445, 4913], 3.17.af_bu_afe 
(1, -6, 36), [1, -5, 47, -168, 799, -1445, 4913], 3.17.af_bv_agm 
(-3, -2, 28), [1, -5, 51, -152, 867, -1445, 4913], 3.17.af_bz_afw 
(-3, -2, 30), [1, -5, 53, -158, 901, -1445, 4913], 3.17.af_cb_agc 
(-2, -3, 32), [1, -5, 55, -166, 935, -1445, 4913], 3.17.af_cd_agk 
(-3, -2, 32), [1, -5, 55, -164, 935, -1445, 4913], 3.17.af_cd_agi 
(-2, -3, 33), [1, -5, 56, -168, 952, -1445, 4913], 3.17.af_ce_agm 
(-1, -4, 36), [1, -5, 57, -172, 969, -1445, 4913], 3.17.af_cf_agq 
(-2, -3, 35), [1, -5, 58, -172, 986, -1445, 4913], 3.17.af_cg_agq 
(-4, 0, -33), [1, -4, -16, 132, -272, -1156, 4913], 3.17.ae_aq_fc 
(-8, 4, -1), [1, -4, -16, 144, -272, -1156, 4913], 3.17.ae_aq_fo 
(-6, 2, -15), [1, -4, -10, 158, -170, -1156, 4913], 3.17.ae_ak_gc 
(-4, 0, -25), [1, -4, -8, 100, -136, -1156, 4913], 3.17.ae_ai_dw 
(-6, 2, -13), [1, -4, -8, 146, -136, -1156, 4913], 3.17.ae_ai_fq 
(-5, 1, -3), [1, -4, 9, 49, 153, -1156, 4913], 3.17.ae_j_bx 
(-5, 1, -1), [1, -4, 11, 39, 187, -1156, 4913], 3.17.ae_l_bn 
(-5, 1, 1), [1, -4, 13, 29, 221, -1156, 4913], 3.17.ae_n_bd 
(-5, 1, 3), [1, -4, 15, 19, 255, -1156, 4913], 3.17.ae_p_t 
(-5, 1, 5), [1, -4, 17, 9, 289, -1156, 4913], 3.17.ae_r_j 
(-5, 1, 6), [1, -4, 18, 4, 306, -1156, 4913], 3.17.ae_s_e 
(-5, 1, 7), [1, -4, 19, -1, 323, -1156, 4913], 3.17.ae_t_ab 
(2, -6, 19), [1, -4, 24, -166, 408, -1156, 4913], 3.17.ae_y_agk 
(-4, 0, 15), [1, -4, 32, -60, 544, -1156, 4913], 3.17.ae_bg_aci 
(-4, 0, 16), [1, -4, 33, -64, 561, -1156, 4913], 3.17.ae_bh_acm 
(1, -5, 23), [1, -4, 35, -147, 595, -1156, 4913], 3.17.ae_bj_afr 
(-4, 0, 19), [1, -4, 36, -76, 612, -1156, 4913], 3.17.ae_bk_acy 
(1, -5, 25), [1, -4, 37, -145, 629, -1156, 4913], 3.17.ae_bl_afp 
(1, -5, 27), [1, -4, 39, -143, 663, -1156, 4913], 3.17.ae_bn_afn 
(1, -5, 29), [1, -4, 41, -141, 697, -1156, 4913], 3.17.ae_bp_afl 
(1, -5, 31), [1, -4, 43, -139, 731, -1156, 4913], 3.17.ae_br_afj 
(-3, -1, 25), [1, -4, 45, -109, 765, -1156, 4913], 3.17.ae_bt_aef 
(-3, -1, 27), [1, -4, 47, -115, 799, -1156, 4913], 3.17.ae_bv_ael 
(-1, -3, 29), [1, -4, 49, -131, 833, -1156, 4913], 3.17.ae_bx_afb 
(-3, -1, 29), [1, -4, 49, -121, 833, -1156, 4913], 3.17.ae_bx_aer 
(-3, -1, 31), [1, -4, 51, -127, 867, -1156, 4913], 3.17.ae_bz_aex 
(-1, -3, 33), [1, -4, 53, -135, 901, -1156, 4913], 3.17.ae_cb_aff 
(-2, -2, 33), [1, -4, 54, -134, 918, -1156, 4913], 3.17.ae_cc_afe 
(-1, -3, 35), [1, -4, 55, -137, 935, -1156, 4913], 3.17.ae_cd_afh 
(-3, 0, -32), [1, -3, -15, 96, -255, -867, 4913], 3.17.ad_ap_ds 
(-6, 3, -9), [1, -3, -10, 156, -170, -867, 4913], 3.17.ad_ak_ga 
(-3, 0, -16), [1, -3, 1, 48, 17, -867, 4913], 3.17.ad_b_bw 
(-5, 2, -4), [1, -3, 3, 88, 51, -867, 4913], 3.17.ad_d_dk 
(-5, 2, -2), [1, -3, 5, 78, 85, -867, 4913], 3.17.ad_f_da 
(-5, 2, 2), [1, -3, 9, 58, 153, -867, 4913], 3.17.ad_j_cg 
(-4, 1, 11), [1, -3, 24, -10, 408, -867, 4913], 3.17.ad_y_ak 
(2, -5, 18), [1, -3, 25, -134, 425, -867, 4913], 3.17.ad_z_afe 
(-4, 1, 12), [1, -3, 25, -14, 425, -867, 4913], 3.17.ad_z_ao 
(2, -5, 19), [1, -3, 26, -132, 442, -867, 4913], 3.17.ad_ba_afc 
(-4, 1, 13), [1, -3, 26, -18, 442, -867, 4913], 3.17.ad_ba_as 
(2, -5, 21), [1, -3, 28, -128, 476, -867, 4913], 3.17.ad_bc_aey 
(-4, 1, 15), [1, -3, 28, -26, 476, -867, 4913], 3.17.ad_bc_aba 
(2, -5, 22), [1, -3, 29, -126, 493, -867, 4913], 3.17.ad_bd_aew 
(-4, 1, 16), [1, -3, 29, -30, 493, -867, 4913], 3.17.ad_bd_abe 
(2, -5, 23), [1, -3, 30, -124, 510, -867, 4913], 3.17.ad_be_aeu 
(-3, 0, 16), [1, -3, 33, -48, 561, -867, 4913], 3.17.ad_bh_abw 
(1, -4, 26), [1, -3, 39, -110, 663, -867, 4913], 3.17.ad_bn_aeg 
(-3, 0, 22), [1, -3, 39, -66, 663, -867, 4913], 3.17.ad_bn_aco 
(1, -4, 28), [1, -3, 41, -108, 697, -867, 4913], 3.17.ad_bp_aee 
(-3, 0, 24), [1, -3, 41, -72, 697, -867, 4913], 3.17.ad_bp_acu 
(1, -4, 30), [1, -3, 43, -106, 731, -867, 4913], 3.17.ad_br_aec 
(-3, 0, 26), [1, -3, 43, -78, 731, -867, 4913], 3.17.ad_br_ada 
(1, -4, 32), [1, -3, 45, -104, 765, -867, 4913], 3.17.ad_bt_aea 
(-3, 0, 28), [1, -3, 45, -84, 765, -867, 4913], 3.17.ad_bt_adg 
(-2, -1, 29), [1, -3, 48, -92, 816, -867, 4913], 3.17.ad_bw_ado 
(-2, -1, 30), [1, -3, 49, -94, 833, -867, 4913], 3.17.ad_bx_adq 
(-2, -1, 31), [1, -3, 50, -96, 850, -867, 4913], 3.17.ad_by_ads 
(-1, -2, 32), [1, -3, 51, -100, 867, -867, 4913], 3.17.ad_bz_adw 
(-2, -1, 33), [1, -3, 52, -100, 884, -867, 4913], 3.17.ad_ca_adw 
(-6, 4, -1), [1, -2, -8, 142, -136, -578, 4913], 3.17.ac_ai_fm 
(-1, -1, -25), [1, -2, -7, -9, -119, -578, 4913], 3.17.ac_ah_aj 
(-5, 3, -9), [1, -2, -7, 147, -119, -578, 4913], 3.17.ac_ah_fr 
(-5, 3, -7), [1, -2, -5, 137, -85, -578, 4913], 3.17.ac_af_fh 
(-5, 3, -5), [1, -2, -3, 127, -51, -578, 4913], 3.17.ac_ad_ex 
(-5, 3, -3), [1, -2, -1, 117, -17, -578, 4913], 3.17.ac_ab_en 
(3, -5, 9), [1, -2, 11, -143, 187, -578, 4913], 3.17.ac_l_afn 
(3, -5, 11), [1, -2, 13, -137, 221, -578, 4913], 3.17.ac_n_afh 
(3, -5, 13), [1, -2, 15, -131, 255, -578, 4913], 3.17.ac_p_afb 
(-4, 2, 9), [1, -2, 18, 32, 306, -578, 4913], 3.17.ac_s_bg 
(-4, 2, 11), [1, -2, 20, 24, 340, -578, 4913], 3.17.ac_u_y 
(2, -4, 21), [1, -2, 30, -94, 510, -578, 4913], 3.17.ac_be_adq 
(2, -4, 23), [1, -2, 32, -90, 544, -578, 4913], 3.17.ac_bg_adm 
(-3, 1, 19), [1, -2, 33, -23, 561, -578, 4913], 3.17.ac_bh_ax 
(-3, 1, 21), [1, -2, 35, -29, 595, -578, 4913], 3.17.ac_bj_abd 
(-3, 1, 23), [1, -2, 37, -35, 629, -578, 4913], 3.17.ac_bl_abj 
(-3, 1, 25), [1, -2, 39, -41, 663, -578, 4913], 3.17.ac_bn_abp 
(1, -3, 27), [1, -2, 41, -75, 697, -578, 4913], 3.17.ac_bp_acx 
(1, -3, 29), [1, -2, 43, -73, 731, -578, 4913], 3.17.ac_br_acv 
(1, -3, 31), [1, -2, 45, -71, 765, -578, 4913], 3.17.ac_bt_act 
(-2, 0, 29), [1, -2, 46, -58, 782, -578, 4913], 3.17.ac_bu_acg 
(1, -3, 33), [1, -2, 47, -69, 799, -578, 4913], 3.17.ac_bv_acr 
(-1, -1, 29), [1, -2, 47, -63, 799, -578, 4913], 3.17.ac_bv_acl 
(-2, 0, 31), [1, -2, 48, -62, 816, -578, 4913], 3.17.ac_bw_ack 
(-1, -1, 31), [1, -2, 49, -65, 833, -578, 4913], 3.17.ac_bx_acn 
(-2, 0, 32), [1, -2, 49, -64, 833, -578, 4913], 3.17.ac_bx_acm 
(-1, -1, 33), [1, -2, 51, -67, 867, -578, 4913], 3.17.ac_bz_acp 
(7, -8, 32), [1, -1, -7, -48, -119, -289, 4913], 3.17.ab_ah_abw 
(-5, 4, 8), [1, -1, 5, 96, 85, -289, 4913], 3.17.ab_f_ds 
(-4, 3, 3), [1, -1, 8, 90, 136, -289, 4913], 3.17.ab_i_dm 
(-4, 3, 4), [1, -1, 9, 86, 153, -289, 4913], 3.17.ab_j_di 
(-4, 3, 5), [1, -1, 10, 82, 170, -289, 4913], 3.17.ab_k_de 
(-4, 3, 7), [1, -1, 12, 74, 204, -289, 4913], 3.17.ab_m_cw 
(-4, 3, 8), [1, -1, 13, 70, 221, -289, 4913], 3.17.ab_n_cs 
(-4, 3, 9), [1, -1, 14, 66, 238, -289, 4913], 3.17.ab_o_co 
(3, -4, 10), [1, -1, 15, -106, 255, -289, 4913], 3.17.ab_p_aec 
(3, -4, 12), [1, -1, 17, -100, 289, -289, 4913], 3.17.ab_r_adw 
(3, -4, 14), [1, -1, 19, -94, 323, -289, 4913], 3.17.ab_t_adq 
(3, -4, 16), [1, -1, 21, -88, 357, -289, 4913], 3.17.ab_v_adk 
(-3, 2, 16), [1, -1, 27, 20, 459, -289, 4913], 3.17.ab_bb_u 
(-3, 2, 18), [1, -1, 29, 14, 493, -289, 4913], 3.17.ab_bd_o 
(-3, 2, 20), [1, -1, 31, 8, 527, -289, 4913], 3.17.ab_bf_i 
(2, -3, 21), [1, -1, 32, -60, 544, -289, 4913], 3.17.ab_bg_aci 
(2, -3, 22), [1, -1, 33, -58, 561, -289, 4913], 3.17.ab_bh_acg 
(-1, 0, 16), [1, -1, 33, -16, 561, -289, 4913], 3.17.ab_bh_aq 
(-3, 2, 22), [1, -1, 33, 2, 561, -289, 4913], 3.17.ab_bh_c 
(2, -3, 23), [1, -1, 34, -56, 578, -289, 4913], 3.17.ab_bi_ace 
(2, -3, 25), [1, -1, 36, -52, 612, -289, 4913], 3.17.ab_bk_aca 
(2, -3, 26), [1, -1, 37, -50, 629, -289, 4913], 3.17.ab_bl_aby 
(2, -3, 27), [1, -1, 38, -48, 646, -289, 4913], 3.17.ab_bm_abw 
(-2, 1, 25), [1, -1, 40, -16, 680, -289, 4913], 3.17.ab_bo_aq 
(-2, 1, 26), [1, -1, 41, -18, 697, -289, 4913], 3.17.ab_bp_as 
(-2, 1, 27), [1, -1, 42, -20, 714, -289, 4913], 3.17.ab_bq_au 
(1, -2, 28), [1, -1, 43, -40, 731, -289, 4913], 3.17.ab_br_abo 
(-2, 1, 29), [1, -1, 44, -24, 748, -289, 4913], 3.17.ab_bs_ay 
(1, -2, 30), [1, -1, 45, -38, 765, -289, 4913], 3.17.ab_bt_abm 
(-2, 1, 30), [1, -1, 45, -26, 765, -289, 4913], 3.17.ab_bt_aba 
(-2, 1, 31), [1, -1, 46, -28, 782, -289, 4913], 3.17.ab_bu_abc 
(1, -2, 32), [1, -1, 47, -36, 799, -289, 4913], 3.17.ab_bv_abk 
(-1, 0, 32), [1, -1, 49, -32, 833, -289, 4913], 3.17.ab_bx_abg 
(4, -4, -1), [1, 0, 0, -140, 0, 0, 4913], 3.17.a_a_afk 
(-4, 4, -1), [1, 0, 0, 140, 0, 0, 4913], 3.17.a_a_fk 
(4, -4, 1), [1, 0, 2, -132, 34, 0, 4913], 3.17.a_c_afc 
(-4, 4, 1), [1, 0, 2, 132, 34, 0, 4913], 3.17.a_c_fc 
(4, -4, 3), [1, 0, 4, -124, 68, 0, 4913], 3.17.a_e_aeu 
(-4, 4, 3), [1, 0, 4, 124, 68, 0, 4913], 3.17.a_e_eu 
(3, -3, 13), [1, 0, 21, -63, 357, 0, 4913], 3.17.a_v_acl 
(-3, 3, 13), [1, 0, 21, 63, 357, 0, 4913], 3.17.a_v_cl 
(3, -3, 15), [1, 0, 23, -57, 391, 0, 4913], 3.17.a_x_acf 
(-3, 3, 15), [1, 0, 23, 57, 391, 0, 4913], 3.17.a_x_cf 
(3, -3, 19), [1, 0, 27, -45, 459, 0, 4913], 3.17.a_bb_abt 
(-3, 3, 19), [1, 0, 27, 45, 459, 0, 4913], 3.17.a_bb_bt 
(2, -2, 25), [1, 0, 38, -18, 646, 0, 4913], 3.17.a_bm_as 
(-2, 2, 25), [1, 0, 38, 18, 646, 0, 4913], 3.17.a_bm_s 
(2, -2, 27), [1, 0, 40, -14, 680, 0, 4913], 3.17.a_bo_ao 
(-2, 2, 27), [1, 0, 40, 14, 680, 0, 4913], 3.17.a_bo_o 
(1, -1, 29), [1, 0, 45, -5, 765, 0, 4913], 3.17.a_bt_af 
(-1, 1, 29), [1, 0, 45, 5, 765, 0, 4913], 3.17.a_bt_f 
(1, -1, 31), [1, 0, 47, -3, 799, 0, 4913], 3.17.a_bv_ad 
(-1, 1, 31), [1, 0, 47, 3, 799, 0, 4913], 3.17.a_bv_d 
(1, -1, 33), [1, 0, 49, -1, 833, 0, 4913], 3.17.a_bx_ab 
(-1, 1, 33), [1, 0, 49, 1, 833, 0, 4913], 3.17.a_bx_b 
(-7, 8, 32), [1, 1, -7, 48, -119, 289, 4913], 3.17.b_ah_bw 
(5, -4, 8), [1, 1, 5, -96, 85, 289, 4913], 3.17.b_f_ads 
(4, -3, 3), [1, 1, 8, -90, 136, 289, 4913], 3.17.b_i_adm 
(4, -3, 4), [1, 1, 9, -86, 153, 289, 4913], 3.17.b_j_adi 
(4, -3, 5), [1, 1, 10, -82, 170, 289, 4913], 3.17.b_k_ade 
(4, -3, 7), [1, 1, 12, -74, 204, 289, 4913], 3.17.b_m_acw 
(4, -3, 8), [1, 1, 13, -70, 221, 289, 4913], 3.17.b_n_acs 
(4, -3, 9), [1, 1, 14, -66, 238, 289, 4913], 3.17.b_o_aco 
(-3, 4, 10), [1, 1, 15, 106, 255, 289, 4913], 3.17.b_p_ec 
(-3, 4, 12), [1, 1, 17, 100, 289, 289, 4913], 3.17.b_r_dw 
(-3, 4, 14), [1, 1, 19, 94, 323, 289, 4913], 3.17.b_t_dq 
(-3, 4, 16), [1, 1, 21, 88, 357, 289, 4913], 3.17.b_v_dk 
(3, -2, 16), [1, 1, 27, -20, 459, 289, 4913], 3.17.b_bb_au 
(3, -2, 18), [1, 1, 29, -14, 493, 289, 4913], 3.17.b_bd_ao 
(3, -2, 20), [1, 1, 31, -8, 527, 289, 4913], 3.17.b_bf_ai 
(-2, 3, 21), [1, 1, 32, 60, 544, 289, 4913], 3.17.b_bg_ci 
(3, -2, 22), [1, 1, 33, -2, 561, 289, 4913], 3.17.b_bh_ac 
(1, 0, 16), [1, 1, 33, 16, 561, 289, 4913], 3.17.b_bh_q 
(-2, 3, 22), [1, 1, 33, 58, 561, 289, 4913], 3.17.b_bh_cg 
(-2, 3, 23), [1, 1, 34, 56, 578, 289, 4913], 3.17.b_bi_ce 
(-2, 3, 25), [1, 1, 36, 52, 612, 289, 4913], 3.17.b_bk_ca 
(-2, 3, 26), [1, 1, 37, 50, 629, 289, 4913], 3.17.b_bl_by 
(-2, 3, 27), [1, 1, 38, 48, 646, 289, 4913], 3.17.b_bm_bw 
(2, -1, 25), [1, 1, 40, 16, 680, 289, 4913], 3.17.b_bo_q 
(2, -1, 26), [1, 1, 41, 18, 697, 289, 4913], 3.17.b_bp_s 
(2, -1, 27), [1, 1, 42, 20, 714, 289, 4913], 3.17.b_bq_u 
(-1, 2, 28), [1, 1, 43, 40, 731, 289, 4913], 3.17.b_br_bo 
(2, -1, 29), [1, 1, 44, 24, 748, 289, 4913], 3.17.b_bs_y 
(2, -1, 30), [1, 1, 45, 26, 765, 289, 4913], 3.17.b_bt_ba 
(-1, 2, 30), [1, 1, 45, 38, 765, 289, 4913], 3.17.b_bt_bm 
(2, -1, 31), [1, 1, 46, 28, 782, 289, 4913], 3.17.b_bu_bc 
(-1, 2, 32), [1, 1, 47, 36, 799, 289, 4913], 3.17.b_bv_bk 
(1, 0, 32), [1, 1, 49, 32, 833, 289, 4913], 3.17.b_bx_bg 
(6, -4, -1), [1, 2, -8, -142, -136, 578, 4913], 3.17.c_ai_afm 
(5, -3, -9), [1, 2, -7, -147, -119, 578, 4913], 3.17.c_ah_afr 
(1, 1, -25), [1, 2, -7, 9, -119, 578, 4913], 3.17.c_ah_j 
(5, -3, -7), [1, 2, -5, -137, -85, 578, 4913], 3.17.c_af_afh 
(5, -3, -5), [1, 2, -3, -127, -51, 578, 4913], 3.17.c_ad_aex 
(5, -3, -3), [1, 2, -1, -117, -17, 578, 4913], 3.17.c_ab_aen 
(-3, 5, 9), [1, 2, 11, 143, 187, 578, 4913], 3.17.c_l_fn 
(-3, 5, 11), [1, 2, 13, 137, 221, 578, 4913], 3.17.c_n_fh 
(-3, 5, 13), [1, 2, 15, 131, 255, 578, 4913], 3.17.c_p_fb 
(4, -2, 9), [1, 2, 18, -32, 306, 578, 4913], 3.17.c_s_abg 
(4, -2, 11), [1, 2, 20, -24, 340, 578, 4913], 3.17.c_u_ay 
(-2, 4, 21), [1, 2, 30, 94, 510, 578, 4913], 3.17.c_be_dq 
(-2, 4, 23), [1, 2, 32, 90, 544, 578, 4913], 3.17.c_bg_dm 
(3, -1, 19), [1, 2, 33, 23, 561, 578, 4913], 3.17.c_bh_x 
(3, -1, 21), [1, 2, 35, 29, 595, 578, 4913], 3.17.c_bj_bd 
(3, -1, 23), [1, 2, 37, 35, 629, 578, 4913], 3.17.c_bl_bj 
(3, -1, 25), [1, 2, 39, 41, 663, 578, 4913], 3.17.c_bn_bp 
(-1, 3, 27), [1, 2, 41, 75, 697, 578, 4913], 3.17.c_bp_cx 
(-1, 3, 29), [1, 2, 43, 73, 731, 578, 4913], 3.17.c_br_cv 
(-1, 3, 31), [1, 2, 45, 71, 765, 578, 4913], 3.17.c_bt_ct 
(2, 0, 29), [1, 2, 46, 58, 782, 578, 4913], 3.17.c_bu_cg 
(1, 1, 29), [1, 2, 47, 63, 799, 578, 4913], 3.17.c_bv_cl 
(-1, 3, 33), [1, 2, 47, 69, 799, 578, 4913], 3.17.c_bv_cr 
(2, 0, 31), [1, 2, 48, 62, 816, 578, 4913], 3.17.c_bw_ck 
(2, 0, 32), [1, 2, 49, 64, 833, 578, 4913], 3.17.c_bx_cm 
(1, 1, 31), [1, 2, 49, 65, 833, 578, 4913], 3.17.c_bx_cn 
(1, 1, 33), [1, 2, 51, 67, 867, 578, 4913], 3.17.c_bz_cp 
(3, 0, -32), [1, 3, -15, -96, -255, 867, 4913], 3.17.d_ap_ads 
(6, -3, -9), [1, 3, -10, -156, -170, 867, 4913], 3.17.d_ak_aga 
(3, 0, -16), [1, 3, 1, -48, 17, 867, 4913], 3.17.d_b_abw 
(5, -2, -4), [1, 3, 3, -88, 51, 867, 4913], 3.17.d_d_adk 
(5, -2, -2), [1, 3, 5, -78, 85, 867, 4913], 3.17.d_f_ada 
(5, -2, 2), [1, 3, 9, -58, 153, 867, 4913], 3.17.d_j_acg 
(4, -1, 11), [1, 3, 24, 10, 408, 867, 4913], 3.17.d_y_k 
(4, -1, 12), [1, 3, 25, 14, 425, 867, 4913], 3.17.d_z_o 
(-2, 5, 18), [1, 3, 25, 134, 425, 867, 4913], 3.17.d_z_fe 
(4, -1, 13), [1, 3, 26, 18, 442, 867, 4913], 3.17.d_ba_s 
(-2, 5, 19), [1, 3, 26, 132, 442, 867, 4913], 3.17.d_ba_fc 
(4, -1, 15), [1, 3, 28, 26, 476, 867, 4913], 3.17.d_bc_ba 
(-2, 5, 21), [1, 3, 28, 128, 476, 867, 4913], 3.17.d_bc_ey 
(4, -1, 16), [1, 3, 29, 30, 493, 867, 4913], 3.17.d_bd_be 
(-2, 5, 22), [1, 3, 29, 126, 493, 867, 4913], 3.17.d_bd_ew 
(-2, 5, 23), [1, 3, 30, 124, 510, 867, 4913], 3.17.d_be_eu 
(3, 0, 16), [1, 3, 33, 48, 561, 867, 4913], 3.17.d_bh_bw 
(3, 0, 22), [1, 3, 39, 66, 663, 867, 4913], 3.17.d_bn_co 
(-1, 4, 26), [1, 3, 39, 110, 663, 867, 4913], 3.17.d_bn_eg 
(3, 0, 24), [1, 3, 41, 72, 697, 867, 4913], 3.17.d_bp_cu 
(-1, 4, 28), [1, 3, 41, 108, 697, 867, 4913], 3.17.d_bp_ee 
(3, 0, 26), [1, 3, 43, 78, 731, 867, 4913], 3.17.d_br_da 
(-1, 4, 30), [1, 3, 43, 106, 731, 867, 4913], 3.17.d_br_ec 
(3, 0, 28), [1, 3, 45, 84, 765, 867, 4913], 3.17.d_bt_dg 
(-1, 4, 32), [1, 3, 45, 104, 765, 867, 4913], 3.17.d_bt_ea 
(2, 1, 29), [1, 3, 48, 92, 816, 867, 4913], 3.17.d_bw_do 
(2, 1, 30), [1, 3, 49, 94, 833, 867, 4913], 3.17.d_bx_dq 
(2, 1, 31), [1, 3, 50, 96, 850, 867, 4913], 3.17.d_by_ds 
(1, 2, 32), [1, 3, 51, 100, 867, 867, 4913], 3.17.d_bz_dw 
(2, 1, 33), [1, 3, 52, 100, 884, 867, 4913], 3.17.d_ca_dw 
(8, -4, -1), [1, 4, -16, -144, -272, 1156, 4913], 3.17.e_aq_afo 
(4, 0, -33), [1, 4, -16, -132, -272, 1156, 4913], 3.17.e_aq_afc 
(6, -2, -15), [1, 4, -10, -158, -170, 1156, 4913], 3.17.e_ak_agc 
(6, -2, -13), [1, 4, -8, -146, -136, 1156, 4913], 3.17.e_ai_afq 
(4, 0, -25), [1, 4, -8, -100, -136, 1156, 4913], 3.17.e_ai_adw 
(5, -1, -3), [1, 4, 9, -49, 153, 1156, 4913], 3.17.e_j_abx 
(5, -1, -1), [1, 4, 11, -39, 187, 1156, 4913], 3.17.e_l_abn 
(5, -1, 1), [1, 4, 13, -29, 221, 1156, 4913], 3.17.e_n_abd 
(5, -1, 3), [1, 4, 15, -19, 255, 1156, 4913], 3.17.e_p_at 
(5, -1, 5), [1, 4, 17, -9, 289, 1156, 4913], 3.17.e_r_aj 
(5, -1, 6), [1, 4, 18, -4, 306, 1156, 4913], 3.17.e_s_ae 
(5, -1, 7), [1, 4, 19, 1, 323, 1156, 4913], 3.17.e_t_b 
(-2, 6, 19), [1, 4, 24, 166, 408, 1156, 4913], 3.17.e_y_gk 
(4, 0, 15), [1, 4, 32, 60, 544, 1156, 4913], 3.17.e_bg_ci 
(4, 0, 16), [1, 4, 33, 64, 561, 1156, 4913], 3.17.e_bh_cm 
(-1, 5, 23), [1, 4, 35, 147, 595, 1156, 4913], 3.17.e_bj_fr 
(4, 0, 19), [1, 4, 36, 76, 612, 1156, 4913], 3.17.e_bk_cy 
(-1, 5, 25), [1, 4, 37, 145, 629, 1156, 4913], 3.17.e_bl_fp 
(-1, 5, 27), [1, 4, 39, 143, 663, 1156, 4913], 3.17.e_bn_fn 
(-1, 5, 29), [1, 4, 41, 141, 697, 1156, 4913], 3.17.e_bp_fl 
(-1, 5, 31), [1, 4, 43, 139, 731, 1156, 4913], 3.17.e_br_fj 
(3, 1, 25), [1, 4, 45, 109, 765, 1156, 4913], 3.17.e_bt_ef 
(3, 1, 27), [1, 4, 47, 115, 799, 1156, 4913], 3.17.e_bv_el 
(3, 1, 29), [1, 4, 49, 121, 833, 1156, 4913], 3.17.e_bx_er 
(1, 3, 29), [1, 4, 49, 131, 833, 1156, 4913], 3.17.e_bx_fb 
(3, 1, 31), [1, 4, 51, 127, 867, 1156, 4913], 3.17.e_bz_ex 
(1, 3, 33), [1, 4, 53, 135, 901, 1156, 4913], 3.17.e_cb_ff 
(2, 2, 33), [1, 4, 54, 134, 918, 1156, 4913], 3.17.e_cc_fe 
(1, 3, 35), [1, 4, 55, 137, 935, 1156, 4913], 3.17.e_cd_fh 
(8, -3, -9), [1, 5, -16, -174, -272, 1445, 4913], 3.17.f_aq_ags 
(5, 0, -32), [1, 5, -15, -160, -255, 1445, 4913], 3.17.f_ap_age 
(7, -2, -16), [1, 5, -13, -180, -221, 1445, 4913], 3.17.f_an_agy 
(6, -1, -11), [1, 5, 0, -100, 0, 1445, 4913], 3.17.f_a_adw 
(6, -1, -10), [1, 5, 1, -94, 17, 1445, 4913], 3.17.f_b_adq 
(5, 0, -16), [1, 5, 1, -80, 17, 1445, 4913], 3.17.f_b_adc 
(6, -1, -9), [1, 5, 2, -88, 34, 1445, 4913], 3.17.f_c_adk 
(6, -1, -7), [1, 5, 4, -76, 68, 1445, 4913], 3.17.f_e_acy 
(6, -1, -6), [1, 5, 5, -70, 85, 1445, 4913], 3.17.f_f_acs 
(6, -1, -5), [1, 5, 6, -64, 102, 1445, 4913], 3.17.f_g_acm 
(5, 0, 6), [1, 5, 23, 30, 391, 1445, 4913], 3.17.f_x_be 
(5, 0, 8), [1, 5, 25, 40, 425, 1445, 4913], 3.17.f_z_bo 
(-3, 8, 32), [1, 5, 25, 176, 425, 1445, 4913], 3.17.f_z_gu 
(5, 0, 10), [1, 5, 27, 50, 459, 1445, 4913], 3.17.f_bb_by 
(5, 0, 12), [1, 5, 29, 60, 493, 1445, 4913], 3.17.f_bd_ci 
(-1, 6, 24), [1, 5, 35, 180, 595, 1445, 4913], 3.17.f_bj_gy 
(-1, 6, 26), [1, 5, 37, 178, 629, 1445, 4913], 3.17.f_bl_gw 
(-1, 6, 28), [1, 5, 39, 176, 663, 1445, 4913], 3.17.f_bn_gu 
(4, 1, 19), [1, 5, 40, 110, 680, 1445, 4913], 3.17.f_bo_eg 
(4, 1, 20), [1, 5, 41, 114, 697, 1445, 4913], 3.17.f_bp_ek 
(-1, 6, 30), [1, 5, 41, 174, 697, 1445, 4913], 3.17.f_bp_gs 
(4, 1, 21), [1, 5, 42, 118, 714, 1445, 4913], 3.17.f_bq_eo 
(-1, 6, 32), [1, 5, 43, 172, 731, 1445, 4913], 3.17.f_br_gq 
(4, 1, 23), [1, 5, 44, 126, 748, 1445, 4913], 3.17.f_bs_ew 
(4, 1, 24), [1, 5, 45, 130, 765, 1445, 4913], 3.17.f_bt_fa 
(4, 1, 25), [1, 5, 46, 134, 782, 1445, 4913], 3.17.f_bu_fe 
(-1, 6, 36), [1, 5, 47, 168, 799, 1445, 4913], 3.17.f_bv_gm 
(3, 2, 28), [1, 5, 51, 152, 867, 1445, 4913], 3.17.f_bz_fw 
(3, 2, 30), [1, 5, 53, 158, 901, 1445, 4913], 3.17.f_cb_gc 
(3, 2, 32), [1, 5, 55, 164, 935, 1445, 4913], 3.17.f_cd_gi 
(2, 3, 32), [1, 5, 55, 166, 935, 1445, 4913], 3.17.f_cd_gk 
(2, 3, 33), [1, 5, 56, 168, 952, 1445, 4913], 3.17.f_ce_gm 
(1, 4, 36), [1, 5, 57, 172, 969, 1445, 4913], 3.17.f_cf_gq 
(2, 3, 35), [1, 5, 58, 172, 986, 1445, 4913], 3.17.f_cg_gq 
(6, 0, -33), [1, 6, -16, -198, -272, 1734, 4913], 3.17.g_aq_ahq 
(7, -1, -25), [1, 6, -15, -209, -255, 1734, 4913], 3.17.g_ap_aib 
(7, -1, -24), [1, 6, -14, -202, -238, 1734, 4913], 3.17.g_ao_ahu 
(7, -1, -23), [1, 6, -13, -195, -221, 1734, 4913], 3.17.g_an_ahn 
(7, -1, -21), [1, 6, -11, -181, -187, 1734, 4913], 3.17.g_al_agz 
(7, -1, -19), [1, 6, -9, -167, -153, 1734, 4913], 3.17.g_aj_agl 
(6, 0, -25), [1, 6, -8, -150, -136, 1734, 4913], 3.17.g_ai_afu 
(7, -1, -15), [1, 6, -5, -139, -85, 1734, 4913], 3.17.g_af_afj 
(6, 0, -9), [1, 6, 8, -54, 136, 1734, 4913], 3.17.g_i_acc 
(6, 0, -3), [1, 6, 14, -18, 238, 1734, 4913], 3.17.g_o_as 
(6, 0, -1), [1, 6, 16, -6, 272, 1734, 4913], 3.17.g_q_ag 
(5, 1, 11), [1, 6, 33, 89, 561, 1734, 4913], 3.17.g_bh_dl 
(5, 1, 13), [1, 6, 35, 99, 595, 1734, 4913], 3.17.g_bj_dv 
(-1, 7, 25), [1, 6, 35, 213, 595, 1734, 4913], 3.17.g_bj_if 
(5, 1, 15), [1, 6, 37, 109, 629, 1734, 4913], 3.17.g_bl_ef 
(-1, 7, 27), [1, 6, 37, 211, 629, 1734, 4913], 3.17.g_bl_id 
(-1, 7, 29), [1, 6, 39, 209, 663, 1734, 4913], 3.17.g_bn_ib 
(4, 2, 25), [1, 6, 50, 168, 850, 1734, 4913], 3.17.g_by_gm 
(4, 2, 27), [1, 6, 52, 176, 884, 1734, 4913], 3.17.g_ca_gu 
(3, 3, 31), [1, 6, 57, 195, 969, 1734, 4913], 3.17.g_cf_hn 
(1, 5, 35), [1, 6, 57, 205, 969, 1734, 4913], 3.17.g_cf_hx 
(3, 3, 33), [1, 6, 59, 201, 1003, 1734, 4913], 3.17.g_ch_ht 
(1, 5, 37), [1, 6, 59, 207, 1003, 1734, 4913], 3.17.g_ch_hz 
(3, 3, 35), [1, 6, 61, 207, 1037, 1734, 4913], 3.17.g_cj_hz 
(1, 5, 39), [1, 6, 61, 209, 1037, 1734, 4913], 3.17.g_cj_ib 
(8, -1, -25), [1, 7, -16, -234, -272, 2023, 4913], 3.17.h_aq_aja 
(7, 0, -32), [1, 7, -15, -224, -255, 2023, 4913], 3.17.h_ap_aiq 
(8, -1, -21), [1, 7, -12, -202, -204, 2023, 4913], 3.17.h_am_ahu 
(7, 0, -28), [1, 7, -11, -196, -187, 2023, 4913], 3.17.h_al_aho 
(7, 0, -22), [1, 7, -5, -154, -85, 2023, 4913], 3.17.h_af_afy 
(7, 0, -18), [1, 7, -1, -126, -17, 2023, 4913], 3.17.h_ab_aew 
(7, 0, -16), [1, 7, 1, -112, 17, 2023, 4913], 3.17.h_b_aei 
(8, -1, -7), [1, 7, 2, -90, 34, 2023, 4913], 3.17.h_c_adm 
(7, 0, -14), [1, 7, 3, -98, 51, 2023, 4913], 3.17.h_d_adu 
(7, 0, -12), [1, 7, 5, -84, 85, 2023, 4913], 3.17.h_f_adg 
(6, 1, 1), [1, 7, 24, 40, 408, 2023, 4913], 3.17.h_y_bo 
(6, 1, 2), [1, 7, 25, 46, 425, 2023, 4913], 3.17.h_z_bu 
(6, 1, 3), [1, 7, 26, 52, 442, 2023, 4913], 3.17.h_ba_ca 
(6, 1, 5), [1, 7, 28, 64, 476, 2023, 4913], 3.17.h_bc_cm 
(6, 1, 6), [1, 7, 29, 70, 493, 2023, 4913], 3.17.h_bd_cs 
(6, 1, 7), [1, 7, 30, 76, 510, 2023, 4913], 3.17.h_be_cy 
(-1, 8, 32), [1, 7, 41, 240, 697, 2023, 4913], 3.17.h_bp_jg 
(5, 2, 16), [1, 7, 43, 148, 731, 2023, 4913], 3.17.h_br_fs 
(5, 2, 18), [1, 7, 45, 158, 765, 2023, 4913], 3.17.h_bt_gc 
(5, 2, 20), [1, 7, 47, 168, 799, 2023, 4913], 3.17.h_bv_gm 
(5, 2, 22), [1, 7, 49, 178, 833, 2023, 4913], 3.17.h_bx_gw 
(4, 3, 27), [1, 7, 56, 210, 952, 2023, 4913], 3.17.h_ce_ic 
(4, 3, 28), [1, 7, 57, 214, 969, 2023, 4913], 3.17.h_cf_ig 
(4, 3, 29), [1, 7, 58, 218, 986, 2023, 4913], 3.17.h_cg_ik 
(1, 6, 36), [1, 7, 59, 240, 1003, 2023, 4913], 3.17.h_ch_jg 
(4, 3, 31), [1, 7, 60, 226, 1020, 2023, 4913], 3.17.h_ci_is 
(4, 3, 32), [1, 7, 61, 230, 1037, 2023, 4913], 3.17.h_cj_iw 
(1, 6, 38), [1, 7, 61, 242, 1037, 2023, 4913], 3.17.h_cj_ji 
(4, 3, 33), [1, 7, 62, 234, 1054, 2023, 4913], 3.17.h_ck_ja 
(1, 6, 40), [1, 7, 63, 244, 1071, 2023, 4913], 3.17.h_cl_jk 
(2, 5, 37), [1, 7, 64, 244, 1088, 2023, 4913], 3.17.h_cm_jk 
(3, 4, 36), [1, 7, 65, 244, 1105, 2023, 4913], 3.17.h_cn_jk 
(2, 5, 39), [1, 7, 66, 248, 1122, 2023, 4913], 3.17.h_co_jo 
(8, 0, -33), [1, 8, -16, -264, -272, 2312, 4913], 3.17.i_aq_ake 
(8, 0, -32), [1, 8, -15, -256, -255, 2312, 4913], 3.17.i_ap_ajw 
(8, 0, -31), [1, 8, -14, -248, -238, 2312, 4913], 3.17.i_ao_ajo 
(8, 0, -29), [1, 8, -12, -232, -204, 2312, 4913], 3.17.i_am_aiy 
(8, 0, -28), [1, 8, -11, -224, -187, 2312, 4913], 3.17.i_al_aiq 
(8, 0, -27), [1, 8, -10, -216, -170, 2312, 4913], 3.17.i_ak_aii 
(8, 0, -26), [1, 8, -9, -208, -153, 2312, 4913], 3.17.i_aj_aia 
(8, 0, -23), [1, 8, -6, -184, -102, 2312, 4913], 3.17.i_ag_ahc 
(8, 0, -19), [1, 8, -2, -152, -34, 2312, 4913], 3.17.i_ac_afw 
(7, 1, -23), [1, 8, 1, -127, 17, 2312, 4913], 3.17.i_b_aex 
(8, 0, -13), [1, 8, 4, -104, 68, 2312, 4913], 3.17.i_e_aea 
(7, 1, -11), [1, 8, 13, -43, 221, 2312, 4913], 3.17.i_n_abr 
(7, 1, -9), [1, 8, 15, -29, 255, 2312, 4913], 3.17.i_p_abd 
(7, 1, -7), [1, 8, 17, -15, 289, 2312, 4913], 3.17.i_r_ap 
(7, 1, -5), [1, 8, 19, -1, 323, 2312, 4913], 3.17.i_t_ab 
(7, 1, -1), [1, 8, 23, 27, 391, 2312, 4913], 3.17.i_x_bb 
(6, 2, 9), [1, 8, 38, 122, 646, 2312, 4913], 3.17.i_bm_es 
(6, 2, 11), [1, 8, 40, 134, 680, 2312, 4913], 3.17.i_bo_fe 
(2, 6, 19), [1, 8, 48, 242, 816, 2312, 4913], 3.17.i_bw_ji 
(5, 3, 21), [1, 8, 53, 207, 901, 2312, 4913], 3.17.i_cb_hz 
(5, 3, 23), [1, 8, 55, 217, 935, 2312, 4913], 3.17.i_cd_ij 
(5, 3, 25), [1, 8, 57, 227, 969, 2312, 4913], 3.17.i_cf_it 
(5, 3, 27), [1, 8, 59, 237, 1003, 2312, 4913], 3.17.i_ch_jd 
(1, 7, 37), [1, 8, 61, 275, 1037, 2312, 4913], 3.17.i_cj_kp 
(1, 7, 39), [1, 8, 63, 277, 1071, 2312, 4913], 3.17.i_cl_kr 
(1, 7, 41), [1, 8, 65, 279, 1105, 2312, 4913], 3.17.i_cn_kt 
(4, 4, 33), [1, 8, 66, 268, 1122, 2312, 4913], 3.17.i_co_ki 
(1, 7, 43), [1, 8, 67, 281, 1139, 2312, 4913], 3.17.i_cp_kv 
(4, 4, 35), [1, 8, 68, 276, 1156, 2312, 4913], 3.17.i_cq_kq 
(3, 5, 37), [1, 8, 69, 281, 1173, 2312, 4913], 3.17.i_cr_kv 
(2, 6, 41), [1, 8, 70, 286, 1190, 2312, 4913], 3.17.i_cs_la 
(3, 5, 39), [1, 8, 71, 287, 1207, 2312, 4913], 3.17.i_ct_lb 
(8, 1, -25), [1, 9, 0, -166, 0, 2601, 4913], 3.17.j_a_agk 
(8, 1, -24), [1, 9, 1, -158, 17, 2601, 4913], 3.17.j_b_agc 
(8, 1, -23), [1, 9, 2, -150, 34, 2601, 4913], 3.17.j_c_afu 
(8, 1, -21), [1, 9, 4, -134, 68, 2601, 4913], 3.17.j_e_afe 
(8, 1, -20), [1, 9, 5, -126, 85, 2601, 4913], 3.17.j_f_aew 
(8, 1, -19), [1, 9, 6, -118, 102, 2601, 4913], 3.17.j_g_aeo 
(8, 1, -13), [1, 9, 12, -70, 204, 2601, 4913], 3.17.j_m_acs 
(7, 2, -12), [1, 9, 19, -16, 323, 2601, 4913], 3.17.j_t_aq 
(7, 2, -4), [1, 9, 27, 40, 459, 2601, 4913], 3.17.j_bb_bo 
(7, 2, -2), [1, 9, 29, 54, 493, 2601, 4913], 3.17.j_bd_cc 
(7, 2, 2), [1, 9, 33, 82, 561, 2601, 4913], 3.17.j_bh_de 
(6, 3, 13), [1, 9, 48, 180, 816, 2601, 4913], 3.17.j_bw_gy 
(6, 3, 14), [1, 9, 49, 186, 833, 2601, 4913], 3.17.j_bx_he 
(6, 3, 15), [1, 9, 50, 192, 850, 2601, 4913], 3.17.j_by_hk 
(6, 3, 18), [1, 9, 53, 210, 901, 2601, 4913], 3.17.j_cb_ic 
(6, 3, 19), [1, 9, 54, 216, 918, 2601, 4913], 3.17.j_cc_ii 
(1, 8, 32), [1, 9, 57, 304, 969, 2601, 4913], 3.17.j_cf_ls 
(5, 4, 26), [1, 9, 63, 266, 1071, 2601, 4913], 3.17.j_cl_kg 
(1, 8, 38), [1, 9, 63, 310, 1071, 2601, 4913], 3.17.j_cl_ly 
(5, 4, 28), [1, 9, 65, 276, 1105, 2601, 4913], 3.17.j_cn_kq 
(1, 8, 40), [1, 9, 65, 312, 1105, 2601, 4913], 3.17.j_cn_ma 
(5, 4, 30), [1, 9, 67, 286, 1139, 2601, 4913], 3.17.j_cp_la 
(1, 8, 42), [1, 9, 67, 314, 1139, 2601, 4913], 3.17.j_cp_mc 
(5, 4, 32), [1, 9, 69, 296, 1173, 2601, 4913], 3.17.j_cr_lk 
(1, 8, 44), [1, 9, 69, 316, 1173, 2601, 4913], 3.17.j_cr_me 
(4, 5, 33), [1, 9, 70, 302, 1190, 2601, 4913], 3.17.j_cs_lq 
(4, 5, 35), [1, 9, 72, 310, 1224, 2601, 4913], 3.17.j_cu_ly 
(2, 7, 41), [1, 9, 72, 320, 1224, 2601, 4913], 3.17.j_cu_mi 
(4, 5, 36), [1, 9, 73, 314, 1241, 2601, 4913], 3.17.j_cv_mc 
(1, 8, 48), [1, 9, 73, 320, 1241, 2601, 4913], 3.17.j_cv_mi 
(2, 7, 42), [1, 9, 73, 322, 1241, 2601, 4913], 3.17.j_cv_mk 
(4, 5, 37), [1, 9, 74, 318, 1258, 2601, 4913], 3.17.j_cw_mg 
(2, 7, 43), [1, 9, 74, 324, 1258, 2601, 4913], 3.17.j_cw_mm 
(3, 6, 40), [1, 9, 75, 324, 1275, 2601, 4913], 3.17.j_cx_mm 
(4, 5, 39), [1, 9, 76, 326, 1292, 2601, 4913], 3.17.j_cy_mo 
(2, 7, 45), [1, 9, 76, 328, 1292, 2601, 4913], 3.17.j_cy_mq 
(8, 2, -16), [1, 10, 17, -60, 289, 2890, 4913], 3.17.k_r_aci 
(8, 2, -15), [1, 10, 18, -52, 306, 2890, 4913], 3.17.k_s_aca 
(8, 2, -13), [1, 10, 20, -36, 340, 2890, 4913], 3.17.k_u_abk 
(8, 2, -11), [1, 10, 22, -20, 374, 2890, 4913], 3.17.k_w_au 
(8, 2, -9), [1, 10, 24, -4, 408, 2890, 4913], 3.17.k_y_ae 
(7, 3, 3), [1, 10, 41, 123, 697, 2890, 4913], 3.17.k_bp_et 
(7, 3, 5), [1, 10, 43, 137, 731, 2890, 4913], 3.17.k_br_fh 
(7, 3, 7), [1, 10, 45, 151, 765, 2890, 4913], 3.17.k_bt_fv 
(7, 3, 9), [1, 10, 47, 165, 799, 2890, 4913], 3.17.k_bv_gj 
(4, 6, 19), [1, 10, 60, 280, 1020, 2890, 4913], 3.17.k_ci_ku 
(6, 4, 21), [1, 10, 62, 262, 1054, 2890, 4913], 3.17.k_ck_kc 
(6, 4, 23), [1, 10, 64, 274, 1088, 2890, 4913], 3.17.k_cm_ko 
(1, 9, 41), [1, 10, 67, 347, 1139, 2890, 4913], 3.17.k_cp_nj 
(1, 9, 43), [1, 10, 69, 349, 1173, 2890, 4913], 3.17.k_cr_nl 
(1, 9, 45), [1, 10, 71, 351, 1207, 2890, 4913], 3.17.k_ct_nn 
(5, 5, 31), [1, 10, 73, 325, 1241, 2890, 4913], 3.17.k_cv_mn 
(5, 5, 33), [1, 10, 75, 335, 1275, 2890, 4913], 3.17.k_cx_mx 
(5, 5, 35), [1, 10, 77, 345, 1309, 2890, 4913], 3.17.k_cz_nh 
(2, 8, 45), [1, 10, 78, 362, 1326, 2890, 4913], 3.17.k_da_ny 
(5, 5, 37), [1, 10, 79, 355, 1343, 2890, 4913], 3.17.k_db_nr 
(1, 9, 53), [1, 10, 79, 359, 1343, 2890, 4913], 3.17.k_db_nv 
(2, 8, 47), [1, 10, 80, 366, 1360, 2890, 4913], 3.17.k_dc_oc 
(3, 7, 43), [1, 10, 81, 367, 1377, 2890, 4913], 3.17.k_dd_od 
(4, 6, 41), [1, 10, 82, 368, 1394, 2890, 4913], 3.17.k_de_oe 
(3, 7, 45), [1, 10, 83, 373, 1411, 2890, 4913], 3.17.k_df_oj 
(8, 3, -9), [1, 11, 32, 30, 544, 3179, 4913], 3.17.l_bg_be 
(8, 3, -8), [1, 11, 33, 38, 561, 3179, 4913], 3.17.l_bh_bm 
(8, 3, -7), [1, 11, 34, 46, 578, 3179, 4913], 3.17.l_bi_bu 
(8, 3, -5), [1, 11, 36, 62, 612, 3179, 4913], 3.17.l_bk_ck 
(8, 3, -4), [1, 11, 37, 70, 629, 3179, 4913], 3.17.l_bl_cs 
(8, 3, -3), [1, 11, 38, 78, 646, 3179, 4913], 3.17.l_bm_da 
(7, 4, 10), [1, 11, 55, 206, 935, 3179, 4913], 3.17.l_cd_hy 
(7, 4, 12), [1, 11, 57, 220, 969, 3179, 4913], 3.17.l_cf_im 
(7, 4, 14), [1, 11, 59, 234, 1003, 3179, 4913], 3.17.l_ch_ja 
(7, 4, 16), [1, 11, 61, 248, 1037, 3179, 4913], 3.17.l_cj_jo 
(6, 5, 25), [1, 11, 72, 320, 1224, 3179, 4913], 3.17.l_cu_mi 
(6, 5, 26), [1, 11, 73, 326, 1241, 3179, 4913], 3.17.l_cv_mo 
(6, 5, 27), [1, 11, 74, 332, 1258, 3179, 4913], 3.17.l_cw_mu 
(6, 5, 29), [1, 11, 76, 344, 1292, 3179, 4913], 3.17.l_cy_ng 
(6, 5, 30), [1, 11, 77, 350, 1309, 3179, 4913], 3.17.l_cz_nm 
(6, 5, 31), [1, 11, 78, 356, 1326, 3179, 4913], 3.17.l_da_ns 
(5, 6, 32), [1, 11, 79, 364, 1343, 3179, 4913], 3.17.l_db_oa 
(2, 9, 44), [1, 11, 79, 394, 1343, 3179, 4913], 3.17.l_db_pe 
(2, 9, 45), [1, 11, 80, 396, 1360, 3179, 4913], 3.17.l_dc_pg 
(1, 10, 54), [1, 11, 81, 394, 1377, 3179, 4913], 3.17.l_dd_pe 
(2, 9, 46), [1, 11, 81, 398, 1377, 3179, 4913], 3.17.l_dd_pi 
(2, 9, 47), [1, 11, 82, 400, 1394, 3179, 4913], 3.17.l_de_pk 
(5, 6, 36), [1, 11, 83, 384, 1411, 3179, 4913], 3.17.l_df_ou 
(2, 9, 49), [1, 11, 84, 404, 1428, 3179, 4913], 3.17.l_dg_po 
(5, 6, 38), [1, 11, 85, 394, 1445, 3179, 4913], 3.17.l_dh_pe 
(2, 9, 50), [1, 11, 85, 406, 1445, 3179, 4913], 3.17.l_dh_pq 
(5, 6, 40), [1, 11, 87, 404, 1479, 3179, 4913], 3.17.l_dj_po 
(4, 7, 43), [1, 11, 88, 410, 1496, 3179, 4913], 3.17.l_dk_pu 
(3, 8, 48), [1, 11, 89, 416, 1513, 3179, 4913], 3.17.l_dl_qa 
(4, 7, 45), [1, 11, 90, 418, 1530, 3179, 4913], 3.17.l_dm_qc 
(8, 4, -1), [1, 12, 48, 128, 816, 3468, 4913], 3.17.m_bw_ey 
(8, 4, 1), [1, 12, 50, 144, 850, 3468, 4913], 3.17.m_by_fo 
(8, 4, 3), [1, 12, 52, 160, 884, 3468, 4913], 3.17.m_ca_ge 
(8, 4, 4), [1, 12, 53, 168, 901, 3468, 4913], 3.17.m_cb_gm 
(8, 4, 11), [1, 12, 60, 224, 1020, 3468, 4913], 3.17.m_ci_iq 
(7, 5, 19), [1, 12, 71, 303, 1207, 3468, 4913], 3.17.m_ct_lr 
(7, 5, 21), [1, 12, 73, 317, 1241, 3468, 4913], 3.17.m_cv_mf 
(7, 5, 23), [1, 12, 75, 331, 1275, 3468, 4913], 3.17.m_cx_mt 
(4, 8, 33), [1, 12, 82, 404, 1394, 3468, 4913], 3.17.m_de_po 
(5, 7, 33), [1, 12, 85, 403, 1445, 3468, 4913], 3.17.m_dh_pn 
(6, 6, 33), [1, 12, 86, 402, 1462, 3468, 4913], 3.17.m_di_pm 
(2, 10, 49), [1, 12, 86, 438, 1462, 3468, 4913], 3.17.m_di_qw 
(6, 6, 35), [1, 12, 88, 414, 1496, 3468, 4913], 3.17.m_dk_py 
(4, 8, 39), [1, 12, 88, 428, 1496, 3468, 4913], 3.17.m_dk_qm 
(3, 9, 45), [1, 12, 89, 441, 1513, 3468, 4913], 3.17.m_dl_qz 
(5, 7, 41), [1, 12, 93, 443, 1581, 3468, 4913], 3.17.m_dp_rb 
(3, 9, 49), [1, 12, 93, 453, 1581, 3468, 4913], 3.17.m_dp_rl 
(5, 7, 43), [1, 12, 95, 453, 1615, 3468, 4913], 3.17.m_dr_rl 
(4, 8, 47), [1, 12, 96, 460, 1632, 3468, 4913], 3.17.m_ds_rs 
(5, 7, 45), [1, 12, 97, 463, 1649, 3468, 4913], 3.17.m_dt_rv 
(3, 9, 53), [1, 12, 97, 465, 1649, 3468, 4913], 3.17.m_dt_rx 
(8, 5, 8), [1, 13, 65, 234, 1105, 3757, 4913], 3.17.n_cn_ja 
(8, 5, 9), [1, 13, 66, 242, 1122, 3757, 4913], 3.17.n_co_ji 
(8, 5, 11), [1, 13, 68, 258, 1156, 3757, 4913], 3.17.n_cq_jy 
(8, 5, 12), [1, 13, 69, 266, 1173, 3757, 4913], 3.17.n_cr_kg 
(8, 5, 13), [1, 13, 70, 274, 1190, 3757, 4913], 3.17.n_cs_ko 
(8, 5, 14), [1, 13, 71, 282, 1207, 3757, 4913], 3.17.n_ct_kw 
(8, 5, 23), [1, 13, 80, 354, 1360, 3757, 4913], 3.17.n_dc_nq 
(7, 6, 24), [1, 13, 83, 372, 1411, 3757, 4913], 3.17.n_df_oi 
(8, 5, 27), [1, 13, 84, 386, 1428, 3757, 4913], 3.17.n_dg_ow 
(7, 6, 26), [1, 13, 85, 386, 1445, 3757, 4913], 3.17.n_dh_ow 
(7, 6, 28), [1, 13, 87, 400, 1479, 3757, 4913], 3.17.n_dj_pk 
(7, 6, 30), [1, 13, 89, 414, 1513, 3757, 4913], 3.17.n_dl_py 
(8, 5, 33), [1, 13, 90, 434, 1530, 3757, 4913], 3.17.n_dm_qs 
(6, 7, 37), [1, 13, 96, 460, 1632, 3757, 4913], 3.17.n_ds_rs 
(8, 5, 39), [1, 13, 96, 482, 1632, 3757, 4913], 3.17.n_ds_so 
(2, 11, 57), [1, 13, 96, 488, 1632, 3757, 4913], 3.17.n_ds_su 
(6, 7, 38), [1, 13, 97, 466, 1649, 3757, 4913], 3.17.n_dt_ry 
(6, 7, 39), [1, 13, 98, 472, 1666, 3757, 4913], 3.17.n_du_se 
(2, 11, 59), [1, 13, 98, 492, 1666, 3757, 4913], 3.17.n_du_sy 
(7, 6, 40), [1, 13, 99, 484, 1683, 3757, 4913], 3.17.n_dv_sq 
(3, 10, 52), [1, 13, 99, 496, 1683, 3757, 4913], 3.17.n_dv_tc 
(6, 7, 41), [1, 13, 100, 484, 1700, 3757, 4913], 3.17.n_dw_sq 
(6, 7, 42), [1, 13, 101, 490, 1717, 3757, 4913], 3.17.n_dx_sw 
(3, 10, 54), [1, 13, 101, 502, 1717, 3757, 4913], 3.17.n_dx_ti 
(6, 7, 43), [1, 13, 102, 496, 1734, 3757, 4913], 3.17.n_dy_tc 
(3, 10, 56), [1, 13, 103, 508, 1751, 3757, 4913], 3.17.n_dz_to 
(5, 8, 48), [1, 13, 105, 512, 1785, 3757, 4913], 3.17.n_eb_ts 
(4, 9, 53), [1, 13, 106, 518, 1802, 3757, 4913], 3.17.n_ec_ty 
(8, 6, 19), [1, 14, 84, 356, 1428, 4046, 4913], 3.17.o_dg_ns 
(8, 6, 20), [1, 14, 85, 364, 1445, 4046, 4913], 3.17.o_dh_oa 
(8, 6, 21), [1, 14, 86, 372, 1462, 4046, 4913], 3.17.o_di_oi 
(7, 7, 29), [1, 14, 95, 441, 1615, 4046, 4913], 3.17.o_dr_qz 
(7, 7, 31), [1, 14, 97, 455, 1649, 4046, 4913], 3.17.o_dt_rn 
(8, 6, 33), [1, 14, 98, 468, 1666, 4046, 4913], 3.17.o_du_sa 
(7, 7, 33), [1, 14, 99, 469, 1683, 4046, 4913], 3.17.o_dv_sb 
(7, 7, 35), [1, 14, 101, 483, 1717, 4046, 4913], 3.17.o_dx_sp 
(7, 7, 37), [1, 14, 103, 497, 1751, 4046, 4913], 3.17.o_dz_td 
(8, 6, 41), [1, 14, 106, 532, 1802, 4046, 4913], 3.17.o_ec_um 
(4, 10, 49), [1, 14, 106, 536, 1802, 4046, 4913], 3.17.o_ec_uq 
(7, 7, 41), [1, 14, 107, 525, 1819, 4046, 4913], 3.17.o_ed_uf 
(3, 11, 57), [1, 14, 107, 545, 1819, 4046, 4913], 3.17.o_ed_uz 
(3, 11, 59), [1, 14, 109, 551, 1853, 4046, 4913], 3.17.o_ef_vf 
(6, 8, 45), [1, 14, 110, 542, 1870, 4046, 4913], 3.17.o_eg_uw 
(4, 10, 53), [1, 14, 110, 552, 1870, 4046, 4913], 3.17.o_eg_vg 
(7, 7, 45), [1, 14, 111, 553, 1887, 4046, 4913], 3.17.o_eh_vh 
(3, 11, 61), [1, 14, 111, 557, 1887, 4046, 4913], 3.17.o_eh_vl 
(6, 8, 47), [1, 14, 112, 554, 1904, 4046, 4913], 3.17.o_ei_vi 
(4, 10, 57), [1, 14, 114, 568, 1938, 4046, 4913], 3.17.o_ek_vw 
(5, 9, 53), [1, 14, 115, 571, 1955, 4046, 4913], 3.17.o_el_vz 
(8, 7, 24), [1, 15, 97, 430, 1649, 4335, 4913], 3.17.p_dt_qo 
(8, 7, 25), [1, 15, 98, 438, 1666, 4335, 4913], 3.17.p_du_qw 
(8, 7, 27), [1, 15, 100, 454, 1700, 4335, 4913], 3.17.p_dw_rm 
(8, 7, 28), [1, 15, 101, 462, 1717, 4335, 4913], 3.17.p_dx_ru 
(8, 7, 29), [1, 15, 102, 470, 1734, 4335, 4913], 3.17.p_dy_sc 
(8, 7, 30), [1, 15, 103, 478, 1751, 4335, 4913], 3.17.p_dz_sk 
(8, 7, 31), [1, 15, 104, 486, 1768, 4335, 4913], 3.17.p_ea_ss 
(7, 8, 36), [1, 15, 109, 524, 1853, 4335, 4913], 3.17.p_ef_ue 
(8, 7, 37), [1, 15, 110, 534, 1870, 4335, 4913], 3.17.p_eg_uo 
(7, 8, 38), [1, 15, 111, 538, 1887, 4335, 4913], 3.17.p_eh_us 
(7, 8, 40), [1, 15, 113, 552, 1921, 4335, 4913], 3.17.p_ej_vg 
(7, 8, 42), [1, 15, 115, 566, 1955, 4335, 4913], 3.17.p_el_vu 
(6, 9, 45), [1, 15, 116, 576, 1972, 4335, 4913], 3.17.p_em_we 
(7, 8, 44), [1, 15, 117, 580, 1989, 4335, 4913], 3.17.p_en_wi 
(6, 9, 46), [1, 15, 117, 582, 1989, 4335, 4913], 3.17.p_en_wk 
(2, 13, 75), [1, 15, 118, 592, 2006, 4335, 4913], 3.17.p_eo_wu 
(8, 7, 45), [1, 15, 118, 598, 2006, 4335, 4913], 3.17.p_eo_xa 
(4, 11, 57), [1, 15, 118, 602, 2006, 4335, 4913], 3.17.p_eo_xe 
(6, 9, 49), [1, 15, 120, 600, 2040, 4335, 4913], 3.17.p_eq_xc 
(4, 11, 59), [1, 15, 120, 610, 2040, 4335, 4913], 3.17.p_eq_xm 
(6, 9, 50), [1, 15, 121, 606, 2057, 4335, 4913], 3.17.p_er_xi 
(4, 11, 60), [1, 15, 121, 614, 2057, 4335, 4913], 3.17.p_er_xq 
(4, 11, 61), [1, 15, 122, 618, 2074, 4335, 4913], 3.17.p_es_xu 
(5, 10, 56), [1, 15, 123, 620, 2091, 4335, 4913], 3.17.p_et_xw 
(6, 9, 53), [1, 15, 124, 624, 2108, 4335, 4913], 3.17.p_eu_ya 
(4, 11, 63), [1, 15, 124, 626, 2108, 4335, 4913], 3.17.p_eu_yc 
(8, 8, 33), [1, 16, 114, 536, 1938, 4624, 4913], 3.17.q_ek_uq 
(8, 8, 35), [1, 16, 116, 552, 1972, 4624, 4913], 3.17.q_em_vg 
(8, 8, 38), [1, 16, 119, 576, 2023, 4624, 4913], 3.17.q_ep_we 
(8, 8, 39), [1, 16, 120, 584, 2040, 4624, 4913], 3.17.q_eq_wm 
(8, 8, 40), [1, 16, 121, 592, 2057, 4624, 4913], 3.17.q_er_wu 
(8, 8, 43), [1, 16, 124, 616, 2108, 4624, 4913], 3.17.q_eu_xs 
(7, 9, 45), [1, 16, 125, 621, 2125, 4624, 4913], 3.17.q_ev_xx 
(8, 8, 44), [1, 16, 125, 624, 2125, 4624, 4913], 3.17.q_ev_ya 
(7, 9, 47), [1, 16, 127, 635, 2159, 4624, 4913], 3.17.q_ex_yl 
(8, 8, 47), [1, 16, 128, 648, 2176, 4624, 4913], 3.17.q_ey_yy 
(7, 9, 49), [1, 16, 129, 649, 2193, 4624, 4913], 3.17.q_ez_yz 
(8, 8, 48), [1, 16, 129, 656, 2193, 4624, 4913], 3.17.q_ez_zg 
(5, 11, 57), [1, 16, 129, 659, 2193, 4624, 4913], 3.17.q_ez_zj 
(7, 9, 50), [1, 16, 130, 656, 2210, 4624, 4913], 3.17.q_fa_zg 
(4, 12, 65), [1, 16, 130, 668, 2210, 4624, 4913], 3.17.q_fa_zs 
(6, 10, 54), [1, 16, 131, 664, 2227, 4624, 4913], 3.17.q_fb_zo 
(5, 11, 59), [1, 16, 131, 669, 2227, 4624, 4913], 3.17.q_fb_zt 
(5, 11, 60), [1, 16, 132, 674, 2244, 4624, 4913], 3.17.q_fc_zy 
(4, 12, 67), [1, 16, 132, 676, 2244, 4624, 4913], 3.17.q_fc_baa 
(7, 9, 53), [1, 16, 133, 677, 2261, 4624, 4913], 3.17.q_fd_bab 
(5, 11, 61), [1, 16, 133, 679, 2261, 4624, 4913], 3.17.q_fd_bad 
(6, 10, 57), [1, 16, 134, 682, 2278, 4624, 4913], 3.17.q_fe_bag 
(5, 11, 63), [1, 16, 135, 689, 2295, 4624, 4913], 3.17.q_ff_ban 
(8, 9, 41), [1, 17, 130, 634, 2210, 4913, 4913], 3.17.r_fa_yk 
(8, 9, 43), [1, 17, 132, 650, 2244, 4913, 4913], 3.17.r_fc_za 
(8, 9, 44), [1, 17, 133, 658, 2261, 4913, 4913], 3.17.r_fd_zi 
(8, 9, 45), [1, 17, 134, 666, 2278, 4913, 4913], 3.17.r_fe_zq 
(8, 9, 46), [1, 17, 135, 674, 2295, 4913, 4913], 3.17.r_ff_zy 
(8, 9, 47), [1, 17, 136, 682, 2312, 4913, 4913], 3.17.r_fg_bag 
(7, 10, 52), [1, 17, 139, 704, 2363, 4913, 4913], 3.17.r_fj_bbc 
(8, 9, 50), [1, 17, 139, 706, 2363, 4913, 4913], 3.17.r_fj_bbe 
(6, 11, 57), [1, 17, 140, 716, 2380, 4913, 4913], 3.17.r_fk_bbo 
(7, 10, 54), [1, 17, 141, 718, 2397, 4913, 4913], 3.17.r_fl_bbq 
(6, 11, 59), [1, 17, 142, 728, 2414, 4913, 4913], 3.17.r_fm_bca 
(8, 9, 53), [1, 17, 142, 730, 2414, 4913, 4913], 3.17.r_fm_bcc 
(7, 10, 56), [1, 17, 143, 732, 2431, 4913, 4913], 3.17.r_fn_bce 
(6, 11, 60), [1, 17, 143, 734, 2431, 4913, 4913], 3.17.r_fn_bcg 
(6, 11, 61), [1, 17, 144, 740, 2448, 4913, 4913], 3.17.r_fo_bcm 
(4, 13, 75), [1, 17, 144, 742, 2448, 4913, 4913], 3.17.r_fo_bco 
(6, 11, 63), [1, 17, 146, 752, 2482, 4913, 4913], 3.17.r_fq_bcy 
(8, 10, 49), [1, 18, 146, 732, 2482, 5202, 4913], 3.17.s_fq_bce 
(8, 10, 53), [1, 18, 150, 764, 2550, 5202, 4913], 3.17.s_fu_bdk 
(8, 10, 54), [1, 18, 151, 772, 2567, 5202, 4913], 3.17.s_fv_bds 
(7, 11, 57), [1, 18, 151, 773, 2567, 5202, 4913], 3.17.s_fv_bdt 
(7, 11, 59), [1, 18, 153, 787, 2601, 5202, 4913], 3.17.s_fx_beh 
(8, 10, 56), [1, 18, 153, 788, 2601, 5202, 4913], 3.17.s_fx_bei 
(8, 10, 57), [1, 18, 154, 796, 2618, 5202, 4913], 3.17.s_fy_beq 
(6, 12, 65), [1, 18, 154, 798, 2618, 5202, 4913], 3.17.s_fy_bes 
(7, 11, 61), [1, 18, 155, 801, 2635, 5202, 4913], 3.17.s_fz_bev 
(6, 12, 67), [1, 18, 156, 810, 2652, 5202, 4913], 3.17.s_ga_bfe 
(7, 11, 63), [1, 18, 157, 815, 2669, 5202, 4913], 3.17.s_gb_bfj 
(5, 13, 75), [1, 18, 157, 817, 2669, 5202, 4913], 3.17.s_gb_bfl 
(8, 11, 57), [1, 19, 162, 830, 2754, 5491, 4913], 3.17.t_gg_bfy 
(8, 11, 59), [1, 19, 164, 846, 2788, 5491, 4913], 3.17.t_gi_bgo 
(8, 11, 60), [1, 19, 165, 854, 2805, 5491, 4913], 3.17.t_gj_bgw 
(8, 11, 61), [1, 19, 166, 862, 2822, 5491, 4913], 3.17.t_gk_bhe 
(8, 11, 63), [1, 19, 168, 878, 2856, 5491, 4913], 3.17.t_gm_bhu 
(6, 13, 75), [1, 19, 170, 892, 2890, 5491, 4913], 3.17.t_go_bii 
(8, 12, 65), [1, 20, 178, 928, 3026, 5780, 4913], 3.17.u_gw_bjs 
(8, 12, 67), [1, 20, 180, 944, 3060, 5780, 4913], 3.17.u_gy_bki 
(7, 13, 75), [1, 20, 183, 967, 3111, 5780, 4913], 3.17.u_hb_blf 
(8, 13, 75), [1, 21, 196, 1042, 3332, 6069, 4913], 3.17.v_ho_boc 
