(-5, -3, 6), [1, -8, 28, -72, 196, -392, 343], 3.7.ai_bc_acu 
(-4, -4, 8), [1, -8, 31, -88, 217, -392, 343], 3.7.ai_bf_adk 
(-5, -3, 9), [1, -8, 31, -87, 217, -392, 343], 3.7.ai_bf_adj 
(-4, -4, 10), [1, -8, 33, -96, 231, -392, 343], 3.7.ai_bh_ads 
(-5, -3, 12), [1, -8, 34, -102, 238, -392, 343], 3.7.ai_bi_ady 
(-3, -5, 13), [1, -8, 35, -109, 245, -392, 343], 3.7.ai_bj_aef 
(-5, -3, 13), [1, -8, 35, -107, 245, -392, 343], 3.7.ai_bj_aed 
(-4, -4, 12), [1, -8, 35, -104, 245, -392, 343], 3.7.ai_bj_aea 
(-2, -6, 18), [1, -8, 37, -120, 259, -392, 343], 3.7.ai_bl_aeq 
(-5, -3, 15), [1, -8, 37, -117, 259, -392, 343], 3.7.ai_bl_aen 
(-3, -5, 15), [1, -8, 37, -115, 259, -392, 343], 3.7.ai_bl_ael 
(-3, -5, 16), [1, -8, 38, -118, 266, -392, 343], 3.7.ai_bm_aeo 
(-2, -6, 20), [1, -8, 39, -124, 273, -392, 343], 3.7.ai_bn_aeu 
(-4, -4, 16), [1, -8, 39, -120, 273, -392, 343], 3.7.ai_bn_aeq 
(-5, -2, 4), [1, -7, 21, -48, 147, -343, 343], 3.7.ah_v_abw 
(-4, -3, 5), [1, -7, 24, -62, 168, -343, 343], 3.7.ah_y_ack 
(-5, -2, 8), [1, -7, 25, -68, 175, -343, 343], 3.7.ah_z_acq 
(-4, -3, 6), [1, -7, 25, -66, 175, -343, 343], 3.7.ah_z_aco 
(-3, -4, 8), [1, -7, 27, -80, 189, -343, 343], 3.7.ah_bb_adc 
(-5, -2, 10), [1, -7, 27, -78, 189, -343, 343], 3.7.ah_bb_ada 
(-5, -2, 12), [1, -7, 29, -88, 203, -343, 343], 3.7.ah_bd_adk 
(-3, -4, 10), [1, -7, 29, -86, 203, -343, 343], 3.7.ah_bd_adi 
(-2, -5, 15), [1, -7, 32, -100, 224, -343, 343], 3.7.ah_bg_adw 
(-4, -3, 15), [1, -7, 34, -102, 238, -343, 343], 3.7.ah_bi_ady 
(-5, -1, -2), [1, -6, 10, -4, 70, -294, 343], 3.7.ag_k_ae 
(-4, -2, -3), [1, -6, 12, -16, 84, -294, 343], 3.7.ag_m_aq 
(-4, -2, -2), [1, -6, 13, -20, 91, -294, 343], 3.7.ag_n_au 
(-5, -1, 3), [1, -6, 15, -29, 105, -294, 343], 3.7.ag_p_abd 
(-5, -1, 4), [1, -6, 16, -34, 112, -294, 343], 3.7.ag_q_abi 
(-4, -2, 1), [1, -6, 16, -32, 112, -294, 343], 3.7.ag_q_abg 
(-5, -1, 5), [1, -6, 17, -39, 119, -294, 343], 3.7.ag_r_abn 
(-4, -2, 2), [1, -6, 17, -36, 119, -294, 343], 3.7.ag_r_abk 
(-3, -3, 2), [1, -6, 18, -48, 126, -294, 343], 3.7.ag_s_abw 
(-5, -1, 6), [1, -6, 18, -44, 126, -294, 343], 3.7.ag_s_abs 
(-4, -2, 3), [1, -6, 18, -40, 126, -294, 343], 3.7.ag_s_abo 
(-3, -3, 3), [1, -6, 19, -51, 133, -294, 343], 3.7.ag_t_abz 
(-4, -2, 4), [1, -6, 19, -44, 133, -294, 343], 3.7.ag_t_abs 
(-5, -1, 9), [1, -6, 21, -59, 147, -294, 343], 3.7.ag_v_ach 
(-3, -3, 5), [1, -6, 21, -57, 147, -294, 343], 3.7.ag_v_acf 
(-5, -1, 10), [1, -6, 22, -64, 154, -294, 343], 3.7.ag_w_acm 
(-3, -3, 6), [1, -6, 22, -60, 154, -294, 343], 3.7.ag_w_aci 
(-2, -4, 8), [1, -6, 23, -72, 161, -294, 343], 3.7.ag_x_acu 
(-5, -1, 11), [1, -6, 23, -69, 161, -294, 343], 3.7.ag_x_acr 
(-4, -2, 8), [1, -6, 23, -60, 161, -294, 343], 3.7.ag_x_aci 
(-3, -3, 8), [1, -6, 24, -66, 168, -294, 343], 3.7.ag_y_aco 
(-4, -2, 9), [1, -6, 24, -64, 168, -294, 343], 3.7.ag_y_acm 
(-1, -5, 13), [1, -6, 25, -83, 175, -294, 343], 3.7.ag_z_adf 
(-5, -1, 13), [1, -6, 25, -79, 175, -294, 343], 3.7.ag_z_adb 
(-2, -4, 10), [1, -6, 25, -76, 175, -294, 343], 3.7.ag_z_acy 
(1, -7, 25), [1, -6, 25, -73, 175, -294, 343], 3.7.ag_z_acv 
(-3, -3, 9), [1, -6, 25, -69, 175, -294, 343], 3.7.ag_z_acr 
(-4, -2, 10), [1, -6, 25, -68, 175, -294, 343], 3.7.ag_z_acq 
(-2, -4, 11), [1, -6, 26, -78, 182, -294, 343], 3.7.ag_ba_ada 
(-2, -4, 12), [1, -6, 27, -80, 189, -294, 343], 3.7.ag_bb_adc 
(-4, -2, 12), [1, -6, 27, -76, 189, -294, 343], 3.7.ag_bb_acy 
(-1, -5, 16), [1, -6, 28, -86, 196, -294, 343], 3.7.ag_bc_adi 
(-2, -4, 13), [1, -6, 28, -82, 196, -294, 343], 3.7.ag_bc_ade 
(-4, -2, 13), [1, -6, 28, -80, 196, -294, 343], 3.7.ag_bc_adc 
(-3, -3, 12), [1, -6, 28, -78, 196, -294, 343], 3.7.ag_bc_ada 
(-2, -4, 16), [1, -6, 31, -88, 217, -294, 343], 3.7.ag_bf_adk 
(-5, 0, -6), [1, -5, 1, 30, 7, -245, 343], 3.7.af_b_be 
(-4, -1, -8), [1, -5, 3, 18, 21, -245, 343], 3.7.af_d_s 
(-5, 0, -4), [1, -5, 3, 20, 21, -245, 343], 3.7.af_d_u 
(-4, -1, -4), [1, -5, 7, 2, 49, -245, 343], 3.7.af_h_c 
(-4, -1, -3), [1, -5, 8, -2, 56, -245, 343], 3.7.af_i_ac 
(-5, 0, 2), [1, -5, 9, -10, 63, -245, 343], 3.7.af_j_ak 
(-4, -1, -2), [1, -5, 9, -6, 63, -245, 343], 3.7.af_j_ag 
(-3, -2, -2), [1, -5, 11, -22, 77, -245, 343], 3.7.af_l_aw 
(-5, 0, 4), [1, -5, 11, -20, 77, -245, 343], 3.7.af_l_au 
(-5, 0, 6), [1, -5, 13, -30, 91, -245, 343], 3.7.af_n_abe 
(-2, -3, 2), [1, -5, 15, -46, 105, -245, 343], 3.7.af_p_abu 
(-5, 0, 8), [1, -5, 15, -40, 105, -245, 343], 3.7.af_p_abo 
(-3, -2, 2), [1, -5, 15, -34, 105, -245, 343], 3.7.af_p_abi 
(-2, -3, 3), [1, -5, 16, -48, 112, -245, 343], 3.7.af_q_abw 
(-3, -2, 4), [1, -5, 17, -40, 119, -245, 343], 3.7.af_r_abo 
(-4, -1, 6), [1, -5, 17, -38, 119, -245, 343], 3.7.af_r_abm 
(-2, -3, 5), [1, -5, 18, -52, 126, -245, 343], 3.7.af_s_aca 
(2, -7, 25), [1, -5, 18, -48, 126, -245, 343], 3.7.af_s_abw 
(1, -6, 18), [1, -5, 19, -66, 133, -245, 343], 3.7.af_t_aco 
(-1, -4, 8), [1, -5, 19, -64, 133, -245, 343], 3.7.af_t_acm 
(-5, 0, 12), [1, -5, 19, -60, 133, -245, 343], 3.7.af_t_aci 
(-2, -3, 6), [1, -5, 19, -54, 133, -245, 343], 3.7.af_t_acc 
(-4, -1, 9), [1, -5, 20, -50, 140, -245, 343], 3.7.af_u_aby 
(-1, -4, 10), [1, -5, 21, -66, 147, -245, 343], 3.7.af_v_aco 
(1, -6, 20), [1, -5, 21, -64, 147, -245, 343], 3.7.af_v_acm 
(-2, -3, 8), [1, -5, 21, -58, 147, -245, 343], 3.7.af_v_acg 
(-4, -1, 10), [1, -5, 21, -54, 147, -245, 343], 3.7.af_v_acc 
(-2, -3, 9), [1, -5, 22, -60, 154, -245, 343], 3.7.af_w_aci 
(-4, -1, 11), [1, -5, 22, -58, 154, -245, 343], 3.7.af_w_acg 
(-1, -4, 12), [1, -5, 23, -68, 161, -245, 343], 3.7.af_x_acq 
(-4, -1, 13), [1, -5, 24, -66, 168, -245, 343], 3.7.af_y_aco 
(-2, -3, 11), [1, -5, 24, -64, 168, -245, 343], 3.7.af_y_acm 
(-2, -3, 12), [1, -5, 25, -66, 175, -245, 343], 3.7.af_z_aco 
(-4, 0, -12), [1, -4, -5, 48, -35, -196, 343], 3.7.ae_af_bw 
(-4, 0, -10), [1, -4, -3, 40, -21, -196, 343], 3.7.ae_ad_bo 
(-5, 1, -4), [1, -4, -2, 34, -14, -196, 343], 3.7.ae_ac_bi 
(-5, 1, -3), [1, -4, -1, 29, -7, -196, 343], 3.7.ae_ab_bd 
(-4, 0, -8), [1, -4, -1, 32, -7, -196, 343], 3.7.ae_ab_bg 
(-5, 1, -2), [1, -4, 0, 24, 0, -196, 343], 3.7.ae_a_y 
(-4, 0, -6), [1, -4, 1, 24, 7, -196, 343], 3.7.ae_b_y 
(-3, -1, -8), [1, -4, 2, 10, 14, -196, 343], 3.7.ae_c_k 
(-5, 1, 1), [1, -4, 3, 9, 21, -196, 343], 3.7.ae_d_j 
(-5, 1, 3), [1, -4, 5, -1, 35, -196, 343], 3.7.ae_f_ab 
(-3, -1, -5), [1, -4, 5, 1, 35, -196, 343], 3.7.ae_f_b 
(-5, 1, 4), [1, -4, 6, -6, 42, -196, 343], 3.7.ae_g_ag 
(-3, -1, -4), [1, -4, 6, -2, 42, -196, 343], 3.7.ae_g_ac 
(-5, 1, 5), [1, -4, 7, -11, 49, -196, 343], 3.7.ae_h_al 
(-3, -1, -3), [1, -4, 7, -5, 49, -196, 343], 3.7.ae_h_af 
(-2, -2, -3), [1, -4, 8, -22, 56, -196, 343], 3.7.ae_i_aw 
(-5, 1, 6), [1, -4, 8, -16, 56, -196, 343], 3.7.ae_i_aq 
(-3, -1, -2), [1, -4, 8, -8, 56, -196, 343], 3.7.ae_i_ai 
(-4, 0, 1), [1, -4, 8, -4, 56, -196, 343], 3.7.ae_i_ae 
(-2, -2, -2), [1, -4, 9, -24, 63, -196, 343], 3.7.ae_j_ay 
(-3, -1, -1), [1, -4, 9, -11, 63, -196, 343], 3.7.ae_j_al 
(-4, 0, 2), [1, -4, 9, -8, 63, -196, 343], 3.7.ae_j_ai 
(-4, 0, 3), [1, -4, 10, -12, 70, -196, 343], 3.7.ae_k_am 
(-5, 1, 9), [1, -4, 11, -31, 77, -196, 343], 3.7.ae_l_abf 
(3, -7, 25), [1, -4, 11, -23, 77, -196, 343], 3.7.ae_l_ax 
(-3, -1, 1), [1, -4, 11, -17, 77, -196, 343], 3.7.ae_l_ar 
(-4, 0, 4), [1, -4, 11, -16, 77, -196, 343], 3.7.ae_l_aq 
(-1, -3, 2), [1, -4, 12, -44, 84, -196, 343], 3.7.ae_m_abs 
(-5, 1, 10), [1, -4, 12, -36, 84, -196, 343], 3.7.ae_m_abk 
(-2, -2, 1), [1, -4, 12, -30, 84, -196, 343], 3.7.ae_m_abe 
(2, -6, 18), [1, -4, 13, -48, 91, -196, 343], 3.7.ae_n_abw 
(-1, -3, 3), [1, -4, 13, -45, 91, -196, 343], 3.7.ae_n_abt 
(-5, 1, 11), [1, -4, 13, -41, 91, -196, 343], 3.7.ae_n_abp 
(-2, -2, 2), [1, -4, 13, -32, 91, -196, 343], 3.7.ae_n_abg 
(-4, 0, 6), [1, -4, 13, -24, 91, -196, 343], 3.7.ae_n_ay 
(-3, -1, 3), [1, -4, 13, -23, 91, -196, 343], 3.7.ae_n_ax 
(-2, -2, 3), [1, -4, 14, -34, 98, -196, 343], 3.7.ae_o_abi 
(-3, -1, 4), [1, -4, 14, -26, 98, -196, 343], 3.7.ae_o_aba 
(1, -5, 13), [1, -4, 15, -57, 105, -196, 343], 3.7.ae_p_acf 
(-5, 1, 13), [1, -4, 15, -51, 105, -196, 343], 3.7.ae_p_abz 
(-1, -3, 5), [1, -4, 15, -47, 105, -196, 343], 3.7.ae_p_abv 
(2, -6, 20), [1, -4, 15, -44, 105, -196, 343], 3.7.ae_p_abs 
(-2, -2, 4), [1, -4, 15, -36, 105, -196, 343], 3.7.ae_p_abk 
(-4, 0, 8), [1, -4, 15, -32, 105, -196, 343], 3.7.ae_p_abg 
(-1, -3, 6), [1, -4, 16, -48, 112, -196, 343], 3.7.ae_q_abw 
(-2, -2, 5), [1, -4, 16, -38, 112, -196, 343], 3.7.ae_q_abm 
(-4, 0, 9), [1, -4, 16, -36, 112, -196, 343], 3.7.ae_q_abk 
(-3, -1, 6), [1, -4, 16, -32, 112, -196, 343], 3.7.ae_q_abg 
(1, -5, 15), [1, -4, 17, -55, 119, -196, 343], 3.7.ae_r_acd 
(1, -5, 16), [1, -4, 18, -54, 126, -196, 343], 3.7.ae_s_acc 
(-1, -3, 8), [1, -4, 18, -50, 126, -196, 343], 3.7.ae_s_aby 
(-4, 0, 11), [1, -4, 18, -44, 126, -196, 343], 3.7.ae_s_abs 
(1, -5, 17), [1, -4, 19, -53, 133, -196, 343], 3.7.ae_t_acb 
(-1, -3, 9), [1, -4, 19, -51, 133, -196, 343], 3.7.ae_t_abz 
(-4, 0, 12), [1, -4, 19, -48, 133, -196, 343], 3.7.ae_t_abw 
(-2, -2, 8), [1, -4, 19, -44, 133, -196, 343], 3.7.ae_t_abs 
(-2, -2, 9), [1, -4, 20, -46, 140, -196, 343], 3.7.ae_u_abu 
(-3, -1, 10), [1, -4, 20, -44, 140, -196, 343], 3.7.ae_u_abs 
(-1, -3, 11), [1, -4, 21, -53, 147, -196, 343], 3.7.ae_v_acb 
(1, -5, 19), [1, -4, 21, -51, 147, -196, 343], 3.7.ae_v_abz 
(-2, -2, 10), [1, -4, 21, -48, 147, -196, 343], 3.7.ae_v_abw 
(-1, -3, 12), [1, -4, 22, -54, 154, -196, 343], 3.7.ae_w_acc 
(-3, -1, 13), [1, -4, 23, -53, 161, -196, 343], 3.7.ae_x_acb 
(-2, -2, 12), [1, -4, 23, -52, 161, -196, 343], 3.7.ae_x_aca 
(-5, 2, -2), [1, -3, -5, 38, -35, -147, 343], 3.7.ad_af_bm 
(-3, 0, -10), [1, -3, -3, 30, -21, -147, 343], 3.7.ad_ad_be 
(-5, 2, 2), [1, -3, -1, 18, -7, -147, 343], 3.7.ad_ab_s 
(-3, 0, -8), [1, -3, -1, 24, -7, -147, 343], 3.7.ad_ab_y 
(-2, -1, -8), [1, -3, 1, 2, 7, -147, 343], 3.7.ad_b_c 
(-5, 2, 4), [1, -3, 1, 8, 7, -147, 343], 3.7.ad_b_i 
(-3, 0, -6), [1, -3, 1, 18, 7, -147, 343], 3.7.ad_b_s 
(-4, 1, -2), [1, -3, 1, 22, 7, -147, 343], 3.7.ad_b_w 
(-4, 1, -1), [1, -3, 2, 18, 14, -147, 343], 3.7.ad_c_s 
(-3, 0, -4), [1, -3, 3, 12, 21, -147, 343], 3.7.ad_d_m 
(-2, -1, -5), [1, -3, 4, -4, 28, -147, 343], 3.7.ad_e_ae 
(4, -7, 25), [1, -3, 4, 2, 28, -147, 343], 3.7.ad_e_c 
(-4, 1, 1), [1, -3, 4, 10, 28, -147, 343], 3.7.ad_e_k 
(-5, 2, 8), [1, -3, 5, -12, 35, -147, 343], 3.7.ad_f_am 
(-2, -1, -4), [1, -3, 5, -6, 35, -147, 343], 3.7.ad_f_ag 
(-2, -1, -3), [1, -3, 6, -8, 42, -147, 343], 3.7.ad_g_ai 
(-4, 1, 3), [1, -3, 6, 2, 42, -147, 343], 3.7.ad_g_c 
(3, -6, 18), [1, -3, 7, -30, 49, -147, 343], 3.7.ad_h_abe 
(-1, -2, -2), [1, -3, 7, -26, 49, -147, 343], 3.7.ad_h_aba 
(-5, 2, 10), [1, -3, 7, -22, 49, -147, 343], 3.7.ad_h_aw 
(-2, -1, -2), [1, -3, 7, -10, 49, -147, 343], 3.7.ad_h_ak 
(-4, 1, 4), [1, -3, 7, -2, 49, -147, 343], 3.7.ad_h_ac 
(-2, -1, -1), [1, -3, 8, -12, 56, -147, 343], 3.7.ad_i_am 
(-4, 1, 5), [1, -3, 8, -6, 56, -147, 343], 3.7.ad_i_ag 
(-5, 2, 12), [1, -3, 9, -32, 63, -147, 343], 3.7.ad_j_abg 
(3, -6, 20), [1, -3, 9, -24, 63, -147, 343], 3.7.ad_j_ay 
(-4, 1, 6), [1, -3, 9, -10, 63, -147, 343], 3.7.ad_j_ak 
(2, -5, 13), [1, -3, 10, -44, 70, -147, 343], 3.7.ad_k_abs 
(-2, -1, 1), [1, -3, 10, -16, 70, -147, 343], 3.7.ad_k_aq 
(-1, -2, 2), [1, -3, 11, -30, 77, -147, 343], 3.7.ad_l_abe 
(2, -5, 15), [1, -3, 12, -40, 84, -147, 343], 3.7.ad_m_abo 
(-4, 1, 9), [1, -3, 12, -22, 84, -147, 343], 3.7.ad_m_aw 
(-2, -1, 3), [1, -3, 12, -20, 84, -147, 343], 3.7.ad_m_au 
(2, -5, 16), [1, -3, 13, -38, 91, -147, 343], 3.7.ad_n_abm 
(-1, -2, 4), [1, -3, 13, -32, 91, -147, 343], 3.7.ad_n_abg 
(-4, 1, 10), [1, -3, 13, -26, 91, -147, 343], 3.7.ad_n_aba 
(-2, -1, 4), [1, -3, 13, -22, 91, -147, 343], 3.7.ad_n_aw 
(2, -5, 17), [1, -3, 14, -36, 98, -147, 343], 3.7.ad_o_abk 
(-4, 1, 11), [1, -3, 14, -30, 98, -147, 343], 3.7.ad_o_abe 
(-2, -1, 5), [1, -3, 14, -24, 98, -147, 343], 3.7.ad_o_ay 
(-2, -1, 6), [1, -3, 15, -26, 105, -147, 343], 3.7.ad_p_aba 
(-4, 1, 13), [1, -3, 16, -38, 112, -147, 343], 3.7.ad_q_abm 
(2, -5, 19), [1, -3, 16, -32, 112, -147, 343], 3.7.ad_q_abg 
(-1, -2, 8), [1, -3, 17, -36, 119, -147, 343], 3.7.ad_r_abk 
(1, -4, 16), [1, -3, 19, -40, 133, -147, 343], 3.7.ad_t_abo 
(-1, -2, 10), [1, -3, 19, -38, 133, -147, 343], 3.7.ad_t_abm 
(-3, 0, 12), [1, -3, 19, -36, 133, -147, 343], 3.7.ad_t_abk 
(-5, 3, 2), [1, -2, -6, 32, -42, -98, 343], 3.7.ac_ag_bg 
(-2, 0, -12), [1, -2, -5, 24, -35, -98, 343], 3.7.ac_af_y 
(-5, 3, 3), [1, -2, -5, 27, -35, -98, 343], 3.7.ac_af_bb 
(-3, 1, -8), [1, -2, -4, 38, -28, -98, 343], 3.7.ac_ae_bm 
(-5, 3, 5), [1, -2, -3, 17, -21, -98, 343], 3.7.ac_ad_r 
(-2, 0, -10), [1, -2, -3, 20, -21, -98, 343], 3.7.ac_ad_u 
(5, -7, 25), [1, -2, -3, 27, -21, -98, 343], 3.7.ac_ad_bb 
(-4, 2, -2), [1, -2, -3, 36, -21, -98, 343], 3.7.ac_ad_bk 
(-5, 3, 6), [1, -2, -2, 12, -14, -98, 343], 3.7.ac_ac_m 
(-2, 0, -9), [1, -2, -2, 18, -14, -98, 343], 3.7.ac_ac_s 
(-2, 0, -8), [1, -2, -1, 16, -7, -98, 343], 3.7.ac_ab_q 
(-1, -1, -8), [1, -2, 0, -6, 0, -98, 343], 3.7.ac_a_ag 
(-5, 3, 8), [1, -2, 0, 2, 0, -98, 343], 3.7.ac_a_c 
(-4, 2, 1), [1, -2, 0, 24, 0, -98, 343], 3.7.ac_a_y 
(-3, 1, -4), [1, -2, 0, 26, 0, -98, 343], 3.7.ac_a_ba 
(4, -6, 18), [1, -2, 1, -12, 7, -98, 343], 3.7.ac_b_am 
(-5, 3, 9), [1, -2, 1, -3, 7, -98, 343], 3.7.ac_b_ad 
(-2, 0, -6), [1, -2, 1, 12, 7, -98, 343], 3.7.ac_b_m 
(-4, 2, 2), [1, -2, 1, 20, 7, -98, 343], 3.7.ac_b_u 
(-2, 0, -5), [1, -2, 2, 10, 14, -98, 343], 3.7.ac_c_k 
(-4, 2, 3), [1, -2, 2, 16, 14, -98, 343], 3.7.ac_c_q 
(-3, 1, -2), [1, -2, 2, 20, 14, -98, 343], 3.7.ac_c_u 
(-5, 3, 11), [1, -2, 3, -13, 21, -98, 343], 3.7.ac_d_an 
(-1, -1, -5), [1, -2, 3, -9, 21, -98, 343], 3.7.ac_d_aj 
(4, -6, 20), [1, -2, 3, -4, 21, -98, 343], 3.7.ac_d_ae 
(-2, 0, -4), [1, -2, 3, 8, 21, -98, 343], 3.7.ac_d_i 
(-4, 2, 4), [1, -2, 3, 12, 21, -98, 343], 3.7.ac_d_m 
(-5, 3, 12), [1, -2, 4, -18, 28, -98, 343], 3.7.ac_e_as 
(-1, -1, -4), [1, -2, 4, -10, 28, -98, 343], 3.7.ac_e_ak 
(-2, 0, -3), [1, -2, 4, 6, 28, -98, 343], 3.7.ac_e_g 
(-4, 2, 5), [1, -2, 4, 8, 28, -98, 343], 3.7.ac_e_i 
(-5, 3, 13), [1, -2, 5, -23, 35, -98, 343], 3.7.ac_f_ax 
(-1, -1, -3), [1, -2, 5, -11, 35, -98, 343], 3.7.ac_f_al 
(1, -3, 2), [1, -2, 6, -40, 42, -98, 343], 3.7.ac_g_abo 
(-1, -1, -2), [1, -2, 6, -12, 42, -98, 343], 3.7.ac_g_am 
(-2, 0, -1), [1, -2, 6, 2, 42, -98, 343], 3.7.ac_g_c 
(2, -4, 8), [1, -2, 7, -40, 49, -98, 343], 3.7.ac_h_abo 
(1, -3, 3), [1, -2, 7, -39, 49, -98, 343], 3.7.ac_h_abn 
(-5, 3, 15), [1, -2, 7, -33, 49, -98, 343], 3.7.ac_h_abh 
(3, -5, 15), [1, -2, 7, -25, 49, -98, 343], 3.7.ac_h_az 
(-1, -1, -1), [1, -2, 7, -13, 49, -98, 343], 3.7.ac_h_an 
(-4, 2, 8), [1, -2, 7, -4, 49, -98, 343], 3.7.ac_h_ae 
(3, -5, 16), [1, -2, 8, -22, 56, -98, 343], 3.7.ac_i_aw 
(-4, 2, 9), [1, -2, 8, -8, 56, -98, 343], 3.7.ac_i_ai 
(-2, 0, 1), [1, -2, 8, -2, 56, -98, 343], 3.7.ac_i_ac 
(-3, 1, 4), [1, -2, 8, 2, 56, -98, 343], 3.7.ac_i_c 
(1, -3, 5), [1, -2, 9, -37, 63, -98, 343], 3.7.ac_j_abl 
(2, -4, 10), [1, -2, 9, -36, 63, -98, 343], 3.7.ac_j_abk 
(3, -5, 17), [1, -2, 9, -19, 63, -98, 343], 3.7.ac_j_at 
(-1, -1, 1), [1, -2, 9, -15, 63, -98, 343], 3.7.ac_j_ap 
(-4, 2, 10), [1, -2, 9, -12, 63, -98, 343], 3.7.ac_j_am 
(-2, 0, 2), [1, -2, 9, -4, 63, -98, 343], 3.7.ac_j_ae 
(1, -3, 6), [1, -2, 10, -36, 70, -98, 343], 3.7.ac_k_abk 
(2, -4, 11), [1, -2, 10, -34, 70, -98, 343], 3.7.ac_k_abi 
(-2, 0, 3), [1, -2, 10, -6, 70, -98, 343], 3.7.ac_k_ag 
(-3, 1, 6), [1, -2, 10, -4, 70, -98, 343], 3.7.ac_k_ae 
(2, -4, 12), [1, -2, 11, -32, 77, -98, 343], 3.7.ac_l_abg 
(-4, 2, 12), [1, -2, 11, -20, 77, -98, 343], 3.7.ac_l_au 
(-1, -1, 3), [1, -2, 11, -17, 77, -98, 343], 3.7.ac_l_ar 
(3, -5, 19), [1, -2, 11, -13, 77, -98, 343], 3.7.ac_l_an 
(-2, 0, 4), [1, -2, 11, -8, 77, -98, 343], 3.7.ac_l_ai 
(1, -3, 8), [1, -2, 12, -34, 84, -98, 343], 3.7.ac_m_abi 
(2, -4, 13), [1, -2, 12, -30, 84, -98, 343], 3.7.ac_m_abe 
(-4, 2, 13), [1, -2, 12, -24, 84, -98, 343], 3.7.ac_m_ay 
(-1, -1, 4), [1, -2, 12, -18, 84, -98, 343], 3.7.ac_m_as 
(-1, -1, 5), [1, -2, 13, -19, 91, -98, 343], 3.7.ac_n_at 
(-3, 1, 9), [1, -2, 13, -13, 91, -98, 343], 3.7.ac_n_an 
(-2, 0, 6), [1, -2, 13, -12, 91, -98, 343], 3.7.ac_n_am 
(2, -4, 15), [1, -2, 14, -26, 98, -98, 343], 3.7.ac_o_aba 
(-1, -1, 6), [1, -2, 14, -20, 98, -98, 343], 3.7.ac_o_au 
(-3, 1, 10), [1, -2, 14, -16, 98, -98, 343], 3.7.ac_o_aq 
(2, -4, 16), [1, -2, 15, -24, 105, -98, 343], 3.7.ac_p_ay 
(-3, 1, 11), [1, -2, 15, -19, 105, -98, 343], 3.7.ac_p_at 
(-2, 0, 8), [1, -2, 15, -16, 105, -98, 343], 3.7.ac_p_aq 
(1, -3, 12), [1, -2, 16, -30, 112, -98, 343], 3.7.ac_q_abe 
(-3, 1, 13), [1, -2, 17, -25, 119, -98, 343], 3.7.ac_r_az 
(-1, -1, 9), [1, -2, 17, -23, 119, -98, 343], 3.7.ac_r_ax 
(-1, -1, 10), [1, -2, 18, -24, 126, -98, 343], 3.7.ac_s_ay 
(1, -3, 15), [1, -2, 19, -27, 133, -98, 343], 3.7.ac_t_abb 
(-2, 0, 12), [1, -2, 19, -24, 133, -98, 343], 3.7.ac_t_ay 
(5, -6, 18), [1, -1, -5, 6, -35, -49, 343], 3.7.ab_af_g 
(-1, 0, -12), [1, -1, -5, 12, -35, -49, 343], 3.7.ab_af_m 
(-5, 4, 8), [1, -1, -5, 16, -35, -49, 343], 3.7.ab_af_q 
(-5, 4, 10), [1, -1, -3, 6, -21, -49, 343], 3.7.ab_ad_g 
(-1, 0, -10), [1, -1, -3, 10, -21, -49, 343], 3.7.ab_ad_k 
(5, -6, 20), [1, -1, -3, 16, -21, -49, 343], 3.7.ab_ad_q 
(-2, 1, -8), [1, -1, -3, 30, -21, -49, 343], 3.7.ab_ad_be 
(-4, 3, 2), [1, -1, -3, 34, -21, -49, 343], 3.7.ab_ad_bi 
(-4, 3, 3), [1, -1, -2, 30, -14, -49, 343], 3.7.ab_ac_be 
(-5, 4, 12), [1, -1, -1, -4, -7, -49, 343], 3.7.ab_ab_ae 
(-1, 0, -8), [1, -1, -1, 8, -7, -49, 343], 3.7.ab_ab_i 
(4, -5, 13), [1, -1, 0, -18, 0, -49, 343], 3.7.ab_a_as 
(-4, 3, 5), [1, -1, 0, 22, 0, -49, 343], 3.7.ab_a_w 
(-2, 1, -5), [1, -1, 0, 24, 0, -49, 343], 3.7.ab_a_y 
(-1, 0, -6), [1, -1, 1, 6, 7, -49, 343], 3.7.ab_b_g 
(-4, 3, 6), [1, -1, 1, 18, 7, -49, 343], 3.7.ab_b_s 
(-2, 1, -4), [1, -1, 1, 22, 7, -49, 343], 3.7.ab_b_w 
(4, -5, 15), [1, -1, 2, -10, 14, -49, 343], 3.7.ab_c_ak 
(-2, 1, -3), [1, -1, 2, 20, 14, -49, 343], 3.7.ab_c_u 
(3, -4, 8), [1, -1, 3, -32, 21, -49, 343], 3.7.ab_d_abg 
(1, -2, -2), [1, -1, 3, -30, 21, -49, 343], 3.7.ab_d_abe 
(-5, 4, 16), [1, -1, 3, -24, 21, -49, 343], 3.7.ab_d_ay 
(4, -5, 16), [1, -1, 3, -6, 21, -49, 343], 3.7.ab_d_ag 
(-1, 0, -4), [1, -1, 3, 4, 21, -49, 343], 3.7.ab_d_e 
(-4, 3, 8), [1, -1, 3, 10, 21, -49, 343], 3.7.ab_d_k 
(-2, 1, -2), [1, -1, 3, 18, 21, -49, 343], 3.7.ab_d_s 
(4, -5, 17), [1, -1, 4, -2, 28, -49, 343], 3.7.ab_e_ac 
(-4, 3, 9), [1, -1, 4, 6, 28, -49, 343], 3.7.ab_e_g 
(-2, 1, -1), [1, -1, 4, 16, 28, -49, 343], 3.7.ab_e_q 
(3, -4, 10), [1, -1, 5, -26, 35, -49, 343], 3.7.ab_f_aba 
(-3, 2, 4), [1, -1, 5, 16, 35, -49, 343], 3.7.ab_f_q 
(-4, 3, 11), [1, -1, 6, -2, 42, -49, 343], 3.7.ab_g_ac 
(4, -5, 19), [1, -1, 6, 6, 42, -49, 343], 3.7.ab_g_g 
(-2, 1, 1), [1, -1, 6, 12, 42, -49, 343], 3.7.ab_g_m 
(1, -2, 2), [1, -1, 7, -26, 49, -49, 343], 3.7.ab_h_aba 
(3, -4, 12), [1, -1, 7, -20, 49, -49, 343], 3.7.ab_h_au 
(-4, 3, 12), [1, -1, 7, -6, 49, -49, 343], 3.7.ab_h_ag 
(-4, 3, 13), [1, -1, 8, -10, 56, -49, 343], 3.7.ab_i_ak 
(-2, 1, 3), [1, -1, 8, 8, 56, -49, 343], 3.7.ab_i_i 
(2, -3, 8), [1, -1, 9, -26, 63, -49, 343], 3.7.ab_j_aba 
(1, -2, 4), [1, -1, 9, -24, 63, -49, 343], 3.7.ab_j_ay 
(-1, 0, 2), [1, -1, 9, -2, 63, -49, 343], 3.7.ab_j_ac 
(-3, 2, 8), [1, -1, 9, 4, 63, -49, 343], 3.7.ab_j_e 
(-2, 1, 4), [1, -1, 9, 6, 63, -49, 343], 3.7.ab_j_g 
(2, -3, 9), [1, -1, 10, -24, 70, -49, 343], 3.7.ab_k_ay 
(-4, 3, 15), [1, -1, 10, -18, 70, -49, 343], 3.7.ab_k_as 
(3, -4, 16), [1, -1, 11, -8, 77, -49, 343], 3.7.ab_l_ai 
(-3, 2, 10), [1, -1, 11, -2, 77, -49, 343], 3.7.ab_l_ac 
(2, -3, 11), [1, -1, 12, -20, 84, -49, 343], 3.7.ab_m_au 
(2, -3, 12), [1, -1, 13, -18, 91, -49, 343], 3.7.ab_n_as 
(-3, 2, 12), [1, -1, 13, -8, 91, -49, 343], 3.7.ab_n_ai 
(-1, 0, 6), [1, -1, 13, -6, 91, -49, 343], 3.7.ab_n_ag 
(2, -3, 13), [1, -1, 14, -16, 98, -49, 343], 3.7.ab_o_aq 
(-1, 0, 8), [1, -1, 15, -8, 105, -49, 343], 3.7.ab_p_ai 
(2, -3, 15), [1, -1, 16, -12, 112, -49, 343], 3.7.ab_q_am 
(-2, 1, 13), [1, -1, 18, -12, 126, -49, 343], 3.7.ab_s_am 
(5, -5, 13), [1, 0, -5, -5, -35, 0, 343], 3.7.a_af_af 
(-5, 5, 13), [1, 0, -5, 5, -35, 0, 343], 3.7.a_af_f 
(-5, 5, 15), [1, 0, -3, -5, -21, 0, 343], 3.7.a_ad_af 
(5, -5, 15), [1, 0, -3, 5, -21, 0, 343], 3.7.a_ad_f 
(1, -1, -8), [1, 0, -2, -22, -14, 0, 343], 3.7.a_ac_aw 
(-5, 5, 16), [1, 0, -2, -10, -14, 0, 343], 3.7.a_ac_ak 
(5, -5, 16), [1, 0, -2, 10, -14, 0, 343], 3.7.a_ac_k 
(-1, 1, -8), [1, 0, -2, 22, -14, 0, 343], 3.7.a_ac_w 
(4, -4, 8), [1, 0, -1, -24, -7, 0, 343], 3.7.a_ab_ay 
(-5, 5, 17), [1, 0, -1, -15, -7, 0, 343], 3.7.a_ab_ap 
(5, -5, 17), [1, 0, -1, 15, -7, 0, 343], 3.7.a_ab_p 
(-4, 4, 8), [1, 0, -1, 24, -7, 0, 343], 3.7.a_ab_y 
(3, -3, 2), [1, 0, 0, -36, 0, 0, 343], 3.7.a_a_abk 
(2, -2, -3), [1, 0, 0, -34, 0, 0, 343], 3.7.a_a_abi 
(-2, 2, -3), [1, 0, 0, 34, 0, 0, 343], 3.7.a_a_bi 
(-3, 3, 2), [1, 0, 0, 36, 0, 0, 343], 3.7.a_a_bk 
(3, -3, 3), [1, 0, 1, -33, 7, 0, 343], 3.7.a_b_abh 
(2, -2, -2), [1, 0, 1, -32, 7, 0, 343], 3.7.a_b_abg 
(-5, 5, 19), [1, 0, 1, -25, 7, 0, 343], 3.7.a_b_az 
(1, -1, -5), [1, 0, 1, -19, 7, 0, 343], 3.7.a_b_at 
(4, -4, 10), [1, 0, 1, -16, 7, 0, 343], 3.7.a_b_aq 
(-4, 4, 10), [1, 0, 1, 16, 7, 0, 343], 3.7.a_b_q 
(-1, 1, -5), [1, 0, 1, 19, 7, 0, 343], 3.7.a_b_t 
(5, -5, 19), [1, 0, 1, 25, 7, 0, 343], 3.7.a_b_z 
(-2, 2, -2), [1, 0, 1, 32, 7, 0, 343], 3.7.a_b_bg 
(-3, 3, 3), [1, 0, 1, 33, 7, 0, 343], 3.7.a_b_bh 
(1, -1, -4), [1, 0, 2, -18, 14, 0, 343], 3.7.a_c_as 
(4, -4, 11), [1, 0, 2, -12, 14, 0, 343], 3.7.a_c_am 
(-4, 4, 11), [1, 0, 2, 12, 14, 0, 343], 3.7.a_c_m 
(-1, 1, -4), [1, 0, 2, 18, 14, 0, 343], 3.7.a_c_s 
(3, -3, 5), [1, 0, 3, -27, 21, 0, 343], 3.7.a_d_abb 
(1, -1, -3), [1, 0, 3, -17, 21, 0, 343], 3.7.a_d_ar 
(4, -4, 12), [1, 0, 3, -8, 21, 0, 343], 3.7.a_d_ai 
(-4, 4, 12), [1, 0, 3, 8, 21, 0, 343], 3.7.a_d_i 
(-1, 1, -3), [1, 0, 3, 17, 21, 0, 343], 3.7.a_d_r 
(-3, 3, 5), [1, 0, 3, 27, 21, 0, 343], 3.7.a_d_bb 
(2, -2, 1), [1, 0, 4, -26, 28, 0, 343], 3.7.a_e_aba 
(3, -3, 6), [1, 0, 4, -24, 28, 0, 343], 3.7.a_e_ay 
(1, -1, -2), [1, 0, 4, -16, 28, 0, 343], 3.7.a_e_aq 
(4, -4, 13), [1, 0, 4, -4, 28, 0, 343], 3.7.a_e_ae 
(-4, 4, 13), [1, 0, 4, 4, 28, 0, 343], 3.7.a_e_e 
(-1, 1, -2), [1, 0, 4, 16, 28, 0, 343], 3.7.a_e_q 
(-3, 3, 6), [1, 0, 4, 24, 28, 0, 343], 3.7.a_e_y 
(-2, 2, 1), [1, 0, 4, 26, 28, 0, 343], 3.7.a_e_ba 
(2, -2, 2), [1, 0, 5, -24, 35, 0, 343], 3.7.a_f_ay 
(1, -1, -1), [1, 0, 5, -15, 35, 0, 343], 3.7.a_f_ap 
(-1, 1, -1), [1, 0, 5, 15, 35, 0, 343], 3.7.a_f_p 
(-2, 2, 2), [1, 0, 5, 24, 35, 0, 343], 3.7.a_f_y 
(2, -2, 3), [1, 0, 6, -22, 42, 0, 343], 3.7.a_g_aw 
(3, -3, 8), [1, 0, 6, -18, 42, 0, 343], 3.7.a_g_as 
(-4, 4, 15), [1, 0, 6, -4, 42, 0, 343], 3.7.a_g_ae 
(4, -4, 15), [1, 0, 6, 4, 42, 0, 343], 3.7.a_g_e 
(-3, 3, 8), [1, 0, 6, 18, 42, 0, 343], 3.7.a_g_s 
(-2, 2, 3), [1, 0, 6, 22, 42, 0, 343], 3.7.a_g_w 
(2, -2, 4), [1, 0, 7, -20, 49, 0, 343], 3.7.a_h_au 
(3, -3, 9), [1, 0, 7, -15, 49, 0, 343], 3.7.a_h_ap 
(1, -1, 1), [1, 0, 7, -13, 49, 0, 343], 3.7.a_h_an 
(-4, 4, 16), [1, 0, 7, -8, 49, 0, 343], 3.7.a_h_ai 
(4, -4, 16), [1, 0, 7, 8, 49, 0, 343], 3.7.a_h_i 
(-1, 1, 1), [1, 0, 7, 13, 49, 0, 343], 3.7.a_h_n 
(-3, 3, 9), [1, 0, 7, 15, 49, 0, 343], 3.7.a_h_p 
(-2, 2, 4), [1, 0, 7, 20, 49, 0, 343], 3.7.a_h_u 
(1, -1, 3), [1, 0, 9, -11, 63, 0, 343], 3.7.a_j_al 
(3, -3, 11), [1, 0, 9, -9, 63, 0, 343], 3.7.a_j_aj 
(-3, 3, 11), [1, 0, 9, 9, 63, 0, 343], 3.7.a_j_j 
(-1, 1, 3), [1, 0, 9, 11, 63, 0, 343], 3.7.a_j_l 
(1, -1, 4), [1, 0, 10, -10, 70, 0, 343], 3.7.a_k_ak 
(3, -3, 12), [1, 0, 10, -6, 70, 0, 343], 3.7.a_k_ag 
(-3, 3, 12), [1, 0, 10, 6, 70, 0, 343], 3.7.a_k_g 
(-1, 1, 4), [1, 0, 10, 10, 70, 0, 343], 3.7.a_k_k 
(2, -2, 8), [1, 0, 11, -12, 77, 0, 343], 3.7.a_l_am 
(1, -1, 5), [1, 0, 11, -9, 77, 0, 343], 3.7.a_l_aj 
(3, -3, 13), [1, 0, 11, -3, 77, 0, 343], 3.7.a_l_ad 
(-3, 3, 13), [1, 0, 11, 3, 77, 0, 343], 3.7.a_l_d 
(-1, 1, 5), [1, 0, 11, 9, 77, 0, 343], 3.7.a_l_j 
(-2, 2, 8), [1, 0, 11, 12, 77, 0, 343], 3.7.a_l_m 
(2, -2, 9), [1, 0, 12, -10, 84, 0, 343], 3.7.a_m_ak 
(1, -1, 6), [1, 0, 12, -8, 84, 0, 343], 3.7.a_m_ai 
(-1, 1, 6), [1, 0, 12, 8, 84, 0, 343], 3.7.a_m_i 
(-2, 2, 9), [1, 0, 12, 10, 84, 0, 343], 3.7.a_m_k 
(2, -2, 10), [1, 0, 13, -8, 91, 0, 343], 3.7.a_n_ai 
(-3, 3, 15), [1, 0, 13, -3, 91, 0, 343], 3.7.a_n_ad 
(3, -3, 15), [1, 0, 13, 3, 91, 0, 343], 3.7.a_n_d 
(-2, 2, 10), [1, 0, 13, 8, 91, 0, 343], 3.7.a_n_i 
(2, -2, 12), [1, 0, 15, -4, 105, 0, 343], 3.7.a_p_ae 
(-2, 2, 12), [1, 0, 15, 4, 105, 0, 343], 3.7.a_p_e 
(1, -1, 10), [1, 0, 16, -4, 112, 0, 343], 3.7.a_q_ae 
(2, -2, 13), [1, 0, 16, -2, 112, 0, 343], 3.7.a_q_ac 
(-2, 2, 13), [1, 0, 16, 2, 112, 0, 343], 3.7.a_q_c 
(-1, 1, 10), [1, 0, 16, 4, 112, 0, 343], 3.7.a_q_e 
(5, -4, 8), [1, 1, -5, -16, -35, 49, 343], 3.7.b_af_aq 
(1, 0, -12), [1, 1, -5, -12, -35, 49, 343], 3.7.b_af_am 
(-5, 6, 18), [1, 1, -5, -6, -35, 49, 343], 3.7.b_af_ag 
(4, -3, 2), [1, 1, -3, -34, -21, 49, 343], 3.7.b_ad_abi 
(2, -1, -8), [1, 1, -3, -30, -21, 49, 343], 3.7.b_ad_abe 
(-5, 6, 20), [1, 1, -3, -16, -21, 49, 343], 3.7.b_ad_aq 
(1, 0, -10), [1, 1, -3, -10, -21, 49, 343], 3.7.b_ad_ak 
(5, -4, 10), [1, 1, -3, -6, -21, 49, 343], 3.7.b_ad_ag 
(4, -3, 3), [1, 1, -2, -30, -14, 49, 343], 3.7.b_ac_abe 
(1, 0, -8), [1, 1, -1, -8, -7, 49, 343], 3.7.b_ab_ai 
(5, -4, 12), [1, 1, -1, 4, -7, 49, 343], 3.7.b_ab_e 
(2, -1, -5), [1, 1, 0, -24, 0, 49, 343], 3.7.b_a_ay 
(4, -3, 5), [1, 1, 0, -22, 0, 49, 343], 3.7.b_a_aw 
(-4, 5, 13), [1, 1, 0, 18, 0, 49, 343], 3.7.b_a_s 
(2, -1, -4), [1, 1, 1, -22, 7, 49, 343], 3.7.b_b_aw 
(4, -3, 6), [1, 1, 1, -18, 7, 49, 343], 3.7.b_b_as 
(1, 0, -6), [1, 1, 1, -6, 7, 49, 343], 3.7.b_b_ag 
(2, -1, -3), [1, 1, 2, -20, 14, 49, 343], 3.7.b_c_au 
(-4, 5, 15), [1, 1, 2, 10, 14, 49, 343], 3.7.b_c_k 
(2, -1, -2), [1, 1, 3, -18, 21, 49, 343], 3.7.b_d_as 
(4, -3, 8), [1, 1, 3, -10, 21, 49, 343], 3.7.b_d_ak 
(1, 0, -4), [1, 1, 3, -4, 21, 49, 343], 3.7.b_d_ae 
(-4, 5, 16), [1, 1, 3, 6, 21, 49, 343], 3.7.b_d_g 
(5, -4, 16), [1, 1, 3, 24, 21, 49, 343], 3.7.b_d_y 
(-1, 2, -2), [1, 1, 3, 30, 21, 49, 343], 3.7.b_d_be 
(-3, 4, 8), [1, 1, 3, 32, 21, 49, 343], 3.7.b_d_bg 
(2, -1, -1), [1, 1, 4, -16, 28, 49, 343], 3.7.b_e_aq 
(4, -3, 9), [1, 1, 4, -6, 28, 49, 343], 3.7.b_e_ag 
(-4, 5, 17), [1, 1, 4, 2, 28, 49, 343], 3.7.b_e_c 
(3, -2, 4), [1, 1, 5, -16, 35, 49, 343], 3.7.b_f_aq 
(-3, 4, 10), [1, 1, 5, 26, 35, 49, 343], 3.7.b_f_ba 
(2, -1, 1), [1, 1, 6, -12, 42, 49, 343], 3.7.b_g_am 
(-4, 5, 19), [1, 1, 6, -6, 42, 49, 343], 3.7.b_g_ag 
(4, -3, 11), [1, 1, 6, 2, 42, 49, 343], 3.7.b_g_c 
(4, -3, 12), [1, 1, 7, 6, 49, 49, 343], 3.7.b_h_g 
(-3, 4, 12), [1, 1, 7, 20, 49, 49, 343], 3.7.b_h_u 
(-1, 2, 2), [1, 1, 7, 26, 49, 49, 343], 3.7.b_h_ba 
(2, -1, 3), [1, 1, 8, -8, 56, 49, 343], 3.7.b_i_ai 
(4, -3, 13), [1, 1, 8, 10, 56, 49, 343], 3.7.b_i_k 
(2, -1, 4), [1, 1, 9, -6, 63, 49, 343], 3.7.b_j_ag 
(3, -2, 8), [1, 1, 9, -4, 63, 49, 343], 3.7.b_j_ae 
(1, 0, 2), [1, 1, 9, 2, 63, 49, 343], 3.7.b_j_c 
(-1, 2, 4), [1, 1, 9, 24, 63, 49, 343], 3.7.b_j_y 
(-2, 3, 8), [1, 1, 9, 26, 63, 49, 343], 3.7.b_j_ba 
(4, -3, 15), [1, 1, 10, 18, 70, 49, 343], 3.7.b_k_s 
(-2, 3, 9), [1, 1, 10, 24, 70, 49, 343], 3.7.b_k_y 
(3, -2, 10), [1, 1, 11, 2, 77, 49, 343], 3.7.b_l_c 
(-3, 4, 16), [1, 1, 11, 8, 77, 49, 343], 3.7.b_l_i 
(-2, 3, 11), [1, 1, 12, 20, 84, 49, 343], 3.7.b_m_u 
(1, 0, 6), [1, 1, 13, 6, 91, 49, 343], 3.7.b_n_g 
(3, -2, 12), [1, 1, 13, 8, 91, 49, 343], 3.7.b_n_i 
(-2, 3, 12), [1, 1, 13, 18, 91, 49, 343], 3.7.b_n_s 
(-2, 3, 13), [1, 1, 14, 16, 98, 49, 343], 3.7.b_o_q 
(1, 0, 8), [1, 1, 15, 8, 105, 49, 343], 3.7.b_p_i 
(-2, 3, 15), [1, 1, 16, 12, 112, 49, 343], 3.7.b_q_m 
(2, -1, 13), [1, 1, 18, 12, 126, 49, 343], 3.7.b_s_m 
(5, -3, 2), [1, 2, -6, -32, -42, 98, 343], 3.7.c_ag_abg 
(5, -3, 3), [1, 2, -5, -27, -35, 98, 343], 3.7.c_af_abb 
(2, 0, -12), [1, 2, -5, -24, -35, 98, 343], 3.7.c_af_ay 
(3, -1, -8), [1, 2, -4, -38, -28, 98, 343], 3.7.c_ae_abm 
(4, -2, -2), [1, 2, -3, -36, -21, 98, 343], 3.7.c_ad_abk 
(-5, 7, 25), [1, 2, -3, -27, -21, 98, 343], 3.7.c_ad_abb 
(2, 0, -10), [1, 2, -3, -20, -21, 98, 343], 3.7.c_ad_au 
(5, -3, 5), [1, 2, -3, -17, -21, 98, 343], 3.7.c_ad_ar 
(2, 0, -9), [1, 2, -2, -18, -14, 98, 343], 3.7.c_ac_as 
(5, -3, 6), [1, 2, -2, -12, -14, 98, 343], 3.7.c_ac_am 
(2, 0, -8), [1, 2, -1, -16, -7, 98, 343], 3.7.c_ab_aq 
(3, -1, -4), [1, 2, 0, -26, 0, 98, 343], 3.7.c_a_aba 
(4, -2, 1), [1, 2, 0, -24, 0, 98, 343], 3.7.c_a_ay 
(5, -3, 8), [1, 2, 0, -2, 0, 98, 343], 3.7.c_a_ac 
(1, 1, -8), [1, 2, 0, 6, 0, 98, 343], 3.7.c_a_g 
(4, -2, 2), [1, 2, 1, -20, 7, 98, 343], 3.7.c_b_au 
(2, 0, -6), [1, 2, 1, -12, 7, 98, 343], 3.7.c_b_am 
(5, -3, 9), [1, 2, 1, 3, 7, 98, 343], 3.7.c_b_d 
(-4, 6, 18), [1, 2, 1, 12, 7, 98, 343], 3.7.c_b_m 
(3, -1, -2), [1, 2, 2, -20, 14, 98, 343], 3.7.c_c_au 
(4, -2, 3), [1, 2, 2, -16, 14, 98, 343], 3.7.c_c_aq 
(2, 0, -5), [1, 2, 2, -10, 14, 98, 343], 3.7.c_c_ak 
(4, -2, 4), [1, 2, 3, -12, 21, 98, 343], 3.7.c_d_am 
(2, 0, -4), [1, 2, 3, -8, 21, 98, 343], 3.7.c_d_ai 
(-4, 6, 20), [1, 2, 3, 4, 21, 98, 343], 3.7.c_d_e 
(1, 1, -5), [1, 2, 3, 9, 21, 98, 343], 3.7.c_d_j 
(5, -3, 11), [1, 2, 3, 13, 21, 98, 343], 3.7.c_d_n 
(4, -2, 5), [1, 2, 4, -8, 28, 98, 343], 3.7.c_e_ai 
(2, 0, -3), [1, 2, 4, -6, 28, 98, 343], 3.7.c_e_ag 
(1, 1, -4), [1, 2, 4, 10, 28, 98, 343], 3.7.c_e_k 
(5, -3, 12), [1, 2, 4, 18, 28, 98, 343], 3.7.c_e_s 
(1, 1, -3), [1, 2, 5, 11, 35, 98, 343], 3.7.c_f_l 
(5, -3, 13), [1, 2, 5, 23, 35, 98, 343], 3.7.c_f_x 
(2, 0, -1), [1, 2, 6, -2, 42, 98, 343], 3.7.c_g_ac 
(1, 1, -2), [1, 2, 6, 12, 42, 98, 343], 3.7.c_g_m 
(-1, 3, 2), [1, 2, 6, 40, 42, 98, 343], 3.7.c_g_bo 
(4, -2, 8), [1, 2, 7, 4, 49, 98, 343], 3.7.c_h_e 
(1, 1, -1), [1, 2, 7, 13, 49, 98, 343], 3.7.c_h_n 
(-3, 5, 15), [1, 2, 7, 25, 49, 98, 343], 3.7.c_h_z 
(5, -3, 15), [1, 2, 7, 33, 49, 98, 343], 3.7.c_h_bh 
(-1, 3, 3), [1, 2, 7, 39, 49, 98, 343], 3.7.c_h_bn 
(-2, 4, 8), [1, 2, 7, 40, 49, 98, 343], 3.7.c_h_bo 
(3, -1, 4), [1, 2, 8, -2, 56, 98, 343], 3.7.c_i_ac 
(2, 0, 1), [1, 2, 8, 2, 56, 98, 343], 3.7.c_i_c 
(4, -2, 9), [1, 2, 8, 8, 56, 98, 343], 3.7.c_i_i 
(-3, 5, 16), [1, 2, 8, 22, 56, 98, 343], 3.7.c_i_w 
(2, 0, 2), [1, 2, 9, 4, 63, 98, 343], 3.7.c_j_e 
(4, -2, 10), [1, 2, 9, 12, 63, 98, 343], 3.7.c_j_m 
(1, 1, 1), [1, 2, 9, 15, 63, 98, 343], 3.7.c_j_p 
(-3, 5, 17), [1, 2, 9, 19, 63, 98, 343], 3.7.c_j_t 
(-2, 4, 10), [1, 2, 9, 36, 63, 98, 343], 3.7.c_j_bk 
(-1, 3, 5), [1, 2, 9, 37, 63, 98, 343], 3.7.c_j_bl 
(3, -1, 6), [1, 2, 10, 4, 70, 98, 343], 3.7.c_k_e 
(2, 0, 3), [1, 2, 10, 6, 70, 98, 343], 3.7.c_k_g 
(-2, 4, 11), [1, 2, 10, 34, 70, 98, 343], 3.7.c_k_bi 
(-1, 3, 6), [1, 2, 10, 36, 70, 98, 343], 3.7.c_k_bk 
(2, 0, 4), [1, 2, 11, 8, 77, 98, 343], 3.7.c_l_i 
(-3, 5, 19), [1, 2, 11, 13, 77, 98, 343], 3.7.c_l_n 
(1, 1, 3), [1, 2, 11, 17, 77, 98, 343], 3.7.c_l_r 
(4, -2, 12), [1, 2, 11, 20, 77, 98, 343], 3.7.c_l_u 
(-2, 4, 12), [1, 2, 11, 32, 77, 98, 343], 3.7.c_l_bg 
(1, 1, 4), [1, 2, 12, 18, 84, 98, 343], 3.7.c_m_s 
(4, -2, 13), [1, 2, 12, 24, 84, 98, 343], 3.7.c_m_y 
(-2, 4, 13), [1, 2, 12, 30, 84, 98, 343], 3.7.c_m_be 
(-1, 3, 8), [1, 2, 12, 34, 84, 98, 343], 3.7.c_m_bi 
(2, 0, 6), [1, 2, 13, 12, 91, 98, 343], 3.7.c_n_m 
(3, -1, 9), [1, 2, 13, 13, 91, 98, 343], 3.7.c_n_n 
(1, 1, 5), [1, 2, 13, 19, 91, 98, 343], 3.7.c_n_t 
(3, -1, 10), [1, 2, 14, 16, 98, 98, 343], 3.7.c_o_q 
(1, 1, 6), [1, 2, 14, 20, 98, 98, 343], 3.7.c_o_u 
(-2, 4, 15), [1, 2, 14, 26, 98, 98, 343], 3.7.c_o_ba 
(2, 0, 8), [1, 2, 15, 16, 105, 98, 343], 3.7.c_p_q 
(3, -1, 11), [1, 2, 15, 19, 105, 98, 343], 3.7.c_p_t 
(-2, 4, 16), [1, 2, 15, 24, 105, 98, 343], 3.7.c_p_y 
(-1, 3, 12), [1, 2, 16, 30, 112, 98, 343], 3.7.c_q_be 
(1, 1, 9), [1, 2, 17, 23, 119, 98, 343], 3.7.c_r_x 
(3, -1, 13), [1, 2, 17, 25, 119, 98, 343], 3.7.c_r_z 
(1, 1, 10), [1, 2, 18, 24, 126, 98, 343], 3.7.c_s_y 
(2, 0, 12), [1, 2, 19, 24, 133, 98, 343], 3.7.c_t_y 
(-1, 3, 15), [1, 2, 19, 27, 133, 98, 343], 3.7.c_t_bb 
(5, -2, -2), [1, 3, -5, -38, -35, 147, 343], 3.7.d_af_abm 
(3, 0, -10), [1, 3, -3, -30, -21, 147, 343], 3.7.d_ad_abe 
(3, 0, -8), [1, 3, -1, -24, -7, 147, 343], 3.7.d_ab_ay 
(5, -2, 2), [1, 3, -1, -18, -7, 147, 343], 3.7.d_ab_as 
(4, -1, -2), [1, 3, 1, -22, 7, 147, 343], 3.7.d_b_aw 
(3, 0, -6), [1, 3, 1, -18, 7, 147, 343], 3.7.d_b_as 
(5, -2, 4), [1, 3, 1, -8, 7, 147, 343], 3.7.d_b_ai 
(2, 1, -8), [1, 3, 1, -2, 7, 147, 343], 3.7.d_b_ac 
(4, -1, -1), [1, 3, 2, -18, 14, 147, 343], 3.7.d_c_as 
(3, 0, -4), [1, 3, 3, -12, 21, 147, 343], 3.7.d_d_am 
(4, -1, 1), [1, 3, 4, -10, 28, 147, 343], 3.7.d_e_ak 
(-4, 7, 25), [1, 3, 4, -2, 28, 147, 343], 3.7.d_e_ac 
(2, 1, -5), [1, 3, 4, 4, 28, 147, 343], 3.7.d_e_e 
(2, 1, -4), [1, 3, 5, 6, 35, 147, 343], 3.7.d_f_g 
(5, -2, 8), [1, 3, 5, 12, 35, 147, 343], 3.7.d_f_m 
(4, -1, 3), [1, 3, 6, -2, 42, 147, 343], 3.7.d_g_ac 
(2, 1, -3), [1, 3, 6, 8, 42, 147, 343], 3.7.d_g_i 
(4, -1, 4), [1, 3, 7, 2, 49, 147, 343], 3.7.d_h_c 
(2, 1, -2), [1, 3, 7, 10, 49, 147, 343], 3.7.d_h_k 
(5, -2, 10), [1, 3, 7, 22, 49, 147, 343], 3.7.d_h_w 
(1, 2, -2), [1, 3, 7, 26, 49, 147, 343], 3.7.d_h_ba 
(-3, 6, 18), [1, 3, 7, 30, 49, 147, 343], 3.7.d_h_be 
(4, -1, 5), [1, 3, 8, 6, 56, 147, 343], 3.7.d_i_g 
(2, 1, -1), [1, 3, 8, 12, 56, 147, 343], 3.7.d_i_m 
(4, -1, 6), [1, 3, 9, 10, 63, 147, 343], 3.7.d_j_k 
(-3, 6, 20), [1, 3, 9, 24, 63, 147, 343], 3.7.d_j_y 
(5, -2, 12), [1, 3, 9, 32, 63, 147, 343], 3.7.d_j_bg 
(2, 1, 1), [1, 3, 10, 16, 70, 147, 343], 3.7.d_k_q 
(-2, 5, 13), [1, 3, 10, 44, 70, 147, 343], 3.7.d_k_bs 
(1, 2, 2), [1, 3, 11, 30, 77, 147, 343], 3.7.d_l_be 
(2, 1, 3), [1, 3, 12, 20, 84, 147, 343], 3.7.d_m_u 
(4, -1, 9), [1, 3, 12, 22, 84, 147, 343], 3.7.d_m_w 
(-2, 5, 15), [1, 3, 12, 40, 84, 147, 343], 3.7.d_m_bo 
(2, 1, 4), [1, 3, 13, 22, 91, 147, 343], 3.7.d_n_w 
(4, -1, 10), [1, 3, 13, 26, 91, 147, 343], 3.7.d_n_ba 
(1, 2, 4), [1, 3, 13, 32, 91, 147, 343], 3.7.d_n_bg 
(-2, 5, 16), [1, 3, 13, 38, 91, 147, 343], 3.7.d_n_bm 
(2, 1, 5), [1, 3, 14, 24, 98, 147, 343], 3.7.d_o_y 
(4, -1, 11), [1, 3, 14, 30, 98, 147, 343], 3.7.d_o_be 
(-2, 5, 17), [1, 3, 14, 36, 98, 147, 343], 3.7.d_o_bk 
(2, 1, 6), [1, 3, 15, 26, 105, 147, 343], 3.7.d_p_ba 
(-2, 5, 19), [1, 3, 16, 32, 112, 147, 343], 3.7.d_q_bg 
(4, -1, 13), [1, 3, 16, 38, 112, 147, 343], 3.7.d_q_bm 
(1, 2, 8), [1, 3, 17, 36, 119, 147, 343], 3.7.d_r_bk 
(3, 0, 12), [1, 3, 19, 36, 133, 147, 343], 3.7.d_t_bk 
(1, 2, 10), [1, 3, 19, 38, 133, 147, 343], 3.7.d_t_bm 
(-1, 4, 16), [1, 3, 19, 40, 133, 147, 343], 3.7.d_t_bo 
(4, 0, -12), [1, 4, -5, -48, -35, 196, 343], 3.7.e_af_abw 
(4, 0, -10), [1, 4, -3, -40, -21, 196, 343], 3.7.e_ad_abo 
(5, -1, -4), [1, 4, -2, -34, -14, 196, 343], 3.7.e_ac_abi 
(4, 0, -8), [1, 4, -1, -32, -7, 196, 343], 3.7.e_ab_abg 
(5, -1, -3), [1, 4, -1, -29, -7, 196, 343], 3.7.e_ab_abd 
(5, -1, -2), [1, 4, 0, -24, 0, 196, 343], 3.7.e_a_ay 
(4, 0, -6), [1, 4, 1, -24, 7, 196, 343], 3.7.e_b_ay 
(3, 1, -8), [1, 4, 2, -10, 14, 196, 343], 3.7.e_c_ak 
(5, -1, 1), [1, 4, 3, -9, 21, 196, 343], 3.7.e_d_aj 
(3, 1, -5), [1, 4, 5, -1, 35, 196, 343], 3.7.e_f_ab 
(5, -1, 3), [1, 4, 5, 1, 35, 196, 343], 3.7.e_f_b 
(3, 1, -4), [1, 4, 6, 2, 42, 196, 343], 3.7.e_g_c 
(5, -1, 4), [1, 4, 6, 6, 42, 196, 343], 3.7.e_g_g 
(3, 1, -3), [1, 4, 7, 5, 49, 196, 343], 3.7.e_h_f 
(5, -1, 5), [1, 4, 7, 11, 49, 196, 343], 3.7.e_h_l 
(4, 0, 1), [1, 4, 8, 4, 56, 196, 343], 3.7.e_i_e 
(3, 1, -2), [1, 4, 8, 8, 56, 196, 343], 3.7.e_i_i 
(5, -1, 6), [1, 4, 8, 16, 56, 196, 343], 3.7.e_i_q 
(2, 2, -3), [1, 4, 8, 22, 56, 196, 343], 3.7.e_i_w 
(4, 0, 2), [1, 4, 9, 8, 63, 196, 343], 3.7.e_j_i 
(3, 1, -1), [1, 4, 9, 11, 63, 196, 343], 3.7.e_j_l 
(2, 2, -2), [1, 4, 9, 24, 63, 196, 343], 3.7.e_j_y 
(4, 0, 3), [1, 4, 10, 12, 70, 196, 343], 3.7.e_k_m 
(4, 0, 4), [1, 4, 11, 16, 77, 196, 343], 3.7.e_l_q 
(3, 1, 1), [1, 4, 11, 17, 77, 196, 343], 3.7.e_l_r 
(-3, 7, 25), [1, 4, 11, 23, 77, 196, 343], 3.7.e_l_x 
(5, -1, 9), [1, 4, 11, 31, 77, 196, 343], 3.7.e_l_bf 
(2, 2, 1), [1, 4, 12, 30, 84, 196, 343], 3.7.e_m_be 
(5, -1, 10), [1, 4, 12, 36, 84, 196, 343], 3.7.e_m_bk 
(1, 3, 2), [1, 4, 12, 44, 84, 196, 343], 3.7.e_m_bs 
(3, 1, 3), [1, 4, 13, 23, 91, 196, 343], 3.7.e_n_x 
(4, 0, 6), [1, 4, 13, 24, 91, 196, 343], 3.7.e_n_y 
(2, 2, 2), [1, 4, 13, 32, 91, 196, 343], 3.7.e_n_bg 
(5, -1, 11), [1, 4, 13, 41, 91, 196, 343], 3.7.e_n_bp 
(1, 3, 3), [1, 4, 13, 45, 91, 196, 343], 3.7.e_n_bt 
(-2, 6, 18), [1, 4, 13, 48, 91, 196, 343], 3.7.e_n_bw 
(3, 1, 4), [1, 4, 14, 26, 98, 196, 343], 3.7.e_o_ba 
(2, 2, 3), [1, 4, 14, 34, 98, 196, 343], 3.7.e_o_bi 
(4, 0, 8), [1, 4, 15, 32, 105, 196, 343], 3.7.e_p_bg 
(2, 2, 4), [1, 4, 15, 36, 105, 196, 343], 3.7.e_p_bk 
(-2, 6, 20), [1, 4, 15, 44, 105, 196, 343], 3.7.e_p_bs 
(1, 3, 5), [1, 4, 15, 47, 105, 196, 343], 3.7.e_p_bv 
(5, -1, 13), [1, 4, 15, 51, 105, 196, 343], 3.7.e_p_bz 
(-1, 5, 13), [1, 4, 15, 57, 105, 196, 343], 3.7.e_p_cf 
(3, 1, 6), [1, 4, 16, 32, 112, 196, 343], 3.7.e_q_bg 
(4, 0, 9), [1, 4, 16, 36, 112, 196, 343], 3.7.e_q_bk 
(2, 2, 5), [1, 4, 16, 38, 112, 196, 343], 3.7.e_q_bm 
(1, 3, 6), [1, 4, 16, 48, 112, 196, 343], 3.7.e_q_bw 
(-1, 5, 15), [1, 4, 17, 55, 119, 196, 343], 3.7.e_r_cd 
(4, 0, 11), [1, 4, 18, 44, 126, 196, 343], 3.7.e_s_bs 
(1, 3, 8), [1, 4, 18, 50, 126, 196, 343], 3.7.e_s_by 
(-1, 5, 16), [1, 4, 18, 54, 126, 196, 343], 3.7.e_s_cc 
(2, 2, 8), [1, 4, 19, 44, 133, 196, 343], 3.7.e_t_bs 
(4, 0, 12), [1, 4, 19, 48, 133, 196, 343], 3.7.e_t_bw 
(1, 3, 9), [1, 4, 19, 51, 133, 196, 343], 3.7.e_t_bz 
(-1, 5, 17), [1, 4, 19, 53, 133, 196, 343], 3.7.e_t_cb 
(3, 1, 10), [1, 4, 20, 44, 140, 196, 343], 3.7.e_u_bs 
(2, 2, 9), [1, 4, 20, 46, 140, 196, 343], 3.7.e_u_bu 
(2, 2, 10), [1, 4, 21, 48, 147, 196, 343], 3.7.e_v_bw 
(-1, 5, 19), [1, 4, 21, 51, 147, 196, 343], 3.7.e_v_bz 
(1, 3, 11), [1, 4, 21, 53, 147, 196, 343], 3.7.e_v_cb 
(1, 3, 12), [1, 4, 22, 54, 154, 196, 343], 3.7.e_w_cc 
(2, 2, 12), [1, 4, 23, 52, 161, 196, 343], 3.7.e_x_ca 
(3, 1, 13), [1, 4, 23, 53, 161, 196, 343], 3.7.e_x_cb 
(5, 0, -6), [1, 5, 1, -30, 7, 245, 343], 3.7.f_b_abe 
(5, 0, -4), [1, 5, 3, -20, 21, 245, 343], 3.7.f_d_au 
(4, 1, -8), [1, 5, 3, -18, 21, 245, 343], 3.7.f_d_as 
(4, 1, -4), [1, 5, 7, -2, 49, 245, 343], 3.7.f_h_ac 
(4, 1, -3), [1, 5, 8, 2, 56, 245, 343], 3.7.f_i_c 
(4, 1, -2), [1, 5, 9, 6, 63, 245, 343], 3.7.f_j_g 
(5, 0, 2), [1, 5, 9, 10, 63, 245, 343], 3.7.f_j_k 
(5, 0, 4), [1, 5, 11, 20, 77, 245, 343], 3.7.f_l_u 
(3, 2, -2), [1, 5, 11, 22, 77, 245, 343], 3.7.f_l_w 
(5, 0, 6), [1, 5, 13, 30, 91, 245, 343], 3.7.f_n_be 
(3, 2, 2), [1, 5, 15, 34, 105, 245, 343], 3.7.f_p_bi 
(5, 0, 8), [1, 5, 15, 40, 105, 245, 343], 3.7.f_p_bo 
(2, 3, 2), [1, 5, 15, 46, 105, 245, 343], 3.7.f_p_bu 
(2, 3, 3), [1, 5, 16, 48, 112, 245, 343], 3.7.f_q_bw 
(4, 1, 6), [1, 5, 17, 38, 119, 245, 343], 3.7.f_r_bm 
(3, 2, 4), [1, 5, 17, 40, 119, 245, 343], 3.7.f_r_bo 
(-2, 7, 25), [1, 5, 18, 48, 126, 245, 343], 3.7.f_s_bw 
(2, 3, 5), [1, 5, 18, 52, 126, 245, 343], 3.7.f_s_ca 
(2, 3, 6), [1, 5, 19, 54, 133, 245, 343], 3.7.f_t_cc 
(5, 0, 12), [1, 5, 19, 60, 133, 245, 343], 3.7.f_t_ci 
(1, 4, 8), [1, 5, 19, 64, 133, 245, 343], 3.7.f_t_cm 
(-1, 6, 18), [1, 5, 19, 66, 133, 245, 343], 3.7.f_t_co 
(4, 1, 9), [1, 5, 20, 50, 140, 245, 343], 3.7.f_u_by 
(4, 1, 10), [1, 5, 21, 54, 147, 245, 343], 3.7.f_v_cc 
(2, 3, 8), [1, 5, 21, 58, 147, 245, 343], 3.7.f_v_cg 
(-1, 6, 20), [1, 5, 21, 64, 147, 245, 343], 3.7.f_v_cm 
(1, 4, 10), [1, 5, 21, 66, 147, 245, 343], 3.7.f_v_co 
(4, 1, 11), [1, 5, 22, 58, 154, 245, 343], 3.7.f_w_cg 
(2, 3, 9), [1, 5, 22, 60, 154, 245, 343], 3.7.f_w_ci 
(1, 4, 12), [1, 5, 23, 68, 161, 245, 343], 3.7.f_x_cq 
(2, 3, 11), [1, 5, 24, 64, 168, 245, 343], 3.7.f_y_cm 
(4, 1, 13), [1, 5, 24, 66, 168, 245, 343], 3.7.f_y_co 
(2, 3, 12), [1, 5, 25, 66, 175, 245, 343], 3.7.f_z_co 
(5, 1, -2), [1, 6, 10, 4, 70, 294, 343], 3.7.g_k_e 
(4, 2, -3), [1, 6, 12, 16, 84, 294, 343], 3.7.g_m_q 
(4, 2, -2), [1, 6, 13, 20, 91, 294, 343], 3.7.g_n_u 
(5, 1, 3), [1, 6, 15, 29, 105, 294, 343], 3.7.g_p_bd 
(4, 2, 1), [1, 6, 16, 32, 112, 294, 343], 3.7.g_q_bg 
(5, 1, 4), [1, 6, 16, 34, 112, 294, 343], 3.7.g_q_bi 
(4, 2, 2), [1, 6, 17, 36, 119, 294, 343], 3.7.g_r_bk 
(5, 1, 5), [1, 6, 17, 39, 119, 294, 343], 3.7.g_r_bn 
(4, 2, 3), [1, 6, 18, 40, 126, 294, 343], 3.7.g_s_bo 
(5, 1, 6), [1, 6, 18, 44, 126, 294, 343], 3.7.g_s_bs 
(3, 3, 2), [1, 6, 18, 48, 126, 294, 343], 3.7.g_s_bw 
(4, 2, 4), [1, 6, 19, 44, 133, 294, 343], 3.7.g_t_bs 
(3, 3, 3), [1, 6, 19, 51, 133, 294, 343], 3.7.g_t_bz 
(3, 3, 5), [1, 6, 21, 57, 147, 294, 343], 3.7.g_v_cf 
(5, 1, 9), [1, 6, 21, 59, 147, 294, 343], 3.7.g_v_ch 
(3, 3, 6), [1, 6, 22, 60, 154, 294, 343], 3.7.g_w_ci 
(5, 1, 10), [1, 6, 22, 64, 154, 294, 343], 3.7.g_w_cm 
(4, 2, 8), [1, 6, 23, 60, 161, 294, 343], 3.7.g_x_ci 
(5, 1, 11), [1, 6, 23, 69, 161, 294, 343], 3.7.g_x_cr 
(2, 4, 8), [1, 6, 23, 72, 161, 294, 343], 3.7.g_x_cu 
(4, 2, 9), [1, 6, 24, 64, 168, 294, 343], 3.7.g_y_cm 
(3, 3, 8), [1, 6, 24, 66, 168, 294, 343], 3.7.g_y_co 
(4, 2, 10), [1, 6, 25, 68, 175, 294, 343], 3.7.g_z_cq 
(3, 3, 9), [1, 6, 25, 69, 175, 294, 343], 3.7.g_z_cr 
(-1, 7, 25), [1, 6, 25, 73, 175, 294, 343], 3.7.g_z_cv 
(2, 4, 10), [1, 6, 25, 76, 175, 294, 343], 3.7.g_z_cy 
(5, 1, 13), [1, 6, 25, 79, 175, 294, 343], 3.7.g_z_db 
(1, 5, 13), [1, 6, 25, 83, 175, 294, 343], 3.7.g_z_df 
(2, 4, 11), [1, 6, 26, 78, 182, 294, 343], 3.7.g_ba_da 
(4, 2, 12), [1, 6, 27, 76, 189, 294, 343], 3.7.g_bb_cy 
(2, 4, 12), [1, 6, 27, 80, 189, 294, 343], 3.7.g_bb_dc 
(3, 3, 12), [1, 6, 28, 78, 196, 294, 343], 3.7.g_bc_da 
(4, 2, 13), [1, 6, 28, 80, 196, 294, 343], 3.7.g_bc_dc 
(2, 4, 13), [1, 6, 28, 82, 196, 294, 343], 3.7.g_bc_de 
(1, 5, 16), [1, 6, 28, 86, 196, 294, 343], 3.7.g_bc_di 
(2, 4, 16), [1, 6, 31, 88, 217, 294, 343], 3.7.g_bf_dk 
(5, 2, 4), [1, 7, 21, 48, 147, 343, 343], 3.7.h_v_bw 
(4, 3, 5), [1, 7, 24, 62, 168, 343, 343], 3.7.h_y_ck 
(4, 3, 6), [1, 7, 25, 66, 175, 343, 343], 3.7.h_z_co 
(5, 2, 8), [1, 7, 25, 68, 175, 343, 343], 3.7.h_z_cq 
(5, 2, 10), [1, 7, 27, 78, 189, 343, 343], 3.7.h_bb_da 
(3, 4, 8), [1, 7, 27, 80, 189, 343, 343], 3.7.h_bb_dc 
(3, 4, 10), [1, 7, 29, 86, 203, 343, 343], 3.7.h_bd_di 
(5, 2, 12), [1, 7, 29, 88, 203, 343, 343], 3.7.h_bd_dk 
(2, 5, 15), [1, 7, 32, 100, 224, 343, 343], 3.7.h_bg_dw 
(4, 3, 15), [1, 7, 34, 102, 238, 343, 343], 3.7.h_bi_dy 
(5, 3, 6), [1, 8, 28, 72, 196, 392, 343], 3.7.i_bc_cu 
(5, 3, 9), [1, 8, 31, 87, 217, 392, 343], 3.7.i_bf_dj 
(4, 4, 8), [1, 8, 31, 88, 217, 392, 343], 3.7.i_bf_dk 
(4, 4, 10), [1, 8, 33, 96, 231, 392, 343], 3.7.i_bh_ds 
(5, 3, 12), [1, 8, 34, 102, 238, 392, 343], 3.7.i_bi_dy 
(4, 4, 12), [1, 8, 35, 104, 245, 392, 343], 3.7.i_bj_ea 
(5, 3, 13), [1, 8, 35, 107, 245, 392, 343], 3.7.i_bj_ed 
(3, 5, 13), [1, 8, 35, 109, 245, 392, 343], 3.7.i_bj_ef 
(3, 5, 15), [1, 8, 37, 115, 259, 392, 343], 3.7.i_bl_el 
(5, 3, 15), [1, 8, 37, 117, 259, 392, 343], 3.7.i_bl_en 
(2, 6, 18), [1, 8, 37, 120, 259, 392, 343], 3.7.i_bl_eq 
(3, 5, 16), [1, 8, 38, 118, 266, 392, 343], 3.7.i_bm_eo 
(4, 4, 16), [1, 8, 39, 120, 273, 392, 343], 3.7.i_bn_eq 
(2, 6, 20), [1, 8, 39, 124, 273, 392, 343], 3.7.i_bn_eu 
