(-8, -10, 53), [1, -18, 150, -764, 2550, -5202, 4913], 3.17.as_fu_abdk, 17 
(-7, -11, 57), [1, -18, 151, -773, 2567, -5202, 4913], 3.17.as_fv_abdt, -15 
(-8, -10, 54), [1, -18, 151, -772, 2567, -5202, 4913], 3.17.as_fv_abds, 18 
(-8, -10, 56), [1, -18, 153, -788, 2601, -5202, 4913], 3.17.as_fx_abei, 20 
(-7, -11, 59), [1, -18, 153, -787, 2601, -5202, 4913], 3.17.as_fx_abeh, -13 
(-6, -12, 65), [1, -18, 154, -798, 2618, -5202, 4913], 3.17.as_fy_abes, -43 
(-8, -10, 57), [1, -18, 154, -796, 2618, -5202, 4913], 3.17.as_fy_abeq, 21 
(-6, -12, 67), [1, -18, 156, -810, 2652, -5202, 4913], 3.17.as_ga_abfe, -41 
(-8, -9, 44), [1, -17, 133, -658, 2261, -4913, 4913], 3.17.ar_fd_azi, 27 
(-8, -9, 45), [1, -17, 134, -666, 2278, -4913, 4913], 3.17.ar_fe_azq, 28 
(-8, -9, 46), [1, -17, 135, -674, 2295, -4913, 4913], 3.17.ar_ff_azy, 29 
(-8, -9, 47), [1, -17, 136, -682, 2312, -4913, 4913], 3.17.ar_fg_abag, 30 
(-8, -9, 50), [1, -17, 139, -706, 2363, -4913, 4913], 3.17.ar_fj_abbe, 33 
(-7, -10, 52), [1, -17, 139, -704, 2363, -4913, 4913], 3.17.ar_fj_abbc, 1 
(-6, -11, 57), [1, -17, 140, -716, 2380, -4913, 4913], 3.17.ar_fk_abbo, -28 
(-8, -9, 53), [1, -17, 142, -730, 2414, -4913, 4913], 3.17.ar_fm_abcc, 36 
(-6, -11, 59), [1, -17, 142, -728, 2414, -4913, 4913], 3.17.ar_fm_abca, -26 
(-6, -11, 60), [1, -17, 143, -734, 2431, -4913, 4913], 3.17.ar_fn_abcg, -25 
(-4, -13, 75), [1, -17, 144, -742, 2448, -4913, 4913], 3.17.ar_fo_abco, -78 
(-6, -11, 61), [1, -17, 144, -740, 2448, -4913, 4913], 3.17.ar_fo_abcm, -24 
(-8, -8, 38), [1, -16, 119, -576, 2023, -4624, 4913], 3.17.aq_ep_awe, 38 
(-8, -8, 39), [1, -16, 120, -584, 2040, -4624, 4913], 3.17.aq_eq_awm, 39 
(-8, -8, 40), [1, -16, 121, -592, 2057, -4624, 4913], 3.17.aq_er_awu, 40 
(-8, -8, 43), [1, -16, 124, -616, 2108, -4624, 4913], 3.17.aq_eu_axs, 43 
(-8, -8, 44), [1, -16, 125, -624, 2125, -4624, 4913], 3.17.aq_ev_aya, 44 
(-7, -9, 45), [1, -16, 125, -621, 2125, -4624, 4913], 3.17.aq_ev_axx, 13 
(-8, -8, 47), [1, -16, 128, -648, 2176, -4624, 4913], 3.17.aq_ey_ayy, 47 
(-5, -11, 57), [1, -16, 129, -659, 2193, -4624, 4913], 3.17.aq_ez_azj, -39 
(-8, -8, 48), [1, -16, 129, -656, 2193, -4624, 4913], 3.17.aq_ez_azg, 48 
(-7, -9, 50), [1, -16, 130, -656, 2210, -4624, 4913], 3.17.aq_fa_azg, 18 
(-5, -11, 59), [1, -16, 131, -669, 2227, -4624, 4913], 3.17.aq_fb_azt, -37 
(-6, -10, 54), [1, -16, 131, -664, 2227, -4624, 4913], 3.17.aq_fb_azo, -10 
(-5, -11, 60), [1, -16, 132, -674, 2244, -4624, 4913], 3.17.aq_fc_azy, -36 
(-5, -11, 61), [1, -16, 133, -679, 2261, -4624, 4913], 3.17.aq_fd_abad, -35 
(-7, -9, 53), [1, -16, 133, -677, 2261, -4624, 4913], 3.17.aq_fd_abab, 21 
(-8, -7, 24), [1, -15, 97, -430, 1649, -4335, 4913], 3.17.ap_dt_aqo, 39 
(-8, -7, 28), [1, -15, 101, -462, 1717, -4335, 4913], 3.17.ap_dx_aru, 43 
(-8, -7, 29), [1, -15, 102, -470, 1734, -4335, 4913], 3.17.ap_dy_asc, 44 
(-8, -7, 30), [1, -15, 103, -478, 1751, -4335, 4913], 3.17.ap_dz_ask, 45 
(-8, -7, 31), [1, -15, 104, -486, 1768, -4335, 4913], 3.17.ap_ea_ass, 46 
(-7, -8, 36), [1, -15, 109, -524, 1853, -4335, 4913], 3.17.ap_ef_aue, 21 
(-8, -7, 37), [1, -15, 110, -534, 1870, -4335, 4913], 3.17.ap_eg_auo, 52 
(-7, -8, 38), [1, -15, 111, -538, 1887, -4335, 4913], 3.17.ap_eh_aus, 23 
(-6, -9, 45), [1, -15, 116, -576, 1972, -4335, 4913], 3.17.ap_em_awe, 0 
(-6, -9, 46), [1, -15, 117, -582, 1989, -4335, 4913], 3.17.ap_en_awk, 1 
(-7, -8, 44), [1, -15, 117, -580, 1989, -4335, 4913], 3.17.ap_en_awi, 29 
(-4, -11, 57), [1, -15, 118, -602, 2006, -4335, 4913], 3.17.ap_eo_axe, -48 
(-8, -7, 45), [1, -15, 118, -598, 2006, -4335, 4913], 3.17.ap_eo_axa, 60 
(-2, -13, 75), [1, -15, 118, -592, 2006, -4335, 4913], 3.17.ap_eo_awu, -90 
(-4, -11, 59), [1, -15, 120, -610, 2040, -4335, 4913], 3.17.ap_eq_axm, -46 
(-6, -9, 49), [1, -15, 120, -600, 2040, -4335, 4913], 3.17.ap_eq_axc, 4 
(-4, -11, 60), [1, -15, 121, -614, 2057, -4335, 4913], 3.17.ap_er_axq, -45 
(-6, -9, 50), [1, -15, 121, -606, 2057, -4335, 4913], 3.17.ap_er_axi, 5 
(-5, -10, 56), [1, -15, 123, -620, 2091, -4335, 4913], 3.17.ap_et_axw, -19 
(-8, -6, 20), [1, -14, 85, -364, 1445, -4046, 4913], 3.17.ao_dh_aoa, 48 
(-8, -6, 21), [1, -14, 86, -372, 1462, -4046, 4913], 3.17.ao_di_aoi, 49 
(-7, -7, 29), [1, -14, 95, -441, 1615, -4046, 4913], 3.17.ao_dr_aqz, 29 
(-7, -7, 31), [1, -14, 97, -455, 1649, -4046, 4913], 3.17.ao_dt_arn, 31 
(-8, -6, 33), [1, -14, 98, -468, 1666, -4046, 4913], 3.17.ao_du_asa, 61 
(-7, -7, 37), [1, -14, 103, -497, 1751, -4046, 4913], 3.17.ao_dz_atd, 37 
(-4, -10, 49), [1, -14, 106, -536, 1802, -4046, 4913], 3.17.ao_ec_auq, -35 
(-8, -6, 41), [1, -14, 106, -532, 1802, -4046, 4913], 3.17.ao_ec_aum, 69 
(-7, -7, 41), [1, -14, 107, -525, 1819, -4046, 4913], 3.17.ao_ed_auf, 41 
(-4, -10, 53), [1, -14, 110, -552, 1870, -4046, 4913], 3.17.ao_eg_avg, -31 
(-3, -11, 61), [1, -14, 111, -557, 1887, -4046, 4913], 3.17.ao_eh_avl, -51 
(-7, -7, 45), [1, -14, 111, -553, 1887, -4046, 4913], 3.17.ao_eh_avh, 45 
(-8, -5, 8), [1, -13, 65, -234, 1105, -3757, 4913], 3.17.an_cn_aja, 47 
(-8, -5, 12), [1, -13, 69, -266, 1173, -3757, 4913], 3.17.an_cr_akg, 51 
(-8, -5, 13), [1, -13, 70, -274, 1190, -3757, 4913], 3.17.an_cs_ako, 52 
(-8, -5, 14), [1, -13, 71, -282, 1207, -3757, 4913], 3.17.an_ct_akw, 53 
(-8, -5, 23), [1, -13, 80, -354, 1360, -3757, 4913], 3.17.an_dc_anq, 62 
(-7, -6, 24), [1, -13, 83, -372, 1411, -3757, 4913], 3.17.an_df_aoi, 37 
(-8, -5, 27), [1, -13, 84, -386, 1428, -3757, 4913], 3.17.an_dg_aow, 66 
(-7, -6, 30), [1, -13, 89, -414, 1513, -3757, 4913], 3.17.an_dl_apy, 43 
(-8, -5, 33), [1, -13, 90, -434, 1530, -3757, 4913], 3.17.an_dm_aqs, 72 
(-2, -11, 57), [1, -13, 96, -488, 1632, -3757, 4913], 3.17.an_ds_asu, -60 
(-8, -5, 39), [1, -13, 96, -482, 1632, -3757, 4913], 3.17.an_ds_aso, 78 
(-6, -7, 37), [1, -13, 96, -460, 1632, -3757, 4913], 3.17.an_ds_ars, 24 
(-6, -7, 38), [1, -13, 97, -466, 1649, -3757, 4913], 3.17.an_dt_ary, 25 
(-2, -11, 59), [1, -13, 98, -492, 1666, -3757, 4913], 3.17.an_du_asy, -58 
(-3, -10, 52), [1, -13, 99, -496, 1683, -3757, 4913], 3.17.an_dv_atc, -39 
(-7, -6, 40), [1, -13, 99, -484, 1683, -3757, 4913], 3.17.an_dv_asq, 53 
(-6, -7, 42), [1, -13, 101, -490, 1717, -3757, 4913], 3.17.an_dx_asw, 29 
(-6, -7, 43), [1, -13, 102, -496, 1734, -3757, 4913], 3.17.an_dy_atc, 30 
(-8, -4, -1), [1, -12, 48, -128, 816, -3468, 4913], 3.17.am_bw_aey, 47 
(-8, -4, 4), [1, -12, 53, -168, 901, -3468, 4913], 3.17.am_cb_agm, 52 
(-8, -4, 11), [1, -12, 60, -224, 1020, -3468, 4913], 3.17.am_ci_aiq, 59 
(-7, -5, 23), [1, -12, 75, -331, 1275, -3468, 4913], 3.17.am_cx_amt, 47 
(-4, -8, 33), [1, -12, 82, -404, 1394, -3468, 4913], 3.17.am_de_apo, -15 
(-5, -7, 33), [1, -12, 85, -403, 1445, -3468, 4913], 3.17.am_dh_apn, 9 
(-4, -8, 39), [1, -12, 88, -428, 1496, -3468, 4913], 3.17.am_dk_aqm, -9 
(-3, -9, 45), [1, -12, 89, -441, 1513, -3468, 4913], 3.17.am_dl_aqz, -27 
(-3, -9, 49), [1, -12, 93, -453, 1581, -3468, 4913], 3.17.am_dp_arl, -23 
(-5, -7, 41), [1, -12, 93, -443, 1581, -3468, 4913], 3.17.am_dp_arb, 17 
(-4, -8, 47), [1, -12, 96, -460, 1632, -3468, 4913], 3.17.am_ds_ars, -1 
(-8, -3, -9), [1, -11, 32, -30, 544, -3179, 4913], 3.17.al_bg_abe, 46 
(-8, -3, -8), [1, -11, 33, -38, 561, -3179, 4913], 3.17.al_bh_abm, 47 
(-8, -3, -4), [1, -11, 37, -70, 629, -3179, 4913], 3.17.al_bl_acs, 51 
(-8, -3, -3), [1, -11, 38, -78, 646, -3179, 4913], 3.17.al_bm_ada, 52 
(-7, -4, 10), [1, -11, 55, -206, 935, -3179, 4913], 3.17.al_cd_ahy, 43 
(-7, -4, 16), [1, -11, 61, -248, 1037, -3179, 4913], 3.17.al_cj_ajo, 49 
(-6, -5, 25), [1, -11, 72, -320, 1224, -3179, 4913], 3.17.al_cu_ami, 36 
(-6, -5, 26), [1, -11, 73, -326, 1241, -3179, 4913], 3.17.al_cv_amo, 37 
(-6, -5, 30), [1, -11, 77, -350, 1309, -3179, 4913], 3.17.al_cz_anm, 41 
(-6, -5, 31), [1, -11, 78, -356, 1326, -3179, 4913], 3.17.al_da_ans, 42 
(-2, -9, 44), [1, -11, 79, -394, 1343, -3179, 4913], 3.17.al_db_ape, -33 
(-5, -6, 32), [1, -11, 79, -364, 1343, -3179, 4913], 3.17.al_db_aoa, 21 
(-2, -9, 45), [1, -11, 80, -396, 1360, -3179, 4913], 3.17.al_dc_apg, -32 
(-2, -9, 46), [1, -11, 81, -398, 1377, -3179, 4913], 3.17.al_dd_api, -31 
(-1, -10, 54), [1, -11, 81, -394, 1377, -3179, 4913], 3.17.al_dd_ape, -45 
(-5, -6, 36), [1, -11, 83, -384, 1411, -3179, 4913], 3.17.al_df_aou, 25 
(-2, -9, 50), [1, -11, 85, -406, 1445, -3179, 4913], 3.17.al_dh_apq, -27 
(-4, -7, 43), [1, -11, 88, -410, 1496, -3179, 4913], 3.17.al_dk_apu, 10 
(-8, -2, -16), [1, -10, 17, 60, 289, -2890, 4913], 3.17.ak_r_ci, 44 
(-8, -2, -11), [1, -10, 22, 20, 374, -2890, 4913], 3.17.ak_w_u, 49 
(-8, -2, -9), [1, -10, 24, 4, 408, -2890, 4913], 3.17.ak_y_e, 51 
(-7, -3, 3), [1, -10, 41, -123, 697, -2890, 4913], 3.17.ak_bp_aet, 43 
(-7, -3, 9), [1, -10, 47, -165, 799, -2890, 4913], 3.17.ak_bv_agj, 49 
(-4, -6, 19), [1, -10, 60, -280, 1020, -2890, 4913], 3.17.ak_ci_aku, -1 
(-1, -9, 45), [1, -10, 71, -351, 1207, -2890, 4913], 3.17.ak_ct_ann, -35 
(-5, -5, 31), [1, -10, 73, -325, 1241, -2890, 4913], 3.17.ak_cv_amn, 31 
(-1, -9, 53), [1, -10, 79, -359, 1343, -2890, 4913], 3.17.ak_db_anv, -27 
(-5, -5, 37), [1, -10, 79, -355, 1343, -2890, 4913], 3.17.ak_db_anr, 37 
(-3, -7, 43), [1, -10, 81, -367, 1377, -2890, 4913], 3.17.ak_dd_aod, 3 
(-8, -1, -25), [1, -9, 0, 166, 0, -2601, 4913], 3.17.aj_a_gk, 38 
(-8, -1, -24), [1, -9, 1, 158, 17, -2601, 4913], 3.17.aj_b_gc, 39 
(-8, -1, -20), [1, -9, 5, 126, 85, -2601, 4913], 3.17.aj_f_ew, 43 
(-8, -1, -19), [1, -9, 6, 118, 102, -2601, 4913], 3.17.aj_g_eo, 44 
(-8, -1, -13), [1, -9, 12, 70, 204, -2601, 4913], 3.17.aj_m_cs, 50 
(-7, -2, -12), [1, -9, 19, 16, 323, -2601, 4913], 3.17.aj_t_q, 33 
(-7, -2, -4), [1, -9, 27, -40, 459, -2601, 4913], 3.17.aj_bb_abo, 41 
(-7, -2, 2), [1, -9, 33, -82, 561, -2601, 4913], 3.17.aj_bh_ade, 47 
(-6, -3, 13), [1, -9, 48, -180, 816, -2601, 4913], 3.17.aj_bw_agy, 40 
(-6, -3, 14), [1, -9, 49, -186, 833, -2601, 4913], 3.17.aj_bx_ahe, 41 
(-6, -3, 18), [1, -9, 53, -210, 901, -2601, 4913], 3.17.aj_cb_aic, 45 
(-6, -3, 19), [1, -9, 54, -216, 918, -2601, 4913], 3.17.aj_cc_aii, 46 
(-1, -8, 32), [1, -9, 57, -304, 969, -2601, 4913], 3.17.aj_cf_als, -31 
(-1, -8, 38), [1, -9, 63, -310, 1071, -2601, 4913], 3.17.aj_cl_aly, -25 
(-5, -4, 26), [1, -9, 63, -266, 1071, -2601, 4913], 3.17.aj_cl_akg, 35 
(-1, -8, 44), [1, -9, 69, -316, 1173, -2601, 4913], 3.17.aj_cr_ame, -19 
(-5, -4, 32), [1, -9, 69, -296, 1173, -2601, 4913], 3.17.aj_cr_alk, 41 
(-4, -5, 33), [1, -9, 70, -302, 1190, -2601, 4913], 3.17.aj_cs_alq, 24 
(-2, -7, 41), [1, -9, 72, -320, 1224, -2601, 4913], 3.17.aj_cu_ami, -4 
(-4, -5, 35), [1, -9, 72, -310, 1224, -2601, 4913], 3.17.aj_cu_aly, 26 
(-2, -7, 42), [1, -9, 73, -322, 1241, -2601, 4913], 3.17.aj_cv_amk, -3 
(-1, -8, 48), [1, -9, 73, -320, 1241, -2601, 4913], 3.17.aj_cv_ami, -15 
(-4, -5, 36), [1, -9, 73, -314, 1241, -2601, 4913], 3.17.aj_cv_amc, 27 
(-3, -6, 40), [1, -9, 75, -324, 1275, -2601, 4913], 3.17.aj_cx_amm, 13 
(-8, 0, -33), [1, -8, -16, 264, -272, -2312, 4913], 3.17.ai_aq_ke, 31 
(-8, 0, -32), [1, -8, -15, 256, -255, -2312, 4913], 3.17.ai_ap_jw, 32 
(-8, 0, -28), [1, -8, -11, 224, -187, -2312, 4913], 3.17.ai_al_iq, 36 
(-8, 0, -27), [1, -8, -10, 216, -170, -2312, 4913], 3.17.ai_ak_ii, 37 
(-8, 0, -26), [1, -8, -9, 208, -153, -2312, 4913], 3.17.ai_aj_ia, 38 
(-8, 0, -23), [1, -8, -6, 184, -102, -2312, 4913], 3.17.ai_ag_hc, 41 
(-8, 0, -19), [1, -8, -2, 152, -34, -2312, 4913], 3.17.ai_ac_fw, 45 
(-7, -1, -23), [1, -8, 1, 127, 17, -2312, 4913], 3.17.ai_b_ex, 25 
(-8, 0, -13), [1, -8, 4, 104, 68, -2312, 4913], 3.17.ai_e_ea, 51 
(-7, -1, -11), [1, -8, 13, 43, 221, -2312, 4913], 3.17.ai_n_br, 37 
(-7, -1, -5), [1, -8, 19, 1, 323, -2312, 4913], 3.17.ai_t_b, 43 
(-7, -1, -1), [1, -8, 23, -27, 391, -2312, 4913], 3.17.ai_x_abb, 47 
(-2, -6, 19), [1, -8, 48, -242, 816, -2312, 4913], 3.17.ai_bw_aji, -13 
(-5, -3, 21), [1, -8, 53, -207, 901, -2312, 4913], 3.17.ai_cb_ahz, 37 
(-5, -3, 27), [1, -8, 59, -237, 1003, -2312, 4913], 3.17.ai_ch_ajd, 43 
(-1, -7, 37), [1, -8, 61, -275, 1037, -2312, 4913], 3.17.ai_cj_akp, -11 
(-1, -7, 43), [1, -8, 67, -281, 1139, -2312, 4913], 3.17.ai_cp_akv, -5 
(-3, -5, 37), [1, -8, 69, -281, 1173, -2312, 4913], 3.17.ai_cr_akv, 21 
(-8, 1, -25), [1, -7, -16, 234, -272, -2023, 4913], 3.17.ah_aq_ja, 38 
(-7, 0, -32), [1, -7, -15, 224, -255, -2023, 4913], 3.17.ah_ap_iq, 17 
(-8, 1, -21), [1, -7, -12, 202, -204, -2023, 4913], 3.17.ah_am_hu, 42 
(-7, 0, -28), [1, -7, -11, 196, -187, -2023, 4913], 3.17.ah_al_ho, 21 
(-7, 0, -22), [1, -7, -5, 154, -85, -2023, 4913], 3.17.ah_af_fy, 27 
(-7, 0, -18), [1, -7, -1, 126, -17, -2023, 4913], 3.17.ah_ab_ew, 31 
(-8, 1, -7), [1, -7, 2, 90, 34, -2023, 4913], 3.17.ah_c_dm, 56 
(-7, 0, -12), [1, -7, 5, 84, 85, -2023, 4913], 3.17.ah_f_dg, 37 
(-6, -1, 1), [1, -7, 24, -40, 408, -2023, 4913], 3.17.ah_y_abo, 36 
(-6, -1, 2), [1, -7, 25, -46, 425, -2023, 4913], 3.17.ah_z_abu, 37 
(-6, -1, 6), [1, -7, 29, -70, 493, -2023, 4913], 3.17.ah_bd_acs, 41 
(-6, -1, 7), [1, -7, 30, -76, 510, -2023, 4913], 3.17.ah_be_acy, 42 
(1, -8, 32), [1, -7, 41, -240, 697, -2023, 4913], 3.17.ah_bp_ajg, -31 
(-5, -2, 16), [1, -7, 43, -148, 731, -2023, 4913], 3.17.ah_br_afs, 37 
(-5, -2, 22), [1, -7, 49, -178, 833, -2023, 4913], 3.17.ah_bx_agw, 43 
(-4, -3, 27), [1, -7, 56, -210, 952, -2023, 4913], 3.17.ah_ce_aic, 34 
(-4, -3, 28), [1, -7, 57, -214, 969, -2023, 4913], 3.17.ah_cf_aig, 35 
(-1, -6, 36), [1, -7, 59, -240, 1003, -2023, 4913], 3.17.ah_ch_ajg, 1 
(-4, -3, 32), [1, -7, 61, -230, 1037, -2023, 4913], 3.17.ah_cj_aiw, 39 
(-4, -3, 33), [1, -7, 62, -234, 1054, -2023, 4913], 3.17.ah_ck_aja, 40 
(-2, -5, 37), [1, -7, 64, -244, 1088, -2023, 4913], 3.17.ah_cm_ajk, 16 
(-6, 0, -33), [1, -6, -16, 198, -272, -1734, 4913], 3.17.ag_aq_hq, 3 
(-7, 1, -25), [1, -6, -15, 209, -255, -1734, 4913], 3.17.ag_ap_ib, 23 
(-7, 1, -24), [1, -6, -14, 202, -238, -1734, 4913], 3.17.ag_ao_hu, 24 
(-7, 1, -19), [1, -6, -9, 167, -153, -1734, 4913], 3.17.ag_aj_gl, 29 
(-6, 0, -25), [1, -6, -8, 150, -136, -1734, 4913], 3.17.ag_ai_fu, 11 
(-7, 1, -15), [1, -6, -5, 139, -85, -1734, 4913], 3.17.ag_af_fj, 33 
(-6, 0, -9), [1, -6, 8, 54, 136, -1734, 4913], 3.17.ag_i_cc, 27 
(-5, -1, 11), [1, -6, 33, -89, 561, -1734, 4913], 3.17.ag_bh_adl, 35 
(1, -7, 29), [1, -6, 39, -209, 663, -1734, 4913], 3.17.ag_bn_aib, -19 
(-1, -5, 35), [1, -6, 57, -205, 969, -1734, 4913], 3.17.ag_cf_ahx, 11 
(-3, -3, 31), [1, -6, 57, -195, 969, -1734, 4913], 3.17.ag_cf_ahn, 31 
(-8, 3, -9), [1, -5, -16, 174, -272, -1445, 4913], 3.17.af_aq_gs, 46 
(-5, 0, -32), [1, -5, -15, 160, -255, -1445, 4913], 3.17.af_ap_ge, -7 
(-7, 2, -16), [1, -5, -13, 180, -221, -1445, 4913], 3.17.af_an_gy, 29 
(-6, 1, -11), [1, -5, 0, 100, 0, -1445, 4913], 3.17.af_a_dw, 24 
(-5, 0, -16), [1, -5, 1, 80, 17, -1445, 4913], 3.17.af_b_dc, 9 
(-6, 1, -10), [1, -5, 1, 94, 17, -1445, 4913], 3.17.af_b_dq, 25 
(-6, 1, -6), [1, -5, 5, 70, 85, -1445, 4913], 3.17.af_f_cs, 29 
(-6, 1, -5), [1, -5, 6, 64, 102, -1445, 4913], 3.17.af_g_cm, 30 
(-5, 0, 6), [1, -5, 23, -30, 391, -1445, 4913], 3.17.af_x_abe, 31 
(3, -8, 32), [1, -5, 25, -176, 425, -1445, 4913], 3.17.af_z_agu, -23 
(-5, 0, 12), [1, -5, 29, -60, 493, -1445, 4913], 3.17.af_bd_aci, 37 
(1, -6, 24), [1, -5, 35, -180, 595, -1445, 4913], 3.17.af_bj_agy, -11 
(-4, -1, 19), [1, -5, 40, -110, 680, -1445, 4913], 3.17.af_bo_aeg, 34 
(1, -6, 30), [1, -5, 41, -174, 697, -1445, 4913], 3.17.af_bp_ags, -5 
(-4, -1, 20), [1, -5, 41, -114, 697, -1445, 4913], 3.17.af_bp_aek, 35 
(1, -6, 32), [1, -5, 43, -172, 731, -1445, 4913], 3.17.af_br_agq, -3 
(-4, -1, 24), [1, -5, 45, -130, 765, -1445, 4913], 3.17.af_bt_afa, 39 
(-4, -1, 25), [1, -5, 46, -134, 782, -1445, 4913], 3.17.af_bu_afe, 40 
(1, -6, 36), [1, -5, 47, -168, 799, -1445, 4913], 3.17.af_bv_agm, 1 
(-3, -2, 28), [1, -5, 51, -152, 867, -1445, 4913], 3.17.af_bz_afw, 33 
(-2, -3, 32), [1, -5, 55, -166, 935, -1445, 4913], 3.17.af_cd_agk, 27 
(-2, -3, 33), [1, -5, 56, -168, 952, -1445, 4913], 3.17.af_ce_agm, 28 
(-4, 0, -33), [1, -4, -16, 132, -272, -1156, 4913], 3.17.ae_aq_fc, -17 
(-8, 4, -1), [1, -4, -16, 144, -272, -1156, 4913], 3.17.ae_aq_fo, 47 
(-4, 0, -25), [1, -4, -8, 100, -136, -1156, 4913], 3.17.ae_ai_dw, -9 
(-5, 1, -3), [1, -4, 9, 49, 153, -1156, 4913], 3.17.ae_j_bx, 21 
(-5, 1, -1), [1, -4, 11, 39, 187, -1156, 4913], 3.17.ae_l_bn, 23 
(-5, 1, 1), [1, -4, 13, 29, 221, -1156, 4913], 3.17.ae_n_bd, 25 
(-5, 1, 6), [1, -4, 18, 4, 306, -1156, 4913], 3.17.ae_s_e, 30 
(-5, 1, 7), [1, -4, 19, -1, 323, -1156, 4913], 3.17.ae_t_ab, 31 
(-4, 0, 15), [1, -4, 32, -60, 544, -1156, 4913], 3.17.ae_bg_aci, 31 
(-4, 0, 16), [1, -4, 33, -64, 561, -1156, 4913], 3.17.ae_bh_acm, 32 
(1, -5, 23), [1, -4, 35, -147, 595, -1156, 4913], 3.17.ae_bj_afr, -1 
(1, -5, 25), [1, -4, 37, -145, 629, -1156, 4913], 3.17.ae_bl_afp, 1 
(1, -5, 31), [1, -4, 43, -139, 731, -1156, 4913], 3.17.ae_br_afj, 7 
(-3, -1, 25), [1, -4, 45, -109, 765, -1156, 4913], 3.17.ae_bt_aef, 33 
(-1, -3, 29), [1, -4, 49, -131, 833, -1156, 4913], 3.17.ae_bx_afb, 21 
(-3, -1, 31), [1, -4, 51, -127, 867, -1156, 4913], 3.17.ae_bz_aex, 39 
(-1, -3, 33), [1, -4, 53, -135, 901, -1156, 4913], 3.17.ae_cb_aff, 25 
(-3, 0, -32), [1, -3, -15, 96, -255, -867, 4913], 3.17.ad_ap_ds, -23 
(-6, 3, -9), [1, -3, -10, 156, -170, -867, 4913], 3.17.ad_ak_ga, 18 
(-3, 0, -16), [1, -3, 1, 48, 17, -867, 4913], 3.17.ad_b_bw, -7 
(-5, 2, -4), [1, -3, 3, 88, 51, -867, 4913], 3.17.ad_d_dk, 17 
(-5, 2, 2), [1, -3, 9, 58, 153, -867, 4913], 3.17.ad_j_cg, 23 
(-4, 1, 11), [1, -3, 24, -10, 408, -867, 4913], 3.17.ad_y_ak, 26 
(2, -5, 18), [1, -3, 25, -134, 425, -867, 4913], 3.17.ad_z_afe, -3 
(-4, 1, 12), [1, -3, 25, -14, 425, -867, 4913], 3.17.ad_z_ao, 27 
(2, -5, 22), [1, -3, 29, -126, 493, -867, 4913], 3.17.ad_bd_aew, 1 
(-4, 1, 16), [1, -3, 29, -30, 493, -867, 4913], 3.17.ad_bd_abe, 31 
(2, -5, 23), [1, -3, 30, -124, 510, -867, 4913], 3.17.ad_be_aeu, 2 
(-3, 0, 16), [1, -3, 33, -48, 561, -867, 4913], 3.17.ad_bh_abw, 25 
(1, -4, 26), [1, -3, 39, -110, 663, -867, 4913], 3.17.ad_bn_aeg, 11 
(-3, 0, 22), [1, -3, 39, -66, 663, -867, 4913], 3.17.ad_bn_aco, 31 
(1, -4, 32), [1, -3, 45, -104, 765, -867, 4913], 3.17.ad_bt_aea, 17 
(-3, 0, 28), [1, -3, 45, -84, 765, -867, 4913], 3.17.ad_bt_adg, 37 
(-2, -1, 29), [1, -3, 48, -92, 816, -867, 4913], 3.17.ad_bw_ado, 32 
(-2, -1, 30), [1, -3, 49, -94, 833, -867, 4913], 3.17.ad_bx_adq, 33 
(-1, -2, 32), [1, -3, 51, -100, 867, -867, 4913], 3.17.ad_bz_adw, 29 
(-6, 4, -1), [1, -2, -8, 142, -136, -578, 4913], 3.17.ac_ai_fm, 19 
(-1, -1, -25), [1, -2, -7, -9, -119, -578, 4913], 3.17.ac_ah_aj, -25 
(-5, 3, -9), [1, -2, -7, 147, -119, -578, 4913], 3.17.ac_ah_fr, 7 
(-5, 3, -3), [1, -2, -1, 117, -17, -578, 4913], 3.17.ac_ab_en, 13 
(3, -5, 13), [1, -2, 15, -131, 255, -578, 4913], 3.17.ac_p_afb, -3 
(-3, 1, 19), [1, -2, 33, -23, 561, -578, 4913], 3.17.ac_bh_ax, 27 
(-3, 1, 25), [1, -2, 39, -41, 663, -578, 4913], 3.17.ac_bn_abp, 33 
(1, -3, 27), [1, -2, 41, -75, 697, -578, 4913], 3.17.ac_bp_acx, 19 
(1, -3, 33), [1, -2, 47, -69, 799, -578, 4913], 3.17.ac_bv_acr, 25 
(-1, -1, 29), [1, -2, 47, -63, 799, -578, 4913], 3.17.ac_bv_acl, 29 
(-1, -1, 31), [1, -2, 49, -65, 833, -578, 4913], 3.17.ac_bx_acn, 31 
(-2, 0, 32), [1, -2, 49, -64, 833, -578, 4913], 3.17.ac_bx_acm, 36 
(7, -8, 32), [1, -1, -7, -48, -119, -289, 4913], 3.17.ab_ah_abw, 17 
(-5, 4, 8), [1, -1, 5, 96, 85, -289, 4913], 3.17.ab_f_ds, 17 
(-4, 3, 3), [1, -1, 8, 90, 136, -289, 4913], 3.17.ab_i_dm, 10 
(-4, 3, 4), [1, -1, 9, 86, 153, -289, 4913], 3.17.ab_j_di, 11 
(-4, 3, 8), [1, -1, 13, 70, 221, -289, 4913], 3.17.ab_n_cs, 15 
(-4, 3, 9), [1, -1, 14, 66, 238, -289, 4913], 3.17.ab_o_co, 16 
(3, -4, 10), [1, -1, 15, -106, 255, -289, 4913], 3.17.ab_p_aec, 3 
(3, -4, 16), [1, -1, 21, -88, 357, -289, 4913], 3.17.ab_v_adk, 9 
(-3, 2, 16), [1, -1, 27, 20, 459, -289, 4913], 3.17.ab_bb_u, 21 
(2, -3, 21), [1, -1, 32, -60, 544, -289, 4913], 3.17.ab_bg_aci, 16 
(2, -3, 22), [1, -1, 33, -58, 561, -289, 4913], 3.17.ab_bh_acg, 17 
(-1, 0, 16), [1, -1, 33, -16, 561, -289, 4913], 3.17.ab_bh_aq, 17 
(-3, 2, 22), [1, -1, 33, 2, 561, -289, 4913], 3.17.ab_bh_c, 27 
(2, -3, 26), [1, -1, 37, -50, 629, -289, 4913], 3.17.ab_bl_aby, 21 
(2, -3, 27), [1, -1, 38, -48, 646, -289, 4913], 3.17.ab_bm_abw, 22 
(-2, 1, 25), [1, -1, 40, -16, 680, -289, 4913], 3.17.ab_bo_aq, 28 
(-2, 1, 26), [1, -1, 41, -18, 697, -289, 4913], 3.17.ab_bp_as, 29 
(1, -2, 28), [1, -1, 43, -40, 731, -289, 4913], 3.17.ab_br_abo, 25 
(-2, 1, 30), [1, -1, 45, -26, 765, -289, 4913], 3.17.ab_bt_aba, 33 
(-2, 1, 31), [1, -1, 46, -28, 782, -289, 4913], 3.17.ab_bu_abc, 34 
(4, -4, -1), [1, 0, 0, -140, 0, 0, 4913], 3.17.a_a_afk, -1 
(-4, 4, -1), [1, 0, 0, 140, 0, 0, 4913], 3.17.a_a_fk, -1 
(3, -3, 13), [1, 0, 21, -63, 357, 0, 4913], 3.17.a_v_acl, 13 
(-3, 3, 13), [1, 0, 21, 63, 357, 0, 4913], 3.17.a_v_cl, 13 
(3, -3, 19), [1, 0, 27, -45, 459, 0, 4913], 3.17.a_bb_abt, 19 
(-3, 3, 19), [1, 0, 27, 45, 459, 0, 4913], 3.17.a_bb_bt, 19 
(1, -1, 29), [1, 0, 45, -5, 765, 0, 4913], 3.17.a_bt_af, 29 
(-1, 1, 29), [1, 0, 45, 5, 765, 0, 4913], 3.17.a_bt_f, 29 
(-7, 8, 32), [1, 1, -7, 48, -119, 289, 4913], 3.17.b_ah_bw, 17 
(5, -4, 8), [1, 1, 5, -96, 85, 289, 4913], 3.17.b_f_ads, 17 
(4, -3, 3), [1, 1, 8, -90, 136, 289, 4913], 3.17.b_i_adm, 10 
(4, -3, 4), [1, 1, 9, -86, 153, 289, 4913], 3.17.b_j_adi, 11 
(4, -3, 8), [1, 1, 13, -70, 221, 289, 4913], 3.17.b_n_acs, 15 
(4, -3, 9), [1, 1, 14, -66, 238, 289, 4913], 3.17.b_o_aco, 16 
(-3, 4, 10), [1, 1, 15, 106, 255, 289, 4913], 3.17.b_p_ec, 3 
(-3, 4, 16), [1, 1, 21, 88, 357, 289, 4913], 3.17.b_v_dk, 9 
(3, -2, 16), [1, 1, 27, -20, 459, 289, 4913], 3.17.b_bb_au, 21 
(-2, 3, 21), [1, 1, 32, 60, 544, 289, 4913], 3.17.b_bg_ci, 16 
(3, -2, 22), [1, 1, 33, -2, 561, 289, 4913], 3.17.b_bh_ac, 27 
(1, 0, 16), [1, 1, 33, 16, 561, 289, 4913], 3.17.b_bh_q, 17 
(-2, 3, 22), [1, 1, 33, 58, 561, 289, 4913], 3.17.b_bh_cg, 17 
(-2, 3, 26), [1, 1, 37, 50, 629, 289, 4913], 3.17.b_bl_by, 21 
(-2, 3, 27), [1, 1, 38, 48, 646, 289, 4913], 3.17.b_bm_bw, 22 
(2, -1, 25), [1, 1, 40, 16, 680, 289, 4913], 3.17.b_bo_q, 28 
(2, -1, 26), [1, 1, 41, 18, 697, 289, 4913], 3.17.b_bp_s, 29 
(-1, 2, 28), [1, 1, 43, 40, 731, 289, 4913], 3.17.b_br_bo, 25 
(2, -1, 30), [1, 1, 45, 26, 765, 289, 4913], 3.17.b_bt_ba, 33 
(2, -1, 31), [1, 1, 46, 28, 782, 289, 4913], 3.17.b_bu_bc, 34 
(6, -4, -1), [1, 2, -8, -142, -136, 578, 4913], 3.17.c_ai_afm, 19 
(5, -3, -9), [1, 2, -7, -147, -119, 578, 4913], 3.17.c_ah_afr, 7 
(1, 1, -25), [1, 2, -7, 9, -119, 578, 4913], 3.17.c_ah_j, -25 
(5, -3, -3), [1, 2, -1, -117, -17, 578, 4913], 3.17.c_ab_aen, 13 
(-3, 5, 13), [1, 2, 15, 131, 255, 578, 4913], 3.17.c_p_fb, -3 
(3, -1, 19), [1, 2, 33, 23, 561, 578, 4913], 3.17.c_bh_x, 27 
(3, -1, 25), [1, 2, 39, 41, 663, 578, 4913], 3.17.c_bn_bp, 33 
(-1, 3, 27), [1, 2, 41, 75, 697, 578, 4913], 3.17.c_bp_cx, 19 
(1, 1, 29), [1, 2, 47, 63, 799, 578, 4913], 3.17.c_bv_cl, 29 
(-1, 3, 33), [1, 2, 47, 69, 799, 578, 4913], 3.17.c_bv_cr, 25 
(2, 0, 32), [1, 2, 49, 64, 833, 578, 4913], 3.17.c_bx_cm, 36 
(1, 1, 31), [1, 2, 49, 65, 833, 578, 4913], 3.17.c_bx_cn, 31 
(3, 0, -32), [1, 3, -15, -96, -255, 867, 4913], 3.17.d_ap_ads, -23 
(6, -3, -9), [1, 3, -10, -156, -170, 867, 4913], 3.17.d_ak_aga, 18 
(3, 0, -16), [1, 3, 1, -48, 17, 867, 4913], 3.17.d_b_abw, -7 
(5, -2, -4), [1, 3, 3, -88, 51, 867, 4913], 3.17.d_d_adk, 17 
(5, -2, 2), [1, 3, 9, -58, 153, 867, 4913], 3.17.d_j_acg, 23 
(4, -1, 11), [1, 3, 24, 10, 408, 867, 4913], 3.17.d_y_k, 26 
(4, -1, 12), [1, 3, 25, 14, 425, 867, 4913], 3.17.d_z_o, 27 
(-2, 5, 18), [1, 3, 25, 134, 425, 867, 4913], 3.17.d_z_fe, -3 
(4, -1, 16), [1, 3, 29, 30, 493, 867, 4913], 3.17.d_bd_be, 31 
(-2, 5, 22), [1, 3, 29, 126, 493, 867, 4913], 3.17.d_bd_ew, 1 
(-2, 5, 23), [1, 3, 30, 124, 510, 867, 4913], 3.17.d_be_eu, 2 
(3, 0, 16), [1, 3, 33, 48, 561, 867, 4913], 3.17.d_bh_bw, 25 
(3, 0, 22), [1, 3, 39, 66, 663, 867, 4913], 3.17.d_bn_co, 31 
(-1, 4, 26), [1, 3, 39, 110, 663, 867, 4913], 3.17.d_bn_eg, 11 
(3, 0, 28), [1, 3, 45, 84, 765, 867, 4913], 3.17.d_bt_dg, 37 
(-1, 4, 32), [1, 3, 45, 104, 765, 867, 4913], 3.17.d_bt_ea, 17 
(2, 1, 29), [1, 3, 48, 92, 816, 867, 4913], 3.17.d_bw_do, 32 
(2, 1, 30), [1, 3, 49, 94, 833, 867, 4913], 3.17.d_bx_dq, 33 
(1, 2, 32), [1, 3, 51, 100, 867, 867, 4913], 3.17.d_bz_dw, 29 
(8, -4, -1), [1, 4, -16, -144, -272, 1156, 4913], 3.17.e_aq_afo, 47 
(4, 0, -33), [1, 4, -16, -132, -272, 1156, 4913], 3.17.e_aq_afc, -17 
(4, 0, -25), [1, 4, -8, -100, -136, 1156, 4913], 3.17.e_ai_adw, -9 
(5, -1, -3), [1, 4, 9, -49, 153, 1156, 4913], 3.17.e_j_abx, 21 
(5, -1, -1), [1, 4, 11, -39, 187, 1156, 4913], 3.17.e_l_abn, 23 
(5, -1, 1), [1, 4, 13, -29, 221, 1156, 4913], 3.17.e_n_abd, 25 
(5, -1, 6), [1, 4, 18, -4, 306, 1156, 4913], 3.17.e_s_ae, 30 
(5, -1, 7), [1, 4, 19, 1, 323, 1156, 4913], 3.17.e_t_b, 31 
(4, 0, 15), [1, 4, 32, 60, 544, 1156, 4913], 3.17.e_bg_ci, 31 
(4, 0, 16), [1, 4, 33, 64, 561, 1156, 4913], 3.17.e_bh_cm, 32 
(-1, 5, 23), [1, 4, 35, 147, 595, 1156, 4913], 3.17.e_bj_fr, -1 
(-1, 5, 25), [1, 4, 37, 145, 629, 1156, 4913], 3.17.e_bl_fp, 1 
(-1, 5, 31), [1, 4, 43, 139, 731, 1156, 4913], 3.17.e_br_fj, 7 
(3, 1, 25), [1, 4, 45, 109, 765, 1156, 4913], 3.17.e_bt_ef, 33 
(1, 3, 29), [1, 4, 49, 131, 833, 1156, 4913], 3.17.e_bx_fb, 21 
(3, 1, 31), [1, 4, 51, 127, 867, 1156, 4913], 3.17.e_bz_ex, 39 
(1, 3, 33), [1, 4, 53, 135, 901, 1156, 4913], 3.17.e_cb_ff, 25 
(8, -3, -9), [1, 5, -16, -174, -272, 1445, 4913], 3.17.f_aq_ags, 46 
(5, 0, -32), [1, 5, -15, -160, -255, 1445, 4913], 3.17.f_ap_age, -7 
(7, -2, -16), [1, 5, -13, -180, -221, 1445, 4913], 3.17.f_an_agy, 29 
(6, -1, -11), [1, 5, 0, -100, 0, 1445, 4913], 3.17.f_a_adw, 24 
(6, -1, -10), [1, 5, 1, -94, 17, 1445, 4913], 3.17.f_b_adq, 25 
(5, 0, -16), [1, 5, 1, -80, 17, 1445, 4913], 3.17.f_b_adc, 9 
(6, -1, -6), [1, 5, 5, -70, 85, 1445, 4913], 3.17.f_f_acs, 29 
(6, -1, -5), [1, 5, 6, -64, 102, 1445, 4913], 3.17.f_g_acm, 30 
(5, 0, 6), [1, 5, 23, 30, 391, 1445, 4913], 3.17.f_x_be, 31 
(-3, 8, 32), [1, 5, 25, 176, 425, 1445, 4913], 3.17.f_z_gu, -23 
(5, 0, 12), [1, 5, 29, 60, 493, 1445, 4913], 3.17.f_bd_ci, 37 
(-1, 6, 24), [1, 5, 35, 180, 595, 1445, 4913], 3.17.f_bj_gy, -11 
(4, 1, 19), [1, 5, 40, 110, 680, 1445, 4913], 3.17.f_bo_eg, 34 
(4, 1, 20), [1, 5, 41, 114, 697, 1445, 4913], 3.17.f_bp_ek, 35 
(-1, 6, 30), [1, 5, 41, 174, 697, 1445, 4913], 3.17.f_bp_gs, -5 
(-1, 6, 32), [1, 5, 43, 172, 731, 1445, 4913], 3.17.f_br_gq, -3 
(4, 1, 24), [1, 5, 45, 130, 765, 1445, 4913], 3.17.f_bt_fa, 39 
(4, 1, 25), [1, 5, 46, 134, 782, 1445, 4913], 3.17.f_bu_fe, 40 
(-1, 6, 36), [1, 5, 47, 168, 799, 1445, 4913], 3.17.f_bv_gm, 1 
(3, 2, 28), [1, 5, 51, 152, 867, 1445, 4913], 3.17.f_bz_fw, 33 
(2, 3, 32), [1, 5, 55, 166, 935, 1445, 4913], 3.17.f_cd_gk, 27 
(2, 3, 33), [1, 5, 56, 168, 952, 1445, 4913], 3.17.f_ce_gm, 28 
(6, 0, -33), [1, 6, -16, -198, -272, 1734, 4913], 3.17.g_aq_ahq, 3 
(7, -1, -25), [1, 6, -15, -209, -255, 1734, 4913], 3.17.g_ap_aib, 23 
(7, -1, -24), [1, 6, -14, -202, -238, 1734, 4913], 3.17.g_ao_ahu, 24 
(7, -1, -19), [1, 6, -9, -167, -153, 1734, 4913], 3.17.g_aj_agl, 29 
(6, 0, -25), [1, 6, -8, -150, -136, 1734, 4913], 3.17.g_ai_afu, 11 
(7, -1, -15), [1, 6, -5, -139, -85, 1734, 4913], 3.17.g_af_afj, 33 
(6, 0, -9), [1, 6, 8, -54, 136, 1734, 4913], 3.17.g_i_acc, 27 
(5, 1, 11), [1, 6, 33, 89, 561, 1734, 4913], 3.17.g_bh_dl, 35 
(-1, 7, 29), [1, 6, 39, 209, 663, 1734, 4913], 3.17.g_bn_ib, -19 
(3, 3, 31), [1, 6, 57, 195, 969, 1734, 4913], 3.17.g_cf_hn, 31 
(1, 5, 35), [1, 6, 57, 205, 969, 1734, 4913], 3.17.g_cf_hx, 11 
(8, -1, -25), [1, 7, -16, -234, -272, 2023, 4913], 3.17.h_aq_aja, 38 
(7, 0, -32), [1, 7, -15, -224, -255, 2023, 4913], 3.17.h_ap_aiq, 17 
(8, -1, -21), [1, 7, -12, -202, -204, 2023, 4913], 3.17.h_am_ahu, 42 
(7, 0, -28), [1, 7, -11, -196, -187, 2023, 4913], 3.17.h_al_aho, 21 
(7, 0, -22), [1, 7, -5, -154, -85, 2023, 4913], 3.17.h_af_afy, 27 
(7, 0, -18), [1, 7, -1, -126, -17, 2023, 4913], 3.17.h_ab_aew, 31 
(8, -1, -7), [1, 7, 2, -90, 34, 2023, 4913], 3.17.h_c_adm, 56 
(7, 0, -12), [1, 7, 5, -84, 85, 2023, 4913], 3.17.h_f_adg, 37 
(6, 1, 1), [1, 7, 24, 40, 408, 2023, 4913], 3.17.h_y_bo, 36 
(6, 1, 2), [1, 7, 25, 46, 425, 2023, 4913], 3.17.h_z_bu, 37 
(6, 1, 6), [1, 7, 29, 70, 493, 2023, 4913], 3.17.h_bd_cs, 41 
(6, 1, 7), [1, 7, 30, 76, 510, 2023, 4913], 3.17.h_be_cy, 42 
(-1, 8, 32), [1, 7, 41, 240, 697, 2023, 4913], 3.17.h_bp_jg, -31 
(5, 2, 16), [1, 7, 43, 148, 731, 2023, 4913], 3.17.h_br_fs, 37 
(5, 2, 22), [1, 7, 49, 178, 833, 2023, 4913], 3.17.h_bx_gw, 43 
(4, 3, 27), [1, 7, 56, 210, 952, 2023, 4913], 3.17.h_ce_ic, 34 
(4, 3, 28), [1, 7, 57, 214, 969, 2023, 4913], 3.17.h_cf_ig, 35 
(1, 6, 36), [1, 7, 59, 240, 1003, 2023, 4913], 3.17.h_ch_jg, 1 
(4, 3, 32), [1, 7, 61, 230, 1037, 2023, 4913], 3.17.h_cj_iw, 39 
(4, 3, 33), [1, 7, 62, 234, 1054, 2023, 4913], 3.17.h_ck_ja, 40 
(2, 5, 37), [1, 7, 64, 244, 1088, 2023, 4913], 3.17.h_cm_jk, 16 
(8, 0, -33), [1, 8, -16, -264, -272, 2312, 4913], 3.17.i_aq_ake, 31 
(8, 0, -32), [1, 8, -15, -256, -255, 2312, 4913], 3.17.i_ap_ajw, 32 
(8, 0, -28), [1, 8, -11, -224, -187, 2312, 4913], 3.17.i_al_aiq, 36 
(8, 0, -27), [1, 8, -10, -216, -170, 2312, 4913], 3.17.i_ak_aii, 37 
(8, 0, -26), [1, 8, -9, -208, -153, 2312, 4913], 3.17.i_aj_aia, 38 
(8, 0, -23), [1, 8, -6, -184, -102, 2312, 4913], 3.17.i_ag_ahc, 41 
(8, 0, -19), [1, 8, -2, -152, -34, 2312, 4913], 3.17.i_ac_afw, 45 
(7, 1, -23), [1, 8, 1, -127, 17, 2312, 4913], 3.17.i_b_aex, 25 
(8, 0, -13), [1, 8, 4, -104, 68, 2312, 4913], 3.17.i_e_aea, 51 
(7, 1, -11), [1, 8, 13, -43, 221, 2312, 4913], 3.17.i_n_abr, 37 
(7, 1, -5), [1, 8, 19, -1, 323, 2312, 4913], 3.17.i_t_ab, 43 
(7, 1, -1), [1, 8, 23, 27, 391, 2312, 4913], 3.17.i_x_bb, 47 
(2, 6, 19), [1, 8, 48, 242, 816, 2312, 4913], 3.17.i_bw_ji, -13 
(5, 3, 21), [1, 8, 53, 207, 901, 2312, 4913], 3.17.i_cb_hz, 37 
(5, 3, 27), [1, 8, 59, 237, 1003, 2312, 4913], 3.17.i_ch_jd, 43 
(1, 7, 37), [1, 8, 61, 275, 1037, 2312, 4913], 3.17.i_cj_kp, -11 
(1, 7, 43), [1, 8, 67, 281, 1139, 2312, 4913], 3.17.i_cp_kv, -5 
(3, 5, 37), [1, 8, 69, 281, 1173, 2312, 4913], 3.17.i_cr_kv, 21 
(8, 1, -25), [1, 9, 0, -166, 0, 2601, 4913], 3.17.j_a_agk, 38 
(8, 1, -24), [1, 9, 1, -158, 17, 2601, 4913], 3.17.j_b_agc, 39 
(8, 1, -20), [1, 9, 5, -126, 85, 2601, 4913], 3.17.j_f_aew, 43 
(8, 1, -19), [1, 9, 6, -118, 102, 2601, 4913], 3.17.j_g_aeo, 44 
(8, 1, -13), [1, 9, 12, -70, 204, 2601, 4913], 3.17.j_m_acs, 50 
(7, 2, -12), [1, 9, 19, -16, 323, 2601, 4913], 3.17.j_t_aq, 33 
(7, 2, -4), [1, 9, 27, 40, 459, 2601, 4913], 3.17.j_bb_bo, 41 
(7, 2, 2), [1, 9, 33, 82, 561, 2601, 4913], 3.17.j_bh_de, 47 
(6, 3, 13), [1, 9, 48, 180, 816, 2601, 4913], 3.17.j_bw_gy, 40 
(6, 3, 14), [1, 9, 49, 186, 833, 2601, 4913], 3.17.j_bx_he, 41 
(6, 3, 18), [1, 9, 53, 210, 901, 2601, 4913], 3.17.j_cb_ic, 45 
(6, 3, 19), [1, 9, 54, 216, 918, 2601, 4913], 3.17.j_cc_ii, 46 
(1, 8, 32), [1, 9, 57, 304, 969, 2601, 4913], 3.17.j_cf_ls, -31 
(5, 4, 26), [1, 9, 63, 266, 1071, 2601, 4913], 3.17.j_cl_kg, 35 
(1, 8, 38), [1, 9, 63, 310, 1071, 2601, 4913], 3.17.j_cl_ly, -25 
(5, 4, 32), [1, 9, 69, 296, 1173, 2601, 4913], 3.17.j_cr_lk, 41 
(1, 8, 44), [1, 9, 69, 316, 1173, 2601, 4913], 3.17.j_cr_me, -19 
(4, 5, 33), [1, 9, 70, 302, 1190, 2601, 4913], 3.17.j_cs_lq, 24 
(4, 5, 35), [1, 9, 72, 310, 1224, 2601, 4913], 3.17.j_cu_ly, 26 
(2, 7, 41), [1, 9, 72, 320, 1224, 2601, 4913], 3.17.j_cu_mi, -4 
(4, 5, 36), [1, 9, 73, 314, 1241, 2601, 4913], 3.17.j_cv_mc, 27 
(1, 8, 48), [1, 9, 73, 320, 1241, 2601, 4913], 3.17.j_cv_mi, -15 
(2, 7, 42), [1, 9, 73, 322, 1241, 2601, 4913], 3.17.j_cv_mk, -3 
(3, 6, 40), [1, 9, 75, 324, 1275, 2601, 4913], 3.17.j_cx_mm, 13 
(8, 2, -16), [1, 10, 17, -60, 289, 2890, 4913], 3.17.k_r_aci, 44 
(8, 2, -11), [1, 10, 22, -20, 374, 2890, 4913], 3.17.k_w_au, 49 
(8, 2, -9), [1, 10, 24, -4, 408, 2890, 4913], 3.17.k_y_ae, 51 
(7, 3, 3), [1, 10, 41, 123, 697, 2890, 4913], 3.17.k_bp_et, 43 
(7, 3, 9), [1, 10, 47, 165, 799, 2890, 4913], 3.17.k_bv_gj, 49 
(4, 6, 19), [1, 10, 60, 280, 1020, 2890, 4913], 3.17.k_ci_ku, -1 
(1, 9, 45), [1, 10, 71, 351, 1207, 2890, 4913], 3.17.k_ct_nn, -35 
(5, 5, 31), [1, 10, 73, 325, 1241, 2890, 4913], 3.17.k_cv_mn, 31 
(5, 5, 37), [1, 10, 79, 355, 1343, 2890, 4913], 3.17.k_db_nr, 37 
(1, 9, 53), [1, 10, 79, 359, 1343, 2890, 4913], 3.17.k_db_nv, -27 
(3, 7, 43), [1, 10, 81, 367, 1377, 2890, 4913], 3.17.k_dd_od, 3 
(8, 3, -9), [1, 11, 32, 30, 544, 3179, 4913], 3.17.l_bg_be, 46 
(8, 3, -8), [1, 11, 33, 38, 561, 3179, 4913], 3.17.l_bh_bm, 47 
(8, 3, -4), [1, 11, 37, 70, 629, 3179, 4913], 3.17.l_bl_cs, 51 
(8, 3, -3), [1, 11, 38, 78, 646, 3179, 4913], 3.17.l_bm_da, 52 
(7, 4, 10), [1, 11, 55, 206, 935, 3179, 4913], 3.17.l_cd_hy, 43 
(7, 4, 16), [1, 11, 61, 248, 1037, 3179, 4913], 3.17.l_cj_jo, 49 
(6, 5, 25), [1, 11, 72, 320, 1224, 3179, 4913], 3.17.l_cu_mi, 36 
(6, 5, 26), [1, 11, 73, 326, 1241, 3179, 4913], 3.17.l_cv_mo, 37 
(6, 5, 30), [1, 11, 77, 350, 1309, 3179, 4913], 3.17.l_cz_nm, 41 
(6, 5, 31), [1, 11, 78, 356, 1326, 3179, 4913], 3.17.l_da_ns, 42 
(5, 6, 32), [1, 11, 79, 364, 1343, 3179, 4913], 3.17.l_db_oa, 21 
(2, 9, 44), [1, 11, 79, 394, 1343, 3179, 4913], 3.17.l_db_pe, -33 
(2, 9, 45), [1, 11, 80, 396, 1360, 3179, 4913], 3.17.l_dc_pg, -32 
(1, 10, 54), [1, 11, 81, 394, 1377, 3179, 4913], 3.17.l_dd_pe, -45 
(2, 9, 46), [1, 11, 81, 398, 1377, 3179, 4913], 3.17.l_dd_pi, -31 
(5, 6, 36), [1, 11, 83, 384, 1411, 3179, 4913], 3.17.l_df_ou, 25 
(2, 9, 50), [1, 11, 85, 406, 1445, 3179, 4913], 3.17.l_dh_pq, -27 
(4, 7, 43), [1, 11, 88, 410, 1496, 3179, 4913], 3.17.l_dk_pu, 10 
(8, 4, -1), [1, 12, 48, 128, 816, 3468, 4913], 3.17.m_bw_ey, 47 
(8, 4, 4), [1, 12, 53, 168, 901, 3468, 4913], 3.17.m_cb_gm, 52 
(8, 4, 11), [1, 12, 60, 224, 1020, 3468, 4913], 3.17.m_ci_iq, 59 
(7, 5, 23), [1, 12, 75, 331, 1275, 3468, 4913], 3.17.m_cx_mt, 47 
(4, 8, 33), [1, 12, 82, 404, 1394, 3468, 4913], 3.17.m_de_po, -15 
(5, 7, 33), [1, 12, 85, 403, 1445, 3468, 4913], 3.17.m_dh_pn, 9 
(4, 8, 39), [1, 12, 88, 428, 1496, 3468, 4913], 3.17.m_dk_qm, -9 
(3, 9, 45), [1, 12, 89, 441, 1513, 3468, 4913], 3.17.m_dl_qz, -27 
(5, 7, 41), [1, 12, 93, 443, 1581, 3468, 4913], 3.17.m_dp_rb, 17 
(3, 9, 49), [1, 12, 93, 453, 1581, 3468, 4913], 3.17.m_dp_rl, -23 
(4, 8, 47), [1, 12, 96, 460, 1632, 3468, 4913], 3.17.m_ds_rs, -1 
(8, 5, 8), [1, 13, 65, 234, 1105, 3757, 4913], 3.17.n_cn_ja, 47 
(8, 5, 12), [1, 13, 69, 266, 1173, 3757, 4913], 3.17.n_cr_kg, 51 
(8, 5, 13), [1, 13, 70, 274, 1190, 3757, 4913], 3.17.n_cs_ko, 52 
(8, 5, 14), [1, 13, 71, 282, 1207, 3757, 4913], 3.17.n_ct_kw, 53 
(8, 5, 23), [1, 13, 80, 354, 1360, 3757, 4913], 3.17.n_dc_nq, 62 
(7, 6, 24), [1, 13, 83, 372, 1411, 3757, 4913], 3.17.n_df_oi, 37 
(8, 5, 27), [1, 13, 84, 386, 1428, 3757, 4913], 3.17.n_dg_ow, 66 
(7, 6, 30), [1, 13, 89, 414, 1513, 3757, 4913], 3.17.n_dl_py, 43 
(8, 5, 33), [1, 13, 90, 434, 1530, 3757, 4913], 3.17.n_dm_qs, 72 
(6, 7, 37), [1, 13, 96, 460, 1632, 3757, 4913], 3.17.n_ds_rs, 24 
(8, 5, 39), [1, 13, 96, 482, 1632, 3757, 4913], 3.17.n_ds_so, 78 
(2, 11, 57), [1, 13, 96, 488, 1632, 3757, 4913], 3.17.n_ds_su, -60 
(6, 7, 38), [1, 13, 97, 466, 1649, 3757, 4913], 3.17.n_dt_ry, 25 
(2, 11, 59), [1, 13, 98, 492, 1666, 3757, 4913], 3.17.n_du_sy, -58 
(7, 6, 40), [1, 13, 99, 484, 1683, 3757, 4913], 3.17.n_dv_sq, 53 
(3, 10, 52), [1, 13, 99, 496, 1683, 3757, 4913], 3.17.n_dv_tc, -39 
(6, 7, 42), [1, 13, 101, 490, 1717, 3757, 4913], 3.17.n_dx_sw, 29 
(6, 7, 43), [1, 13, 102, 496, 1734, 3757, 4913], 3.17.n_dy_tc, 30 
(8, 6, 20), [1, 14, 85, 364, 1445, 4046, 4913], 3.17.o_dh_oa, 48 
(8, 6, 21), [1, 14, 86, 372, 1462, 4046, 4913], 3.17.o_di_oi, 49 
(7, 7, 29), [1, 14, 95, 441, 1615, 4046, 4913], 3.17.o_dr_qz, 29 
(7, 7, 31), [1, 14, 97, 455, 1649, 4046, 4913], 3.17.o_dt_rn, 31 
(8, 6, 33), [1, 14, 98, 468, 1666, 4046, 4913], 3.17.o_du_sa, 61 
(7, 7, 37), [1, 14, 103, 497, 1751, 4046, 4913], 3.17.o_dz_td, 37 
(8, 6, 41), [1, 14, 106, 532, 1802, 4046, 4913], 3.17.o_ec_um, 69 
(4, 10, 49), [1, 14, 106, 536, 1802, 4046, 4913], 3.17.o_ec_uq, -35 
(7, 7, 41), [1, 14, 107, 525, 1819, 4046, 4913], 3.17.o_ed_uf, 41 
(4, 10, 53), [1, 14, 110, 552, 1870, 4046, 4913], 3.17.o_eg_vg, -31 
(7, 7, 45), [1, 14, 111, 553, 1887, 4046, 4913], 3.17.o_eh_vh, 45 
(3, 11, 61), [1, 14, 111, 557, 1887, 4046, 4913], 3.17.o_eh_vl, -51 
(8, 7, 24), [1, 15, 97, 430, 1649, 4335, 4913], 3.17.p_dt_qo, 39 
(8, 7, 28), [1, 15, 101, 462, 1717, 4335, 4913], 3.17.p_dx_ru, 43 
(8, 7, 29), [1, 15, 102, 470, 1734, 4335, 4913], 3.17.p_dy_sc, 44 
(8, 7, 30), [1, 15, 103, 478, 1751, 4335, 4913], 3.17.p_dz_sk, 45 
(8, 7, 31), [1, 15, 104, 486, 1768, 4335, 4913], 3.17.p_ea_ss, 46 
(7, 8, 36), [1, 15, 109, 524, 1853, 4335, 4913], 3.17.p_ef_ue, 21 
(8, 7, 37), [1, 15, 110, 534, 1870, 4335, 4913], 3.17.p_eg_uo, 52 
(7, 8, 38), [1, 15, 111, 538, 1887, 4335, 4913], 3.17.p_eh_us, 23 
(6, 9, 45), [1, 15, 116, 576, 1972, 4335, 4913], 3.17.p_em_we, 0 
(7, 8, 44), [1, 15, 117, 580, 1989, 4335, 4913], 3.17.p_en_wi, 29 
(6, 9, 46), [1, 15, 117, 582, 1989, 4335, 4913], 3.17.p_en_wk, 1 
(2, 13, 75), [1, 15, 118, 592, 2006, 4335, 4913], 3.17.p_eo_wu, -90 
(8, 7, 45), [1, 15, 118, 598, 2006, 4335, 4913], 3.17.p_eo_xa, 60 
(4, 11, 57), [1, 15, 118, 602, 2006, 4335, 4913], 3.17.p_eo_xe, -48 
(6, 9, 49), [1, 15, 120, 600, 2040, 4335, 4913], 3.17.p_eq_xc, 4 
(4, 11, 59), [1, 15, 120, 610, 2040, 4335, 4913], 3.17.p_eq_xm, -46 
(6, 9, 50), [1, 15, 121, 606, 2057, 4335, 4913], 3.17.p_er_xi, 5 
(4, 11, 60), [1, 15, 121, 614, 2057, 4335, 4913], 3.17.p_er_xq, -45 
(5, 10, 56), [1, 15, 123, 620, 2091, 4335, 4913], 3.17.p_et_xw, -19 
(8, 8, 38), [1, 16, 119, 576, 2023, 4624, 4913], 3.17.q_ep_we, 38 
(8, 8, 39), [1, 16, 120, 584, 2040, 4624, 4913], 3.17.q_eq_wm, 39 
(8, 8, 40), [1, 16, 121, 592, 2057, 4624, 4913], 3.17.q_er_wu, 40 
(8, 8, 43), [1, 16, 124, 616, 2108, 4624, 4913], 3.17.q_eu_xs, 43 
(7, 9, 45), [1, 16, 125, 621, 2125, 4624, 4913], 3.17.q_ev_xx, 13 
(8, 8, 44), [1, 16, 125, 624, 2125, 4624, 4913], 3.17.q_ev_ya, 44 
(8, 8, 47), [1, 16, 128, 648, 2176, 4624, 4913], 3.17.q_ey_yy, 47 
(8, 8, 48), [1, 16, 129, 656, 2193, 4624, 4913], 3.17.q_ez_zg, 48 
(5, 11, 57), [1, 16, 129, 659, 2193, 4624, 4913], 3.17.q_ez_zj, -39 
(7, 9, 50), [1, 16, 130, 656, 2210, 4624, 4913], 3.17.q_fa_zg, 18 
(6, 10, 54), [1, 16, 131, 664, 2227, 4624, 4913], 3.17.q_fb_zo, -10 
(5, 11, 59), [1, 16, 131, 669, 2227, 4624, 4913], 3.17.q_fb_zt, -37 
(5, 11, 60), [1, 16, 132, 674, 2244, 4624, 4913], 3.17.q_fc_zy, -36 
(7, 9, 53), [1, 16, 133, 677, 2261, 4624, 4913], 3.17.q_fd_bab, 21 
(5, 11, 61), [1, 16, 133, 679, 2261, 4624, 4913], 3.17.q_fd_bad, -35 
(8, 9, 44), [1, 17, 133, 658, 2261, 4913, 4913], 3.17.r_fd_zi, 27 
(8, 9, 45), [1, 17, 134, 666, 2278, 4913, 4913], 3.17.r_fe_zq, 28 
(8, 9, 46), [1, 17, 135, 674, 2295, 4913, 4913], 3.17.r_ff_zy, 29 
(8, 9, 47), [1, 17, 136, 682, 2312, 4913, 4913], 3.17.r_fg_bag, 30 
(7, 10, 52), [1, 17, 139, 704, 2363, 4913, 4913], 3.17.r_fj_bbc, 1 
(8, 9, 50), [1, 17, 139, 706, 2363, 4913, 4913], 3.17.r_fj_bbe, 33 
(6, 11, 57), [1, 17, 140, 716, 2380, 4913, 4913], 3.17.r_fk_bbo, -28 
(6, 11, 59), [1, 17, 142, 728, 2414, 4913, 4913], 3.17.r_fm_bca, -26 
(8, 9, 53), [1, 17, 142, 730, 2414, 4913, 4913], 3.17.r_fm_bcc, 36 
(6, 11, 60), [1, 17, 143, 734, 2431, 4913, 4913], 3.17.r_fn_bcg, -25 
(6, 11, 61), [1, 17, 144, 740, 2448, 4913, 4913], 3.17.r_fo_bcm, -24 
(4, 13, 75), [1, 17, 144, 742, 2448, 4913, 4913], 3.17.r_fo_bco, -78 
(8, 10, 53), [1, 18, 150, 764, 2550, 5202, 4913], 3.17.s_fu_bdk, 17 
(8, 10, 54), [1, 18, 151, 772, 2567, 5202, 4913], 3.17.s_fv_bds, 18 
(7, 11, 57), [1, 18, 151, 773, 2567, 5202, 4913], 3.17.s_fv_bdt, -15 
(7, 11, 59), [1, 18, 153, 787, 2601, 5202, 4913], 3.17.s_fx_beh, -13 
(8, 10, 56), [1, 18, 153, 788, 2601, 5202, 4913], 3.17.s_fx_bei, 20 
(8, 10, 57), [1, 18, 154, 796, 2618, 5202, 4913], 3.17.s_fy_beq, 21 
(6, 12, 65), [1, 18, 154, 798, 2618, 5202, 4913], 3.17.s_fy_bes, -43 
(6, 12, 67), [1, 18, 156, 810, 2652, 5202, 4913], 3.17.s_ga_bfe, -41 
