(-8, -12, 67), [1, -20, 182, -992, 3458, -7220, 6859], 3.19.au_ha_abme, -13 
(-8, -12, 68), [1, -20, 183, -1000, 3477, -7220, 6859], 3.19.au_hb_abmm, -12 
(-5, -15, 93), [1, -20, 187, -1035, 3553, -7220, 6859], 3.19.au_hf_abnv, -107 
(-7, -13, 77), [1, -20, 187, -1033, 3553, -7220, 6859], 3.19.au_hf_abnt, -43 
(-8, -11, 58), [1, -19, 165, -882, 3135, -6859, 6859], 3.19.at_gj_abhy, 1 
(-8, -11, 59), [1, -19, 166, -890, 3154, -6859, 6859], 3.19.at_gk_abig, 2 
(-8, -11, 60), [1, -19, 167, -898, 3173, -6859, 6859], 3.19.at_gl_abio, 3 
(-7, -12, 68), [1, -19, 171, -932, 3249, -6859, 6859], 3.19.at_gp_abjw, -27 
(-8, -11, 64), [1, -19, 171, -930, 3249, -6859, 6859], 3.19.at_gp_abju, 7 
(-4, -15, 93), [1, -19, 172, -942, 3268, -6859, 6859], 3.19.at_gq_abkg, -116 
(-8, -11, 65), [1, -19, 172, -938, 3268, -6859, 6859], 3.19.at_gq_abkc, 8 
(-6, -13, 77), [1, -19, 174, -956, 3306, -6859, 6859], 3.19.at_gs_abku, -56 
(-8, -11, 67), [1, -19, 174, -954, 3306, -6859, 6859], 3.19.at_gs_abks, 10 
(-8, -10, 56), [1, -18, 155, -828, 2945, -6498, 6859], 3.19.as_fz_abfw, 20 
(-7, -11, 60), [1, -18, 156, -838, 2964, -6498, 6859], 3.19.as_ga_abgg, -12 
(-3, -15, 93), [1, -18, 157, -849, 2983, -6498, 6859], 3.19.as_gb_abgr, -123 
(-7, -11, 61), [1, -18, 157, -845, 2983, -6498, 6859], 3.19.as_gb_abgn, -11 
(-6, -12, 67), [1, -18, 158, -858, 3002, -6498, 6859], 3.19.as_gc_abha, -41 
(-7, -11, 63), [1, -18, 159, -859, 3021, -6498, 6859], 3.19.as_gd_abhb, -9 
(-6, -12, 69), [1, -18, 160, -870, 3040, -6498, 6859], 3.19.as_ge_abhm, -39 
(-8, -10, 61), [1, -18, 160, -868, 3040, -6498, 6859], 3.19.as_ge_abhk, 25 
(-7, -11, 64), [1, -18, 160, -866, 3040, -6498, 6859], 3.19.as_ge_abhi, -8 
(-6, -12, 71), [1, -18, 162, -882, 3078, -6498, 6859], 3.19.as_gg_abhy, -37 
(-6, -12, 72), [1, -18, 163, -888, 3097, -6498, 6859], 3.19.as_gh_abie, -36 
(-8, -9, 41), [1, -17, 132, -670, 2508, -6137, 6859], 3.19.ar_fc_azu, 24 
(-8, -9, 42), [1, -17, 133, -678, 2527, -6137, 6859], 3.19.ar_fd_abac, 25 
(-8, -9, 43), [1, -17, 134, -686, 2546, -6137, 6859], 3.19.ar_fe_abak, 26 
(-8, -9, 44), [1, -17, 135, -694, 2565, -6137, 6859], 3.19.ar_ff_abas, 27 
(-7, -10, 50), [1, -17, 139, -730, 2641, -6137, 6859], 3.19.ar_fj_abcc, -1 
(-8, -9, 48), [1, -17, 139, -726, 2641, -6137, 6859], 3.19.ar_fj_abby, 31 
(-8, -9, 49), [1, -17, 140, -734, 2660, -6137, 6859], 3.19.ar_fk_abcg, 32 
(-7, -10, 52), [1, -17, 141, -744, 2679, -6137, 6859], 3.19.ar_fl_abcq, 1 
(-8, -9, 50), [1, -17, 141, -742, 2679, -6137, 6859], 3.19.ar_fl_abco, 33 
(-8, -9, 51), [1, -17, 142, -750, 2698, -6137, 6859], 3.19.ar_fm_abcw, 34 
(-6, -11, 58), [1, -17, 143, -766, 2717, -6137, 6859], 3.19.ar_fn_abdm, -27 
(-6, -11, 59), [1, -17, 144, -772, 2736, -6137, 6859], 3.19.ar_fo_abds, -26 
(-7, -10, 56), [1, -17, 145, -772, 2755, -6137, 6859], 3.19.ar_fp_abds, 5 
(-4, -13, 77), [1, -17, 148, -802, 2812, -6137, 6859], 3.19.ar_fs_abew, -76 
(-6, -11, 64), [1, -17, 149, -802, 2831, -6137, 6859], 3.19.ar_ft_abew, -21 
(-4, -13, 79), [1, -17, 150, -810, 2850, -6137, 6859], 3.19.ar_fu_abfe, -74 
(-6, -11, 65), [1, -17, 150, -808, 2850, -6137, 6859], 3.19.ar_fu_abfc, -20 
(-8, -8, 35), [1, -16, 118, -584, 2242, -5776, 6859], 3.19.aq_eo_awm, 35 
(-8, -8, 41), [1, -16, 124, -632, 2356, -5776, 6859], 3.19.aq_eu_ayi, 41 
(-6, -10, 51), [1, -16, 130, -686, 2470, -5776, 6859], 3.19.aq_fa_abak, -13 
(-7, -9, 49), [1, -16, 131, -685, 2489, -5776, 6859], 3.19.aq_fb_abaj, 17 
(-8, -8, 51), [1, -16, 134, -712, 2546, -5776, 6859], 3.19.aq_fe_abbk, 51 
(-6, -10, 55), [1, -16, 134, -710, 2546, -5776, 6859], 3.19.aq_fe_abbi, -9 
(-4, -12, 68), [1, -16, 135, -728, 2565, -5776, 6859], 3.19.aq_ff_abca, -60 
(-3, -13, 77), [1, -16, 135, -725, 2565, -5776, 6859], 3.19.aq_ff_abbx, -83 
(-7, -9, 55), [1, -16, 137, -727, 2603, -5776, 6859], 3.19.aq_fh_abbz, 23 
(-5, -11, 65), [1, -16, 139, -743, 2641, -5776, 6859], 3.19.aq_fj_abcp, -31 
(-6, -10, 60), [1, -16, 139, -740, 2641, -5776, 6859], 3.19.aq_fj_abcm, -4 
(-8, -7, 26), [1, -15, 101, -474, 1919, -5415, 6859], 3.19.ap_dx_asg, 41 
(-8, -7, 27), [1, -15, 102, -482, 1938, -5415, 6859], 3.19.ap_dy_aso, 42 
(-8, -7, 28), [1, -15, 103, -490, 1957, -5415, 6859], 3.19.ap_dz_asw, 43 
(-8, -7, 32), [1, -15, 107, -522, 2033, -5415, 6859], 3.19.ap_ed_auc, 47 
(-8, -7, 33), [1, -15, 108, -530, 2052, -5415, 6859], 3.19.ap_ee_auk, 48 
(-8, -7, 34), [1, -15, 109, -538, 2071, -5415, 6859], 3.19.ap_ef_aus, 49 
(-7, -8, 42), [1, -15, 117, -598, 2223, -5415, 6859], 3.19.ap_en_axa, 27 
(-4, -11, 58), [1, -15, 121, -650, 2299, -5415, 6859], 3.19.ap_er_aza, -47 
(-2, -13, 77), [1, -15, 122, -648, 2318, -5415, 6859], 3.19.ap_es_ayy, -88 
(-3, -12, 68), [1, -15, 123, -660, 2337, -5415, 6859], 3.19.ap_et_azk, -67 
(-7, -8, 48), [1, -15, 123, -640, 2337, -5415, 6859], 3.19.ap_et_ayq, 33 
(-4, -11, 63), [1, -15, 126, -670, 2394, -5415, 6859], 3.19.ap_ew_azu, -42 
(-6, -9, 53), [1, -15, 126, -660, 2394, -5415, 6859], 3.19.ap_ew_azk, 8 
(-4, -11, 64), [1, -15, 127, -674, 2413, -5415, 6859], 3.19.ap_ex_azy, -41 
(-6, -9, 54), [1, -15, 127, -666, 2413, -5415, 6859], 3.19.ap_ex_azq, 9 
(-5, -10, 60), [1, -15, 129, -680, 2451, -5415, 6859], 3.19.ap_ez_abae, -15 
(-8, -6, 17), [1, -14, 84, -364, 1596, -5054, 6859], 3.19.ao_dg_aoa, 45 
(-8, -6, 25), [1, -14, 92, -428, 1748, -5054, 6859], 3.19.ao_do_aqm, 53 
(-7, -7, 35), [1, -14, 103, -511, 1957, -5054, 6859], 3.19.ao_dz_atr, 35 
(-6, -8, 39), [1, -14, 106, -538, 2014, -5054, 6859], 3.19.ao_ec_aus, 11 
(-7, -7, 41), [1, -14, 109, -553, 2071, -5054, 6859], 3.19.ao_ef_avh, 41 
(-2, -12, 67), [1, -14, 110, -590, 2090, -5054, 6859], 3.19.ao_eg_aws, -73 
(-3, -11, 59), [1, -14, 111, -595, 2109, -5054, 6859], 3.19.ao_eh_awx, -53 
(-6, -8, 47), [1, -14, 114, -586, 2166, -5054, 6859], 3.19.ao_ek_awo, 19 
(-3, -11, 64), [1, -14, 116, -610, 2204, -5054, 6859], 3.19.ao_em_axm, -48 
(-3, -11, 65), [1, -14, 117, -613, 2223, -5054, 6859], 3.19.ao_en_axp, -47 
(-3, -11, 67), [1, -14, 119, -619, 2261, -5054, 6859], 3.19.ao_ep_axv, -45 
(-5, -9, 55), [1, -14, 119, -617, 2261, -5054, 6859], 3.19.ao_ep_axt, -1 
(-8, -5, 11), [1, -13, 70, -278, 1330, -4693, 6859], 3.19.an_cs_aks, 50 
(-8, -5, 12), [1, -13, 71, -286, 1349, -4693, 6859], 3.19.an_ct_ala, 51 
(-8, -5, 16), [1, -13, 75, -318, 1425, -4693, 6859], 3.19.an_cx_amg, 55 
(-8, -5, 17), [1, -13, 76, -326, 1444, -4693, 6859], 3.19.an_cy_amo, 56 
(-8, -5, 23), [1, -13, 82, -374, 1558, -4693, 6859], 3.19.an_de_aok, 62 
(-7, -6, 28), [1, -13, 89, -424, 1691, -4693, 6859], 3.19.an_dl_aqi, 41 
(-7, -6, 34), [1, -13, 95, -466, 1805, -4693, 6859], 3.19.an_dr_ary, 47 
(-4, -9, 41), [1, -13, 96, -506, 1824, -4693, 6859], 3.19.an_ds_atm, -24 
(-2, -11, 58), [1, -13, 99, -534, 1881, -4693, 6859], 3.19.an_dv_auo, -59 
(-3, -10, 50), [1, -13, 99, -530, 1881, -4693, 6859], 3.19.an_dv_auk, -41 
(-2, -11, 59), [1, -13, 100, -536, 1900, -4693, 6859], 3.19.an_dw_auq, -58 
(-2, -11, 60), [1, -13, 101, -538, 1919, -4693, 6859], 3.19.an_dx_aus, -57 
(-6, -7, 40), [1, -13, 101, -506, 1919, -4693, 6859], 3.19.an_dx_atm, 27 
(-6, -7, 41), [1, -13, 102, -512, 1938, -4693, 6859], 3.19.an_dy_ats, 28 
(-6, -7, 42), [1, -13, 103, -518, 1957, -4693, 6859], 3.19.an_dz_aty, 29 
(-3, -10, 56), [1, -13, 105, -548, 1995, -4693, 6859], 3.19.an_eb_avc, -35 
(-6, -7, 46), [1, -13, 107, -542, 2033, -4693, 6859], 3.19.an_ed_auw, 33 
(-6, -7, 47), [1, -13, 108, -548, 2052, -4693, 6859], 3.19.an_ee_avc, 34 
(-4, -9, 55), [1, -13, 110, -562, 2090, -4693, 6859], 3.19.an_eg_avq, -10 
(-7, -5, 21), [1, -12, 75, -337, 1425, -4332, 6859], 3.19.am_cx_amz, 45 
(-7, -5, 27), [1, -12, 81, -379, 1539, -4332, 6859], 3.19.am_dd_aop, 51 
(-3, -9, 53), [1, -12, 99, -501, 1881, -4332, 6859], 3.19.am_dv_ath, -19 
(-5, -7, 45), [1, -12, 99, -491, 1881, -4332, 6859], 3.19.am_dv_asx, 21 
(-8, -3, -6), [1, -11, 37, -66, 703, -3971, 6859], 3.19.al_bl_aco, 49 
(-8, -3, -5), [1, -11, 38, -74, 722, -3971, 6859], 3.19.al_bm_acw, 50 
(-8, -3, -4), [1, -11, 39, -82, 741, -3971, 6859], 3.19.al_bn_ade, 51 
(-8, -3, 1), [1, -11, 44, -122, 836, -3971, 6859], 3.19.al_bs_aes, 56 
(-7, -4, 14), [1, -11, 61, -250, 1159, -3971, 6859], 3.19.al_cj_ajq, 47 
(-7, -4, 20), [1, -11, 67, -292, 1273, -3971, 6859], 3.19.al_cp_alg, 53 
(-2, -9, 41), [1, -11, 78, -424, 1482, -3971, 6859], 3.19.al_da_aqi, -36 
(-6, -5, 29), [1, -11, 78, -364, 1482, -3971, 6859], 3.19.al_da_aoa, 40 
(-1, -10, 50), [1, -11, 79, -430, 1501, -3971, 6859], 3.19.al_db_aqo, -49 
(-6, -5, 30), [1, -11, 79, -370, 1501, -3971, 6859], 3.19.al_db_aog, 41 
(-6, -5, 34), [1, -11, 83, -394, 1577, -3971, 6859], 3.19.al_df_ape, 45 
(-6, -5, 35), [1, -11, 84, -400, 1596, -3971, 6859], 3.19.al_dg_apk, 46 
(-2, -9, 49), [1, -11, 86, -440, 1634, -3971, 6859], 3.19.al_di_aqy, -28 
(-2, -9, 50), [1, -11, 87, -442, 1653, -3971, 6859], 3.19.al_dj_ara, -27 
(-5, -6, 40), [1, -11, 89, -428, 1691, -3971, 6859], 3.19.al_dl_aqm, 29 
(-2, -9, 54), [1, -11, 91, -450, 1729, -3971, 6859], 3.19.al_dn_ari, -23 
(-2, -9, 55), [1, -11, 92, -452, 1748, -3971, 6859], 3.19.al_do_ark, -22 
(-4, -7, 47), [1, -11, 94, -454, 1786, -3971, 6859], 3.19.al_dq_arm, 14 
(-8, -2, -12), [1, -10, 23, 20, 437, -3610, 6859], 3.19.ak_x_u, 48 
(-8, -2, -8), [1, -10, 27, -12, 513, -3610, 6859], 3.19.ak_bb_am, 52 
(-7, -3, -11), [1, -10, 29, -37, 551, -3610, 6859], 3.19.ak_bd_abl, 29 
(-7, -3, 5), [1, -10, 45, -149, 855, -3610, 6859], 3.19.ak_bt_aft, 45 
(-7, -3, 7), [1, -10, 47, -163, 893, -3610, 6859], 3.19.ak_bv_agh, 47 
(-7, -3, 13), [1, -10, 53, -205, 1007, -3610, 6859], 3.19.ak_cb_ahx, 53 
(-1, -9, 43), [1, -10, 71, -385, 1349, -3610, 6859], 3.19.ak_ct_aov, -37 
(-6, -4, 31), [1, -10, 74, -338, 1406, -3610, 6859], 3.19.ak_cw_ana, 51 
(-1, -9, 49), [1, -10, 77, -391, 1463, -3610, 6859], 3.19.ak_cz_apb, -31 
(-5, -5, 35), [1, -10, 79, -365, 1501, -3610, 6859], 3.19.ak_db_aob, 35 
(-2, -8, 47), [1, -10, 82, -398, 1558, -3610, 6859], 3.19.ak_de_api, -13 
(-5, -5, 41), [1, -10, 85, -395, 1615, -3610, 6859], 3.19.ak_dh_apf, 41 
(-3, -7, 47), [1, -10, 87, -407, 1653, -3610, 6859], 3.19.ak_dj_apr, 7 
(-5, -5, 43), [1, -10, 87, -405, 1653, -3610, 6859], 3.19.ak_dj_app, 43 
(-8, -1, -29), [1, -9, -2, 194, -38, -3249, 6859], 3.19.aj_ac_hm, 34 
(-8, -1, -21), [1, -9, 6, 130, 114, -3249, 6859], 3.19.aj_g_fa, 42 
(-8, -1, -20), [1, -9, 7, 122, 133, -3249, 6859], 3.19.aj_h_es, 43 
(-8, -1, -16), [1, -9, 11, 90, 209, -3249, 6859], 3.19.aj_l_dm, 47 
(-8, -1, -15), [1, -9, 12, 82, 228, -3249, 6859], 3.19.aj_m_de, 48 
(-8, -1, -14), [1, -9, 13, 74, 247, -3249, 6859], 3.19.aj_n_cw, 49 
(-7, -2, 6), [1, -9, 39, -118, 741, -3249, 6859], 3.19.aj_bn_aeo, 51 
(-6, -3, 17), [1, -9, 54, -216, 1026, -3249, 6859], 3.19.aj_cc_aii, 44 
(-6, -3, 18), [1, -9, 55, -222, 1045, -3249, 6859], 3.19.aj_cd_aio, 45 
(-6, -3, 22), [1, -9, 59, -246, 1121, -3249, 6859], 3.19.aj_ch_ajm, 49 
(-6, -3, 23), [1, -9, 60, -252, 1140, -3249, 6859], 3.19.aj_ci_ajs, 50 
(-1, -8, 42), [1, -9, 69, -346, 1311, -3249, 6859], 3.19.aj_cr_ani, -21 
(-5, -4, 30), [1, -9, 69, -302, 1311, -3249, 6859], 3.19.aj_cr_alq, 39 
(-1, -8, 48), [1, -9, 75, -352, 1425, -3249, 6859], 3.19.aj_cx_ano, -15 
(-5, -4, 36), [1, -9, 75, -332, 1425, -3249, 6859], 3.19.aj_cx_amu, 45 
(-2, -7, 45), [1, -9, 78, -356, 1482, -3249, 6859], 3.19.aj_da_ans, 0 
(-4, -5, 39), [1, -9, 78, -346, 1482, -3249, 6859], 3.19.aj_da_ani, 30 
(-2, -7, 46), [1, -9, 79, -358, 1501, -3249, 6859], 3.19.aj_db_anu, 1 
(-4, -5, 40), [1, -9, 79, -350, 1501, -3249, 6859], 3.19.aj_db_anm, 31 
(-3, -6, 44), [1, -9, 81, -360, 1539, -3249, 6859], 3.19.aj_dd_anw, 17 
(-8, 0, -37), [1, -8, -18, 296, -342, -2888, 6859], 3.19.ai_as_lk, 27 
(-8, 0, -36), [1, -8, -17, 288, -323, -2888, 6859], 3.19.ai_ar_lc, 28 
(-8, 0, -35), [1, -8, -16, 280, -304, -2888, 6859], 3.19.ai_aq_ku, 29 
(-8, 0, -29), [1, -8, -10, 232, -190, -2888, 6859], 3.19.ai_ak_iy, 35 
(-8, 0, -28), [1, -8, -9, 224, -171, -2888, 6859], 3.19.ai_aj_iq, 36 
(-8, 0, -24), [1, -8, -5, 192, -95, -2888, 6859], 3.19.ai_af_hk, 40 
(-8, 0, -21), [1, -8, -2, 168, -38, -2888, 6859], 3.19.ai_ac_gm, 43 
(-7, -1, -7), [1, -8, 19, 11, 361, -2888, 6859], 3.19.ai_t_l, 41 
(-7, -1, -1), [1, -8, 25, -31, 475, -2888, 6859], 3.19.ai_z_abf, 47 
(1, -9, 41), [1, -8, 51, -301, 969, -2888, 6859], 3.19.ai_bz_alp, -39 
(-5, -3, 25), [1, -8, 59, -239, 1121, -2888, 6859], 3.19.ai_ch_ajf, 41 
(-5, -3, 31), [1, -8, 65, -269, 1235, -2888, 6859], 3.19.ai_cn_akj, 47 
(-1, -7, 41), [1, -8, 67, -307, 1273, -2888, 6859], 3.19.ai_cp_alv, -7 
(-1, -7, 47), [1, -8, 73, -313, 1387, -2888, 6859], 3.19.ai_cv_amb, -1 
(-3, -5, 41), [1, -8, 75, -313, 1425, -2888, 6859], 3.19.ai_cx_amb, 25 
(-8, 1, -29), [1, -7, -18, 270, -342, -2527, 6859], 3.19.ah_as_kk, 34 
(-7, 0, -36), [1, -7, -17, 252, -323, -2527, 6859], 3.19.ah_ar_js, 13 
(-6, -1, -29), [1, -7, -4, 136, -76, -2527, 6859], 3.19.ah_ae_fg, 6 
(-7, 0, -22), [1, -7, -3, 154, -57, -2527, 6859], 3.19.ah_ad_fy, 27 
(-7, 0, -20), [1, -7, -1, 140, -19, -2527, 6859], 3.19.ah_ab_fk, 29 
(-7, 0, -14), [1, -7, 5, 98, 95, -2527, 6859], 3.19.ah_f_du, 35 
(-7, 0, -8), [1, -7, 11, 56, 209, -2527, 6859], 3.19.ah_l_ce, 41 
(-6, -1, 5), [1, -7, 30, -68, 570, -2527, 6859], 3.19.ah_be_acq, 40 
(-6, -1, 6), [1, -7, 31, -74, 589, -2527, 6859], 3.19.ah_bf_acw, 41 
(-6, -1, 10), [1, -7, 35, -98, 665, -2527, 6859], 3.19.ah_bj_adu, 45 
(-6, -1, 11), [1, -7, 36, -104, 684, -2527, 6859], 3.19.ah_bk_aea, 46 
(1, -8, 32), [1, -7, 43, -272, 817, -2527, 6859], 3.19.ah_br_akm, -31 
(-5, -2, 20), [1, -7, 49, -176, 931, -2527, 6859], 3.19.ah_bx_agu, 41 
(-5, -2, 26), [1, -7, 55, -206, 1045, -2527, 6859], 3.19.ah_cd_ahy, 47 
(-4, -3, 31), [1, -7, 62, -238, 1178, -2527, 6859], 3.19.ah_ck_aje, 38 
(-4, -3, 32), [1, -7, 63, -242, 1197, -2527, 6859], 3.19.ah_cl_aji, 39 
(-1, -6, 40), [1, -7, 65, -268, 1235, -2527, 6859], 3.19.ah_cn_aki, 5 
(-4, -3, 36), [1, -7, 67, -258, 1273, -2527, 6859], 3.19.ah_cp_ajy, 43 
(-4, -3, 37), [1, -7, 68, -262, 1292, -2527, 6859], 3.19.ah_cq_akc, 44 
(-2, -5, 41), [1, -7, 70, -272, 1330, -2527, 6859], 3.19.ah_cs_akm, 20 
(-8, 2, -20), [1, -6, -17, 236, -323, -2166, 6859], 3.19.ag_ar_jc, 40 
(-7, 1, -29), [1, -6, -17, 241, -323, -2166, 6859], 3.19.ag_ar_jh, 19 
(-7, 1, -25), [1, -6, -13, 213, -247, -2166, 6859], 3.19.ag_an_if, 23 
(-7, 1, -24), [1, -6, -12, 206, -228, -2166, 6859], 3.19.ag_am_hy, 24 
(-7, 1, -23), [1, -6, -11, 199, -209, -2166, 6859], 3.19.ag_al_hr, 25 
(-7, 1, -21), [1, -6, -9, 185, -171, -2166, 6859], 3.19.ag_aj_hd, 27 
(-7, 1, -15), [1, -6, -3, 143, -57, -2166, 6859], 3.19.ag_ad_fn, 33 
(1, -7, 27), [1, -6, 39, -239, 741, -2166, 6859], 3.19.ag_bn_ajf, -21 
(-5, -1, 15), [1, -6, 39, -113, 741, -2166, 6859], 3.19.ag_bn_aej, 39 
(1, -7, 28), [1, -6, 40, -238, 760, -2166, 6859], 3.19.ag_bo_aje, -20 
(1, -7, 33), [1, -6, 45, -233, 855, -2166, 6859], 3.19.ag_bt_aiz, -15 
(-5, -1, 21), [1, -6, 45, -143, 855, -2166, 6859], 3.19.ag_bt_afn, 45 
(-1, -5, 39), [1, -6, 63, -229, 1197, -2166, 6859], 3.19.ag_cl_aiv, 15 
(-3, -3, 35), [1, -6, 63, -219, 1197, -2166, 6859], 3.19.ag_cl_ail, 35 
(-2, -4, 39), [1, -6, 66, -230, 1254, -2166, 6859], 3.19.ag_co_aiw, 27 
(-5, 0, -36), [1, -5, -17, 180, -323, -1805, 6859], 3.19.af_ar_gy, -11 
(-6, 1, -29), [1, -5, -16, 212, -304, -1805, 6859], 3.19.af_aq_ie, 6 
(-7, 2, -20), [1, -5, -15, 216, -285, -1805, 6859], 3.19.af_ap_ii, 25 
(-5, 0, -20), [1, -5, -1, 100, -19, -1805, 6859], 3.19.af_ab_dw, 5 
(-6, 1, -7), [1, -5, 6, 80, 114, -1805, 6859], 3.19.af_g_dc, 28 
(-6, 1, -6), [1, -5, 7, 74, 133, -1805, 6859], 3.19.af_h_cw, 29 
(-6, 1, -2), [1, -5, 11, 50, 209, -1805, 6859], 3.19.af_l_by, 33 
(-6, 1, -1), [1, -5, 12, 44, 228, -1805, 6859], 3.19.af_m_bs, 34 
(-5, 0, 10), [1, -5, 29, -50, 551, -1805, 6859], 3.19.af_bd_aby, 35 
(-5, 0, 16), [1, -5, 35, -80, 665, -1805, 6859], 3.19.af_bj_adc, 41 
(1, -6, 28), [1, -5, 41, -200, 779, -1805, 6859], 3.19.af_bp_ahs, -7 
(-4, -1, 23), [1, -5, 46, -130, 874, -1805, 6859], 3.19.af_bu_afa, 38 
(1, -6, 34), [1, -5, 47, -194, 893, -1805, 6859], 3.19.af_bv_ahm, -1 
(-4, -1, 24), [1, -5, 47, -134, 893, -1805, 6859], 3.19.af_bv_afe, 39 
(-4, -1, 28), [1, -5, 51, -150, 969, -1805, 6859], 3.19.af_bz_afu, 43 
(-4, -1, 29), [1, -5, 52, -154, 988, -1805, 6859], 3.19.af_ca_afy, 44 
(-3, -2, 32), [1, -5, 57, -172, 1083, -1805, 6859], 3.19.af_cf_agq, 37 
(-2, -3, 37), [1, -5, 62, -188, 1178, -1805, 6859], 3.19.af_ck_ahg, 32 
(-4, 0, -37), [1, -4, -18, 148, -342, -1444, 6859], 3.19.ae_as_fs, -21 
(-3, -1, -29), [1, -4, -7, 49, -133, -1444, 6859], 3.19.ae_ah_bx, -21 
(-6, 2, -7), [1, -4, 0, 118, 0, -1444, 6859], 3.19.ae_a_eo, 25 
(-5, 1, 5), [1, -4, 19, 13, 361, -1444, 6859], 3.19.ae_t_n, 29 
(2, -6, 17), [1, -4, 24, -194, 456, -1444, 6859], 3.19.ae_y_ahm, -15 
(-5, 1, 11), [1, -4, 25, -17, 475, -1444, 6859], 3.19.ae_z_ar, 35 
(-4, 0, 11), [1, -4, 30, -44, 570, -1444, 6859], 3.19.ae_be_abs, 27 
(2, -6, 25), [1, -4, 32, -178, 608, -1444, 6859], 3.19.ae_bg_agw, -7 
(-4, 0, 20), [1, -4, 39, -80, 741, -1444, 6859], 3.19.ae_bn_adc, 36 
(1, -5, 29), [1, -4, 43, -161, 817, -1444, 6859], 3.19.ae_br_agf, 5 
(1, -5, 35), [1, -4, 49, -155, 931, -1444, 6859], 3.19.ae_bx_afz, 11 
(1, -5, 37), [1, -4, 51, -153, 969, -1444, 6859], 3.19.ae_bz_afx, 13 
(-3, -1, 29), [1, -4, 51, -125, 969, -1444, 6859], 3.19.ae_bz_aev, 37 
(-1, -3, 35), [1, -4, 57, -149, 1083, -1444, 6859], 3.19.ae_cf_aft, 27 
(-3, -1, 35), [1, -4, 57, -143, 1083, -1444, 6859], 3.19.ae_cf_afn, 43 
(-1, -3, 37), [1, -4, 59, -151, 1121, -1444, 6859], 3.19.ae_ch_afv, 29 
(-6, 3, -11), [1, -3, -10, 180, -190, -1083, 6859], 3.19.ad_ak_gy, 16 
(-5, 2, 6), [1, -3, 15, 46, 285, -1083, 6859], 3.19.ad_p_bu, 27 
(2, -5, 21), [1, -3, 30, -148, 570, -1083, 6859], 3.19.ad_be_afs, 0 
(-4, 1, 15), [1, -3, 30, -22, 570, -1083, 6859], 3.19.ad_be_aw, 30 
(2, -5, 22), [1, -3, 31, -146, 589, -1083, 6859], 3.19.ad_bf_afq, 1 
(-4, 1, 16), [1, -3, 31, -26, 589, -1083, 6859], 3.19.ad_bf_aba, 31 
(2, -5, 26), [1, -3, 35, -138, 665, -1083, 6859], 3.19.ad_bj_afi, 5 
(-4, 1, 20), [1, -3, 35, -42, 665, -1083, 6859], 3.19.ad_bj_abq, 35 
(2, -5, 27), [1, -3, 36, -136, 684, -1083, 6859], 3.19.ad_bk_afg, 6 
(-4, 1, 21), [1, -3, 36, -46, 684, -1083, 6859], 3.19.ad_bk_abu, 36 
(1, -4, 30), [1, -3, 45, -122, 855, -1083, 6859], 3.19.ad_bt_aes, 15 
(-3, 0, 26), [1, -3, 45, -78, 855, -1083, 6859], 3.19.ad_bt_ada, 35 
(1, -4, 36), [1, -3, 51, -116, 969, -1083, 6859], 3.19.ad_bz_aem, 21 
(-3, 0, 32), [1, -3, 51, -96, 969, -1083, 6859], 3.19.ad_bz_ads, 41 
(-2, -1, 33), [1, -3, 54, -104, 1026, -1083, 6859], 3.19.ad_cc_aea, 36 
(-2, -1, 34), [1, -3, 55, -106, 1045, -1083, 6859], 3.19.ad_cd_aec, 37 
(-1, -2, 36), [1, -3, 57, -112, 1083, -1083, 6859], 3.19.ad_cf_aei, 33 
(-2, 0, -37), [1, -2, -18, 74, -342, -722, 6859], 3.19.ac_as_cw, -33 
(-6, 4, -3), [1, -2, -8, 170, -152, -722, 6859], 3.19.ac_ai_go, 17 
(-5, 3, -9), [1, -2, -5, 159, -95, -722, 6859], 3.19.ac_af_gd, 7 
(-5, 3, -5), [1, -2, -1, 139, -19, -722, 6859], 3.19.ac_ab_fj, 11 
(-5, 3, 1), [1, -2, 5, 109, 95, -722, 6859], 3.19.ac_f_ef, 17 
(-2, 0, -13), [1, -2, 6, 26, 114, -722, 6859], 3.19.ac_g_ba, -9 
(3, -5, 9), [1, -2, 13, -163, 247, -722, 6859], 3.19.ac_n_agh, -7 
(3, -5, 11), [1, -2, 15, -157, 285, -722, 6859], 3.19.ac_p_agb, -5 
(3, -5, 16), [1, -2, 20, -142, 380, -722, 6859], 3.19.ac_u_afm, 0 
(3, -5, 17), [1, -2, 21, -139, 399, -722, 6859], 3.19.ac_v_afj, 1 
(-2, 0, 11), [1, -2, 30, -22, 570, -722, 6859], 3.19.ac_be_aw, 15 
(-3, 1, 23), [1, -2, 39, -31, 741, -722, 6859], 3.19.ac_bn_abf, 31 
(-3, 1, 29), [1, -2, 45, -49, 855, -722, 6859], 3.19.ac_bt_abx, 37 
(1, -3, 31), [1, -2, 47, -83, 893, -722, 6859], 3.19.ac_bv_adf, 23 
(1, -3, 37), [1, -2, 53, -77, 1007, -722, 6859], 3.19.ac_cb_acz, 29 
(-1, -1, 35), [1, -2, 55, -73, 1045, -722, 6859], 3.19.ac_cd_acv, 35 
(-1, 0, -36), [1, -1, -17, 36, -323, -361, 6859], 3.19.ab_ar_bk, -35 
(-1, 0, -22), [1, -1, -3, 22, -57, -361, 6859], 3.19.ab_ad_w, -21 
(-1, 0, -20), [1, -1, -1, 20, -19, -361, 6859], 3.19.ab_ab_u, -19 
(-4, 3, 7), [1, -1, 14, 86, 266, -361, 6859], 3.19.ab_o_di, 14 
(-4, 3, 8), [1, -1, 15, 82, 285, -361, 6859], 3.19.ab_p_de, 15 
(-4, 3, 12), [1, -1, 19, 66, 361, -361, 6859], 3.19.ab_t_co, 19 
(-4, 3, 13), [1, -1, 20, 62, 380, -361, 6859], 3.19.ab_u_ck, 20 
(3, -4, 14), [1, -1, 21, -110, 399, -361, 6859], 3.19.ab_v_aeg, 7 
(3, -4, 20), [1, -1, 27, -92, 513, -361, 6859], 3.19.ab_bb_ado, 13 
(-3, 2, 20), [1, -1, 33, 16, 627, -361, 6859], 3.19.ab_bh_q, 25 
(2, -3, 25), [1, -1, 38, -64, 722, -361, 6859], 3.19.ab_bm_acm, 20 
(2, -3, 26), [1, -1, 39, -62, 741, -361, 6859], 3.19.ab_bn_ack, 21 
(-3, 2, 26), [1, -1, 39, -2, 741, -361, 6859], 3.19.ab_bn_ac, 31 
(2, -3, 30), [1, -1, 43, -54, 817, -361, 6859], 3.19.ab_br_acc, 25 
(2, -3, 31), [1, -1, 44, -52, 836, -361, 6859], 3.19.ab_bs_aca, 26 
(-2, 1, 29), [1, -1, 46, -20, 874, -361, 6859], 3.19.ab_bu_au, 32 
(-2, 1, 30), [1, -1, 47, -22, 893, -361, 6859], 3.19.ab_bv_aw, 33 
(1, -2, 32), [1, -1, 49, -44, 931, -361, 6859], 3.19.ab_bx_abs, 29 
(-2, 1, 34), [1, -1, 51, -30, 969, -361, 6859], 3.19.ab_bz_abe, 37 
(-2, 1, 35), [1, -1, 52, -32, 988, -361, 6859], 3.19.ab_ca_abg, 38 
(4, -4, 8), [1, 0, 11, -120, 209, 0, 6859], 3.19.a_l_aeq, 8 
(-4, 4, 8), [1, 0, 11, 120, 209, 0, 6859], 3.19.a_l_eq, 8 
(3, -3, 17), [1, 0, 27, -63, 513, 0, 6859], 3.19.a_bb_acl, 17 
(-3, 3, 17), [1, 0, 27, 63, 513, 0, 6859], 3.19.a_bb_cl, 17 
(3, -3, 23), [1, 0, 33, -45, 627, 0, 6859], 3.19.a_bh_abt, 23 
(-3, 3, 23), [1, 0, 33, 45, 627, 0, 6859], 3.19.a_bh_bt, 23 
(2, -2, 33), [1, 0, 48, -10, 912, 0, 6859], 3.19.a_bw_ak, 33 
(-2, 2, 33), [1, 0, 48, 10, 912, 0, 6859], 3.19.a_bw_k, 33 
(1, -1, 33), [1, 0, 51, -5, 969, 0, 6859], 3.19.a_bz_af, 33 
(-1, 1, 33), [1, 0, 51, 5, 969, 0, 6859], 3.19.a_bz_f, 33 
(1, 0, -36), [1, 1, -17, -36, -323, 361, 6859], 3.19.b_ar_abk, -35 
(1, 0, -22), [1, 1, -3, -22, -57, 361, 6859], 3.19.b_ad_aw, -21 
(1, 0, -20), [1, 1, -1, -20, -19, 361, 6859], 3.19.b_ab_au, -19 
(4, -3, 7), [1, 1, 14, -86, 266, 361, 6859], 3.19.b_o_adi, 14 
(4, -3, 8), [1, 1, 15, -82, 285, 361, 6859], 3.19.b_p_ade, 15 
(4, -3, 12), [1, 1, 19, -66, 361, 361, 6859], 3.19.b_t_aco, 19 
(4, -3, 13), [1, 1, 20, -62, 380, 361, 6859], 3.19.b_u_ack, 20 
(-3, 4, 14), [1, 1, 21, 110, 399, 361, 6859], 3.19.b_v_eg, 7 
(-3, 4, 20), [1, 1, 27, 92, 513, 361, 6859], 3.19.b_bb_do, 13 
(3, -2, 20), [1, 1, 33, -16, 627, 361, 6859], 3.19.b_bh_aq, 25 
(-2, 3, 25), [1, 1, 38, 64, 722, 361, 6859], 3.19.b_bm_cm, 20 
(3, -2, 26), [1, 1, 39, 2, 741, 361, 6859], 3.19.b_bn_c, 31 
(-2, 3, 26), [1, 1, 39, 62, 741, 361, 6859], 3.19.b_bn_ck, 21 
(-2, 3, 30), [1, 1, 43, 54, 817, 361, 6859], 3.19.b_br_cc, 25 
(-2, 3, 31), [1, 1, 44, 52, 836, 361, 6859], 3.19.b_bs_ca, 26 
(2, -1, 29), [1, 1, 46, 20, 874, 361, 6859], 3.19.b_bu_u, 32 
(2, -1, 30), [1, 1, 47, 22, 893, 361, 6859], 3.19.b_bv_w, 33 
(-1, 2, 32), [1, 1, 49, 44, 931, 361, 6859], 3.19.b_bx_bs, 29 
(2, -1, 34), [1, 1, 51, 30, 969, 361, 6859], 3.19.b_bz_be, 37 
(2, -1, 35), [1, 1, 52, 32, 988, 361, 6859], 3.19.b_ca_bg, 38 
(2, 0, -37), [1, 2, -18, -74, -342, 722, 6859], 3.19.c_as_acw, -33 
(6, -4, -3), [1, 2, -8, -170, -152, 722, 6859], 3.19.c_ai_ago, 17 
(5, -3, -9), [1, 2, -5, -159, -95, 722, 6859], 3.19.c_af_agd, 7 
(5, -3, -5), [1, 2, -1, -139, -19, 722, 6859], 3.19.c_ab_afj, 11 
(5, -3, 1), [1, 2, 5, -109, 95, 722, 6859], 3.19.c_f_aef, 17 
(2, 0, -13), [1, 2, 6, -26, 114, 722, 6859], 3.19.c_g_aba, -9 
(-3, 5, 9), [1, 2, 13, 163, 247, 722, 6859], 3.19.c_n_gh, -7 
(-3, 5, 11), [1, 2, 15, 157, 285, 722, 6859], 3.19.c_p_gb, -5 
(-3, 5, 16), [1, 2, 20, 142, 380, 722, 6859], 3.19.c_u_fm, 0 
(-3, 5, 17), [1, 2, 21, 139, 399, 722, 6859], 3.19.c_v_fj, 1 
(2, 0, 11), [1, 2, 30, 22, 570, 722, 6859], 3.19.c_be_w, 15 
(3, -1, 23), [1, 2, 39, 31, 741, 722, 6859], 3.19.c_bn_bf, 31 
(3, -1, 29), [1, 2, 45, 49, 855, 722, 6859], 3.19.c_bt_bx, 37 
(-1, 3, 31), [1, 2, 47, 83, 893, 722, 6859], 3.19.c_bv_df, 23 
(-1, 3, 37), [1, 2, 53, 77, 1007, 722, 6859], 3.19.c_cb_cz, 29 
(1, 1, 35), [1, 2, 55, 73, 1045, 722, 6859], 3.19.c_cd_cv, 35 
(6, -3, -11), [1, 3, -10, -180, -190, 1083, 6859], 3.19.d_ak_agy, 16 
(5, -2, 6), [1, 3, 15, -46, 285, 1083, 6859], 3.19.d_p_abu, 27 
(4, -1, 15), [1, 3, 30, 22, 570, 1083, 6859], 3.19.d_be_w, 30 
(-2, 5, 21), [1, 3, 30, 148, 570, 1083, 6859], 3.19.d_be_fs, 0 
(4, -1, 16), [1, 3, 31, 26, 589, 1083, 6859], 3.19.d_bf_ba, 31 
(-2, 5, 22), [1, 3, 31, 146, 589, 1083, 6859], 3.19.d_bf_fq, 1 
(4, -1, 20), [1, 3, 35, 42, 665, 1083, 6859], 3.19.d_bj_bq, 35 
(-2, 5, 26), [1, 3, 35, 138, 665, 1083, 6859], 3.19.d_bj_fi, 5 
(4, -1, 21), [1, 3, 36, 46, 684, 1083, 6859], 3.19.d_bk_bu, 36 
(-2, 5, 27), [1, 3, 36, 136, 684, 1083, 6859], 3.19.d_bk_fg, 6 
(3, 0, 26), [1, 3, 45, 78, 855, 1083, 6859], 3.19.d_bt_da, 35 
(-1, 4, 30), [1, 3, 45, 122, 855, 1083, 6859], 3.19.d_bt_es, 15 
(3, 0, 32), [1, 3, 51, 96, 969, 1083, 6859], 3.19.d_bz_ds, 41 
(-1, 4, 36), [1, 3, 51, 116, 969, 1083, 6859], 3.19.d_bz_em, 21 
(2, 1, 33), [1, 3, 54, 104, 1026, 1083, 6859], 3.19.d_cc_ea, 36 
(2, 1, 34), [1, 3, 55, 106, 1045, 1083, 6859], 3.19.d_cd_ec, 37 
(1, 2, 36), [1, 3, 57, 112, 1083, 1083, 6859], 3.19.d_cf_ei, 33 
(4, 0, -37), [1, 4, -18, -148, -342, 1444, 6859], 3.19.e_as_afs, -21 
(3, 1, -29), [1, 4, -7, -49, -133, 1444, 6859], 3.19.e_ah_abx, -21 
(6, -2, -7), [1, 4, 0, -118, 0, 1444, 6859], 3.19.e_a_aeo, 25 
(5, -1, 5), [1, 4, 19, -13, 361, 1444, 6859], 3.19.e_t_an, 29 
(-2, 6, 17), [1, 4, 24, 194, 456, 1444, 6859], 3.19.e_y_hm, -15 
(5, -1, 11), [1, 4, 25, 17, 475, 1444, 6859], 3.19.e_z_r, 35 
(4, 0, 11), [1, 4, 30, 44, 570, 1444, 6859], 3.19.e_be_bs, 27 
(-2, 6, 25), [1, 4, 32, 178, 608, 1444, 6859], 3.19.e_bg_gw, -7 
(4, 0, 20), [1, 4, 39, 80, 741, 1444, 6859], 3.19.e_bn_dc, 36 
(-1, 5, 29), [1, 4, 43, 161, 817, 1444, 6859], 3.19.e_br_gf, 5 
(-1, 5, 35), [1, 4, 49, 155, 931, 1444, 6859], 3.19.e_bx_fz, 11 
(3, 1, 29), [1, 4, 51, 125, 969, 1444, 6859], 3.19.e_bz_ev, 37 
(-1, 5, 37), [1, 4, 51, 153, 969, 1444, 6859], 3.19.e_bz_fx, 13 
(3, 1, 35), [1, 4, 57, 143, 1083, 1444, 6859], 3.19.e_cf_fn, 43 
(1, 3, 35), [1, 4, 57, 149, 1083, 1444, 6859], 3.19.e_cf_ft, 27 
(1, 3, 37), [1, 4, 59, 151, 1121, 1444, 6859], 3.19.e_ch_fv, 29 
(5, 0, -36), [1, 5, -17, -180, -323, 1805, 6859], 3.19.f_ar_agy, -11 
(6, -1, -29), [1, 5, -16, -212, -304, 1805, 6859], 3.19.f_aq_aie, 6 
(7, -2, -20), [1, 5, -15, -216, -285, 1805, 6859], 3.19.f_ap_aii, 25 
(5, 0, -20), [1, 5, -1, -100, -19, 1805, 6859], 3.19.f_ab_adw, 5 
(6, -1, -7), [1, 5, 6, -80, 114, 1805, 6859], 3.19.f_g_adc, 28 
(6, -1, -6), [1, 5, 7, -74, 133, 1805, 6859], 3.19.f_h_acw, 29 
(6, -1, -2), [1, 5, 11, -50, 209, 1805, 6859], 3.19.f_l_aby, 33 
(6, -1, -1), [1, 5, 12, -44, 228, 1805, 6859], 3.19.f_m_abs, 34 
(5, 0, 10), [1, 5, 29, 50, 551, 1805, 6859], 3.19.f_bd_by, 35 
(5, 0, 16), [1, 5, 35, 80, 665, 1805, 6859], 3.19.f_bj_dc, 41 
(-1, 6, 28), [1, 5, 41, 200, 779, 1805, 6859], 3.19.f_bp_hs, -7 
(4, 1, 23), [1, 5, 46, 130, 874, 1805, 6859], 3.19.f_bu_fa, 38 
(4, 1, 24), [1, 5, 47, 134, 893, 1805, 6859], 3.19.f_bv_fe, 39 
(-1, 6, 34), [1, 5, 47, 194, 893, 1805, 6859], 3.19.f_bv_hm, -1 
(4, 1, 28), [1, 5, 51, 150, 969, 1805, 6859], 3.19.f_bz_fu, 43 
(4, 1, 29), [1, 5, 52, 154, 988, 1805, 6859], 3.19.f_ca_fy, 44 
(3, 2, 32), [1, 5, 57, 172, 1083, 1805, 6859], 3.19.f_cf_gq, 37 
(2, 3, 37), [1, 5, 62, 188, 1178, 1805, 6859], 3.19.f_ck_hg, 32 
(7, -1, -29), [1, 6, -17, -241, -323, 2166, 6859], 3.19.g_ar_ajh, 19 
(8, -2, -20), [1, 6, -17, -236, -323, 2166, 6859], 3.19.g_ar_ajc, 40 
(7, -1, -25), [1, 6, -13, -213, -247, 2166, 6859], 3.19.g_an_aif, 23 
(7, -1, -24), [1, 6, -12, -206, -228, 2166, 6859], 3.19.g_am_ahy, 24 
(7, -1, -23), [1, 6, -11, -199, -209, 2166, 6859], 3.19.g_al_ahr, 25 
(7, -1, -21), [1, 6, -9, -185, -171, 2166, 6859], 3.19.g_aj_ahd, 27 
(7, -1, -15), [1, 6, -3, -143, -57, 2166, 6859], 3.19.g_ad_afn, 33 
(5, 1, 15), [1, 6, 39, 113, 741, 2166, 6859], 3.19.g_bn_ej, 39 
(-1, 7, 27), [1, 6, 39, 239, 741, 2166, 6859], 3.19.g_bn_jf, -21 
(-1, 7, 28), [1, 6, 40, 238, 760, 2166, 6859], 3.19.g_bo_je, -20 
(5, 1, 21), [1, 6, 45, 143, 855, 2166, 6859], 3.19.g_bt_fn, 45 
(-1, 7, 33), [1, 6, 45, 233, 855, 2166, 6859], 3.19.g_bt_iz, -15 
(3, 3, 35), [1, 6, 63, 219, 1197, 2166, 6859], 3.19.g_cl_il, 35 
(1, 5, 39), [1, 6, 63, 229, 1197, 2166, 6859], 3.19.g_cl_iv, 15 
(2, 4, 39), [1, 6, 66, 230, 1254, 2166, 6859], 3.19.g_co_iw, 27 
(8, -1, -29), [1, 7, -18, -270, -342, 2527, 6859], 3.19.h_as_akk, 34 
(7, 0, -36), [1, 7, -17, -252, -323, 2527, 6859], 3.19.h_ar_ajs, 13 
(6, 1, -29), [1, 7, -4, -136, -76, 2527, 6859], 3.19.h_ae_afg, 6 
(7, 0, -22), [1, 7, -3, -154, -57, 2527, 6859], 3.19.h_ad_afy, 27 
(7, 0, -20), [1, 7, -1, -140, -19, 2527, 6859], 3.19.h_ab_afk, 29 
(7, 0, -14), [1, 7, 5, -98, 95, 2527, 6859], 3.19.h_f_adu, 35 
(7, 0, -8), [1, 7, 11, -56, 209, 2527, 6859], 3.19.h_l_ace, 41 
(6, 1, 5), [1, 7, 30, 68, 570, 2527, 6859], 3.19.h_be_cq, 40 
(6, 1, 6), [1, 7, 31, 74, 589, 2527, 6859], 3.19.h_bf_cw, 41 
(6, 1, 10), [1, 7, 35, 98, 665, 2527, 6859], 3.19.h_bj_du, 45 
(6, 1, 11), [1, 7, 36, 104, 684, 2527, 6859], 3.19.h_bk_ea, 46 
(-1, 8, 32), [1, 7, 43, 272, 817, 2527, 6859], 3.19.h_br_km, -31 
(5, 2, 20), [1, 7, 49, 176, 931, 2527, 6859], 3.19.h_bx_gu, 41 
(5, 2, 26), [1, 7, 55, 206, 1045, 2527, 6859], 3.19.h_cd_hy, 47 
(4, 3, 31), [1, 7, 62, 238, 1178, 2527, 6859], 3.19.h_ck_je, 38 
(4, 3, 32), [1, 7, 63, 242, 1197, 2527, 6859], 3.19.h_cl_ji, 39 
(1, 6, 40), [1, 7, 65, 268, 1235, 2527, 6859], 3.19.h_cn_ki, 5 
(4, 3, 36), [1, 7, 67, 258, 1273, 2527, 6859], 3.19.h_cp_jy, 43 
(4, 3, 37), [1, 7, 68, 262, 1292, 2527, 6859], 3.19.h_cq_kc, 44 
(2, 5, 41), [1, 7, 70, 272, 1330, 2527, 6859], 3.19.h_cs_km, 20 
(8, 0, -37), [1, 8, -18, -296, -342, 2888, 6859], 3.19.i_as_alk, 27 
(8, 0, -36), [1, 8, -17, -288, -323, 2888, 6859], 3.19.i_ar_alc, 28 
(8, 0, -35), [1, 8, -16, -280, -304, 2888, 6859], 3.19.i_aq_aku, 29 
(8, 0, -29), [1, 8, -10, -232, -190, 2888, 6859], 3.19.i_ak_aiy, 35 
(8, 0, -28), [1, 8, -9, -224, -171, 2888, 6859], 3.19.i_aj_aiq, 36 
(8, 0, -24), [1, 8, -5, -192, -95, 2888, 6859], 3.19.i_af_ahk, 40 
(8, 0, -21), [1, 8, -2, -168, -38, 2888, 6859], 3.19.i_ac_agm, 43 
(7, 1, -7), [1, 8, 19, -11, 361, 2888, 6859], 3.19.i_t_al, 41 
(7, 1, -1), [1, 8, 25, 31, 475, 2888, 6859], 3.19.i_z_bf, 47 
(-1, 9, 41), [1, 8, 51, 301, 969, 2888, 6859], 3.19.i_bz_lp, -39 
(5, 3, 25), [1, 8, 59, 239, 1121, 2888, 6859], 3.19.i_ch_jf, 41 
(5, 3, 31), [1, 8, 65, 269, 1235, 2888, 6859], 3.19.i_cn_kj, 47 
(1, 7, 41), [1, 8, 67, 307, 1273, 2888, 6859], 3.19.i_cp_lv, -7 
(1, 7, 47), [1, 8, 73, 313, 1387, 2888, 6859], 3.19.i_cv_mb, -1 
(3, 5, 41), [1, 8, 75, 313, 1425, 2888, 6859], 3.19.i_cx_mb, 25 
(8, 1, -29), [1, 9, -2, -194, -38, 3249, 6859], 3.19.j_ac_ahm, 34 
(8, 1, -21), [1, 9, 6, -130, 114, 3249, 6859], 3.19.j_g_afa, 42 
(8, 1, -20), [1, 9, 7, -122, 133, 3249, 6859], 3.19.j_h_aes, 43 
(8, 1, -16), [1, 9, 11, -90, 209, 3249, 6859], 3.19.j_l_adm, 47 
(8, 1, -15), [1, 9, 12, -82, 228, 3249, 6859], 3.19.j_m_ade, 48 
(8, 1, -14), [1, 9, 13, -74, 247, 3249, 6859], 3.19.j_n_acw, 49 
(7, 2, 6), [1, 9, 39, 118, 741, 3249, 6859], 3.19.j_bn_eo, 51 
(6, 3, 17), [1, 9, 54, 216, 1026, 3249, 6859], 3.19.j_cc_ii, 44 
(6, 3, 18), [1, 9, 55, 222, 1045, 3249, 6859], 3.19.j_cd_io, 45 
(6, 3, 22), [1, 9, 59, 246, 1121, 3249, 6859], 3.19.j_ch_jm, 49 
(6, 3, 23), [1, 9, 60, 252, 1140, 3249, 6859], 3.19.j_ci_js, 50 
(5, 4, 30), [1, 9, 69, 302, 1311, 3249, 6859], 3.19.j_cr_lq, 39 
(1, 8, 42), [1, 9, 69, 346, 1311, 3249, 6859], 3.19.j_cr_ni, -21 
(5, 4, 36), [1, 9, 75, 332, 1425, 3249, 6859], 3.19.j_cx_mu, 45 
(1, 8, 48), [1, 9, 75, 352, 1425, 3249, 6859], 3.19.j_cx_no, -15 
(4, 5, 39), [1, 9, 78, 346, 1482, 3249, 6859], 3.19.j_da_ni, 30 
(2, 7, 45), [1, 9, 78, 356, 1482, 3249, 6859], 3.19.j_da_ns, 0 
(4, 5, 40), [1, 9, 79, 350, 1501, 3249, 6859], 3.19.j_db_nm, 31 
(2, 7, 46), [1, 9, 79, 358, 1501, 3249, 6859], 3.19.j_db_nu, 1 
(3, 6, 44), [1, 9, 81, 360, 1539, 3249, 6859], 3.19.j_dd_nw, 17 
(8, 2, -12), [1, 10, 23, -20, 437, 3610, 6859], 3.19.k_x_au, 48 
(8, 2, -8), [1, 10, 27, 12, 513, 3610, 6859], 3.19.k_bb_m, 52 
(7, 3, -11), [1, 10, 29, 37, 551, 3610, 6859], 3.19.k_bd_bl, 29 
(7, 3, 5), [1, 10, 45, 149, 855, 3610, 6859], 3.19.k_bt_ft, 45 
(7, 3, 7), [1, 10, 47, 163, 893, 3610, 6859], 3.19.k_bv_gh, 47 
(7, 3, 13), [1, 10, 53, 205, 1007, 3610, 6859], 3.19.k_cb_hx, 53 
(1, 9, 43), [1, 10, 71, 385, 1349, 3610, 6859], 3.19.k_ct_ov, -37 
(6, 4, 31), [1, 10, 74, 338, 1406, 3610, 6859], 3.19.k_cw_na, 51 
(1, 9, 49), [1, 10, 77, 391, 1463, 3610, 6859], 3.19.k_cz_pb, -31 
(5, 5, 35), [1, 10, 79, 365, 1501, 3610, 6859], 3.19.k_db_ob, 35 
(2, 8, 47), [1, 10, 82, 398, 1558, 3610, 6859], 3.19.k_de_pi, -13 
(5, 5, 41), [1, 10, 85, 395, 1615, 3610, 6859], 3.19.k_dh_pf, 41 
(5, 5, 43), [1, 10, 87, 405, 1653, 3610, 6859], 3.19.k_dj_pp, 43 
(3, 7, 47), [1, 10, 87, 407, 1653, 3610, 6859], 3.19.k_dj_pr, 7 
(8, 3, -6), [1, 11, 37, 66, 703, 3971, 6859], 3.19.l_bl_co, 49 
(8, 3, -5), [1, 11, 38, 74, 722, 3971, 6859], 3.19.l_bm_cw, 50 
(8, 3, -4), [1, 11, 39, 82, 741, 3971, 6859], 3.19.l_bn_de, 51 
(8, 3, 1), [1, 11, 44, 122, 836, 3971, 6859], 3.19.l_bs_es, 56 
(7, 4, 14), [1, 11, 61, 250, 1159, 3971, 6859], 3.19.l_cj_jq, 47 
(7, 4, 20), [1, 11, 67, 292, 1273, 3971, 6859], 3.19.l_cp_lg, 53 
(6, 5, 29), [1, 11, 78, 364, 1482, 3971, 6859], 3.19.l_da_oa, 40 
(2, 9, 41), [1, 11, 78, 424, 1482, 3971, 6859], 3.19.l_da_qi, -36 
(6, 5, 30), [1, 11, 79, 370, 1501, 3971, 6859], 3.19.l_db_og, 41 
(1, 10, 50), [1, 11, 79, 430, 1501, 3971, 6859], 3.19.l_db_qo, -49 
(6, 5, 34), [1, 11, 83, 394, 1577, 3971, 6859], 3.19.l_df_pe, 45 
(6, 5, 35), [1, 11, 84, 400, 1596, 3971, 6859], 3.19.l_dg_pk, 46 
(2, 9, 49), [1, 11, 86, 440, 1634, 3971, 6859], 3.19.l_di_qy, -28 
(2, 9, 50), [1, 11, 87, 442, 1653, 3971, 6859], 3.19.l_dj_ra, -27 
(5, 6, 40), [1, 11, 89, 428, 1691, 3971, 6859], 3.19.l_dl_qm, 29 
(2, 9, 54), [1, 11, 91, 450, 1729, 3971, 6859], 3.19.l_dn_ri, -23 
(2, 9, 55), [1, 11, 92, 452, 1748, 3971, 6859], 3.19.l_do_rk, -22 
(4, 7, 47), [1, 11, 94, 454, 1786, 3971, 6859], 3.19.l_dq_rm, 14 
(7, 5, 21), [1, 12, 75, 337, 1425, 4332, 6859], 3.19.m_cx_mz, 45 
(7, 5, 27), [1, 12, 81, 379, 1539, 4332, 6859], 3.19.m_dd_op, 51 
(5, 7, 45), [1, 12, 99, 491, 1881, 4332, 6859], 3.19.m_dv_sx, 21 
(3, 9, 53), [1, 12, 99, 501, 1881, 4332, 6859], 3.19.m_dv_th, -19 
(8, 5, 11), [1, 13, 70, 278, 1330, 4693, 6859], 3.19.n_cs_ks, 50 
(8, 5, 12), [1, 13, 71, 286, 1349, 4693, 6859], 3.19.n_ct_la, 51 
(8, 5, 16), [1, 13, 75, 318, 1425, 4693, 6859], 3.19.n_cx_mg, 55 
(8, 5, 17), [1, 13, 76, 326, 1444, 4693, 6859], 3.19.n_cy_mo, 56 
(8, 5, 23), [1, 13, 82, 374, 1558, 4693, 6859], 3.19.n_de_ok, 62 
(7, 6, 28), [1, 13, 89, 424, 1691, 4693, 6859], 3.19.n_dl_qi, 41 
(7, 6, 34), [1, 13, 95, 466, 1805, 4693, 6859], 3.19.n_dr_ry, 47 
(4, 9, 41), [1, 13, 96, 506, 1824, 4693, 6859], 3.19.n_ds_tm, -24 
(3, 10, 50), [1, 13, 99, 530, 1881, 4693, 6859], 3.19.n_dv_uk, -41 
(2, 11, 58), [1, 13, 99, 534, 1881, 4693, 6859], 3.19.n_dv_uo, -59 
(2, 11, 59), [1, 13, 100, 536, 1900, 4693, 6859], 3.19.n_dw_uq, -58 
(6, 7, 40), [1, 13, 101, 506, 1919, 4693, 6859], 3.19.n_dx_tm, 27 
(2, 11, 60), [1, 13, 101, 538, 1919, 4693, 6859], 3.19.n_dx_us, -57 
(6, 7, 41), [1, 13, 102, 512, 1938, 4693, 6859], 3.19.n_dy_ts, 28 
(6, 7, 42), [1, 13, 103, 518, 1957, 4693, 6859], 3.19.n_dz_ty, 29 
(3, 10, 56), [1, 13, 105, 548, 1995, 4693, 6859], 3.19.n_eb_vc, -35 
(6, 7, 46), [1, 13, 107, 542, 2033, 4693, 6859], 3.19.n_ed_uw, 33 
(6, 7, 47), [1, 13, 108, 548, 2052, 4693, 6859], 3.19.n_ee_vc, 34 
(4, 9, 55), [1, 13, 110, 562, 2090, 4693, 6859], 3.19.n_eg_vq, -10 
(8, 6, 17), [1, 14, 84, 364, 1596, 5054, 6859], 3.19.o_dg_oa, 45 
(8, 6, 25), [1, 14, 92, 428, 1748, 5054, 6859], 3.19.o_do_qm, 53 
(7, 7, 35), [1, 14, 103, 511, 1957, 5054, 6859], 3.19.o_dz_tr, 35 
(6, 8, 39), [1, 14, 106, 538, 2014, 5054, 6859], 3.19.o_ec_us, 11 
(7, 7, 41), [1, 14, 109, 553, 2071, 5054, 6859], 3.19.o_ef_vh, 41 
(2, 12, 67), [1, 14, 110, 590, 2090, 5054, 6859], 3.19.o_eg_ws, -73 
(3, 11, 59), [1, 14, 111, 595, 2109, 5054, 6859], 3.19.o_eh_wx, -53 
(6, 8, 47), [1, 14, 114, 586, 2166, 5054, 6859], 3.19.o_ek_wo, 19 
(3, 11, 64), [1, 14, 116, 610, 2204, 5054, 6859], 3.19.o_em_xm, -48 
(3, 11, 65), [1, 14, 117, 613, 2223, 5054, 6859], 3.19.o_en_xp, -47 
(5, 9, 55), [1, 14, 119, 617, 2261, 5054, 6859], 3.19.o_ep_xt, -1 
(3, 11, 67), [1, 14, 119, 619, 2261, 5054, 6859], 3.19.o_ep_xv, -45 
(8, 7, 26), [1, 15, 101, 474, 1919, 5415, 6859], 3.19.p_dx_sg, 41 
(8, 7, 27), [1, 15, 102, 482, 1938, 5415, 6859], 3.19.p_dy_so, 42 
(8, 7, 28), [1, 15, 103, 490, 1957, 5415, 6859], 3.19.p_dz_sw, 43 
(8, 7, 32), [1, 15, 107, 522, 2033, 5415, 6859], 3.19.p_ed_uc, 47 
(8, 7, 33), [1, 15, 108, 530, 2052, 5415, 6859], 3.19.p_ee_uk, 48 
(8, 7, 34), [1, 15, 109, 538, 2071, 5415, 6859], 3.19.p_ef_us, 49 
(7, 8, 42), [1, 15, 117, 598, 2223, 5415, 6859], 3.19.p_en_xa, 27 
(4, 11, 58), [1, 15, 121, 650, 2299, 5415, 6859], 3.19.p_er_za, -47 
(2, 13, 77), [1, 15, 122, 648, 2318, 5415, 6859], 3.19.p_es_yy, -88 
(7, 8, 48), [1, 15, 123, 640, 2337, 5415, 6859], 3.19.p_et_yq, 33 
(3, 12, 68), [1, 15, 123, 660, 2337, 5415, 6859], 3.19.p_et_zk, -67 
(6, 9, 53), [1, 15, 126, 660, 2394, 5415, 6859], 3.19.p_ew_zk, 8 
(4, 11, 63), [1, 15, 126, 670, 2394, 5415, 6859], 3.19.p_ew_zu, -42 
(6, 9, 54), [1, 15, 127, 666, 2413, 5415, 6859], 3.19.p_ex_zq, 9 
(4, 11, 64), [1, 15, 127, 674, 2413, 5415, 6859], 3.19.p_ex_zy, -41 
(5, 10, 60), [1, 15, 129, 680, 2451, 5415, 6859], 3.19.p_ez_bae, -15 
(8, 8, 35), [1, 16, 118, 584, 2242, 5776, 6859], 3.19.q_eo_wm, 35 
(8, 8, 41), [1, 16, 124, 632, 2356, 5776, 6859], 3.19.q_eu_yi, 41 
(6, 10, 51), [1, 16, 130, 686, 2470, 5776, 6859], 3.19.q_fa_bak, -13 
(7, 9, 49), [1, 16, 131, 685, 2489, 5776, 6859], 3.19.q_fb_baj, 17 
(6, 10, 55), [1, 16, 134, 710, 2546, 5776, 6859], 3.19.q_fe_bbi, -9 
(8, 8, 51), [1, 16, 134, 712, 2546, 5776, 6859], 3.19.q_fe_bbk, 51 
(3, 13, 77), [1, 16, 135, 725, 2565, 5776, 6859], 3.19.q_ff_bbx, -83 
(4, 12, 68), [1, 16, 135, 728, 2565, 5776, 6859], 3.19.q_ff_bca, -60 
(7, 9, 55), [1, 16, 137, 727, 2603, 5776, 6859], 3.19.q_fh_bbz, 23 
(6, 10, 60), [1, 16, 139, 740, 2641, 5776, 6859], 3.19.q_fj_bcm, -4 
(5, 11, 65), [1, 16, 139, 743, 2641, 5776, 6859], 3.19.q_fj_bcp, -31 
(8, 9, 41), [1, 17, 132, 670, 2508, 6137, 6859], 3.19.r_fc_zu, 24 
(8, 9, 42), [1, 17, 133, 678, 2527, 6137, 6859], 3.19.r_fd_bac, 25 
(8, 9, 43), [1, 17, 134, 686, 2546, 6137, 6859], 3.19.r_fe_bak, 26 
(8, 9, 44), [1, 17, 135, 694, 2565, 6137, 6859], 3.19.r_ff_bas, 27 
(8, 9, 48), [1, 17, 139, 726, 2641, 6137, 6859], 3.19.r_fj_bby, 31 
(7, 10, 50), [1, 17, 139, 730, 2641, 6137, 6859], 3.19.r_fj_bcc, -1 
(8, 9, 49), [1, 17, 140, 734, 2660, 6137, 6859], 3.19.r_fk_bcg, 32 
(8, 9, 50), [1, 17, 141, 742, 2679, 6137, 6859], 3.19.r_fl_bco, 33 
(7, 10, 52), [1, 17, 141, 744, 2679, 6137, 6859], 3.19.r_fl_bcq, 1 
(8, 9, 51), [1, 17, 142, 750, 2698, 6137, 6859], 3.19.r_fm_bcw, 34 
(6, 11, 58), [1, 17, 143, 766, 2717, 6137, 6859], 3.19.r_fn_bdm, -27 
(6, 11, 59), [1, 17, 144, 772, 2736, 6137, 6859], 3.19.r_fo_bds, -26 
(7, 10, 56), [1, 17, 145, 772, 2755, 6137, 6859], 3.19.r_fp_bds, 5 
(4, 13, 77), [1, 17, 148, 802, 2812, 6137, 6859], 3.19.r_fs_bew, -76 
(6, 11, 64), [1, 17, 149, 802, 2831, 6137, 6859], 3.19.r_ft_bew, -21 
(6, 11, 65), [1, 17, 150, 808, 2850, 6137, 6859], 3.19.r_fu_bfc, -20 
(4, 13, 79), [1, 17, 150, 810, 2850, 6137, 6859], 3.19.r_fu_bfe, -74 
(8, 10, 56), [1, 18, 155, 828, 2945, 6498, 6859], 3.19.s_fz_bfw, 20 
(7, 11, 60), [1, 18, 156, 838, 2964, 6498, 6859], 3.19.s_ga_bgg, -12 
(7, 11, 61), [1, 18, 157, 845, 2983, 6498, 6859], 3.19.s_gb_bgn, -11 
(3, 15, 93), [1, 18, 157, 849, 2983, 6498, 6859], 3.19.s_gb_bgr, -123 
(6, 12, 67), [1, 18, 158, 858, 3002, 6498, 6859], 3.19.s_gc_bha, -41 
(7, 11, 63), [1, 18, 159, 859, 3021, 6498, 6859], 3.19.s_gd_bhb, -9 
(7, 11, 64), [1, 18, 160, 866, 3040, 6498, 6859], 3.19.s_ge_bhi, -8 
(8, 10, 61), [1, 18, 160, 868, 3040, 6498, 6859], 3.19.s_ge_bhk, 25 
(6, 12, 69), [1, 18, 160, 870, 3040, 6498, 6859], 3.19.s_ge_bhm, -39 
(6, 12, 71), [1, 18, 162, 882, 3078, 6498, 6859], 3.19.s_gg_bhy, -37 
(6, 12, 72), [1, 18, 163, 888, 3097, 6498, 6859], 3.19.s_gh_bie, -36 
(8, 11, 58), [1, 19, 165, 882, 3135, 6859, 6859], 3.19.t_gj_bhy, 1 
(8, 11, 59), [1, 19, 166, 890, 3154, 6859, 6859], 3.19.t_gk_big, 2 
(8, 11, 60), [1, 19, 167, 898, 3173, 6859, 6859], 3.19.t_gl_bio, 3 
(8, 11, 64), [1, 19, 171, 930, 3249, 6859, 6859], 3.19.t_gp_bju, 7 
(7, 12, 68), [1, 19, 171, 932, 3249, 6859, 6859], 3.19.t_gp_bjw, -27 
(8, 11, 65), [1, 19, 172, 938, 3268, 6859, 6859], 3.19.t_gq_bkc, 8 
(4, 15, 93), [1, 19, 172, 942, 3268, 6859, 6859], 3.19.t_gq_bkg, -116 
(8, 11, 67), [1, 19, 174, 954, 3306, 6859, 6859], 3.19.t_gs_bks, 10 
(6, 13, 77), [1, 19, 174, 956, 3306, 6859, 6859], 3.19.t_gs_bku, -56 
(8, 12, 67), [1, 20, 182, 992, 3458, 7220, 6859], 3.19.u_ha_bme, -13 
(8, 12, 68), [1, 20, 183, 1000, 3477, 7220, 6859], 3.19.u_hb_bmm, -12 
(7, 13, 77), [1, 20, 187, 1033, 3553, 7220, 6859], 3.19.u_hf_bnt, -43 
(5, 15, 93), [1, 20, 187, 1035, 3553, 7220, 6859], 3.19.u_hf_bnv, -107 
