(-2, -2, 2), [1, -4, 8, -12, 16, -16, 8], 3.2.ae_i_am 
(-2, 0, -4), [1, -2, -2, 8, -4, -8, 8], 3.2.ac_ac_i 
(-2, 0, -2), [1, -2, 0, 4, 0, -8, 8], 3.2.ac_a_e 
(0, -2, 2), [1, -2, 4, -8, 8, -8, 8], 3.2.ac_e_ai 
(-2, 0, 2), [1, -2, 4, -4, 8, -8, 8], 3.2.ac_e_ae 
(0, 0, -4), [1, 0, -2, 0, -4, 0, 8], 3.2.a_ac_a 
(2, -2, 2), [1, 0, 0, -4, 0, 0, 8], 3.2.a_a_ae 
(0, 0, -2), [1, 0, 0, 0, 0, 0, 8], 3.2.a_a_a 
(-2, 2, 2), [1, 0, 0, 4, 0, 0, 8], 3.2.a_a_e 
(0, 0, 2), [1, 0, 4, 0, 8, 0, 8], 3.2.a_e_a 
(2, 0, -4), [1, 2, -2, -8, -4, 8, 8], 3.2.c_ac_ai 
(2, 0, -2), [1, 2, 0, -4, 0, 8, 8], 3.2.c_a_ae 
(2, 0, 2), [1, 2, 4, 4, 8, 8, 8], 3.2.c_e_e 
(0, 2, 2), [1, 2, 4, 8, 8, 8, 8], 3.2.c_e_i 
(2, 2, 2), [1, 4, 8, 12, 16, 16, 8], 3.2.e_i_m 
