(-6, -8, 33), [1, -14, 92, -374, 1012, -1694, 1331], 3.11.ao_do_aok, 5 
(-6, -7, 33), [1, -13, 86, -352, 946, -1573, 1331], 3.11.an_di_ano, 20 
(-5, -7, 33), [1, -12, 79, -319, 869, -1452, 1331], 3.11.am_db_amh, 9 
(0, -11, 51), [1, -11, 62, -242, 682, -1331, 1331], 3.11.al_ck_aji, -70 
(-4, -7, 33), [1, -11, 72, -286, 792, -1331, 1331], 3.11.al_cu_ala, 0 
(-6, -4, 11), [1, -10, 46, -154, 506, -1210, 1331], 3.11.ak_bu_afy, 31 
(-2, -8, 33), [1, -10, 60, -242, 660, -1210, 1331], 3.11.ak_ci_aji, -27 
(-3, -7, 33), [1, -10, 65, -253, 715, -1210, 1331], 3.11.ak_cn_ajt, -7 
(-6, -3, 0), [1, -9, 29, -66, 319, -1089, 1331], 3.11.aj_bd_aco, 27 
(-2, -7, 33), [1, -9, 58, -220, 638, -1089, 1331], 3.11.aj_cg_aim, -12 
(-5, -3, 11), [1, -8, 37, -121, 407, -968, 1331], 3.11.ai_bl_aer, 27 
(-6, -1, -11), [1, -7, 6, 44, 66, -847, 1331], 3.11.ah_g_bs, 24 
(0, -6, 21), [1, -6, 32, -132, 352, -726, 1331], 3.11.ag_bg_afc, -15 
(0, -6, 23), [1, -6, 34, -132, 374, -726, 1331], 3.11.ag_bi_afc, -13 
(-6, 1, -11), [1, -5, -6, 88, -66, -605, 1331], 3.11.af_ag_dk, 24 
(-4, -1, 11), [1, -5, 26, -66, 286, -605, 1331], 3.11.af_ba_aco, 26 
(0, -5, 21), [1, -5, 32, -110, 352, -605, 1331], 3.11.af_bg_aeg, -4 
(0, -5, 23), [1, -5, 34, -110, 374, -605, 1331], 3.11.af_bi_aeg, -2 
(-5, 1, -11), [1, -4, -5, 77, -55, -484, 1331], 3.11.ae_af_cz, 13 
(0, -4, 21), [1, -4, 32, -88, 352, -484, 1331], 3.11.ae_bg_adk, 5 
(0, -4, 23), [1, -4, 34, -88, 374, -484, 1331], 3.11.ae_bi_adk, 7 
(0, -4, 24), [1, -4, 35, -88, 385, -484, 1331], 3.11.ae_bj_adk, 8 
(-4, 1, 0), [1, -3, 7, 22, 77, -363, 1331], 3.11.ad_h_w, 15 
(0, -3, 21), [1, -3, 32, -66, 352, -363, 1331], 3.11.ad_bg_aco, 12 
(0, -3, 23), [1, -3, 34, -66, 374, -363, 1331], 3.11.ad_bi_aco, 14 
(-4, 2, 0), [1, -2, 3, 44, 33, -242, 1331], 3.11.ac_d_bs, 12 
(2, -4, 11), [1, -2, 14, -66, 154, -242, 1331], 3.11.ac_o_aco, -1 
(-3, 1, 11), [1, -2, 19, -11, 209, -242, 1331], 3.11.ac_t_al, 19 
(0, -2, 21), [1, -2, 32, -44, 352, -242, 1331], 3.11.ac_bg_abs, 17 
(2, -3, 11), [1, -1, 16, -44, 176, -121, 1331], 3.11.ab_q_abs, 6 
(0, -1, 21), [1, -1, 32, -22, 352, -121, 1331], 3.11.ab_bg_aw, 20 
(0, 0, -21), [1, 0, -10, 0, -110, 0, 1331], 3.11.a_ak_a, -21 
(0, 0, 3), [1, 0, 14, 0, 154, 0, 1331], 3.11.a_o_a, 3 
(2, -2, 11), [1, 0, 18, -22, 198, 0, 1331], 3.11.a_s_aw, 11 
(-2, 2, 11), [1, 0, 18, 22, 198, 0, 1331], 3.11.a_s_w, 11 
(-2, 3, 11), [1, 1, 16, 44, 176, 121, 1331], 3.11.b_q_bs, 6 
(0, 1, 21), [1, 1, 32, 22, 352, 121, 1331], 3.11.b_bg_w, 20 
(4, -2, 0), [1, 2, 3, -44, 33, 242, 1331], 3.11.c_d_abs, 12 
(-2, 4, 11), [1, 2, 14, 66, 154, 242, 1331], 3.11.c_o_co, -1 
(3, -1, 11), [1, 2, 19, 11, 209, 242, 1331], 3.11.c_t_l, 19 
(0, 2, 21), [1, 2, 32, 44, 352, 242, 1331], 3.11.c_bg_bs, 17 
(4, -1, 0), [1, 3, 7, -22, 77, 363, 1331], 3.11.d_h_aw, 15 
(0, 3, 21), [1, 3, 32, 66, 352, 363, 1331], 3.11.d_bg_co, 12 
(0, 3, 23), [1, 3, 34, 66, 374, 363, 1331], 3.11.d_bi_co, 14 
(5, -1, -11), [1, 4, -5, -77, -55, 484, 1331], 3.11.e_af_acz, 13 
(0, 4, 21), [1, 4, 32, 88, 352, 484, 1331], 3.11.e_bg_dk, 5 
(0, 4, 23), [1, 4, 34, 88, 374, 484, 1331], 3.11.e_bi_dk, 7 
(0, 4, 24), [1, 4, 35, 88, 385, 484, 1331], 3.11.e_bj_dk, 8 
(6, -1, -11), [1, 5, -6, -88, -66, 605, 1331], 3.11.f_ag_adk, 24 
(4, 1, 11), [1, 5, 26, 66, 286, 605, 1331], 3.11.f_ba_co, 26 
(0, 5, 21), [1, 5, 32, 110, 352, 605, 1331], 3.11.f_bg_eg, -4 
(0, 5, 23), [1, 5, 34, 110, 374, 605, 1331], 3.11.f_bi_eg, -2 
(0, 6, 21), [1, 6, 32, 132, 352, 726, 1331], 3.11.g_bg_fc, -15 
(0, 6, 23), [1, 6, 34, 132, 374, 726, 1331], 3.11.g_bi_fc, -13 
(6, 1, -11), [1, 7, 6, -44, 66, 847, 1331], 3.11.h_g_abs, 24 
(5, 3, 11), [1, 8, 37, 121, 407, 968, 1331], 3.11.i_bl_er, 27 
(6, 3, 0), [1, 9, 29, 66, 319, 1089, 1331], 3.11.j_bd_co, 27 
(2, 7, 33), [1, 9, 58, 220, 638, 1089, 1331], 3.11.j_cg_im, -12 
(6, 4, 11), [1, 10, 46, 154, 506, 1210, 1331], 3.11.k_bu_fy, 31 
(2, 8, 33), [1, 10, 60, 242, 660, 1210, 1331], 3.11.k_ci_ji, -27 
(3, 7, 33), [1, 10, 65, 253, 715, 1210, 1331], 3.11.k_cn_jt, -7 
(0, 11, 51), [1, 11, 62, 242, 682, 1331, 1331], 3.11.l_ck_ji, -70 
(4, 7, 33), [1, 11, 72, 286, 792, 1331, 1331], 3.11.l_cu_la, 0 
(5, 7, 33), [1, 12, 79, 319, 869, 1452, 1331], 3.11.m_db_mh, 9 
(6, 7, 33), [1, 13, 86, 352, 946, 1573, 1331], 3.11.n_di_no, 20 
(6, 8, 33), [1, 14, 92, 374, 1012, 1694, 1331], 3.11.o_do_ok, 5 
