(-6, -9, 37), [1, -15, 100, -384, 900, -1215, 729], 3.9.ap_dw_aou, -8 
(-6, -8, 31), [1, -14, 88, -330, 792, -1134, 729], 3.9.ao_dk_ams, 3 
(-6, -8, 32), [1, -14, 89, -336, 801, -1134, 729], 3.9.ao_dl_amy, 4 
(-6, -7, 25), [1, -13, 76, -276, 684, -1053, 729], 3.9.an_cy_akq, 12 
(-6, -7, 26), [1, -13, 77, -282, 693, -1053, 729], 3.9.an_cz_akw, 13 
(-6, -7, 29), [1, -13, 80, -300, 720, -1053, 729], 3.9.an_dc_alo, 16 
(-6, -6, 19), [1, -12, 64, -222, 576, -972, 729], 3.9.am_cm_aio, 19 
(-6, -6, 20), [1, -12, 65, -228, 585, -972, 729], 3.9.am_cn_aiu, 20 
(-6, -6, 22), [1, -12, 67, -240, 603, -972, 729], 3.9.am_cp_ajg, 22 
(-6, -6, 25), [1, -12, 70, -258, 630, -972, 729], 3.9.am_cs_ajy, 25 
(-5, -7, 27), [1, -12, 71, -261, 639, -972, 729], 3.9.am_ct_akb, 3 
(-3, -9, 37), [1, -12, 73, -273, 657, -972, 729], 3.9.am_cv_akn, -35 
(-6, -5, 13), [1, -11, 52, -168, 468, -891, 729], 3.9.al_ca_agm, 24 
(-6, -5, 14), [1, -11, 53, -174, 477, -891, 729], 3.9.al_cb_ags, 25 
(-6, -5, 16), [1, -11, 55, -186, 495, -891, 729], 3.9.al_cd_ahe, 27 
(-6, -5, 17), [1, -11, 56, -192, 504, -891, 729], 3.9.al_ce_ahk, 28 
(-6, -5, 19), [1, -11, 58, -204, 522, -891, 729], 3.9.al_cg_ahw, 30 
(-6, -5, 20), [1, -11, 59, -210, 531, -891, 729], 3.9.al_ch_aic, 31 
(-6, -5, 23), [1, -11, 62, -228, 558, -891, 729], 3.9.al_ck_aiu, 34 
(-3, -8, 31), [1, -11, 64, -237, 576, -891, 729], 3.9.al_cm_ajd, -24 
(-4, -7, 27), [1, -11, 64, -234, 576, -891, 729], 3.9.al_cm_aja, -6 
(-3, -8, 32), [1, -11, 65, -240, 585, -891, 729], 3.9.al_cn_ajg, -23 
(-6, -4, 7), [1, -10, 40, -114, 360, -810, 729], 3.9.ak_bo_aek, 27 
(-6, -4, 8), [1, -10, 41, -120, 369, -810, 729], 3.9.ak_bp_aeq, 28 
(-6, -4, 11), [1, -10, 44, -138, 396, -810, 729], 3.9.ak_bs_afi, 31 
(-6, -4, 16), [1, -10, 49, -168, 441, -810, 729], 3.9.ak_bx_agm, 36 
(-5, -5, 15), [1, -10, 49, -165, 441, -810, 729], 3.9.ak_bx_agj, 15 
(-6, -4, 17), [1, -10, 50, -174, 450, -810, 729], 3.9.ak_by_ags, 37 
(-6, -4, 19), [1, -10, 52, -186, 468, -810, 729], 3.9.ak_ca_ahe, 39 
(-6, -4, 20), [1, -10, 53, -192, 477, -810, 729], 3.9.ak_cb_ahk, 40 
(-3, -7, 25), [1, -10, 55, -201, 495, -810, 729], 3.9.ak_cd_aht, -15 
(-5, -5, 21), [1, -10, 55, -195, 495, -810, 729], 3.9.ak_cd_ahn, 21 
(-3, -7, 26), [1, -10, 56, -204, 504, -810, 729], 3.9.ak_ce_ahw, -14 
(-3, -7, 29), [1, -10, 59, -213, 531, -810, 729], 3.9.ak_ch_aif, -11 
(-6, -3, 1), [1, -9, 28, -60, 252, -729, 729], 3.9.aj_bc_aci, 28 
(-6, -3, 2), [1, -9, 29, -66, 261, -729, 729], 3.9.aj_bd_aco, 29 
(-6, -3, 4), [1, -9, 31, -78, 279, -729, 729], 3.9.aj_bf_ada, 31 
(-6, -3, 5), [1, -9, 32, -84, 288, -729, 729], 3.9.aj_bg_adg, 32 
(-6, -3, 7), [1, -9, 34, -96, 306, -729, 729], 3.9.aj_bi_ads, 34 
(-6, -3, 10), [1, -9, 37, -114, 333, -729, 729], 3.9.aj_bl_aek, 37 
(-6, -3, 11), [1, -9, 38, -120, 342, -729, 729], 3.9.aj_bm_aeq, 38 
(-5, -4, 9), [1, -9, 38, -117, 342, -729, 729], 3.9.aj_bm_aen, 18 
(-6, -3, 13), [1, -9, 40, -132, 360, -729, 729], 3.9.aj_bo_afc, 40 
(-6, -3, 17), [1, -9, 44, -156, 396, -729, 729], 3.9.aj_bs_aga, 44 
(-4, -5, 15), [1, -9, 44, -150, 396, -729, 729], 3.9.aj_bs_afu, 6 
(-5, -4, 15), [1, -9, 44, -147, 396, -729, 729], 3.9.aj_bs_afr, 24 
(-6, -3, 19), [1, -9, 46, -168, 414, -729, 729], 3.9.aj_bu_agm, 46 
(-3, -6, 19), [1, -9, 46, -165, 414, -729, 729], 3.9.aj_bu_agj, -8 
(0, -9, 37), [1, -9, 46, -162, 414, -729, 729], 3.9.aj_bu_agg, -44 
(-3, -6, 22), [1, -9, 49, -174, 441, -729, 729], 3.9.aj_bx_ags, -5 
(-2, -7, 27), [1, -9, 50, -180, 450, -729, 729], 3.9.aj_by_agy, -18 
(-4, -5, 21), [1, -9, 50, -174, 450, -729, 729], 3.9.aj_by_ags, 12 
(-3, -6, 25), [1, -9, 52, -183, 468, -729, 729], 3.9.aj_ca_ahb, -2 
(-6, -2, -5), [1, -8, 16, -6, 144, -648, 729], 3.9.ai_q_ag, 27 
(-6, -2, -4), [1, -8, 17, -12, 153, -648, 729], 3.9.ai_r_am, 28 
(-6, -2, -2), [1, -8, 19, -24, 171, -648, 729], 3.9.ai_t_ay, 30 
(-6, -2, -1), [1, -8, 20, -30, 180, -648, 729], 3.9.ai_u_abe, 31 
(-6, -2, 1), [1, -8, 22, -42, 198, -648, 729], 3.9.ai_w_abq, 33 
(-6, -2, 4), [1, -8, 25, -60, 225, -648, 729], 3.9.ai_z_aci, 36 
(-6, -2, 5), [1, -8, 26, -66, 234, -648, 729], 3.9.ai_ba_aco, 37 
(-6, -2, 7), [1, -8, 28, -78, 252, -648, 729], 3.9.ai_bc_ada, 39 
(-6, -2, 8), [1, -8, 29, -84, 261, -648, 729], 3.9.ai_bd_adg, 40 
(-6, -2, 11), [1, -8, 32, -102, 288, -648, 729], 3.9.ai_bg_ady, 43 
(-6, -2, 13), [1, -8, 34, -114, 306, -648, 729], 3.9.ai_bi_aek, 45 
(-6, -2, 14), [1, -8, 35, -120, 315, -648, 729], 3.9.ai_bj_aeq, 46 
(-6, -2, 16), [1, -8, 37, -132, 333, -648, 729], 3.9.ai_bl_afc, 48 
(-3, -5, 13), [1, -8, 37, -129, 333, -648, 729], 3.9.ai_bl_aez, -3 
(-6, -2, 17), [1, -8, 38, -138, 342, -648, 729], 3.9.ai_bm_afi, 49 
(0, -8, 31), [1, -8, 40, -144, 360, -648, 729], 3.9.ai_bo_afo, -33 
(-4, -4, 15), [1, -8, 40, -132, 360, -648, 729], 3.9.ai_bo_afc, 15 
(-3, -5, 17), [1, -8, 41, -141, 369, -648, 729], 3.9.ai_bp_afl, 1 
(-1, -7, 27), [1, -8, 43, -153, 387, -648, 729], 3.9.ai_br_afx, -21 
(-3, -5, 19), [1, -8, 43, -147, 387, -648, 729], 3.9.ai_br_afr, 3 
(-3, -5, 23), [1, -8, 47, -159, 423, -648, 729], 3.9.ai_bv_agd, 7 
(-6, -1, -11), [1, -7, 4, 48, 36, -567, 729], 3.9.ah_e_bw, 24 
(-6, -1, -10), [1, -7, 5, 42, 45, -567, 729], 3.9.ah_f_bq, 25 
(-6, -1, -8), [1, -7, 7, 30, 63, -567, 729], 3.9.ah_h_be, 27 
(-6, -1, -7), [1, -7, 8, 24, 72, -567, 729], 3.9.ah_i_y, 28 
(-6, -1, -5), [1, -7, 10, 12, 90, -567, 729], 3.9.ah_k_m, 30 
(-6, -1, -4), [1, -7, 11, 6, 99, -567, 729], 3.9.ah_l_g, 31 
(-6, -1, -1), [1, -7, 14, -12, 126, -567, 729], 3.9.ah_o_am, 34 
(-6, -1, 1), [1, -7, 16, -24, 144, -567, 729], 3.9.ah_q_ay, 36 
(-6, -1, 2), [1, -7, 17, -30, 153, -567, 729], 3.9.ah_r_abe, 37 
(-5, -2, 0), [1, -7, 19, -36, 171, -567, 729], 3.9.ah_t_abk, 21 
(-6, -1, 5), [1, -7, 20, -48, 180, -567, 729], 3.9.ah_u_abw, 40 
(-6, -1, 7), [1, -7, 22, -60, 198, -567, 729], 3.9.ah_w_aci, 42 
(-6, -1, 8), [1, -7, 23, -66, 207, -567, 729], 3.9.ah_x_aco, 43 
(-6, -1, 10), [1, -7, 25, -78, 225, -567, 729], 3.9.ah_z_ada, 45 
(-5, -2, 6), [1, -7, 25, -66, 225, -567, 729], 3.9.ah_z_aco, 27 
(-6, -1, 11), [1, -7, 26, -84, 234, -567, 729], 3.9.ah_ba_adg, 46 
(-3, -4, 7), [1, -7, 28, -93, 252, -567, 729], 3.9.ah_bc_adp, 0 
(-5, -2, 9), [1, -7, 28, -81, 252, -567, 729], 3.9.ah_bc_add, 30 
(-6, -1, 14), [1, -7, 29, -102, 261, -567, 729], 3.9.ah_bd_ady, 49 
(-3, -4, 8), [1, -7, 29, -96, 261, -567, 729], 3.9.ah_bd_ads, 1 
(-5, -2, 12), [1, -7, 31, -96, 279, -567, 729], 3.9.ah_bf_ads, 33 
(-6, -1, 17), [1, -7, 32, -120, 288, -567, 729], 3.9.ah_bg_aeq, 52 
(-3, -4, 11), [1, -7, 32, -105, 288, -567, 729], 3.9.ah_bg_aeb, 4 
(-3, -4, 16), [1, -7, 37, -120, 333, -567, 729], 3.9.ah_bl_aeq, 9 
(-3, -4, 17), [1, -7, 38, -123, 342, -567, 729], 3.9.ah_bm_aet, 10 
(-2, -5, 21), [1, -7, 40, -132, 360, -567, 729], 3.9.ah_bo_afc, 0 
(-3, -4, 19), [1, -7, 40, -129, 360, -567, 729], 3.9.ah_bo_aez, 12 
(-3, -4, 20), [1, -7, 41, -132, 369, -567, 729], 3.9.ah_bp_afc, 13 
(-6, 0, -17), [1, -6, -8, 102, -72, -486, 729], 3.9.ag_ai_dy, 19 
(-6, 0, -16), [1, -6, -7, 96, -63, -486, 729], 3.9.ag_ah_ds, 20 
(-6, 0, -13), [1, -6, -4, 78, -36, -486, 729], 3.9.ag_ae_da, 23 
(-6, 0, -11), [1, -6, -2, 66, -18, -486, 729], 3.9.ag_ac_co, 25 
(-6, 0, -10), [1, -6, -1, 60, -9, -486, 729], 3.9.ag_ab_ci, 26 
(-6, 0, -8), [1, -6, 1, 48, 9, -486, 729], 3.9.ag_b_bw, 28 
(-6, 0, -5), [1, -6, 4, 30, 36, -486, 729], 3.9.ag_e_be, 31 
(-6, 0, -4), [1, -6, 5, 24, 45, -486, 729], 3.9.ag_f_y, 32 
(-5, -1, -9), [1, -6, 5, 27, 45, -486, 729], 3.9.ag_f_bb, 15 
(-6, 0, -1), [1, -6, 8, 6, 72, -486, 729], 3.9.ag_i_g, 35 
(-6, 0, 1), [1, -6, 10, -6, 90, -486, 729], 3.9.ag_k_ag, 37 
(-5, -1, -3), [1, -6, 11, -3, 99, -486, 729], 3.9.ag_l_ad, 21 
(-6, 0, 4), [1, -6, 13, -24, 117, -486, 729], 3.9.ag_n_ay, 40 
(-6, 0, 5), [1, -6, 14, -30, 126, -486, 729], 3.9.ag_o_abe, 41 
(-6, 0, 8), [1, -6, 17, -48, 153, -486, 729], 3.9.ag_r_abw, 44 
(-3, -3, 1), [1, -6, 19, -57, 171, -486, 729], 3.9.ag_t_acf, 1 
(-6, 0, 11), [1, -6, 20, -66, 180, -486, 729], 3.9.ag_u_aco, 47 
(-6, 0, 13), [1, -6, 22, -78, 198, -486, 729], 3.9.ag_w_ada, 49 
(-6, 0, 16), [1, -6, 25, -96, 225, -486, 729], 3.9.ag_z_ads, 52 
(-3, -3, 7), [1, -6, 25, -75, 225, -486, 729], 3.9.ag_z_acx, 7 
(-4, -2, 9), [1, -6, 26, -72, 234, -486, 729], 3.9.ag_ba_acu, 21 
(0, -6, 19), [1, -6, 28, -108, 252, -486, 729], 3.9.ag_bc_aee, -17 
(-3, -3, 10), [1, -6, 28, -84, 252, -486, 729], 3.9.ag_bc_adg, 10 
(0, -6, 20), [1, -6, 29, -108, 261, -486, 729], 3.9.ag_bd_aee, -16 
(-3, -3, 11), [1, -6, 29, -87, 261, -486, 729], 3.9.ag_bd_adj, 11 
(-3, -3, 13), [1, -6, 31, -93, 279, -486, 729], 3.9.ag_bf_adp, 13 
(0, -6, 25), [1, -6, 34, -108, 306, -486, 729], 3.9.ag_bi_aee, -11 
(-1, -5, 21), [1, -6, 35, -111, 315, -486, 729], 3.9.ag_bj_aeh, -3 
(-3, -3, 17), [1, -6, 35, -105, 315, -486, 729], 3.9.ag_bj_aeb, 17 
(-3, -3, 19), [1, -6, 37, -111, 333, -486, 729], 3.9.ag_bl_aeh, 19 
(-6, 1, -11), [1, -5, -8, 84, -72, -405, 729], 3.9.af_ai_dg, 24 
(-6, 1, -10), [1, -5, -7, 78, -63, -405, 729], 3.9.af_ah_da, 25 
(-6, 1, -8), [1, -5, -5, 66, -45, -405, 729], 3.9.af_af_co, 27 
(-6, 1, -7), [1, -5, -4, 60, -36, -405, 729], 3.9.af_ae_ci, 28 
(-6, 1, -5), [1, -5, -2, 48, -18, -405, 729], 3.9.af_ac_bw, 30 
(-6, 1, -4), [1, -5, -1, 42, -9, -405, 729], 3.9.af_ab_bq, 31 
(-6, 1, -1), [1, -5, 2, 24, 18, -405, 729], 3.9.af_c_y, 34 
(-6, 1, 2), [1, -5, 5, 6, 45, -405, 729], 3.9.af_f_g, 37 
(-6, 1, 4), [1, -5, 7, -6, 63, -405, 729], 3.9.af_h_ag, 39 
(-6, 1, 5), [1, -5, 8, -12, 72, -405, 729], 3.9.af_i_am, 40 
(-6, 1, 7), [1, -5, 10, -24, 90, -405, 729], 3.9.af_k_ay, 42 
(-3, -2, -5), [1, -5, 10, -21, 90, -405, 729], 3.9.af_k_av, 0 
(-6, 1, 10), [1, -5, 13, -42, 117, -405, 729], 3.9.af_n_abq, 45 
(-6, 1, 11), [1, -5, 14, -48, 126, -405, 729], 3.9.af_o_abw, 46 
(-3, -2, -1), [1, -5, 14, -33, 126, -405, 729], 3.9.af_o_abh, 4 
(-6, 1, 13), [1, -5, 16, -60, 144, -405, 729], 3.9.af_q_aci, 48 
(3, -8, 31), [1, -5, 16, -51, 144, -405, 729], 3.9.af_q_abz, -24 
(-3, -2, 1), [1, -5, 16, -39, 144, -405, 729], 3.9.af_q_abn, 6 
(-4, -1, 3), [1, -5, 16, -30, 144, -405, 729], 3.9.af_q_abe, 18 
(-6, 1, 14), [1, -5, 17, -66, 153, -405, 729], 3.9.af_r_aco, 49 
(-6, 1, 17), [1, -5, 20, -84, 180, -405, 729], 3.9.af_u_adg, 52 
(-3, -2, 5), [1, -5, 20, -51, 180, -405, 729], 3.9.af_u_abz, 10 
(0, -5, 13), [1, -5, 22, -90, 198, -405, 729], 3.9.af_w_adm, -12 
(-1, -4, 9), [1, -5, 22, -81, 198, -405, 729], 3.9.af_w_add, -6 
(-3, -2, 7), [1, -5, 22, -57, 198, -405, 729], 3.9.af_w_acf, 12 
(-4, -1, 9), [1, -5, 22, -54, 198, -405, 729], 3.9.af_w_acc, 24 
(0, -5, 16), [1, -5, 25, -90, 225, -405, 729], 3.9.af_z_adm, -9 
(0, -5, 17), [1, -5, 26, -90, 234, -405, 729], 3.9.af_ba_adm, -8 
(-3, -2, 11), [1, -5, 26, -69, 234, -405, 729], 3.9.af_ba_acr, 16 
(0, -5, 19), [1, -5, 28, -90, 252, -405, 729], 3.9.af_bc_adm, -6 
(-1, -4, 15), [1, -5, 28, -87, 252, -405, 729], 3.9.af_bc_adj, 0 
(-3, -2, 13), [1, -5, 28, -75, 252, -405, 729], 3.9.af_bc_acx, 18 
(0, -5, 20), [1, -5, 29, -90, 261, -405, 729], 3.9.af_bd_adm, -5 
(-3, -2, 14), [1, -5, 29, -78, 261, -405, 729], 3.9.af_bd_ada, 19 
(-3, -2, 16), [1, -5, 31, -84, 279, -405, 729], 3.9.af_bf_adg, 21 
(0, -5, 23), [1, -5, 32, -90, 288, -405, 729], 3.9.af_bg_adm, -2 
(-3, -2, 17), [1, -5, 32, -87, 288, -405, 729], 3.9.af_bg_adj, 22 
(-6, 2, -5), [1, -4, -8, 66, -72, -324, 729], 3.9.ae_ai_co, 27 
(-6, 2, -4), [1, -4, -7, 60, -63, -324, 729], 3.9.ae_ah_ci, 28 
(-6, 2, -2), [1, -4, -5, 48, -45, -324, 729], 3.9.ae_af_bw, 30 
(-5, 1, -9), [1, -4, -5, 63, -45, -324, 729], 3.9.ae_af_cl, 15 
(-6, 2, -1), [1, -4, -4, 42, -36, -324, 729], 3.9.ae_ae_bq, 31 
(-6, 2, 1), [1, -4, -2, 30, -18, -324, 729], 3.9.ae_ac_be, 33 
(-6, 2, 4), [1, -4, 1, 12, 9, -324, 729], 3.9.ae_b_m, 36 
(-5, 1, -3), [1, -4, 1, 33, 9, -324, 729], 3.9.ae_b_bh, 21 
(-6, 2, 5), [1, -4, 2, 6, 18, -324, 729], 3.9.ae_c_g, 37 
(-3, -1, -10), [1, -4, 2, 12, 18, -324, 729], 3.9.ae_c_m, -2 
(-6, 2, 7), [1, -4, 4, -6, 36, -324, 729], 3.9.ae_e_ag, 39 
(-6, 2, 8), [1, -4, 5, -12, 45, -324, 729], 3.9.ae_f_am, 40 
(-6, 2, 11), [1, -4, 8, -30, 72, -324, 729], 3.9.ae_i_abe, 43 
(-6, 2, 13), [1, -4, 10, -42, 90, -324, 729], 3.9.ae_k_abq, 45 
(-6, 2, 14), [1, -4, 11, -48, 99, -324, 729], 3.9.ae_l_abw, 46 
(-3, -1, -1), [1, -4, 11, -15, 99, -324, 729], 3.9.ae_l_ap, 7 
(-6, 2, 16), [1, -4, 13, -60, 117, -324, 729], 3.9.ae_n_aci, 48 
(-6, 2, 17), [1, -4, 14, -66, 126, -324, 729], 3.9.ae_o_aco, 49 
(0, -4, 7), [1, -4, 16, -72, 144, -324, 729], 3.9.ae_q_acu, -9 
(3, -7, 29), [1, -4, 17, -39, 153, -324, 729], 3.9.ae_r_abn, -11 
(1, -5, 15), [1, -4, 19, -75, 171, -324, 729], 3.9.ae_t_acx, -9 
(-3, -1, 10), [1, -4, 22, -48, 198, -324, 729], 3.9.ae_w_abw, 18 
(-3, -1, 11), [1, -4, 23, -51, 207, -324, 729], 3.9.ae_x_abz, 19 
(0, -4, 16), [1, -4, 25, -72, 225, -324, 729], 3.9.ae_z_acu, 0 
(-3, -1, 13), [1, -4, 25, -57, 225, -324, 729], 3.9.ae_z_acf, 21 
(0, -4, 17), [1, -4, 26, -72, 234, -324, 729], 3.9.ae_ba_acu, 1 
(-3, -1, 14), [1, -4, 26, -60, 234, -324, 729], 3.9.ae_ba_aci, 22 
(0, -4, 19), [1, -4, 28, -72, 252, -324, 729], 3.9.ae_bc_acu, 3 
(0, -4, 20), [1, -4, 29, -72, 261, -324, 729], 3.9.ae_bd_acu, 4 
(-3, -1, 17), [1, -4, 29, -69, 261, -324, 729], 3.9.ae_bd_acr, 25 
(-6, 3, 1), [1, -3, -8, 48, -72, -243, 729], 3.9.ad_ai_bw, 28 
(-3, 0, -17), [1, -3, -8, 51, -72, -243, 729], 3.9.ad_ai_bz, -8 
(6, -9, 37), [1, -3, -8, 60, -72, -243, 729], 3.9.ad_ai_ci, -8 
(-6, 3, 2), [1, -3, -7, 42, -63, -243, 729], 3.9.ad_ah_bq, 29 
(-3, 0, -16), [1, -3, -7, 48, -63, -243, 729], 3.9.ad_ah_bw, -7 
(-6, 3, 4), [1, -3, -5, 30, -45, -243, 729], 3.9.ad_af_be, 31 
(-6, 3, 5), [1, -3, -4, 24, -36, -243, 729], 3.9.ad_ae_y, 32 
(-3, 0, -13), [1, -3, -4, 39, -36, -243, 729], 3.9.ad_ae_bn, -4 
(-6, 3, 7), [1, -3, -2, 12, -18, -243, 729], 3.9.ad_ac_m, 34 
(-3, 0, -11), [1, -3, -2, 33, -18, -243, 729], 3.9.ad_ac_bh, -2 
(-3, 0, -10), [1, -3, -1, 30, -9, -243, 729], 3.9.ad_ab_be, -1 
(-4, 1, -6), [1, -3, -1, 42, -9, -243, 729], 3.9.ad_ab_bq, 9 
(-6, 3, 10), [1, -3, 1, -6, 9, -243, 729], 3.9.ad_b_ag, 37 
(-3, 0, -8), [1, -3, 1, 24, 9, -243, 729], 3.9.ad_b_y, 1 
(-6, 3, 11), [1, -3, 2, -12, 18, -243, 729], 3.9.ad_c_am, 38 
(-4, 1, -3), [1, -3, 2, 30, 18, -243, 729], 3.9.ad_c_be, 12 
(-3, 0, -5), [1, -3, 4, 15, 36, -243, 729], 3.9.ad_e_p, 4 
(-4, 1, 0), [1, -3, 5, 18, 45, -243, 729], 3.9.ad_f_s, 15 
(-6, 3, 16), [1, -3, 7, -42, 63, -243, 729], 3.9.ad_h_abq, 43 
(-6, 3, 17), [1, -3, 8, -48, 72, -243, 729], 3.9.ad_i_abw, 44 
(-5, 2, 9), [1, -3, 8, -9, 72, -243, 729], 3.9.ad_i_aj, 30 
(-3, 0, -1), [1, -3, 8, 3, 72, -243, 729], 3.9.ad_i_d, 8 
(-4, 1, 3), [1, -3, 8, 6, 72, -243, 729], 3.9.ad_i_g, 18 
(-6, 3, 19), [1, -3, 10, -60, 90, -243, 729], 3.9.ad_k_aci, 46 
(3, -6, 19), [1, -3, 10, -51, 90, -243, 729], 3.9.ad_k_abz, -8 
(-3, 0, 1), [1, -3, 10, -3, 90, -243, 729], 3.9.ad_k_ad, 10 
(1, -4, 9), [1, -3, 14, -63, 126, -243, 729], 3.9.ad_o_acl, -6 
(-3, 0, 5), [1, -3, 14, -15, 126, -243, 729], 3.9.ad_o_ap, 14 
(3, -6, 25), [1, -3, 16, -33, 144, -243, 729], 3.9.ad_q_abh, -2 
(-3, 0, 7), [1, -3, 16, -21, 144, -243, 729], 3.9.ad_q_av, 16 
(-3, 0, 8), [1, -3, 17, -24, 153, -243, 729], 3.9.ad_r_ay, 17 
(-3, 0, 10), [1, -3, 19, -30, 171, -243, 729], 3.9.ad_t_abe, 19 
(1, -4, 15), [1, -3, 20, -57, 180, -243, 729], 3.9.ad_u_acf, 0 
(-1, -2, 9), [1, -3, 20, -45, 180, -243, 729], 3.9.ad_u_abt, 6 
(-3, 0, 11), [1, -3, 20, -33, 180, -243, 729], 3.9.ad_u_abh, 20 
(0, -3, 13), [1, -3, 22, -54, 198, -243, 729], 3.9.ad_w_acc, 4 
(-3, 0, 13), [1, -3, 22, -39, 198, -243, 729], 3.9.ad_w_abn, 22 
(0, -3, 16), [1, -3, 25, -54, 225, -243, 729], 3.9.ad_z_acc, 7 
(-3, 0, 16), [1, -3, 25, -48, 225, -243, 729], 3.9.ad_z_abw, 25 
(0, -3, 17), [1, -3, 26, -54, 234, -243, 729], 3.9.ad_ba_acc, 8 
(0, -3, 19), [1, -3, 28, -54, 252, -243, 729], 3.9.ad_bc_acc, 10 
(6, -8, 31), [1, -2, -8, 42, -72, -162, 729], 3.9.ac_ai_bq, 3 
(-3, 1, -11), [1, -2, -5, 51, -45, -162, 729], 3.9.ac_af_bz, -3 
(-6, 4, 11), [1, -2, -4, 6, -36, -162, 729], 3.9.ac_ae_g, 31 
(-3, 1, -7), [1, -2, -1, 39, -9, -162, 729], 3.9.ac_ab_bn, 1 
(-6, 4, 16), [1, -2, 1, -24, 9, -162, 729], 3.9.ac_b_ay, 36 
(-3, 1, -5), [1, -2, 1, 33, 9, -162, 729], 3.9.ac_b_bh, 3 
(-6, 4, 17), [1, -2, 2, -30, 18, -162, 729], 3.9.ac_c_abe, 37 
(-6, 4, 19), [1, -2, 4, -42, 36, -162, 729], 3.9.ac_e_abq, 39 
(-6, 4, 20), [1, -2, 5, -48, 45, -162, 729], 3.9.ac_f_abw, 40 
(-3, 1, -1), [1, -2, 5, 21, 45, -162, 729], 3.9.ac_f_v, 7 
(-3, 1, 5), [1, -2, 11, 3, 99, -162, 729], 3.9.ac_l_d, 13 
(-3, 1, 7), [1, -2, 13, -3, 117, -162, 729], 3.9.ac_n_ad, 15 
(0, -2, 5), [1, -2, 14, -36, 126, -162, 729], 3.9.ac_o_abk, 1 
(-3, 1, 10), [1, -2, 16, -12, 144, -162, 729], 3.9.ac_q_am, 18 
(-3, 1, 11), [1, -2, 17, -15, 153, -162, 729], 3.9.ac_r_ap, 19 
(-3, 1, 14), [1, -2, 20, -24, 180, -162, 729], 3.9.ac_u_ay, 22 
(-3, 1, 17), [1, -2, 23, -33, 207, -162, 729], 3.9.ac_x_abh, 25 
(0, -2, 17), [1, -2, 26, -36, 234, -162, 729], 3.9.ac_ba_abk, 13 
(-6, 5, 13), [1, -1, -8, 12, -72, -81, 729], 3.9.ab_ai_m, 24 
(6, -7, 25), [1, -1, -8, 24, -72, -81, 729], 3.9.ab_ai_y, 12 
(-6, 5, 14), [1, -1, -7, 6, -63, -81, 729], 3.9.ab_ah_g, 25 
(6, -7, 26), [1, -1, -7, 30, -63, -81, 729], 3.9.ab_ah_be, 13 
(-6, 5, 17), [1, -1, -4, -12, -36, -81, 729], 3.9.ab_ae_am, 28 
(6, -7, 29), [1, -1, -4, 48, -36, -81, 729], 3.9.ab_ae_bw, 16 
(-6, 5, 19), [1, -1, -2, -24, -18, -81, 729], 3.9.ab_ac_ay, 30 
(-5, 4, 9), [1, -1, -2, 27, -18, -81, 729], 3.9.ab_ac_bb, 18 
(-3, 2, -5), [1, -1, -2, 51, -18, -81, 729], 3.9.ab_ac_bz, 0 
(-6, 5, 20), [1, -1, -1, -30, -9, -81, 729], 3.9.ab_ab_abe, 31 
(-3, 2, -2), [1, -1, 1, 42, 9, -81, 729], 3.9.ab_b_bq, 3 
(-6, 5, 23), [1, -1, 2, -48, 18, -81, 729], 3.9.ab_c_abw, 34 
(-3, 2, -1), [1, -1, 2, 39, 18, -81, 729], 3.9.ab_c_bn, 4 
(3, -4, 7), [1, -1, 4, -51, 36, -81, 729], 3.9.ab_e_abz, 0 
(-5, 4, 15), [1, -1, 4, -3, 36, -81, 729], 3.9.ab_e_ad, 24 
(-3, 2, 1), [1, -1, 4, 33, 36, -81, 729], 3.9.ab_e_bh, 6 
(3, -4, 8), [1, -1, 5, -48, 45, -81, 729], 3.9.ab_f_abw, 1 
(-3, 2, 2), [1, -1, 5, 30, 45, -81, 729], 3.9.ab_f_be, 7 
(-3, 2, 4), [1, -1, 7, 24, 63, -81, 729], 3.9.ab_h_y, 9 
(3, -4, 11), [1, -1, 8, -39, 72, -81, 729], 3.9.ab_i_abn, 4 
(-3, 2, 5), [1, -1, 8, 21, 72, -81, 729], 3.9.ab_i_v, 10 
(-2, 1, 3), [1, -1, 10, 12, 90, -81, 729], 3.9.ab_k_m, 6 
(-3, 2, 7), [1, -1, 10, 15, 90, -81, 729], 3.9.ab_k_p, 12 
(3, -4, 17), [1, -1, 14, -21, 126, -81, 729], 3.9.ab_o_av, 10 
(-3, 2, 11), [1, -1, 14, 3, 126, -81, 729], 3.9.ab_o_d, 16 
(1, -2, 9), [1, -1, 16, -27, 144, -81, 729], 3.9.ab_q_abb, 6 
(3, -4, 19), [1, -1, 16, -15, 144, -81, 729], 3.9.ab_q_ap, 12 
(-3, 2, 13), [1, -1, 16, -3, 144, -81, 729], 3.9.ab_q_ad, 18 
(-2, 1, 9), [1, -1, 16, 0, 144, -81, 729], 3.9.ab_q_a, 12 
(1, -2, 12), [1, -1, 19, -24, 171, -81, 729], 3.9.ab_t_ay, 9 
(0, -1, 11), [1, -1, 20, -18, 180, -81, 729], 3.9.ab_u_as, 10 
(-3, 2, 17), [1, -1, 20, -15, 180, -81, 729], 3.9.ab_u_ap, 22 
(0, -1, 17), [1, -1, 26, -18, 234, -81, 729], 3.9.ab_ba_as, 16 
(-6, 6, 19), [1, 0, -8, -6, -72, 0, 729], 3.9.a_ai_ag, 19 
(6, -6, 19), [1, 0, -8, 6, -72, 0, 729], 3.9.a_ai_g, 19 
(-6, 6, 20), [1, 0, -7, -12, -63, 0, 729], 3.9.a_ah_am, 20 
(0, 0, -16), [1, 0, -7, 0, -63, 0, 729], 3.9.a_ah_a, -16 
(6, -6, 20), [1, 0, -7, 12, -63, 0, 729], 3.9.a_ah_m, 20 
(-6, 6, 22), [1, 0, -5, -24, -45, 0, 729], 3.9.a_af_ay, 22 
(6, -6, 22), [1, 0, -5, 24, -45, 0, 729], 3.9.a_af_y, 22 
(-6, 6, 25), [1, 0, -2, -42, -18, 0, 729], 3.9.a_ac_abq, 25 
(6, -6, 25), [1, 0, -2, 42, -18, 0, 729], 3.9.a_ac_bq, 25 
(1, -1, -9), [1, 0, -1, -27, -9, 0, 729], 3.9.a_ab_abb, -9 
(-1, 1, -9), [1, 0, -1, 27, -9, 0, 729], 3.9.a_ab_bb, -9 
(3, -3, 1), [1, 0, 1, -51, 9, 0, 729], 3.9.a_b_abz, 1 
(-3, 3, 1), [1, 0, 1, 51, 9, 0, 729], 3.9.a_b_bz, 1 
(3, -3, 5), [1, 0, 5, -39, 45, 0, 729], 3.9.a_f_abn, 5 
(-3, 3, 5), [1, 0, 5, 39, 45, 0, 729], 3.9.a_f_bn, 5 
(2, -2, 9), [1, 0, 14, -18, 126, 0, 729], 3.9.a_o_as, 9 
(-2, 2, 9), [1, 0, 14, 18, 126, 0, 729], 3.9.a_o_s, 9 
(0, 0, 7), [1, 0, 16, 0, 144, 0, 729], 3.9.a_q_a, 7 
(-3, 3, 19), [1, 0, 19, -3, 171, 0, 729], 3.9.a_t_ad, 19 
(3, -3, 19), [1, 0, 19, 3, 171, 0, 729], 3.9.a_t_d, 19 
(0, 0, 11), [1, 0, 20, 0, 180, 0, 729], 3.9.a_u_a, 11 
(0, 0, 13), [1, 0, 22, 0, 198, 0, 729], 3.9.a_w_a, 13 
(0, 0, 16), [1, 0, 25, 0, 225, 0, 729], 3.9.a_z_a, 16 
(-6, 7, 25), [1, 1, -8, -24, -72, 81, 729], 3.9.b_ai_ay, 12 
(6, -5, 13), [1, 1, -8, -12, -72, 81, 729], 3.9.b_ai_am, 24 
(-6, 7, 26), [1, 1, -7, -30, -63, 81, 729], 3.9.b_ah_abe, 13 
(6, -5, 14), [1, 1, -7, -6, -63, 81, 729], 3.9.b_ah_ag, 25 
(-6, 7, 29), [1, 1, -4, -48, -36, 81, 729], 3.9.b_ae_abw, 16 
(6, -5, 17), [1, 1, -4, 12, -36, 81, 729], 3.9.b_ae_m, 28 
(3, -2, -5), [1, 1, -2, -51, -18, 81, 729], 3.9.b_ac_abz, 0 
(5, -4, 9), [1, 1, -2, -27, -18, 81, 729], 3.9.b_ac_abb, 18 
(6, -5, 19), [1, 1, -2, 24, -18, 81, 729], 3.9.b_ac_y, 30 
(6, -5, 20), [1, 1, -1, 30, -9, 81, 729], 3.9.b_ab_be, 31 
(3, -2, -2), [1, 1, 1, -42, 9, 81, 729], 3.9.b_b_abq, 3 
(3, -2, -1), [1, 1, 2, -39, 18, 81, 729], 3.9.b_c_abn, 4 
(6, -5, 23), [1, 1, 2, 48, 18, 81, 729], 3.9.b_c_bw, 34 
(3, -2, 1), [1, 1, 4, -33, 36, 81, 729], 3.9.b_e_abh, 6 
(5, -4, 15), [1, 1, 4, 3, 36, 81, 729], 3.9.b_e_d, 24 
(-3, 4, 7), [1, 1, 4, 51, 36, 81, 729], 3.9.b_e_bz, 0 
(3, -2, 2), [1, 1, 5, -30, 45, 81, 729], 3.9.b_f_abe, 7 
(-3, 4, 8), [1, 1, 5, 48, 45, 81, 729], 3.9.b_f_bw, 1 
(3, -2, 4), [1, 1, 7, -24, 63, 81, 729], 3.9.b_h_ay, 9 
(3, -2, 5), [1, 1, 8, -21, 72, 81, 729], 3.9.b_i_av, 10 
(-3, 4, 11), [1, 1, 8, 39, 72, 81, 729], 3.9.b_i_bn, 4 
(3, -2, 7), [1, 1, 10, -15, 90, 81, 729], 3.9.b_k_ap, 12 
(2, -1, 3), [1, 1, 10, -12, 90, 81, 729], 3.9.b_k_am, 6 
(3, -2, 11), [1, 1, 14, -3, 126, 81, 729], 3.9.b_o_ad, 16 
(-3, 4, 17), [1, 1, 14, 21, 126, 81, 729], 3.9.b_o_v, 10 
(2, -1, 9), [1, 1, 16, 0, 144, 81, 729], 3.9.b_q_a, 12 
(3, -2, 13), [1, 1, 16, 3, 144, 81, 729], 3.9.b_q_d, 18 
(-3, 4, 19), [1, 1, 16, 15, 144, 81, 729], 3.9.b_q_p, 12 
(-1, 2, 9), [1, 1, 16, 27, 144, 81, 729], 3.9.b_q_bb, 6 
(-1, 2, 12), [1, 1, 19, 24, 171, 81, 729], 3.9.b_t_y, 9 
(3, -2, 17), [1, 1, 20, 15, 180, 81, 729], 3.9.b_u_p, 22 
(0, 1, 11), [1, 1, 20, 18, 180, 81, 729], 3.9.b_u_s, 10 
(0, 1, 17), [1, 1, 26, 18, 234, 81, 729], 3.9.b_ba_s, 16 
(-6, 8, 31), [1, 2, -8, -42, -72, 162, 729], 3.9.c_ai_abq, 3 
(3, -1, -11), [1, 2, -5, -51, -45, 162, 729], 3.9.c_af_abz, -3 
(6, -4, 11), [1, 2, -4, -6, -36, 162, 729], 3.9.c_ae_ag, 31 
(3, -1, -7), [1, 2, -1, -39, -9, 162, 729], 3.9.c_ab_abn, 1 
(3, -1, -5), [1, 2, 1, -33, 9, 162, 729], 3.9.c_b_abh, 3 
(6, -4, 16), [1, 2, 1, 24, 9, 162, 729], 3.9.c_b_y, 36 
(6, -4, 17), [1, 2, 2, 30, 18, 162, 729], 3.9.c_c_be, 37 
(6, -4, 19), [1, 2, 4, 42, 36, 162, 729], 3.9.c_e_bq, 39 
(3, -1, -1), [1, 2, 5, -21, 45, 162, 729], 3.9.c_f_av, 7 
(6, -4, 20), [1, 2, 5, 48, 45, 162, 729], 3.9.c_f_bw, 40 
(3, -1, 5), [1, 2, 11, -3, 99, 162, 729], 3.9.c_l_ad, 13 
(3, -1, 7), [1, 2, 13, 3, 117, 162, 729], 3.9.c_n_d, 15 
(0, 2, 5), [1, 2, 14, 36, 126, 162, 729], 3.9.c_o_bk, 1 
(3, -1, 10), [1, 2, 16, 12, 144, 162, 729], 3.9.c_q_m, 18 
(3, -1, 11), [1, 2, 17, 15, 153, 162, 729], 3.9.c_r_p, 19 
(3, -1, 14), [1, 2, 20, 24, 180, 162, 729], 3.9.c_u_y, 22 
(3, -1, 17), [1, 2, 23, 33, 207, 162, 729], 3.9.c_x_bh, 25 
(0, 2, 17), [1, 2, 26, 36, 234, 162, 729], 3.9.c_ba_bk, 13 
(-6, 9, 37), [1, 3, -8, -60, -72, 243, 729], 3.9.d_ai_aci, -8 
(3, 0, -17), [1, 3, -8, -51, -72, 243, 729], 3.9.d_ai_abz, -8 
(6, -3, 1), [1, 3, -8, -48, -72, 243, 729], 3.9.d_ai_abw, 28 
(3, 0, -16), [1, 3, -7, -48, -63, 243, 729], 3.9.d_ah_abw, -7 
(6, -3, 2), [1, 3, -7, -42, -63, 243, 729], 3.9.d_ah_abq, 29 
(6, -3, 4), [1, 3, -5, -30, -45, 243, 729], 3.9.d_af_abe, 31 
(3, 0, -13), [1, 3, -4, -39, -36, 243, 729], 3.9.d_ae_abn, -4 
(6, -3, 5), [1, 3, -4, -24, -36, 243, 729], 3.9.d_ae_ay, 32 
(3, 0, -11), [1, 3, -2, -33, -18, 243, 729], 3.9.d_ac_abh, -2 
(6, -3, 7), [1, 3, -2, -12, -18, 243, 729], 3.9.d_ac_am, 34 
(4, -1, -6), [1, 3, -1, -42, -9, 243, 729], 3.9.d_ab_abq, 9 
(3, 0, -10), [1, 3, -1, -30, -9, 243, 729], 3.9.d_ab_abe, -1 
(3, 0, -8), [1, 3, 1, -24, 9, 243, 729], 3.9.d_b_ay, 1 
(6, -3, 10), [1, 3, 1, 6, 9, 243, 729], 3.9.d_b_g, 37 
(4, -1, -3), [1, 3, 2, -30, 18, 243, 729], 3.9.d_c_abe, 12 
(6, -3, 11), [1, 3, 2, 12, 18, 243, 729], 3.9.d_c_m, 38 
(3, 0, -5), [1, 3, 4, -15, 36, 243, 729], 3.9.d_e_ap, 4 
(4, -1, 0), [1, 3, 5, -18, 45, 243, 729], 3.9.d_f_as, 15 
(6, -3, 16), [1, 3, 7, 42, 63, 243, 729], 3.9.d_h_bq, 43 
(4, -1, 3), [1, 3, 8, -6, 72, 243, 729], 3.9.d_i_ag, 18 
(3, 0, -1), [1, 3, 8, -3, 72, 243, 729], 3.9.d_i_ad, 8 
(5, -2, 9), [1, 3, 8, 9, 72, 243, 729], 3.9.d_i_j, 30 
(6, -3, 17), [1, 3, 8, 48, 72, 243, 729], 3.9.d_i_bw, 44 
(3, 0, 1), [1, 3, 10, 3, 90, 243, 729], 3.9.d_k_d, 10 
(-3, 6, 19), [1, 3, 10, 51, 90, 243, 729], 3.9.d_k_bz, -8 
(6, -3, 19), [1, 3, 10, 60, 90, 243, 729], 3.9.d_k_ci, 46 
(3, 0, 5), [1, 3, 14, 15, 126, 243, 729], 3.9.d_o_p, 14 
(-1, 4, 9), [1, 3, 14, 63, 126, 243, 729], 3.9.d_o_cl, -6 
(3, 0, 7), [1, 3, 16, 21, 144, 243, 729], 3.9.d_q_v, 16 
(-3, 6, 25), [1, 3, 16, 33, 144, 243, 729], 3.9.d_q_bh, -2 
(3, 0, 8), [1, 3, 17, 24, 153, 243, 729], 3.9.d_r_y, 17 
(3, 0, 10), [1, 3, 19, 30, 171, 243, 729], 3.9.d_t_be, 19 
(3, 0, 11), [1, 3, 20, 33, 180, 243, 729], 3.9.d_u_bh, 20 
(1, 2, 9), [1, 3, 20, 45, 180, 243, 729], 3.9.d_u_bt, 6 
(-1, 4, 15), [1, 3, 20, 57, 180, 243, 729], 3.9.d_u_cf, 0 
(3, 0, 13), [1, 3, 22, 39, 198, 243, 729], 3.9.d_w_bn, 22 
(0, 3, 13), [1, 3, 22, 54, 198, 243, 729], 3.9.d_w_cc, 4 
(3, 0, 16), [1, 3, 25, 48, 225, 243, 729], 3.9.d_z_bw, 25 
(0, 3, 16), [1, 3, 25, 54, 225, 243, 729], 3.9.d_z_cc, 7 
(0, 3, 17), [1, 3, 26, 54, 234, 243, 729], 3.9.d_ba_cc, 8 
(0, 3, 19), [1, 3, 28, 54, 252, 243, 729], 3.9.d_bc_cc, 10 
(6, -2, -5), [1, 4, -8, -66, -72, 324, 729], 3.9.e_ai_aco, 27 
(6, -2, -4), [1, 4, -7, -60, -63, 324, 729], 3.9.e_ah_aci, 28 
(5, -1, -9), [1, 4, -5, -63, -45, 324, 729], 3.9.e_af_acl, 15 
(6, -2, -2), [1, 4, -5, -48, -45, 324, 729], 3.9.e_af_abw, 30 
(6, -2, -1), [1, 4, -4, -42, -36, 324, 729], 3.9.e_ae_abq, 31 
(6, -2, 1), [1, 4, -2, -30, -18, 324, 729], 3.9.e_ac_abe, 33 
(5, -1, -3), [1, 4, 1, -33, 9, 324, 729], 3.9.e_b_abh, 21 
(6, -2, 4), [1, 4, 1, -12, 9, 324, 729], 3.9.e_b_am, 36 
(3, 1, -10), [1, 4, 2, -12, 18, 324, 729], 3.9.e_c_am, -2 
(6, -2, 5), [1, 4, 2, -6, 18, 324, 729], 3.9.e_c_ag, 37 
(6, -2, 7), [1, 4, 4, 6, 36, 324, 729], 3.9.e_e_g, 39 
(6, -2, 8), [1, 4, 5, 12, 45, 324, 729], 3.9.e_f_m, 40 
(6, -2, 11), [1, 4, 8, 30, 72, 324, 729], 3.9.e_i_be, 43 
(6, -2, 13), [1, 4, 10, 42, 90, 324, 729], 3.9.e_k_bq, 45 
(3, 1, -1), [1, 4, 11, 15, 99, 324, 729], 3.9.e_l_p, 7 
(6, -2, 14), [1, 4, 11, 48, 99, 324, 729], 3.9.e_l_bw, 46 
(6, -2, 16), [1, 4, 13, 60, 117, 324, 729], 3.9.e_n_ci, 48 
(6, -2, 17), [1, 4, 14, 66, 126, 324, 729], 3.9.e_o_co, 49 
(0, 4, 7), [1, 4, 16, 72, 144, 324, 729], 3.9.e_q_cu, -9 
(-3, 7, 29), [1, 4, 17, 39, 153, 324, 729], 3.9.e_r_bn, -11 
(-1, 5, 15), [1, 4, 19, 75, 171, 324, 729], 3.9.e_t_cx, -9 
(3, 1, 10), [1, 4, 22, 48, 198, 324, 729], 3.9.e_w_bw, 18 
(3, 1, 11), [1, 4, 23, 51, 207, 324, 729], 3.9.e_x_bz, 19 
(3, 1, 13), [1, 4, 25, 57, 225, 324, 729], 3.9.e_z_cf, 21 
(0, 4, 16), [1, 4, 25, 72, 225, 324, 729], 3.9.e_z_cu, 0 
(3, 1, 14), [1, 4, 26, 60, 234, 324, 729], 3.9.e_ba_ci, 22 
(0, 4, 17), [1, 4, 26, 72, 234, 324, 729], 3.9.e_ba_cu, 1 
(0, 4, 19), [1, 4, 28, 72, 252, 324, 729], 3.9.e_bc_cu, 3 
(3, 1, 17), [1, 4, 29, 69, 261, 324, 729], 3.9.e_bd_cr, 25 
(0, 4, 20), [1, 4, 29, 72, 261, 324, 729], 3.9.e_bd_cu, 4 
(6, -1, -11), [1, 5, -8, -84, -72, 405, 729], 3.9.f_ai_adg, 24 
(6, -1, -10), [1, 5, -7, -78, -63, 405, 729], 3.9.f_ah_ada, 25 
(6, -1, -8), [1, 5, -5, -66, -45, 405, 729], 3.9.f_af_aco, 27 
(6, -1, -7), [1, 5, -4, -60, -36, 405, 729], 3.9.f_ae_aci, 28 
(6, -1, -5), [1, 5, -2, -48, -18, 405, 729], 3.9.f_ac_abw, 30 
(6, -1, -4), [1, 5, -1, -42, -9, 405, 729], 3.9.f_ab_abq, 31 
(6, -1, -1), [1, 5, 2, -24, 18, 405, 729], 3.9.f_c_ay, 34 
(6, -1, 2), [1, 5, 5, -6, 45, 405, 729], 3.9.f_f_ag, 37 
(6, -1, 4), [1, 5, 7, 6, 63, 405, 729], 3.9.f_h_g, 39 
(6, -1, 5), [1, 5, 8, 12, 72, 405, 729], 3.9.f_i_m, 40 
(3, 2, -5), [1, 5, 10, 21, 90, 405, 729], 3.9.f_k_v, 0 
(6, -1, 7), [1, 5, 10, 24, 90, 405, 729], 3.9.f_k_y, 42 
(6, -1, 10), [1, 5, 13, 42, 117, 405, 729], 3.9.f_n_bq, 45 
(3, 2, -1), [1, 5, 14, 33, 126, 405, 729], 3.9.f_o_bh, 4 
(6, -1, 11), [1, 5, 14, 48, 126, 405, 729], 3.9.f_o_bw, 46 
(4, 1, 3), [1, 5, 16, 30, 144, 405, 729], 3.9.f_q_be, 18 
(3, 2, 1), [1, 5, 16, 39, 144, 405, 729], 3.9.f_q_bn, 6 
(-3, 8, 31), [1, 5, 16, 51, 144, 405, 729], 3.9.f_q_bz, -24 
(6, -1, 13), [1, 5, 16, 60, 144, 405, 729], 3.9.f_q_ci, 48 
(6, -1, 14), [1, 5, 17, 66, 153, 405, 729], 3.9.f_r_co, 49 
(3, 2, 5), [1, 5, 20, 51, 180, 405, 729], 3.9.f_u_bz, 10 
(6, -1, 17), [1, 5, 20, 84, 180, 405, 729], 3.9.f_u_dg, 52 
(4, 1, 9), [1, 5, 22, 54, 198, 405, 729], 3.9.f_w_cc, 24 
(3, 2, 7), [1, 5, 22, 57, 198, 405, 729], 3.9.f_w_cf, 12 
(1, 4, 9), [1, 5, 22, 81, 198, 405, 729], 3.9.f_w_dd, -6 
(0, 5, 13), [1, 5, 22, 90, 198, 405, 729], 3.9.f_w_dm, -12 
(0, 5, 16), [1, 5, 25, 90, 225, 405, 729], 3.9.f_z_dm, -9 
(3, 2, 11), [1, 5, 26, 69, 234, 405, 729], 3.9.f_ba_cr, 16 
(0, 5, 17), [1, 5, 26, 90, 234, 405, 729], 3.9.f_ba_dm, -8 
(3, 2, 13), [1, 5, 28, 75, 252, 405, 729], 3.9.f_bc_cx, 18 
(1, 4, 15), [1, 5, 28, 87, 252, 405, 729], 3.9.f_bc_dj, 0 
(0, 5, 19), [1, 5, 28, 90, 252, 405, 729], 3.9.f_bc_dm, -6 
(3, 2, 14), [1, 5, 29, 78, 261, 405, 729], 3.9.f_bd_da, 19 
(0, 5, 20), [1, 5, 29, 90, 261, 405, 729], 3.9.f_bd_dm, -5 
(3, 2, 16), [1, 5, 31, 84, 279, 405, 729], 3.9.f_bf_dg, 21 
(3, 2, 17), [1, 5, 32, 87, 288, 405, 729], 3.9.f_bg_dj, 22 
(0, 5, 23), [1, 5, 32, 90, 288, 405, 729], 3.9.f_bg_dm, -2 
(6, 0, -17), [1, 6, -8, -102, -72, 486, 729], 3.9.g_ai_ady, 19 
(6, 0, -16), [1, 6, -7, -96, -63, 486, 729], 3.9.g_ah_ads, 20 
(6, 0, -13), [1, 6, -4, -78, -36, 486, 729], 3.9.g_ae_ada, 23 
(6, 0, -11), [1, 6, -2, -66, -18, 486, 729], 3.9.g_ac_aco, 25 
(6, 0, -10), [1, 6, -1, -60, -9, 486, 729], 3.9.g_ab_aci, 26 
(6, 0, -8), [1, 6, 1, -48, 9, 486, 729], 3.9.g_b_abw, 28 
(6, 0, -5), [1, 6, 4, -30, 36, 486, 729], 3.9.g_e_abe, 31 
(5, 1, -9), [1, 6, 5, -27, 45, 486, 729], 3.9.g_f_abb, 15 
(6, 0, -4), [1, 6, 5, -24, 45, 486, 729], 3.9.g_f_ay, 32 
(6, 0, -1), [1, 6, 8, -6, 72, 486, 729], 3.9.g_i_ag, 35 
(6, 0, 1), [1, 6, 10, 6, 90, 486, 729], 3.9.g_k_g, 37 
(5, 1, -3), [1, 6, 11, 3, 99, 486, 729], 3.9.g_l_d, 21 
(6, 0, 4), [1, 6, 13, 24, 117, 486, 729], 3.9.g_n_y, 40 
(6, 0, 5), [1, 6, 14, 30, 126, 486, 729], 3.9.g_o_be, 41 
(6, 0, 8), [1, 6, 17, 48, 153, 486, 729], 3.9.g_r_bw, 44 
(3, 3, 1), [1, 6, 19, 57, 171, 486, 729], 3.9.g_t_cf, 1 
(6, 0, 11), [1, 6, 20, 66, 180, 486, 729], 3.9.g_u_co, 47 
(6, 0, 13), [1, 6, 22, 78, 198, 486, 729], 3.9.g_w_da, 49 
(3, 3, 7), [1, 6, 25, 75, 225, 486, 729], 3.9.g_z_cx, 7 
(6, 0, 16), [1, 6, 25, 96, 225, 486, 729], 3.9.g_z_ds, 52 
(4, 2, 9), [1, 6, 26, 72, 234, 486, 729], 3.9.g_ba_cu, 21 
(3, 3, 10), [1, 6, 28, 84, 252, 486, 729], 3.9.g_bc_dg, 10 
(0, 6, 19), [1, 6, 28, 108, 252, 486, 729], 3.9.g_bc_ee, -17 
(3, 3, 11), [1, 6, 29, 87, 261, 486, 729], 3.9.g_bd_dj, 11 
(0, 6, 20), [1, 6, 29, 108, 261, 486, 729], 3.9.g_bd_ee, -16 
(3, 3, 13), [1, 6, 31, 93, 279, 486, 729], 3.9.g_bf_dp, 13 
(0, 6, 25), [1, 6, 34, 108, 306, 486, 729], 3.9.g_bi_ee, -11 
(3, 3, 17), [1, 6, 35, 105, 315, 486, 729], 3.9.g_bj_eb, 17 
(1, 5, 21), [1, 6, 35, 111, 315, 486, 729], 3.9.g_bj_eh, -3 
(3, 3, 19), [1, 6, 37, 111, 333, 486, 729], 3.9.g_bl_eh, 19 
(6, 1, -11), [1, 7, 4, -48, 36, 567, 729], 3.9.h_e_abw, 24 
(6, 1, -10), [1, 7, 5, -42, 45, 567, 729], 3.9.h_f_abq, 25 
(6, 1, -8), [1, 7, 7, -30, 63, 567, 729], 3.9.h_h_abe, 27 
(6, 1, -7), [1, 7, 8, -24, 72, 567, 729], 3.9.h_i_ay, 28 
(6, 1, -5), [1, 7, 10, -12, 90, 567, 729], 3.9.h_k_am, 30 
(6, 1, -4), [1, 7, 11, -6, 99, 567, 729], 3.9.h_l_ag, 31 
(6, 1, -1), [1, 7, 14, 12, 126, 567, 729], 3.9.h_o_m, 34 
(6, 1, 1), [1, 7, 16, 24, 144, 567, 729], 3.9.h_q_y, 36 
(6, 1, 2), [1, 7, 17, 30, 153, 567, 729], 3.9.h_r_be, 37 
(5, 2, 0), [1, 7, 19, 36, 171, 567, 729], 3.9.h_t_bk, 21 
(6, 1, 5), [1, 7, 20, 48, 180, 567, 729], 3.9.h_u_bw, 40 
(6, 1, 7), [1, 7, 22, 60, 198, 567, 729], 3.9.h_w_ci, 42 
(6, 1, 8), [1, 7, 23, 66, 207, 567, 729], 3.9.h_x_co, 43 
(5, 2, 6), [1, 7, 25, 66, 225, 567, 729], 3.9.h_z_co, 27 
(6, 1, 10), [1, 7, 25, 78, 225, 567, 729], 3.9.h_z_da, 45 
(6, 1, 11), [1, 7, 26, 84, 234, 567, 729], 3.9.h_ba_dg, 46 
(5, 2, 9), [1, 7, 28, 81, 252, 567, 729], 3.9.h_bc_dd, 30 
(3, 4, 7), [1, 7, 28, 93, 252, 567, 729], 3.9.h_bc_dp, 0 
(3, 4, 8), [1, 7, 29, 96, 261, 567, 729], 3.9.h_bd_ds, 1 
(6, 1, 14), [1, 7, 29, 102, 261, 567, 729], 3.9.h_bd_dy, 49 
(5, 2, 12), [1, 7, 31, 96, 279, 567, 729], 3.9.h_bf_ds, 33 
(3, 4, 11), [1, 7, 32, 105, 288, 567, 729], 3.9.h_bg_eb, 4 
(6, 1, 17), [1, 7, 32, 120, 288, 567, 729], 3.9.h_bg_eq, 52 
(3, 4, 16), [1, 7, 37, 120, 333, 567, 729], 3.9.h_bl_eq, 9 
(3, 4, 17), [1, 7, 38, 123, 342, 567, 729], 3.9.h_bm_et, 10 
(3, 4, 19), [1, 7, 40, 129, 360, 567, 729], 3.9.h_bo_ez, 12 
(2, 5, 21), [1, 7, 40, 132, 360, 567, 729], 3.9.h_bo_fc, 0 
(3, 4, 20), [1, 7, 41, 132, 369, 567, 729], 3.9.h_bp_fc, 13 
(6, 2, -5), [1, 8, 16, 6, 144, 648, 729], 3.9.i_q_g, 27 
(6, 2, -4), [1, 8, 17, 12, 153, 648, 729], 3.9.i_r_m, 28 
(6, 2, -2), [1, 8, 19, 24, 171, 648, 729], 3.9.i_t_y, 30 
(6, 2, -1), [1, 8, 20, 30, 180, 648, 729], 3.9.i_u_be, 31 
(6, 2, 1), [1, 8, 22, 42, 198, 648, 729], 3.9.i_w_bq, 33 
(6, 2, 4), [1, 8, 25, 60, 225, 648, 729], 3.9.i_z_ci, 36 
(6, 2, 5), [1, 8, 26, 66, 234, 648, 729], 3.9.i_ba_co, 37 
(6, 2, 7), [1, 8, 28, 78, 252, 648, 729], 3.9.i_bc_da, 39 
(6, 2, 8), [1, 8, 29, 84, 261, 648, 729], 3.9.i_bd_dg, 40 
(6, 2, 11), [1, 8, 32, 102, 288, 648, 729], 3.9.i_bg_dy, 43 
(6, 2, 13), [1, 8, 34, 114, 306, 648, 729], 3.9.i_bi_ek, 45 
(6, 2, 14), [1, 8, 35, 120, 315, 648, 729], 3.9.i_bj_eq, 46 
(3, 5, 13), [1, 8, 37, 129, 333, 648, 729], 3.9.i_bl_ez, -3 
(6, 2, 16), [1, 8, 37, 132, 333, 648, 729], 3.9.i_bl_fc, 48 
(6, 2, 17), [1, 8, 38, 138, 342, 648, 729], 3.9.i_bm_fi, 49 
(4, 4, 15), [1, 8, 40, 132, 360, 648, 729], 3.9.i_bo_fc, 15 
(0, 8, 31), [1, 8, 40, 144, 360, 648, 729], 3.9.i_bo_fo, -33 
(3, 5, 17), [1, 8, 41, 141, 369, 648, 729], 3.9.i_bp_fl, 1 
(3, 5, 19), [1, 8, 43, 147, 387, 648, 729], 3.9.i_br_fr, 3 
(1, 7, 27), [1, 8, 43, 153, 387, 648, 729], 3.9.i_br_fx, -21 
(3, 5, 23), [1, 8, 47, 159, 423, 648, 729], 3.9.i_bv_gd, 7 
(6, 3, 1), [1, 9, 28, 60, 252, 729, 729], 3.9.j_bc_ci, 28 
(6, 3, 2), [1, 9, 29, 66, 261, 729, 729], 3.9.j_bd_co, 29 
(6, 3, 4), [1, 9, 31, 78, 279, 729, 729], 3.9.j_bf_da, 31 
(6, 3, 5), [1, 9, 32, 84, 288, 729, 729], 3.9.j_bg_dg, 32 
(6, 3, 7), [1, 9, 34, 96, 306, 729, 729], 3.9.j_bi_ds, 34 
(6, 3, 10), [1, 9, 37, 114, 333, 729, 729], 3.9.j_bl_ek, 37 
(5, 4, 9), [1, 9, 38, 117, 342, 729, 729], 3.9.j_bm_en, 18 
(6, 3, 11), [1, 9, 38, 120, 342, 729, 729], 3.9.j_bm_eq, 38 
(6, 3, 13), [1, 9, 40, 132, 360, 729, 729], 3.9.j_bo_fc, 40 
(5, 4, 15), [1, 9, 44, 147, 396, 729, 729], 3.9.j_bs_fr, 24 
(4, 5, 15), [1, 9, 44, 150, 396, 729, 729], 3.9.j_bs_fu, 6 
(6, 3, 17), [1, 9, 44, 156, 396, 729, 729], 3.9.j_bs_ga, 44 
(0, 9, 37), [1, 9, 46, 162, 414, 729, 729], 3.9.j_bu_gg, -44 
(3, 6, 19), [1, 9, 46, 165, 414, 729, 729], 3.9.j_bu_gj, -8 
(6, 3, 19), [1, 9, 46, 168, 414, 729, 729], 3.9.j_bu_gm, 46 
(3, 6, 22), [1, 9, 49, 174, 441, 729, 729], 3.9.j_bx_gs, -5 
(4, 5, 21), [1, 9, 50, 174, 450, 729, 729], 3.9.j_by_gs, 12 
(2, 7, 27), [1, 9, 50, 180, 450, 729, 729], 3.9.j_by_gy, -18 
(3, 6, 25), [1, 9, 52, 183, 468, 729, 729], 3.9.j_ca_hb, -2 
(6, 4, 7), [1, 10, 40, 114, 360, 810, 729], 3.9.k_bo_ek, 27 
(6, 4, 8), [1, 10, 41, 120, 369, 810, 729], 3.9.k_bp_eq, 28 
(6, 4, 11), [1, 10, 44, 138, 396, 810, 729], 3.9.k_bs_fi, 31 
(5, 5, 15), [1, 10, 49, 165, 441, 810, 729], 3.9.k_bx_gj, 15 
(6, 4, 16), [1, 10, 49, 168, 441, 810, 729], 3.9.k_bx_gm, 36 
(6, 4, 17), [1, 10, 50, 174, 450, 810, 729], 3.9.k_by_gs, 37 
(6, 4, 19), [1, 10, 52, 186, 468, 810, 729], 3.9.k_ca_he, 39 
(6, 4, 20), [1, 10, 53, 192, 477, 810, 729], 3.9.k_cb_hk, 40 
(5, 5, 21), [1, 10, 55, 195, 495, 810, 729], 3.9.k_cd_hn, 21 
(3, 7, 25), [1, 10, 55, 201, 495, 810, 729], 3.9.k_cd_ht, -15 
(3, 7, 26), [1, 10, 56, 204, 504, 810, 729], 3.9.k_ce_hw, -14 
(3, 7, 29), [1, 10, 59, 213, 531, 810, 729], 3.9.k_ch_if, -11 
(6, 5, 13), [1, 11, 52, 168, 468, 891, 729], 3.9.l_ca_gm, 24 
(6, 5, 14), [1, 11, 53, 174, 477, 891, 729], 3.9.l_cb_gs, 25 
(6, 5, 16), [1, 11, 55, 186, 495, 891, 729], 3.9.l_cd_he, 27 
(6, 5, 17), [1, 11, 56, 192, 504, 891, 729], 3.9.l_ce_hk, 28 
(6, 5, 19), [1, 11, 58, 204, 522, 891, 729], 3.9.l_cg_hw, 30 
(6, 5, 20), [1, 11, 59, 210, 531, 891, 729], 3.9.l_ch_ic, 31 
(6, 5, 23), [1, 11, 62, 228, 558, 891, 729], 3.9.l_ck_iu, 34 
(4, 7, 27), [1, 11, 64, 234, 576, 891, 729], 3.9.l_cm_ja, -6 
(3, 8, 31), [1, 11, 64, 237, 576, 891, 729], 3.9.l_cm_jd, -24 
(3, 8, 32), [1, 11, 65, 240, 585, 891, 729], 3.9.l_cn_jg, -23 
(6, 6, 19), [1, 12, 64, 222, 576, 972, 729], 3.9.m_cm_io, 19 
(6, 6, 20), [1, 12, 65, 228, 585, 972, 729], 3.9.m_cn_iu, 20 
(6, 6, 22), [1, 12, 67, 240, 603, 972, 729], 3.9.m_cp_jg, 22 
(6, 6, 25), [1, 12, 70, 258, 630, 972, 729], 3.9.m_cs_jy, 25 
(5, 7, 27), [1, 12, 71, 261, 639, 972, 729], 3.9.m_ct_kb, 3 
(3, 9, 37), [1, 12, 73, 273, 657, 972, 729], 3.9.m_cv_kn, -35 
(6, 7, 25), [1, 13, 76, 276, 684, 1053, 729], 3.9.n_cy_kq, 12 
(6, 7, 26), [1, 13, 77, 282, 693, 1053, 729], 3.9.n_cz_kw, 13 
(6, 7, 29), [1, 13, 80, 300, 720, 1053, 729], 3.9.n_dc_lo, 16 
(6, 8, 31), [1, 14, 88, 330, 792, 1134, 729], 3.9.o_dk_ms, 3 
(6, 8, 32), [1, 14, 89, 336, 801, 1134, 729], 3.9.o_dl_my, 4 
(6, 9, 37), [1, 15, 100, 384, 900, 1215, 729], 3.9.p_dw_ou, -8 
