(-8, -14, 92), [1, -22, 227, -1380, 5221, -11638, 12167], 3.23.aw_it_acbc, -40 
(-7, -14, 92), [1, -21, 213, -1288, 4899, -11109, 12167], 3.23.av_if_abxo, -55 
(-6, -14, 92), [1, -20, 199, -1196, 4577, -10580, 12167], 3.23.au_hr_abua, -68 
(-4, -11, 69), [1, -15, 136, -782, 3128, -7935, 12167], 3.23.ap_fg_abec, -36 
(-9, -1, -23), [1, -10, 9, 161, 207, -5290, 12167], 3.23.ak_j_gf, 57 
(0, -8, 41), [1, -8, 64, -368, 1472, -4232, 12167], 3.23.ai_cm_aoe, -23 
(-8, 1, -23), [1, -7, -8, 230, -184, -3703, 12167], 3.23.ah_ai_iw, 40 
(-5, -1, 23), [1, -6, 51, -161, 1173, -3174, 12167], 3.23.ag_bz_agf, 47 
(-4, 1, 23), [1, -3, 42, -46, 966, -1587, 12167], 3.23.ad_bq_abu, 38 
(0, 0, -37), [1, 0, -14, 0, -322, 0, 12167], 3.23.a_ao_a, -37 
(0, 0, -21), [1, 0, 2, 0, 46, 0, 12167], 3.23.a_c_a, -21 
(0, 0, 35), [1, 0, 58, 0, 1334, 0, 12167], 3.23.a_cg_a, 35 
(0, 0, 44), [1, 0, 67, 0, 1541, 0, 12167], 3.23.a_cp_a, 44 
(4, -1, 23), [1, 3, 42, 46, 966, 1587, 12167], 3.23.d_bq_bu, 38 
(5, 1, 23), [1, 6, 51, 161, 1173, 3174, 12167], 3.23.g_bz_gf, 47 
(8, -1, -23), [1, 7, -8, -230, -184, 3703, 12167], 3.23.h_ai_aiw, 40 
(0, 8, 41), [1, 8, 64, 368, 1472, 4232, 12167], 3.23.i_cm_oe, -23 
(9, 1, -23), [1, 10, 9, -161, 207, 5290, 12167], 3.23.k_j_agf, 57 
(4, 11, 69), [1, 15, 136, 782, 3128, 7935, 12167], 3.23.p_fg_bec, -36 
(6, 14, 92), [1, 20, 199, 1196, 4577, 10580, 12167], 3.23.u_hr_bua, -68 
(7, 14, 92), [1, 21, 213, 1288, 4899, 11109, 12167], 3.23.v_if_bxo, -55 
(8, 14, 92), [1, 22, 227, 1380, 5221, 11638, 12167], 3.23.w_it_cbc, -40 
