(-2, -2, 3), [1, -4, 9, -14, 18, -16, 8], 3.2.ae_j_ao 
(-2, 0, -3), [1, -2, -1, 6, -2, -8, 8], 3.2.ac_ab_g 
(-2, 0, -1), [1, -2, 1, 2, 2, -8, 8], 3.2.ac_b_c 
(-2, 0, 1), [1, -2, 3, -2, 6, -8, 8], 3.2.ac_d_ac 
(0, -2, 3), [1, -2, 5, -8, 10, -8, 8], 3.2.ac_f_ai 
(0, 0, -3), [1, 0, -1, 0, -2, 0, 8], 3.2.a_ab_a 
(1, -1, 0), [1, 0, 1, -4, 2, 0, 8], 3.2.a_b_ae 
(-1, 1, 0), [1, 0, 1, 4, 2, 0, 8], 3.2.a_b_e 
(0, 0, 1), [1, 0, 3, 0, 6, 0, 8], 3.2.a_d_a 
(2, 0, -3), [1, 2, -1, -6, -2, 8, 8], 3.2.c_ab_ag 
(2, 0, -1), [1, 2, 1, -2, 2, 8, 8], 3.2.c_b_ac 
(2, 0, 1), [1, 2, 3, 2, 6, 8, 8], 3.2.c_d_c 
(0, 2, 3), [1, 2, 5, 8, 10, 8, 8], 3.2.c_f_i 
(2, 2, 3), [1, 4, 9, 14, 18, 16, 8], 3.2.e_j_o 
