(-4, -4, 9), [1, -8, 33, -100, 264, -512, 512], 3.8.ai_bh_adw, 9 
(-4, -2, -3), [1, -6, 13, -20, 104, -384, 512], 3.8.ag_n_au, 9 
(-4, -2, -1), [1, -6, 15, -28, 120, -384, 512], 3.8.ag_p_abc, 11 
(-3, -3, 4), [1, -6, 21, -60, 168, -384, 512], 3.8.ag_v_aci, 4 
(-5, -1, 8), [1, -6, 21, -56, 168, -384, 512], 3.8.ag_v_ace, 32 
(1, -7, 24), [1, -6, 25, -88, 200, -384, 512], 3.8.ag_z_adk, -24 
(-5, -1, 12), [1, -6, 25, -76, 200, -384, 512], 3.8.ag_z_acy, 36 
(-3, -3, 8), [1, -6, 25, -72, 200, -384, 512], 3.8.ag_z_acu, 8 
(0, -6, 23), [1, -6, 31, -96, 248, -384, 512], 3.8.ag_bf_ads, -13 
(-4, -2, 15), [1, -6, 31, -92, 248, -384, 512], 3.8.ag_bf_ado, 27 
(-4, 0, -15), [1, -4, -7, 60, -56, -256, 512], 3.8.ae_ah_ci, 1 
(-4, 0, -11), [1, -4, -3, 44, -24, -256, 512], 3.8.ae_ad_bs, 5 
(-3, -1, -8), [1, -4, 3, 8, 24, -256, 512], 3.8.ae_d_i, 0 
(-5, 1, 0), [1, -4, 3, 16, 24, -256, 512], 3.8.ae_d_q, 24 
(-4, 0, -5), [1, -4, 3, 20, 24, -256, 512], 3.8.ae_d_u, 11 
(3, -7, 24), [1, -4, 11, -40, 88, -256, 512], 3.8.ae_l_abo, -16 
(-5, 1, 8), [1, -4, 11, -24, 88, -256, 512], 3.8.ae_l_ay, 32 
(-3, -1, 0), [1, -4, 11, -16, 88, -256, 512], 3.8.ae_l_aq, 8 
(0, -4, 7), [1, -4, 15, -64, 120, -256, 512], 3.8.ae_p_acm, -9 
(-1, -3, 4), [1, -4, 15, -52, 120, -256, 512], 3.8.ae_p_aca, -4 
(-5, 1, 12), [1, -4, 15, -44, 120, -256, 512], 3.8.ae_p_abs, 36 
(0, -4, 9), [1, -4, 17, -64, 136, -256, 512], 3.8.ae_r_acm, -7 
(-4, 0, 9), [1, -4, 17, -36, 136, -256, 512], 3.8.ae_r_abk, 25 
(-1, -3, 8), [1, -4, 19, -56, 152, -256, 512], 3.8.ae_t_ace, 0 
(-4, 0, 13), [1, -4, 21, -52, 168, -256, 512], 3.8.ae_v_aca, 29 
(5, -7, 24), [1, -2, -3, 8, -24, -128, 512], 3.8.ac_ad_i, 0 
(-5, 3, 4), [1, -2, -3, 28, -24, -128, 512], 3.8.ac_ad_bc, 20 
(-3, 1, -8), [1, -2, -3, 40, -24, -128, 512], 3.8.ac_ad_bo, 0 
(-4, 2, -3), [1, -2, -3, 44, -24, -128, 512], 3.8.ac_ad_bs, 9 
(-4, 2, -1), [1, -2, -1, 36, -8, -128, 512], 3.8.ac_ab_bk, 11 
(-1, -1, -8), [1, -2, 1, -8, 8, -128, 512], 3.8.ac_b_ai, -8 
(-5, 3, 8), [1, -2, 1, 8, 8, -128, 512], 3.8.ac_b_i, 24 
(4, -6, 19), [1, -2, 3, -20, 24, -128, 512], 3.8.ac_d_au, -1 
(-4, 2, 3), [1, -2, 3, 20, 24, -128, 512], 3.8.ac_d_u, 15 
(0, -2, -3), [1, -2, 5, -32, 40, -128, 512], 3.8.ac_f_abg, -7 
(-4, 2, 5), [1, -2, 5, 12, 40, -128, 512], 3.8.ac_f_m, 17 
(-3, 1, 0), [1, -2, 5, 16, 40, -128, 512], 3.8.ac_f_q, 8 
(0, -2, -1), [1, -2, 7, -32, 56, -128, 512], 3.8.ac_h_abg, -5 
(4, -6, 23), [1, -2, 7, -4, 56, -128, 512], 3.8.ac_h_ae, 3 
(-4, 2, 7), [1, -2, 7, 4, 56, -128, 512], 3.8.ac_h_e, 19 
(1, -3, 4), [1, -2, 9, -44, 72, -128, 512], 3.8.ac_j_abs, -4 
(-1, -1, 0), [1, -2, 9, -16, 72, -128, 512], 3.8.ac_j_aq, 0 
(-4, 2, 9), [1, -2, 9, -4, 72, -128, 512], 3.8.ac_j_ae, 21 
(0, -2, 3), [1, -2, 11, -32, 88, -128, 512], 3.8.ac_l_abg, -1 
(-4, 2, 11), [1, -2, 11, -12, 88, -128, 512], 3.8.ac_l_am, 23 
(1, -3, 8), [1, -2, 13, -40, 104, -128, 512], 3.8.ac_n_abo, 0 
(0, -2, 5), [1, -2, 13, -32, 104, -128, 512], 3.8.ac_n_abg, 1 
(0, -2, 7), [1, -2, 15, -32, 120, -128, 512], 3.8.ac_p_abg, 3 
(-4, 2, 15), [1, -2, 15, -28, 120, -128, 512], 3.8.ac_p_abc, 27 
(0, -2, 9), [1, -2, 17, -32, 136, -128, 512], 3.8.ac_r_abg, 5 
(-1, -1, 8), [1, -2, 17, -24, 136, -128, 512], 3.8.ac_r_ay, 8 
(-3, 1, 12), [1, -2, 17, -20, 136, -128, 512], 3.8.ac_r_au, 20 
(0, -2, 11), [1, -2, 19, -32, 152, -128, 512], 3.8.ac_t_abg, 7 
(-1, -1, 12), [1, -2, 21, -28, 168, -128, 512], 3.8.ac_v_abc, 12 
(0, 0, -13), [1, 0, -5, 0, -40, 0, 512], 3.8.a_af_a, -13 
(0, 0, -11), [1, 0, -3, 0, -24, 0, 512], 3.8.a_ad_a, -11 
(4, -4, 7), [1, 0, -1, -36, -8, 0, 512], 3.8.a_ab_abk, 7 
(1, -1, -8), [1, 0, -1, -24, -8, 0, 512], 3.8.a_ab_ay, -8 
(-1, 1, -8), [1, 0, -1, 24, -8, 0, 512], 3.8.a_ab_y, -8 
(-4, 4, 7), [1, 0, -1, 36, -8, 0, 512], 3.8.a_ab_bk, 7 
(4, -4, 9), [1, 0, 1, -28, 8, 0, 512], 3.8.a_b_abc, 9 
(-4, 4, 9), [1, 0, 1, 28, 8, 0, 512], 3.8.a_b_bc, 9 
(3, -3, 4), [1, 0, 3, -36, 24, 0, 512], 3.8.a_d_abk, 4 
(0, 0, -5), [1, 0, 3, 0, 24, 0, 512], 3.8.a_d_a, -5 
(-3, 3, 4), [1, 0, 3, 36, 24, 0, 512], 3.8.a_d_bk, 4 
(4, -4, 13), [1, 0, 5, -12, 40, 0, 512], 3.8.a_f_am, 13 
(0, 0, -3), [1, 0, 5, 0, 40, 0, 512], 3.8.a_f_a, -3 
(-4, 4, 13), [1, 0, 5, 12, 40, 0, 512], 3.8.a_f_m, 13 
(3, -3, 8), [1, 0, 7, -24, 56, 0, 512], 3.8.a_h_ay, 8 
(1, -1, 0), [1, 0, 7, -16, 56, 0, 512], 3.8.a_h_aq, 0 
(4, -4, 15), [1, 0, 7, -4, 56, 0, 512], 3.8.a_h_ae, 15 
(0, 0, -1), [1, 0, 7, 0, 56, 0, 512], 3.8.a_h_a, -1 
(-4, 4, 15), [1, 0, 7, 4, 56, 0, 512], 3.8.a_h_e, 15 
(-1, 1, 0), [1, 0, 7, 16, 56, 0, 512], 3.8.a_h_q, 0 
(-3, 3, 8), [1, 0, 7, 24, 56, 0, 512], 3.8.a_h_y, 8 
(-4, 4, 17), [1, 0, 9, -4, 72, 0, 512], 3.8.a_j_ae, 17 
(0, 0, 1), [1, 0, 9, 0, 72, 0, 512], 3.8.a_j_a, 1 
(4, -4, 17), [1, 0, 9, 4, 72, 0, 512], 3.8.a_j_e, 17 
(0, 0, 3), [1, 0, 11, 0, 88, 0, 512], 3.8.a_l_a, 3 
(0, 0, 5), [1, 0, 13, 0, 104, 0, 512], 3.8.a_n_a, 5 
(1, -1, 8), [1, 0, 15, -8, 120, 0, 512], 3.8.a_p_ai, 8 
(-1, 1, 8), [1, 0, 15, 8, 120, 0, 512], 3.8.a_p_i, 8 
(0, 0, 11), [1, 0, 19, 0, 152, 0, 512], 3.8.a_t_a, 11 
(4, -2, -3), [1, 2, -3, -44, -24, 128, 512], 3.8.c_ad_abs, 9 
(3, -1, -8), [1, 2, -3, -40, -24, 128, 512], 3.8.c_ad_abo, 0 
(5, -3, 4), [1, 2, -3, -28, -24, 128, 512], 3.8.c_ad_abc, 20 
(-5, 7, 24), [1, 2, -3, -8, -24, 128, 512], 3.8.c_ad_ai, 0 
(4, -2, -1), [1, 2, -1, -36, -8, 128, 512], 3.8.c_ab_abk, 11 
(5, -3, 8), [1, 2, 1, -8, 8, 128, 512], 3.8.c_b_ai, 24 
(1, 1, -8), [1, 2, 1, 8, 8, 128, 512], 3.8.c_b_i, -8 
(4, -2, 3), [1, 2, 3, -20, 24, 128, 512], 3.8.c_d_au, 15 
(-4, 6, 19), [1, 2, 3, 20, 24, 128, 512], 3.8.c_d_u, -1 
(3, -1, 0), [1, 2, 5, -16, 40, 128, 512], 3.8.c_f_aq, 8 
(4, -2, 5), [1, 2, 5, -12, 40, 128, 512], 3.8.c_f_am, 17 
(0, 2, -3), [1, 2, 5, 32, 40, 128, 512], 3.8.c_f_bg, -7 
(4, -2, 7), [1, 2, 7, -4, 56, 128, 512], 3.8.c_h_ae, 19 
(-4, 6, 23), [1, 2, 7, 4, 56, 128, 512], 3.8.c_h_e, 3 
(0, 2, -1), [1, 2, 7, 32, 56, 128, 512], 3.8.c_h_bg, -5 
(4, -2, 9), [1, 2, 9, 4, 72, 128, 512], 3.8.c_j_e, 21 
(1, 1, 0), [1, 2, 9, 16, 72, 128, 512], 3.8.c_j_q, 0 
(-1, 3, 4), [1, 2, 9, 44, 72, 128, 512], 3.8.c_j_bs, -4 
(4, -2, 11), [1, 2, 11, 12, 88, 128, 512], 3.8.c_l_m, 23 
(0, 2, 3), [1, 2, 11, 32, 88, 128, 512], 3.8.c_l_bg, -1 
(0, 2, 5), [1, 2, 13, 32, 104, 128, 512], 3.8.c_n_bg, 1 
(-1, 3, 8), [1, 2, 13, 40, 104, 128, 512], 3.8.c_n_bo, 0 
(4, -2, 15), [1, 2, 15, 28, 120, 128, 512], 3.8.c_p_bc, 27 
(0, 2, 7), [1, 2, 15, 32, 120, 128, 512], 3.8.c_p_bg, 3 
(3, -1, 12), [1, 2, 17, 20, 136, 128, 512], 3.8.c_r_u, 20 
(1, 1, 8), [1, 2, 17, 24, 136, 128, 512], 3.8.c_r_y, 8 
(0, 2, 9), [1, 2, 17, 32, 136, 128, 512], 3.8.c_r_bg, 5 
(0, 2, 11), [1, 2, 19, 32, 152, 128, 512], 3.8.c_t_bg, 7 
(1, 1, 12), [1, 2, 21, 28, 168, 128, 512], 3.8.c_v_bc, 12 
(4, 0, -15), [1, 4, -7, -60, -56, 256, 512], 3.8.e_ah_aci, 1 
(4, 0, -11), [1, 4, -3, -44, -24, 256, 512], 3.8.e_ad_abs, 5 
(4, 0, -5), [1, 4, 3, -20, 24, 256, 512], 3.8.e_d_au, 11 
(5, -1, 0), [1, 4, 3, -16, 24, 256, 512], 3.8.e_d_aq, 24 
(3, 1, -8), [1, 4, 3, -8, 24, 256, 512], 3.8.e_d_ai, 0 
(3, 1, 0), [1, 4, 11, 16, 88, 256, 512], 3.8.e_l_q, 8 
(5, -1, 8), [1, 4, 11, 24, 88, 256, 512], 3.8.e_l_y, 32 
(-3, 7, 24), [1, 4, 11, 40, 88, 256, 512], 3.8.e_l_bo, -16 
(5, -1, 12), [1, 4, 15, 44, 120, 256, 512], 3.8.e_p_bs, 36 
(1, 3, 4), [1, 4, 15, 52, 120, 256, 512], 3.8.e_p_ca, -4 
(0, 4, 7), [1, 4, 15, 64, 120, 256, 512], 3.8.e_p_cm, -9 
(4, 0, 9), [1, 4, 17, 36, 136, 256, 512], 3.8.e_r_bk, 25 
(0, 4, 9), [1, 4, 17, 64, 136, 256, 512], 3.8.e_r_cm, -7 
(1, 3, 8), [1, 4, 19, 56, 152, 256, 512], 3.8.e_t_ce, 0 
(4, 0, 13), [1, 4, 21, 52, 168, 256, 512], 3.8.e_v_ca, 29 
(4, 2, -3), [1, 6, 13, 20, 104, 384, 512], 3.8.g_n_u, 9 
(4, 2, -1), [1, 6, 15, 28, 120, 384, 512], 3.8.g_p_bc, 11 
(5, 1, 8), [1, 6, 21, 56, 168, 384, 512], 3.8.g_v_ce, 32 
(3, 3, 4), [1, 6, 21, 60, 168, 384, 512], 3.8.g_v_ci, 4 
(3, 3, 8), [1, 6, 25, 72, 200, 384, 512], 3.8.g_z_cu, 8 
(5, 1, 12), [1, 6, 25, 76, 200, 384, 512], 3.8.g_z_cy, 36 
(-1, 7, 24), [1, 6, 25, 88, 200, 384, 512], 3.8.g_z_dk, -24 
(4, 2, 15), [1, 6, 31, 92, 248, 384, 512], 3.8.g_bf_do, 27 
(0, 6, 23), [1, 6, 31, 96, 248, 384, 512], 3.8.g_bf_ds, -13 
(4, 4, 9), [1, 8, 33, 100, 264, 512, 512], 3.8.i_bh_dw, 9 
