(-8, -13, 76), [1, -21, 199, -1102, 3781, -7581, 6859], 3.19.av_hr_abqk, -29 
(-7, -13, 76), [1, -20, 186, -1026, 3534, -7220, 6859], 3.19.au_he_abnm, -44 
(-6, -13, 76), [1, -19, 173, -950, 3287, -6859, 6859], 3.19.at_gr_abko, -57 
(-8, -10, 57), [1, -18, 156, -836, 2964, -6498, 6859], 3.19.as_ga_abge, 21 
(-4, -13, 76), [1, -17, 147, -798, 2793, -6137, 6859], 3.19.ar_fr_abes, -77 
(-8, -9, 57), [1, -17, 148, -798, 2812, -6137, 6859], 3.19.ar_fs_abes, 40 
(-3, -13, 76), [1, -16, 134, -722, 2546, -5776, 6859], 3.19.aq_fe_abbu, -84 
(-6, -9, 57), [1, -15, 130, -684, 2470, -5415, 6859], 3.19.ap_fa_abai, 12 
(-5, -9, 57), [1, -14, 121, -627, 2299, -5054, 6859], 3.19.ao_er_ayd, 1 
(-8, -5, 19), [1, -13, 78, -342, 1482, -4693, 6859], 3.19.an_da_ane, 58 
(-4, -9, 57), [1, -13, 112, -570, 2128, -4693, 6859], 3.19.an_ei_avy, -8 
(-2, -10, 57), [1, -12, 96, -494, 1824, -4332, 6859], 3.19.am_ds_ata, -39 
(-3, -9, 57), [1, -12, 103, -513, 1957, -4332, 6859], 3.19.am_dz_att, -15 
(-8, -3, 0), [1, -11, 43, -114, 817, -3971, 6859], 3.19.al_br_aek, 55 
(-8, -1, -19), [1, -9, 8, 114, 152, -3249, 6859], 3.19.aj_i_ek, 44 
(-7, -2, 0), [1, -9, 33, -76, 627, -3249, 6859], 3.19.aj_bh_acy, 45 
(-6, -3, 19), [1, -9, 56, -228, 1064, -3249, 6859], 3.19.aj_ce_aiu, 46 
(0, -8, 37), [1, -8, 56, -304, 1064, -2888, 6859], 3.19.ai_ce_als, -27 
(0, -8, 39), [1, -8, 58, -304, 1102, -2888, 6859], 3.19.ai_cg_als, -25 
(0, -7, 37), [1, -7, 56, -266, 1064, -2527, 6859], 3.19.ah_ce_akg, -12 
(0, -7, 39), [1, -7, 58, -266, 1102, -2527, 6859], 3.19.ah_cg_akg, -10 
(-7, 1, -19), [1, -6, -7, 171, -133, -2166, 6859], 3.19.ag_ah_gp, 29 
(-5, -1, 19), [1, -6, 43, -133, 817, -2166, 6859], 3.19.ag_br_afd, 43 
(0, -6, 37), [1, -6, 56, -228, 1064, -2166, 6859], 3.19.ag_ce_aiu, 1 
(0, -6, 39), [1, -6, 58, -228, 1102, -2166, 6859], 3.19.ag_cg_aiu, 3 
(0, -5, 37), [1, -5, 56, -190, 1064, -1805, 6859], 3.19.af_ce_ahi, 12 
(0, -5, 39), [1, -5, 58, -190, 1102, -1805, 6859], 3.19.af_cg_ahi, 14 
(0, -4, 37), [1, -4, 56, -152, 1064, -1444, 6859], 3.19.ae_ce_afw, 21 
(0, -4, 39), [1, -4, 58, -152, 1102, -1444, 6859], 3.19.ae_cg_afw, 23 
(-5, 2, 0), [1, -3, 9, 76, 171, -1083, 6859], 3.19.ad_j_cy, 21 
(-4, 1, 19), [1, -3, 34, -38, 646, -1083, 6859], 3.19.ad_bi_abm, 34 
(0, -3, 37), [1, -3, 56, -114, 1064, -1083, 6859], 3.19.ad_ce_aek, 28 
(0, -3, 39), [1, -3, 58, -114, 1102, -1083, 6859], 3.19.ad_cg_aek, 30 
(3, -5, 19), [1, -2, 23, -133, 437, -722, 6859], 3.19.ac_x_afd, 3 
(0, -2, 37), [1, -2, 56, -76, 1064, -722, 6859], 3.19.ac_ce_acy, 33 
(0, -1, 37), [1, -1, 56, -38, 1064, -361, 6859], 3.19.ab_ce_abm, 36 
(0, 0, -37), [1, 0, -18, 0, -342, 0, 6859], 3.19.a_as_a, -37 
(3, -3, 19), [1, 0, 29, -57, 551, 0, 6859], 3.19.a_bd_acf, 19 
(-3, 3, 19), [1, 0, 29, 57, 551, 0, 6859], 3.19.a_bd_cf, 19 
(0, 0, 11), [1, 0, 30, 0, 570, 0, 6859], 3.19.a_be_a, 11 
(0, 0, 36), [1, 0, 55, 0, 1045, 0, 6859], 3.19.a_cd_a, 36 
(0, 1, 37), [1, 1, 56, 38, 1064, 361, 6859], 3.19.b_ce_bm, 36 
(-3, 5, 19), [1, 2, 23, 133, 437, 722, 6859], 3.19.c_x_fd, 3 
(0, 2, 37), [1, 2, 56, 76, 1064, 722, 6859], 3.19.c_ce_cy, 33 
(5, -2, 0), [1, 3, 9, -76, 171, 1083, 6859], 3.19.d_j_acy, 21 
(4, -1, 19), [1, 3, 34, 38, 646, 1083, 6859], 3.19.d_bi_bm, 34 
(0, 3, 37), [1, 3, 56, 114, 1064, 1083, 6859], 3.19.d_ce_ek, 28 
(0, 3, 39), [1, 3, 58, 114, 1102, 1083, 6859], 3.19.d_cg_ek, 30 
(0, 4, 37), [1, 4, 56, 152, 1064, 1444, 6859], 3.19.e_ce_fw, 21 
(0, 4, 39), [1, 4, 58, 152, 1102, 1444, 6859], 3.19.e_cg_fw, 23 
(0, 5, 37), [1, 5, 56, 190, 1064, 1805, 6859], 3.19.f_ce_hi, 12 
(0, 5, 39), [1, 5, 58, 190, 1102, 1805, 6859], 3.19.f_cg_hi, 14 
(7, -1, -19), [1, 6, -7, -171, -133, 2166, 6859], 3.19.g_ah_agp, 29 
(5, 1, 19), [1, 6, 43, 133, 817, 2166, 6859], 3.19.g_br_fd, 43 
(0, 6, 37), [1, 6, 56, 228, 1064, 2166, 6859], 3.19.g_ce_iu, 1 
(0, 6, 39), [1, 6, 58, 228, 1102, 2166, 6859], 3.19.g_cg_iu, 3 
(0, 7, 37), [1, 7, 56, 266, 1064, 2527, 6859], 3.19.h_ce_kg, -12 
(0, 7, 39), [1, 7, 58, 266, 1102, 2527, 6859], 3.19.h_cg_kg, -10 
(0, 8, 37), [1, 8, 56, 304, 1064, 2888, 6859], 3.19.i_ce_ls, -27 
(0, 8, 39), [1, 8, 58, 304, 1102, 2888, 6859], 3.19.i_cg_ls, -25 
(8, 1, -19), [1, 9, 8, -114, 152, 3249, 6859], 3.19.j_i_aek, 44 
(7, 2, 0), [1, 9, 33, 76, 627, 3249, 6859], 3.19.j_bh_cy, 45 
(6, 3, 19), [1, 9, 56, 228, 1064, 3249, 6859], 3.19.j_ce_iu, 46 
(8, 3, 0), [1, 11, 43, 114, 817, 3971, 6859], 3.19.l_br_ek, 55 
(2, 10, 57), [1, 12, 96, 494, 1824, 4332, 6859], 3.19.m_ds_ta, -39 
(3, 9, 57), [1, 12, 103, 513, 1957, 4332, 6859], 3.19.m_dz_tt, -15 
(8, 5, 19), [1, 13, 78, 342, 1482, 4693, 6859], 3.19.n_da_ne, 58 
(4, 9, 57), [1, 13, 112, 570, 2128, 4693, 6859], 3.19.n_ei_vy, -8 
(5, 9, 57), [1, 14, 121, 627, 2299, 5054, 6859], 3.19.o_er_yd, 1 
(6, 9, 57), [1, 15, 130, 684, 2470, 5415, 6859], 3.19.p_fa_bai, 12 
(3, 13, 76), [1, 16, 134, 722, 2546, 5776, 6859], 3.19.q_fe_bbu, -84 
(4, 13, 76), [1, 17, 147, 798, 2793, 6137, 6859], 3.19.r_fr_bes, -77 
(8, 9, 57), [1, 17, 148, 798, 2812, 6137, 6859], 3.19.r_fs_bes, 40 
(8, 10, 57), [1, 18, 156, 836, 2964, 6498, 6859], 3.19.s_ga_bge, 21 
(6, 13, 76), [1, 19, 173, 950, 3287, 6859, 6859], 3.19.t_gr_bko, -57 
(7, 13, 76), [1, 20, 186, 1026, 3534, 7220, 6859], 3.19.u_he_bnm, -44 
(8, 13, 76), [1, 21, 199, 1102, 3781, 7581, 6859], 3.19.v_hr_bqk, -29 
