(-6, -5, 13), [1, -11, 56, -208, 728, -1859, 2197], 3.13.al_ce_aia, 24 
(-7, -3, 0), [1, -10, 34, -78, 442, -1690, 2197], 3.13.ak_bi_ada, 40 
(-7, -3, 13), [1, -10, 47, -169, 611, -1690, 2197], 3.13.ak_bv_agn, 53 
(-5, -5, 13), [1, -10, 51, -195, 663, -1690, 2197], 3.13.ak_bz_ahn, 13 
(0, -10, 48), [1, -10, 61, -260, 793, -1690, 2197], 3.13.ak_cj_aka, -52 
(0, -10, 49), [1, -10, 62, -260, 806, -1690, 2197], 3.13.ak_ck_aka, -51 
(-7, -2, 0), [1, -9, 27, -52, 351, -1521, 2197], 3.13.aj_bb_aca, 45 
(-6, -3, 0), [1, -9, 31, -78, 403, -1521, 2197], 3.13.aj_bf_ada, 27 
(-6, -3, 13), [1, -9, 44, -156, 572, -1521, 2197], 3.13.aj_bs_aga, 40 
(-4, -5, 13), [1, -9, 46, -182, 598, -1521, 2197], 3.13.aj_bu_aha, 4 
(0, -9, 41), [1, -9, 54, -234, 702, -1521, 2197], 3.13.aj_cc_aja, -40 
(0, -9, 42), [1, -9, 55, -234, 715, -1521, 2197], 3.13.aj_cd_aja, -39 
(0, -9, 43), [1, -9, 56, -234, 728, -1521, 2197], 3.13.aj_ce_aja, -38 
(0, -9, 45), [1, -9, 58, -234, 754, -1521, 2197], 3.13.aj_cg_aja, -36 
(-7, -1, 0), [1, -8, 20, -26, 260, -1352, 2197], 3.13.ai_u_aba, 48 
(-6, -2, 0), [1, -8, 25, -52, 325, -1352, 2197], 3.13.ai_z_aca, 32 
(-5, -3, 0), [1, -8, 28, -78, 364, -1352, 2197], 3.13.ai_bc_ada, 16 
(-7, -1, 13), [1, -8, 33, -117, 429, -1352, 2197], 3.13.ai_bh_aen, 61 
(-6, -2, 13), [1, -8, 38, -130, 494, -1352, 2197], 3.13.ai_bm_afa, 45 
(-3, -5, 13), [1, -8, 41, -169, 533, -1352, 2197], 3.13.ai_bp_agn, -3 
(-4, -4, 13), [1, -8, 42, -156, 546, -1352, 2197], 3.13.ai_bq_aga, 13 
(0, -8, 32), [1, -8, 45, -208, 585, -1352, 2197], 3.13.ai_bt_aia, -32 
(0, -8, 34), [1, -8, 47, -208, 611, -1352, 2197], 3.13.ai_bv_aia, -30 
(0, -8, 35), [1, -8, 48, -208, 624, -1352, 2197], 3.13.ai_bw_aia, -29 
(0, -8, 36), [1, -8, 49, -208, 637, -1352, 2197], 3.13.ai_bx_aia, -28 
(0, -8, 37), [1, -8, 50, -208, 650, -1352, 2197], 3.13.ai_by_aia, -27 
(0, -8, 40), [1, -8, 53, -208, 689, -1352, 2197], 3.13.ai_cb_aia, -24 
(-6, -1, -13), [1, -7, 6, 52, 78, -1183, 2197], 3.13.ah_g_ca, 22 
(-5, -2, 0), [1, -7, 23, -52, 299, -1183, 2197], 3.13.ah_x_aca, 21 
(-4, -3, 0), [1, -7, 25, -78, 325, -1183, 2197], 3.13.ah_z_ada, 7 
(-6, -1, 13), [1, -7, 32, -104, 416, -1183, 2197], 3.13.ah_bg_aea, 48 
(2, -9, 39), [1, -7, 34, -156, 442, -1183, 2197], 3.13.ah_bi_aga, -38 
(-2, -5, 13), [1, -7, 36, -156, 468, -1183, 2197], 3.13.ah_bk_aga, -8 
(-4, -3, 13), [1, -7, 38, -130, 494, -1183, 2197], 3.13.ah_bm_afa, 20 
(0, -7, 30), [1, -7, 43, -182, 559, -1183, 2197], 3.13.ah_br_aha, -19 
(0, -7, 31), [1, -7, 44, -182, 572, -1183, 2197], 3.13.ah_bs_aha, -18 
(0, -7, 33), [1, -7, 46, -182, 598, -1183, 2197], 3.13.ah_bu_aha, -16 
(0, -7, 34), [1, -7, 47, -182, 611, -1183, 2197], 3.13.ah_bv_aha, -15 
(0, -7, 35), [1, -7, 48, -182, 624, -1183, 2197], 3.13.ah_bw_aha, -14 
(0, -7, 37), [1, -7, 50, -182, 650, -1183, 2197], 3.13.ah_by_aha, -12 
(-5, -1, -13), [1, -6, 5, 39, 65, -1014, 2197], 3.13.ag_f_bn, 11 
(-7, 1, 0), [1, -6, 6, 26, 78, -1014, 2197], 3.13.ag_g_ba, 48 
(-5, -1, 0), [1, -6, 18, -26, 234, -1014, 2197], 3.13.ag_s_aba, 24 
(-7, 1, 13), [1, -6, 19, -65, 247, -1014, 2197], 3.13.ag_t_acn, 61 
(-4, -2, 0), [1, -6, 21, -52, 273, -1014, 2197], 3.13.ag_v_aca, 12 
(-3, -3, 0), [1, -6, 22, -78, 286, -1014, 2197], 3.13.ag_w_ada, 0 
(3, -9, 39), [1, -6, 25, -117, 325, -1014, 2197], 3.13.ag_z_aen, -33 
(0, -6, 18), [1, -6, 31, -156, 403, -1014, 2197], 3.13.ag_bf_aga, -18 
(-1, -5, 13), [1, -6, 31, -143, 403, -1014, 2197], 3.13.ag_bf_afn, -11 
(-5, -1, 13), [1, -6, 31, -91, 403, -1014, 2197], 3.13.ag_bf_adn, 37 
(0, -6, 20), [1, -6, 33, -156, 429, -1014, 2197], 3.13.ag_bh_aga, -16 
(0, -6, 21), [1, -6, 34, -156, 442, -1014, 2197], 3.13.ag_bi_aga, -15 
(-2, -4, 13), [1, -6, 34, -130, 442, -1014, 2197], 3.13.ag_bi_afa, 1 
(-4, -2, 13), [1, -6, 34, -104, 442, -1014, 2197], 3.13.ag_bi_aea, 25 
(0, -6, 22), [1, -6, 35, -156, 455, -1014, 2197], 3.13.ag_bj_aga, -14 
(-3, -3, 13), [1, -6, 35, -117, 455, -1014, 2197], 3.13.ag_bj_aen, 13 
(0, -6, 23), [1, -6, 36, -156, 468, -1014, 2197], 3.13.ag_bk_aga, -13 
(2, -8, 39), [1, -6, 36, -130, 468, -1014, 2197], 3.13.ag_bk_afa, -21 
(0, -6, 24), [1, -6, 37, -156, 481, -1014, 2197], 3.13.ag_bl_aga, -12 
(0, -6, 28), [1, -6, 41, -156, 533, -1014, 2197], 3.13.ag_bp_aga, -8 
(0, -6, 29), [1, -6, 42, -156, 546, -1014, 2197], 3.13.ag_bq_aga, -7 
(0, -6, 30), [1, -6, 43, -156, 559, -1014, 2197], 3.13.ag_br_aga, -6 
(0, -6, 32), [1, -6, 45, -156, 585, -1014, 2197], 3.13.ag_bt_aga, -4 
(0, -6, 33), [1, -6, 46, -156, 598, -1014, 2197], 3.13.ag_bu_aga, -3 
(-7, 2, 0), [1, -5, -1, 52, -13, -845, 2197], 3.13.af_ab_ca, 45 
(-4, -1, -13), [1, -5, 4, 26, 52, -845, 2197], 3.13.af_e_ba, 2 
(-6, 1, 0), [1, -5, 7, 26, 91, -845, 2197], 3.13.af_h_ba, 35 
(4, -9, 39), [1, -5, 16, -78, 208, -845, 2197], 3.13.af_q_ada, -26 
(-4, -1, 0), [1, -5, 17, -26, 221, -845, 2197], 3.13.af_r_aba, 15 
(-2, -3, 0), [1, -5, 19, -78, 247, -845, 2197], 3.13.af_t_ada, -5 
(-3, -2, 0), [1, -5, 19, -52, 247, -845, 2197], 3.13.af_t_aca, 5 
(-6, 1, 13), [1, -5, 20, -52, 260, -845, 2197], 3.13.af_u_aca, 48 
(0, -5, 11), [1, -5, 24, -130, 312, -845, 2197], 3.13.af_y_afa, -14 
(0, -5, 14), [1, -5, 27, -130, 351, -845, 2197], 3.13.af_bb_afa, -11 
(0, -5, 15), [1, -5, 28, -130, 364, -845, 2197], 3.13.af_bc_afa, -10 
(0, -5, 16), [1, -5, 29, -130, 377, -845, 2197], 3.13.af_bd_afa, -9 
(0, -5, 17), [1, -5, 30, -130, 390, -845, 2197], 3.13.af_be_afa, -8 
(0, -5, 18), [1, -5, 31, -130, 403, -845, 2197], 3.13.af_bf_afa, -7 
(0, -5, 19), [1, -5, 32, -130, 416, -845, 2197], 3.13.af_bg_afa, -6 
(-2, -3, 13), [1, -5, 32, -104, 416, -845, 2197], 3.13.af_bg_aea, 8 
(0, -5, 21), [1, -5, 34, -130, 442, -845, 2197], 3.13.af_bi_afa, -4 
(0, -5, 22), [1, -5, 35, -130, 455, -845, 2197], 3.13.af_bj_afa, -3 
(0, -5, 31), [1, -5, 44, -130, 572, -845, 2197], 3.13.af_bs_afa, 6 
(-7, 3, 0), [1, -4, -8, 78, -104, -676, 2197], 3.13.ae_ai_da, 40 
(-6, 2, 0), [1, -4, 1, 52, 13, -676, 2197], 3.13.ae_b_ca, 32 
(-3, -1, -13), [1, -4, 3, 13, 39, -676, 2197], 3.13.ae_d_n, -5 
(-7, 3, 13), [1, -4, 5, -13, 65, -676, 2197], 3.13.ae_f_an, 53 
(5, -9, 39), [1, -4, 7, -39, 91, -676, 2197], 3.13.ae_h_abn, -17 
(-5, 1, 0), [1, -4, 8, 26, 104, -676, 2197], 3.13.ae_i_ba, 24 
(-6, 2, 13), [1, -4, 14, -26, 182, -676, 2197], 3.13.ae_o_aba, 45 
(-1, -3, 0), [1, -4, 16, -78, 208, -676, 2197], 3.13.ae_q_ada, -8 
(-3, -1, 0), [1, -4, 16, -26, 208, -676, 2197], 3.13.ae_q_aba, 8 
(0, -4, 4), [1, -4, 17, -104, 221, -676, 2197], 3.13.ae_r_aea, -12 
(-2, -2, 0), [1, -4, 17, -52, 221, -676, 2197], 3.13.ae_r_aca, 0 
(0, -4, 6), [1, -4, 19, -104, 247, -676, 2197], 3.13.ae_t_aea, -10 
(0, -4, 7), [1, -4, 20, -104, 260, -676, 2197], 3.13.ae_u_aea, -9 
(4, -8, 39), [1, -4, 20, -52, 260, -676, 2197], 3.13.ae_u_aca, -9 
(1, -5, 13), [1, -4, 21, -117, 273, -676, 2197], 3.13.ae_v_aen, -11 
(0, -4, 8), [1, -4, 21, -104, 273, -676, 2197], 3.13.ae_v_aea, -8 
(-5, 1, 13), [1, -4, 21, -39, 273, -676, 2197], 3.13.ae_v_abn, 37 
(0, -4, 9), [1, -4, 22, -104, 286, -676, 2197], 3.13.ae_w_aea, -7 
(0, -4, 10), [1, -4, 23, -104, 299, -676, 2197], 3.13.ae_x_aea, -6 
(0, -4, 11), [1, -4, 24, -104, 312, -676, 2197], 3.13.ae_y_aea, -5 
(0, -4, 12), [1, -4, 25, -104, 325, -676, 2197], 3.13.ae_z_aea, -4 
(0, -4, 15), [1, -4, 28, -104, 364, -676, 2197], 3.13.ae_bc_aea, -1 
(0, -4, 16), [1, -4, 29, -104, 377, -676, 2197], 3.13.ae_bd_aea, 0 
(-1, -3, 13), [1, -4, 29, -91, 377, -676, 2197], 3.13.ae_bd_adn, 5 
(-3, -1, 13), [1, -4, 29, -65, 377, -676, 2197], 3.13.ae_bd_acn, 21 
(0, -4, 17), [1, -4, 30, -104, 390, -676, 2197], 3.13.ae_be_aea, 1 
(-2, -2, 13), [1, -4, 30, -78, 390, -676, 2197], 3.13.ae_be_ada, 13 
(0, -4, 18), [1, -4, 31, -104, 403, -676, 2197], 3.13.ae_bf_aea, 2 
(0, -4, 19), [1, -4, 32, -104, 416, -676, 2197], 3.13.ae_bg_aea, 3 
(0, -4, 20), [1, -4, 33, -104, 429, -676, 2197], 3.13.ae_bh_aea, 4 
(0, -4, 22), [1, -4, 35, -104, 455, -676, 2197], 3.13.ae_bj_aea, 6 
(0, -4, 23), [1, -4, 36, -104, 468, -676, 2197], 3.13.ae_bk_aea, 7 
(0, -4, 28), [1, -4, 41, -104, 533, -676, 2197], 3.13.ae_bp_aea, 12 
(-6, 3, 0), [1, -3, -5, 78, -65, -507, 2197], 3.13.ad_af_da, 27 
(-4, 1, -13), [1, -3, -4, 78, -52, -507, 2197], 3.13.ad_ae_da, 2 
(6, -9, 39), [1, -3, -2, 0, -26, -507, 2197], 3.13.ad_ac_a, -6 
(-2, -1, -13), [1, -3, 2, 0, 26, -507, 2197], 3.13.ad_c_a, -10 
(-5, 2, 0), [1, -3, 3, 52, 39, -507, 2197], 3.13.ad_d_ca, 21 
(-6, 3, 13), [1, -3, 8, 0, 104, -507, 2197], 3.13.ad_i_a, 40 
(0, -3, -4), [1, -3, 9, -78, 117, -507, 2197], 3.13.ad_j_ada, -13 
(-4, 1, 0), [1, -3, 9, 26, 117, -507, 2197], 3.13.ad_j_ba, 15 
(0, -3, -3), [1, -3, 10, -78, 130, -507, 2197], 3.13.ad_k_ada, -12 
(0, -3, -1), [1, -3, 12, -78, 156, -507, 2197], 3.13.ad_m_ada, -10 
(0, -3, 1), [1, -3, 14, -78, 182, -507, 2197], 3.13.ad_o_ada, -8 
(0, -3, 2), [1, -3, 15, -78, 195, -507, 2197], 3.13.ad_p_ada, -7 
(-1, -2, 0), [1, -3, 15, -52, 195, -507, 2197], 3.13.ad_p_aca, -3 
(-2, -1, 0), [1, -3, 15, -26, 195, -507, 2197], 3.13.ad_p_aba, 3 
(0, -3, 3), [1, -3, 16, -78, 208, -507, 2197], 3.13.ad_q_ada, -6 
(0, -3, 4), [1, -3, 17, -78, 221, -507, 2197], 3.13.ad_r_ada, -5 
(0, -3, 5), [1, -3, 18, -78, 234, -507, 2197], 3.13.ad_s_ada, -4 
(0, -3, 6), [1, -3, 19, -78, 247, -507, 2197], 3.13.ad_t_ada, -3 
(0, -3, 7), [1, -3, 20, -78, 260, -507, 2197], 3.13.ad_u_ada, -2 
(0, -3, 9), [1, -3, 22, -78, 286, -507, 2197], 3.13.ad_w_ada, 0 
(-4, 1, 13), [1, -3, 22, -26, 286, -507, 2197], 3.13.ad_w_aba, 28 
(0, -3, 10), [1, -3, 23, -78, 299, -507, 2197], 3.13.ad_x_ada, 1 
(0, -3, 11), [1, -3, 24, -78, 312, -507, 2197], 3.13.ad_y_ada, 2 
(0, -3, 12), [1, -3, 25, -78, 325, -507, 2197], 3.13.ad_z_ada, 3 
(0, -3, 14), [1, -3, 27, -78, 351, -507, 2197], 3.13.ad_bb_ada, 5 
(0, -3, 15), [1, -3, 28, -78, 364, -507, 2197], 3.13.ad_bc_ada, 6 
(-2, -1, 13), [1, -3, 28, -52, 364, -507, 2197], 3.13.ad_bc_aca, 16 
(0, -3, 17), [1, -3, 30, -78, 390, -507, 2197], 3.13.ad_be_ada, 8 
(0, -3, 18), [1, -3, 31, -78, 403, -507, 2197], 3.13.ad_bf_ada, 9 
(0, -3, 19), [1, -3, 32, -78, 416, -507, 2197], 3.13.ad_bg_ada, 10 
(0, -3, 20), [1, -3, 33, -78, 429, -507, 2197], 3.13.ad_bh_ada, 11 
(0, -3, 21), [1, -3, 34, -78, 442, -507, 2197], 3.13.ad_bi_ada, 12 
(-7, 5, 13), [1, -2, -9, 39, -117, -338, 2197], 3.13.ac_aj_bn, 37 
(-3, 1, -13), [1, -2, -3, 65, -39, -338, 2197], 3.13.ac_ad_cn, -5 
(-5, 3, 0), [1, -2, -2, 78, -26, -338, 2197], 3.13.ac_ac_da, 16 
(-1, -1, -13), [1, -2, 1, -13, 13, -338, 2197], 3.13.ac_b_an, -13 
(0, -2, -11), [1, -2, 2, -52, 26, -338, 2197], 3.13.ac_c_aca, -15 
(-6, 4, 13), [1, -2, 2, 26, 26, -338, 2197], 3.13.ac_c_ba, 33 
(0, -2, -10), [1, -2, 3, -52, 39, -338, 2197], 3.13.ac_d_aca, -14 
(6, -8, 39), [1, -2, 4, 26, 52, -338, 2197], 3.13.ac_e_ba, 11 
(0, -2, -8), [1, -2, 5, -52, 65, -338, 2197], 3.13.ac_f_aca, -12 
(-4, 2, 0), [1, -2, 5, 52, 65, -338, 2197], 3.13.ac_f_ca, 12 
(0, -2, -7), [1, -2, 6, -52, 78, -338, 2197], 3.13.ac_g_aca, -11 
(0, -2, -6), [1, -2, 7, -52, 91, -338, 2197], 3.13.ac_h_aca, -10 
(0, -2, -5), [1, -2, 8, -52, 104, -338, 2197], 3.13.ac_i_aca, -9 
(0, -2, -4), [1, -2, 9, -52, 117, -338, 2197], 3.13.ac_j_aca, -8 
(1, -3, 0), [1, -2, 10, -78, 130, -338, 2197], 3.13.ac_k_ada, -8 
(0, -2, -3), [1, -2, 10, -52, 130, -338, 2197], 3.13.ac_k_aca, -7 
(-3, 1, 0), [1, -2, 10, 26, 130, -338, 2197], 3.13.ac_k_ba, 8 
(3, -5, 13), [1, -2, 11, -91, 143, -338, 2197], 3.13.ac_l_adn, -3 
(0, -2, -2), [1, -2, 11, -52, 143, -338, 2197], 3.13.ac_l_aca, -6 
(-5, 3, 13), [1, -2, 11, 13, 143, -338, 2197], 3.13.ac_l_n, 29 
(0, -2, -1), [1, -2, 12, -52, 156, -338, 2197], 3.13.ac_m_aca, -5 
(0, -2, 1), [1, -2, 14, -52, 182, -338, 2197], 3.13.ac_o_aca, -3 
(-1, -1, 0), [1, -2, 14, -26, 182, -338, 2197], 3.13.ac_o_aba, 0 
(0, -2, 3), [1, -2, 16, -52, 208, -338, 2197], 3.13.ac_q_aca, -1 
(0, -2, 4), [1, -2, 17, -52, 221, -338, 2197], 3.13.ac_r_aca, 0 
(0, -2, 5), [1, -2, 18, -52, 234, -338, 2197], 3.13.ac_s_aca, 1 
(-4, 2, 13), [1, -2, 18, 0, 234, -338, 2197], 3.13.ac_s_a, 25 
(0, -2, 6), [1, -2, 19, -52, 247, -338, 2197], 3.13.ac_t_aca, 2 
(0, -2, 7), [1, -2, 20, -52, 260, -338, 2197], 3.13.ac_u_aca, 3 
(0, -2, 8), [1, -2, 21, -52, 273, -338, 2197], 3.13.ac_v_aca, 4 
(0, -2, 9), [1, -2, 22, -52, 286, -338, 2197], 3.13.ac_w_aca, 5 
(1, -3, 13), [1, -2, 23, -65, 299, -338, 2197], 3.13.ac_x_acn, 5 
(0, -2, 10), [1, -2, 23, -52, 299, -338, 2197], 3.13.ac_x_aca, 6 
(0, -2, 12), [1, -2, 25, -52, 325, -338, 2197], 3.13.ac_z_aca, 8 
(0, -2, 14), [1, -2, 27, -52, 351, -338, 2197], 3.13.ac_bb_aca, 10 
(-1, -1, 13), [1, -2, 27, -39, 351, -338, 2197], 3.13.ac_bb_abn, 13 
(0, -2, 15), [1, -2, 28, -52, 364, -338, 2197], 3.13.ac_bc_aca, 11 
(0, -2, 16), [1, -2, 29, -52, 377, -338, 2197], 3.13.ac_bd_aca, 12 
(0, -2, 17), [1, -2, 30, -52, 390, -338, 2197], 3.13.ac_be_aca, 13 
(0, -2, 19), [1, -2, 32, -52, 416, -338, 2197], 3.13.ac_bg_aca, 15 
(0, -2, 20), [1, -2, 33, -52, 429, -338, 2197], 3.13.ac_bh_aca, 16 
(0, -2, 21), [1, -2, 34, -52, 442, -338, 2197], 3.13.ac_bi_aca, 17 
(0, -2, 22), [1, -2, 35, -52, 455, -338, 2197], 3.13.ac_bj_aca, 18 
(0, -2, 24), [1, -2, 37, -52, 481, -338, 2197], 3.13.ac_bl_aca, 20 
(0, -1, -18), [1, -1, -5, -26, -65, -169, 2197], 3.13.ab_af_aba, -19 
(0, -1, -17), [1, -1, -4, -26, -52, -169, 2197], 3.13.ab_ae_aba, -18 
(-6, 5, 13), [1, -1, -4, 52, -52, -169, 2197], 3.13.ab_ae_ca, 24 
(0, -1, -15), [1, -1, -2, -26, -26, -169, 2197], 3.13.ab_ac_aba, -16 
(-2, 1, -13), [1, -1, -2, 52, -26, -169, 2197], 3.13.ab_ac_ca, -10 
(0, -1, -14), [1, -1, -1, -26, -13, -169, 2197], 3.13.ab_ab_aba, -15 
(0, -1, -12), [1, -1, 1, -26, 13, -169, 2197], 3.13.ab_b_aba, -13 
(0, -1, -11), [1, -1, 2, -26, 26, -169, 2197], 3.13.ab_c_aba, -12 
(0, -1, -10), [1, -1, 3, -26, 39, -169, 2197], 3.13.ab_d_aba, -11 
(0, -1, -9), [1, -1, 4, -26, 52, -169, 2197], 3.13.ab_e_aba, -10 
(0, -1, -8), [1, -1, 5, -26, 65, -169, 2197], 3.13.ab_f_aba, -9 
(4, -5, 13), [1, -1, 6, -78, 78, -169, 2197], 3.13.ab_g_ada, 4 
(0, -1, -7), [1, -1, 6, -26, 78, -169, 2197], 3.13.ab_g_aba, -8 
(2, -3, 0), [1, -1, 7, -78, 91, -169, 2197], 3.13.ab_h_ada, -5 
(0, -1, -6), [1, -1, 7, -26, 91, -169, 2197], 3.13.ab_h_aba, -7 
(-3, 2, 0), [1, -1, 7, 52, 91, -169, 2197], 3.13.ab_h_ca, 5 
(0, -1, -5), [1, -1, 8, -26, 104, -169, 2197], 3.13.ab_i_aba, -6 
(0, -1, -3), [1, -1, 10, -26, 130, -169, 2197], 3.13.ab_k_aba, -4 
(1, -2, 0), [1, -1, 11, -52, 143, -169, 2197], 3.13.ab_l_aca, -3 
(0, -1, -2), [1, -1, 11, -26, 143, -169, 2197], 3.13.ab_l_aba, -3 
(-2, 1, 0), [1, -1, 11, 26, 143, -169, 2197], 3.13.ab_l_ba, 3 
(0, -1, -1), [1, -1, 12, -26, 156, -169, 2197], 3.13.ab_m_aba, -2 
(0, -1, 1), [1, -1, 14, -26, 182, -169, 2197], 3.13.ab_o_aba, 0 
(-4, 3, 13), [1, -1, 14, 26, 182, -169, 2197], 3.13.ab_o_ba, 20 
(0, -1, 2), [1, -1, 15, -26, 195, -169, 2197], 3.13.ab_p_aba, 1 
(0, -1, 3), [1, -1, 16, -26, 208, -169, 2197], 3.13.ab_q_aba, 2 
(0, -1, 4), [1, -1, 17, -26, 221, -169, 2197], 3.13.ab_r_aba, 3 
(0, -1, 5), [1, -1, 18, -26, 234, -169, 2197], 3.13.ab_s_aba, 4 
(0, -1, 7), [1, -1, 20, -26, 260, -169, 2197], 3.13.ab_u_aba, 6 
(0, -1, 8), [1, -1, 21, -26, 273, -169, 2197], 3.13.ab_v_aba, 7 
(0, -1, 9), [1, -1, 22, -26, 286, -169, 2197], 3.13.ab_w_aba, 8 
(0, -1, 10), [1, -1, 23, -26, 299, -169, 2197], 3.13.ab_x_aba, 9 
(0, -1, 11), [1, -1, 24, -26, 312, -169, 2197], 3.13.ab_y_aba, 10 
(-2, 1, 13), [1, -1, 24, 0, 312, -169, 2197], 3.13.ab_y_a, 16 
(0, -1, 12), [1, -1, 25, -26, 325, -169, 2197], 3.13.ab_z_aba, 11 
(0, -1, 15), [1, -1, 28, -26, 364, -169, 2197], 3.13.ab_bc_aba, 14 
(0, -1, 16), [1, -1, 29, -26, 377, -169, 2197], 3.13.ab_bd_aba, 15 
(0, -1, 17), [1, -1, 30, -26, 390, -169, 2197], 3.13.ab_be_aba, 16 
(0, -1, 18), [1, -1, 31, -26, 403, -169, 2197], 3.13.ab_bf_aba, 17 
(0, -1, 19), [1, -1, 32, -26, 416, -169, 2197], 3.13.ab_bg_aba, 18 
(0, -1, 21), [1, -1, 34, -26, 442, -169, 2197], 3.13.ab_bi_aba, 20 
(0, -1, 22), [1, -1, 35, -26, 455, -169, 2197], 3.13.ab_bj_aba, 21 
(0, 0, -25), [1, 0, -12, 0, -156, 0, 2197], 3.13.a_am_a, -25 
(0, 0, -24), [1, 0, -11, 0, -143, 0, 2197], 3.13.a_al_a, -24 
(0, 0, -22), [1, 0, -9, 0, -117, 0, 2197], 3.13.a_aj_a, -22 
(0, 0, -21), [1, 0, -8, 0, -104, 0, 2197], 3.13.a_ai_a, -21 
(0, 0, -20), [1, 0, -7, 0, -91, 0, 2197], 3.13.a_ah_a, -20 
(0, 0, -19), [1, 0, -6, 0, -78, 0, 2197], 3.13.a_ag_a, -19 
(0, 0, -18), [1, 0, -5, 0, -65, 0, 2197], 3.13.a_af_a, -18 
(0, 0, -17), [1, 0, -4, 0, -52, 0, 2197], 3.13.a_ae_a, -17 
(0, 0, -16), [1, 0, -3, 0, -39, 0, 2197], 3.13.a_ad_a, -16 
(0, 0, -15), [1, 0, -2, 0, -26, 0, 2197], 3.13.a_ac_a, -15 
(1, -1, -13), [1, 0, -1, -39, -13, 0, 2197], 3.13.a_ab_abn, -13 
(0, 0, -14), [1, 0, -1, 0, -13, 0, 2197], 3.13.a_ab_a, -14 
(-1, 1, -13), [1, 0, -1, 39, -13, 0, 2197], 3.13.a_ab_bn, -13 
(5, -5, 13), [1, 0, 1, -65, 13, 0, 2197], 3.13.a_b_acn, 13 
(0, 0, -12), [1, 0, 1, 0, 13, 0, 2197], 3.13.a_b_a, -12 
(-5, 5, 13), [1, 0, 1, 65, 13, 0, 2197], 3.13.a_b_cn, 13 
(0, 0, -11), [1, 0, 2, 0, 26, 0, 2197], 3.13.a_c_a, -11 
(3, -3, 0), [1, 0, 4, -78, 52, 0, 2197], 3.13.a_e_ada, 0 
(0, 0, -9), [1, 0, 4, 0, 52, 0, 2197], 3.13.a_e_a, -9 
(-3, 3, 0), [1, 0, 4, 78, 52, 0, 2197], 3.13.a_e_da, 0 
(0, 0, -8), [1, 0, 5, 0, 65, 0, 2197], 3.13.a_f_a, -8 
(0, 0, -7), [1, 0, 6, 0, 78, 0, 2197], 3.13.a_g_a, -7 
(0, 0, -6), [1, 0, 7, 0, 91, 0, 2197], 3.13.a_h_a, -6 
(0, 0, -5), [1, 0, 8, 0, 104, 0, 2197], 3.13.a_i_a, -5 
(2, -2, 0), [1, 0, 9, -52, 117, 0, 2197], 3.13.a_j_aca, 0 
(0, 0, -4), [1, 0, 9, 0, 117, 0, 2197], 3.13.a_j_a, -4 
(-2, 2, 0), [1, 0, 9, 52, 117, 0, 2197], 3.13.a_j_ca, 0 
(4, -4, 13), [1, 0, 10, -52, 130, 0, 2197], 3.13.a_k_aca, 13 
(0, 0, -3), [1, 0, 10, 0, 130, 0, 2197], 3.13.a_k_a, -3 
(-4, 4, 13), [1, 0, 10, 52, 130, 0, 2197], 3.13.a_k_ca, 13 
(0, 0, -2), [1, 0, 11, 0, 143, 0, 2197], 3.13.a_l_a, -2 
(1, -1, 0), [1, 0, 12, -26, 156, 0, 2197], 3.13.a_m_aba, 0 
(-1, 1, 0), [1, 0, 12, 26, 156, 0, 2197], 3.13.a_m_ba, 0 
(0, 0, 2), [1, 0, 15, 0, 195, 0, 2197], 3.13.a_p_a, 2 
(0, 0, 3), [1, 0, 16, 0, 208, 0, 2197], 3.13.a_q_a, 3 
(3, -3, 13), [1, 0, 17, -39, 221, 0, 2197], 3.13.a_r_abn, 13 
(0, 0, 4), [1, 0, 17, 0, 221, 0, 2197], 3.13.a_r_a, 4 
(-3, 3, 13), [1, 0, 17, 39, 221, 0, 2197], 3.13.a_r_bn, 13 
(0, 0, 5), [1, 0, 18, 0, 234, 0, 2197], 3.13.a_s_a, 5 
(0, 0, 6), [1, 0, 19, 0, 247, 0, 2197], 3.13.a_t_a, 6 
(0, 0, 7), [1, 0, 20, 0, 260, 0, 2197], 3.13.a_u_a, 7 
(0, 0, 8), [1, 0, 21, 0, 273, 0, 2197], 3.13.a_v_a, 8 
(2, -2, 13), [1, 0, 22, -26, 286, 0, 2197], 3.13.a_w_aba, 13 
(0, 0, 9), [1, 0, 22, 0, 286, 0, 2197], 3.13.a_w_a, 9 
(-2, 2, 13), [1, 0, 22, 26, 286, 0, 2197], 3.13.a_w_ba, 13 
(0, 0, 11), [1, 0, 24, 0, 312, 0, 2197], 3.13.a_y_a, 11 
(1, -1, 13), [1, 0, 25, -13, 325, 0, 2197], 3.13.a_z_an, 13 
(0, 0, 12), [1, 0, 25, 0, 325, 0, 2197], 3.13.a_z_a, 12 
(-1, 1, 13), [1, 0, 25, 13, 325, 0, 2197], 3.13.a_z_n, 13 
(0, 0, 14), [1, 0, 27, 0, 351, 0, 2197], 3.13.a_bb_a, 14 
(0, 0, 15), [1, 0, 28, 0, 364, 0, 2197], 3.13.a_bc_a, 15 
(0, 0, 16), [1, 0, 29, 0, 377, 0, 2197], 3.13.a_bd_a, 16 
(0, 0, 18), [1, 0, 31, 0, 403, 0, 2197], 3.13.a_bf_a, 18 
(0, 0, 19), [1, 0, 32, 0, 416, 0, 2197], 3.13.a_bg_a, 19 
(0, 0, 20), [1, 0, 33, 0, 429, 0, 2197], 3.13.a_bh_a, 20 
(0, 0, 21), [1, 0, 34, 0, 442, 0, 2197], 3.13.a_bi_a, 21 
(0, 1, -18), [1, 1, -5, 26, -65, 169, 2197], 3.13.b_af_ba, -19 
(6, -5, 13), [1, 1, -4, -52, -52, 169, 2197], 3.13.b_ae_aca, 24 
(0, 1, -17), [1, 1, -4, 26, -52, 169, 2197], 3.13.b_ae_ba, -18 
(2, -1, -13), [1, 1, -2, -52, -26, 169, 2197], 3.13.b_ac_aca, -10 
(0, 1, -15), [1, 1, -2, 26, -26, 169, 2197], 3.13.b_ac_ba, -16 
(0, 1, -14), [1, 1, -1, 26, -13, 169, 2197], 3.13.b_ab_ba, -15 
(0, 1, -12), [1, 1, 1, 26, 13, 169, 2197], 3.13.b_b_ba, -13 
(0, 1, -11), [1, 1, 2, 26, 26, 169, 2197], 3.13.b_c_ba, -12 
(0, 1, -10), [1, 1, 3, 26, 39, 169, 2197], 3.13.b_d_ba, -11 
(0, 1, -9), [1, 1, 4, 26, 52, 169, 2197], 3.13.b_e_ba, -10 
(0, 1, -8), [1, 1, 5, 26, 65, 169, 2197], 3.13.b_f_ba, -9 
(0, 1, -7), [1, 1, 6, 26, 78, 169, 2197], 3.13.b_g_ba, -8 
(-4, 5, 13), [1, 1, 6, 78, 78, 169, 2197], 3.13.b_g_da, 4 
(3, -2, 0), [1, 1, 7, -52, 91, 169, 2197], 3.13.b_h_aca, 5 
(0, 1, -6), [1, 1, 7, 26, 91, 169, 2197], 3.13.b_h_ba, -7 
(-2, 3, 0), [1, 1, 7, 78, 91, 169, 2197], 3.13.b_h_da, -5 
(0, 1, -5), [1, 1, 8, 26, 104, 169, 2197], 3.13.b_i_ba, -6 
(0, 1, -3), [1, 1, 10, 26, 130, 169, 2197], 3.13.b_k_ba, -4 
(2, -1, 0), [1, 1, 11, -26, 143, 169, 2197], 3.13.b_l_aba, 3 
(0, 1, -2), [1, 1, 11, 26, 143, 169, 2197], 3.13.b_l_ba, -3 
(-1, 2, 0), [1, 1, 11, 52, 143, 169, 2197], 3.13.b_l_ca, -3 
(0, 1, -1), [1, 1, 12, 26, 156, 169, 2197], 3.13.b_m_ba, -2 
(4, -3, 13), [1, 1, 14, -26, 182, 169, 2197], 3.13.b_o_aba, 20 
(0, 1, 1), [1, 1, 14, 26, 182, 169, 2197], 3.13.b_o_ba, 0 
(0, 1, 2), [1, 1, 15, 26, 195, 169, 2197], 3.13.b_p_ba, 1 
(0, 1, 3), [1, 1, 16, 26, 208, 169, 2197], 3.13.b_q_ba, 2 
(0, 1, 4), [1, 1, 17, 26, 221, 169, 2197], 3.13.b_r_ba, 3 
(0, 1, 5), [1, 1, 18, 26, 234, 169, 2197], 3.13.b_s_ba, 4 
(0, 1, 7), [1, 1, 20, 26, 260, 169, 2197], 3.13.b_u_ba, 6 
(0, 1, 8), [1, 1, 21, 26, 273, 169, 2197], 3.13.b_v_ba, 7 
(0, 1, 9), [1, 1, 22, 26, 286, 169, 2197], 3.13.b_w_ba, 8 
(0, 1, 10), [1, 1, 23, 26, 299, 169, 2197], 3.13.b_x_ba, 9 
(2, -1, 13), [1, 1, 24, 0, 312, 169, 2197], 3.13.b_y_a, 16 
(0, 1, 11), [1, 1, 24, 26, 312, 169, 2197], 3.13.b_y_ba, 10 
(0, 1, 12), [1, 1, 25, 26, 325, 169, 2197], 3.13.b_z_ba, 11 
(0, 1, 15), [1, 1, 28, 26, 364, 169, 2197], 3.13.b_bc_ba, 14 
(0, 1, 16), [1, 1, 29, 26, 377, 169, 2197], 3.13.b_bd_ba, 15 
(0, 1, 17), [1, 1, 30, 26, 390, 169, 2197], 3.13.b_be_ba, 16 
(0, 1, 18), [1, 1, 31, 26, 403, 169, 2197], 3.13.b_bf_ba, 17 
(0, 1, 19), [1, 1, 32, 26, 416, 169, 2197], 3.13.b_bg_ba, 18 
(0, 1, 21), [1, 1, 34, 26, 442, 169, 2197], 3.13.b_bi_ba, 20 
(0, 1, 22), [1, 1, 35, 26, 455, 169, 2197], 3.13.b_bj_ba, 21 
(7, -5, 13), [1, 2, -9, -39, -117, 338, 2197], 3.13.c_aj_abn, 37 
(3, -1, -13), [1, 2, -3, -65, -39, 338, 2197], 3.13.c_ad_acn, -5 
(5, -3, 0), [1, 2, -2, -78, -26, 338, 2197], 3.13.c_ac_ada, 16 
(1, 1, -13), [1, 2, 1, 13, 13, 338, 2197], 3.13.c_b_n, -13 
(6, -4, 13), [1, 2, 2, -26, 26, 338, 2197], 3.13.c_c_aba, 33 
(0, 2, -11), [1, 2, 2, 52, 26, 338, 2197], 3.13.c_c_ca, -15 
(0, 2, -10), [1, 2, 3, 52, 39, 338, 2197], 3.13.c_d_ca, -14 
(-6, 8, 39), [1, 2, 4, -26, 52, 338, 2197], 3.13.c_e_aba, 11 
(4, -2, 0), [1, 2, 5, -52, 65, 338, 2197], 3.13.c_f_aca, 12 
(0, 2, -8), [1, 2, 5, 52, 65, 338, 2197], 3.13.c_f_ca, -12 
(0, 2, -7), [1, 2, 6, 52, 78, 338, 2197], 3.13.c_g_ca, -11 
(0, 2, -6), [1, 2, 7, 52, 91, 338, 2197], 3.13.c_h_ca, -10 
(0, 2, -5), [1, 2, 8, 52, 104, 338, 2197], 3.13.c_i_ca, -9 
(0, 2, -4), [1, 2, 9, 52, 117, 338, 2197], 3.13.c_j_ca, -8 
(3, -1, 0), [1, 2, 10, -26, 130, 338, 2197], 3.13.c_k_aba, 8 
(0, 2, -3), [1, 2, 10, 52, 130, 338, 2197], 3.13.c_k_ca, -7 
(-1, 3, 0), [1, 2, 10, 78, 130, 338, 2197], 3.13.c_k_da, -8 
(5, -3, 13), [1, 2, 11, -13, 143, 338, 2197], 3.13.c_l_an, 29 
(0, 2, -2), [1, 2, 11, 52, 143, 338, 2197], 3.13.c_l_ca, -6 
(-3, 5, 13), [1, 2, 11, 91, 143, 338, 2197], 3.13.c_l_dn, -3 
(0, 2, -1), [1, 2, 12, 52, 156, 338, 2197], 3.13.c_m_ca, -5 
(1, 1, 0), [1, 2, 14, 26, 182, 338, 2197], 3.13.c_o_ba, 0 
(0, 2, 1), [1, 2, 14, 52, 182, 338, 2197], 3.13.c_o_ca, -3 
(0, 2, 3), [1, 2, 16, 52, 208, 338, 2197], 3.13.c_q_ca, -1 
(0, 2, 4), [1, 2, 17, 52, 221, 338, 2197], 3.13.c_r_ca, 0 
(4, -2, 13), [1, 2, 18, 0, 234, 338, 2197], 3.13.c_s_a, 25 
(0, 2, 5), [1, 2, 18, 52, 234, 338, 2197], 3.13.c_s_ca, 1 
(0, 2, 6), [1, 2, 19, 52, 247, 338, 2197], 3.13.c_t_ca, 2 
(0, 2, 7), [1, 2, 20, 52, 260, 338, 2197], 3.13.c_u_ca, 3 
(0, 2, 8), [1, 2, 21, 52, 273, 338, 2197], 3.13.c_v_ca, 4 
(0, 2, 9), [1, 2, 22, 52, 286, 338, 2197], 3.13.c_w_ca, 5 
(0, 2, 10), [1, 2, 23, 52, 299, 338, 2197], 3.13.c_x_ca, 6 
(-1, 3, 13), [1, 2, 23, 65, 299, 338, 2197], 3.13.c_x_cn, 5 
(0, 2, 12), [1, 2, 25, 52, 325, 338, 2197], 3.13.c_z_ca, 8 
(1, 1, 13), [1, 2, 27, 39, 351, 338, 2197], 3.13.c_bb_bn, 13 
(0, 2, 14), [1, 2, 27, 52, 351, 338, 2197], 3.13.c_bb_ca, 10 
(0, 2, 15), [1, 2, 28, 52, 364, 338, 2197], 3.13.c_bc_ca, 11 
(0, 2, 16), [1, 2, 29, 52, 377, 338, 2197], 3.13.c_bd_ca, 12 
(0, 2, 17), [1, 2, 30, 52, 390, 338, 2197], 3.13.c_be_ca, 13 
(0, 2, 19), [1, 2, 32, 52, 416, 338, 2197], 3.13.c_bg_ca, 15 
(0, 2, 20), [1, 2, 33, 52, 429, 338, 2197], 3.13.c_bh_ca, 16 
(0, 2, 21), [1, 2, 34, 52, 442, 338, 2197], 3.13.c_bi_ca, 17 
(0, 2, 22), [1, 2, 35, 52, 455, 338, 2197], 3.13.c_bj_ca, 18 
(0, 2, 24), [1, 2, 37, 52, 481, 338, 2197], 3.13.c_bl_ca, 20 
(6, -3, 0), [1, 3, -5, -78, -65, 507, 2197], 3.13.d_af_ada, 27 
(4, -1, -13), [1, 3, -4, -78, -52, 507, 2197], 3.13.d_ae_ada, 2 
(-6, 9, 39), [1, 3, -2, 0, -26, 507, 2197], 3.13.d_ac_a, -6 
(2, 1, -13), [1, 3, 2, 0, 26, 507, 2197], 3.13.d_c_a, -10 
(5, -2, 0), [1, 3, 3, -52, 39, 507, 2197], 3.13.d_d_aca, 21 
(6, -3, 13), [1, 3, 8, 0, 104, 507, 2197], 3.13.d_i_a, 40 
(4, -1, 0), [1, 3, 9, -26, 117, 507, 2197], 3.13.d_j_aba, 15 
(0, 3, -4), [1, 3, 9, 78, 117, 507, 2197], 3.13.d_j_da, -13 
(0, 3, -3), [1, 3, 10, 78, 130, 507, 2197], 3.13.d_k_da, -12 
(0, 3, -1), [1, 3, 12, 78, 156, 507, 2197], 3.13.d_m_da, -10 
(0, 3, 1), [1, 3, 14, 78, 182, 507, 2197], 3.13.d_o_da, -8 
(2, 1, 0), [1, 3, 15, 26, 195, 507, 2197], 3.13.d_p_ba, 3 
(1, 2, 0), [1, 3, 15, 52, 195, 507, 2197], 3.13.d_p_ca, -3 
(0, 3, 2), [1, 3, 15, 78, 195, 507, 2197], 3.13.d_p_da, -7 
(0, 3, 3), [1, 3, 16, 78, 208, 507, 2197], 3.13.d_q_da, -6 
(0, 3, 4), [1, 3, 17, 78, 221, 507, 2197], 3.13.d_r_da, -5 
(0, 3, 5), [1, 3, 18, 78, 234, 507, 2197], 3.13.d_s_da, -4 
(0, 3, 6), [1, 3, 19, 78, 247, 507, 2197], 3.13.d_t_da, -3 
(0, 3, 7), [1, 3, 20, 78, 260, 507, 2197], 3.13.d_u_da, -2 
(4, -1, 13), [1, 3, 22, 26, 286, 507, 2197], 3.13.d_w_ba, 28 
(0, 3, 9), [1, 3, 22, 78, 286, 507, 2197], 3.13.d_w_da, 0 
(0, 3, 10), [1, 3, 23, 78, 299, 507, 2197], 3.13.d_x_da, 1 
(0, 3, 11), [1, 3, 24, 78, 312, 507, 2197], 3.13.d_y_da, 2 
(0, 3, 12), [1, 3, 25, 78, 325, 507, 2197], 3.13.d_z_da, 3 
(0, 3, 14), [1, 3, 27, 78, 351, 507, 2197], 3.13.d_bb_da, 5 
(2, 1, 13), [1, 3, 28, 52, 364, 507, 2197], 3.13.d_bc_ca, 16 
(0, 3, 15), [1, 3, 28, 78, 364, 507, 2197], 3.13.d_bc_da, 6 
(0, 3, 17), [1, 3, 30, 78, 390, 507, 2197], 3.13.d_be_da, 8 
(0, 3, 18), [1, 3, 31, 78, 403, 507, 2197], 3.13.d_bf_da, 9 
(0, 3, 19), [1, 3, 32, 78, 416, 507, 2197], 3.13.d_bg_da, 10 
(0, 3, 20), [1, 3, 33, 78, 429, 507, 2197], 3.13.d_bh_da, 11 
(0, 3, 21), [1, 3, 34, 78, 442, 507, 2197], 3.13.d_bi_da, 12 
(7, -3, 0), [1, 4, -8, -78, -104, 676, 2197], 3.13.e_ai_ada, 40 
(6, -2, 0), [1, 4, 1, -52, 13, 676, 2197], 3.13.e_b_aca, 32 
(3, 1, -13), [1, 4, 3, -13, 39, 676, 2197], 3.13.e_d_an, -5 
(7, -3, 13), [1, 4, 5, 13, 65, 676, 2197], 3.13.e_f_n, 53 
(-5, 9, 39), [1, 4, 7, 39, 91, 676, 2197], 3.13.e_h_bn, -17 
(5, -1, 0), [1, 4, 8, -26, 104, 676, 2197], 3.13.e_i_aba, 24 
(6, -2, 13), [1, 4, 14, 26, 182, 676, 2197], 3.13.e_o_ba, 45 
(3, 1, 0), [1, 4, 16, 26, 208, 676, 2197], 3.13.e_q_ba, 8 
(1, 3, 0), [1, 4, 16, 78, 208, 676, 2197], 3.13.e_q_da, -8 
(2, 2, 0), [1, 4, 17, 52, 221, 676, 2197], 3.13.e_r_ca, 0 
(0, 4, 4), [1, 4, 17, 104, 221, 676, 2197], 3.13.e_r_ea, -12 
(0, 4, 6), [1, 4, 19, 104, 247, 676, 2197], 3.13.e_t_ea, -10 
(-4, 8, 39), [1, 4, 20, 52, 260, 676, 2197], 3.13.e_u_ca, -9 
(0, 4, 7), [1, 4, 20, 104, 260, 676, 2197], 3.13.e_u_ea, -9 
(5, -1, 13), [1, 4, 21, 39, 273, 676, 2197], 3.13.e_v_bn, 37 
(0, 4, 8), [1, 4, 21, 104, 273, 676, 2197], 3.13.e_v_ea, -8 
(-1, 5, 13), [1, 4, 21, 117, 273, 676, 2197], 3.13.e_v_en, -11 
(0, 4, 9), [1, 4, 22, 104, 286, 676, 2197], 3.13.e_w_ea, -7 
(0, 4, 10), [1, 4, 23, 104, 299, 676, 2197], 3.13.e_x_ea, -6 
(0, 4, 11), [1, 4, 24, 104, 312, 676, 2197], 3.13.e_y_ea, -5 
(0, 4, 12), [1, 4, 25, 104, 325, 676, 2197], 3.13.e_z_ea, -4 
(0, 4, 15), [1, 4, 28, 104, 364, 676, 2197], 3.13.e_bc_ea, -1 
(3, 1, 13), [1, 4, 29, 65, 377, 676, 2197], 3.13.e_bd_cn, 21 
(1, 3, 13), [1, 4, 29, 91, 377, 676, 2197], 3.13.e_bd_dn, 5 
(0, 4, 16), [1, 4, 29, 104, 377, 676, 2197], 3.13.e_bd_ea, 0 
(2, 2, 13), [1, 4, 30, 78, 390, 676, 2197], 3.13.e_be_da, 13 
(0, 4, 17), [1, 4, 30, 104, 390, 676, 2197], 3.13.e_be_ea, 1 
(0, 4, 18), [1, 4, 31, 104, 403, 676, 2197], 3.13.e_bf_ea, 2 
(0, 4, 19), [1, 4, 32, 104, 416, 676, 2197], 3.13.e_bg_ea, 3 
(0, 4, 20), [1, 4, 33, 104, 429, 676, 2197], 3.13.e_bh_ea, 4 
(0, 4, 22), [1, 4, 35, 104, 455, 676, 2197], 3.13.e_bj_ea, 6 
(0, 4, 23), [1, 4, 36, 104, 468, 676, 2197], 3.13.e_bk_ea, 7 
(0, 4, 28), [1, 4, 41, 104, 533, 676, 2197], 3.13.e_bp_ea, 12 
(7, -2, 0), [1, 5, -1, -52, -13, 845, 2197], 3.13.f_ab_aca, 45 
(4, 1, -13), [1, 5, 4, -26, 52, 845, 2197], 3.13.f_e_aba, 2 
(6, -1, 0), [1, 5, 7, -26, 91, 845, 2197], 3.13.f_h_aba, 35 
(-4, 9, 39), [1, 5, 16, 78, 208, 845, 2197], 3.13.f_q_da, -26 
(4, 1, 0), [1, 5, 17, 26, 221, 845, 2197], 3.13.f_r_ba, 15 
(3, 2, 0), [1, 5, 19, 52, 247, 845, 2197], 3.13.f_t_ca, 5 
(2, 3, 0), [1, 5, 19, 78, 247, 845, 2197], 3.13.f_t_da, -5 
(6, -1, 13), [1, 5, 20, 52, 260, 845, 2197], 3.13.f_u_ca, 48 
(0, 5, 11), [1, 5, 24, 130, 312, 845, 2197], 3.13.f_y_fa, -14 
(0, 5, 14), [1, 5, 27, 130, 351, 845, 2197], 3.13.f_bb_fa, -11 
(0, 5, 15), [1, 5, 28, 130, 364, 845, 2197], 3.13.f_bc_fa, -10 
(0, 5, 16), [1, 5, 29, 130, 377, 845, 2197], 3.13.f_bd_fa, -9 
(0, 5, 17), [1, 5, 30, 130, 390, 845, 2197], 3.13.f_be_fa, -8 
(0, 5, 18), [1, 5, 31, 130, 403, 845, 2197], 3.13.f_bf_fa, -7 
(2, 3, 13), [1, 5, 32, 104, 416, 845, 2197], 3.13.f_bg_ea, 8 
(0, 5, 19), [1, 5, 32, 130, 416, 845, 2197], 3.13.f_bg_fa, -6 
(0, 5, 21), [1, 5, 34, 130, 442, 845, 2197], 3.13.f_bi_fa, -4 
(0, 5, 22), [1, 5, 35, 130, 455, 845, 2197], 3.13.f_bj_fa, -3 
(0, 5, 31), [1, 5, 44, 130, 572, 845, 2197], 3.13.f_bs_fa, 6 
(5, 1, -13), [1, 6, 5, -39, 65, 1014, 2197], 3.13.g_f_abn, 11 
(7, -1, 0), [1, 6, 6, -26, 78, 1014, 2197], 3.13.g_g_aba, 48 
(5, 1, 0), [1, 6, 18, 26, 234, 1014, 2197], 3.13.g_s_ba, 24 
(7, -1, 13), [1, 6, 19, 65, 247, 1014, 2197], 3.13.g_t_cn, 61 
(4, 2, 0), [1, 6, 21, 52, 273, 1014, 2197], 3.13.g_v_ca, 12 
(3, 3, 0), [1, 6, 22, 78, 286, 1014, 2197], 3.13.g_w_da, 0 
(-3, 9, 39), [1, 6, 25, 117, 325, 1014, 2197], 3.13.g_z_en, -33 
(5, 1, 13), [1, 6, 31, 91, 403, 1014, 2197], 3.13.g_bf_dn, 37 
(1, 5, 13), [1, 6, 31, 143, 403, 1014, 2197], 3.13.g_bf_fn, -11 
(0, 6, 18), [1, 6, 31, 156, 403, 1014, 2197], 3.13.g_bf_ga, -18 
(0, 6, 20), [1, 6, 33, 156, 429, 1014, 2197], 3.13.g_bh_ga, -16 
(4, 2, 13), [1, 6, 34, 104, 442, 1014, 2197], 3.13.g_bi_ea, 25 
(2, 4, 13), [1, 6, 34, 130, 442, 1014, 2197], 3.13.g_bi_fa, 1 
(0, 6, 21), [1, 6, 34, 156, 442, 1014, 2197], 3.13.g_bi_ga, -15 
(3, 3, 13), [1, 6, 35, 117, 455, 1014, 2197], 3.13.g_bj_en, 13 
(0, 6, 22), [1, 6, 35, 156, 455, 1014, 2197], 3.13.g_bj_ga, -14 
(-2, 8, 39), [1, 6, 36, 130, 468, 1014, 2197], 3.13.g_bk_fa, -21 
(0, 6, 23), [1, 6, 36, 156, 468, 1014, 2197], 3.13.g_bk_ga, -13 
(0, 6, 24), [1, 6, 37, 156, 481, 1014, 2197], 3.13.g_bl_ga, -12 
(0, 6, 28), [1, 6, 41, 156, 533, 1014, 2197], 3.13.g_bp_ga, -8 
(0, 6, 29), [1, 6, 42, 156, 546, 1014, 2197], 3.13.g_bq_ga, -7 
(0, 6, 30), [1, 6, 43, 156, 559, 1014, 2197], 3.13.g_br_ga, -6 
(0, 6, 32), [1, 6, 45, 156, 585, 1014, 2197], 3.13.g_bt_ga, -4 
(0, 6, 33), [1, 6, 46, 156, 598, 1014, 2197], 3.13.g_bu_ga, -3 
(6, 1, -13), [1, 7, 6, -52, 78, 1183, 2197], 3.13.h_g_aca, 22 
(5, 2, 0), [1, 7, 23, 52, 299, 1183, 2197], 3.13.h_x_ca, 21 
(4, 3, 0), [1, 7, 25, 78, 325, 1183, 2197], 3.13.h_z_da, 7 
(6, 1, 13), [1, 7, 32, 104, 416, 1183, 2197], 3.13.h_bg_ea, 48 
(-2, 9, 39), [1, 7, 34, 156, 442, 1183, 2197], 3.13.h_bi_ga, -38 
(2, 5, 13), [1, 7, 36, 156, 468, 1183, 2197], 3.13.h_bk_ga, -8 
(4, 3, 13), [1, 7, 38, 130, 494, 1183, 2197], 3.13.h_bm_fa, 20 
(0, 7, 30), [1, 7, 43, 182, 559, 1183, 2197], 3.13.h_br_ha, -19 
(0, 7, 31), [1, 7, 44, 182, 572, 1183, 2197], 3.13.h_bs_ha, -18 
(0, 7, 33), [1, 7, 46, 182, 598, 1183, 2197], 3.13.h_bu_ha, -16 
(0, 7, 34), [1, 7, 47, 182, 611, 1183, 2197], 3.13.h_bv_ha, -15 
(0, 7, 35), [1, 7, 48, 182, 624, 1183, 2197], 3.13.h_bw_ha, -14 
(0, 7, 37), [1, 7, 50, 182, 650, 1183, 2197], 3.13.h_by_ha, -12 
(7, 1, 0), [1, 8, 20, 26, 260, 1352, 2197], 3.13.i_u_ba, 48 
(6, 2, 0), [1, 8, 25, 52, 325, 1352, 2197], 3.13.i_z_ca, 32 
(5, 3, 0), [1, 8, 28, 78, 364, 1352, 2197], 3.13.i_bc_da, 16 
(7, 1, 13), [1, 8, 33, 117, 429, 1352, 2197], 3.13.i_bh_en, 61 
(6, 2, 13), [1, 8, 38, 130, 494, 1352, 2197], 3.13.i_bm_fa, 45 
(3, 5, 13), [1, 8, 41, 169, 533, 1352, 2197], 3.13.i_bp_gn, -3 
(4, 4, 13), [1, 8, 42, 156, 546, 1352, 2197], 3.13.i_bq_ga, 13 
(0, 8, 32), [1, 8, 45, 208, 585, 1352, 2197], 3.13.i_bt_ia, -32 
(0, 8, 34), [1, 8, 47, 208, 611, 1352, 2197], 3.13.i_bv_ia, -30 
(0, 8, 35), [1, 8, 48, 208, 624, 1352, 2197], 3.13.i_bw_ia, -29 
(0, 8, 36), [1, 8, 49, 208, 637, 1352, 2197], 3.13.i_bx_ia, -28 
(0, 8, 37), [1, 8, 50, 208, 650, 1352, 2197], 3.13.i_by_ia, -27 
(0, 8, 40), [1, 8, 53, 208, 689, 1352, 2197], 3.13.i_cb_ia, -24 
(7, 2, 0), [1, 9, 27, 52, 351, 1521, 2197], 3.13.j_bb_ca, 45 
(6, 3, 0), [1, 9, 31, 78, 403, 1521, 2197], 3.13.j_bf_da, 27 
(6, 3, 13), [1, 9, 44, 156, 572, 1521, 2197], 3.13.j_bs_ga, 40 
(4, 5, 13), [1, 9, 46, 182, 598, 1521, 2197], 3.13.j_bu_ha, 4 
(0, 9, 41), [1, 9, 54, 234, 702, 1521, 2197], 3.13.j_cc_ja, -40 
(0, 9, 42), [1, 9, 55, 234, 715, 1521, 2197], 3.13.j_cd_ja, -39 
(0, 9, 43), [1, 9, 56, 234, 728, 1521, 2197], 3.13.j_ce_ja, -38 
(0, 9, 45), [1, 9, 58, 234, 754, 1521, 2197], 3.13.j_cg_ja, -36 
(7, 3, 0), [1, 10, 34, 78, 442, 1690, 2197], 3.13.k_bi_da, 40 
(7, 3, 13), [1, 10, 47, 169, 611, 1690, 2197], 3.13.k_bv_gn, 53 
(5, 5, 13), [1, 10, 51, 195, 663, 1690, 2197], 3.13.k_bz_hn, 13 
(0, 10, 48), [1, 10, 61, 260, 793, 1690, 2197], 3.13.k_cj_ka, -52 
(0, 10, 49), [1, 10, 62, 260, 806, 1690, 2197], 3.13.k_ck_ka, -51 
(6, 5, 13), [1, 11, 56, 208, 728, 1859, 2197], 3.13.l_ce_ia, 24 
