(-10, -14, 94), [1, -24, 259, -1640, 6475, -15000, 15625], 3.25.ay_jz_aclc, -2 
(-10, -13, 84), [1, -23, 239, -1490, 5975, -14375, 15625], 3.25.ax_jf_acfi, 15 
(-10, -13, 88), [1, -23, 243, -1530, 6075, -14375, 15625], 3.25.ax_jj_acgw, 19 
(-10, -13, 89), [1, -23, 244, -1540, 6100, -14375, 15625], 3.25.ax_jk_achg, 20 
(-10, -12, 74), [1, -22, 219, -1340, 5475, -13750, 15625], 3.25.aw_il_abzo, 30 
(-10, -12, 79), [1, -22, 224, -1390, 5600, -13750, 15625], 3.25.aw_iq_acbm, 35 
(-5, -17, 121), [1, -22, 231, -1455, 5775, -13750, 15625], 3.25.aw_ix_acdz, -143 
(-10, -11, 64), [1, -21, 199, -1190, 4975, -13125, 15625], 3.25.av_hr_abtu, 43 
(-10, -11, 69), [1, -21, 204, -1240, 5100, -13125, 15625], 3.25.av_hw_abvs, 48 
(-10, -11, 72), [1, -21, 207, -1270, 5175, -13125, 15625], 3.25.av_hz_abww, 51 
(-8, -13, 85), [1, -21, 214, -1330, 5350, -13125, 15625], 3.25.av_ig_abze, -20 
(-10, -10, 54), [1, -20, 179, -1040, 4475, -12500, 15625], 3.25.au_gx_aboa, 54 
(-10, -10, 58), [1, -20, 183, -1080, 4575, -12500, 15625], 3.25.au_hb_abpo, 58 
(-10, -10, 62), [1, -20, 187, -1120, 4675, -12500, 15625], 3.25.au_hf_abrc, 62 
(-9, -11, 65), [1, -20, 189, -1135, 4725, -12500, 15625], 3.25.au_hh_abrr, 25 
(-10, -10, 68), [1, -20, 193, -1180, 4825, -12500, 15625], 3.25.au_hl_abtk, 68 
(-9, -11, 70), [1, -20, 194, -1180, 4850, -12500, 15625], 3.25.au_hm_abtk, 30 
(-5, -15, 102), [1, -20, 202, -1260, 5050, -12500, 15625], 3.25.au_hu_abwm, -98 
(-5, -15, 103), [1, -20, 203, -1265, 5075, -12500, 15625], 3.25.au_hv_abwr, -97 
(-10, -9, 44), [1, -19, 159, -890, 3975, -11875, 15625], 3.25.at_gd_abig, 63 
(-10, -9, 48), [1, -19, 163, -930, 4075, -11875, 15625], 3.25.at_gh_abju, 67 
(-10, -9, 49), [1, -19, 164, -940, 4100, -11875, 15625], 3.25.at_gi_abke, 68 
(-10, -9, 52), [1, -19, 167, -970, 4175, -11875, 15625], 3.25.at_gl_abli, 71 
(-8, -11, 65), [1, -19, 178, -1070, 4450, -11875, 15625], 3.25.at_gw_abpe, 8 
(-10, -9, 67), [1, -19, 182, -1120, 4550, -11875, 15625], 3.25.at_ha_abrc, 86 
(-8, -11, 70), [1, -19, 183, -1110, 4575, -11875, 15625], 3.25.at_hb_abqs, 13 
(-5, -14, 92), [1, -19, 187, -1160, 4675, -11875, 15625], 3.25.at_hf_absq, -79 
(-6, -13, 85), [1, -19, 188, -1160, 4700, -11875, 15625], 3.25.at_hg_absq, -48 
(-9, -9, 45), [1, -18, 151, -855, 3775, -11250, 15625], 3.25.as_fv_abgx, 45 
(-10, -8, 54), [1, -18, 159, -940, 3975, -11250, 15625], 3.25.as_gd_abke, 90 
(-9, -9, 55), [1, -18, 161, -945, 4025, -11250, 15625], 3.25.as_gf_abkj, 55 
(-7, -11, 65), [1, -18, 167, -1005, 4175, -11250, 15625], 3.25.as_gl_abmr, -7 
(-5, -13, 81), [1, -18, 171, -1055, 4275, -11250, 15625], 3.25.as_gp_abop, -63 
(-5, -13, 87), [1, -18, 177, -1085, 4425, -11250, 15625], 3.25.as_gv_abpt, -57 
(-10, -7, 24), [1, -17, 119, -590, 2975, -10625, 15625], 3.25.ar_ep_aws, 75 
(-10, -7, 28), [1, -17, 123, -630, 3075, -10625, 15625], 3.25.ar_et_ayg, 79 
(-10, -7, 29), [1, -17, 124, -640, 3100, -10625, 15625], 3.25.ar_eu_ayq, 80 
(-10, -7, 44), [1, -17, 139, -790, 3475, -10625, 15625], 3.25.ar_fj_abek, 95 
(-10, -7, 47), [1, -17, 142, -820, 3550, -10625, 15625], 3.25.ar_fm_abfo, 98 
(-10, -7, 48), [1, -17, 143, -830, 3575, -10625, 15625], 3.25.ar_fn_abfy, 99 
(-8, -9, 55), [1, -17, 152, -890, 3800, -10625, 15625], 3.25.ar_fw_abig, 38 
(-5, -12, 72), [1, -17, 157, -960, 3925, -10625, 15625], 3.25.ar_gb_abky, -47 
(-8, -9, 60), [1, -17, 157, -930, 3925, -10625, 15625], 3.25.ar_gb_abju, 43 
(-5, -12, 74), [1, -17, 159, -970, 3975, -10625, 15625], 3.25.ar_gd_abli, -45 
(-6, -11, 70), [1, -17, 161, -970, 4025, -10625, 15625], 3.25.ar_gf_abli, -15 
(-5, -12, 78), [1, -17, 163, -990, 4075, -10625, 15625], 3.25.ar_gh_abmc, -41 
(-10, -6, 14), [1, -16, 99, -440, 2475, -10000, 15625], 3.25.aq_dv_aqy, 78 
(-10, -6, 22), [1, -16, 107, -520, 2675, -10000, 15625], 3.25.aq_ed_aua, 86 
(-9, -7, 30), [1, -16, 118, -620, 2950, -10000, 15625], 3.25.aq_eo_axw, 62 
(-10, -6, 38), [1, -16, 123, -680, 3075, -10000, 15625], 3.25.aq_et_abae, 102 
(-9, -7, 35), [1, -16, 123, -665, 3075, -10000, 15625], 3.25.aq_et_azp, 67 
(-8, -8, 45), [1, -16, 134, -760, 3350, -10000, 15625], 3.25.aq_fe_abdg, 45 
(-10, -6, 54), [1, -16, 139, -840, 3475, -10000, 15625], 3.25.aq_fj_abgi, 118 
(-5, -11, 61), [1, -16, 141, -855, 3525, -10000, 15625], 3.25.aq_fl_abgx, -35 
(-5, -11, 67), [1, -16, 147, -885, 3675, -10000, 15625], 3.25.aq_fr_abib, -29 
(-5, -11, 71), [1, -16, 151, -905, 3775, -10000, 15625], 3.25.aq_fv_abiv, -25 
(-5, -11, 77), [1, -16, 157, -935, 3925, -10000, 15625], 3.25.aq_gb_abjz, -19 
(-10, -5, 4), [1, -15, 79, -290, 1975, -9375, 15625], 3.25.ap_db_ale, 79 
(-10, -5, 8), [1, -15, 83, -330, 2075, -9375, 15625], 3.25.ap_df_ams, 83 
(-10, -5, 9), [1, -15, 84, -340, 2100, -9375, 15625], 3.25.ap_dg_anc, 84 
(-10, -5, 12), [1, -15, 87, -370, 2175, -9375, 15625], 3.25.ap_dj_aog, 87 
(-10, -5, 24), [1, -15, 99, -490, 2475, -9375, 15625], 3.25.ap_dv_asw, 99 
(-9, -6, 20), [1, -15, 99, -480, 2475, -9375, 15625], 3.25.ap_dv_asm, 65 
(-10, -5, 27), [1, -15, 102, -520, 2550, -9375, 15625], 3.25.ap_dy_aua, 102 
(-10, -5, 28), [1, -15, 103, -530, 2575, -9375, 15625], 3.25.ap_dz_auk, 103 
(-8, -7, 40), [1, -15, 121, -670, 3025, -9375, 15625], 3.25.ap_er_azu, 55 
(-8, -7, 45), [1, -15, 126, -710, 3150, -9375, 15625], 3.25.ap_ew_abbi, 60 
(-10, -5, 52), [1, -15, 127, -770, 3175, -9375, 15625], 3.25.ap_ex_abdq, 127 
(-7, -8, 60), [1, -15, 141, -820, 3525, -9375, 15625], 3.25.ap_fl_abfo, 45 
(-6, -9, 65), [1, -15, 144, -840, 3600, -9375, 15625], 3.25.ap_fo_abgi, 20 
(-5, -10, 72), [1, -15, 147, -860, 3675, -9375, 15625], 3.25.ap_fr_abhc, -3 
(-10, -4, -6), [1, -14, 59, -140, 1475, -8750, 15625], 3.25.ao_ch_afk, 78 
(-10, -4, 8), [1, -14, 73, -280, 1825, -8750, 15625], 3.25.ao_cv_aku, 92 
(-10, -4, 42), [1, -14, 107, -620, 2675, -8750, 15625], 3.25.ao_ed_axw, 126 
(-5, -9, 41), [1, -14, 111, -655, 2775, -8750, 15625], 3.25.ao_eh_azf, -15 
(-5, -9, 43), [1, -14, 113, -665, 2825, -8750, 15625], 3.25.ao_ej_azp, -13 
(-5, -9, 46), [1, -14, 116, -680, 2900, -8750, 15625], 3.25.ao_em_abae, -10 
(-7, -7, 45), [1, -14, 119, -665, 2975, -8750, 15625], 3.25.ao_ep_azp, 45 
(-5, -9, 51), [1, -14, 121, -705, 3025, -8750, 15625], 3.25.ao_er_abbd, -5 
(-3, -11, 70), [1, -14, 128, -760, 3200, -8750, 15625], 3.25.ao_ey_abdg, -42 
(-5, -9, 62), [1, -14, 132, -760, 3300, -8750, 15625], 3.25.ao_fc_abdg, 6 
(-5, -9, 63), [1, -14, 133, -765, 3325, -8750, 15625], 3.25.ao_fd_abdl, 7 
(-5, -9, 66), [1, -14, 136, -780, 3400, -8750, 15625], 3.25.ao_fg_abea, 10 
(-5, -9, 67), [1, -14, 137, -785, 3425, -8750, 15625], 3.25.ao_fh_abef, 11 
(-10, -3, -16), [1, -13, 39, 10, 975, -8125, 15625], 3.25.an_bn_k, 75 
(-10, -3, -12), [1, -13, 43, -30, 1075, -8125, 15625], 3.25.an_br_abe, 79 
(-10, -3, -11), [1, -13, 44, -40, 1100, -8125, 15625], 3.25.an_bs_abo, 80 
(-10, -3, -8), [1, -13, 47, -70, 1175, -8125, 15625], 3.25.an_bv_acs, 83 
(-10, -3, 4), [1, -13, 59, -190, 1475, -8125, 15625], 3.25.an_ch_ahi, 95 
(-10, -3, 7), [1, -13, 62, -220, 1550, -8125, 15625], 3.25.an_ck_aim, 98 
(-10, -3, 8), [1, -13, 63, -230, 1575, -8125, 15625], 3.25.an_cl_aiw, 99 
(-10, -3, 24), [1, -13, 79, -390, 1975, -8125, 15625], 3.25.an_db_apa, 115 
(-10, -3, 36), [1, -13, 91, -510, 2275, -8125, 15625], 3.25.an_dn_atq, 127 
(-10, -3, 43), [1, -13, 98, -580, 2450, -8125, 15625], 3.25.an_du_awi, 134 
(-10, -3, 48), [1, -13, 103, -630, 2575, -8125, 15625], 3.25.an_dz_ayg, 139 
(-7, -6, 40), [1, -13, 107, -580, 2675, -8125, 15625], 3.25.an_ed_awi, 53 
(-2, -11, 65), [1, -13, 112, -680, 2800, -8125, 15625], 3.25.an_ei_abae, -52 
(-2, -11, 70), [1, -13, 117, -690, 2925, -8125, 15625], 3.25.an_en_abao, -47 
(-5, -8, 56), [1, -13, 121, -680, 3025, -8125, 15625], 3.25.an_er_abae, 17 
(-4, -9, 65), [1, -13, 126, -710, 3150, -8125, 15625], 3.25.an_ew_abbi, 0 
(-10, -2, -26), [1, -12, 19, 160, 475, -7500, 15625], 3.25.am_t_ge, 70 
(-10, -2, -21), [1, -12, 24, 110, 600, -7500, 15625], 3.25.am_y_eg, 75 
(-10, -2, -18), [1, -12, 27, 80, 675, -7500, 15625], 3.25.am_bb_dc, 78 
(-9, -3, -10), [1, -12, 42, -60, 1050, -7500, 15625], 3.25.am_bq_aci, 62 
(-10, -2, -2), [1, -12, 43, -80, 1075, -7500, 15625], 3.25.am_br_adc, 94 
(-8, -4, -5), [1, -12, 52, -160, 1300, -7500, 15625], 3.25.am_ca_age, 43 
(-9, -3, 5), [1, -12, 57, -195, 1425, -7500, 15625], 3.25.am_cf_ahn, 77 
(-10, -2, 14), [1, -12, 59, -240, 1475, -7500, 15625], 3.25.am_ch_ajg, 110 
(-10, -2, 22), [1, -12, 67, -320, 1675, -7500, 15625], 3.25.am_cp_ami, 118 
(-8, -4, 15), [1, -12, 72, -320, 1800, -7500, 15625], 3.25.am_cu_ami, 63 
(-8, -4, 20), [1, -12, 77, -360, 1925, -7500, 15625], 3.25.am_cz_anw, 68 
(-10, -2, 38), [1, -12, 83, -480, 2075, -7500, 15625], 3.25.am_df_asm, 134 
(-10, -2, 46), [1, -12, 91, -560, 2275, -7500, 15625], 3.25.am_dn_avo, 142 
(-1, -11, 65), [1, -12, 101, -615, 2525, -7500, 15625], 3.25.am_dx_axr, -55 
(-5, -7, 51), [1, -12, 111, -605, 2775, -7500, 15625], 3.25.am_eh_axh, 27 
(-5, -7, 53), [1, -12, 113, -615, 2825, -7500, 15625], 3.25.am_ej_axr, 29 
(-3, -9, 65), [1, -12, 117, -645, 2925, -7500, 15625], 3.25.am_en_ayv, -7 
(-5, -7, 57), [1, -12, 117, -635, 2925, -7500, 15625], 3.25.am_en_ayl, 33 
(-5, -7, 58), [1, -12, 118, -640, 2950, -7500, 15625], 3.25.am_eo_ayq, 34 
(-10, -1, -36), [1, -11, -1, 310, -25, -6875, 15625], 3.25.al_ab_ly, 63 
(-10, -1, -32), [1, -11, 3, 270, 75, -6875, 15625], 3.25.al_d_kk, 67 
(-10, -1, -31), [1, -11, 4, 260, 100, -6875, 15625], 3.25.al_e_ka, 68 
(-10, -1, -28), [1, -11, 7, 230, 175, -6875, 15625], 3.25.al_h_iw, 71 
(-10, -1, -24), [1, -11, 11, 190, 275, -6875, 15625], 3.25.al_l_hi, 75 
(-10, -1, -16), [1, -11, 19, 110, 475, -6875, 15625], 3.25.al_t_eg, 83 
(-10, -1, -13), [1, -11, 22, 80, 550, -6875, 15625], 3.25.al_w_dc, 86 
(-10, -1, -12), [1, -11, 23, 70, 575, -6875, 15625], 3.25.al_x_cs, 87 
(-9, -2, -20), [1, -11, 23, 80, 575, -6875, 15625], 3.25.al_x_dc, 57 
(-9, -2, -10), [1, -11, 33, -10, 825, -6875, 15625], 3.25.al_bh_ak, 67 
(-10, -1, 4), [1, -11, 39, -90, 975, -6875, 15625], 3.25.al_bn_adm, 103 
(-8, -3, -5), [1, -11, 44, -110, 1100, -6875, 15625], 3.25.al_bs_aeg, 50 
(-10, -1, 12), [1, -11, 47, -170, 1175, -6875, 15625], 3.25.al_bv_ago, 111 
(-10, -1, 16), [1, -11, 51, -210, 1275, -6875, 15625], 3.25.al_bz_aic, 115 
(-10, -1, 23), [1, -11, 58, -280, 1450, -6875, 15625], 3.25.al_cg_aku, 122 
(-10, -1, 28), [1, -11, 63, -330, 1575, -6875, 15625], 3.25.al_cl_ams, 127 
(-10, -1, 36), [1, -11, 71, -410, 1775, -6875, 15625], 3.25.al_ct_apu, 135 
(-7, -4, 40), [1, -11, 93, -480, 2325, -6875, 15625], 3.25.al_dp_asm, 73 
(-5, -6, 52), [1, -11, 107, -560, 2675, -6875, 15625], 3.25.al_ed_avo, 41 
(-4, -7, 55), [1, -11, 108, -570, 2700, -6875, 15625], 3.25.al_ee_avy, 22 
(-3, -8, 60), [1, -11, 109, -580, 2725, -6875, 15625], 3.25.al_ef_awi, 5 
(-10, 0, -42), [1, -10, -17, 420, -425, -6250, 15625], 3.25.ak_ar_qe, 58 
(-10, 0, -41), [1, -10, -16, 410, -400, -6250, 15625], 3.25.ak_aq_pu, 59 
(-10, 0, -38), [1, -10, -13, 380, -325, -6250, 15625], 3.25.ak_an_oq, 62 
(-10, 0, -26), [1, -10, -1, 260, -25, -6250, 15625], 3.25.ak_ab_ka, 74 
(-9, -1, -35), [1, -10, -1, 265, -25, -6250, 15625], 3.25.ak_ab_kf, 45 
(-10, 0, -23), [1, -10, 2, 230, 50, -6250, 15625], 3.25.ak_c_iw, 77 
(-10, 0, -22), [1, -10, 3, 220, 75, -6250, 15625], 3.25.ak_d_im, 78 
(-10, 0, -6), [1, -10, 19, 60, 475, -6250, 15625], 3.25.ak_t_ci, 94 
(-8, -2, -5), [1, -10, 36, -60, 900, -6250, 15625], 3.25.ak_bk_aci, 55 
(-8, -2, 5), [1, -10, 46, -140, 1150, -6250, 15625], 3.25.ak_bu_afk, 65 
(-5, -5, 1), [1, -10, 51, -255, 1275, -6250, 15625], 3.25.ak_bz_ajv, 1 
(-10, 0, 38), [1, -10, 63, -380, 1575, -6250, 15625], 3.25.ak_cl_aoq, 138 
(-1, -9, 55), [1, -10, 89, -505, 2225, -6250, 15625], 3.25.ak_dl_atl, -25 
(-7, -3, 45), [1, -10, 91, -465, 2275, -6250, 15625], 3.25.ak_dn_arx, 85 
(-2, -8, 55), [1, -10, 96, -510, 2400, -6250, 15625], 3.25.ak_ds_atq, -5 
(-5, -5, 46), [1, -10, 96, -480, 2400, -6250, 15625], 3.25.ak_ds_asm, 46 
(-5, -5, 47), [1, -10, 97, -485, 2425, -6250, 15625], 3.25.ak_dt_asr, 47 
(-5, -5, 53), [1, -10, 103, -515, 2575, -6250, 15625], 3.25.ak_dz_atv, 53 
(-10, 1, -36), [1, -9, -21, 410, -525, -5625, 15625], 3.25.aj_av_pu, 63 
(-10, 1, -33), [1, -9, -18, 380, -450, -5625, 15625], 3.25.aj_as_oq, 66 
(-10, 1, -32), [1, -9, -17, 370, -425, -5625, 15625], 3.25.aj_ar_og, 67 
(-8, -1, -35), [1, -9, -2, 230, -50, -5625, 15625], 3.25.aj_ac_iw, 28 
(-10, 1, -16), [1, -9, -1, 210, -25, -5625, 15625], 3.25.aj_ab_ic, 83 
(-10, 1, -8), [1, -9, 7, 130, 175, -5625, 15625], 3.25.aj_h_fa, 91 
(-10, 1, -4), [1, -9, 11, 90, 275, -5625, 15625], 3.25.aj_l_dm, 95 
(-10, 1, 3), [1, -9, 18, 20, 450, -5625, 15625], 3.25.aj_s_u, 102 
(-8, -1, -10), [1, -9, 23, 30, 575, -5625, 15625], 3.25.aj_x_be, 53 
(-10, 1, 16), [1, -9, 31, -110, 775, -5625, 15625], 3.25.aj_bf_aeg, 115 
(-10, 1, 24), [1, -9, 39, -190, 975, -5625, 15625], 3.25.aj_bn_ahi, 123 
(-10, 1, 28), [1, -9, 43, -230, 1075, -5625, 15625], 3.25.aj_br_aiw, 127 
(-10, 1, 32), [1, -9, 47, -270, 1175, -5625, 15625], 3.25.aj_bv_akk, 131 
(-10, 1, 39), [1, -9, 54, -340, 1350, -5625, 15625], 3.25.aj_cc_anc, 138 
(-6, -3, 30), [1, -9, 73, -330, 1825, -5625, 15625], 3.25.aj_cv_ams, 57 
(-5, -4, 32), [1, -9, 77, -360, 1925, -5625, 15625], 3.25.aj_cz_anw, 41 
(-6, -3, 35), [1, -9, 78, -360, 1950, -5625, 15625], 3.25.aj_da_anw, 62 
(-5, -4, 42), [1, -9, 87, -410, 2175, -5625, 15625], 3.25.aj_dj_apu, 51 
(-1, -8, 60), [1, -9, 93, -460, 2325, -5625, 15625], 3.25.aj_dp_ars, -3 
(-5, -4, 48), [1, -9, 93, -440, 2325, -5625, 15625], 3.25.aj_dp_aqy, 57 
(-5, -4, 52), [1, -9, 97, -460, 2425, -5625, 15625], 3.25.aj_dt_ars, 61 
(-10, 2, -26), [1, -8, -21, 360, -525, -5000, 15625], 3.25.ai_av_nw, 70 
(-9, 1, -35), [1, -8, -19, 365, -475, -5000, 15625], 3.25.ai_at_ob, 45 
(-9, 1, -30), [1, -8, -14, 320, -350, -5000, 15625], 3.25.ai_ao_mi, 50 
(-10, 2, -18), [1, -8, -13, 280, -325, -5000, 15625], 3.25.ai_an_ku, 78 
(-10, 2, -16), [1, -8, -11, 260, -275, -5000, 15625], 3.25.ai_al_ka, 80 
(-10, 2, -2), [1, -8, 3, 120, 75, -5000, 15625], 3.25.ai_d_eq, 94 
(-10, 2, 6), [1, -8, 11, 40, 275, -5000, 15625], 3.25.ai_l_bo, 102 
(-10, 2, 14), [1, -8, 19, -40, 475, -5000, 15625], 3.25.ai_t_abo, 110 
(-10, 2, 22), [1, -8, 27, -120, 675, -5000, 15625], 3.25.ai_bb_aeq, 118 
(-7, -1, 5), [1, -8, 37, -85, 925, -5000, 15625], 3.25.ai_bl_adh, 53 
(-7, -1, 10), [1, -8, 42, -120, 1050, -5000, 15625], 3.25.ai_bq_aeq, 58 
(-7, -1, 15), [1, -8, 47, -155, 1175, -5000, 15625], 3.25.ai_bv_afz, 63 
(-10, 2, 46), [1, -8, 51, -360, 1275, -5000, 15625], 3.25.ai_bz_anw, 142 
(-5, -3, 29), [1, -8, 69, -295, 1725, -5000, 15625], 3.25.ai_cr_alj, 45 
(-5, -3, 31), [1, -8, 71, -305, 1775, -5000, 15625], 3.25.ai_ct_alt, 47 
(-1, -7, 45), [1, -8, 77, -395, 1925, -5000, 15625], 3.25.ai_cz_apf, -3 
(-5, -3, 37), [1, -8, 77, -335, 1925, -5000, 15625], 3.25.ai_cz_amx, 53 
(-5, -3, 38), [1, -8, 78, -340, 1950, -5000, 15625], 3.25.ai_da_anc, 54 
(1, -9, 65), [1, -8, 81, -385, 2025, -5000, 15625], 3.25.ai_dd_aov, -15 
(-5, -3, 43), [1, -8, 83, -365, 2075, -5000, 15625], 3.25.ai_df_aob, 59 
(-10, 3, -17), [1, -7, -22, 320, -550, -4375, 15625], 3.25.ah_aw_mi, 74 
(-10, 3, -12), [1, -7, -17, 270, -425, -4375, 15625], 3.25.ah_ar_kk, 79 
(-9, 2, -20), [1, -7, -13, 280, -325, -4375, 15625], 3.25.ah_an_ku, 57 
(-8, 1, -20), [1, -7, -3, 210, -75, -4375, 15625], 3.25.ah_ad_ic, 43 
(-10, 3, 4), [1, -7, -1, 110, -25, -4375, 15625], 3.25.ah_ab_eg, 95 
(-10, 3, 8), [1, -7, 3, 70, 75, -4375, 15625], 3.25.ah_d_cs, 99 
(-10, 3, 12), [1, -7, 7, 30, 175, -4375, 15625], 3.25.ah_h_be, 103 
(-10, 3, 19), [1, -7, 14, -40, 350, -4375, 15625], 3.25.ah_o_abo, 110 
(-10, 3, 24), [1, -7, 19, -90, 475, -4375, 15625], 3.25.ah_t_adm, 115 
(-10, 3, 36), [1, -7, 31, -210, 775, -4375, 15625], 3.25.ah_bf_aic, 127 
(-10, 3, 37), [1, -7, 32, -220, 800, -4375, 15625], 3.25.ah_bg_aim, 128 
(-10, 3, 44), [1, -7, 39, -290, 975, -4375, 15625], 3.25.ah_bn_ale, 135 
(-5, -2, 24), [1, -7, 59, -220, 1475, -4375, 15625], 3.25.ah_ch_aim, 45 
(-5, -2, 32), [1, -7, 67, -260, 1675, -4375, 15625], 3.25.ah_cp_aka, 53 
(-5, -2, 38), [1, -7, 73, -290, 1825, -4375, 15625], 3.25.ah_cv_ale, 59 
(-5, -2, 44), [1, -7, 79, -320, 1975, -4375, 15625], 3.25.ah_db_ami, 65 
(-5, -2, 48), [1, -7, 83, -340, 2075, -4375, 15625], 3.25.ah_df_anc, 69 
(-10, 4, -9), [1, -6, -24, 290, -600, -3750, 15625], 3.25.ag_ay_le, 75 
(-10, 4, -6), [1, -6, -21, 260, -525, -3750, 15625], 3.25.ag_av_ka, 78 
(-7, 1, -35), [1, -6, -17, 295, -425, -3750, 15625], 3.25.ag_ar_lj, 13 
(-7, 1, -15), [1, -6, 3, 155, 75, -3750, 15625], 3.25.ag_d_fz, 33 
(-10, 4, 42), [1, -6, 27, -220, 675, -3750, 15625], 3.25.ag_bb_aim, 126 
(-5, -1, 27), [1, -6, 57, -185, 1425, -3750, 15625], 3.25.ag_cf_ahd, 51 
(1, -7, 45), [1, -6, 63, -305, 1575, -3750, 15625], 3.25.ag_cl_alt, -3 
(-5, -1, 33), [1, -6, 63, -215, 1575, -3750, 15625], 3.25.ag_cl_aih, 57 
(1, -7, 55), [1, -6, 73, -295, 1825, -3750, 15625], 3.25.ag_cv_alj, 7 
(-5, -1, 43), [1, -6, 73, -265, 1825, -3750, 15625], 3.25.ag_cv_akf, 67 
(-4, -2, 40), [1, -6, 73, -260, 1825, -3750, 15625], 3.25.ag_cv_aka, 52 
(-3, -3, 45), [1, -6, 79, -285, 1975, -3750, 15625], 3.25.ag_db_akz, 45 
(-5, 0, -48), [1, -5, -23, 240, -575, -3125, 15625], 3.25.af_ax_jg, -23 
(-10, 5, 4), [1, -5, -21, 210, -525, -3125, 15625], 3.25.af_av_ic, 79 
(-5, 0, -46), [1, -5, -21, 230, -525, -3125, 15625], 3.25.af_av_iw, -21 
(-10, 5, 16), [1, -5, -9, 90, -225, -3125, 15625], 3.25.af_aj_dm, 91 
(-10, 5, 17), [1, -5, -8, 80, -200, -3125, 15625], 3.25.af_ai_dc, 92 
(-5, 0, -32), [1, -5, -7, 160, -175, -3125, 15625], 3.25.af_ah_ge, -7 
(-10, 5, 24), [1, -5, -1, 10, -25, -3125, 15625], 3.25.af_ab_k, 99 
(-7, 2, -10), [1, -5, 1, 170, 25, -3125, 15625], 3.25.af_b_go, 35 
(-10, 5, 32), [1, -5, 7, -70, 175, -3125, 15625], 3.25.af_h_acs, 107 
(-10, 5, 48), [1, -5, 23, -230, 575, -3125, 15625], 3.25.af_x_aiw, 123 
(-6, 1, 5), [1, -5, 24, 20, 600, -3125, 15625], 3.25.af_y_u, 40 
(-10, 5, 52), [1, -5, 27, -270, 675, -3125, 15625], 3.25.af_bb_akk, 127 
(-10, 5, 53), [1, -5, 28, -280, 700, -3125, 15625], 3.25.af_bc_aku, 128 
(-6, 1, 10), [1, -5, 29, -10, 725, -3125, 15625], 3.25.af_bd_ak, 45 
(2, -7, 30), [1, -5, 41, -290, 1025, -3125, 15625], 3.25.af_bp_ale, -15 
(2, -7, 35), [1, -5, 46, -280, 1150, -3125, 15625], 3.25.af_bu_aku, -10 
(-5, 0, 22), [1, -5, 47, -110, 1175, -3125, 15625], 3.25.af_bv_aeg, 47 
(-5, 0, 28), [1, -5, 53, -140, 1325, -3125, 15625], 3.25.af_cb_afk, 53 
(-5, 0, 32), [1, -5, 57, -160, 1425, -3125, 15625], 3.25.af_cf_age, 57 
(1, -6, 40), [1, -5, 59, -260, 1475, -3125, 15625], 3.25.af_ch_aka, 5 
(-4, -1, 35), [1, -5, 64, -190, 1600, -3125, 15625], 3.25.af_cm_ahi, 50 
(-4, -1, 40), [1, -5, 69, -210, 1725, -3125, 15625], 3.25.af_cr_aic, 55 
(-4, -1, 45), [1, -5, 74, -230, 1850, -3125, 15625], 3.25.af_cw_aiw, 60 
(-10, 6, 14), [1, -4, -21, 160, -525, -2500, 15625], 3.25.ae_av_ge, 78 
(10, -14, 94), [1, -4, -21, 240, -525, -2500, 15625], 3.25.ae_av_jg, -2 
(-10, 6, 22), [1, -4, -13, 80, -325, -2500, 15625], 3.25.ae_an_dc, 86 
(-7, 3, -15), [1, -4, -11, 255, -275, -2500, 15625], 3.25.ae_al_jv, 25 
(-7, 3, -10), [1, -4, -6, 220, -150, -2500, 15625], 3.25.ae_ag_im, 30 
(-10, 6, 38), [1, -4, 3, -80, 75, -2500, 15625], 3.25.ae_d_adc, 102 
(-7, 3, 5), [1, -4, 9, 115, 225, -2500, 15625], 3.25.ae_j_el, 45 
(-10, 6, 46), [1, -4, 11, -160, 275, -2500, 15625], 3.25.ae_l_age, 110 
(-6, 2, 5), [1, -4, 18, 70, 450, -2500, 15625], 3.25.ae_s_cs, 37 
(-10, 6, 54), [1, -4, 19, -240, 475, -2500, 15625], 3.25.ae_t_ajg, 118 
(-5, 1, 7), [1, -4, 27, 15, 675, -2500, 15625], 3.25.ae_bb_p, 31 
(-5, 1, 17), [1, -4, 37, -35, 925, -2500, 15625], 3.25.ae_bl_abj, 41 
(-5, 1, 18), [1, -4, 38, -40, 950, -2500, 15625], 3.25.ae_bm_abo, 42 
(-5, 1, 23), [1, -4, 43, -65, 1075, -2500, 15625], 3.25.ae_br_acn, 47 
(-5, 1, 27), [1, -4, 47, -85, 1175, -2500, 15625], 3.25.ae_bv_adh, 51 
(-5, 1, 29), [1, -4, 49, -95, 1225, -2500, 15625], 3.25.ae_bx_adr, 53 
(-2, -2, 45), [1, -4, 74, -190, 1850, -2500, 15625], 3.25.ae_cw_ahi, 45 
(10, -13, 81), [1, -3, -24, 160, -600, -1875, 15625], 3.25.ad_ay_ge, 12 
(10, -13, 84), [1, -3, -21, 190, -525, -1875, 15625], 3.25.ad_av_hi, 15 
(-10, 7, 28), [1, -3, -17, 70, -425, -1875, 15625], 3.25.ad_ar_cs, 79 
(10, -13, 88), [1, -3, -17, 230, -425, -1875, 15625], 3.25.ad_ar_iw, 19 
(-10, 7, 33), [1, -3, -12, 20, -300, -1875, 15625], 3.25.ad_am_u, 84 
(-10, 7, 36), [1, -3, -9, -10, -225, -1875, 15625], 3.25.ad_aj_ak, 87 
(-10, 7, 44), [1, -3, -1, -90, -25, -1875, 15625], 3.25.ad_ab_adm, 95 
(-10, 7, 48), [1, -3, 3, -130, 75, -1875, 15625], 3.25.ad_d_afa, 99 
(-10, 7, 51), [1, -3, 6, -160, 150, -1875, 15625], 3.25.ad_g_age, 102 
(-10, 7, 52), [1, -3, 7, -170, 175, -1875, 15625], 3.25.ad_h_ago, 103 
(3, -6, 20), [1, -3, 27, -240, 675, -1875, 15625], 3.25.ad_bb_ajg, -7 
(-5, 2, 12), [1, -3, 27, 40, 675, -1875, 15625], 3.25.ad_bb_bo, 33 
(-5, 2, 18), [1, -3, 33, 10, 825, -1875, 15625], 3.25.ad_bh_k, 39 
(-5, 2, 32), [1, -3, 47, -60, 1175, -1875, 15625], 3.25.ad_bv_aci, 53 
(-4, 1, 35), [1, -3, 56, -90, 1400, -1875, 15625], 3.25.ad_ce_adm, 50 
(-1, -2, 40), [1, -3, 67, -140, 1675, -1875, 15625], 3.25.ad_cp_afk, 37 
(-2, -1, 45), [1, -3, 72, -140, 1800, -1875, 15625], 3.25.ad_cu_afk, 48 
(10, -12, 74), [1, -2, -21, 140, -525, -1250, 15625], 3.25.ac_av_fk, 30 
(-5, 3, -19), [1, -2, -9, 245, -225, -1250, 15625], 3.25.ac_aj_jl, -3 
(-10, 8, 54), [1, -2, -1, -140, -25, -1250, 15625], 3.25.ac_ab_afk, 90 
(-5, 3, 6), [1, -2, 16, 120, 400, -1250, 15625], 3.25.ac_q_eq, 22 
(-5, 3, 7), [1, -2, 17, 115, 425, -1250, 15625], 3.25.ac_r_el, 23 
(-5, 3, 13), [1, -2, 23, 85, 575, -1250, 15625], 3.25.ac_x_dh, 29 
(-3, 1, 35), [1, -2, 57, -55, 1425, -1250, 15625], 3.25.ac_cf_acd, 43 
(-1, -1, 45), [1, -2, 71, -95, 1775, -1250, 15625], 3.25.ac_ct_adr, 45 
(-10, 9, 44), [1, -1, -21, 10, -525, -625, 15625], 3.25.ab_av_k, 63 
(-10, 9, 48), [1, -1, -17, -30, -425, -625, 15625], 3.25.ab_ar_abe, 67 
(-10, 9, 49), [1, -1, -16, -40, -400, -625, 15625], 3.25.ab_aq_abo, 68 
(10, -11, 72), [1, -1, -13, 170, -325, -625, 15625], 3.25.ab_an_go, 51 
(10, -11, 76), [1, -1, -9, 210, -225, -625, 15625], 3.25.ab_aj_ic, 55 
(-5, 4, -8), [1, -1, -3, 240, -75, -625, 15625], 3.25.ab_ad_jg, 1 
(-10, 9, 67), [1, -1, 2, -220, 50, -625, 15625], 3.25.ab_c_aim, 86 
(5, -6, 12), [1, -1, 7, -240, 175, -625, 15625], 3.25.ab_h_ajg, 1 
(-5, 4, 2), [1, -1, 7, 190, 175, -625, 15625], 3.25.ab_h_hi, 11 
(-5, 4, 8), [1, -1, 13, 160, 325, -625, 15625], 3.25.ab_n_ge, 17 
(-5, 4, 12), [1, -1, 17, 140, 425, -625, 15625], 3.25.ab_r_fk, 21 
(-4, 3, 20), [1, -1, 33, 70, 825, -625, 15625], 3.25.ab_bh_cs, 27 
(3, -4, 40), [1, -1, 53, -80, 1325, -625, 15625], 3.25.ab_cb_adc, 33 
(-3, 2, 40), [1, -1, 59, -20, 1475, -625, 15625], 3.25.ab_ch_au, 45 
(-10, 10, 54), [1, 0, -21, -40, -525, 0, 15625], 3.25.a_av_abo, 54 
(10, -10, 54), [1, 0, -21, 40, -525, 0, 15625], 3.25.a_av_bo, 54 
(-10, 10, 62), [1, 0, -13, -120, -325, 0, 15625], 3.25.a_an_aeq, 62 
(10, -10, 62), [1, 0, -13, 120, -325, 0, 15625], 3.25.a_an_eq, 62 
(5, -5, 2), [1, 0, 2, -240, 50, 0, 15625], 3.25.a_c_ajg, 2 
(-5, 5, 2), [1, 0, 2, 240, 50, 0, 15625], 3.25.a_c_jg, 2 
(5, -5, 3), [1, 0, 3, -235, 75, 0, 15625], 3.25.a_d_ajb, 3 
(-5, 5, 3), [1, 0, 3, 235, 75, 0, 15625], 3.25.a_d_jb, 3 
(5, -5, 7), [1, 0, 7, -215, 175, 0, 15625], 3.25.a_h_aih, 7 
(-5, 5, 7), [1, 0, 7, 215, 175, 0, 15625], 3.25.a_h_ih, 7 
(5, -5, 9), [1, 0, 9, -205, 225, 0, 15625], 3.25.a_j_ahx, 9 
(-5, 5, 9), [1, 0, 9, 205, 225, 0, 15625], 3.25.a_j_hx, 9 
(5, -5, 17), [1, 0, 17, -165, 425, 0, 15625], 3.25.a_r_agj, 17 
(-5, 5, 17), [1, 0, 17, 165, 425, 0, 15625], 3.25.a_r_gj, 17 
(3, -3, 35), [1, 0, 51, -45, 1275, 0, 15625], 3.25.a_bz_abt, 35 
(-3, 3, 35), [1, 0, 51, 45, 1275, 0, 15625], 3.25.a_bz_bt, 35 
(3, -3, 45), [1, 0, 61, -15, 1525, 0, 15625], 3.25.a_cj_ap, 45 
(-3, 3, 45), [1, 0, 61, 15, 1525, 0, 15625], 3.25.a_cj_p, 45 
(1, -1, 45), [1, 0, 69, -5, 1725, 0, 15625], 3.25.a_cr_af, 45 
(-1, 1, 45), [1, 0, 69, 5, 1725, 0, 15625], 3.25.a_cr_f, 45 
(10, -9, 44), [1, 1, -21, -10, -525, 625, 15625], 3.25.b_av_ak, 63 
(10, -9, 48), [1, 1, -17, 30, -425, 625, 15625], 3.25.b_ar_be, 67 
(10, -9, 49), [1, 1, -16, 40, -400, 625, 15625], 3.25.b_aq_bo, 68 
(-10, 11, 72), [1, 1, -13, -170, -325, 625, 15625], 3.25.b_an_ago, 51 
(-10, 11, 76), [1, 1, -9, -210, -225, 625, 15625], 3.25.b_aj_aic, 55 
(5, -4, -8), [1, 1, -3, -240, -75, 625, 15625], 3.25.b_ad_ajg, 1 
(10, -9, 67), [1, 1, 2, 220, 50, 625, 15625], 3.25.b_c_im, 86 
(5, -4, 2), [1, 1, 7, -190, 175, 625, 15625], 3.25.b_h_ahi, 11 
(-5, 6, 12), [1, 1, 7, 240, 175, 625, 15625], 3.25.b_h_jg, 1 
(5, -4, 8), [1, 1, 13, -160, 325, 625, 15625], 3.25.b_n_age, 17 
(5, -4, 12), [1, 1, 17, -140, 425, 625, 15625], 3.25.b_r_afk, 21 
(4, -3, 20), [1, 1, 33, -70, 825, 625, 15625], 3.25.b_bh_acs, 27 
(-3, 4, 40), [1, 1, 53, 80, 1325, 625, 15625], 3.25.b_cb_dc, 33 
(3, -2, 40), [1, 1, 59, 20, 1475, 625, 15625], 3.25.b_ch_u, 45 
(-10, 12, 74), [1, 2, -21, -140, -525, 1250, 15625], 3.25.c_av_afk, 30 
(5, -3, -19), [1, 2, -9, -245, -225, 1250, 15625], 3.25.c_aj_ajl, -3 
(10, -8, 54), [1, 2, -1, 140, -25, 1250, 15625], 3.25.c_ab_fk, 90 
(5, -3, 6), [1, 2, 16, -120, 400, 1250, 15625], 3.25.c_q_aeq, 22 
(5, -3, 7), [1, 2, 17, -115, 425, 1250, 15625], 3.25.c_r_ael, 23 
(5, -3, 13), [1, 2, 23, -85, 575, 1250, 15625], 3.25.c_x_adh, 29 
(3, -1, 35), [1, 2, 57, 55, 1425, 1250, 15625], 3.25.c_cf_cd, 43 
(1, 1, 45), [1, 2, 71, 95, 1775, 1250, 15625], 3.25.c_ct_dr, 45 
(-10, 13, 81), [1, 3, -24, -160, -600, 1875, 15625], 3.25.d_ay_age, 12 
(-10, 13, 84), [1, 3, -21, -190, -525, 1875, 15625], 3.25.d_av_ahi, 15 
(-10, 13, 88), [1, 3, -17, -230, -425, 1875, 15625], 3.25.d_ar_aiw, 19 
(10, -7, 28), [1, 3, -17, -70, -425, 1875, 15625], 3.25.d_ar_acs, 79 
(10, -7, 33), [1, 3, -12, -20, -300, 1875, 15625], 3.25.d_am_au, 84 
(10, -7, 36), [1, 3, -9, 10, -225, 1875, 15625], 3.25.d_aj_k, 87 
(10, -7, 44), [1, 3, -1, 90, -25, 1875, 15625], 3.25.d_ab_dm, 95 
(10, -7, 48), [1, 3, 3, 130, 75, 1875, 15625], 3.25.d_d_fa, 99 
(10, -7, 51), [1, 3, 6, 160, 150, 1875, 15625], 3.25.d_g_ge, 102 
(10, -7, 52), [1, 3, 7, 170, 175, 1875, 15625], 3.25.d_h_go, 103 
(5, -2, 12), [1, 3, 27, -40, 675, 1875, 15625], 3.25.d_bb_abo, 33 
(-3, 6, 20), [1, 3, 27, 240, 675, 1875, 15625], 3.25.d_bb_jg, -7 
(5, -2, 18), [1, 3, 33, -10, 825, 1875, 15625], 3.25.d_bh_ak, 39 
(5, -2, 32), [1, 3, 47, 60, 1175, 1875, 15625], 3.25.d_bv_ci, 53 
(4, -1, 35), [1, 3, 56, 90, 1400, 1875, 15625], 3.25.d_ce_dm, 50 
(1, 2, 40), [1, 3, 67, 140, 1675, 1875, 15625], 3.25.d_cp_fk, 37 
(2, 1, 45), [1, 3, 72, 140, 1800, 1875, 15625], 3.25.d_cu_fk, 48 
(-10, 14, 94), [1, 4, -21, -240, -525, 2500, 15625], 3.25.e_av_ajg, -2 
(10, -6, 14), [1, 4, -21, -160, -525, 2500, 15625], 3.25.e_av_age, 78 
(10, -6, 22), [1, 4, -13, -80, -325, 2500, 15625], 3.25.e_an_adc, 86 
(7, -3, -15), [1, 4, -11, -255, -275, 2500, 15625], 3.25.e_al_ajv, 25 
(7, -3, -10), [1, 4, -6, -220, -150, 2500, 15625], 3.25.e_ag_aim, 30 
(10, -6, 38), [1, 4, 3, 80, 75, 2500, 15625], 3.25.e_d_dc, 102 
(7, -3, 5), [1, 4, 9, -115, 225, 2500, 15625], 3.25.e_j_ael, 45 
(10, -6, 46), [1, 4, 11, 160, 275, 2500, 15625], 3.25.e_l_ge, 110 
(6, -2, 5), [1, 4, 18, -70, 450, 2500, 15625], 3.25.e_s_acs, 37 
(10, -6, 54), [1, 4, 19, 240, 475, 2500, 15625], 3.25.e_t_jg, 118 
(5, -1, 7), [1, 4, 27, -15, 675, 2500, 15625], 3.25.e_bb_ap, 31 
(5, -1, 17), [1, 4, 37, 35, 925, 2500, 15625], 3.25.e_bl_bj, 41 
(5, -1, 18), [1, 4, 38, 40, 950, 2500, 15625], 3.25.e_bm_bo, 42 
(5, -1, 23), [1, 4, 43, 65, 1075, 2500, 15625], 3.25.e_br_cn, 47 
(5, -1, 27), [1, 4, 47, 85, 1175, 2500, 15625], 3.25.e_bv_dh, 51 
(5, -1, 29), [1, 4, 49, 95, 1225, 2500, 15625], 3.25.e_bx_dr, 53 
(2, 2, 45), [1, 4, 74, 190, 1850, 2500, 15625], 3.25.e_cw_hi, 45 
(5, 0, -48), [1, 5, -23, -240, -575, 3125, 15625], 3.25.f_ax_ajg, -23 
(5, 0, -46), [1, 5, -21, -230, -525, 3125, 15625], 3.25.f_av_aiw, -21 
(10, -5, 4), [1, 5, -21, -210, -525, 3125, 15625], 3.25.f_av_aic, 79 
(10, -5, 16), [1, 5, -9, -90, -225, 3125, 15625], 3.25.f_aj_adm, 91 
(10, -5, 17), [1, 5, -8, -80, -200, 3125, 15625], 3.25.f_ai_adc, 92 
(5, 0, -32), [1, 5, -7, -160, -175, 3125, 15625], 3.25.f_ah_age, -7 
(10, -5, 24), [1, 5, -1, -10, -25, 3125, 15625], 3.25.f_ab_ak, 99 
(7, -2, -10), [1, 5, 1, -170, 25, 3125, 15625], 3.25.f_b_ago, 35 
(10, -5, 32), [1, 5, 7, 70, 175, 3125, 15625], 3.25.f_h_cs, 107 
(10, -5, 48), [1, 5, 23, 230, 575, 3125, 15625], 3.25.f_x_iw, 123 
(6, -1, 5), [1, 5, 24, -20, 600, 3125, 15625], 3.25.f_y_au, 40 
(10, -5, 52), [1, 5, 27, 270, 675, 3125, 15625], 3.25.f_bb_kk, 127 
(10, -5, 53), [1, 5, 28, 280, 700, 3125, 15625], 3.25.f_bc_ku, 128 
(6, -1, 10), [1, 5, 29, 10, 725, 3125, 15625], 3.25.f_bd_k, 45 
(-2, 7, 30), [1, 5, 41, 290, 1025, 3125, 15625], 3.25.f_bp_le, -15 
(-2, 7, 35), [1, 5, 46, 280, 1150, 3125, 15625], 3.25.f_bu_ku, -10 
(5, 0, 22), [1, 5, 47, 110, 1175, 3125, 15625], 3.25.f_bv_eg, 47 
(5, 0, 28), [1, 5, 53, 140, 1325, 3125, 15625], 3.25.f_cb_fk, 53 
(5, 0, 32), [1, 5, 57, 160, 1425, 3125, 15625], 3.25.f_cf_ge, 57 
(-1, 6, 40), [1, 5, 59, 260, 1475, 3125, 15625], 3.25.f_ch_ka, 5 
(4, 1, 35), [1, 5, 64, 190, 1600, 3125, 15625], 3.25.f_cm_hi, 50 
(4, 1, 40), [1, 5, 69, 210, 1725, 3125, 15625], 3.25.f_cr_ic, 55 
(4, 1, 45), [1, 5, 74, 230, 1850, 3125, 15625], 3.25.f_cw_iw, 60 
(10, -4, -9), [1, 6, -24, -290, -600, 3750, 15625], 3.25.g_ay_ale, 75 
(10, -4, -6), [1, 6, -21, -260, -525, 3750, 15625], 3.25.g_av_aka, 78 
(7, -1, -35), [1, 6, -17, -295, -425, 3750, 15625], 3.25.g_ar_alj, 13 
(7, -1, -15), [1, 6, 3, -155, 75, 3750, 15625], 3.25.g_d_afz, 33 
(10, -4, 42), [1, 6, 27, 220, 675, 3750, 15625], 3.25.g_bb_im, 126 
(5, 1, 27), [1, 6, 57, 185, 1425, 3750, 15625], 3.25.g_cf_hd, 51 
(5, 1, 33), [1, 6, 63, 215, 1575, 3750, 15625], 3.25.g_cl_ih, 57 
(-1, 7, 45), [1, 6, 63, 305, 1575, 3750, 15625], 3.25.g_cl_lt, -3 
(4, 2, 40), [1, 6, 73, 260, 1825, 3750, 15625], 3.25.g_cv_ka, 52 
(5, 1, 43), [1, 6, 73, 265, 1825, 3750, 15625], 3.25.g_cv_kf, 67 
(-1, 7, 55), [1, 6, 73, 295, 1825, 3750, 15625], 3.25.g_cv_lj, 7 
(3, 3, 45), [1, 6, 79, 285, 1975, 3750, 15625], 3.25.g_db_kz, 45 
(10, -3, -17), [1, 7, -22, -320, -550, 4375, 15625], 3.25.h_aw_ami, 74 
(10, -3, -12), [1, 7, -17, -270, -425, 4375, 15625], 3.25.h_ar_akk, 79 
(9, -2, -20), [1, 7, -13, -280, -325, 4375, 15625], 3.25.h_an_aku, 57 
(8, -1, -20), [1, 7, -3, -210, -75, 4375, 15625], 3.25.h_ad_aic, 43 
(10, -3, 4), [1, 7, -1, -110, -25, 4375, 15625], 3.25.h_ab_aeg, 95 
(10, -3, 8), [1, 7, 3, -70, 75, 4375, 15625], 3.25.h_d_acs, 99 
(10, -3, 12), [1, 7, 7, -30, 175, 4375, 15625], 3.25.h_h_abe, 103 
(10, -3, 19), [1, 7, 14, 40, 350, 4375, 15625], 3.25.h_o_bo, 110 
(10, -3, 24), [1, 7, 19, 90, 475, 4375, 15625], 3.25.h_t_dm, 115 
(10, -3, 36), [1, 7, 31, 210, 775, 4375, 15625], 3.25.h_bf_ic, 127 
(10, -3, 37), [1, 7, 32, 220, 800, 4375, 15625], 3.25.h_bg_im, 128 
(10, -3, 44), [1, 7, 39, 290, 975, 4375, 15625], 3.25.h_bn_le, 135 
(5, 2, 24), [1, 7, 59, 220, 1475, 4375, 15625], 3.25.h_ch_im, 45 
(5, 2, 32), [1, 7, 67, 260, 1675, 4375, 15625], 3.25.h_cp_ka, 53 
(5, 2, 38), [1, 7, 73, 290, 1825, 4375, 15625], 3.25.h_cv_le, 59 
(5, 2, 44), [1, 7, 79, 320, 1975, 4375, 15625], 3.25.h_db_mi, 65 
(5, 2, 48), [1, 7, 83, 340, 2075, 4375, 15625], 3.25.h_df_nc, 69 
(10, -2, -26), [1, 8, -21, -360, -525, 5000, 15625], 3.25.i_av_anw, 70 
(9, -1, -35), [1, 8, -19, -365, -475, 5000, 15625], 3.25.i_at_aob, 45 
(9, -1, -30), [1, 8, -14, -320, -350, 5000, 15625], 3.25.i_ao_ami, 50 
(10, -2, -18), [1, 8, -13, -280, -325, 5000, 15625], 3.25.i_an_aku, 78 
(10, -2, -16), [1, 8, -11, -260, -275, 5000, 15625], 3.25.i_al_aka, 80 
(10, -2, -2), [1, 8, 3, -120, 75, 5000, 15625], 3.25.i_d_aeq, 94 
(10, -2, 6), [1, 8, 11, -40, 275, 5000, 15625], 3.25.i_l_abo, 102 
(10, -2, 14), [1, 8, 19, 40, 475, 5000, 15625], 3.25.i_t_bo, 110 
(10, -2, 22), [1, 8, 27, 120, 675, 5000, 15625], 3.25.i_bb_eq, 118 
(7, 1, 5), [1, 8, 37, 85, 925, 5000, 15625], 3.25.i_bl_dh, 53 
(7, 1, 10), [1, 8, 42, 120, 1050, 5000, 15625], 3.25.i_bq_eq, 58 
(7, 1, 15), [1, 8, 47, 155, 1175, 5000, 15625], 3.25.i_bv_fz, 63 
(10, -2, 46), [1, 8, 51, 360, 1275, 5000, 15625], 3.25.i_bz_nw, 142 
(5, 3, 29), [1, 8, 69, 295, 1725, 5000, 15625], 3.25.i_cr_lj, 45 
(5, 3, 31), [1, 8, 71, 305, 1775, 5000, 15625], 3.25.i_ct_lt, 47 
(5, 3, 37), [1, 8, 77, 335, 1925, 5000, 15625], 3.25.i_cz_mx, 53 
(1, 7, 45), [1, 8, 77, 395, 1925, 5000, 15625], 3.25.i_cz_pf, -3 
(5, 3, 38), [1, 8, 78, 340, 1950, 5000, 15625], 3.25.i_da_nc, 54 
(-1, 9, 65), [1, 8, 81, 385, 2025, 5000, 15625], 3.25.i_dd_ov, -15 
(5, 3, 43), [1, 8, 83, 365, 2075, 5000, 15625], 3.25.i_df_ob, 59 
(10, -1, -36), [1, 9, -21, -410, -525, 5625, 15625], 3.25.j_av_apu, 63 
(10, -1, -33), [1, 9, -18, -380, -450, 5625, 15625], 3.25.j_as_aoq, 66 
(10, -1, -32), [1, 9, -17, -370, -425, 5625, 15625], 3.25.j_ar_aog, 67 
(8, 1, -35), [1, 9, -2, -230, -50, 5625, 15625], 3.25.j_ac_aiw, 28 
(10, -1, -16), [1, 9, -1, -210, -25, 5625, 15625], 3.25.j_ab_aic, 83 
(10, -1, -8), [1, 9, 7, -130, 175, 5625, 15625], 3.25.j_h_afa, 91 
(10, -1, -4), [1, 9, 11, -90, 275, 5625, 15625], 3.25.j_l_adm, 95 
(10, -1, 3), [1, 9, 18, -20, 450, 5625, 15625], 3.25.j_s_au, 102 
(8, 1, -10), [1, 9, 23, -30, 575, 5625, 15625], 3.25.j_x_abe, 53 
(10, -1, 16), [1, 9, 31, 110, 775, 5625, 15625], 3.25.j_bf_eg, 115 
(10, -1, 24), [1, 9, 39, 190, 975, 5625, 15625], 3.25.j_bn_hi, 123 
(10, -1, 28), [1, 9, 43, 230, 1075, 5625, 15625], 3.25.j_br_iw, 127 
(10, -1, 32), [1, 9, 47, 270, 1175, 5625, 15625], 3.25.j_bv_kk, 131 
(10, -1, 39), [1, 9, 54, 340, 1350, 5625, 15625], 3.25.j_cc_nc, 138 
(6, 3, 30), [1, 9, 73, 330, 1825, 5625, 15625], 3.25.j_cv_ms, 57 
(5, 4, 32), [1, 9, 77, 360, 1925, 5625, 15625], 3.25.j_cz_nw, 41 
(6, 3, 35), [1, 9, 78, 360, 1950, 5625, 15625], 3.25.j_da_nw, 62 
(5, 4, 42), [1, 9, 87, 410, 2175, 5625, 15625], 3.25.j_dj_pu, 51 
(5, 4, 48), [1, 9, 93, 440, 2325, 5625, 15625], 3.25.j_dp_qy, 57 
(1, 8, 60), [1, 9, 93, 460, 2325, 5625, 15625], 3.25.j_dp_rs, -3 
(5, 4, 52), [1, 9, 97, 460, 2425, 5625, 15625], 3.25.j_dt_rs, 61 
(10, 0, -42), [1, 10, -17, -420, -425, 6250, 15625], 3.25.k_ar_aqe, 58 
(10, 0, -41), [1, 10, -16, -410, -400, 6250, 15625], 3.25.k_aq_apu, 59 
(10, 0, -38), [1, 10, -13, -380, -325, 6250, 15625], 3.25.k_an_aoq, 62 
(9, 1, -35), [1, 10, -1, -265, -25, 6250, 15625], 3.25.k_ab_akf, 45 
(10, 0, -26), [1, 10, -1, -260, -25, 6250, 15625], 3.25.k_ab_aka, 74 
(10, 0, -23), [1, 10, 2, -230, 50, 6250, 15625], 3.25.k_c_aiw, 77 
(10, 0, -22), [1, 10, 3, -220, 75, 6250, 15625], 3.25.k_d_aim, 78 
(10, 0, -6), [1, 10, 19, -60, 475, 6250, 15625], 3.25.k_t_aci, 94 
(8, 2, -5), [1, 10, 36, 60, 900, 6250, 15625], 3.25.k_bk_ci, 55 
(8, 2, 5), [1, 10, 46, 140, 1150, 6250, 15625], 3.25.k_bu_fk, 65 
(5, 5, 1), [1, 10, 51, 255, 1275, 6250, 15625], 3.25.k_bz_jv, 1 
(10, 0, 38), [1, 10, 63, 380, 1575, 6250, 15625], 3.25.k_cl_oq, 138 
(1, 9, 55), [1, 10, 89, 505, 2225, 6250, 15625], 3.25.k_dl_tl, -25 
(7, 3, 45), [1, 10, 91, 465, 2275, 6250, 15625], 3.25.k_dn_rx, 85 
(5, 5, 46), [1, 10, 96, 480, 2400, 6250, 15625], 3.25.k_ds_sm, 46 
(2, 8, 55), [1, 10, 96, 510, 2400, 6250, 15625], 3.25.k_ds_tq, -5 
(5, 5, 47), [1, 10, 97, 485, 2425, 6250, 15625], 3.25.k_dt_sr, 47 
(5, 5, 53), [1, 10, 103, 515, 2575, 6250, 15625], 3.25.k_dz_tv, 53 
(10, 1, -36), [1, 11, -1, -310, -25, 6875, 15625], 3.25.l_ab_aly, 63 
(10, 1, -32), [1, 11, 3, -270, 75, 6875, 15625], 3.25.l_d_akk, 67 
(10, 1, -31), [1, 11, 4, -260, 100, 6875, 15625], 3.25.l_e_aka, 68 
(10, 1, -28), [1, 11, 7, -230, 175, 6875, 15625], 3.25.l_h_aiw, 71 
(10, 1, -24), [1, 11, 11, -190, 275, 6875, 15625], 3.25.l_l_ahi, 75 
(10, 1, -16), [1, 11, 19, -110, 475, 6875, 15625], 3.25.l_t_aeg, 83 
(10, 1, -13), [1, 11, 22, -80, 550, 6875, 15625], 3.25.l_w_adc, 86 
(9, 2, -20), [1, 11, 23, -80, 575, 6875, 15625], 3.25.l_x_adc, 57 
(10, 1, -12), [1, 11, 23, -70, 575, 6875, 15625], 3.25.l_x_acs, 87 
(9, 2, -10), [1, 11, 33, 10, 825, 6875, 15625], 3.25.l_bh_k, 67 
(10, 1, 4), [1, 11, 39, 90, 975, 6875, 15625], 3.25.l_bn_dm, 103 
(8, 3, -5), [1, 11, 44, 110, 1100, 6875, 15625], 3.25.l_bs_eg, 50 
(10, 1, 12), [1, 11, 47, 170, 1175, 6875, 15625], 3.25.l_bv_go, 111 
(10, 1, 16), [1, 11, 51, 210, 1275, 6875, 15625], 3.25.l_bz_ic, 115 
(10, 1, 23), [1, 11, 58, 280, 1450, 6875, 15625], 3.25.l_cg_ku, 122 
(10, 1, 28), [1, 11, 63, 330, 1575, 6875, 15625], 3.25.l_cl_ms, 127 
(10, 1, 36), [1, 11, 71, 410, 1775, 6875, 15625], 3.25.l_ct_pu, 135 
(7, 4, 40), [1, 11, 93, 480, 2325, 6875, 15625], 3.25.l_dp_sm, 73 
(5, 6, 52), [1, 11, 107, 560, 2675, 6875, 15625], 3.25.l_ed_vo, 41 
(4, 7, 55), [1, 11, 108, 570, 2700, 6875, 15625], 3.25.l_ee_vy, 22 
(3, 8, 60), [1, 11, 109, 580, 2725, 6875, 15625], 3.25.l_ef_wi, 5 
(10, 2, -26), [1, 12, 19, -160, 475, 7500, 15625], 3.25.m_t_age, 70 
(10, 2, -21), [1, 12, 24, -110, 600, 7500, 15625], 3.25.m_y_aeg, 75 
(10, 2, -18), [1, 12, 27, -80, 675, 7500, 15625], 3.25.m_bb_adc, 78 
(9, 3, -10), [1, 12, 42, 60, 1050, 7500, 15625], 3.25.m_bq_ci, 62 
(10, 2, -2), [1, 12, 43, 80, 1075, 7500, 15625], 3.25.m_br_dc, 94 
(8, 4, -5), [1, 12, 52, 160, 1300, 7500, 15625], 3.25.m_ca_ge, 43 
(9, 3, 5), [1, 12, 57, 195, 1425, 7500, 15625], 3.25.m_cf_hn, 77 
(10, 2, 14), [1, 12, 59, 240, 1475, 7500, 15625], 3.25.m_ch_jg, 110 
(10, 2, 22), [1, 12, 67, 320, 1675, 7500, 15625], 3.25.m_cp_mi, 118 
(8, 4, 15), [1, 12, 72, 320, 1800, 7500, 15625], 3.25.m_cu_mi, 63 
(8, 4, 20), [1, 12, 77, 360, 1925, 7500, 15625], 3.25.m_cz_nw, 68 
(10, 2, 38), [1, 12, 83, 480, 2075, 7500, 15625], 3.25.m_df_sm, 134 
(10, 2, 46), [1, 12, 91, 560, 2275, 7500, 15625], 3.25.m_dn_vo, 142 
(1, 11, 65), [1, 12, 101, 615, 2525, 7500, 15625], 3.25.m_dx_xr, -55 
(5, 7, 51), [1, 12, 111, 605, 2775, 7500, 15625], 3.25.m_eh_xh, 27 
(5, 7, 53), [1, 12, 113, 615, 2825, 7500, 15625], 3.25.m_ej_xr, 29 
(5, 7, 57), [1, 12, 117, 635, 2925, 7500, 15625], 3.25.m_en_yl, 33 
(3, 9, 65), [1, 12, 117, 645, 2925, 7500, 15625], 3.25.m_en_yv, -7 
(5, 7, 58), [1, 12, 118, 640, 2950, 7500, 15625], 3.25.m_eo_yq, 34 
(10, 3, -16), [1, 13, 39, -10, 975, 8125, 15625], 3.25.n_bn_ak, 75 
(10, 3, -12), [1, 13, 43, 30, 1075, 8125, 15625], 3.25.n_br_be, 79 
(10, 3, -11), [1, 13, 44, 40, 1100, 8125, 15625], 3.25.n_bs_bo, 80 
(10, 3, -8), [1, 13, 47, 70, 1175, 8125, 15625], 3.25.n_bv_cs, 83 
(10, 3, 4), [1, 13, 59, 190, 1475, 8125, 15625], 3.25.n_ch_hi, 95 
(10, 3, 7), [1, 13, 62, 220, 1550, 8125, 15625], 3.25.n_ck_im, 98 
(10, 3, 8), [1, 13, 63, 230, 1575, 8125, 15625], 3.25.n_cl_iw, 99 
(10, 3, 24), [1, 13, 79, 390, 1975, 8125, 15625], 3.25.n_db_pa, 115 
(10, 3, 36), [1, 13, 91, 510, 2275, 8125, 15625], 3.25.n_dn_tq, 127 
(10, 3, 43), [1, 13, 98, 580, 2450, 8125, 15625], 3.25.n_du_wi, 134 
(10, 3, 48), [1, 13, 103, 630, 2575, 8125, 15625], 3.25.n_dz_yg, 139 
(7, 6, 40), [1, 13, 107, 580, 2675, 8125, 15625], 3.25.n_ed_wi, 53 
(2, 11, 65), [1, 13, 112, 680, 2800, 8125, 15625], 3.25.n_ei_bae, -52 
(2, 11, 70), [1, 13, 117, 690, 2925, 8125, 15625], 3.25.n_en_bao, -47 
(5, 8, 56), [1, 13, 121, 680, 3025, 8125, 15625], 3.25.n_er_bae, 17 
(4, 9, 65), [1, 13, 126, 710, 3150, 8125, 15625], 3.25.n_ew_bbi, 0 
(10, 4, -6), [1, 14, 59, 140, 1475, 8750, 15625], 3.25.o_ch_fk, 78 
(10, 4, 8), [1, 14, 73, 280, 1825, 8750, 15625], 3.25.o_cv_ku, 92 
(10, 4, 42), [1, 14, 107, 620, 2675, 8750, 15625], 3.25.o_ed_xw, 126 
(5, 9, 41), [1, 14, 111, 655, 2775, 8750, 15625], 3.25.o_eh_zf, -15 
(5, 9, 43), [1, 14, 113, 665, 2825, 8750, 15625], 3.25.o_ej_zp, -13 
(5, 9, 46), [1, 14, 116, 680, 2900, 8750, 15625], 3.25.o_em_bae, -10 
(7, 7, 45), [1, 14, 119, 665, 2975, 8750, 15625], 3.25.o_ep_zp, 45 
(5, 9, 51), [1, 14, 121, 705, 3025, 8750, 15625], 3.25.o_er_bbd, -5 
(3, 11, 70), [1, 14, 128, 760, 3200, 8750, 15625], 3.25.o_ey_bdg, -42 
(5, 9, 62), [1, 14, 132, 760, 3300, 8750, 15625], 3.25.o_fc_bdg, 6 
(5, 9, 63), [1, 14, 133, 765, 3325, 8750, 15625], 3.25.o_fd_bdl, 7 
(5, 9, 66), [1, 14, 136, 780, 3400, 8750, 15625], 3.25.o_fg_bea, 10 
(5, 9, 67), [1, 14, 137, 785, 3425, 8750, 15625], 3.25.o_fh_bef, 11 
(10, 5, 4), [1, 15, 79, 290, 1975, 9375, 15625], 3.25.p_db_le, 79 
(10, 5, 8), [1, 15, 83, 330, 2075, 9375, 15625], 3.25.p_df_ms, 83 
(10, 5, 9), [1, 15, 84, 340, 2100, 9375, 15625], 3.25.p_dg_nc, 84 
(10, 5, 12), [1, 15, 87, 370, 2175, 9375, 15625], 3.25.p_dj_og, 87 
(9, 6, 20), [1, 15, 99, 480, 2475, 9375, 15625], 3.25.p_dv_sm, 65 
(10, 5, 24), [1, 15, 99, 490, 2475, 9375, 15625], 3.25.p_dv_sw, 99 
(10, 5, 27), [1, 15, 102, 520, 2550, 9375, 15625], 3.25.p_dy_ua, 102 
(10, 5, 28), [1, 15, 103, 530, 2575, 9375, 15625], 3.25.p_dz_uk, 103 
(8, 7, 40), [1, 15, 121, 670, 3025, 9375, 15625], 3.25.p_er_zu, 55 
(8, 7, 45), [1, 15, 126, 710, 3150, 9375, 15625], 3.25.p_ew_bbi, 60 
(10, 5, 52), [1, 15, 127, 770, 3175, 9375, 15625], 3.25.p_ex_bdq, 127 
(7, 8, 60), [1, 15, 141, 820, 3525, 9375, 15625], 3.25.p_fl_bfo, 45 
(6, 9, 65), [1, 15, 144, 840, 3600, 9375, 15625], 3.25.p_fo_bgi, 20 
(5, 10, 72), [1, 15, 147, 860, 3675, 9375, 15625], 3.25.p_fr_bhc, -3 
(10, 6, 14), [1, 16, 99, 440, 2475, 10000, 15625], 3.25.q_dv_qy, 78 
(10, 6, 22), [1, 16, 107, 520, 2675, 10000, 15625], 3.25.q_ed_ua, 86 
(9, 7, 30), [1, 16, 118, 620, 2950, 10000, 15625], 3.25.q_eo_xw, 62 
(9, 7, 35), [1, 16, 123, 665, 3075, 10000, 15625], 3.25.q_et_zp, 67 
(10, 6, 38), [1, 16, 123, 680, 3075, 10000, 15625], 3.25.q_et_bae, 102 
(8, 8, 45), [1, 16, 134, 760, 3350, 10000, 15625], 3.25.q_fe_bdg, 45 
(10, 6, 54), [1, 16, 139, 840, 3475, 10000, 15625], 3.25.q_fj_bgi, 118 
(5, 11, 61), [1, 16, 141, 855, 3525, 10000, 15625], 3.25.q_fl_bgx, -35 
(5, 11, 67), [1, 16, 147, 885, 3675, 10000, 15625], 3.25.q_fr_bib, -29 
(5, 11, 71), [1, 16, 151, 905, 3775, 10000, 15625], 3.25.q_fv_biv, -25 
(5, 11, 77), [1, 16, 157, 935, 3925, 10000, 15625], 3.25.q_gb_bjz, -19 
(10, 7, 24), [1, 17, 119, 590, 2975, 10625, 15625], 3.25.r_ep_ws, 75 
(10, 7, 28), [1, 17, 123, 630, 3075, 10625, 15625], 3.25.r_et_yg, 79 
(10, 7, 29), [1, 17, 124, 640, 3100, 10625, 15625], 3.25.r_eu_yq, 80 
(10, 7, 44), [1, 17, 139, 790, 3475, 10625, 15625], 3.25.r_fj_bek, 95 
(10, 7, 47), [1, 17, 142, 820, 3550, 10625, 15625], 3.25.r_fm_bfo, 98 
(10, 7, 48), [1, 17, 143, 830, 3575, 10625, 15625], 3.25.r_fn_bfy, 99 
(8, 9, 55), [1, 17, 152, 890, 3800, 10625, 15625], 3.25.r_fw_big, 38 
(8, 9, 60), [1, 17, 157, 930, 3925, 10625, 15625], 3.25.r_gb_bju, 43 
(5, 12, 72), [1, 17, 157, 960, 3925, 10625, 15625], 3.25.r_gb_bky, -47 
(5, 12, 74), [1, 17, 159, 970, 3975, 10625, 15625], 3.25.r_gd_bli, -45 
(6, 11, 70), [1, 17, 161, 970, 4025, 10625, 15625], 3.25.r_gf_bli, -15 
(5, 12, 78), [1, 17, 163, 990, 4075, 10625, 15625], 3.25.r_gh_bmc, -41 
(9, 9, 45), [1, 18, 151, 855, 3775, 11250, 15625], 3.25.s_fv_bgx, 45 
(10, 8, 54), [1, 18, 159, 940, 3975, 11250, 15625], 3.25.s_gd_bke, 90 
(9, 9, 55), [1, 18, 161, 945, 4025, 11250, 15625], 3.25.s_gf_bkj, 55 
(7, 11, 65), [1, 18, 167, 1005, 4175, 11250, 15625], 3.25.s_gl_bmr, -7 
(5, 13, 81), [1, 18, 171, 1055, 4275, 11250, 15625], 3.25.s_gp_bop, -63 
(5, 13, 87), [1, 18, 177, 1085, 4425, 11250, 15625], 3.25.s_gv_bpt, -57 
(10, 9, 44), [1, 19, 159, 890, 3975, 11875, 15625], 3.25.t_gd_big, 63 
(10, 9, 48), [1, 19, 163, 930, 4075, 11875, 15625], 3.25.t_gh_bju, 67 
(10, 9, 49), [1, 19, 164, 940, 4100, 11875, 15625], 3.25.t_gi_bke, 68 
(10, 9, 52), [1, 19, 167, 970, 4175, 11875, 15625], 3.25.t_gl_bli, 71 
(8, 11, 65), [1, 19, 178, 1070, 4450, 11875, 15625], 3.25.t_gw_bpe, 8 
(10, 9, 67), [1, 19, 182, 1120, 4550, 11875, 15625], 3.25.t_ha_brc, 86 
(8, 11, 70), [1, 19, 183, 1110, 4575, 11875, 15625], 3.25.t_hb_bqs, 13 
(5, 14, 92), [1, 19, 187, 1160, 4675, 11875, 15625], 3.25.t_hf_bsq, -79 
(6, 13, 85), [1, 19, 188, 1160, 4700, 11875, 15625], 3.25.t_hg_bsq, -48 
(10, 10, 54), [1, 20, 179, 1040, 4475, 12500, 15625], 3.25.u_gx_boa, 54 
(10, 10, 58), [1, 20, 183, 1080, 4575, 12500, 15625], 3.25.u_hb_bpo, 58 
(10, 10, 62), [1, 20, 187, 1120, 4675, 12500, 15625], 3.25.u_hf_brc, 62 
(9, 11, 65), [1, 20, 189, 1135, 4725, 12500, 15625], 3.25.u_hh_brr, 25 
(10, 10, 68), [1, 20, 193, 1180, 4825, 12500, 15625], 3.25.u_hl_btk, 68 
(9, 11, 70), [1, 20, 194, 1180, 4850, 12500, 15625], 3.25.u_hm_btk, 30 
(5, 15, 102), [1, 20, 202, 1260, 5050, 12500, 15625], 3.25.u_hu_bwm, -98 
(5, 15, 103), [1, 20, 203, 1265, 5075, 12500, 15625], 3.25.u_hv_bwr, -97 
(10, 11, 64), [1, 21, 199, 1190, 4975, 13125, 15625], 3.25.v_hr_btu, 43 
(10, 11, 69), [1, 21, 204, 1240, 5100, 13125, 15625], 3.25.v_hw_bvs, 48 
(10, 11, 72), [1, 21, 207, 1270, 5175, 13125, 15625], 3.25.v_hz_bww, 51 
(8, 13, 85), [1, 21, 214, 1330, 5350, 13125, 15625], 3.25.v_ig_bze, -20 
(10, 12, 74), [1, 22, 219, 1340, 5475, 13750, 15625], 3.25.w_il_bzo, 30 
(10, 12, 79), [1, 22, 224, 1390, 5600, 13750, 15625], 3.25.w_iq_cbm, 35 
(5, 17, 121), [1, 22, 231, 1455, 5775, 13750, 15625], 3.25.w_ix_cdz, -143 
(10, 13, 84), [1, 23, 239, 1490, 5975, 14375, 15625], 3.25.x_jf_cfi, 15 
(10, 13, 88), [1, 23, 243, 1530, 6075, 14375, 15625], 3.25.x_jj_cgw, 19 
(10, 13, 89), [1, 23, 244, 1540, 6100, 14375, 15625], 3.25.x_jk_chg, 20 
(10, 14, 94), [1, 24, 259, 1640, 6475, 15000, 15625], 3.25.y_jz_clc, -2 
