(-6, -12, 68), [1, -18, 157, -816, 2669, -5202, 4913], 3.17.as_gb_abfk, -40 
(-8, -9, 51), [1, -17, 140, -714, 2380, -4913, 4913], 3.17.ar_fk_abbm, 34 
(-7, -9, 51), [1, -16, 131, -663, 2227, -4624, 4913], 3.17.aq_fb_azn, 19 
(-3, -12, 68), [1, -15, 121, -612, 2057, -4335, 4913], 3.17.ap_er_axo, -67 
(-4, -10, 51), [1, -14, 108, -544, 1836, -4046, 4913], 3.17.ao_ee_auy, -33 
(-5, -9, 51), [1, -14, 113, -561, 1921, -4046, 4913], 3.17.ao_ej_avp, -5 
(-4, -9, 51), [1, -13, 104, -510, 1768, -3757, 4913], 3.17.an_ea_atq, -14 
(-7, -5, 17), [1, -12, 69, -289, 1173, -3468, 4913], 3.17.am_cr_ald, 41 
(-2, -9, 51), [1, -11, 86, -408, 1462, -3179, 4913], 3.17.al_di_aps, -26 
(-8, -2, -17), [1, -10, 16, 68, 272, -2890, 4913], 3.17.ak_q_cq, 43 
(-7, -3, 0), [1, -10, 38, -102, 646, -2890, 4913], 3.17.ak_bm_ady, 40 
(-1, -9, 51), [1, -10, 77, -357, 1309, -2890, 4913], 3.17.ak_cz_ant, -29 
(-8, 2, -17), [1, -6, -16, 204, -272, -1734, 4913], 3.17.ag_aq_hw, 43 
(-7, 1, -17), [1, -6, -7, 153, -119, -1734, 4913], 3.17.ag_ah_fx, 31 
(-5, -1, 17), [1, -6, 39, -119, 663, -1734, 4913], 3.17.ag_bn_aep, 41 
(-6, 2, -17), [1, -4, -12, 170, -204, -1156, 4913], 3.17.ae_am_go, 15 
(2, -5, 17), [1, -3, 24, -136, 408, -867, 4913], 3.17.ad_y_afg, -4 
(-4, 1, 17), [1, -3, 30, -34, 510, -867, 4913], 3.17.ad_be_abi, 32 
(-5, 4, 0), [1, -1, -3, 136, -51, -289, 4913], 3.17.ab_ad_fg, 9 
(0, 0, -33), [1, 0, -16, 0, -272, 0, 4913], 3.17.a_aq_a, -33 
(0, 0, -25), [1, 0, -8, 0, -136, 0, 4913], 3.17.a_ai_a, -25 
(4, -4, 0), [1, 0, 1, -136, 17, 0, 4913], 3.17.a_b_afg, 0 
(-4, 4, 0), [1, 0, 1, 136, 17, 0, 4913], 3.17.a_b_fg, 0 
(0, 0, -9), [1, 0, 8, 0, 136, 0, 4913], 3.17.a_i_a, -9 
(0, 0, 15), [1, 0, 32, 0, 544, 0, 4913], 3.17.a_bg_a, 15 
(0, 0, 27), [1, 0, 44, 0, 748, 0, 4913], 3.17.a_bs_a, 27 
(0, 0, 31), [1, 0, 48, 0, 816, 0, 4913], 3.17.a_bw_a, 31 
(5, -4, 0), [1, 1, -3, -136, -51, 289, 4913], 3.17.b_ad_afg, 9 
(-2, 5, 17), [1, 3, 24, 136, 408, 867, 4913], 3.17.d_y_fg, -4 
(4, -1, 17), [1, 3, 30, 34, 510, 867, 4913], 3.17.d_be_bi, 32 
(6, -2, -17), [1, 4, -12, -170, -204, 1156, 4913], 3.17.e_am_ago, 15 
(8, -2, -17), [1, 6, -16, -204, -272, 1734, 4913], 3.17.g_aq_ahw, 43 
(7, -1, -17), [1, 6, -7, -153, -119, 1734, 4913], 3.17.g_ah_afx, 31 
(5, 1, 17), [1, 6, 39, 119, 663, 1734, 4913], 3.17.g_bn_ep, 41 
(8, 2, -17), [1, 10, 16, -68, 272, 2890, 4913], 3.17.k_q_acq, 43 
(7, 3, 0), [1, 10, 38, 102, 646, 2890, 4913], 3.17.k_bm_dy, 40 
(1, 9, 51), [1, 10, 77, 357, 1309, 2890, 4913], 3.17.k_cz_nt, -29 
(2, 9, 51), [1, 11, 86, 408, 1462, 3179, 4913], 3.17.l_di_ps, -26 
(7, 5, 17), [1, 12, 69, 289, 1173, 3468, 4913], 3.17.m_cr_ld, 41 
(4, 9, 51), [1, 13, 104, 510, 1768, 3757, 4913], 3.17.n_ea_tq, -14 
(4, 10, 51), [1, 14, 108, 544, 1836, 4046, 4913], 3.17.o_ee_uy, -33 
(5, 9, 51), [1, 14, 113, 561, 1921, 4046, 4913], 3.17.o_ej_vp, -5 
(3, 12, 68), [1, 15, 121, 612, 2057, 4335, 4913], 3.17.p_er_xo, -67 
(7, 9, 51), [1, 16, 131, 663, 2227, 4624, 4913], 3.17.q_fb_zn, 19 
(8, 9, 51), [1, 17, 140, 714, 2380, 4913, 4913], 3.17.r_fk_bbm, 34 
(6, 12, 68), [1, 18, 157, 816, 2669, 5202, 4913], 3.17.s_gb_bfk, -40 
