(-5, -3, 7), [1, -8, 29, -77, 203, -392, 343], 3.7.ai_bd_acz, 23 
(-4, -3, 7), [1, -7, 26, -70, 182, -343, 343], 3.7.ah_ba_acs, 14 
(-4, -1, 0), [1, -5, 11, -14, 77, -245, 343], 3.7.af_l_ao, 15 
(-5, 1, -7), [1, -4, -5, 49, -35, -196, 343], 3.7.ae_af_bx, 17 
(0, -4, 16), [1, -4, 23, -56, 161, -196, 343], 3.7.ae_x_ace, 0 
(-3, 1, -7), [1, -2, -3, 35, -21, -98, 343], 3.7.ac_ad_bj, 1 
(1, -3, 7), [1, -2, 11, -35, 77, -98, 343], 3.7.ac_l_abj, -1 
(0, -2, 12), [1, -2, 19, -28, 133, -98, 343], 3.7.ac_t_abc, 8 
(2, -3, 7), [1, -1, 8, -28, 56, -49, 343], 3.7.ab_i_abc, 2 
(0, 0, -13), [1, 0, -6, 0, -42, 0, 343], 3.7.a_ag_a, -13 
(0, 0, 11), [1, 0, 18, 0, 126, 0, 343], 3.7.a_s_a, 11 
(0, 0, 12), [1, 0, 19, 0, 133, 0, 343], 3.7.a_t_a, 12 
(-2, 3, 7), [1, 1, 8, 28, 56, 49, 343], 3.7.b_i_bc, 2 
(3, -1, -7), [1, 2, -3, -35, -21, 98, 343], 3.7.c_ad_abj, 1 
(-1, 3, 7), [1, 2, 11, 35, 77, 98, 343], 3.7.c_l_bj, -1 
(0, 2, 12), [1, 2, 19, 28, 133, 98, 343], 3.7.c_t_bc, 8 
(5, -1, -7), [1, 4, -5, -49, -35, 196, 343], 3.7.e_af_abx, 17 
(0, 4, 16), [1, 4, 23, 56, 161, 196, 343], 3.7.e_x_ce, 0 
(4, 1, 0), [1, 5, 11, 14, 77, 245, 343], 3.7.f_l_o, 15 
(4, 3, 7), [1, 7, 26, 70, 182, 343, 343], 3.7.h_ba_cs, 14 
(5, 3, 7), [1, 8, 29, 77, 203, 392, 343], 3.7.i_bd_cz, 23 
