(0, -7, 25), [1, -7, 32, -98, 224, -343, 343], 3.7.ah_bg_adu, -24 
(-5, -1, 0), [1, -6, 12, -14, 84, -294, 343], 3.7.ag_m_ao, 24 
(-4, -2, 0), [1, -6, 15, -28, 105, -294, 343], 3.7.ag_p_abc, 12 
(-5, -1, 7), [1, -6, 19, -49, 133, -294, 343], 3.7.ag_t_abx, 31 
(-3, -3, 7), [1, -6, 23, -63, 161, -294, 343], 3.7.ag_x_acl, 7 
(0, -6, 18), [1, -6, 25, -84, 175, -294, 343], 3.7.ag_z_adg, -18 
(0, -6, 20), [1, -6, 27, -84, 189, -294, 343], 3.7.ag_bb_adg, -16 
(-4, -1, -7), [1, -5, 4, 14, 28, -245, 343], 3.7.af_e_o, 8 
(-3, -2, 0), [1, -5, 13, -28, 91, -245, 343], 3.7.af_n_abc, 5 
(-4, -1, 7), [1, -5, 18, -42, 126, -245, 343], 3.7.af_s_abq, 22 
(-2, -3, 7), [1, -5, 20, -56, 140, -245, 343], 3.7.af_u_ace, 2 
(0, -5, 19), [1, -5, 26, -70, 182, -245, 343], 3.7.af_ba_acs, -6 
(-5, 1, 0), [1, -4, 2, 14, 14, -196, 343], 3.7.ae_c_o, 24 
(-3, -1, -7), [1, -4, 3, 7, 21, -196, 343], 3.7.ae_d_h, 1 
(-5, 1, 7), [1, -4, 9, -21, 63, -196, 343], 3.7.ae_j_av, 31 
(-3, -1, 0), [1, -4, 10, -14, 70, -196, 343], 3.7.ae_k_ao, 8 
(-2, -2, 0), [1, -4, 11, -28, 77, -196, 343], 3.7.ae_l_abc, 0 
(0, -4, 8), [1, -4, 15, -56, 105, -196, 343], 3.7.ae_p_ace, -8 
(2, -6, 21), [1, -4, 16, -42, 112, -196, 343], 3.7.ae_q_abq, -11 
(0, -4, 10), [1, -4, 17, -56, 119, -196, 343], 3.7.ae_r_ace, -6 
(-1, -3, 7), [1, -4, 17, -49, 119, -196, 343], 3.7.ae_r_abx, -1 
(0, -4, 11), [1, -4, 18, -56, 126, -196, 343], 3.7.ae_s_ace, -5 
(-2, -2, 7), [1, -4, 18, -42, 126, -196, 343], 3.7.ae_s_abq, 7 
(0, -4, 12), [1, -4, 19, -56, 133, -196, 343], 3.7.ae_t_ace, -4 
(-5, 2, 0), [1, -3, -3, 28, -21, -147, 343], 3.7.ad_ad_bc, 21 
(-2, -1, -7), [1, -3, 2, 0, 14, -147, 343], 3.7.ad_c_a, -4 
(-4, 1, 0), [1, -3, 3, 14, 21, -147, 343], 3.7.ad_d_o, 15 
(0, -3, 2), [1, -3, 9, -42, 63, -147, 343], 3.7.ad_j_abq, -7 
(-1, -2, 0), [1, -3, 9, -28, 63, -147, 343], 3.7.ad_j_abc, -3 
(-2, -1, 0), [1, -3, 9, -14, 63, -147, 343], 3.7.ad_j_ao, 3 
(0, -3, 3), [1, -3, 10, -42, 70, -147, 343], 3.7.ad_k_abq, -6 
(-4, 1, 7), [1, -3, 10, -14, 70, -147, 343], 3.7.ad_k_ao, 22 
(0, -3, 5), [1, -3, 12, -42, 84, -147, 343], 3.7.ad_m_abq, -4 
(0, -3, 6), [1, -3, 13, -42, 91, -147, 343], 3.7.ad_n_abq, -3 
(0, -3, 8), [1, -3, 15, -42, 105, -147, 343], 3.7.ad_p_abq, -1 
(0, -3, 9), [1, -3, 16, -42, 112, -147, 343], 3.7.ad_q_abq, 0 
(-2, -1, 7), [1, -3, 16, -28, 112, -147, 343], 3.7.ad_q_abc, 10 
(-5, 3, 7), [1, -2, -1, 7, -7, -98, 343], 3.7.ac_ab_h, 23 
(-4, 2, 0), [1, -2, -1, 28, -7, -98, 343], 3.7.ac_ab_bc, 12 
(-1, -1, -7), [1, -2, 1, -7, 7, -98, 343], 3.7.ac_b_ah, -7 
(0, -2, -3), [1, -2, 4, -28, 28, -98, 343], 3.7.ac_e_abc, -7 
(4, -6, 21), [1, -2, 4, 0, 28, -98, 343], 3.7.ac_e_a, 1 
(-3, 1, 0), [1, -2, 4, 14, 28, -98, 343], 3.7.ac_e_o, 8 
(0, -2, -2), [1, -2, 5, -28, 35, -98, 343], 3.7.ac_f_abc, -6 
(-4, 2, 7), [1, -2, 6, 0, 42, -98, 343], 3.7.ac_g_a, 19 
(0, -2, 1), [1, -2, 8, -28, 56, -98, 343], 3.7.ac_i_abc, -3 
(-1, -1, 0), [1, -2, 8, -14, 56, -98, 343], 3.7.ac_i_ao, 0 
(0, -2, 2), [1, -2, 9, -28, 63, -98, 343], 3.7.ac_j_abc, -2 
(0, -2, 3), [1, -2, 10, -28, 70, -98, 343], 3.7.ac_k_abc, -1 
(0, -2, 4), [1, -2, 11, -28, 77, -98, 343], 3.7.ac_l_abc, 0 
(-3, 1, 7), [1, -2, 11, -7, 77, -98, 343], 3.7.ac_l_ah, 15 
(0, -2, 5), [1, -2, 12, -28, 84, -98, 343], 3.7.ac_m_abc, 1 
(0, -2, 8), [1, -2, 15, -28, 105, -98, 343], 3.7.ac_p_abc, 4 
(-1, -1, 7), [1, -2, 15, -21, 105, -98, 343], 3.7.ac_p_av, 7 
(0, -2, 9), [1, -2, 16, -28, 112, -98, 343], 3.7.ac_q_abc, 5 
(0, -2, 10), [1, -2, 17, -28, 119, -98, 343], 3.7.ac_r_abc, 6 
(-2, 1, -7), [1, -1, -2, 28, -14, -49, 343], 3.7.ab_ac_bc, -4 
(0, -1, -8), [1, -1, -1, -14, -7, -49, 343], 3.7.ab_ab_ao, -9 
(0, -1, -5), [1, -1, 2, -14, 14, -49, 343], 3.7.ab_c_ao, -6 
(-4, 3, 7), [1, -1, 2, 14, 14, -49, 343], 3.7.ab_c_o, 14 
(0, -1, -4), [1, -1, 3, -14, 21, -49, 343], 3.7.ab_d_ao, -5 
(0, -1, -3), [1, -1, 4, -14, 28, -49, 343], 3.7.ab_e_ao, -4 
(1, -2, 0), [1, -1, 5, -28, 35, -49, 343], 3.7.ab_f_abc, -3 
(0, -1, -2), [1, -1, 5, -14, 35, -49, 343], 3.7.ab_f_ao, -3 
(-2, 1, 0), [1, -1, 5, 14, 35, -49, 343], 3.7.ab_f_o, 3 
(0, -1, -1), [1, -1, 6, -14, 42, -49, 343], 3.7.ab_g_ao, -2 
(0, -1, 1), [1, -1, 8, -14, 56, -49, 343], 3.7.ab_i_ao, 0 
(0, -1, 3), [1, -1, 10, -14, 70, -49, 343], 3.7.ab_k_ao, 2 
(0, -1, 4), [1, -1, 11, -14, 77, -49, 343], 3.7.ab_l_ao, 3 
(0, -1, 5), [1, -1, 12, -14, 84, -49, 343], 3.7.ab_m_ao, 4 
(0, -1, 6), [1, -1, 13, -14, 91, -49, 343], 3.7.ab_n_ao, 5 
(0, -1, 9), [1, -1, 16, -14, 112, -49, 343], 3.7.ab_q_ao, 8 
(0, -1, 10), [1, -1, 17, -14, 119, -49, 343], 3.7.ab_r_ao, 9 
(0, 0, -12), [1, 0, -5, 0, -35, 0, 343], 3.7.a_af_a, -12 
(0, 0, -10), [1, 0, -3, 0, -21, 0, 343], 3.7.a_ad_a, -10 
(0, 0, -9), [1, 0, -2, 0, -14, 0, 343], 3.7.a_ac_a, -9 
(1, -1, -7), [1, 0, -1, -21, -7, 0, 343], 3.7.a_ab_av, -7 
(0, 0, -8), [1, 0, -1, 0, -7, 0, 343], 3.7.a_ab_a, -8 
(-1, 1, -7), [1, 0, -1, 21, -7, 0, 343], 3.7.a_ab_v, -7 
(0, 0, -6), [1, 0, 1, 0, 7, 0, 343], 3.7.a_b_a, -6 
(0, 0, -5), [1, 0, 2, 0, 14, 0, 343], 3.7.a_c_a, -5 
(2, -2, 0), [1, 0, 3, -28, 21, 0, 343], 3.7.a_d_abc, 0 
(0, 0, -4), [1, 0, 3, 0, 21, 0, 343], 3.7.a_d_a, -4 
(-2, 2, 0), [1, 0, 3, 28, 21, 0, 343], 3.7.a_d_bc, 0 
(0, 0, -3), [1, 0, 4, 0, 28, 0, 343], 3.7.a_e_a, -3 
(3, -3, 7), [1, 0, 5, -21, 35, 0, 343], 3.7.a_f_av, 7 
(-3, 3, 7), [1, 0, 5, 21, 35, 0, 343], 3.7.a_f_v, 7 
(1, -1, 0), [1, 0, 6, -14, 42, 0, 343], 3.7.a_g_ao, 0 
(0, 0, -1), [1, 0, 6, 0, 42, 0, 343], 3.7.a_g_a, -1 
(-1, 1, 0), [1, 0, 6, 14, 42, 0, 343], 3.7.a_g_o, 0 
(0, 0, 1), [1, 0, 8, 0, 56, 0, 343], 3.7.a_i_a, 1 
(0, 0, 2), [1, 0, 9, 0, 63, 0, 343], 3.7.a_j_a, 2 
(0, 0, 3), [1, 0, 10, 0, 70, 0, 343], 3.7.a_k_a, 3 
(0, 0, 4), [1, 0, 11, 0, 77, 0, 343], 3.7.a_l_a, 4 
(1, -1, 7), [1, 0, 13, -7, 91, 0, 343], 3.7.a_n_ah, 7 
(0, 0, 6), [1, 0, 13, 0, 91, 0, 343], 3.7.a_n_a, 6 
(-1, 1, 7), [1, 0, 13, 7, 91, 0, 343], 3.7.a_n_h, 7 
(0, 0, 8), [1, 0, 15, 0, 105, 0, 343], 3.7.a_p_a, 8 
(0, 0, 9), [1, 0, 16, 0, 112, 0, 343], 3.7.a_q_a, 9 
(2, -1, -7), [1, 1, -2, -28, -14, 49, 343], 3.7.b_ac_abc, -4 
(0, 1, -8), [1, 1, -1, 14, -7, 49, 343], 3.7.b_ab_o, -9 
(4, -3, 7), [1, 1, 2, -14, 14, 49, 343], 3.7.b_c_ao, 14 
(0, 1, -5), [1, 1, 2, 14, 14, 49, 343], 3.7.b_c_o, -6 
(0, 1, -4), [1, 1, 3, 14, 21, 49, 343], 3.7.b_d_o, -5 
(0, 1, -3), [1, 1, 4, 14, 28, 49, 343], 3.7.b_e_o, -4 
(2, -1, 0), [1, 1, 5, -14, 35, 49, 343], 3.7.b_f_ao, 3 
(0, 1, -2), [1, 1, 5, 14, 35, 49, 343], 3.7.b_f_o, -3 
(-1, 2, 0), [1, 1, 5, 28, 35, 49, 343], 3.7.b_f_bc, -3 
(0, 1, -1), [1, 1, 6, 14, 42, 49, 343], 3.7.b_g_o, -2 
(0, 1, 1), [1, 1, 8, 14, 56, 49, 343], 3.7.b_i_o, 0 
(0, 1, 3), [1, 1, 10, 14, 70, 49, 343], 3.7.b_k_o, 2 
(0, 1, 4), [1, 1, 11, 14, 77, 49, 343], 3.7.b_l_o, 3 
(0, 1, 5), [1, 1, 12, 14, 84, 49, 343], 3.7.b_m_o, 4 
(0, 1, 6), [1, 1, 13, 14, 91, 49, 343], 3.7.b_n_o, 5 
(0, 1, 9), [1, 1, 16, 14, 112, 49, 343], 3.7.b_q_o, 8 
(0, 1, 10), [1, 1, 17, 14, 119, 49, 343], 3.7.b_r_o, 9 
(4, -2, 0), [1, 2, -1, -28, -7, 98, 343], 3.7.c_ab_abc, 12 
(5, -3, 7), [1, 2, -1, -7, -7, 98, 343], 3.7.c_ab_ah, 23 
(1, 1, -7), [1, 2, 1, 7, 7, 98, 343], 3.7.c_b_h, -7 
(3, -1, 0), [1, 2, 4, -14, 28, 98, 343], 3.7.c_e_ao, 8 
(-4, 6, 21), [1, 2, 4, 0, 28, 98, 343], 3.7.c_e_a, 1 
(0, 2, -3), [1, 2, 4, 28, 28, 98, 343], 3.7.c_e_bc, -7 
(0, 2, -2), [1, 2, 5, 28, 35, 98, 343], 3.7.c_f_bc, -6 
(4, -2, 7), [1, 2, 6, 0, 42, 98, 343], 3.7.c_g_a, 19 
(1, 1, 0), [1, 2, 8, 14, 56, 98, 343], 3.7.c_i_o, 0 
(0, 2, 1), [1, 2, 8, 28, 56, 98, 343], 3.7.c_i_bc, -3 
(0, 2, 2), [1, 2, 9, 28, 63, 98, 343], 3.7.c_j_bc, -2 
(0, 2, 3), [1, 2, 10, 28, 70, 98, 343], 3.7.c_k_bc, -1 
(3, -1, 7), [1, 2, 11, 7, 77, 98, 343], 3.7.c_l_h, 15 
(0, 2, 4), [1, 2, 11, 28, 77, 98, 343], 3.7.c_l_bc, 0 
(0, 2, 5), [1, 2, 12, 28, 84, 98, 343], 3.7.c_m_bc, 1 
(1, 1, 7), [1, 2, 15, 21, 105, 98, 343], 3.7.c_p_v, 7 
(0, 2, 8), [1, 2, 15, 28, 105, 98, 343], 3.7.c_p_bc, 4 
(0, 2, 9), [1, 2, 16, 28, 112, 98, 343], 3.7.c_q_bc, 5 
(0, 2, 10), [1, 2, 17, 28, 119, 98, 343], 3.7.c_r_bc, 6 
(5, -2, 0), [1, 3, -3, -28, -21, 147, 343], 3.7.d_ad_abc, 21 
(2, 1, -7), [1, 3, 2, 0, 14, 147, 343], 3.7.d_c_a, -4 
(4, -1, 0), [1, 3, 3, -14, 21, 147, 343], 3.7.d_d_ao, 15 
(2, 1, 0), [1, 3, 9, 14, 63, 147, 343], 3.7.d_j_o, 3 
(1, 2, 0), [1, 3, 9, 28, 63, 147, 343], 3.7.d_j_bc, -3 
(0, 3, 2), [1, 3, 9, 42, 63, 147, 343], 3.7.d_j_bq, -7 
(4, -1, 7), [1, 3, 10, 14, 70, 147, 343], 3.7.d_k_o, 22 
(0, 3, 3), [1, 3, 10, 42, 70, 147, 343], 3.7.d_k_bq, -6 
(0, 3, 5), [1, 3, 12, 42, 84, 147, 343], 3.7.d_m_bq, -4 
(0, 3, 6), [1, 3, 13, 42, 91, 147, 343], 3.7.d_n_bq, -3 
(0, 3, 8), [1, 3, 15, 42, 105, 147, 343], 3.7.d_p_bq, -1 
(2, 1, 7), [1, 3, 16, 28, 112, 147, 343], 3.7.d_q_bc, 10 
(0, 3, 9), [1, 3, 16, 42, 112, 147, 343], 3.7.d_q_bq, 0 
(5, -1, 0), [1, 4, 2, -14, 14, 196, 343], 3.7.e_c_ao, 24 
(3, 1, -7), [1, 4, 3, -7, 21, 196, 343], 3.7.e_d_ah, 1 
(5, -1, 7), [1, 4, 9, 21, 63, 196, 343], 3.7.e_j_v, 31 
(3, 1, 0), [1, 4, 10, 14, 70, 196, 343], 3.7.e_k_o, 8 
(2, 2, 0), [1, 4, 11, 28, 77, 196, 343], 3.7.e_l_bc, 0 
(0, 4, 8), [1, 4, 15, 56, 105, 196, 343], 3.7.e_p_ce, -8 
(-2, 6, 21), [1, 4, 16, 42, 112, 196, 343], 3.7.e_q_bq, -11 
(1, 3, 7), [1, 4, 17, 49, 119, 196, 343], 3.7.e_r_bx, -1 
(0, 4, 10), [1, 4, 17, 56, 119, 196, 343], 3.7.e_r_ce, -6 
(2, 2, 7), [1, 4, 18, 42, 126, 196, 343], 3.7.e_s_bq, 7 
(0, 4, 11), [1, 4, 18, 56, 126, 196, 343], 3.7.e_s_ce, -5 
(0, 4, 12), [1, 4, 19, 56, 133, 196, 343], 3.7.e_t_ce, -4 
(4, 1, -7), [1, 5, 4, -14, 28, 245, 343], 3.7.f_e_ao, 8 
(3, 2, 0), [1, 5, 13, 28, 91, 245, 343], 3.7.f_n_bc, 5 
(4, 1, 7), [1, 5, 18, 42, 126, 245, 343], 3.7.f_s_bq, 22 
(2, 3, 7), [1, 5, 20, 56, 140, 245, 343], 3.7.f_u_ce, 2 
(0, 5, 19), [1, 5, 26, 70, 182, 245, 343], 3.7.f_ba_cs, -6 
(5, 1, 0), [1, 6, 12, 14, 84, 294, 343], 3.7.g_m_o, 24 
(4, 2, 0), [1, 6, 15, 28, 105, 294, 343], 3.7.g_p_bc, 12 
(5, 1, 7), [1, 6, 19, 49, 133, 294, 343], 3.7.g_t_bx, 31 
(3, 3, 7), [1, 6, 23, 63, 161, 294, 343], 3.7.g_x_cl, 7 
(0, 6, 18), [1, 6, 25, 84, 175, 294, 343], 3.7.g_z_dg, -18 
(0, 6, 20), [1, 6, 27, 84, 189, 294, 343], 3.7.g_bb_dg, -16 
(0, 7, 25), [1, 7, 32, 98, 224, 343, 343], 3.7.h_bg_du, -24 
