(-8, -12, 68), [1, -20, 181, -952, 3077, -5780, 4913], 3.17.au_gz_abkq, -12 
(-7, -12, 68), [1, -19, 169, -884, 2873, -5491, 4913], 3.17.at_gn_abia, -27 
(-8, -10, 51), [1, -18, 148, -748, 2516, -5202, 4913], 3.17.as_fs_abcu, 15 
(-6, -12, 68), [1, -18, 157, -816, 2669, -5202, 4913], 3.17.as_gb_abfk, -40 
(-8, -9, 51), [1, -17, 140, -714, 2380, -4913, 4913], 3.17.ar_fk_abbm, 34 
(-5, -12, 68), [1, -17, 145, -748, 2465, -4913, 4913], 3.17.ar_fp_abcu, -51 
(-7, -9, 51), [1, -16, 131, -663, 2227, -4624, 4913], 3.17.aq_fb_azn, 19 
(-3, -12, 68), [1, -15, 121, -612, 2057, -4335, 4913], 3.17.ap_er_axo, -67 
(-6, -9, 51), [1, -15, 122, -612, 2074, -4335, 4913], 3.17.ap_es_axo, 6 
(-8, -6, 17), [1, -14, 82, -340, 1394, -4046, 4913], 3.17.ao_de_anc, 45 
(-4, -10, 51), [1, -14, 108, -544, 1836, -4046, 4913], 3.17.ao_ee_auy, -33 
(-5, -9, 51), [1, -14, 113, -561, 1921, -4046, 4913], 3.17.ao_ej_avp, -5 
(-4, -9, 51), [1, -13, 104, -510, 1768, -3757, 4913], 3.17.an_ea_atq, -14 
(-7, -5, 17), [1, -12, 69, -289, 1173, -3468, 4913], 3.17.am_cr_ald, 41 
(-2, -10, 51), [1, -12, 88, -442, 1496, -3468, 4913], 3.17.am_dk_ara, -45 
(-3, -9, 51), [1, -12, 95, -459, 1615, -3468, 4913], 3.17.am_dr_arr, -21 
(-2, -9, 51), [1, -11, 86, -408, 1462, -3179, 4913], 3.17.al_di_aps, -26 
(-8, -2, -17), [1, -10, 16, 68, 272, -2890, 4913], 3.17.ak_q_cq, 43 
(-7, -3, 0), [1, -10, 38, -102, 646, -2890, 4913], 3.17.ak_bm_ady, 40 
(-1, -9, 51), [1, -10, 77, -357, 1309, -2890, 4913], 3.17.ak_cz_ant, -29 
(-7, -2, 0), [1, -9, 31, -68, 527, -2601, 4913], 3.17.aj_bf_acq, 45 
(-6, -3, 17), [1, -9, 52, -204, 884, -2601, 4913], 3.17.aj_ca_ahw, 44 
(0, -8, 33), [1, -8, 50, -272, 850, -2312, 4913], 3.17.ai_by_akm, -31 
(0, -8, 35), [1, -8, 52, -272, 884, -2312, 4913], 3.17.ai_ca_akm, -29 
(0, -7, 33), [1, -7, 50, -238, 850, -2023, 4913], 3.17.ah_by_aje, -16 
(0, -7, 35), [1, -7, 52, -238, 884, -2023, 4913], 3.17.ah_ca_aje, -14 
(-8, 2, -17), [1, -6, -16, 204, -272, -1734, 4913], 3.17.ag_aq_hw, 43 
(-7, 1, -17), [1, -6, -7, 153, -119, -1734, 4913], 3.17.ag_ah_fx, 31 
(-5, -1, 17), [1, -6, 39, -119, 663, -1734, 4913], 3.17.ag_bn_aep, 41 
(0, -6, 33), [1, -6, 50, -204, 850, -1734, 4913], 3.17.ag_by_ahw, -3 
(0, -6, 35), [1, -6, 52, -204, 884, -1734, 4913], 3.17.ag_ca_ahw, -1 
(0, -5, 33), [1, -5, 50, -170, 850, -1445, 4913], 3.17.af_by_ago, 8 
(0, -5, 35), [1, -5, 52, -170, 884, -1445, 4913], 3.17.af_ca_ago, 10 
(-6, 2, -17), [1, -4, -12, 170, -204, -1156, 4913], 3.17.ae_am_go, 15 
(2, -6, 17), [1, -4, 22, -170, 374, -1156, 4913], 3.17.ae_w_ago, -15 
(0, -4, 33), [1, -4, 50, -136, 850, -1156, 4913], 3.17.ae_by_afg, 17 
(0, -4, 35), [1, -4, 52, -136, 884, -1156, 4913], 3.17.ae_ca_afg, 19 
(-5, 2, 0), [1, -3, 7, 68, 119, -867, 4913], 3.17.ad_h_cq, 21 
(2, -5, 17), [1, -3, 24, -136, 408, -867, 4913], 3.17.ad_y_afg, -4 
(-4, 1, 17), [1, -3, 30, -34, 510, -867, 4913], 3.17.ad_be_abi, 32 
(0, -3, 33), [1, -3, 50, -102, 850, -867, 4913], 3.17.ad_by_ady, 24 
(0, -3, 35), [1, -3, 52, -102, 884, -867, 4913], 3.17.ad_ca_ady, 26 
(0, -2, 33), [1, -2, 50, -68, 850, -578, 4913], 3.17.ac_by_acq, 29 
(-5, 4, 0), [1, -1, -3, 136, -51, -289, 4913], 3.17.ab_ad_fg, 9 
(0, -1, 33), [1, -1, 50, -34, 850, -289, 4913], 3.17.ab_by_abi, 32 
(0, 0, -33), [1, 0, -16, 0, -272, 0, 4913], 3.17.a_aq_a, -33 
(0, 0, -25), [1, 0, -8, 0, -136, 0, 4913], 3.17.a_ai_a, -25 
(4, -4, 0), [1, 0, 1, -136, 17, 0, 4913], 3.17.a_b_afg, 0 
(-4, 4, 0), [1, 0, 1, 136, 17, 0, 4913], 3.17.a_b_fg, 0 
(0, 0, -9), [1, 0, 8, 0, 136, 0, 4913], 3.17.a_i_a, -9 
(3, -3, 17), [1, 0, 25, -51, 425, 0, 4913], 3.17.a_z_abz, 17 
(-3, 3, 17), [1, 0, 25, 51, 425, 0, 4913], 3.17.a_z_bz, 17 
(0, 0, 15), [1, 0, 32, 0, 544, 0, 4913], 3.17.a_bg_a, 15 
(0, 0, 27), [1, 0, 44, 0, 748, 0, 4913], 3.17.a_bs_a, 27 
(0, 0, 31), [1, 0, 48, 0, 816, 0, 4913], 3.17.a_bw_a, 31 
(5, -4, 0), [1, 1, -3, -136, -51, 289, 4913], 3.17.b_ad_afg, 9 
(0, 1, 33), [1, 1, 50, 34, 850, 289, 4913], 3.17.b_by_bi, 32 
(0, 2, 33), [1, 2, 50, 68, 850, 578, 4913], 3.17.c_by_cq, 29 
(5, -2, 0), [1, 3, 7, -68, 119, 867, 4913], 3.17.d_h_acq, 21 
(-2, 5, 17), [1, 3, 24, 136, 408, 867, 4913], 3.17.d_y_fg, -4 
(4, -1, 17), [1, 3, 30, 34, 510, 867, 4913], 3.17.d_be_bi, 32 
(0, 3, 33), [1, 3, 50, 102, 850, 867, 4913], 3.17.d_by_dy, 24 
(0, 3, 35), [1, 3, 52, 102, 884, 867, 4913], 3.17.d_ca_dy, 26 
(6, -2, -17), [1, 4, -12, -170, -204, 1156, 4913], 3.17.e_am_ago, 15 
(-2, 6, 17), [1, 4, 22, 170, 374, 1156, 4913], 3.17.e_w_go, -15 
(0, 4, 33), [1, 4, 50, 136, 850, 1156, 4913], 3.17.e_by_fg, 17 
(0, 4, 35), [1, 4, 52, 136, 884, 1156, 4913], 3.17.e_ca_fg, 19 
(0, 5, 33), [1, 5, 50, 170, 850, 1445, 4913], 3.17.f_by_go, 8 
(0, 5, 35), [1, 5, 52, 170, 884, 1445, 4913], 3.17.f_ca_go, 10 
(8, -2, -17), [1, 6, -16, -204, -272, 1734, 4913], 3.17.g_aq_ahw, 43 
(7, -1, -17), [1, 6, -7, -153, -119, 1734, 4913], 3.17.g_ah_afx, 31 
(5, 1, 17), [1, 6, 39, 119, 663, 1734, 4913], 3.17.g_bn_ep, 41 
(0, 6, 33), [1, 6, 50, 204, 850, 1734, 4913], 3.17.g_by_hw, -3 
(0, 6, 35), [1, 6, 52, 204, 884, 1734, 4913], 3.17.g_ca_hw, -1 
(0, 7, 33), [1, 7, 50, 238, 850, 2023, 4913], 3.17.h_by_je, -16 
(0, 7, 35), [1, 7, 52, 238, 884, 2023, 4913], 3.17.h_ca_je, -14 
(0, 8, 33), [1, 8, 50, 272, 850, 2312, 4913], 3.17.i_by_km, -31 
(0, 8, 35), [1, 8, 52, 272, 884, 2312, 4913], 3.17.i_ca_km, -29 
(7, 2, 0), [1, 9, 31, 68, 527, 2601, 4913], 3.17.j_bf_cq, 45 
(6, 3, 17), [1, 9, 52, 204, 884, 2601, 4913], 3.17.j_ca_hw, 44 
(8, 2, -17), [1, 10, 16, -68, 272, 2890, 4913], 3.17.k_q_acq, 43 
(7, 3, 0), [1, 10, 38, 102, 646, 2890, 4913], 3.17.k_bm_dy, 40 
(1, 9, 51), [1, 10, 77, 357, 1309, 2890, 4913], 3.17.k_cz_nt, -29 
(2, 9, 51), [1, 11, 86, 408, 1462, 3179, 4913], 3.17.l_di_ps, -26 
(7, 5, 17), [1, 12, 69, 289, 1173, 3468, 4913], 3.17.m_cr_ld, 41 
(2, 10, 51), [1, 12, 88, 442, 1496, 3468, 4913], 3.17.m_dk_ra, -45 
(3, 9, 51), [1, 12, 95, 459, 1615, 3468, 4913], 3.17.m_dr_rr, -21 
(4, 9, 51), [1, 13, 104, 510, 1768, 3757, 4913], 3.17.n_ea_tq, -14 
(8, 6, 17), [1, 14, 82, 340, 1394, 4046, 4913], 3.17.o_de_nc, 45 
(4, 10, 51), [1, 14, 108, 544, 1836, 4046, 4913], 3.17.o_ee_uy, -33 
(5, 9, 51), [1, 14, 113, 561, 1921, 4046, 4913], 3.17.o_ej_vp, -5 
(3, 12, 68), [1, 15, 121, 612, 2057, 4335, 4913], 3.17.p_er_xo, -67 
(6, 9, 51), [1, 15, 122, 612, 2074, 4335, 4913], 3.17.p_es_xo, 6 
(7, 9, 51), [1, 16, 131, 663, 2227, 4624, 4913], 3.17.q_fb_zn, 19 
(8, 9, 51), [1, 17, 140, 714, 2380, 4913, 4913], 3.17.r_fk_bbm, 34 
(5, 12, 68), [1, 17, 145, 748, 2465, 4913, 4913], 3.17.r_fp_bcu, -51 
(8, 10, 51), [1, 18, 148, 748, 2516, 5202, 4913], 3.17.s_fs_bcu, 15 
(6, 12, 68), [1, 18, 157, 816, 2669, 5202, 4913], 3.17.s_gb_bfk, -40 
(7, 12, 68), [1, 19, 169, 884, 2873, 5491, 4913], 3.17.t_gn_bia, -27 
(8, 12, 68), [1, 20, 181, 952, 3077, 5780, 4913], 3.17.u_gz_bkq, -12 
