(-6, -10, 51), [1, -16, 128, -646, 2176, -4624, 4913], 3.17.aq_ey_ayw, -13 
(-4, -12, 68), [1, -16, 133, -680, 2261, -4624, 4913], 3.17.aq_fd_abae, -60 
(-2, -12, 68), [1, -14, 109, -544, 1853, -4046, 4913], 3.17.ao_ef_auy, -72 
(-8, -5, 17), [1, -13, 74, -306, 1258, -3757, 4913], 3.17.an_cw_alu, 56 
(0, -13, 75), [1, -13, 92, -442, 1564, -3757, 4913], 3.17.an_do_ara, -94 
(-1, -12, 68), [1, -13, 97, -476, 1649, -3757, 4913], 3.17.an_dt_asi, -75 
(-8, -4, 0), [1, -12, 49, -136, 833, -3468, 4913], 3.17.am_bx_afg, 48 
(-8, -4, 17), [1, -12, 66, -272, 1122, -3468, 4913], 3.17.am_co_akm, 65 
(-6, -6, 17), [1, -12, 70, -306, 1190, -3468, 4913], 3.17.am_cs_alu, 17 
(0, -12, 65), [1, -12, 82, -408, 1394, -3468, 4913], 3.17.am_de_aps, -79 
(0, -12, 67), [1, -12, 84, -408, 1428, -3468, 4913], 3.17.am_dg_aps, -77 
(-8, -3, 0), [1, -11, 41, -102, 697, -3179, 4913], 3.17.al_bp_ady, 55 
(-7, -4, 0), [1, -11, 45, -136, 765, -3179, 4913], 3.17.al_bt_afg, 33 
(-8, -3, 17), [1, -11, 58, -238, 986, -3179, 4913], 3.17.al_cg_aje, 72 
(-6, -5, 17), [1, -11, 64, -272, 1088, -3179, 4913], 3.17.al_cm_akm, 28 
(1, -12, 68), [1, -11, 73, -340, 1241, -3179, 4913], 3.17.al_cv_anc, -75 
(0, -11, 57), [1, -11, 74, -374, 1258, -3179, 4913], 3.17.al_cw_aok, -64 
(0, -11, 59), [1, -11, 76, -374, 1292, -3179, 4913], 3.17.al_cy_aok, -62 
(0, -11, 60), [1, -11, 77, -374, 1309, -3179, 4913], 3.17.al_cz_aok, -61 
(0, -11, 61), [1, -11, 78, -374, 1326, -3179, 4913], 3.17.al_da_aok, -60 
(0, -11, 63), [1, -11, 80, -374, 1360, -3179, 4913], 3.17.al_dc_aok, -58 
(-8, -2, 0), [1, -10, 33, -68, 561, -2890, 4913], 3.17.ak_bh_acq, 60 
(-6, -4, 0), [1, -10, 41, -136, 697, -2890, 4913], 3.17.ak_bp_afg, 20 
(-8, -2, 17), [1, -10, 50, -204, 850, -2890, 4913], 3.17.ak_by_ahw, 77 
(-7, -3, 17), [1, -10, 55, -221, 935, -2890, 4913], 3.17.ak_cd_ain, 57 
(-4, -6, 17), [1, -10, 58, -272, 986, -2890, 4913], 3.17.ak_cg_akm, -3 
(-6, -4, 17), [1, -10, 58, -238, 986, -2890, 4913], 3.17.ak_cg_aje, 37 
(-5, -5, 17), [1, -10, 59, -255, 1003, -2890, 4913], 3.17.ak_ch_ajv, 17 
(2, -12, 68), [1, -10, 61, -272, 1037, -2890, 4913], 3.17.ak_cj_akm, -72 
(0, -10, 49), [1, -10, 66, -340, 1122, -2890, 4913], 3.17.ak_co_anc, -51 
(0, -10, 52), [1, -10, 69, -340, 1173, -2890, 4913], 3.17.ak_cr_anc, -48 
(0, -10, 53), [1, -10, 70, -340, 1190, -2890, 4913], 3.17.ak_cs_anc, -47 
(0, -10, 54), [1, -10, 71, -340, 1207, -2890, 4913], 3.17.ak_ct_anc, -46 
(0, -10, 56), [1, -10, 73, -340, 1241, -2890, 4913], 3.17.ak_cv_anc, -44 
(0, -10, 57), [1, -10, 74, -340, 1258, -2890, 4913], 3.17.ak_cw_anc, -43 
(-8, -1, -17), [1, -9, 8, 102, 136, -2601, 4913], 3.17.aj_i_dy, 46 
(-8, -1, 0), [1, -9, 25, -34, 425, -2601, 4913], 3.17.aj_z_abi, 63 
(-6, -3, 0), [1, -9, 35, -102, 595, -2601, 4913], 3.17.aj_bj_ady, 27 
(-5, -4, 0), [1, -9, 37, -136, 629, -2601, 4913], 3.17.aj_bl_afg, 9 
(-8, -1, 17), [1, -9, 42, -170, 714, -2601, 4913], 3.17.aj_bq_ago, 80 
(3, -12, 68), [1, -9, 49, -204, 833, -2601, 4913], 3.17.aj_bx_ahw, -67 
(-4, -5, 17), [1, -9, 54, -238, 918, -2601, 4913], 3.17.aj_cc_aje, 8 
(0, -9, 41), [1, -9, 58, -306, 986, -2601, 4913], 3.17.aj_cg_alu, -40 
(0, -9, 43), [1, -9, 60, -306, 1020, -2601, 4913], 3.17.aj_ci_alu, -38 
(0, -9, 44), [1, -9, 61, -306, 1037, -2601, 4913], 3.17.aj_cj_alu, -37 
(0, -9, 45), [1, -9, 62, -306, 1054, -2601, 4913], 3.17.aj_ck_alu, -36 
(0, -9, 46), [1, -9, 63, -306, 1071, -2601, 4913], 3.17.aj_cl_alu, -35 
(0, -9, 47), [1, -9, 64, -306, 1088, -2601, 4913], 3.17.aj_cm_alu, -34 
(0, -9, 49), [1, -9, 66, -306, 1122, -2601, 4913], 3.17.aj_co_alu, -32 
(0, -9, 50), [1, -9, 67, -306, 1139, -2601, 4913], 3.17.aj_cp_alu, -31 
(0, -9, 53), [1, -9, 70, -306, 1190, -2601, 4913], 3.17.aj_cs_alu, -28 
(-7, -1, -17), [1, -8, 7, 85, 119, -2312, 4913], 3.17.ai_h_dh, 31 
(-6, -2, -17), [1, -8, 12, 34, 204, -2312, 4913], 3.17.ai_m_bi, 15 
(-7, -1, 0), [1, -8, 24, -34, 408, -2312, 4913], 3.17.ai_y_abi, 48 
(-6, -2, 0), [1, -8, 29, -68, 493, -2312, 4913], 3.17.ai_bd_acq, 32 
(-5, -3, 0), [1, -8, 32, -102, 544, -2312, 4913], 3.17.ai_bg_ady, 16 
(-4, -4, 0), [1, -8, 33, -136, 561, -2312, 4913], 3.17.ai_bh_afg, 0 
(4, -12, 68), [1, -8, 37, -136, 629, -2312, 4913], 3.17.ai_bl_afg, -60 
(-7, -1, 17), [1, -8, 41, -153, 697, -2312, 4913], 3.17.ai_bp_afx, 65 
(-2, -6, 17), [1, -8, 46, -238, 782, -2312, 4913], 3.17.ai_bu_aje, -15 
(-6, -2, 17), [1, -8, 46, -170, 782, -2312, 4913], 3.17.ai_bu_ago, 49 
(2, -10, 51), [1, -8, 48, -238, 816, -2312, 4913], 3.17.ai_bw_aje, -45 
(0, -8, 32), [1, -8, 49, -272, 833, -2312, 4913], 3.17.ai_bx_akm, -32 
(-3, -5, 17), [1, -8, 49, -221, 833, -2312, 4913], 3.17.ai_bx_ain, 1 
(-5, -3, 17), [1, -8, 49, -187, 833, -2312, 4913], 3.17.ai_bx_ahf, 33 
(-4, -4, 17), [1, -8, 50, -204, 850, -2312, 4913], 3.17.ai_by_ahw, 17 
(0, -8, 36), [1, -8, 53, -272, 901, -2312, 4913], 3.17.ai_cb_akm, -28 
(0, -8, 37), [1, -8, 54, -272, 918, -2312, 4913], 3.17.ai_cc_akm, -27 
(0, -8, 38), [1, -8, 55, -272, 935, -2312, 4913], 3.17.ai_cd_akm, -26 
(0, -8, 39), [1, -8, 56, -272, 952, -2312, 4913], 3.17.ai_ce_akm, -25 
(0, -8, 40), [1, -8, 57, -272, 969, -2312, 4913], 3.17.ai_cf_akm, -24 
(0, -8, 42), [1, -8, 59, -272, 1003, -2312, 4913], 3.17.ai_ch_akm, -22 
(1, -9, 51), [1, -8, 59, -255, 1003, -2312, 4913], 3.17.ai_ch_ajv, -29 
(0, -8, 43), [1, -8, 60, -272, 1020, -2312, 4913], 3.17.ai_ci_akm, -21 
(0, -8, 44), [1, -8, 61, -272, 1037, -2312, 4913], 3.17.ai_cj_akm, -20 
(0, -8, 45), [1, -8, 62, -272, 1054, -2312, 4913], 3.17.ai_ck_akm, -19 
(0, -8, 47), [1, -8, 64, -272, 1088, -2312, 4913], 3.17.ai_cm_akm, -17 
(0, -8, 48), [1, -8, 65, -272, 1105, -2312, 4913], 3.17.ai_cn_akm, -16 
(-8, 1, -17), [1, -7, -8, 170, -136, -2023, 4913], 3.17.ah_ai_go, 46 
(-6, -1, -17), [1, -7, 6, 68, 102, -2023, 4913], 3.17.ah_g_cq, 18 
(-8, 1, 0), [1, -7, 9, 34, 153, -2023, 4913], 3.17.ah_j_bi, 63 
(-6, -1, 0), [1, -7, 23, -34, 391, -2023, 4913], 3.17.ah_x_abi, 35 
(5, -12, 68), [1, -7, 25, -68, 425, -2023, 4913], 3.17.ah_z_acq, -51 
(-8, 1, 17), [1, -7, 26, -102, 442, -2023, 4913], 3.17.ah_ba_ady, 80 
(-5, -2, 0), [1, -7, 27, -68, 459, -2023, 4913], 3.17.ah_bb_acq, 21 
(-3, -4, 0), [1, -7, 29, -136, 493, -2023, 4913], 3.17.ah_bd_afg, -7 
(-4, -3, 0), [1, -7, 29, -102, 493, -2023, 4913], 3.17.ah_bd_ady, 7 
(-6, -1, 17), [1, -7, 40, -136, 680, -2023, 4913], 3.17.ah_bo_afg, 52 
(0, -7, 24), [1, -7, 41, -238, 697, -2023, 4913], 3.17.ah_bp_aje, -25 
(0, -7, 25), [1, -7, 42, -238, 714, -2023, 4913], 3.17.ah_bq_aje, -24 
(0, -7, 27), [1, -7, 44, -238, 748, -2023, 4913], 3.17.ah_bs_aje, -22 
(-2, -5, 17), [1, -7, 44, -204, 748, -2023, 4913], 3.17.ah_bs_ahw, -4 
(0, -7, 28), [1, -7, 45, -238, 765, -2023, 4913], 3.17.ah_bt_aje, -21 
(0, -7, 29), [1, -7, 46, -238, 782, -2023, 4913], 3.17.ah_bu_aje, -20 
(-4, -3, 17), [1, -7, 46, -170, 782, -2023, 4913], 3.17.ah_bu_ago, 24 
(0, -7, 30), [1, -7, 47, -238, 799, -2023, 4913], 3.17.ah_bv_aje, -19 
(2, -9, 51), [1, -7, 50, -204, 850, -2023, 4913], 3.17.ah_by_ahw, -26 
(0, -7, 38), [1, -7, 55, -238, 935, -2023, 4913], 3.17.ah_cd_aje, -11 
(0, -7, 39), [1, -7, 56, -238, 952, -2023, 4913], 3.17.ah_ce_aje, -10 
(0, -7, 41), [1, -7, 58, -238, 986, -2023, 4913], 3.17.ah_cg_aje, -8 
(0, -7, 42), [1, -7, 59, -238, 1003, -2023, 4913], 3.17.ah_ch_aje, -7 
(0, -7, 43), [1, -7, 60, -238, 1020, -2023, 4913], 3.17.ah_ci_aje, -6 
(0, -7, 45), [1, -7, 62, -238, 1054, -2023, 4913], 3.17.ah_ck_aje, -4 
(-8, 2, 0), [1, -6, 1, 68, 17, -1734, 4913], 3.17.ag_b_cq, 60 
(-5, -1, -17), [1, -6, 5, 51, 85, -1734, 4913], 3.17.ag_f_bz, 7 
(-4, -2, -17), [1, -6, 8, 0, 136, -1734, 4913], 3.17.ag_i_a, -5 
(-7, 1, 0), [1, -6, 10, 34, 170, -1734, 4913], 3.17.ag_k_bi, 48 
(6, -12, 68), [1, -6, 13, 0, 221, -1734, 4913], 3.17.ag_n_a, -40 
(-8, 2, 17), [1, -6, 18, -68, 306, -1734, 4913], 3.17.ag_s_acq, 77 
(-5, -1, 0), [1, -6, 22, -34, 374, -1734, 4913], 3.17.ag_w_abi, 24 
(-2, -4, 0), [1, -6, 25, -136, 425, -1734, 4913], 3.17.ag_z_afg, -12 
(-4, -2, 0), [1, -6, 25, -68, 425, -1734, 4913], 3.17.ag_z_acq, 12 
(-3, -3, 0), [1, -6, 26, -102, 442, -1734, 4913], 3.17.ag_ba_ady, 0 
(-7, 1, 17), [1, -6, 27, -85, 459, -1734, 4913], 3.17.ag_bb_adh, 65 
(4, -10, 51), [1, -6, 28, -136, 476, -1734, 4913], 3.17.ag_bc_afg, -33 
(0, -6, 16), [1, -6, 33, -204, 561, -1734, 4913], 3.17.ag_bh_ahw, -20 
(0, -6, 19), [1, -6, 36, -204, 612, -1734, 4913], 3.17.ag_bk_ahw, -17 
(0, -6, 20), [1, -6, 37, -204, 629, -1734, 4913], 3.17.ag_bl_ahw, -16 
(0, -6, 21), [1, -6, 38, -204, 646, -1734, 4913], 3.17.ag_bm_ahw, -15 
(0, -6, 22), [1, -6, 39, -204, 663, -1734, 4913], 3.17.ag_bn_ahw, -14 
(-1, -5, 17), [1, -6, 39, -187, 663, -1734, 4913], 3.17.ag_bn_ahf, -7 
(0, -6, 23), [1, -6, 40, -204, 680, -1734, 4913], 3.17.ag_bo_ahw, -13 
(0, -6, 24), [1, -6, 41, -204, 697, -1734, 4913], 3.17.ag_bp_ahw, -12 
(3, -9, 51), [1, -6, 41, -153, 697, -1734, 4913], 3.17.ag_bp_afx, -21 
(0, -6, 25), [1, -6, 42, -204, 714, -1734, 4913], 3.17.ag_bq_ahw, -11 
(-2, -4, 17), [1, -6, 42, -170, 714, -1734, 4913], 3.17.ag_bq_ago, 5 
(-4, -2, 17), [1, -6, 42, -136, 714, -1734, 4913], 3.17.ag_bq_afg, 29 
(0, -6, 26), [1, -6, 43, -204, 731, -1734, 4913], 3.17.ag_br_ahw, -10 
(-3, -3, 17), [1, -6, 43, -153, 731, -1734, 4913], 3.17.ag_br_afx, 17 
(0, -6, 28), [1, -6, 45, -204, 765, -1734, 4913], 3.17.ag_bt_ahw, -8 
(0, -6, 29), [1, -6, 46, -204, 782, -1734, 4913], 3.17.ag_bu_ahw, -7 
(0, -6, 30), [1, -6, 47, -204, 799, -1734, 4913], 3.17.ag_bv_ahw, -6 
(0, -6, 31), [1, -6, 48, -204, 816, -1734, 4913], 3.17.ag_bw_ahw, -5 
(0, -6, 32), [1, -6, 49, -204, 833, -1734, 4913], 3.17.ag_bx_ahw, -4 
(0, -6, 36), [1, -6, 53, -204, 901, -1734, 4913], 3.17.ag_cb_ahw, 0 
(0, -6, 37), [1, -6, 54, -204, 918, -1734, 4913], 3.17.ag_cc_ahw, 1 
(0, -6, 38), [1, -6, 55, -204, 935, -1734, 4913], 3.17.ag_cd_ahw, 2 
(0, -6, 40), [1, -6, 57, -204, 969, -1734, 4913], 3.17.ag_cf_ahw, 4 
(0, -6, 41), [1, -6, 58, -204, 986, -1734, 4913], 3.17.ag_cg_ahw, 5 
(-8, 3, 0), [1, -5, -7, 102, -119, -1445, 4913], 3.17.af_ah_dy, 55 
(-6, 1, -17), [1, -5, -6, 136, -102, -1445, 4913], 3.17.af_ag_fg, 18 
(7, -12, 68), [1, -5, 1, 68, 17, -1445, 4913], 3.17.af_b_cq, -27 
(-7, 2, 0), [1, -5, 3, 68, 51, -1445, 4913], 3.17.af_d_cq, 45 
(-4, -1, -17), [1, -5, 4, 34, 68, -1445, 4913], 3.17.af_e_bi, -2 
(-8, 3, 17), [1, -5, 10, -34, 170, -1445, 4913], 3.17.af_k_abi, 72 
(-6, 1, 0), [1, -5, 11, 34, 187, -1445, 4913], 3.17.af_l_bi, 35 
(-1, -4, 0), [1, -5, 21, -136, 357, -1445, 4913], 3.17.af_v_afg, -15 
(-4, -1, 0), [1, -5, 21, -34, 357, -1445, 4913], 3.17.af_v_abi, 15 
(-2, -3, 0), [1, -5, 23, -102, 391, -1445, 4913], 3.17.af_x_ady, -5 
(-3, -2, 0), [1, -5, 23, -68, 391, -1445, 4913], 3.17.af_x_acq, 5 
(0, -5, 8), [1, -5, 25, -170, 425, -1445, 4913], 3.17.af_z_ago, -17 
(0, -5, 9), [1, -5, 26, -170, 442, -1445, 4913], 3.17.af_ba_ago, -16 
(0, -5, 11), [1, -5, 28, -170, 476, -1445, 4913], 3.17.af_bc_ago, -14 
(-6, 1, 17), [1, -5, 28, -68, 476, -1445, 4913], 3.17.af_bc_acq, 52 
(0, -5, 12), [1, -5, 29, -170, 493, -1445, 4913], 3.17.af_bd_ago, -13 
(0, -5, 13), [1, -5, 30, -170, 510, -1445, 4913], 3.17.af_be_ago, -12 
(0, -5, 14), [1, -5, 31, -170, 527, -1445, 4913], 3.17.af_bf_ago, -11 
(0, -5, 15), [1, -5, 32, -170, 544, -1445, 4913], 3.17.af_bg_ago, -10 
(4, -9, 51), [1, -5, 32, -102, 544, -1445, 4913], 3.17.af_bg_ady, -14 
(0, -5, 16), [1, -5, 33, -170, 561, -1445, 4913], 3.17.af_bh_ago, -9 
(0, -5, 18), [1, -5, 35, -170, 595, -1445, 4913], 3.17.af_bj_ago, -7 
(0, -5, 19), [1, -5, 36, -170, 612, -1445, 4913], 3.17.af_bk_ago, -6 
(0, -5, 21), [1, -5, 38, -170, 646, -1445, 4913], 3.17.af_bm_ago, -4 
(-4, -1, 17), [1, -5, 38, -102, 646, -1445, 4913], 3.17.af_bm_ady, 32 
(0, -5, 22), [1, -5, 39, -170, 663, -1445, 4913], 3.17.af_bn_ago, -3 
(0, -5, 23), [1, -5, 40, -170, 680, -1445, 4913], 3.17.af_bo_ago, -2 
(-2, -3, 17), [1, -5, 40, -136, 680, -1445, 4913], 3.17.af_bo_afg, 12 
(0, -5, 24), [1, -5, 41, -170, 697, -1445, 4913], 3.17.af_bp_ago, -1 
(0, -5, 25), [1, -5, 42, -170, 714, -1445, 4913], 3.17.af_bq_ago, 0 
(0, -5, 26), [1, -5, 43, -170, 731, -1445, 4913], 3.17.af_br_ago, 1 
(0, -5, 27), [1, -5, 44, -170, 748, -1445, 4913], 3.17.af_bs_ago, 2 
(0, -5, 29), [1, -5, 46, -170, 782, -1445, 4913], 3.17.af_bu_ago, 4 
(0, -5, 30), [1, -5, 47, -170, 799, -1445, 4913], 3.17.af_bv_ago, 5 
(0, -5, 39), [1, -5, 56, -170, 952, -1445, 4913], 3.17.af_ce_ago, 14 
(-8, 4, 0), [1, -4, -15, 136, -255, -1156, 4913], 3.17.ae_ap_fg, 48 
(8, -12, 68), [1, -4, -11, 136, -187, -1156, 4913], 3.17.ae_al_fg, -12 
(-5, 1, -17), [1, -4, -5, 119, -85, -1156, 4913], 3.17.ae_af_ep, 7 
(-7, 3, 0), [1, -4, -4, 102, -68, -1156, 4913], 3.17.ae_ae_dy, 40 
(-8, 4, 17), [1, -4, 2, 0, 34, -1156, 4913], 3.17.ae_c_a, 65 
(-3, -1, -17), [1, -4, 3, 17, 51, -1156, 4913], 3.17.ae_d_r, -9 
(-2, -2, -17), [1, -4, 4, -34, 68, -1156, 4913], 3.17.ae_e_abi, -17 
(-6, 2, 0), [1, -4, 5, 68, 85, -1156, 4913], 3.17.ae_f_cq, 32 
(6, -10, 51), [1, -4, 8, -34, 136, -1156, 4913], 3.17.ae_i_abi, -13 
(-5, 1, 0), [1, -4, 12, 34, 204, -1156, 4913], 3.17.ae_m_bi, 24 
(-7, 3, 17), [1, -4, 13, -17, 221, -1156, 4913], 3.17.ae_n_ar, 57 
(0, -4, -1), [1, -4, 16, -136, 272, -1156, 4913], 3.17.ae_q_afg, -17 
(0, -4, 1), [1, -4, 18, -136, 306, -1156, 4913], 3.17.ae_s_afg, -15 
(0, -4, 3), [1, -4, 20, -136, 340, -1156, 4913], 3.17.ae_u_afg, -13 
(-1, -3, 0), [1, -4, 20, -102, 340, -1156, 4913], 3.17.ae_u_ady, -8 
(-3, -1, 0), [1, -4, 20, -34, 340, -1156, 4913], 3.17.ae_u_abi, 8 
(0, -4, 4), [1, -4, 21, -136, 357, -1156, 4913], 3.17.ae_v_afg, -12 
(-2, -2, 0), [1, -4, 21, -68, 357, -1156, 4913], 3.17.ae_v_acq, 0 
(0, -4, 5), [1, -4, 22, -136, 374, -1156, 4913], 3.17.ae_w_afg, -11 
(-6, 2, 17), [1, -4, 22, -34, 374, -1156, 4913], 3.17.ae_w_abi, 49 
(0, -4, 6), [1, -4, 23, -136, 391, -1156, 4913], 3.17.ae_x_afg, -10 
(5, -9, 51), [1, -4, 23, -51, 391, -1156, 4913], 3.17.ae_x_abz, -5 
(0, -4, 7), [1, -4, 24, -136, 408, -1156, 4913], 3.17.ae_y_afg, -9 
(0, -4, 8), [1, -4, 25, -136, 425, -1156, 4913], 3.17.ae_z_afg, -8 
(0, -4, 9), [1, -4, 26, -136, 442, -1156, 4913], 3.17.ae_ba_afg, -7 
(0, -4, 10), [1, -4, 27, -136, 459, -1156, 4913], 3.17.ae_bb_afg, -6 
(0, -4, 11), [1, -4, 28, -136, 476, -1156, 4913], 3.17.ae_bc_afg, -5 
(1, -5, 17), [1, -4, 29, -153, 493, -1156, 4913], 3.17.ae_bd_afx, -7 
(0, -4, 12), [1, -4, 29, -136, 493, -1156, 4913], 3.17.ae_bd_afg, -4 
(-5, 1, 17), [1, -4, 29, -51, 493, -1156, 4913], 3.17.ae_bd_abz, 41 
(0, -4, 14), [1, -4, 31, -136, 527, -1156, 4913], 3.17.ae_bf_afg, -2 
(0, -4, 15), [1, -4, 32, -136, 544, -1156, 4913], 3.17.ae_bg_afg, -1 
(0, -4, 16), [1, -4, 33, -136, 561, -1156, 4913], 3.17.ae_bh_afg, 0 
(0, -4, 18), [1, -4, 35, -136, 595, -1156, 4913], 3.17.ae_bj_afg, 2 
(0, -4, 19), [1, -4, 36, -136, 612, -1156, 4913], 3.17.ae_bk_afg, 3 
(0, -4, 20), [1, -4, 37, -136, 629, -1156, 4913], 3.17.ae_bl_afg, 4 
(-1, -3, 17), [1, -4, 37, -119, 629, -1156, 4913], 3.17.ae_bl_aep, 9 
(-3, -1, 17), [1, -4, 37, -85, 629, -1156, 4913], 3.17.ae_bl_adh, 25 
(0, -4, 21), [1, -4, 38, -136, 646, -1156, 4913], 3.17.ae_bm_afg, 5 
(-2, -2, 17), [1, -4, 38, -102, 646, -1156, 4913], 3.17.ae_bm_ady, 17 
(0, -4, 23), [1, -4, 40, -136, 680, -1156, 4913], 3.17.ae_bo_afg, 7 
(0, -4, 24), [1, -4, 41, -136, 697, -1156, 4913], 3.17.ae_bp_afg, 8 
(0, -4, 25), [1, -4, 42, -136, 714, -1156, 4913], 3.17.ae_bq_afg, 9 
(0, -4, 26), [1, -4, 43, -136, 731, -1156, 4913], 3.17.ae_br_afg, 10 
(0, -4, 27), [1, -4, 44, -136, 748, -1156, 4913], 3.17.ae_bs_afg, 11 
(0, -4, 28), [1, -4, 45, -136, 765, -1156, 4913], 3.17.ae_bt_afg, 12 
(0, -4, 30), [1, -4, 47, -136, 799, -1156, 4913], 3.17.ae_bv_afg, 14 
(0, -4, 31), [1, -4, 48, -136, 816, -1156, 4913], 3.17.ae_bw_afg, 15 
(0, -4, 32), [1, -4, 49, -136, 833, -1156, 4913], 3.17.ae_bx_afg, 16 
(0, -4, 36), [1, -4, 53, -136, 901, -1156, 4913], 3.17.ae_cb_afg, 20 
(-7, 4, 0), [1, -3, -11, 136, -187, -867, 4913], 3.17.ad_al_fg, 33 
(-8, 5, 17), [1, -3, -6, 34, -102, -867, 4913], 3.17.ad_ag_bi, 56 
(-4, 1, -17), [1, -3, -4, 102, -68, -867, 4913], 3.17.ad_ae_dy, -2 
(-6, 3, 0), [1, -3, -1, 102, -17, -867, 4913], 3.17.ad_ab_dy, 27 
(-2, -1, -17), [1, -3, 2, 0, 34, -867, 4913], 3.17.ad_c_a, -14 
(0, -3, -9), [1, -3, 8, -102, 136, -867, 4913], 3.17.ad_i_ady, -18 
(0, -3, -8), [1, -3, 9, -102, 153, -867, 4913], 3.17.ad_j_ady, -17 
(0, -3, -7), [1, -3, 10, -102, 170, -867, 4913], 3.17.ad_k_ady, -16 
(0, -3, -5), [1, -3, 12, -102, 204, -867, 4913], 3.17.ad_m_ady, -14 
(1, -4, 0), [1, -3, 13, -136, 221, -867, 4913], 3.17.ad_n_afg, -15 
(0, -3, -4), [1, -3, 13, -102, 221, -867, 4913], 3.17.ad_n_ady, -13 
(-4, 1, 0), [1, -3, 13, 34, 221, -867, 4913], 3.17.ad_n_bi, 15 
(0, -3, -3), [1, -3, 14, -102, 238, -867, 4913], 3.17.ad_o_ady, -12 
(6, -9, 51), [1, -3, 14, 0, 238, -867, 4913], 3.17.ad_o_a, 6 
(0, -3, -2), [1, -3, 15, -102, 255, -867, 4913], 3.17.ad_p_ady, -11 
(0, -3, -1), [1, -3, 16, -102, 272, -867, 4913], 3.17.ad_q_ady, -10 
(-6, 3, 17), [1, -3, 16, 0, 272, -867, 4913], 3.17.ad_q_a, 44 
(0, -3, 1), [1, -3, 18, -102, 306, -867, 4913], 3.17.ad_s_ady, -8 
(0, -3, 2), [1, -3, 19, -102, 323, -867, 4913], 3.17.ad_t_ady, -7 
(-1, -2, 0), [1, -3, 19, -68, 323, -867, 4913], 3.17.ad_t_acq, -3 
(-2, -1, 0), [1, -3, 19, -34, 323, -867, 4913], 3.17.ad_t_abi, 3 
(0, -3, 3), [1, -3, 20, -102, 340, -867, 4913], 3.17.ad_u_ady, -6 
(0, -3, 4), [1, -3, 21, -102, 357, -867, 4913], 3.17.ad_v_ady, -5 
(0, -3, 5), [1, -3, 22, -102, 374, -867, 4913], 3.17.ad_w_ady, -4 
(0, -3, 7), [1, -3, 24, -102, 408, -867, 4913], 3.17.ad_y_ady, -2 
(0, -3, 8), [1, -3, 25, -102, 425, -867, 4913], 3.17.ad_z_ady, -1 
(0, -3, 9), [1, -3, 26, -102, 442, -867, 4913], 3.17.ad_ba_ady, 0 
(0, -3, 10), [1, -3, 27, -102, 459, -867, 4913], 3.17.ad_bb_ady, 1 
(0, -3, 11), [1, -3, 28, -102, 476, -867, 4913], 3.17.ad_bc_ady, 2 
(0, -3, 12), [1, -3, 29, -102, 493, -867, 4913], 3.17.ad_bd_ady, 3 
(0, -3, 13), [1, -3, 30, -102, 510, -867, 4913], 3.17.ad_be_ady, 4 
(0, -3, 14), [1, -3, 31, -102, 527, -867, 4913], 3.17.ad_bf_ady, 5 
(0, -3, 15), [1, -3, 32, -102, 544, -867, 4913], 3.17.ad_bg_ady, 6 
(0, -3, 18), [1, -3, 35, -102, 595, -867, 4913], 3.17.ad_bj_ady, 9 
(0, -3, 19), [1, -3, 36, -102, 612, -867, 4913], 3.17.ad_bk_ady, 10 
(-2, -1, 17), [1, -3, 36, -68, 612, -867, 4913], 3.17.ad_bk_acq, 20 
(0, -3, 20), [1, -3, 37, -102, 629, -867, 4913], 3.17.ad_bl_ady, 11 
(0, -3, 21), [1, -3, 38, -102, 646, -867, 4913], 3.17.ad_bm_ady, 12 
(0, -3, 22), [1, -3, 39, -102, 663, -867, 4913], 3.17.ad_bn_ady, 13 
(0, -3, 23), [1, -3, 40, -102, 680, -867, 4913], 3.17.ad_bo_ady, 14 
(0, -3, 25), [1, -3, 42, -102, 714, -867, 4913], 3.17.ad_bq_ady, 16 
(0, -3, 26), [1, -3, 43, -102, 731, -867, 4913], 3.17.ad_br_ady, 17 
(0, -3, 27), [1, -3, 44, -102, 748, -867, 4913], 3.17.ad_bs_ady, 18 
(0, -3, 28), [1, -3, 45, -102, 765, -867, 4913], 3.17.ad_bt_ady, 19 
(0, -3, 29), [1, -3, 46, -102, 782, -867, 4913], 3.17.ad_bu_ady, 20 
(-8, 6, 17), [1, -2, -14, 68, -238, -578, 4913], 3.17.ac_ao_cq, 45 
(8, -10, 51), [1, -2, -12, 68, -204, -578, 4913], 3.17.ac_am_cq, 15 
(-4, 2, -17), [1, -2, -8, 136, -136, -578, 4913], 3.17.ac_ai_fg, -5 
(-6, 4, 0), [1, -2, -7, 136, -119, -578, 4913], 3.17.ac_ah_fg, 20 
(-3, 1, -17), [1, -2, -3, 85, -51, -578, 4913], 3.17.ac_ad_dh, -9 
(-7, 5, 17), [1, -2, -1, 51, -17, -578, 4913], 3.17.ac_ab_bz, 41 
(0, -2, -16), [1, -2, 1, -68, 17, -578, 4913], 3.17.ac_b_acq, -20 
(-1, -1, -17), [1, -2, 1, -17, 17, -578, 4913], 3.17.ac_b_ar, -17 
(0, -2, -15), [1, -2, 2, -68, 34, -578, 4913], 3.17.ac_c_acq, -19 
(-5, 3, 0), [1, -2, 2, 102, 34, -578, 4913], 3.17.ac_c_dy, 16 
(0, -2, -13), [1, -2, 4, -68, 68, -578, 4913], 3.17.ac_e_acq, -17 
(0, -2, -12), [1, -2, 5, -68, 85, -578, 4913], 3.17.ac_f_acq, -16 
(7, -9, 51), [1, -2, 5, 51, 85, -578, 4913], 3.17.ac_f_bz, 19 
(0, -2, -11), [1, -2, 6, -68, 102, -578, 4913], 3.17.ac_g_acq, -15 
(0, -2, -10), [1, -2, 7, -68, 119, -578, 4913], 3.17.ac_h_acq, -14 
(0, -2, -9), [1, -2, 8, -68, 136, -578, 4913], 3.17.ac_i_acq, -13 
(2, -4, 0), [1, -2, 9, -136, 153, -578, 4913], 3.17.ac_j_afg, -12 
(0, -2, -8), [1, -2, 9, -68, 153, -578, 4913], 3.17.ac_j_acq, -12 
(-4, 2, 0), [1, -2, 9, 68, 153, -578, 4913], 3.17.ac_j_cq, 12 
(4, -6, 17), [1, -2, 10, -136, 170, -578, 4913], 3.17.ac_k_afg, -3 
(0, -2, -7), [1, -2, 10, -68, 170, -578, 4913], 3.17.ac_k_acq, -11 
(-6, 4, 17), [1, -2, 10, 34, 170, -578, 4913], 3.17.ac_k_bi, 37 
(0, -2, -6), [1, -2, 11, -68, 187, -578, 4913], 3.17.ac_l_acq, -10 
(0, -2, -5), [1, -2, 12, -68, 204, -578, 4913], 3.17.ac_m_acq, -9 
(0, -2, -4), [1, -2, 13, -68, 221, -578, 4913], 3.17.ac_n_acq, -8 
(1, -3, 0), [1, -2, 14, -102, 238, -578, 4913], 3.17.ac_o_ady, -8 
(0, -2, -3), [1, -2, 14, -68, 238, -578, 4913], 3.17.ac_o_acq, -7 
(-3, 1, 0), [1, -2, 14, 34, 238, -578, 4913], 3.17.ac_o_bi, 8 
(0, -2, -2), [1, -2, 15, -68, 255, -578, 4913], 3.17.ac_p_acq, -6 
(0, -2, 1), [1, -2, 18, -68, 306, -578, 4913], 3.17.ac_s_acq, -3 
(-1, -1, 0), [1, -2, 18, -34, 306, -578, 4913], 3.17.ac_s_abi, 0 
(3, -5, 17), [1, -2, 19, -119, 323, -578, 4913], 3.17.ac_t_aep, 1 
(0, -2, 2), [1, -2, 19, -68, 323, -578, 4913], 3.17.ac_t_acq, -2 
(-5, 3, 17), [1, -2, 19, 17, 323, -578, 4913], 3.17.ac_t_r, 33 
(0, -2, 3), [1, -2, 20, -68, 340, -578, 4913], 3.17.ac_u_acq, -1 
(0, -2, 4), [1, -2, 21, -68, 357, -578, 4913], 3.17.ac_v_acq, 0 
(0, -2, 5), [1, -2, 22, -68, 374, -578, 4913], 3.17.ac_w_acq, 1 
(0, -2, 6), [1, -2, 23, -68, 391, -578, 4913], 3.17.ac_x_acq, 2 
(0, -2, 7), [1, -2, 24, -68, 408, -578, 4913], 3.17.ac_y_acq, 3 
(0, -2, 8), [1, -2, 25, -68, 425, -578, 4913], 3.17.ac_z_acq, 4 
(2, -4, 17), [1, -2, 26, -102, 442, -578, 4913], 3.17.ac_ba_ady, 5 
(0, -2, 9), [1, -2, 26, -68, 442, -578, 4913], 3.17.ac_ba_acq, 5 
(-4, 2, 17), [1, -2, 26, 0, 442, -578, 4913], 3.17.ac_ba_a, 29 
(0, -2, 11), [1, -2, 28, -68, 476, -578, 4913], 3.17.ac_bc_acq, 7 
(0, -2, 12), [1, -2, 29, -68, 493, -578, 4913], 3.17.ac_bd_acq, 8 
(0, -2, 13), [1, -2, 30, -68, 510, -578, 4913], 3.17.ac_be_acq, 9 
(1, -3, 17), [1, -2, 31, -85, 527, -578, 4913], 3.17.ac_bf_adh, 9 
(0, -2, 14), [1, -2, 31, -68, 527, -578, 4913], 3.17.ac_bf_acq, 10 
(-3, 1, 17), [1, -2, 31, -17, 527, -578, 4913], 3.17.ac_bf_ar, 25 
(0, -2, 15), [1, -2, 32, -68, 544, -578, 4913], 3.17.ac_bg_acq, 11 
(0, -2, 16), [1, -2, 33, -68, 561, -578, 4913], 3.17.ac_bh_acq, 12 
(0, -2, 18), [1, -2, 35, -68, 595, -578, 4913], 3.17.ac_bj_acq, 14 
(-1, -1, 17), [1, -2, 35, -51, 595, -578, 4913], 3.17.ac_bj_abz, 17 
(0, -2, 20), [1, -2, 37, -68, 629, -578, 4913], 3.17.ac_bl_acq, 16 
(0, -2, 21), [1, -2, 38, -68, 646, -578, 4913], 3.17.ac_bm_acq, 17 
(0, -2, 22), [1, -2, 39, -68, 663, -578, 4913], 3.17.ac_bn_acq, 18 
(0, -2, 23), [1, -2, 40, -68, 680, -578, 4913], 3.17.ac_bo_acq, 19 
(0, -2, 24), [1, -2, 41, -68, 697, -578, 4913], 3.17.ac_bp_acq, 20 
(0, -2, 25), [1, -2, 42, -68, 714, -578, 4913], 3.17.ac_bq_acq, 21 
(0, -2, 27), [1, -2, 44, -68, 748, -578, 4913], 3.17.ac_bs_acq, 23 
(0, -2, 28), [1, -2, 45, -68, 765, -578, 4913], 3.17.ac_bt_acq, 24 
(0, -2, 29), [1, -2, 46, -68, 782, -578, 4913], 3.17.ac_bu_acq, 25 
(0, -2, 30), [1, -2, 47, -68, 799, -578, 4913], 3.17.ac_bv_acq, 26 
(0, -2, 32), [1, -2, 49, -68, 833, -578, 4913], 3.17.ac_bx_acq, 28 
(0, -1, -25), [1, -1, -8, -34, -136, -289, 4913], 3.17.ab_ai_abi, -26 
(0, -1, -24), [1, -1, -7, -34, -119, -289, 4913], 3.17.ab_ah_abi, -25 
(0, -1, -23), [1, -1, -6, -34, -102, -289, 4913], 3.17.ab_ag_abi, -24 
(0, -1, -21), [1, -1, -4, -34, -68, -289, 4913], 3.17.ab_ae_abi, -22 
(8, -9, 51), [1, -1, -4, 102, -68, -289, 4913], 3.17.ab_ae_dy, 34 
(0, -1, -20), [1, -1, -3, -34, -51, -289, 4913], 3.17.ab_ad_abi, -21 
(0, -1, -19), [1, -1, -2, -34, -34, -289, 4913], 3.17.ab_ac_abi, -20 
(-2, 1, -17), [1, -1, -2, 68, -34, -289, 4913], 3.17.ab_ac_cq, -14 
(0, -1, -18), [1, -1, -1, -34, -17, -289, 4913], 3.17.ab_ab_abi, -19 
(0, -1, -16), [1, -1, 1, -34, 17, -289, 4913], 3.17.ab_b_abi, -17 
(0, -1, -15), [1, -1, 2, -34, 34, -289, 4913], 3.17.ab_c_abi, -16 
(0, -1, -14), [1, -1, 3, -34, 51, -289, 4913], 3.17.ab_d_abi, -15 
(0, -1, -13), [1, -1, 4, -34, 68, -289, 4913], 3.17.ab_e_abi, -14 
(-6, 5, 17), [1, -1, 4, 68, 68, -289, 4913], 3.17.ab_e_cq, 28 
(3, -4, 0), [1, -1, 5, -136, 85, -289, 4913], 3.17.ab_f_afg, -7 
(0, -1, -12), [1, -1, 5, -34, 85, -289, 4913], 3.17.ab_f_abi, -13 
(-4, 3, 0), [1, -1, 5, 102, 85, -289, 4913], 3.17.ab_f_dy, 7 
(0, -1, -11), [1, -1, 6, -34, 102, -289, 4913], 3.17.ab_g_abi, -12 
(0, -1, -10), [1, -1, 7, -34, 119, -289, 4913], 3.17.ab_h_abi, -11 
(0, -1, -9), [1, -1, 8, -34, 136, -289, 4913], 3.17.ab_i_abi, -10 
(0, -1, -7), [1, -1, 10, -34, 170, -289, 4913], 3.17.ab_k_abi, -8 
(2, -3, 0), [1, -1, 11, -102, 187, -289, 4913], 3.17.ab_l_ady, -5 
(0, -1, -6), [1, -1, 11, -34, 187, -289, 4913], 3.17.ab_l_abi, -7 
(-3, 2, 0), [1, -1, 11, 68, 187, -289, 4913], 3.17.ab_l_cq, 5 
(0, -1, -5), [1, -1, 12, -34, 204, -289, 4913], 3.17.ab_m_abi, -6 
(0, -1, -4), [1, -1, 13, -34, 221, -289, 4913], 3.17.ab_n_abi, -5 
(4, -5, 17), [1, -1, 14, -102, 238, -289, 4913], 3.17.ab_o_ady, 8 
(0, -1, -3), [1, -1, 14, -34, 238, -289, 4913], 3.17.ab_o_abi, -4 
(1, -2, 0), [1, -1, 15, -68, 255, -289, 4913], 3.17.ab_p_acq, -3 
(0, -1, -2), [1, -1, 15, -34, 255, -289, 4913], 3.17.ab_p_abi, -3 
(-2, 1, 0), [1, -1, 15, 34, 255, -289, 4913], 3.17.ab_p_bi, 3 
(0, -1, -1), [1, -1, 16, -34, 272, -289, 4913], 3.17.ab_q_abi, -2 
(0, -1, 1), [1, -1, 18, -34, 306, -289, 4913], 3.17.ab_s_abi, 0 
(0, -1, 2), [1, -1, 19, -34, 323, -289, 4913], 3.17.ab_t_abi, 1 
(0, -1, 3), [1, -1, 20, -34, 340, -289, 4913], 3.17.ab_u_abi, 2 
(0, -1, 5), [1, -1, 22, -34, 374, -289, 4913], 3.17.ab_w_abi, 4 
(-4, 3, 17), [1, -1, 22, 34, 374, -289, 4913], 3.17.ab_w_bi, 24 
(0, -1, 6), [1, -1, 23, -34, 391, -289, 4913], 3.17.ab_x_abi, 5 
(0, -1, 7), [1, -1, 24, -34, 408, -289, 4913], 3.17.ab_y_abi, 6 
(0, -1, 8), [1, -1, 25, -34, 425, -289, 4913], 3.17.ab_z_abi, 7 
(0, -1, 9), [1, -1, 26, -34, 442, -289, 4913], 3.17.ab_ba_abi, 8 
(0, -1, 10), [1, -1, 27, -34, 459, -289, 4913], 3.17.ab_bb_abi, 9 
(2, -3, 17), [1, -1, 28, -68, 476, -289, 4913], 3.17.ab_bc_acq, 12 
(0, -1, 11), [1, -1, 28, -34, 476, -289, 4913], 3.17.ab_bc_abi, 10 
(0, -1, 12), [1, -1, 29, -34, 493, -289, 4913], 3.17.ab_bd_abi, 11 
(0, -1, 13), [1, -1, 30, -34, 510, -289, 4913], 3.17.ab_be_abi, 12 
(0, -1, 15), [1, -1, 32, -34, 544, -289, 4913], 3.17.ab_bg_abi, 14 
(-2, 1, 17), [1, -1, 32, 0, 544, -289, 4913], 3.17.ab_bg_a, 20 
(0, -1, 16), [1, -1, 33, -34, 561, -289, 4913], 3.17.ab_bh_abi, 15 
(0, -1, 18), [1, -1, 35, -34, 595, -289, 4913], 3.17.ab_bj_abi, 17 
(0, -1, 19), [1, -1, 36, -34, 612, -289, 4913], 3.17.ab_bk_abi, 18 
(0, -1, 20), [1, -1, 37, -34, 629, -289, 4913], 3.17.ab_bl_abi, 19 
(0, -1, 21), [1, -1, 38, -34, 646, -289, 4913], 3.17.ab_bm_abi, 20 
(0, -1, 23), [1, -1, 40, -34, 680, -289, 4913], 3.17.ab_bo_abi, 22 
(0, -1, 24), [1, -1, 41, -34, 697, -289, 4913], 3.17.ab_bp_abi, 23 
(0, -1, 25), [1, -1, 42, -34, 714, -289, 4913], 3.17.ab_bq_abi, 24 
(0, -1, 26), [1, -1, 43, -34, 731, -289, 4913], 3.17.ab_br_abi, 25 
(0, -1, 27), [1, -1, 44, -34, 748, -289, 4913], 3.17.ab_bs_abi, 26 
(0, -1, 29), [1, -1, 46, -34, 782, -289, 4913], 3.17.ab_bu_abi, 28 
(0, -1, 30), [1, -1, 47, -34, 799, -289, 4913], 3.17.ab_bv_abi, 29 
(0, 0, -32), [1, 0, -15, 0, -255, 0, 4913], 3.17.a_ap_a, -32 
(0, 0, -31), [1, 0, -14, 0, -238, 0, 4913], 3.17.a_ao_a, -31 
(0, 0, -29), [1, 0, -12, 0, -204, 0, 4913], 3.17.a_am_a, -29 
(0, 0, -28), [1, 0, -11, 0, -187, 0, 4913], 3.17.a_al_a, -28 
(0, 0, -27), [1, 0, -10, 0, -170, 0, 4913], 3.17.a_ak_a, -27 
(0, 0, -26), [1, 0, -9, 0, -153, 0, 4913], 3.17.a_aj_a, -26 
(0, 0, -24), [1, 0, -7, 0, -119, 0, 4913], 3.17.a_ah_a, -24 
(0, 0, -23), [1, 0, -6, 0, -102, 0, 4913], 3.17.a_ag_a, -23 
(0, 0, -22), [1, 0, -5, 0, -85, 0, 4913], 3.17.a_af_a, -22 
(2, -2, -17), [1, 0, -4, -102, -68, 0, 4913], 3.17.a_ae_ady, -17 
(0, 0, -21), [1, 0, -4, 0, -68, 0, 4913], 3.17.a_ae_a, -21 
(-2, 2, -17), [1, 0, -4, 102, -68, 0, 4913], 3.17.a_ae_dy, -17 
(0, 0, -20), [1, 0, -3, 0, -51, 0, 4913], 3.17.a_ad_a, -20 
(6, -6, 17), [1, 0, -2, -102, -34, 0, 4913], 3.17.a_ac_ady, 17 
(0, 0, -19), [1, 0, -2, 0, -34, 0, 4913], 3.17.a_ac_a, -19 
(-6, 6, 17), [1, 0, -2, 102, -34, 0, 4913], 3.17.a_ac_dy, 17 
(1, -1, -17), [1, 0, -1, -51, -17, 0, 4913], 3.17.a_ab_abz, -17 
(0, 0, -18), [1, 0, -1, 0, -17, 0, 4913], 3.17.a_ab_a, -18 
(-1, 1, -17), [1, 0, -1, 51, -17, 0, 4913], 3.17.a_ab_bz, -17 
(0, 0, -16), [1, 0, 1, 0, 17, 0, 4913], 3.17.a_b_a, -16 
(0, 0, -14), [1, 0, 3, 0, 51, 0, 4913], 3.17.a_d_a, -14 
(0, 0, -13), [1, 0, 4, 0, 68, 0, 4913], 3.17.a_e_a, -13 
(0, 0, -12), [1, 0, 5, 0, 85, 0, 4913], 3.17.a_f_a, -12 
(0, 0, -11), [1, 0, 6, 0, 102, 0, 4913], 3.17.a_g_a, -11 
(0, 0, -10), [1, 0, 7, 0, 119, 0, 4913], 3.17.a_h_a, -10 
(3, -3, 0), [1, 0, 8, -102, 136, 0, 4913], 3.17.a_i_ady, 0 
(-3, 3, 0), [1, 0, 8, 102, 136, 0, 4913], 3.17.a_i_dy, 0 
(5, -5, 17), [1, 0, 9, -85, 153, 0, 4913], 3.17.a_j_adh, 17 
(0, 0, -8), [1, 0, 9, 0, 153, 0, 4913], 3.17.a_j_a, -8 
(-5, 5, 17), [1, 0, 9, 85, 153, 0, 4913], 3.17.a_j_dh, 17 
(0, 0, -7), [1, 0, 10, 0, 170, 0, 4913], 3.17.a_k_a, -7 
(0, 0, -6), [1, 0, 11, 0, 187, 0, 4913], 3.17.a_l_a, -6 
(0, 0, -5), [1, 0, 12, 0, 204, 0, 4913], 3.17.a_m_a, -5 
(2, -2, 0), [1, 0, 13, -68, 221, 0, 4913], 3.17.a_n_acq, 0 
(0, 0, -4), [1, 0, 13, 0, 221, 0, 4913], 3.17.a_n_a, -4 
(-2, 2, 0), [1, 0, 13, 68, 221, 0, 4913], 3.17.a_n_cq, 0 
(0, 0, -3), [1, 0, 14, 0, 238, 0, 4913], 3.17.a_o_a, -3 
(1, -1, 0), [1, 0, 16, -34, 272, 0, 4913], 3.17.a_q_abi, 0 
(0, 0, -1), [1, 0, 16, 0, 272, 0, 4913], 3.17.a_q_a, -1 
(-1, 1, 0), [1, 0, 16, 34, 272, 0, 4913], 3.17.a_q_bi, 0 
(4, -4, 17), [1, 0, 18, -68, 306, 0, 4913], 3.17.a_s_acq, 17 
(0, 0, 1), [1, 0, 18, 0, 306, 0, 4913], 3.17.a_s_a, 1 
(-4, 4, 17), [1, 0, 18, 68, 306, 0, 4913], 3.17.a_s_cq, 17 
(0, 0, 2), [1, 0, 19, 0, 323, 0, 4913], 3.17.a_t_a, 2 
(0, 0, 3), [1, 0, 20, 0, 340, 0, 4913], 3.17.a_u_a, 3 
(0, 0, 4), [1, 0, 21, 0, 357, 0, 4913], 3.17.a_v_a, 4 
(0, 0, 5), [1, 0, 22, 0, 374, 0, 4913], 3.17.a_w_a, 5 
(0, 0, 6), [1, 0, 23, 0, 391, 0, 4913], 3.17.a_x_a, 6 
(0, 0, 7), [1, 0, 24, 0, 408, 0, 4913], 3.17.a_y_a, 7 
(0, 0, 8), [1, 0, 25, 0, 425, 0, 4913], 3.17.a_z_a, 8 
(0, 0, 10), [1, 0, 27, 0, 459, 0, 4913], 3.17.a_bb_a, 10 
(0, 0, 11), [1, 0, 28, 0, 476, 0, 4913], 3.17.a_bc_a, 11 
(0, 0, 12), [1, 0, 29, 0, 493, 0, 4913], 3.17.a_bd_a, 12 
(2, -2, 17), [1, 0, 30, -34, 510, 0, 4913], 3.17.a_be_abi, 17 
(0, 0, 13), [1, 0, 30, 0, 510, 0, 4913], 3.17.a_be_a, 13 
(-2, 2, 17), [1, 0, 30, 34, 510, 0, 4913], 3.17.a_be_bi, 17 
(0, 0, 14), [1, 0, 31, 0, 527, 0, 4913], 3.17.a_bf_a, 14 
(1, -1, 17), [1, 0, 33, -17, 561, 0, 4913], 3.17.a_bh_ar, 17 
(0, 0, 16), [1, 0, 33, 0, 561, 0, 4913], 3.17.a_bh_a, 16 
(-1, 1, 17), [1, 0, 33, 17, 561, 0, 4913], 3.17.a_bh_r, 17 
(0, 0, 19), [1, 0, 36, 0, 612, 0, 4913], 3.17.a_bk_a, 19 
(0, 0, 20), [1, 0, 37, 0, 629, 0, 4913], 3.17.a_bl_a, 20 
(0, 0, 21), [1, 0, 38, 0, 646, 0, 4913], 3.17.a_bm_a, 21 
(0, 0, 22), [1, 0, 39, 0, 663, 0, 4913], 3.17.a_bn_a, 22 
(0, 0, 23), [1, 0, 40, 0, 680, 0, 4913], 3.17.a_bo_a, 23 
(0, 0, 24), [1, 0, 41, 0, 697, 0, 4913], 3.17.a_bp_a, 24 
(0, 0, 26), [1, 0, 43, 0, 731, 0, 4913], 3.17.a_br_a, 26 
(0, 0, 28), [1, 0, 45, 0, 765, 0, 4913], 3.17.a_bt_a, 28 
(0, 0, 29), [1, 0, 46, 0, 782, 0, 4913], 3.17.a_bu_a, 29 
(0, 0, 32), [1, 0, 49, 0, 833, 0, 4913], 3.17.a_bx_a, 32 
(0, 1, -25), [1, 1, -8, 34, -136, 289, 4913], 3.17.b_ai_bi, -26 
(0, 1, -24), [1, 1, -7, 34, -119, 289, 4913], 3.17.b_ah_bi, -25 
(0, 1, -23), [1, 1, -6, 34, -102, 289, 4913], 3.17.b_ag_bi, -24 
(-8, 9, 51), [1, 1, -4, -102, -68, 289, 4913], 3.17.b_ae_ady, 34 
(0, 1, -21), [1, 1, -4, 34, -68, 289, 4913], 3.17.b_ae_bi, -22 
(0, 1, -20), [1, 1, -3, 34, -51, 289, 4913], 3.17.b_ad_bi, -21 
(2, -1, -17), [1, 1, -2, -68, -34, 289, 4913], 3.17.b_ac_acq, -14 
(0, 1, -19), [1, 1, -2, 34, -34, 289, 4913], 3.17.b_ac_bi, -20 
(0, 1, -18), [1, 1, -1, 34, -17, 289, 4913], 3.17.b_ab_bi, -19 
(0, 1, -16), [1, 1, 1, 34, 17, 289, 4913], 3.17.b_b_bi, -17 
(0, 1, -15), [1, 1, 2, 34, 34, 289, 4913], 3.17.b_c_bi, -16 
(0, 1, -14), [1, 1, 3, 34, 51, 289, 4913], 3.17.b_d_bi, -15 
(6, -5, 17), [1, 1, 4, -68, 68, 289, 4913], 3.17.b_e_acq, 28 
(0, 1, -13), [1, 1, 4, 34, 68, 289, 4913], 3.17.b_e_bi, -14 
(4, -3, 0), [1, 1, 5, -102, 85, 289, 4913], 3.17.b_f_ady, 7 
(0, 1, -12), [1, 1, 5, 34, 85, 289, 4913], 3.17.b_f_bi, -13 
(-3, 4, 0), [1, 1, 5, 136, 85, 289, 4913], 3.17.b_f_fg, -7 
(0, 1, -11), [1, 1, 6, 34, 102, 289, 4913], 3.17.b_g_bi, -12 
(0, 1, -10), [1, 1, 7, 34, 119, 289, 4913], 3.17.b_h_bi, -11 
(0, 1, -9), [1, 1, 8, 34, 136, 289, 4913], 3.17.b_i_bi, -10 
(0, 1, -7), [1, 1, 10, 34, 170, 289, 4913], 3.17.b_k_bi, -8 
(3, -2, 0), [1, 1, 11, -68, 187, 289, 4913], 3.17.b_l_acq, 5 
(0, 1, -6), [1, 1, 11, 34, 187, 289, 4913], 3.17.b_l_bi, -7 
(-2, 3, 0), [1, 1, 11, 102, 187, 289, 4913], 3.17.b_l_dy, -5 
(0, 1, -5), [1, 1, 12, 34, 204, 289, 4913], 3.17.b_m_bi, -6 
(0, 1, -4), [1, 1, 13, 34, 221, 289, 4913], 3.17.b_n_bi, -5 
(0, 1, -3), [1, 1, 14, 34, 238, 289, 4913], 3.17.b_o_bi, -4 
(-4, 5, 17), [1, 1, 14, 102, 238, 289, 4913], 3.17.b_o_dy, 8 
(2, -1, 0), [1, 1, 15, -34, 255, 289, 4913], 3.17.b_p_abi, 3 
(0, 1, -2), [1, 1, 15, 34, 255, 289, 4913], 3.17.b_p_bi, -3 
(-1, 2, 0), [1, 1, 15, 68, 255, 289, 4913], 3.17.b_p_cq, -3 
(0, 1, -1), [1, 1, 16, 34, 272, 289, 4913], 3.17.b_q_bi, -2 
(0, 1, 1), [1, 1, 18, 34, 306, 289, 4913], 3.17.b_s_bi, 0 
(0, 1, 2), [1, 1, 19, 34, 323, 289, 4913], 3.17.b_t_bi, 1 
(0, 1, 3), [1, 1, 20, 34, 340, 289, 4913], 3.17.b_u_bi, 2 
(4, -3, 17), [1, 1, 22, -34, 374, 289, 4913], 3.17.b_w_abi, 24 
(0, 1, 5), [1, 1, 22, 34, 374, 289, 4913], 3.17.b_w_bi, 4 
(0, 1, 6), [1, 1, 23, 34, 391, 289, 4913], 3.17.b_x_bi, 5 
(0, 1, 7), [1, 1, 24, 34, 408, 289, 4913], 3.17.b_y_bi, 6 
(0, 1, 8), [1, 1, 25, 34, 425, 289, 4913], 3.17.b_z_bi, 7 
(0, 1, 9), [1, 1, 26, 34, 442, 289, 4913], 3.17.b_ba_bi, 8 
(0, 1, 10), [1, 1, 27, 34, 459, 289, 4913], 3.17.b_bb_bi, 9 
(0, 1, 11), [1, 1, 28, 34, 476, 289, 4913], 3.17.b_bc_bi, 10 
(-2, 3, 17), [1, 1, 28, 68, 476, 289, 4913], 3.17.b_bc_cq, 12 
(0, 1, 12), [1, 1, 29, 34, 493, 289, 4913], 3.17.b_bd_bi, 11 
(0, 1, 13), [1, 1, 30, 34, 510, 289, 4913], 3.17.b_be_bi, 12 
(2, -1, 17), [1, 1, 32, 0, 544, 289, 4913], 3.17.b_bg_a, 20 
(0, 1, 15), [1, 1, 32, 34, 544, 289, 4913], 3.17.b_bg_bi, 14 
(0, 1, 16), [1, 1, 33, 34, 561, 289, 4913], 3.17.b_bh_bi, 15 
(0, 1, 18), [1, 1, 35, 34, 595, 289, 4913], 3.17.b_bj_bi, 17 
(0, 1, 19), [1, 1, 36, 34, 612, 289, 4913], 3.17.b_bk_bi, 18 
(0, 1, 20), [1, 1, 37, 34, 629, 289, 4913], 3.17.b_bl_bi, 19 
(0, 1, 21), [1, 1, 38, 34, 646, 289, 4913], 3.17.b_bm_bi, 20 
(0, 1, 23), [1, 1, 40, 34, 680, 289, 4913], 3.17.b_bo_bi, 22 
(0, 1, 24), [1, 1, 41, 34, 697, 289, 4913], 3.17.b_bp_bi, 23 
(0, 1, 25), [1, 1, 42, 34, 714, 289, 4913], 3.17.b_bq_bi, 24 
(0, 1, 26), [1, 1, 43, 34, 731, 289, 4913], 3.17.b_br_bi, 25 
(0, 1, 27), [1, 1, 44, 34, 748, 289, 4913], 3.17.b_bs_bi, 26 
(0, 1, 29), [1, 1, 46, 34, 782, 289, 4913], 3.17.b_bu_bi, 28 
(0, 1, 30), [1, 1, 47, 34, 799, 289, 4913], 3.17.b_bv_bi, 29 
(8, -6, 17), [1, 2, -14, -68, -238, 578, 4913], 3.17.c_ao_acq, 45 
(-8, 10, 51), [1, 2, -12, -68, -204, 578, 4913], 3.17.c_am_acq, 15 
(4, -2, -17), [1, 2, -8, -136, -136, 578, 4913], 3.17.c_ai_afg, -5 
(6, -4, 0), [1, 2, -7, -136, -119, 578, 4913], 3.17.c_ah_afg, 20 
(3, -1, -17), [1, 2, -3, -85, -51, 578, 4913], 3.17.c_ad_adh, -9 
(7, -5, 17), [1, 2, -1, -51, -17, 578, 4913], 3.17.c_ab_abz, 41 
(1, 1, -17), [1, 2, 1, 17, 17, 578, 4913], 3.17.c_b_r, -17 
(0, 2, -16), [1, 2, 1, 68, 17, 578, 4913], 3.17.c_b_cq, -20 
(5, -3, 0), [1, 2, 2, -102, 34, 578, 4913], 3.17.c_c_ady, 16 
(0, 2, -15), [1, 2, 2, 68, 34, 578, 4913], 3.17.c_c_cq, -19 
(0, 2, -13), [1, 2, 4, 68, 68, 578, 4913], 3.17.c_e_cq, -17 
(-7, 9, 51), [1, 2, 5, -51, 85, 578, 4913], 3.17.c_f_abz, 19 
(0, 2, -12), [1, 2, 5, 68, 85, 578, 4913], 3.17.c_f_cq, -16 
(0, 2, -11), [1, 2, 6, 68, 102, 578, 4913], 3.17.c_g_cq, -15 
(0, 2, -10), [1, 2, 7, 68, 119, 578, 4913], 3.17.c_h_cq, -14 
(0, 2, -9), [1, 2, 8, 68, 136, 578, 4913], 3.17.c_i_cq, -13 
(4, -2, 0), [1, 2, 9, -68, 153, 578, 4913], 3.17.c_j_acq, 12 
(0, 2, -8), [1, 2, 9, 68, 153, 578, 4913], 3.17.c_j_cq, -12 
(-2, 4, 0), [1, 2, 9, 136, 153, 578, 4913], 3.17.c_j_fg, -12 
(6, -4, 17), [1, 2, 10, -34, 170, 578, 4913], 3.17.c_k_abi, 37 
(0, 2, -7), [1, 2, 10, 68, 170, 578, 4913], 3.17.c_k_cq, -11 
(-4, 6, 17), [1, 2, 10, 136, 170, 578, 4913], 3.17.c_k_fg, -3 
(0, 2, -6), [1, 2, 11, 68, 187, 578, 4913], 3.17.c_l_cq, -10 
(0, 2, -5), [1, 2, 12, 68, 204, 578, 4913], 3.17.c_m_cq, -9 
(0, 2, -4), [1, 2, 13, 68, 221, 578, 4913], 3.17.c_n_cq, -8 
(3, -1, 0), [1, 2, 14, -34, 238, 578, 4913], 3.17.c_o_abi, 8 
(0, 2, -3), [1, 2, 14, 68, 238, 578, 4913], 3.17.c_o_cq, -7 
(-1, 3, 0), [1, 2, 14, 102, 238, 578, 4913], 3.17.c_o_dy, -8 
(0, 2, -2), [1, 2, 15, 68, 255, 578, 4913], 3.17.c_p_cq, -6 
(1, 1, 0), [1, 2, 18, 34, 306, 578, 4913], 3.17.c_s_bi, 0 
(0, 2, 1), [1, 2, 18, 68, 306, 578, 4913], 3.17.c_s_cq, -3 
(5, -3, 17), [1, 2, 19, -17, 323, 578, 4913], 3.17.c_t_ar, 33 
(0, 2, 2), [1, 2, 19, 68, 323, 578, 4913], 3.17.c_t_cq, -2 
(-3, 5, 17), [1, 2, 19, 119, 323, 578, 4913], 3.17.c_t_ep, 1 
(0, 2, 3), [1, 2, 20, 68, 340, 578, 4913], 3.17.c_u_cq, -1 
(0, 2, 4), [1, 2, 21, 68, 357, 578, 4913], 3.17.c_v_cq, 0 
(0, 2, 5), [1, 2, 22, 68, 374, 578, 4913], 3.17.c_w_cq, 1 
(0, 2, 6), [1, 2, 23, 68, 391, 578, 4913], 3.17.c_x_cq, 2 
(0, 2, 7), [1, 2, 24, 68, 408, 578, 4913], 3.17.c_y_cq, 3 
(0, 2, 8), [1, 2, 25, 68, 425, 578, 4913], 3.17.c_z_cq, 4 
(4, -2, 17), [1, 2, 26, 0, 442, 578, 4913], 3.17.c_ba_a, 29 
(0, 2, 9), [1, 2, 26, 68, 442, 578, 4913], 3.17.c_ba_cq, 5 
(-2, 4, 17), [1, 2, 26, 102, 442, 578, 4913], 3.17.c_ba_dy, 5 
(0, 2, 11), [1, 2, 28, 68, 476, 578, 4913], 3.17.c_bc_cq, 7 
(0, 2, 12), [1, 2, 29, 68, 493, 578, 4913], 3.17.c_bd_cq, 8 
(0, 2, 13), [1, 2, 30, 68, 510, 578, 4913], 3.17.c_be_cq, 9 
(3, -1, 17), [1, 2, 31, 17, 527, 578, 4913], 3.17.c_bf_r, 25 
(0, 2, 14), [1, 2, 31, 68, 527, 578, 4913], 3.17.c_bf_cq, 10 
(-1, 3, 17), [1, 2, 31, 85, 527, 578, 4913], 3.17.c_bf_dh, 9 
(0, 2, 15), [1, 2, 32, 68, 544, 578, 4913], 3.17.c_bg_cq, 11 
(0, 2, 16), [1, 2, 33, 68, 561, 578, 4913], 3.17.c_bh_cq, 12 
(1, 1, 17), [1, 2, 35, 51, 595, 578, 4913], 3.17.c_bj_bz, 17 
(0, 2, 18), [1, 2, 35, 68, 595, 578, 4913], 3.17.c_bj_cq, 14 
(0, 2, 20), [1, 2, 37, 68, 629, 578, 4913], 3.17.c_bl_cq, 16 
(0, 2, 21), [1, 2, 38, 68, 646, 578, 4913], 3.17.c_bm_cq, 17 
(0, 2, 22), [1, 2, 39, 68, 663, 578, 4913], 3.17.c_bn_cq, 18 
(0, 2, 23), [1, 2, 40, 68, 680, 578, 4913], 3.17.c_bo_cq, 19 
(0, 2, 24), [1, 2, 41, 68, 697, 578, 4913], 3.17.c_bp_cq, 20 
(0, 2, 25), [1, 2, 42, 68, 714, 578, 4913], 3.17.c_bq_cq, 21 
(0, 2, 27), [1, 2, 44, 68, 748, 578, 4913], 3.17.c_bs_cq, 23 
(0, 2, 28), [1, 2, 45, 68, 765, 578, 4913], 3.17.c_bt_cq, 24 
(0, 2, 29), [1, 2, 46, 68, 782, 578, 4913], 3.17.c_bu_cq, 25 
(0, 2, 30), [1, 2, 47, 68, 799, 578, 4913], 3.17.c_bv_cq, 26 
(0, 2, 32), [1, 2, 49, 68, 833, 578, 4913], 3.17.c_bx_cq, 28 
(7, -4, 0), [1, 3, -11, -136, -187, 867, 4913], 3.17.d_al_afg, 33 
(8, -5, 17), [1, 3, -6, -34, -102, 867, 4913], 3.17.d_ag_abi, 56 
(4, -1, -17), [1, 3, -4, -102, -68, 867, 4913], 3.17.d_ae_ady, -2 
(6, -3, 0), [1, 3, -1, -102, -17, 867, 4913], 3.17.d_ab_ady, 27 
(2, 1, -17), [1, 3, 2, 0, 34, 867, 4913], 3.17.d_c_a, -14 
(0, 3, -9), [1, 3, 8, 102, 136, 867, 4913], 3.17.d_i_dy, -18 
(0, 3, -8), [1, 3, 9, 102, 153, 867, 4913], 3.17.d_j_dy, -17 
(0, 3, -7), [1, 3, 10, 102, 170, 867, 4913], 3.17.d_k_dy, -16 
(0, 3, -5), [1, 3, 12, 102, 204, 867, 4913], 3.17.d_m_dy, -14 
(4, -1, 0), [1, 3, 13, -34, 221, 867, 4913], 3.17.d_n_abi, 15 
(0, 3, -4), [1, 3, 13, 102, 221, 867, 4913], 3.17.d_n_dy, -13 
(-1, 4, 0), [1, 3, 13, 136, 221, 867, 4913], 3.17.d_n_fg, -15 
(-6, 9, 51), [1, 3, 14, 0, 238, 867, 4913], 3.17.d_o_a, 6 
(0, 3, -3), [1, 3, 14, 102, 238, 867, 4913], 3.17.d_o_dy, -12 
(0, 3, -2), [1, 3, 15, 102, 255, 867, 4913], 3.17.d_p_dy, -11 
(6, -3, 17), [1, 3, 16, 0, 272, 867, 4913], 3.17.d_q_a, 44 
(0, 3, -1), [1, 3, 16, 102, 272, 867, 4913], 3.17.d_q_dy, -10 
(0, 3, 1), [1, 3, 18, 102, 306, 867, 4913], 3.17.d_s_dy, -8 
(2, 1, 0), [1, 3, 19, 34, 323, 867, 4913], 3.17.d_t_bi, 3 
(1, 2, 0), [1, 3, 19, 68, 323, 867, 4913], 3.17.d_t_cq, -3 
(0, 3, 2), [1, 3, 19, 102, 323, 867, 4913], 3.17.d_t_dy, -7 
(0, 3, 3), [1, 3, 20, 102, 340, 867, 4913], 3.17.d_u_dy, -6 
(0, 3, 4), [1, 3, 21, 102, 357, 867, 4913], 3.17.d_v_dy, -5 
(0, 3, 5), [1, 3, 22, 102, 374, 867, 4913], 3.17.d_w_dy, -4 
(0, 3, 7), [1, 3, 24, 102, 408, 867, 4913], 3.17.d_y_dy, -2 
(0, 3, 8), [1, 3, 25, 102, 425, 867, 4913], 3.17.d_z_dy, -1 
(0, 3, 9), [1, 3, 26, 102, 442, 867, 4913], 3.17.d_ba_dy, 0 
(0, 3, 10), [1, 3, 27, 102, 459, 867, 4913], 3.17.d_bb_dy, 1 
(0, 3, 11), [1, 3, 28, 102, 476, 867, 4913], 3.17.d_bc_dy, 2 
(0, 3, 12), [1, 3, 29, 102, 493, 867, 4913], 3.17.d_bd_dy, 3 
(0, 3, 13), [1, 3, 30, 102, 510, 867, 4913], 3.17.d_be_dy, 4 
(0, 3, 14), [1, 3, 31, 102, 527, 867, 4913], 3.17.d_bf_dy, 5 
(0, 3, 15), [1, 3, 32, 102, 544, 867, 4913], 3.17.d_bg_dy, 6 
(0, 3, 18), [1, 3, 35, 102, 595, 867, 4913], 3.17.d_bj_dy, 9 
(2, 1, 17), [1, 3, 36, 68, 612, 867, 4913], 3.17.d_bk_cq, 20 
(0, 3, 19), [1, 3, 36, 102, 612, 867, 4913], 3.17.d_bk_dy, 10 
(0, 3, 20), [1, 3, 37, 102, 629, 867, 4913], 3.17.d_bl_dy, 11 
(0, 3, 21), [1, 3, 38, 102, 646, 867, 4913], 3.17.d_bm_dy, 12 
(0, 3, 22), [1, 3, 39, 102, 663, 867, 4913], 3.17.d_bn_dy, 13 
(0, 3, 23), [1, 3, 40, 102, 680, 867, 4913], 3.17.d_bo_dy, 14 
(0, 3, 25), [1, 3, 42, 102, 714, 867, 4913], 3.17.d_bq_dy, 16 
(0, 3, 26), [1, 3, 43, 102, 731, 867, 4913], 3.17.d_br_dy, 17 
(0, 3, 27), [1, 3, 44, 102, 748, 867, 4913], 3.17.d_bs_dy, 18 
(0, 3, 28), [1, 3, 45, 102, 765, 867, 4913], 3.17.d_bt_dy, 19 
(0, 3, 29), [1, 3, 46, 102, 782, 867, 4913], 3.17.d_bu_dy, 20 
(8, -4, 0), [1, 4, -15, -136, -255, 1156, 4913], 3.17.e_ap_afg, 48 
(-8, 12, 68), [1, 4, -11, -136, -187, 1156, 4913], 3.17.e_al_afg, -12 
(5, -1, -17), [1, 4, -5, -119, -85, 1156, 4913], 3.17.e_af_aep, 7 
(7, -3, 0), [1, 4, -4, -102, -68, 1156, 4913], 3.17.e_ae_ady, 40 
(8, -4, 17), [1, 4, 2, 0, 34, 1156, 4913], 3.17.e_c_a, 65 
(3, 1, -17), [1, 4, 3, -17, 51, 1156, 4913], 3.17.e_d_ar, -9 
(2, 2, -17), [1, 4, 4, 34, 68, 1156, 4913], 3.17.e_e_bi, -17 
(6, -2, 0), [1, 4, 5, -68, 85, 1156, 4913], 3.17.e_f_acq, 32 
(-6, 10, 51), [1, 4, 8, 34, 136, 1156, 4913], 3.17.e_i_bi, -13 
(5, -1, 0), [1, 4, 12, -34, 204, 1156, 4913], 3.17.e_m_abi, 24 
(7, -3, 17), [1, 4, 13, 17, 221, 1156, 4913], 3.17.e_n_r, 57 
(0, 4, -1), [1, 4, 16, 136, 272, 1156, 4913], 3.17.e_q_fg, -17 
(0, 4, 1), [1, 4, 18, 136, 306, 1156, 4913], 3.17.e_s_fg, -15 
(3, 1, 0), [1, 4, 20, 34, 340, 1156, 4913], 3.17.e_u_bi, 8 
(1, 3, 0), [1, 4, 20, 102, 340, 1156, 4913], 3.17.e_u_dy, -8 
(0, 4, 3), [1, 4, 20, 136, 340, 1156, 4913], 3.17.e_u_fg, -13 
(2, 2, 0), [1, 4, 21, 68, 357, 1156, 4913], 3.17.e_v_cq, 0 
(0, 4, 4), [1, 4, 21, 136, 357, 1156, 4913], 3.17.e_v_fg, -12 
(6, -2, 17), [1, 4, 22, 34, 374, 1156, 4913], 3.17.e_w_bi, 49 
(0, 4, 5), [1, 4, 22, 136, 374, 1156, 4913], 3.17.e_w_fg, -11 
(-5, 9, 51), [1, 4, 23, 51, 391, 1156, 4913], 3.17.e_x_bz, -5 
(0, 4, 6), [1, 4, 23, 136, 391, 1156, 4913], 3.17.e_x_fg, -10 
(0, 4, 7), [1, 4, 24, 136, 408, 1156, 4913], 3.17.e_y_fg, -9 
(0, 4, 8), [1, 4, 25, 136, 425, 1156, 4913], 3.17.e_z_fg, -8 
(0, 4, 9), [1, 4, 26, 136, 442, 1156, 4913], 3.17.e_ba_fg, -7 
(0, 4, 10), [1, 4, 27, 136, 459, 1156, 4913], 3.17.e_bb_fg, -6 
(0, 4, 11), [1, 4, 28, 136, 476, 1156, 4913], 3.17.e_bc_fg, -5 
(5, -1, 17), [1, 4, 29, 51, 493, 1156, 4913], 3.17.e_bd_bz, 41 
(0, 4, 12), [1, 4, 29, 136, 493, 1156, 4913], 3.17.e_bd_fg, -4 
(-1, 5, 17), [1, 4, 29, 153, 493, 1156, 4913], 3.17.e_bd_fx, -7 
(0, 4, 14), [1, 4, 31, 136, 527, 1156, 4913], 3.17.e_bf_fg, -2 
(0, 4, 15), [1, 4, 32, 136, 544, 1156, 4913], 3.17.e_bg_fg, -1 
(0, 4, 16), [1, 4, 33, 136, 561, 1156, 4913], 3.17.e_bh_fg, 0 
(0, 4, 18), [1, 4, 35, 136, 595, 1156, 4913], 3.17.e_bj_fg, 2 
(0, 4, 19), [1, 4, 36, 136, 612, 1156, 4913], 3.17.e_bk_fg, 3 
(3, 1, 17), [1, 4, 37, 85, 629, 1156, 4913], 3.17.e_bl_dh, 25 
(1, 3, 17), [1, 4, 37, 119, 629, 1156, 4913], 3.17.e_bl_ep, 9 
(0, 4, 20), [1, 4, 37, 136, 629, 1156, 4913], 3.17.e_bl_fg, 4 
(2, 2, 17), [1, 4, 38, 102, 646, 1156, 4913], 3.17.e_bm_dy, 17 
(0, 4, 21), [1, 4, 38, 136, 646, 1156, 4913], 3.17.e_bm_fg, 5 
(0, 4, 23), [1, 4, 40, 136, 680, 1156, 4913], 3.17.e_bo_fg, 7 
(0, 4, 24), [1, 4, 41, 136, 697, 1156, 4913], 3.17.e_bp_fg, 8 
(0, 4, 25), [1, 4, 42, 136, 714, 1156, 4913], 3.17.e_bq_fg, 9 
(0, 4, 26), [1, 4, 43, 136, 731, 1156, 4913], 3.17.e_br_fg, 10 
(0, 4, 27), [1, 4, 44, 136, 748, 1156, 4913], 3.17.e_bs_fg, 11 
(0, 4, 28), [1, 4, 45, 136, 765, 1156, 4913], 3.17.e_bt_fg, 12 
(0, 4, 30), [1, 4, 47, 136, 799, 1156, 4913], 3.17.e_bv_fg, 14 
(0, 4, 31), [1, 4, 48, 136, 816, 1156, 4913], 3.17.e_bw_fg, 15 
(0, 4, 32), [1, 4, 49, 136, 833, 1156, 4913], 3.17.e_bx_fg, 16 
(0, 4, 36), [1, 4, 53, 136, 901, 1156, 4913], 3.17.e_cb_fg, 20 
(8, -3, 0), [1, 5, -7, -102, -119, 1445, 4913], 3.17.f_ah_ady, 55 
(6, -1, -17), [1, 5, -6, -136, -102, 1445, 4913], 3.17.f_ag_afg, 18 
(-7, 12, 68), [1, 5, 1, -68, 17, 1445, 4913], 3.17.f_b_acq, -27 
(7, -2, 0), [1, 5, 3, -68, 51, 1445, 4913], 3.17.f_d_acq, 45 
(4, 1, -17), [1, 5, 4, -34, 68, 1445, 4913], 3.17.f_e_abi, -2 
(8, -3, 17), [1, 5, 10, 34, 170, 1445, 4913], 3.17.f_k_bi, 72 
(6, -1, 0), [1, 5, 11, -34, 187, 1445, 4913], 3.17.f_l_abi, 35 
(4, 1, 0), [1, 5, 21, 34, 357, 1445, 4913], 3.17.f_v_bi, 15 
(1, 4, 0), [1, 5, 21, 136, 357, 1445, 4913], 3.17.f_v_fg, -15 
(3, 2, 0), [1, 5, 23, 68, 391, 1445, 4913], 3.17.f_x_cq, 5 
(2, 3, 0), [1, 5, 23, 102, 391, 1445, 4913], 3.17.f_x_dy, -5 
(0, 5, 8), [1, 5, 25, 170, 425, 1445, 4913], 3.17.f_z_go, -17 
(0, 5, 9), [1, 5, 26, 170, 442, 1445, 4913], 3.17.f_ba_go, -16 
(6, -1, 17), [1, 5, 28, 68, 476, 1445, 4913], 3.17.f_bc_cq, 52 
(0, 5, 11), [1, 5, 28, 170, 476, 1445, 4913], 3.17.f_bc_go, -14 
(0, 5, 12), [1, 5, 29, 170, 493, 1445, 4913], 3.17.f_bd_go, -13 
(0, 5, 13), [1, 5, 30, 170, 510, 1445, 4913], 3.17.f_be_go, -12 
(0, 5, 14), [1, 5, 31, 170, 527, 1445, 4913], 3.17.f_bf_go, -11 
(-4, 9, 51), [1, 5, 32, 102, 544, 1445, 4913], 3.17.f_bg_dy, -14 
(0, 5, 15), [1, 5, 32, 170, 544, 1445, 4913], 3.17.f_bg_go, -10 
(0, 5, 16), [1, 5, 33, 170, 561, 1445, 4913], 3.17.f_bh_go, -9 
(0, 5, 18), [1, 5, 35, 170, 595, 1445, 4913], 3.17.f_bj_go, -7 
(0, 5, 19), [1, 5, 36, 170, 612, 1445, 4913], 3.17.f_bk_go, -6 
(4, 1, 17), [1, 5, 38, 102, 646, 1445, 4913], 3.17.f_bm_dy, 32 
(0, 5, 21), [1, 5, 38, 170, 646, 1445, 4913], 3.17.f_bm_go, -4 
(0, 5, 22), [1, 5, 39, 170, 663, 1445, 4913], 3.17.f_bn_go, -3 
(2, 3, 17), [1, 5, 40, 136, 680, 1445, 4913], 3.17.f_bo_fg, 12 
(0, 5, 23), [1, 5, 40, 170, 680, 1445, 4913], 3.17.f_bo_go, -2 
(0, 5, 24), [1, 5, 41, 170, 697, 1445, 4913], 3.17.f_bp_go, -1 
(0, 5, 25), [1, 5, 42, 170, 714, 1445, 4913], 3.17.f_bq_go, 0 
(0, 5, 26), [1, 5, 43, 170, 731, 1445, 4913], 3.17.f_br_go, 1 
(0, 5, 27), [1, 5, 44, 170, 748, 1445, 4913], 3.17.f_bs_go, 2 
(0, 5, 29), [1, 5, 46, 170, 782, 1445, 4913], 3.17.f_bu_go, 4 
(0, 5, 30), [1, 5, 47, 170, 799, 1445, 4913], 3.17.f_bv_go, 5 
(0, 5, 39), [1, 5, 56, 170, 952, 1445, 4913], 3.17.f_ce_go, 14 
(8, -2, 0), [1, 6, 1, -68, 17, 1734, 4913], 3.17.g_b_acq, 60 
(5, 1, -17), [1, 6, 5, -51, 85, 1734, 4913], 3.17.g_f_abz, 7 
(4, 2, -17), [1, 6, 8, 0, 136, 1734, 4913], 3.17.g_i_a, -5 
(7, -1, 0), [1, 6, 10, -34, 170, 1734, 4913], 3.17.g_k_abi, 48 
(-6, 12, 68), [1, 6, 13, 0, 221, 1734, 4913], 3.17.g_n_a, -40 
(8, -2, 17), [1, 6, 18, 68, 306, 1734, 4913], 3.17.g_s_cq, 77 
(5, 1, 0), [1, 6, 22, 34, 374, 1734, 4913], 3.17.g_w_bi, 24 
(4, 2, 0), [1, 6, 25, 68, 425, 1734, 4913], 3.17.g_z_cq, 12 
(2, 4, 0), [1, 6, 25, 136, 425, 1734, 4913], 3.17.g_z_fg, -12 
(3, 3, 0), [1, 6, 26, 102, 442, 1734, 4913], 3.17.g_ba_dy, 0 
(7, -1, 17), [1, 6, 27, 85, 459, 1734, 4913], 3.17.g_bb_dh, 65 
(-4, 10, 51), [1, 6, 28, 136, 476, 1734, 4913], 3.17.g_bc_fg, -33 
(0, 6, 16), [1, 6, 33, 204, 561, 1734, 4913], 3.17.g_bh_hw, -20 
(0, 6, 19), [1, 6, 36, 204, 612, 1734, 4913], 3.17.g_bk_hw, -17 
(0, 6, 20), [1, 6, 37, 204, 629, 1734, 4913], 3.17.g_bl_hw, -16 
(0, 6, 21), [1, 6, 38, 204, 646, 1734, 4913], 3.17.g_bm_hw, -15 
(1, 5, 17), [1, 6, 39, 187, 663, 1734, 4913], 3.17.g_bn_hf, -7 
(0, 6, 22), [1, 6, 39, 204, 663, 1734, 4913], 3.17.g_bn_hw, -14 
(0, 6, 23), [1, 6, 40, 204, 680, 1734, 4913], 3.17.g_bo_hw, -13 
(-3, 9, 51), [1, 6, 41, 153, 697, 1734, 4913], 3.17.g_bp_fx, -21 
(0, 6, 24), [1, 6, 41, 204, 697, 1734, 4913], 3.17.g_bp_hw, -12 
(4, 2, 17), [1, 6, 42, 136, 714, 1734, 4913], 3.17.g_bq_fg, 29 
(2, 4, 17), [1, 6, 42, 170, 714, 1734, 4913], 3.17.g_bq_go, 5 
(0, 6, 25), [1, 6, 42, 204, 714, 1734, 4913], 3.17.g_bq_hw, -11 
(3, 3, 17), [1, 6, 43, 153, 731, 1734, 4913], 3.17.g_br_fx, 17 
(0, 6, 26), [1, 6, 43, 204, 731, 1734, 4913], 3.17.g_br_hw, -10 
(0, 6, 28), [1, 6, 45, 204, 765, 1734, 4913], 3.17.g_bt_hw, -8 
(0, 6, 29), [1, 6, 46, 204, 782, 1734, 4913], 3.17.g_bu_hw, -7 
(0, 6, 30), [1, 6, 47, 204, 799, 1734, 4913], 3.17.g_bv_hw, -6 
(0, 6, 31), [1, 6, 48, 204, 816, 1734, 4913], 3.17.g_bw_hw, -5 
(0, 6, 32), [1, 6, 49, 204, 833, 1734, 4913], 3.17.g_bx_hw, -4 
(0, 6, 36), [1, 6, 53, 204, 901, 1734, 4913], 3.17.g_cb_hw, 0 
(0, 6, 37), [1, 6, 54, 204, 918, 1734, 4913], 3.17.g_cc_hw, 1 
(0, 6, 38), [1, 6, 55, 204, 935, 1734, 4913], 3.17.g_cd_hw, 2 
(0, 6, 40), [1, 6, 57, 204, 969, 1734, 4913], 3.17.g_cf_hw, 4 
(0, 6, 41), [1, 6, 58, 204, 986, 1734, 4913], 3.17.g_cg_hw, 5 
(8, -1, -17), [1, 7, -8, -170, -136, 2023, 4913], 3.17.h_ai_ago, 46 
(6, 1, -17), [1, 7, 6, -68, 102, 2023, 4913], 3.17.h_g_acq, 18 
(8, -1, 0), [1, 7, 9, -34, 153, 2023, 4913], 3.17.h_j_abi, 63 
(6, 1, 0), [1, 7, 23, 34, 391, 2023, 4913], 3.17.h_x_bi, 35 
(-5, 12, 68), [1, 7, 25, 68, 425, 2023, 4913], 3.17.h_z_cq, -51 
(8, -1, 17), [1, 7, 26, 102, 442, 2023, 4913], 3.17.h_ba_dy, 80 
(5, 2, 0), [1, 7, 27, 68, 459, 2023, 4913], 3.17.h_bb_cq, 21 
(4, 3, 0), [1, 7, 29, 102, 493, 2023, 4913], 3.17.h_bd_dy, 7 
(3, 4, 0), [1, 7, 29, 136, 493, 2023, 4913], 3.17.h_bd_fg, -7 
(6, 1, 17), [1, 7, 40, 136, 680, 2023, 4913], 3.17.h_bo_fg, 52 
(0, 7, 24), [1, 7, 41, 238, 697, 2023, 4913], 3.17.h_bp_je, -25 
(0, 7, 25), [1, 7, 42, 238, 714, 2023, 4913], 3.17.h_bq_je, -24 
(2, 5, 17), [1, 7, 44, 204, 748, 2023, 4913], 3.17.h_bs_hw, -4 
(0, 7, 27), [1, 7, 44, 238, 748, 2023, 4913], 3.17.h_bs_je, -22 
(0, 7, 28), [1, 7, 45, 238, 765, 2023, 4913], 3.17.h_bt_je, -21 
(4, 3, 17), [1, 7, 46, 170, 782, 2023, 4913], 3.17.h_bu_go, 24 
(0, 7, 29), [1, 7, 46, 238, 782, 2023, 4913], 3.17.h_bu_je, -20 
(0, 7, 30), [1, 7, 47, 238, 799, 2023, 4913], 3.17.h_bv_je, -19 
(-2, 9, 51), [1, 7, 50, 204, 850, 2023, 4913], 3.17.h_by_hw, -26 
(0, 7, 38), [1, 7, 55, 238, 935, 2023, 4913], 3.17.h_cd_je, -11 
(0, 7, 39), [1, 7, 56, 238, 952, 2023, 4913], 3.17.h_ce_je, -10 
(0, 7, 41), [1, 7, 58, 238, 986, 2023, 4913], 3.17.h_cg_je, -8 
(0, 7, 42), [1, 7, 59, 238, 1003, 2023, 4913], 3.17.h_ch_je, -7 
(0, 7, 43), [1, 7, 60, 238, 1020, 2023, 4913], 3.17.h_ci_je, -6 
(0, 7, 45), [1, 7, 62, 238, 1054, 2023, 4913], 3.17.h_ck_je, -4 
(7, 1, -17), [1, 8, 7, -85, 119, 2312, 4913], 3.17.i_h_adh, 31 
(6, 2, -17), [1, 8, 12, -34, 204, 2312, 4913], 3.17.i_m_abi, 15 
(7, 1, 0), [1, 8, 24, 34, 408, 2312, 4913], 3.17.i_y_bi, 48 
(6, 2, 0), [1, 8, 29, 68, 493, 2312, 4913], 3.17.i_bd_cq, 32 
(5, 3, 0), [1, 8, 32, 102, 544, 2312, 4913], 3.17.i_bg_dy, 16 
(4, 4, 0), [1, 8, 33, 136, 561, 2312, 4913], 3.17.i_bh_fg, 0 
(-4, 12, 68), [1, 8, 37, 136, 629, 2312, 4913], 3.17.i_bl_fg, -60 
(7, 1, 17), [1, 8, 41, 153, 697, 2312, 4913], 3.17.i_bp_fx, 65 
(6, 2, 17), [1, 8, 46, 170, 782, 2312, 4913], 3.17.i_bu_go, 49 
(2, 6, 17), [1, 8, 46, 238, 782, 2312, 4913], 3.17.i_bu_je, -15 
(-2, 10, 51), [1, 8, 48, 238, 816, 2312, 4913], 3.17.i_bw_je, -45 
(5, 3, 17), [1, 8, 49, 187, 833, 2312, 4913], 3.17.i_bx_hf, 33 
(3, 5, 17), [1, 8, 49, 221, 833, 2312, 4913], 3.17.i_bx_in, 1 
(0, 8, 32), [1, 8, 49, 272, 833, 2312, 4913], 3.17.i_bx_km, -32 
(4, 4, 17), [1, 8, 50, 204, 850, 2312, 4913], 3.17.i_by_hw, 17 
(0, 8, 36), [1, 8, 53, 272, 901, 2312, 4913], 3.17.i_cb_km, -28 
(0, 8, 37), [1, 8, 54, 272, 918, 2312, 4913], 3.17.i_cc_km, -27 
(0, 8, 38), [1, 8, 55, 272, 935, 2312, 4913], 3.17.i_cd_km, -26 
(0, 8, 39), [1, 8, 56, 272, 952, 2312, 4913], 3.17.i_ce_km, -25 
(0, 8, 40), [1, 8, 57, 272, 969, 2312, 4913], 3.17.i_cf_km, -24 
(-1, 9, 51), [1, 8, 59, 255, 1003, 2312, 4913], 3.17.i_ch_jv, -29 
(0, 8, 42), [1, 8, 59, 272, 1003, 2312, 4913], 3.17.i_ch_km, -22 
(0, 8, 43), [1, 8, 60, 272, 1020, 2312, 4913], 3.17.i_ci_km, -21 
(0, 8, 44), [1, 8, 61, 272, 1037, 2312, 4913], 3.17.i_cj_km, -20 
(0, 8, 45), [1, 8, 62, 272, 1054, 2312, 4913], 3.17.i_ck_km, -19 
(0, 8, 47), [1, 8, 64, 272, 1088, 2312, 4913], 3.17.i_cm_km, -17 
(0, 8, 48), [1, 8, 65, 272, 1105, 2312, 4913], 3.17.i_cn_km, -16 
(8, 1, -17), [1, 9, 8, -102, 136, 2601, 4913], 3.17.j_i_ady, 46 
(8, 1, 0), [1, 9, 25, 34, 425, 2601, 4913], 3.17.j_z_bi, 63 
(6, 3, 0), [1, 9, 35, 102, 595, 2601, 4913], 3.17.j_bj_dy, 27 
(5, 4, 0), [1, 9, 37, 136, 629, 2601, 4913], 3.17.j_bl_fg, 9 
(8, 1, 17), [1, 9, 42, 170, 714, 2601, 4913], 3.17.j_bq_go, 80 
(-3, 12, 68), [1, 9, 49, 204, 833, 2601, 4913], 3.17.j_bx_hw, -67 
(4, 5, 17), [1, 9, 54, 238, 918, 2601, 4913], 3.17.j_cc_je, 8 
(0, 9, 41), [1, 9, 58, 306, 986, 2601, 4913], 3.17.j_cg_lu, -40 
(0, 9, 43), [1, 9, 60, 306, 1020, 2601, 4913], 3.17.j_ci_lu, -38 
(0, 9, 44), [1, 9, 61, 306, 1037, 2601, 4913], 3.17.j_cj_lu, -37 
(0, 9, 45), [1, 9, 62, 306, 1054, 2601, 4913], 3.17.j_ck_lu, -36 
(0, 9, 46), [1, 9, 63, 306, 1071, 2601, 4913], 3.17.j_cl_lu, -35 
(0, 9, 47), [1, 9, 64, 306, 1088, 2601, 4913], 3.17.j_cm_lu, -34 
(0, 9, 49), [1, 9, 66, 306, 1122, 2601, 4913], 3.17.j_co_lu, -32 
(0, 9, 50), [1, 9, 67, 306, 1139, 2601, 4913], 3.17.j_cp_lu, -31 
(0, 9, 53), [1, 9, 70, 306, 1190, 2601, 4913], 3.17.j_cs_lu, -28 
(8, 2, 0), [1, 10, 33, 68, 561, 2890, 4913], 3.17.k_bh_cq, 60 
(6, 4, 0), [1, 10, 41, 136, 697, 2890, 4913], 3.17.k_bp_fg, 20 
(8, 2, 17), [1, 10, 50, 204, 850, 2890, 4913], 3.17.k_by_hw, 77 
(7, 3, 17), [1, 10, 55, 221, 935, 2890, 4913], 3.17.k_cd_in, 57 
(6, 4, 17), [1, 10, 58, 238, 986, 2890, 4913], 3.17.k_cg_je, 37 
(4, 6, 17), [1, 10, 58, 272, 986, 2890, 4913], 3.17.k_cg_km, -3 
(5, 5, 17), [1, 10, 59, 255, 1003, 2890, 4913], 3.17.k_ch_jv, 17 
(-2, 12, 68), [1, 10, 61, 272, 1037, 2890, 4913], 3.17.k_cj_km, -72 
(0, 10, 49), [1, 10, 66, 340, 1122, 2890, 4913], 3.17.k_co_nc, -51 
(0, 10, 52), [1, 10, 69, 340, 1173, 2890, 4913], 3.17.k_cr_nc, -48 
(0, 10, 53), [1, 10, 70, 340, 1190, 2890, 4913], 3.17.k_cs_nc, -47 
(0, 10, 54), [1, 10, 71, 340, 1207, 2890, 4913], 3.17.k_ct_nc, -46 
(0, 10, 56), [1, 10, 73, 340, 1241, 2890, 4913], 3.17.k_cv_nc, -44 
(0, 10, 57), [1, 10, 74, 340, 1258, 2890, 4913], 3.17.k_cw_nc, -43 
(8, 3, 0), [1, 11, 41, 102, 697, 3179, 4913], 3.17.l_bp_dy, 55 
(7, 4, 0), [1, 11, 45, 136, 765, 3179, 4913], 3.17.l_bt_fg, 33 
(8, 3, 17), [1, 11, 58, 238, 986, 3179, 4913], 3.17.l_cg_je, 72 
(6, 5, 17), [1, 11, 64, 272, 1088, 3179, 4913], 3.17.l_cm_km, 28 
(-1, 12, 68), [1, 11, 73, 340, 1241, 3179, 4913], 3.17.l_cv_nc, -75 
(0, 11, 57), [1, 11, 74, 374, 1258, 3179, 4913], 3.17.l_cw_ok, -64 
(0, 11, 59), [1, 11, 76, 374, 1292, 3179, 4913], 3.17.l_cy_ok, -62 
(0, 11, 60), [1, 11, 77, 374, 1309, 3179, 4913], 3.17.l_cz_ok, -61 
(0, 11, 61), [1, 11, 78, 374, 1326, 3179, 4913], 3.17.l_da_ok, -60 
(0, 11, 63), [1, 11, 80, 374, 1360, 3179, 4913], 3.17.l_dc_ok, -58 
(8, 4, 0), [1, 12, 49, 136, 833, 3468, 4913], 3.17.m_bx_fg, 48 
(8, 4, 17), [1, 12, 66, 272, 1122, 3468, 4913], 3.17.m_co_km, 65 
(6, 6, 17), [1, 12, 70, 306, 1190, 3468, 4913], 3.17.m_cs_lu, 17 
(0, 12, 65), [1, 12, 82, 408, 1394, 3468, 4913], 3.17.m_de_ps, -79 
(0, 12, 67), [1, 12, 84, 408, 1428, 3468, 4913], 3.17.m_dg_ps, -77 
(8, 5, 17), [1, 13, 74, 306, 1258, 3757, 4913], 3.17.n_cw_lu, 56 
(0, 13, 75), [1, 13, 92, 442, 1564, 3757, 4913], 3.17.n_do_ra, -94 
(1, 12, 68), [1, 13, 97, 476, 1649, 3757, 4913], 3.17.n_dt_si, -75 
(2, 12, 68), [1, 14, 109, 544, 1853, 4046, 4913], 3.17.o_ef_uy, -72 
(6, 10, 51), [1, 16, 128, 646, 2176, 4624, 4913], 3.17.q_ey_yw, -13 
(4, 12, 68), [1, 16, 133, 680, 2261, 4624, 4913], 3.17.q_fd_bae, -60 
