(-7, -9, 39), [1, -16, 115, -507, 1495, -2704, 2197], 3.13.aq_el_atn, 7 
(-6, -9, 39), [1, -15, 106, -468, 1378, -2535, 2197], 3.13.ap_ec_asa, -6 
(-5, -9, 39), [1, -14, 97, -429, 1261, -2366, 2197], 3.13.ao_dt_aqn, -17 
(-6, -8, 39), [1, -14, 100, -442, 1300, -2366, 2197], 3.13.ao_dw_ara, 11 
(-4, -9, 39), [1, -13, 88, -390, 1144, -2197, 2197], 3.13.an_dk_apa, -26 
(-7, -5, 13), [1, -12, 61, -221, 793, -2028, 2197], 3.13.am_cj_ain, 37 
(-3, -9, 39), [1, -12, 79, -351, 1027, -2028, 2197], 3.13.am_db_ann, -33 
(-4, -8, 39), [1, -12, 84, -364, 1092, -2028, 2197], 3.13.am_dg_aoa, -9 
(0, -11, 55), [1, -11, 68, -286, 884, -1859, 2197], 3.13.al_cq_ala, -66 
(-2, -9, 39), [1, -11, 70, -312, 910, -1859, 2197], 3.13.al_cs_ama, -38 
(-6, -4, 13), [1, -10, 50, -182, 650, -1690, 2197], 3.13.ak_by_aha, 33 
(-1, -9, 39), [1, -10, 61, -273, 793, -1690, 2197], 3.13.ak_cj_akn, -41 
(-2, -8, 39), [1, -10, 68, -286, 884, -1690, 2197], 3.13.ak_cq_ala, -21 
(-7, -1, -13), [1, -8, 7, 65, 91, -1352, 2197], 3.13.ai_h_cn, 35 
(-5, -3, 13), [1, -8, 41, -143, 533, -1352, 2197], 3.13.ai_bp_afn, 29 
(1, -9, 39), [1, -8, 43, -195, 559, -1352, 2197], 3.13.ai_br_ahn, -41 
(-6, -1, 0), [1, -7, 19, -26, 247, -1183, 2197], 3.13.ah_t_aba, 35 
(0, -7, 25), [1, -7, 38, -182, 494, -1183, 2197], 3.13.ah_bm_aha, -24 
(0, -7, 27), [1, -7, 40, -182, 520, -1183, 2197], 3.13.ah_bo_aha, -22 
(-7, 1, -13), [1, -6, -7, 117, -91, -1014, 2197], 3.13.ag_ah_en, 35 
(0, -6, 25), [1, -6, 38, -156, 494, -1014, 2197], 3.13.ag_bm_aga, -11 
(0, -6, 27), [1, -6, 40, -156, 520, -1014, 2197], 3.13.ag_bo_aga, -9 
(-6, 1, -13), [1, -5, -6, 104, -78, -845, 2197], 3.13.af_ag_ea, 22 
(-4, -1, 13), [1, -5, 30, -78, 390, -845, 2197], 3.13.af_be_ada, 28 
(0, -5, 25), [1, -5, 38, -130, 494, -845, 2197], 3.13.af_bm_afa, 0 
(0, -5, 27), [1, -5, 40, -130, 520, -845, 2197], 3.13.af_bo_afa, 2 
(-5, 1, -13), [1, -4, -5, 91, -65, -676, 2197], 3.13.ae_af_dn, 11 
(0, -4, 3), [1, -4, 16, -104, 208, -676, 2197], 3.13.ae_q_aea, -13 
(0, -4, 24), [1, -4, 37, -104, 481, -676, 2197], 3.13.ae_bl_aea, 8 
(0, -4, 25), [1, -4, 38, -104, 494, -676, 2197], 3.13.ae_bm_aea, 9 
(0, -4, 27), [1, -4, 40, -104, 520, -676, 2197], 3.13.ae_bo_aea, 11 
(2, -5, 13), [1, -3, 16, -104, 208, -507, 2197], 3.13.ad_q_aea, -8 
(0, -3, 25), [1, -3, 38, -78, 494, -507, 2197], 3.13.ad_bm_ada, 16 
(0, -3, 27), [1, -3, 40, -78, 520, -507, 2197], 3.13.ad_bo_ada, 18 
(7, -9, 39), [1, -2, -11, 39, -143, -338, 2197], 3.13.ac_al_bn, 7 
(2, -4, 13), [1, -2, 18, -78, 234, -338, 2197], 3.13.ac_s_ada, 1 
(-3, 1, 13), [1, -2, 23, -13, 299, -338, 2197], 3.13.ac_x_an, 21 
(0, -2, 25), [1, -2, 38, -52, 494, -338, 2197], 3.13.ac_bm_aca, 21 
(-4, 3, 0), [1, -1, 1, 78, 13, -169, 2197], 3.13.ab_b_da, 7 
(2, -3, 13), [1, -1, 20, -52, 260, -169, 2197], 3.13.ab_u_aca, 8 
(0, -1, 25), [1, -1, 38, -26, 494, -169, 2197], 3.13.ab_bm_aba, 24 
(0, 0, -1), [1, 0, 12, 0, 156, 0, 2197], 3.13.a_m_a, -1 
(0, 0, 23), [1, 0, 36, 0, 468, 0, 2197], 3.13.a_bk_a, 23 
(0, 0, 24), [1, 0, 37, 0, 481, 0, 2197], 3.13.a_bl_a, 24 
(4, -3, 0), [1, 1, 1, -78, 13, 169, 2197], 3.13.b_b_ada, 7 
(-2, 3, 13), [1, 1, 20, 52, 260, 169, 2197], 3.13.b_u_ca, 8 
(0, 1, 25), [1, 1, 38, 26, 494, 169, 2197], 3.13.b_bm_ba, 24 
(-7, 9, 39), [1, 2, -11, -39, -143, 338, 2197], 3.13.c_al_abn, 7 
(-2, 4, 13), [1, 2, 18, 78, 234, 338, 2197], 3.13.c_s_da, 1 
(3, -1, 13), [1, 2, 23, 13, 299, 338, 2197], 3.13.c_x_n, 21 
(0, 2, 25), [1, 2, 38, 52, 494, 338, 2197], 3.13.c_bm_ca, 21 
(-2, 5, 13), [1, 3, 16, 104, 208, 507, 2197], 3.13.d_q_ea, -8 
(0, 3, 25), [1, 3, 38, 78, 494, 507, 2197], 3.13.d_bm_da, 16 
(0, 3, 27), [1, 3, 40, 78, 520, 507, 2197], 3.13.d_bo_da, 18 
(5, -1, -13), [1, 4, -5, -91, -65, 676, 2197], 3.13.e_af_adn, 11 
(0, 4, 3), [1, 4, 16, 104, 208, 676, 2197], 3.13.e_q_ea, -13 
(0, 4, 24), [1, 4, 37, 104, 481, 676, 2197], 3.13.e_bl_ea, 8 
(0, 4, 25), [1, 4, 38, 104, 494, 676, 2197], 3.13.e_bm_ea, 9 
(0, 4, 27), [1, 4, 40, 104, 520, 676, 2197], 3.13.e_bo_ea, 11 
(6, -1, -13), [1, 5, -6, -104, -78, 845, 2197], 3.13.f_ag_aea, 22 
(4, 1, 13), [1, 5, 30, 78, 390, 845, 2197], 3.13.f_be_da, 28 
(0, 5, 25), [1, 5, 38, 130, 494, 845, 2197], 3.13.f_bm_fa, 0 
(0, 5, 27), [1, 5, 40, 130, 520, 845, 2197], 3.13.f_bo_fa, 2 
(7, -1, -13), [1, 6, -7, -117, -91, 1014, 2197], 3.13.g_ah_aen, 35 
(0, 6, 25), [1, 6, 38, 156, 494, 1014, 2197], 3.13.g_bm_ga, -11 
(0, 6, 27), [1, 6, 40, 156, 520, 1014, 2197], 3.13.g_bo_ga, -9 
(6, 1, 0), [1, 7, 19, 26, 247, 1183, 2197], 3.13.h_t_ba, 35 
(0, 7, 25), [1, 7, 38, 182, 494, 1183, 2197], 3.13.h_bm_ha, -24 
(0, 7, 27), [1, 7, 40, 182, 520, 1183, 2197], 3.13.h_bo_ha, -22 
(7, 1, -13), [1, 8, 7, -65, 91, 1352, 2197], 3.13.i_h_acn, 35 
(5, 3, 13), [1, 8, 41, 143, 533, 1352, 2197], 3.13.i_bp_fn, 29 
(-1, 9, 39), [1, 8, 43, 195, 559, 1352, 2197], 3.13.i_br_hn, -41 
(6, 4, 13), [1, 10, 50, 182, 650, 1690, 2197], 3.13.k_by_ha, 33 
(1, 9, 39), [1, 10, 61, 273, 793, 1690, 2197], 3.13.k_cj_kn, -41 
(2, 8, 39), [1, 10, 68, 286, 884, 1690, 2197], 3.13.k_cq_la, -21 
(0, 11, 55), [1, 11, 68, 286, 884, 1859, 2197], 3.13.l_cq_la, -66 
(2, 9, 39), [1, 11, 70, 312, 910, 1859, 2197], 3.13.l_cs_ma, -38 
(7, 5, 13), [1, 12, 61, 221, 793, 2028, 2197], 3.13.m_cj_in, 37 
(3, 9, 39), [1, 12, 79, 351, 1027, 2028, 2197], 3.13.m_db_nn, -33 
(4, 8, 39), [1, 12, 84, 364, 1092, 2028, 2197], 3.13.m_dg_oa, -9 
(4, 9, 39), [1, 13, 88, 390, 1144, 2197, 2197], 3.13.n_dk_pa, -26 
(5, 9, 39), [1, 14, 97, 429, 1261, 2366, 2197], 3.13.o_dt_qn, -17 
(6, 8, 39), [1, 14, 100, 442, 1300, 2366, 2197], 3.13.o_dw_ra, 11 
(6, 9, 39), [1, 15, 106, 468, 1378, 2535, 2197], 3.13.p_ec_sa, -6 
(7, 9, 39), [1, 16, 115, 507, 1495, 2704, 2197], 3.13.q_el_tn, 7 
