(-6, -4, 10), [1, -10, 43, -132, 387, -810, 729], 3.9.ak_br_afc, 30 
(-6, -4, 14), [1, -10, 47, -156, 423, -810, 729], 3.9.ak_bv_aga, 34 
(-6, -3, 16), [1, -9, 43, -150, 387, -729, 729], 3.9.aj_br_afu, 43 
(-3, -6, 20), [1, -9, 47, -168, 423, -729, 729], 3.9.aj_bv_agm, -7 
(-6, -2, 2), [1, -8, 23, -48, 207, -648, 729], 3.9.ai_x_abw, 34 
(-4, -4, 9), [1, -8, 34, -108, 306, -648, 729], 3.9.ai_bi_aee, 9 
(-3, -5, 14), [1, -8, 38, -132, 342, -648, 729], 3.9.ai_bm_afc, -2 
(-3, -5, 16), [1, -8, 40, -138, 360, -648, 729], 3.9.ai_bo_afi, 0 
(0, -8, 32), [1, -8, 41, -144, 369, -648, 729], 3.9.ai_bp_afo, -32 
(-3, -5, 20), [1, -8, 44, -150, 396, -648, 729], 3.9.ai_bs_afu, 4 
(-6, -1, 4), [1, -7, 19, -42, 171, -567, 729], 3.9.ah_t_abq, 39 
(-6, -1, 13), [1, -7, 28, -96, 252, -567, 729], 3.9.ah_bc_ads, 48 
(-3, -4, 10), [1, -7, 31, -102, 279, -567, 729], 3.9.ah_bf_ady, 3 
(0, -7, 25), [1, -7, 34, -126, 306, -567, 729], 3.9.ah_bi_aew, -24 
(-2, -5, 15), [1, -7, 34, -120, 306, -567, 729], 3.9.ah_bi_aeq, -6 
(0, -7, 26), [1, -7, 35, -126, 315, -567, 729], 3.9.ah_bj_aew, -23 
(-3, -4, 14), [1, -7, 35, -114, 315, -567, 729], 3.9.ah_bj_aek, 7 
(0, -7, 29), [1, -7, 38, -126, 342, -567, 729], 3.9.ah_bm_aew, -20 
(-6, 0, -14), [1, -6, -5, 84, -45, -486, 729], 3.9.ag_af_dg, 22 
(-6, 0, -2), [1, -6, 7, 12, 63, -486, 729], 3.9.ag_h_m, 34 
(-5, -1, -6), [1, -6, 8, 12, 72, -486, 729], 3.9.ag_i_m, 18 
(-5, -1, 0), [1, -6, 14, -18, 126, -486, 729], 3.9.ag_o_as, 24 
(-6, 0, 7), [1, -6, 16, -42, 144, -486, 729], 3.9.ag_q_abq, 43 
(-4, -2, 0), [1, -6, 17, -36, 153, -486, 729], 3.9.ag_r_abk, 12 
(-5, -1, 3), [1, -6, 17, -33, 153, -486, 729], 3.9.ag_r_abh, 27 
(-6, 0, 10), [1, -6, 19, -60, 171, -486, 729], 3.9.ag_t_aci, 46 
(3, -9, 37), [1, -6, 19, -51, 171, -486, 729], 3.9.ag_t_abz, -35 
(-3, -3, 2), [1, -6, 20, -60, 180, -486, 729], 3.9.ag_u_aci, 2 
(-3, -3, 4), [1, -6, 22, -66, 198, -486, 729], 3.9.ag_w_aco, 4 
(-3, -3, 5), [1, -6, 23, -69, 207, -486, 729], 3.9.ag_x_acr, 5 
(-5, -1, 9), [1, -6, 23, -63, 207, -486, 729], 3.9.ag_x_acl, 33 
(-4, -2, 6), [1, -6, 23, -60, 207, -486, 729], 3.9.ag_x_aci, 18 
(-2, -4, 9), [1, -6, 26, -90, 234, -486, 729], 3.9.ag_ba_adm, -3 
(-1, -5, 15), [1, -6, 29, -105, 261, -486, 729], 3.9.ag_bd_aeb, -9 
(1, -7, 27), [1, -6, 29, -99, 261, -486, 729], 3.9.ag_bd_adv, -21 
(-4, -2, 12), [1, -6, 29, -84, 261, -486, 729], 3.9.ag_bd_adg, 24 
(0, -6, 22), [1, -6, 31, -108, 279, -486, 729], 3.9.ag_bf_aee, -14 
(-2, -4, 15), [1, -6, 32, -102, 288, -486, 729], 3.9.ag_bg_ady, 3 
(-3, -3, 16), [1, -6, 34, -102, 306, -486, 729], 3.9.ag_bi_ady, 16 
(-6, 1, 1), [1, -5, 4, 12, 36, -405, 729], 3.9.af_e_m, 36 
(-4, -1, -9), [1, -5, 4, 18, 36, -405, 729], 3.9.af_e_s, 6 
(-4, -1, -6), [1, -5, 7, 6, 63, -405, 729], 3.9.af_h_g, 9 
(-4, -1, -3), [1, -5, 10, -6, 90, -405, 729], 3.9.af_k_ag, 12 
(-6, 1, 8), [1, -5, 11, -30, 99, -405, 729], 3.9.af_l_abe, 43 
(-3, -2, -4), [1, -5, 11, -24, 99, -405, 729], 3.9.af_l_ay, 1 
(-3, -2, -2), [1, -5, 13, -30, 117, -405, 729], 3.9.af_n_abe, 3 
(-4, -1, 0), [1, -5, 13, -18, 117, -405, 729], 3.9.af_n_as, 15 
(3, -8, 32), [1, -5, 17, -48, 153, -405, 729], 3.9.af_r_abw, -23 
(-3, -2, 2), [1, -5, 17, -42, 153, -405, 729], 3.9.af_r_abq, 7 
(-3, -2, 4), [1, -5, 19, -48, 171, -405, 729], 3.9.af_t_abw, 9 
(2, -7, 27), [1, -5, 22, -72, 198, -405, 729], 3.9.af_w_acu, -18 
(0, -5, 14), [1, -5, 23, -90, 207, -405, 729], 3.9.af_x_adm, -11 
(-3, -2, 8), [1, -5, 23, -60, 207, -405, 729], 3.9.af_x_aci, 13 
(-5, 1, -6), [1, -4, -2, 48, -18, -324, 729], 3.9.ae_ac_bw, 18 
(-6, 2, 2), [1, -4, -1, 24, -9, -324, 729], 3.9.ae_ab_y, 34 
(-3, -1, -11), [1, -4, 1, 15, 9, -324, 729], 3.9.ae_b_p, -3 
(-3, -1, -8), [1, -4, 4, 6, 36, -324, 729], 3.9.ae_e_g, 0 
(-5, 1, 0), [1, -4, 4, 18, 36, -324, 729], 3.9.ae_e_s, 24 
(-3, -1, -7), [1, -4, 5, 3, 45, -324, 729], 3.9.ae_f_d, 1 
(-3, -1, -5), [1, -4, 7, -3, 63, -324, 729], 3.9.ae_h_ad, 3 
(-5, 1, 3), [1, -4, 7, 3, 63, -324, 729], 3.9.ae_h_d, 27 
(-3, -1, -4), [1, -4, 8, -6, 72, -324, 729], 3.9.ae_i_ag, 4 
(3, -7, 25), [1, -4, 13, -51, 117, -324, 729], 3.9.ae_n_abz, -15 
(-2, -2, 0), [1, -4, 13, -36, 117, -324, 729], 3.9.ae_n_abk, 0 
(-5, 1, 9), [1, -4, 13, -27, 117, -324, 729], 3.9.ae_n_abb, 33 
(-3, -1, 1), [1, -4, 13, -21, 117, -324, 729], 3.9.ae_n_av, 9 
(3, -7, 26), [1, -4, 14, -48, 126, -324, 729], 3.9.ae_o_abw, -14 
(-3, -1, 2), [1, -4, 14, -24, 126, -324, 729], 3.9.ae_o_ay, 10 
(-3, -1, 4), [1, -4, 16, -30, 144, -324, 729], 3.9.ae_q_abe, 12 
(0, -4, 8), [1, -4, 17, -72, 153, -324, 729], 3.9.ae_r_acu, -8 
(-3, -1, 5), [1, -4, 17, -33, 153, -324, 729], 3.9.ae_r_abh, 13 
(0, -4, 10), [1, -4, 19, -72, 171, -324, 729], 3.9.ae_t_acu, -6 
(-2, -2, 6), [1, -4, 19, -48, 171, -324, 729], 3.9.ae_t_abw, 6 
(-3, -1, 7), [1, -4, 19, -39, 171, -324, 729], 3.9.ae_t_abn, 15 
(0, -4, 11), [1, -4, 20, -72, 180, -324, 729], 3.9.ae_u_acu, -5 
(-3, -1, 8), [1, -4, 20, -42, 180, -324, 729], 3.9.ae_u_abq, 16 
(-2, -2, 9), [1, -4, 22, -54, 198, -324, 729], 3.9.ae_w_acc, 9 
(0, -4, 14), [1, -4, 23, -72, 207, -324, 729], 3.9.ae_x_acu, -2 
(1, -5, 21), [1, -4, 25, -69, 225, -324, 729], 3.9.ae_z_acr, -3 
(-2, -2, 12), [1, -4, 25, -60, 225, -324, 729], 3.9.ae_z_aci, 12 
(-3, 0, -14), [1, -3, -5, 42, -45, -243, 729], 3.9.ad_af_bq, -5 
(-4, 1, -9), [1, -3, -4, 54, -36, -243, 729], 3.9.ad_ae_cc, 6 
(-5, 2, 0), [1, -3, -1, 36, -9, -243, 729], 3.9.ad_ab_bk, 21 
(-2, -1, -9), [1, -3, 2, 0, 18, -243, 729], 3.9.ad_c_a, -6 
(-6, 3, 13), [1, -3, 4, -24, 36, -243, 729], 3.9.ad_e_ay, 40 
(-2, -1, -6), [1, -3, 5, -6, 45, -243, 729], 3.9.ad_f_ag, -3 
(-5, 2, 6), [1, -3, 5, 6, 45, -243, 729], 3.9.ad_f_g, 27 
(-3, 0, -4), [1, -3, 5, 12, 45, -243, 729], 3.9.ad_f_m, 5 
(-3, 0, -2), [1, -3, 7, 6, 63, -243, 729], 3.9.ad_h_g, 7 
(4, -7, 27), [1, -3, 8, -18, 72, -243, 729], 3.9.ad_i_as, -6 
(-2, -1, -3), [1, -3, 8, -12, 72, -243, 729], 3.9.ad_i_am, 0 
(0, -3, 1), [1, -3, 10, -54, 90, -243, 729], 3.9.ad_k_acc, -8 
(0, -3, 2), [1, -3, 11, -54, 99, -243, 729], 3.9.ad_l_acc, -7 
(3, -6, 20), [1, -3, 11, -48, 99, -243, 729], 3.9.ad_l_abw, -7 
(-1, -2, 0), [1, -3, 11, -36, 99, -243, 729], 3.9.ad_l_abk, -3 
(-5, 2, 12), [1, -3, 11, -24, 99, -243, 729], 3.9.ad_l_ay, 33 
(-2, -1, 0), [1, -3, 11, -18, 99, -243, 729], 3.9.ad_l_as, 3 
(0, -3, 4), [1, -3, 13, -54, 117, -243, 729], 3.9.ad_n_acc, -5 
(3, -6, 22), [1, -3, 13, -42, 117, -243, 729], 3.9.ad_n_abq, -5 
(-3, 0, 4), [1, -3, 13, -12, 117, -243, 729], 3.9.ad_n_am, 13 
(2, -5, 15), [1, -3, 14, -60, 126, -243, 729], 3.9.ad_o_aci, -6 
(0, -3, 5), [1, -3, 14, -54, 126, -243, 729], 3.9.ad_o_acc, -4 
(-2, -1, 3), [1, -3, 14, -24, 126, -243, 729], 3.9.ad_o_ay, 6 
(-4, 1, 9), [1, -3, 14, -18, 126, -243, 729], 3.9.ad_o_as, 24 
(0, -3, 7), [1, -3, 16, -54, 144, -243, 729], 3.9.ad_q_acc, -2 
(-1, -2, 6), [1, -3, 17, -42, 153, -243, 729], 3.9.ad_r_abq, 3 
(0, -3, 10), [1, -3, 19, -54, 171, -243, 729], 3.9.ad_t_acc, 1 
(0, -3, 11), [1, -3, 20, -54, 180, -243, 729], 3.9.ad_u_acc, 2 
(2, -5, 21), [1, -3, 20, -48, 180, -243, 729], 3.9.ad_u_abw, 0 
(-2, -1, 9), [1, -3, 20, -36, 180, -243, 729], 3.9.ad_u_abk, 12 
(-1, -2, 12), [1, -3, 23, -48, 207, -243, 729], 3.9.ad_x_abw, 9 
(-6, 4, 7), [1, -2, -8, 30, -72, -162, 729], 3.9.ac_ai_be, 27 
(-6, 4, 8), [1, -2, -7, 24, -63, -162, 729], 3.9.ac_ah_y, 28 
(6, -8, 32), [1, -2, -7, 48, -63, -162, 729], 3.9.ac_ah_bw, 4 
(-6, 4, 10), [1, -2, -5, 12, -45, -162, 729], 3.9.ac_af_m, 30 
(-3, 1, -10), [1, -2, -4, 48, -36, -162, 729], 3.9.ac_ae_bw, -2 
(-3, 1, -8), [1, -2, -2, 42, -18, -162, 729], 3.9.ac_ac_bq, 0 
(-6, 4, 14), [1, -2, -1, -12, -9, -162, 729], 3.9.ac_ab_am, 34 
(-1, -1, -9), [1, -2, 1, -9, 9, -162, 729], 3.9.ac_b_aj, -9 
(5, -7, 27), [1, -2, 1, 9, 9, -162, 729], 3.9.ac_b_j, 3 
(-4, 2, 0), [1, -2, 1, 36, 9, -162, 729], 3.9.ac_b_bk, 12 
(-3, 1, -4), [1, -2, 2, 30, 18, -162, 729], 3.9.ac_c_be, 4 
(0, -2, -5), [1, -2, 4, -36, 36, -162, 729], 3.9.ac_e_abk, -9 
(-1, -1, -6), [1, -2, 4, -12, 36, -162, 729], 3.9.ac_e_am, -6 
(0, -2, -4), [1, -2, 5, -36, 45, -162, 729], 3.9.ac_f_abk, -8 
(3, -5, 13), [1, -2, 7, -51, 63, -162, 729], 3.9.ac_h_abz, -3 
(0, -2, -2), [1, -2, 7, -36, 63, -162, 729], 3.9.ac_h_abk, -6 
(-1, -1, -3), [1, -2, 7, -15, 63, -162, 729], 3.9.ac_h_ap, -3 
(-4, 2, 6), [1, -2, 7, 12, 63, -162, 729], 3.9.ac_h_m, 18 
(-3, 1, 1), [1, -2, 7, 15, 63, -162, 729], 3.9.ac_h_p, 9 
(3, -5, 14), [1, -2, 8, -48, 72, -162, 729], 3.9.ac_i_abw, -2 
(0, -2, -1), [1, -2, 8, -36, 72, -162, 729], 3.9.ac_i_abk, -5 
(-3, 1, 2), [1, -2, 8, 12, 72, -162, 729], 3.9.ac_i_m, 10 
(2, -4, 9), [1, -2, 10, -54, 90, -162, 729], 3.9.ac_k_acc, -3 
(3, -5, 16), [1, -2, 10, -42, 90, -162, 729], 3.9.ac_k_abq, 0 
(0, -2, 1), [1, -2, 10, -36, 90, -162, 729], 3.9.ac_k_abk, -3 
(-1, -1, 0), [1, -2, 10, -18, 90, -162, 729], 3.9.ac_k_as, 0 
(-4, 2, 9), [1, -2, 10, 0, 90, -162, 729], 3.9.ac_k_a, 21 
(-3, 1, 4), [1, -2, 10, 6, 90, -162, 729], 3.9.ac_k_g, 12 
(3, -5, 17), [1, -2, 11, -39, 99, -162, 729], 3.9.ac_l_abn, 1 
(0, -2, 2), [1, -2, 11, -36, 99, -162, 729], 3.9.ac_l_abk, -2 
(0, -2, 4), [1, -2, 13, -36, 117, -162, 729], 3.9.ac_n_abk, 0 
(3, -5, 19), [1, -2, 13, -33, 117, -162, 729], 3.9.ac_n_abh, 3 
(-1, -1, 3), [1, -2, 13, -21, 117, -162, 729], 3.9.ac_n_av, 3 
(-4, 2, 12), [1, -2, 13, -12, 117, -162, 729], 3.9.ac_n_am, 24 
(3, -5, 20), [1, -2, 14, -30, 126, -162, 729], 3.9.ac_o_abe, 4 
(-3, 1, 8), [1, -2, 14, -6, 126, -162, 729], 3.9.ac_o_ag, 16 
(2, -4, 15), [1, -2, 16, -42, 144, -162, 729], 3.9.ac_q_abq, 3 
(0, -2, 7), [1, -2, 16, -36, 144, -162, 729], 3.9.ac_q_abk, 3 
(0, -2, 8), [1, -2, 17, -36, 153, -162, 729], 3.9.ac_r_abk, 4 
(3, -5, 23), [1, -2, 17, -21, 153, -162, 729], 3.9.ac_r_av, 7 
(-1, -1, 9), [1, -2, 19, -27, 171, -162, 729], 3.9.ac_t_abb, 9 
(-3, 1, 13), [1, -2, 19, -21, 171, -162, 729], 3.9.ac_t_av, 21 
(0, -2, 11), [1, -2, 20, -36, 180, -162, 729], 3.9.ac_u_abk, 7 
(0, -2, 13), [1, -2, 22, -36, 198, -162, 729], 3.9.ac_w_abk, 9 
(0, -2, 14), [1, -2, 23, -36, 207, -162, 729], 3.9.ac_x_abk, 10 
(0, -2, 16), [1, -2, 25, -36, 225, -162, 729], 3.9.ac_z_abk, 12 
(-6, 5, 16), [1, -1, -5, -6, -45, -81, 729], 3.9.ab_af_ag, 27 
(0, -1, -11), [1, -1, -2, -18, -18, -81, 729], 3.9.ab_ac_as, -12 
(-2, 1, -9), [1, -1, -2, 36, -18, -81, 729], 3.9.ab_ac_bk, -6 
(0, -1, -10), [1, -1, -1, -18, -9, -81, 729], 3.9.ab_ab_as, -11 
(-3, 2, -4), [1, -1, -1, 48, -9, -81, 729], 3.9.ab_ab_bw, 1 
(0, -1, -8), [1, -1, 1, -18, 9, -81, 729], 3.9.ab_b_as, -9 
(-2, 1, -6), [1, -1, 1, 30, 9, -81, 729], 3.9.ab_b_be, -3 
(0, -1, -7), [1, -1, 2, -18, 18, -81, 729], 3.9.ab_c_as, -8 
(4, -5, 15), [1, -1, 4, -30, 36, -81, 729], 3.9.ab_e_abe, 6 
(0, -1, -5), [1, -1, 4, -18, 36, -81, 729], 3.9.ab_e_as, -6 
(-2, 1, -3), [1, -1, 4, 24, 36, -81, 729], 3.9.ab_e_y, 0 
(0, -1, -4), [1, -1, 5, -18, 45, -81, 729], 3.9.ab_f_as, -5 
(3, -4, 10), [1, -1, 7, -42, 63, -81, 729], 3.9.ab_h_abq, 3 
(1, -2, 0), [1, -1, 7, -36, 63, -81, 729], 3.9.ab_h_abk, -3 
(-2, 1, 0), [1, -1, 7, 18, 63, -81, 729], 3.9.ab_h_s, 3 
(0, -1, -1), [1, -1, 8, -18, 72, -81, 729], 3.9.ab_i_as, -2 
(0, -1, 1), [1, -1, 10, -18, 90, -81, 729], 3.9.ab_k_as, 0 
(4, -5, 21), [1, -1, 10, -6, 90, -81, 729], 3.9.ab_k_ag, 12 
(3, -4, 14), [1, -1, 11, -30, 99, -81, 729], 3.9.ab_l_abe, 7 
(0, -1, 2), [1, -1, 11, -18, 99, -81, 729], 3.9.ab_l_as, 1 
(-3, 2, 8), [1, -1, 11, 12, 99, -81, 729], 3.9.ab_l_m, 13 
(1, -2, 6), [1, -1, 13, -30, 117, -81, 729], 3.9.ab_n_abe, 3 
(3, -4, 16), [1, -1, 13, -24, 117, -81, 729], 3.9.ab_n_ay, 9 
(0, -1, 4), [1, -1, 13, -18, 117, -81, 729], 3.9.ab_n_as, 3 
(0, -1, 5), [1, -1, 14, -18, 126, -81, 729], 3.9.ab_o_as, 4 
(0, -1, 7), [1, -1, 16, -18, 144, -81, 729], 3.9.ab_q_as, 6 
(0, -1, 8), [1, -1, 17, -18, 153, -81, 729], 3.9.ab_r_as, 7 
(3, -4, 20), [1, -1, 17, -12, 153, -81, 729], 3.9.ab_r_am, 13 
(-3, 2, 14), [1, -1, 17, -6, 153, -81, 729], 3.9.ab_r_ag, 19 
(0, -1, 10), [1, -1, 19, -18, 171, -81, 729], 3.9.ab_t_as, 9 
(-3, 2, 16), [1, -1, 19, -12, 171, -81, 729], 3.9.ab_t_am, 21 
(0, -1, 13), [1, -1, 22, -18, 198, -81, 729], 3.9.ab_w_as, 12 
(0, -1, 14), [1, -1, 23, -18, 207, -81, 729], 3.9.ab_x_as, 13 
(0, 0, -17), [1, 0, -8, 0, -72, 0, 729], 3.9.a_ai_a, -17 
(0, 0, -14), [1, 0, -5, 0, -45, 0, 729], 3.9.a_af_a, -14 
(0, 0, -13), [1, 0, -4, 0, -36, 0, 729], 3.9.a_ae_a, -13 
(0, 0, -11), [1, 0, -2, 0, -18, 0, 729], 3.9.a_ac_a, -11 
(5, -5, 15), [1, 0, -1, -15, -9, 0, 729], 3.9.a_ab_ap, 15 
(0, 0, -10), [1, 0, -1, 0, -9, 0, 729], 3.9.a_ab_a, -10 
(-5, 5, 15), [1, 0, -1, 15, -9, 0, 729], 3.9.a_ab_p, 15 
(0, 0, -8), [1, 0, 1, 0, 9, 0, 729], 3.9.a_b_a, -8 
(3, -3, 2), [1, 0, 2, -48, 18, 0, 729], 3.9.a_c_abw, 2 
(4, -4, 9), [1, 0, 2, -36, 18, 0, 729], 3.9.a_c_abk, 9 
(1, -1, -6), [1, 0, 2, -24, 18, 0, 729], 3.9.a_c_ay, -6 
(-1, 1, -6), [1, 0, 2, 24, 18, 0, 729], 3.9.a_c_y, -6 
(-4, 4, 9), [1, 0, 2, 36, 18, 0, 729], 3.9.a_c_bk, 9 
(-3, 3, 2), [1, 0, 2, 48, 18, 0, 729], 3.9.a_c_bw, 2 
(3, -3, 4), [1, 0, 4, -42, 36, 0, 729], 3.9.a_e_abq, 4 
(0, 0, -5), [1, 0, 4, 0, 36, 0, 729], 3.9.a_e_a, -5 
(-3, 3, 4), [1, 0, 4, 42, 36, 0, 729], 3.9.a_e_bq, 4 
(2, -2, 0), [1, 0, 5, -36, 45, 0, 729], 3.9.a_f_abk, 0 
(1, -1, -3), [1, 0, 5, -21, 45, 0, 729], 3.9.a_f_av, -3 
(-5, 5, 21), [1, 0, 5, -15, 45, 0, 729], 3.9.a_f_ap, 21 
(0, 0, -4), [1, 0, 5, 0, 45, 0, 729], 3.9.a_f_a, -4 
(5, -5, 21), [1, 0, 5, 15, 45, 0, 729], 3.9.a_f_p, 21 
(-1, 1, -3), [1, 0, 5, 21, 45, 0, 729], 3.9.a_f_v, -3 
(-2, 2, 0), [1, 0, 5, 36, 45, 0, 729], 3.9.a_f_bk, 0 
(3, -3, 7), [1, 0, 7, -33, 63, 0, 729], 3.9.a_h_abh, 7 
(0, 0, -2), [1, 0, 7, 0, 63, 0, 729], 3.9.a_h_a, -2 
(-3, 3, 7), [1, 0, 7, 33, 63, 0, 729], 3.9.a_h_bh, 7 
(1, -1, 0), [1, 0, 8, -18, 72, 0, 729], 3.9.a_i_as, 0 
(4, -4, 15), [1, 0, 8, -12, 72, 0, 729], 3.9.a_i_am, 15 
(0, 0, -1), [1, 0, 8, 0, 72, 0, 729], 3.9.a_i_a, -1 
(-4, 4, 15), [1, 0, 8, 12, 72, 0, 729], 3.9.a_i_m, 15 
(-1, 1, 0), [1, 0, 8, 18, 72, 0, 729], 3.9.a_i_s, 0 
(3, -3, 10), [1, 0, 10, -24, 90, 0, 729], 3.9.a_k_ay, 10 
(0, 0, 1), [1, 0, 10, 0, 90, 0, 729], 3.9.a_k_a, 1 
(-3, 3, 10), [1, 0, 10, 24, 90, 0, 729], 3.9.a_k_y, 10 
(2, -2, 6), [1, 0, 11, -24, 99, 0, 729], 3.9.a_l_ay, 6 
(3, -3, 11), [1, 0, 11, -21, 99, 0, 729], 3.9.a_l_av, 11 
(1, -1, 3), [1, 0, 11, -15, 99, 0, 729], 3.9.a_l_ap, 3 
(-1, 1, 3), [1, 0, 11, 15, 99, 0, 729], 3.9.a_l_p, 3 
(-3, 3, 11), [1, 0, 11, 21, 99, 0, 729], 3.9.a_l_v, 11 
(-2, 2, 6), [1, 0, 11, 24, 99, 0, 729], 3.9.a_l_y, 6 
(3, -3, 13), [1, 0, 13, -15, 117, 0, 729], 3.9.a_n_ap, 13 
(0, 0, 4), [1, 0, 13, 0, 117, 0, 729], 3.9.a_n_a, 4 
(-3, 3, 13), [1, 0, 13, 15, 117, 0, 729], 3.9.a_n_p, 13 
(0, 0, 5), [1, 0, 14, 0, 126, 0, 729], 3.9.a_o_a, 5 
(3, -3, 16), [1, 0, 16, -6, 144, 0, 729], 3.9.a_q_ag, 16 
(-3, 3, 16), [1, 0, 16, 6, 144, 0, 729], 3.9.a_q_g, 16 
(2, -2, 12), [1, 0, 17, -12, 153, 0, 729], 3.9.a_r_am, 12 
(1, -1, 9), [1, 0, 17, -9, 153, 0, 729], 3.9.a_r_aj, 9 
(3, -3, 17), [1, 0, 17, -3, 153, 0, 729], 3.9.a_r_ad, 17 
(0, 0, 8), [1, 0, 17, 0, 153, 0, 729], 3.9.a_r_a, 8 
(-3, 3, 17), [1, 0, 17, 3, 153, 0, 729], 3.9.a_r_d, 17 
(-1, 1, 9), [1, 0, 17, 9, 153, 0, 729], 3.9.a_r_j, 9 
(-2, 2, 12), [1, 0, 17, 12, 153, 0, 729], 3.9.a_r_m, 12 
(0, 0, 10), [1, 0, 19, 0, 171, 0, 729], 3.9.a_t_a, 10 
(6, -5, 16), [1, 1, -5, 6, -45, 81, 729], 3.9.b_af_g, 27 
(2, -1, -9), [1, 1, -2, -36, -18, 81, 729], 3.9.b_ac_abk, -6 
(0, 1, -11), [1, 1, -2, 18, -18, 81, 729], 3.9.b_ac_s, -12 
(3, -2, -4), [1, 1, -1, -48, -9, 81, 729], 3.9.b_ab_abw, 1 
(0, 1, -10), [1, 1, -1, 18, -9, 81, 729], 3.9.b_ab_s, -11 
(2, -1, -6), [1, 1, 1, -30, 9, 81, 729], 3.9.b_b_abe, -3 
(0, 1, -8), [1, 1, 1, 18, 9, 81, 729], 3.9.b_b_s, -9 
(0, 1, -7), [1, 1, 2, 18, 18, 81, 729], 3.9.b_c_s, -8 
(2, -1, -3), [1, 1, 4, -24, 36, 81, 729], 3.9.b_e_ay, 0 
(0, 1, -5), [1, 1, 4, 18, 36, 81, 729], 3.9.b_e_s, -6 
(-4, 5, 15), [1, 1, 4, 30, 36, 81, 729], 3.9.b_e_be, 6 
(0, 1, -4), [1, 1, 5, 18, 45, 81, 729], 3.9.b_f_s, -5 
(2, -1, 0), [1, 1, 7, -18, 63, 81, 729], 3.9.b_h_as, 3 
(-1, 2, 0), [1, 1, 7, 36, 63, 81, 729], 3.9.b_h_bk, -3 
(-3, 4, 10), [1, 1, 7, 42, 63, 81, 729], 3.9.b_h_bq, 3 
(0, 1, -1), [1, 1, 8, 18, 72, 81, 729], 3.9.b_i_s, -2 
(-4, 5, 21), [1, 1, 10, 6, 90, 81, 729], 3.9.b_k_g, 12 
(0, 1, 1), [1, 1, 10, 18, 90, 81, 729], 3.9.b_k_s, 0 
(3, -2, 8), [1, 1, 11, -12, 99, 81, 729], 3.9.b_l_am, 13 
(0, 1, 2), [1, 1, 11, 18, 99, 81, 729], 3.9.b_l_s, 1 
(-3, 4, 14), [1, 1, 11, 30, 99, 81, 729], 3.9.b_l_be, 7 
(0, 1, 4), [1, 1, 13, 18, 117, 81, 729], 3.9.b_n_s, 3 
(-3, 4, 16), [1, 1, 13, 24, 117, 81, 729], 3.9.b_n_y, 9 
(-1, 2, 6), [1, 1, 13, 30, 117, 81, 729], 3.9.b_n_be, 3 
(0, 1, 5), [1, 1, 14, 18, 126, 81, 729], 3.9.b_o_s, 4 
(0, 1, 7), [1, 1, 16, 18, 144, 81, 729], 3.9.b_q_s, 6 
(3, -2, 14), [1, 1, 17, 6, 153, 81, 729], 3.9.b_r_g, 19 
(-3, 4, 20), [1, 1, 17, 12, 153, 81, 729], 3.9.b_r_m, 13 
(0, 1, 8), [1, 1, 17, 18, 153, 81, 729], 3.9.b_r_s, 7 
(3, -2, 16), [1, 1, 19, 12, 171, 81, 729], 3.9.b_t_m, 21 
(0, 1, 10), [1, 1, 19, 18, 171, 81, 729], 3.9.b_t_s, 9 
(0, 1, 13), [1, 1, 22, 18, 198, 81, 729], 3.9.b_w_s, 12 
(0, 1, 14), [1, 1, 23, 18, 207, 81, 729], 3.9.b_x_s, 13 
(6, -4, 7), [1, 2, -8, -30, -72, 162, 729], 3.9.c_ai_abe, 27 
(-6, 8, 32), [1, 2, -7, -48, -63, 162, 729], 3.9.c_ah_abw, 4 
(6, -4, 8), [1, 2, -7, -24, -63, 162, 729], 3.9.c_ah_ay, 28 
(6, -4, 10), [1, 2, -5, -12, -45, 162, 729], 3.9.c_af_am, 30 
(3, -1, -10), [1, 2, -4, -48, -36, 162, 729], 3.9.c_ae_abw, -2 
(3, -1, -8), [1, 2, -2, -42, -18, 162, 729], 3.9.c_ac_abq, 0 
(6, -4, 14), [1, 2, -1, 12, -9, 162, 729], 3.9.c_ab_m, 34 
(4, -2, 0), [1, 2, 1, -36, 9, 162, 729], 3.9.c_b_abk, 12 
(-5, 7, 27), [1, 2, 1, -9, 9, 162, 729], 3.9.c_b_aj, 3 
(1, 1, -9), [1, 2, 1, 9, 9, 162, 729], 3.9.c_b_j, -9 
(3, -1, -4), [1, 2, 2, -30, 18, 162, 729], 3.9.c_c_abe, 4 
(1, 1, -6), [1, 2, 4, 12, 36, 162, 729], 3.9.c_e_m, -6 
(0, 2, -5), [1, 2, 4, 36, 36, 162, 729], 3.9.c_e_bk, -9 
(0, 2, -4), [1, 2, 5, 36, 45, 162, 729], 3.9.c_f_bk, -8 
(3, -1, 1), [1, 2, 7, -15, 63, 162, 729], 3.9.c_h_ap, 9 
(4, -2, 6), [1, 2, 7, -12, 63, 162, 729], 3.9.c_h_am, 18 
(1, 1, -3), [1, 2, 7, 15, 63, 162, 729], 3.9.c_h_p, -3 
(0, 2, -2), [1, 2, 7, 36, 63, 162, 729], 3.9.c_h_bk, -6 
(-3, 5, 13), [1, 2, 7, 51, 63, 162, 729], 3.9.c_h_bz, -3 
(3, -1, 2), [1, 2, 8, -12, 72, 162, 729], 3.9.c_i_am, 10 
(0, 2, -1), [1, 2, 8, 36, 72, 162, 729], 3.9.c_i_bk, -5 
(-3, 5, 14), [1, 2, 8, 48, 72, 162, 729], 3.9.c_i_bw, -2 
(3, -1, 4), [1, 2, 10, -6, 90, 162, 729], 3.9.c_k_ag, 12 
(4, -2, 9), [1, 2, 10, 0, 90, 162, 729], 3.9.c_k_a, 21 
(1, 1, 0), [1, 2, 10, 18, 90, 162, 729], 3.9.c_k_s, 0 
(0, 2, 1), [1, 2, 10, 36, 90, 162, 729], 3.9.c_k_bk, -3 
(-3, 5, 16), [1, 2, 10, 42, 90, 162, 729], 3.9.c_k_bq, 0 
(-2, 4, 9), [1, 2, 10, 54, 90, 162, 729], 3.9.c_k_cc, -3 
(0, 2, 2), [1, 2, 11, 36, 99, 162, 729], 3.9.c_l_bk, -2 
(-3, 5, 17), [1, 2, 11, 39, 99, 162, 729], 3.9.c_l_bn, 1 
(4, -2, 12), [1, 2, 13, 12, 117, 162, 729], 3.9.c_n_m, 24 
(1, 1, 3), [1, 2, 13, 21, 117, 162, 729], 3.9.c_n_v, 3 
(-3, 5, 19), [1, 2, 13, 33, 117, 162, 729], 3.9.c_n_bh, 3 
(0, 2, 4), [1, 2, 13, 36, 117, 162, 729], 3.9.c_n_bk, 0 
(3, -1, 8), [1, 2, 14, 6, 126, 162, 729], 3.9.c_o_g, 16 
(-3, 5, 20), [1, 2, 14, 30, 126, 162, 729], 3.9.c_o_be, 4 
(0, 2, 7), [1, 2, 16, 36, 144, 162, 729], 3.9.c_q_bk, 3 
(-2, 4, 15), [1, 2, 16, 42, 144, 162, 729], 3.9.c_q_bq, 3 
(-3, 5, 23), [1, 2, 17, 21, 153, 162, 729], 3.9.c_r_v, 7 
(0, 2, 8), [1, 2, 17, 36, 153, 162, 729], 3.9.c_r_bk, 4 
(3, -1, 13), [1, 2, 19, 21, 171, 162, 729], 3.9.c_t_v, 21 
(1, 1, 9), [1, 2, 19, 27, 171, 162, 729], 3.9.c_t_bb, 9 
(0, 2, 11), [1, 2, 20, 36, 180, 162, 729], 3.9.c_u_bk, 7 
(0, 2, 13), [1, 2, 22, 36, 198, 162, 729], 3.9.c_w_bk, 9 
(0, 2, 14), [1, 2, 23, 36, 207, 162, 729], 3.9.c_x_bk, 10 
(0, 2, 16), [1, 2, 25, 36, 225, 162, 729], 3.9.c_z_bk, 12 
(3, 0, -14), [1, 3, -5, -42, -45, 243, 729], 3.9.d_af_abq, -5 
(4, -1, -9), [1, 3, -4, -54, -36, 243, 729], 3.9.d_ae_acc, 6 
(5, -2, 0), [1, 3, -1, -36, -9, 243, 729], 3.9.d_ab_abk, 21 
(2, 1, -9), [1, 3, 2, 0, 18, 243, 729], 3.9.d_c_a, -6 
(6, -3, 13), [1, 3, 4, 24, 36, 243, 729], 3.9.d_e_y, 40 
(3, 0, -4), [1, 3, 5, -12, 45, 243, 729], 3.9.d_f_am, 5 
(5, -2, 6), [1, 3, 5, -6, 45, 243, 729], 3.9.d_f_ag, 27 
(2, 1, -6), [1, 3, 5, 6, 45, 243, 729], 3.9.d_f_g, -3 
(3, 0, -2), [1, 3, 7, -6, 63, 243, 729], 3.9.d_h_ag, 7 
(2, 1, -3), [1, 3, 8, 12, 72, 243, 729], 3.9.d_i_m, 0 
(-4, 7, 27), [1, 3, 8, 18, 72, 243, 729], 3.9.d_i_s, -6 
(0, 3, 1), [1, 3, 10, 54, 90, 243, 729], 3.9.d_k_cc, -8 
(2, 1, 0), [1, 3, 11, 18, 99, 243, 729], 3.9.d_l_s, 3 
(5, -2, 12), [1, 3, 11, 24, 99, 243, 729], 3.9.d_l_y, 33 
(1, 2, 0), [1, 3, 11, 36, 99, 243, 729], 3.9.d_l_bk, -3 
(-3, 6, 20), [1, 3, 11, 48, 99, 243, 729], 3.9.d_l_bw, -7 
(0, 3, 2), [1, 3, 11, 54, 99, 243, 729], 3.9.d_l_cc, -7 
(3, 0, 4), [1, 3, 13, 12, 117, 243, 729], 3.9.d_n_m, 13 
(-3, 6, 22), [1, 3, 13, 42, 117, 243, 729], 3.9.d_n_bq, -5 
(0, 3, 4), [1, 3, 13, 54, 117, 243, 729], 3.9.d_n_cc, -5 
(4, -1, 9), [1, 3, 14, 18, 126, 243, 729], 3.9.d_o_s, 24 
(2, 1, 3), [1, 3, 14, 24, 126, 243, 729], 3.9.d_o_y, 6 
(0, 3, 5), [1, 3, 14, 54, 126, 243, 729], 3.9.d_o_cc, -4 
(-2, 5, 15), [1, 3, 14, 60, 126, 243, 729], 3.9.d_o_ci, -6 
(0, 3, 7), [1, 3, 16, 54, 144, 243, 729], 3.9.d_q_cc, -2 
(1, 2, 6), [1, 3, 17, 42, 153, 243, 729], 3.9.d_r_bq, 3 
(0, 3, 10), [1, 3, 19, 54, 171, 243, 729], 3.9.d_t_cc, 1 
(2, 1, 9), [1, 3, 20, 36, 180, 243, 729], 3.9.d_u_bk, 12 
(-2, 5, 21), [1, 3, 20, 48, 180, 243, 729], 3.9.d_u_bw, 0 
(0, 3, 11), [1, 3, 20, 54, 180, 243, 729], 3.9.d_u_cc, 2 
(1, 2, 12), [1, 3, 23, 48, 207, 243, 729], 3.9.d_x_bw, 9 
(5, -1, -6), [1, 4, -2, -48, -18, 324, 729], 3.9.e_ac_abw, 18 
(6, -2, 2), [1, 4, -1, -24, -9, 324, 729], 3.9.e_ab_ay, 34 
(3, 1, -11), [1, 4, 1, -15, 9, 324, 729], 3.9.e_b_ap, -3 
(5, -1, 0), [1, 4, 4, -18, 36, 324, 729], 3.9.e_e_as, 24 
(3, 1, -8), [1, 4, 4, -6, 36, 324, 729], 3.9.e_e_ag, 0 
(3, 1, -7), [1, 4, 5, -3, 45, 324, 729], 3.9.e_f_ad, 1 
(5, -1, 3), [1, 4, 7, -3, 63, 324, 729], 3.9.e_h_ad, 27 
(3, 1, -5), [1, 4, 7, 3, 63, 324, 729], 3.9.e_h_d, 3 
(3, 1, -4), [1, 4, 8, 6, 72, 324, 729], 3.9.e_i_g, 4 
(3, 1, 1), [1, 4, 13, 21, 117, 324, 729], 3.9.e_n_v, 9 
(5, -1, 9), [1, 4, 13, 27, 117, 324, 729], 3.9.e_n_bb, 33 
(2, 2, 0), [1, 4, 13, 36, 117, 324, 729], 3.9.e_n_bk, 0 
(-3, 7, 25), [1, 4, 13, 51, 117, 324, 729], 3.9.e_n_bz, -15 
(3, 1, 2), [1, 4, 14, 24, 126, 324, 729], 3.9.e_o_y, 10 
(-3, 7, 26), [1, 4, 14, 48, 126, 324, 729], 3.9.e_o_bw, -14 
(3, 1, 4), [1, 4, 16, 30, 144, 324, 729], 3.9.e_q_be, 12 
(3, 1, 5), [1, 4, 17, 33, 153, 324, 729], 3.9.e_r_bh, 13 
(0, 4, 8), [1, 4, 17, 72, 153, 324, 729], 3.9.e_r_cu, -8 
(3, 1, 7), [1, 4, 19, 39, 171, 324, 729], 3.9.e_t_bn, 15 
(2, 2, 6), [1, 4, 19, 48, 171, 324, 729], 3.9.e_t_bw, 6 
(0, 4, 10), [1, 4, 19, 72, 171, 324, 729], 3.9.e_t_cu, -6 
(3, 1, 8), [1, 4, 20, 42, 180, 324, 729], 3.9.e_u_bq, 16 
(0, 4, 11), [1, 4, 20, 72, 180, 324, 729], 3.9.e_u_cu, -5 
(2, 2, 9), [1, 4, 22, 54, 198, 324, 729], 3.9.e_w_cc, 9 
(0, 4, 14), [1, 4, 23, 72, 207, 324, 729], 3.9.e_x_cu, -2 
(2, 2, 12), [1, 4, 25, 60, 225, 324, 729], 3.9.e_z_ci, 12 
(-1, 5, 21), [1, 4, 25, 69, 225, 324, 729], 3.9.e_z_cr, -3 
(4, 1, -9), [1, 5, 4, -18, 36, 405, 729], 3.9.f_e_as, 6 
(6, -1, 1), [1, 5, 4, -12, 36, 405, 729], 3.9.f_e_am, 36 
(4, 1, -6), [1, 5, 7, -6, 63, 405, 729], 3.9.f_h_ag, 9 
(4, 1, -3), [1, 5, 10, 6, 90, 405, 729], 3.9.f_k_g, 12 
(3, 2, -4), [1, 5, 11, 24, 99, 405, 729], 3.9.f_l_y, 1 
(6, -1, 8), [1, 5, 11, 30, 99, 405, 729], 3.9.f_l_be, 43 
(4, 1, 0), [1, 5, 13, 18, 117, 405, 729], 3.9.f_n_s, 15 
(3, 2, -2), [1, 5, 13, 30, 117, 405, 729], 3.9.f_n_be, 3 
(3, 2, 2), [1, 5, 17, 42, 153, 405, 729], 3.9.f_r_bq, 7 
(-3, 8, 32), [1, 5, 17, 48, 153, 405, 729], 3.9.f_r_bw, -23 
(3, 2, 4), [1, 5, 19, 48, 171, 405, 729], 3.9.f_t_bw, 9 
(-2, 7, 27), [1, 5, 22, 72, 198, 405, 729], 3.9.f_w_cu, -18 
(3, 2, 8), [1, 5, 23, 60, 207, 405, 729], 3.9.f_x_ci, 13 
(0, 5, 14), [1, 5, 23, 90, 207, 405, 729], 3.9.f_x_dm, -11 
(6, 0, -14), [1, 6, -5, -84, -45, 486, 729], 3.9.g_af_adg, 22 
(6, 0, -2), [1, 6, 7, -12, 63, 486, 729], 3.9.g_h_am, 34 
(5, 1, -6), [1, 6, 8, -12, 72, 486, 729], 3.9.g_i_am, 18 
(5, 1, 0), [1, 6, 14, 18, 126, 486, 729], 3.9.g_o_s, 24 
(6, 0, 7), [1, 6, 16, 42, 144, 486, 729], 3.9.g_q_bq, 43 
(5, 1, 3), [1, 6, 17, 33, 153, 486, 729], 3.9.g_r_bh, 27 
(4, 2, 0), [1, 6, 17, 36, 153, 486, 729], 3.9.g_r_bk, 12 
(-3, 9, 37), [1, 6, 19, 51, 171, 486, 729], 3.9.g_t_bz, -35 
(6, 0, 10), [1, 6, 19, 60, 171, 486, 729], 3.9.g_t_ci, 46 
(3, 3, 2), [1, 6, 20, 60, 180, 486, 729], 3.9.g_u_ci, 2 
(3, 3, 4), [1, 6, 22, 66, 198, 486, 729], 3.9.g_w_co, 4 
(4, 2, 6), [1, 6, 23, 60, 207, 486, 729], 3.9.g_x_ci, 18 
(5, 1, 9), [1, 6, 23, 63, 207, 486, 729], 3.9.g_x_cl, 33 
(3, 3, 5), [1, 6, 23, 69, 207, 486, 729], 3.9.g_x_cr, 5 
(2, 4, 9), [1, 6, 26, 90, 234, 486, 729], 3.9.g_ba_dm, -3 
(4, 2, 12), [1, 6, 29, 84, 261, 486, 729], 3.9.g_bd_dg, 24 
(-1, 7, 27), [1, 6, 29, 99, 261, 486, 729], 3.9.g_bd_dv, -21 
(1, 5, 15), [1, 6, 29, 105, 261, 486, 729], 3.9.g_bd_eb, -9 
(0, 6, 22), [1, 6, 31, 108, 279, 486, 729], 3.9.g_bf_ee, -14 
(2, 4, 15), [1, 6, 32, 102, 288, 486, 729], 3.9.g_bg_dy, 3 
(3, 3, 16), [1, 6, 34, 102, 306, 486, 729], 3.9.g_bi_dy, 16 
(6, 1, 4), [1, 7, 19, 42, 171, 567, 729], 3.9.h_t_bq, 39 
(6, 1, 13), [1, 7, 28, 96, 252, 567, 729], 3.9.h_bc_ds, 48 
(3, 4, 10), [1, 7, 31, 102, 279, 567, 729], 3.9.h_bf_dy, 3 
(2, 5, 15), [1, 7, 34, 120, 306, 567, 729], 3.9.h_bi_eq, -6 
(0, 7, 25), [1, 7, 34, 126, 306, 567, 729], 3.9.h_bi_ew, -24 
(3, 4, 14), [1, 7, 35, 114, 315, 567, 729], 3.9.h_bj_ek, 7 
(0, 7, 26), [1, 7, 35, 126, 315, 567, 729], 3.9.h_bj_ew, -23 
(0, 7, 29), [1, 7, 38, 126, 342, 567, 729], 3.9.h_bm_ew, -20 
(6, 2, 2), [1, 8, 23, 48, 207, 648, 729], 3.9.i_x_bw, 34 
(4, 4, 9), [1, 8, 34, 108, 306, 648, 729], 3.9.i_bi_ee, 9 
(3, 5, 14), [1, 8, 38, 132, 342, 648, 729], 3.9.i_bm_fc, -2 
(3, 5, 16), [1, 8, 40, 138, 360, 648, 729], 3.9.i_bo_fi, 0 
(0, 8, 32), [1, 8, 41, 144, 369, 648, 729], 3.9.i_bp_fo, -32 
(3, 5, 20), [1, 8, 44, 150, 396, 648, 729], 3.9.i_bs_fu, 4 
(6, 3, 16), [1, 9, 43, 150, 387, 729, 729], 3.9.j_br_fu, 43 
(3, 6, 20), [1, 9, 47, 168, 423, 729, 729], 3.9.j_bv_gm, -7 
(6, 4, 10), [1, 10, 43, 132, 387, 810, 729], 3.9.k_br_fc, 30 
(6, 4, 14), [1, 10, 47, 156, 423, 810, 729], 3.9.k_bv_ga, 34 
