(-8, -14, 92), [1, -22, 227, -1380, 5221, -11638, 12167], 3.23.aw_it_acbc 
(-7, -14, 92), [1, -21, 213, -1288, 4899, -11109, 12167], 3.23.av_if_abxo 
(-6, -14, 92), [1, -20, 199, -1196, 4577, -10580, 12167], 3.23.au_hr_abua 
(-4, -11, 69), [1, -15, 136, -782, 3128, -7935, 12167], 3.23.ap_fg_abec 
(-9, -1, -23), [1, -10, 9, 161, 207, -5290, 12167], 3.23.ak_j_gf 
(0, -9, 43), [1, -9, 66, -414, 1518, -4761, 12167], 3.23.aj_co_apy 
(0, -9, 44), [1, -9, 67, -414, 1541, -4761, 12167], 3.23.aj_cp_apy 
(0, -9, 48), [1, -9, 71, -414, 1633, -4761, 12167], 3.23.aj_ct_apy 
(0, -9, 49), [1, -9, 72, -414, 1656, -4761, 12167], 3.23.aj_cu_apy 
(0, -8, 41), [1, -8, 64, -368, 1472, -4232, 12167], 3.23.ai_cm_aoe 
(-8, 1, -23), [1, -7, -8, 230, -184, -3703, 12167], 3.23.ah_ai_iw 
(0, -7, 43), [1, -7, 66, -322, 1518, -3703, 12167], 3.23.ah_co_amk 
(0, -7, 44), [1, -7, 67, -322, 1541, -3703, 12167], 3.23.ah_cp_amk 
(0, -7, 48), [1, -7, 71, -322, 1633, -3703, 12167], 3.23.ah_ct_amk 
(0, -7, 49), [1, -7, 72, -322, 1656, -3703, 12167], 3.23.ah_cu_amk 
(-5, -1, 23), [1, -6, 51, -161, 1173, -3174, 12167], 3.23.ag_bz_agf 
(0, -5, 43), [1, -5, 66, -230, 1518, -2645, 12167], 3.23.af_co_aiw 
(0, -5, 44), [1, -5, 67, -230, 1541, -2645, 12167], 3.23.af_cp_aiw 
(0, -5, 48), [1, -5, 71, -230, 1633, -2645, 12167], 3.23.af_ct_aiw 
(0, -5, 49), [1, -5, 72, -230, 1656, -2645, 12167], 3.23.af_cu_aiw 
(-4, 1, 23), [1, -3, 42, -46, 966, -1587, 12167], 3.23.ad_bq_abu 
(0, -3, 43), [1, -3, 66, -138, 1518, -1587, 12167], 3.23.ad_co_afi 
(0, -3, 44), [1, -3, 67, -138, 1541, -1587, 12167], 3.23.ad_cp_afi 
(0, -1, 43), [1, -1, 66, -46, 1518, -529, 12167], 3.23.ab_co_abu 
(0, 0, -37), [1, 0, -14, 0, -322, 0, 12167], 3.23.a_ao_a 
(0, 0, -21), [1, 0, 2, 0, 46, 0, 12167], 3.23.a_c_a 
(0, 0, 35), [1, 0, 58, 0, 1334, 0, 12167], 3.23.a_cg_a 
(0, 0, 44), [1, 0, 67, 0, 1541, 0, 12167], 3.23.a_cp_a 
(0, 1, 43), [1, 1, 66, 46, 1518, 529, 12167], 3.23.b_co_bu 
(4, -1, 23), [1, 3, 42, 46, 966, 1587, 12167], 3.23.d_bq_bu 
(0, 3, 43), [1, 3, 66, 138, 1518, 1587, 12167], 3.23.d_co_fi 
(0, 3, 44), [1, 3, 67, 138, 1541, 1587, 12167], 3.23.d_cp_fi 
(0, 5, 43), [1, 5, 66, 230, 1518, 2645, 12167], 3.23.f_co_iw 
(0, 5, 44), [1, 5, 67, 230, 1541, 2645, 12167], 3.23.f_cp_iw 
(0, 5, 48), [1, 5, 71, 230, 1633, 2645, 12167], 3.23.f_ct_iw 
(0, 5, 49), [1, 5, 72, 230, 1656, 2645, 12167], 3.23.f_cu_iw 
(5, 1, 23), [1, 6, 51, 161, 1173, 3174, 12167], 3.23.g_bz_gf 
(8, -1, -23), [1, 7, -8, -230, -184, 3703, 12167], 3.23.h_ai_aiw 
(0, 7, 43), [1, 7, 66, 322, 1518, 3703, 12167], 3.23.h_co_mk 
(0, 7, 44), [1, 7, 67, 322, 1541, 3703, 12167], 3.23.h_cp_mk 
(0, 7, 48), [1, 7, 71, 322, 1633, 3703, 12167], 3.23.h_ct_mk 
(0, 7, 49), [1, 7, 72, 322, 1656, 3703, 12167], 3.23.h_cu_mk 
(0, 8, 41), [1, 8, 64, 368, 1472, 4232, 12167], 3.23.i_cm_oe 
(0, 9, 43), [1, 9, 66, 414, 1518, 4761, 12167], 3.23.j_co_py 
(0, 9, 44), [1, 9, 67, 414, 1541, 4761, 12167], 3.23.j_cp_py 
(0, 9, 48), [1, 9, 71, 414, 1633, 4761, 12167], 3.23.j_ct_py 
(0, 9, 49), [1, 9, 72, 414, 1656, 4761, 12167], 3.23.j_cu_py 
(9, 1, -23), [1, 10, 9, -161, 207, 5290, 12167], 3.23.k_j_agf 
(4, 11, 69), [1, 15, 136, 782, 3128, 7935, 12167], 3.23.p_fg_bec 
(6, 14, 92), [1, 20, 199, 1196, 4577, 10580, 12167], 3.23.u_hr_bua 
(7, 14, 92), [1, 21, 213, 1288, 4899, 11109, 12167], 3.23.v_if_bxo 
(8, 14, 92), [1, 22, 227, 1380, 5221, 11638, 12167], 3.23.w_it_cbc 
