1,-26,299,-1939,7475,-16250,15625
1,-25,280,-1799,7000,-15625,15625
1,-25,281,-1808,7025,-15625,15625
1,-25,282,-1818,7050,-15625,15625
1,-24,261,-1659,6525,-15000,15625
1,-24,262,-1668,6550,-15000,15625
1,-24,263,-1677,6575,-15000,15625
1,-24,264,-1688,6600,-15000,15625
1,-24,265,-1697,6625,-15000,15625
1,-24,265,-1696,6625,-15000,15625
1,-23,242,-1519,6050,-14375,15625
1,-23,243,-1528,6075,-14375,15625
1,-23,244,-1537,6100,-14375,15625
1,-23,245,-1546,6125,-14375,15625
1,-23,246,-1558,6150,-14375,15625
1,-23,247,-1566,6175,-14375,15625
1,-23,247,-1564,6175,-14375,15625
1,-23,248,-1577,6200,-14375,15625
1,-23,248,-1576,6200,-14375,15625
1,-23,248,-1574,6200,-14375,15625
1,-23,248,-1573,6200,-14375,15625
1,-23,249,-1584,6225,-14375,15625
1,-22,224,-1388,5600,-13750,15625
1,-22,225,-1397,5625,-13750,15625
1,-22,226,-1406,5650,-13750,15625
1,-22,228,-1428,5700,-13750,15625
1,-22,229,-1433,5725,-13750,15625
1,-22,230,-1444,5750,-13750,15625
1,-22,231,-1457,5775,-13750,15625
1,-22,231,-1451,5775,-13750,15625
1,-22,232,-1466,5800,-13750,15625
1,-22,233,-1472,5825,-13750,15625
1,-22,233,-1471,5825,-13750,15625
1,-22,233,-1469,5825,-13750,15625
1,-22,234,-1476,5850,-13750,15625
1,-21,204,-1239,5100,-13125,15625
1,-21,205,-1248,5125,-13125,15625
1,-21,206,-1257,5150,-13125,15625
1,-21,207,-1266,5175,-13125,15625
1,-21,209,-1284,5225,-13125,15625
1,-21,210,-1298,5250,-13125,15625
1,-21,211,-1306,5275,-13125,15625
1,-21,211,-1302,5275,-13125,15625
1,-21,212,-1314,5300,-13125,15625
1,-21,212,-1311,5300,-13125,15625
1,-21,214,-1337,5350,-13125,15625
1,-21,214,-1329,5350,-13125,15625
1,-21,215,-1344,5375,-13125,15625
1,-21,216,-1356,5400,-13125,15625
1,-21,216,-1351,5400,-13125,15625
1,-21,216,-1347,5400,-13125,15625
1,-21,216,-1346,5400,-13125,15625
1,-21,217,-1362,5425,-13125,15625
1,-21,217,-1358,5425,-13125,15625
1,-21,217,-1356,5425,-13125,15625
1,-21,217,-1354,5425,-13125,15625
1,-21,218,-1368,5450,-13125,15625
1,-21,218,-1362,5450,-13125,15625
1,-21,219,-1372,5475,-13125,15625
1,-21,220,-1379,5500,-13125,15625
1,-21,220,-1378,5500,-13125,15625
1,-20,185,-1099,4625,-12500,15625
1,-20,187,-1117,4675,-12500,15625
1,-20,191,-1153,4775,-12500,15625
1,-20,192,-1168,4800,-12500,15625
1,-20,193,-1171,4825,-12500,15625
1,-20,195,-1189,4875,-12500,15625
1,-20,197,-1207,4925,-12500,15625
1,-20,199,-1231,4975,-12500,15625
1,-20,200,-1246,5000,-12500,15625
1,-20,200,-1232,5000,-12500,15625
1,-20,201,-1243,5025,-12500,15625
1,-20,202,-1248,5050,-12500,15625
1,-20,204,-1264,5100,-12500,15625
1,-20,205,-1273,5125,-12500,15625
1,-20,206,-1282,5150,-12500,15625
1,-20,207,-1287,5175,-12500,15625
1,-19,166,-959,4150,-11875,15625
1,-19,167,-968,4175,-11875,15625
1,-19,168,-977,4200,-11875,15625
1,-19,171,-1004,4275,-11875,15625
1,-19,172,-1013,4300,-11875,15625
1,-19,173,-1022,4325,-11875,15625
1,-19,176,-1049,4400,-11875,15625
1,-19,177,-1058,4425,-11875,15625
1,-19,178,-1067,4450,-11875,15625
1,-19,179,-1076,4475,-11875,15625
1,-19,180,-1097,4500,-11875,15625
1,-19,181,-1104,4525,-11875,15625
1,-19,182,-1111,4550,-11875,15625
1,-19,182,-1103,4550,-11875,15625
1,-19,183,-1112,4575,-11875,15625
1,-19,184,-1133,4600,-11875,15625
1,-19,184,-1121,4600,-11875,15625
1,-19,184,-1118,4600,-11875,15625
1,-19,185,-1136,4625,-11875,15625
1,-19,185,-1126,4625,-11875,15625
1,-19,186,-1154,4650,-11875,15625
1,-19,186,-1134,4650,-11875,15625
1,-19,187,-1148,4675,-11875,15625
1,-19,188,-1157,4700,-11875,15625
1,-19,188,-1153,4700,-11875,15625
1,-19,189,-1158,4725,-11875,15625
1,-19,190,-1167,4750,-11875,15625
1,-19,190,-1166,4750,-11875,15625
1,-19,191,-1178,4775,-11875,15625
1,-19,192,-1184,4800,-11875,15625
1,-19,192,-1181,4800,-11875,15625
1,-19,193,-1188,4825,-11875,15625
1,-19,194,-1196,4850,-11875,15625
1,-18,147,-819,3675,-11250,15625
1,-18,149,-837,3725,-11250,15625
1,-18,153,-873,3825,-11250,15625
1,-18,155,-891,3875,-11250,15625
1,-18,157,-909,3925,-11250,15625
1,-18,159,-927,3975,-11250,15625
1,-18,172,-1064,4300,-11250,15625
1,-18,172,-1036,4300,-11250,15625
1,-18,173,-1068,4325,-11250,15625
1,-18,173,-1047,4325,-11250,15625
1,-18,174,-1072,4350,-11250,15625
1,-18,175,-1061,4375,-11250,15625
1,-18,178,-1084,4450,-11250,15625
1,-18,179,-1089,4475,-11250,15625
1,-18,181,-1103,4525,-11250,15625
1,-17,128,-679,3200,-10625,15625
1,-17,130,-697,3250,-10625,15625
1,-17,133,-724,3325,-10625,15625
1,-17,134,-733,3350,-10625,15625
1,-17,135,-742,3375,-10625,15625
1,-17,136,-751,3400,-10625,15625
1,-17,139,-778,3475,-10625,15625
1,-17,140,-787,3500,-10625,15625
1,-17,141,-796,3525,-10625,15625
1,-17,144,-823,3600,-10625,15625
1,-17,146,-857,3650,-10625,15625
1,-17,146,-841,3650,-10625,15625
1,-17,148,-871,3700,-10625,15625
1,-17,148,-859,3700,-10625,15625
1,-17,150,-877,3750,-10625,15625
1,-17,151,-882,3775,-10625,15625
1,-17,152,-911,3800,-10625,15625
1,-17,152,-899,3800,-10625,15625
1,-17,153,-898,3825,-10625,15625
1,-17,154,-906,3850,-10625,15625
1,-17,156,-931,3900,-10625,15625
1,-17,156,-927,3900,-10625,15625
1,-17,156,-922,3900,-10625,15625
1,-17,158,-974,3950,-10625,15625
1,-17,158,-973,3950,-10625,15625
1,-17,158,-949,3950,-10625,15625
1,-17,158,-941,3950,-10625,15625
1,-17,158,-938,3950,-10625,15625
1,-17,159,-978,3975,-10625,15625
1,-17,159,-976,3975,-10625,15625
1,-17,159,-946,3975,-10625,15625
1,-17,160,-982,4000,-10625,15625
1,-17,160,-979,4000,-10625,15625
1,-17,160,-967,4000,-10625,15625
1,-17,161,-986,4025,-10625,15625
1,-17,162,-969,4050,-10625,15625
1,-17,163,-976,4075,-10625,15625
1,-17,164,-998,4100,-10625,15625
1,-17,164,-991,4100,-10625,15625
1,-17,164,-983,4100,-10625,15625
1,-17,165,-1002,4125,-10625,15625
1,-17,166,-1006,4150,-10625,15625
1,-17,167,-1006,4175,-10625,15625
1,-17,167,-1004,4175,-10625,15625
1,-17,168,-1012,4200,-10625,15625
1,-17,168,-1011,4200,-10625,15625
1,-17,170,-1024,4250,-10625,15625
1,-16,109,-539,2725,-10000,15625
1,-16,110,-548,2750,-10000,15625
1,-16,114,-584,2850,-10000,15625
1,-16,115,-593,2875,-10000,15625
1,-16,117,-611,2925,-10000,15625
1,-16,119,-629,2975,-10000,15625
1,-16,120,-648,3000,-10000,15625
1,-16,121,-647,3025,-10000,15625
1,-16,122,-656,3050,-10000,15625
1,-16,138,-792,3450,-10000,15625
1,-16,140,-808,3500,-10000,15625
1,-16,145,-893,3625,-10000,15625
1,-16,146,-896,3650,-10000,15625
1,-16,147,-899,3675,-10000,15625
1,-16,149,-877,3725,-10000,15625
1,-16,151,-891,3775,-10000,15625
1,-16,152,-916,3800,-10000,15625
1,-16,154,-924,3850,-10000,15625
1,-16,155,-923,3875,-10000,15625
1,-16,155,-919,3875,-10000,15625
1,-16,156,-932,3900,-10000,15625
1,-16,157,-932,3925,-10000,15625
1,-16,158,-938,3950,-10000,15625
1,-15,90,-399,2250,-9375,15625
1,-15,92,-417,2300,-9375,15625
1,-15,95,-444,2375,-9375,15625
1,-15,96,-453,2400,-9375,15625
1,-15,98,-471,2450,-9375,15625
1,-15,100,-489,2500,-9375,15625
1,-15,101,-498,2525,-9375,15625
1,-15,103,-516,2575,-9375,15625
1,-15,105,-534,2625,-9375,15625
1,-15,106,-543,2650,-9375,15625
1,-15,108,-561,2700,-9375,15625
1,-15,110,-579,2750,-9375,15625
1,-15,112,-617,2800,-9375,15625
1,-15,112,-597,2800,-9375,15625
1,-15,114,-631,2850,-9375,15625
1,-15,116,-633,2900,-9375,15625
1,-15,118,-659,2950,-9375,15625
1,-15,118,-651,2950,-9375,15625
1,-15,120,-689,3000,-9375,15625
1,-15,120,-673,3000,-9375,15625
1,-15,120,-669,3000,-9375,15625
1,-15,120,-662,3000,-9375,15625
1,-15,122,-678,3050,-9375,15625
1,-15,124,-701,3100,-9375,15625
1,-15,124,-694,3100,-9375,15625
1,-15,125,-702,3125,-9375,15625
1,-15,126,-723,3150,-9375,15625
1,-15,128,-741,3200,-9375,15625
1,-15,128,-729,3200,-9375,15625
1,-15,130,-791,3250,-9375,15625
1,-15,130,-759,3250,-9375,15625
1,-15,130,-743,3250,-9375,15625
1,-15,132,-813,3300,-9375,15625
1,-15,132,-793,3300,-9375,15625
1,-15,132,-777,3300,-9375,15625
1,-15,132,-757,3300,-9375,15625
1,-15,133,-816,3325,-9375,15625
1,-15,134,-819,3350,-9375,15625
1,-15,134,-816,3350,-9375,15625
1,-15,134,-771,3350,-9375,15625
1,-15,135,-822,3375,-9375,15625
1,-15,135,-778,3375,-9375,15625
1,-15,136,-813,3400,-9375,15625
1,-15,136,-797,3400,-9375,15625
1,-15,137,-828,3425,-9375,15625
1,-15,137,-792,3425,-9375,15625
1,-15,139,-834,3475,-9375,15625
1,-15,139,-806,3475,-9375,15625
1,-15,140,-837,3500,-9375,15625
1,-15,140,-813,3500,-9375,15625
1,-15,142,-843,3550,-9375,15625
1,-15,142,-827,3550,-9375,15625
1,-15,144,-849,3600,-9375,15625
1,-15,144,-841,3600,-9375,15625
1,-15,145,-854,3625,-9375,15625
1,-15,145,-852,3625,-9375,15625
1,-15,145,-846,3625,-9375,15625
1,-15,146,-858,3650,-9375,15625
1,-15,146,-852,3650,-9375,15625
1,-15,148,-866,3700,-9375,15625
1,-15,148,-864,3700,-9375,15625
1,-14,81,-349,2025,-8750,15625
1,-14,83,-367,2075,-8750,15625
1,-14,87,-403,2175,-8750,15625
1,-14,89,-421,2225,-8750,15625
1,-14,104,-548,2600,-8750,15625
1,-14,106,-564,2650,-8750,15625
1,-14,110,-596,2750,-8750,15625
1,-14,120,-742,3000,-8750,15625
1,-14,121,-679,3025,-8750,15625
1,-14,123,-693,3075,-8750,15625
1,-14,125,-707,3125,-8750,15625
1,-14,127,-721,3175,-8750,15625
1,-14,129,-763,3225,-8750,15625
1,-14,131,-769,3275,-8750,15625
1,-14,132,-768,3300,-8750,15625
1,-14,134,-776,3350,-8750,15625
1,-14,134,-766,3350,-8750,15625
1,-14,135,-781,3375,-8750,15625
1,-14,136,-778,3400,-8750,15625
1,-14,137,-788,3425,-8750,15625
1,-14,137,-787,3425,-8750,15625
1,-14,138,-792,3450,-8750,15625
1,-13,52,-119,1300,-8125,15625
1,-13,54,-137,1350,-8125,15625
1,-13,58,-173,1450,-8125,15625
1,-13,60,-191,1500,-8125,15625
1,-13,62,-209,1550,-8125,15625
1,-13,63,-218,1575,-8125,15625
1,-13,64,-227,1600,-8125,15625
1,-13,65,-236,1625,-8125,15625
1,-13,67,-254,1675,-8125,15625
1,-13,68,-263,1700,-8125,15625
1,-13,69,-272,1725,-8125,15625
1,-13,70,-281,1750,-8125,15625
1,-13,72,-299,1800,-8125,15625
1,-13,74,-317,1850,-8125,15625
1,-13,78,-377,1950,-8125,15625
1,-13,78,-353,1950,-8125,15625
1,-13,80,-391,2000,-8125,15625
1,-13,80,-371,2000,-8125,15625
1,-13,82,-389,2050,-8125,15625
1,-13,84,-419,2100,-8125,15625
1,-13,84,-407,2100,-8125,15625
1,-13,86,-433,2150,-8125,15625
1,-13,88,-467,2200,-8125,15625
1,-13,88,-447,2200,-8125,15625
1,-13,88,-443,2200,-8125,15625
1,-13,88,-434,2200,-8125,15625
1,-13,89,-442,2225,-8125,15625
1,-13,92,-479,2300,-8125,15625
1,-13,92,-466,2300,-8125,15625
1,-13,93,-474,2325,-8125,15625
1,-13,94,-497,2350,-8125,15625
1,-13,94,-489,2350,-8125,15625
1,-13,94,-482,2350,-8125,15625
1,-13,96,-503,2400,-8125,15625
1,-13,98,-533,2450,-8125,15625
1,-13,98,-517,2450,-8125,15625
1,-13,100,-551,2500,-8125,15625
1,-13,100,-531,2500,-8125,15625
1,-13,102,-609,2550,-8125,15625
1,-13,102,-569,2550,-8125,15625
1,-13,104,-607,2600,-8125,15625
1,-13,104,-587,2600,-8125,15625
1,-13,104,-559,2600,-8125,15625
1,-13,106,-653,2650,-8125,15625
1,-13,106,-573,2650,-8125,15625
1,-13,108,-671,2700,-8125,15625
1,-13,108,-659,2700,-8125,15625
1,-13,108,-623,2700,-8125,15625
1,-13,108,-603,2700,-8125,15625
1,-13,108,-587,2700,-8125,15625
1,-13,109,-594,2725,-8125,15625
1,-13,110,-673,2750,-8125,15625
1,-13,110,-641,2750,-8125,15625
1,-13,111,-608,2775,-8125,15625
1,-13,112,-671,2800,-8125,15625
1,-13,112,-659,2800,-8125,15625
1,-13,113,-682,2825,-8125,15625
1,-13,113,-622,2825,-8125,15625
1,-13,114,-684,2850,-8125,15625
1,-13,114,-629,2850,-8125,15625
1,-13,116,-688,2900,-8125,15625
1,-13,116,-683,2900,-8125,15625
1,-13,116,-679,2900,-8125,15625
1,-13,116,-643,2900,-8125,15625
1,-13,118,-692,2950,-8125,15625
1,-13,118,-689,2950,-8125,15625
1,-13,118,-681,2950,-8125,15625
1,-13,118,-657,2950,-8125,15625
1,-13,120,-683,3000,-8125,15625
1,-13,120,-671,3000,-8125,15625
1,-13,120,-668,3000,-8125,15625
1,-13,121,-674,3025,-8125,15625
1,-13,122,-701,3050,-8125,15625
1,-13,123,-704,3075,-8125,15625
1,-13,124,-707,3100,-8125,15625
1,-13,124,-699,3100,-8125,15625
1,-13,124,-692,3100,-8125,15625
1,-13,125,-698,3125,-8125,15625
1,-13,126,-704,3150,-8125,15625
1,-13,127,-716,3175,-8125,15625
1,-13,128,-719,3200,-8125,15625
1,-13,128,-718,3200,-8125,15625
1,-13,128,-716,3200,-8125,15625
1,-13,130,-726,3250,-8125,15625
1,-12,34,12,850,-7500,15625
1,-12,45,-87,1125,-7500,15625
1,-12,49,-123,1225,-7500,15625
1,-12,51,-141,1275,-7500,15625
1,-12,63,-249,1575,-7500,15625
1,-12,74,-336,1850,-7500,15625
1,-12,76,-352,1900,-7500,15625
1,-12,80,-384,2000,-7500,15625
1,-12,93,-481,2325,-7500,15625
1,-12,97,-611,2425,-7500,15625
1,-12,97,-509,2425,-7500,15625
1,-12,98,-612,2450,-7500,15625
1,-12,98,-516,2450,-7500,15625
1,-12,99,-613,2475,-7500,15625
1,-12,99,-523,2475,-7500,15625
1,-12,110,-594,2750,-7500,15625
1,-12,112,-634,2800,-7500,15625
1,-12,112,-606,2800,-7500,15625
1,-12,119,-651,2975,-7500,15625
1,-12,121,-657,3025,-7500,15625
1,-11,14,161,350,-6875,15625
1,-11,16,143,400,-6875,15625
1,-11,20,107,500,-6875,15625
1,-11,22,89,550,-6875,15625
1,-11,24,71,600,-6875,15625
1,-11,26,53,650,-6875,15625
1,-11,27,44,675,-6875,15625
1,-11,29,26,725,-6875,15625
1,-11,31,8,775,-6875,15625
1,-11,32,-1,800,-6875,15625
1,-11,34,-19,850,-6875,15625
1,-11,36,-37,900,-6875,15625
1,-11,40,-73,1000,-6875,15625
1,-11,42,-91,1050,-6875,15625
1,-11,44,-137,1100,-6875,15625
1,-11,44,-109,1100,-6875,15625
1,-11,46,-151,1150,-6875,15625
1,-11,46,-127,1150,-6875,15625
1,-11,50,-179,1250,-6875,15625
1,-11,50,-163,1250,-6875,15625
1,-11,52,-193,1300,-6875,15625
1,-11,52,-181,1300,-6875,15625
1,-11,54,-207,1350,-6875,15625
1,-11,54,-199,1350,-6875,15625
1,-11,56,-221,1400,-6875,15625
1,-11,56,-217,1400,-6875,15625
1,-11,56,-206,1400,-6875,15625
1,-11,57,-214,1425,-6875,15625
1,-11,58,-222,1450,-6875,15625
1,-11,60,-253,1500,-6875,15625
1,-11,60,-249,1500,-6875,15625
1,-11,60,-238,1500,-6875,15625
1,-11,61,-246,1525,-6875,15625
1,-11,62,-271,1550,-6875,15625
1,-11,62,-263,1550,-6875,15625
1,-11,62,-254,1550,-6875,15625
1,-11,64,-289,1600,-6875,15625
1,-11,64,-277,1600,-6875,15625
1,-11,66,-307,1650,-6875,15625
1,-11,66,-291,1650,-6875,15625
1,-11,70,-343,1750,-6875,15625
1,-11,70,-319,1750,-6875,15625
1,-11,72,-361,1800,-6875,15625
1,-11,72,-333,1800,-6875,15625
1,-11,74,-427,1850,-6875,15625
1,-11,74,-379,1850,-6875,15625
1,-11,74,-347,1850,-6875,15625
1,-11,76,-421,1900,-6875,15625
1,-11,76,-397,1900,-6875,15625
1,-11,76,-361,1900,-6875,15625
1,-11,79,-382,1975,-6875,15625
1,-11,80,-493,2000,-6875,15625
1,-11,80,-433,2000,-6875,15625
1,-11,80,-409,2000,-6875,15625
1,-11,80,-389,2000,-6875,15625
1,-11,81,-396,2025,-6875,15625
1,-11,82,-499,2050,-6875,15625
1,-11,82,-451,2050,-6875,15625
1,-11,84,-529,2100,-6875,15625
1,-11,84,-469,2100,-6875,15625
1,-11,84,-417,2100,-6875,15625
1,-11,85,-424,2125,-6875,15625
1,-11,86,-551,2150,-6875,15625
1,-11,86,-527,2150,-6875,15625
1,-11,86,-511,2150,-6875,15625
1,-11,86,-487,2150,-6875,15625
1,-11,86,-431,2150,-6875,15625
1,-11,88,-553,2200,-6875,15625
1,-11,88,-517,2200,-6875,15625
1,-11,90,-459,2250,-6875,15625
1,-11,91,-556,2275,-6875,15625
1,-11,92,-557,2300,-6875,15625
1,-11,92,-541,2300,-6875,15625
1,-11,92,-529,2300,-6875,15625
1,-11,92,-521,2300,-6875,15625
1,-11,92,-473,2300,-6875,15625
1,-11,93,-558,2325,-6875,15625
1,-11,94,-519,2350,-6875,15625
1,-11,94,-487,2350,-6875,15625
1,-11,96,-561,2400,-6875,15625
1,-11,96,-541,2400,-6875,15625
1,-11,96,-517,2400,-6875,15625
1,-11,96,-501,2400,-6875,15625
1,-11,96,-496,2400,-6875,15625
1,-11,97,-562,2425,-6875,15625
1,-11,97,-502,2425,-6875,15625
1,-11,98,-563,2450,-6875,15625
1,-11,98,-547,2450,-6875,15625
1,-11,98,-508,2450,-6875,15625
1,-11,100,-553,2500,-6875,15625
1,-11,100,-529,2500,-6875,15625
1,-11,101,-526,2525,-6875,15625
1,-11,102,-567,2550,-6875,15625
1,-11,102,-559,2550,-6875,15625
1,-11,102,-543,2550,-6875,15625
1,-11,102,-532,2550,-6875,15625
1,-11,104,-572,2600,-6875,15625
1,-11,104,-569,2600,-6875,15625
1,-11,104,-557,2600,-6875,15625
1,-11,105,-574,2625,-6875,15625
1,-11,106,-576,2650,-6875,15625
1,-11,108,-577,2700,-6875,15625
1,-11,108,-573,2700,-6875,15625
1,-11,109,-582,2725,-6875,15625
1,-11,110,-584,2750,-6875,15625
1,-11,110,-583,2750,-6875,15625
1,-11,112,-589,2800,-6875,15625
1,-11,112,-586,2800,-6875,15625
1,-11,113,-592,2825,-6875,15625
1,-11,114,-594,2850,-6875,15625
1,-10,-5,301,-125,-6250,15625
1,-10,-4,292,-100,-6250,15625
1,-10,0,256,0,-6250,15625
1,-10,5,211,125,-6250,15625
1,-10,11,157,275,-6250,15625
1,-10,13,139,325,-6250,15625
1,-10,15,121,375,-6250,15625
1,-10,25,31,625,-6250,15625
1,-10,42,-108,1050,-6250,15625
1,-10,44,-124,1100,-6250,15625
1,-10,65,-283,1625,-6250,15625
1,-10,67,-297,1675,-6250,15625
1,-10,69,-311,1725,-6250,15625
1,-10,75,-491,1875,-6250,15625
1,-10,86,-422,2150,-6250,15625
1,-10,88,-434,2200,-6250,15625
1,-10,91,-507,2275,-6250,15625
1,-10,93,-509,2325,-6250,15625
1,-10,95,-511,2375,-6250,15625
1,-10,102,-522,2550,-6250,15625
1,-10,104,-526,2600,-6250,15625
1,-10,105,-528,2625,-6250,15625
1,-10,105,-527,2625,-6250,15625
1,-10,106,-528,2650,-6250,15625
1,-10,107,-533,2675,-6250,15625
1,-9,-24,441,-600,-5625,15625
1,-9,-23,432,-575,-5625,15625
1,-9,-22,423,-550,-5625,15625
1,-9,-19,396,-475,-5625,15625
1,-9,-18,387,-450,-5625,15625
1,-9,-16,369,-400,-5625,15625
1,-9,-14,351,-350,-5625,15625
1,-9,-12,333,-300,-5625,15625
1,-9,-11,324,-275,-5625,15625
1,-9,-9,306,-225,-5625,15625
1,-9,-8,297,-200,-5625,15625
1,-9,-7,288,-175,-5625,15625
1,-9,-4,261,-100,-5625,15625
1,-9,-3,252,-75,-5625,15625
1,-9,-2,243,-50,-5625,15625
1,-9,1,216,25,-5625,15625
1,-9,2,207,50,-5625,15625
1,-9,4,189,100,-5625,15625
1,-9,6,171,150,-5625,15625
1,-9,8,153,200,-5625,15625
1,-9,10,103,250,-5625,15625
1,-9,12,89,300,-5625,15625
1,-9,12,117,300,-5625,15625
1,-9,14,99,350,-5625,15625
1,-9,16,61,400,-5625,15625
1,-9,16,81,400,-5625,15625
1,-9,18,47,450,-5625,15625
1,-9,18,63,450,-5625,15625
1,-9,20,33,500,-5625,15625
1,-9,22,19,550,-5625,15625
1,-9,22,27,550,-5625,15625
1,-9,24,-23,600,-5625,15625
1,-9,24,9,600,-5625,15625
1,-9,24,22,600,-5625,15625
1,-9,25,14,625,-5625,15625
1,-9,26,6,650,-5625,15625
1,-9,28,-27,700,-5625,15625
1,-9,28,-23,700,-5625,15625
1,-9,29,-18,725,-5625,15625
1,-9,30,-37,750,-5625,15625
1,-9,30,-26,750,-5625,15625
1,-9,32,-63,800,-5625,15625
1,-9,32,-51,800,-5625,15625
1,-9,34,-81,850,-5625,15625
1,-9,36,-99,900,-5625,15625
1,-9,36,-79,900,-5625,15625
1,-9,38,-117,950,-5625,15625
1,-9,38,-93,950,-5625,15625
1,-9,40,-107,1000,-5625,15625
1,-9,42,-153,1050,-5625,15625
1,-9,42,-121,1050,-5625,15625
1,-9,44,-171,1100,-5625,15625
1,-9,46,-189,1150,-5625,15625
1,-9,46,-149,1150,-5625,15625
1,-9,48,-207,1200,-5625,15625
1,-9,48,-163,1200,-5625,15625
1,-9,50,-177,1250,-5625,15625
1,-9,51,-184,1275,-5625,15625
1,-9,52,-243,1300,-5625,15625
1,-9,52,-191,1300,-5625,15625
1,-9,53,-198,1325,-5625,15625
1,-9,54,-333,1350,-5625,15625
1,-9,54,-261,1350,-5625,15625
1,-9,55,-212,1375,-5625,15625
1,-9,56,-339,1400,-5625,15625
1,-9,56,-279,1400,-5625,15625
1,-9,56,-219,1400,-5625,15625
1,-9,57,-226,1425,-5625,15625
1,-9,58,-297,1450,-5625,15625
1,-9,58,-233,1450,-5625,15625
1,-9,60,-387,1500,-5625,15625
1,-9,60,-351,1500,-5625,15625
1,-9,60,-247,1500,-5625,15625
1,-9,62,-381,1550,-5625,15625
1,-9,62,-357,1550,-5625,15625
1,-9,62,-333,1550,-5625,15625
1,-9,62,-261,1550,-5625,15625
1,-9,64,-431,1600,-5625,15625
1,-9,64,-363,1600,-5625,15625
1,-9,64,-351,1600,-5625,15625
1,-9,66,-449,1650,-5625,15625
1,-9,66,-433,1650,-5625,15625
1,-9,66,-289,1650,-5625,15625
1,-9,68,-447,1700,-5625,15625
1,-9,68,-387,1700,-5625,15625
1,-9,68,-363,1700,-5625,15625
1,-9,68,-303,1700,-5625,15625
1,-9,70,-437,1750,-5625,15625
1,-9,70,-381,1750,-5625,15625
1,-9,70,-357,1750,-5625,15625
1,-9,70,-317,1750,-5625,15625
1,-9,72,-443,1800,-5625,15625
1,-9,72,-439,1800,-5625,15625
1,-9,72,-423,1800,-5625,15625
1,-9,72,-387,1800,-5625,15625
1,-9,72,-351,1800,-5625,15625
1,-9,72,-331,1800,-5625,15625
1,-9,72,-324,1800,-5625,15625
1,-9,74,-393,1850,-5625,15625
1,-9,74,-336,1850,-5625,15625
1,-9,76,-443,1900,-5625,15625
1,-9,76,-439,1900,-5625,15625
1,-9,76,-399,1900,-5625,15625
1,-9,76,-359,1900,-5625,15625
1,-9,76,-348,1900,-5625,15625
1,-9,77,-354,1925,-5625,15625
1,-9,78,-437,1950,-5625,15625
1,-9,78,-373,1950,-5625,15625
1,-9,80,-447,2000,-5625,15625
1,-9,80,-411,2000,-5625,15625
1,-9,80,-387,2000,-5625,15625
1,-9,82,-449,2050,-5625,15625
1,-9,82,-433,2050,-5625,15625
1,-9,82,-417,2050,-5625,15625
1,-9,82,-401,2050,-5625,15625
1,-9,84,-451,2100,-5625,15625
1,-9,84,-431,2100,-5625,15625
1,-9,84,-423,2100,-5625,15625
1,-9,86,-453,2150,-5625,15625
1,-9,87,-454,2175,-5625,15625
1,-9,88,-443,2200,-5625,15625
1,-9,88,-427,2200,-5625,15625
1,-9,89,-456,2225,-5625,15625
1,-9,90,-441,2250,-5625,15625
1,-9,91,-458,2275,-5625,15625
1,-9,92,-459,2300,-5625,15625
1,-9,92,-447,2300,-5625,15625
1,-9,94,-461,2350,-5625,15625
1,-9,94,-453,2350,-5625,15625
1,-9,96,-464,2400,-5625,15625
1,-9,96,-463,2400,-5625,15625
1,-9,96,-459,2400,-5625,15625
1,-9,96,-454,2400,-5625,15625
1,-9,97,-466,2425,-5625,15625
1,-9,97,-458,2425,-5625,15625
1,-9,98,-468,2450,-5625,15625
1,-9,98,-462,2450,-5625,15625
1,-9,99,-468,2475,-5625,15625
1,-9,100,-472,2500,-5625,15625
1,-9,100,-471,2500,-5625,15625
1,-8,-23,401,-575,-5000,15625
1,-8,-22,392,-550,-5000,15625
1,-8,-21,383,-525,-5000,15625
1,-8,-18,356,-450,-5000,15625
1,-8,8,136,200,-5000,15625
1,-8,12,104,300,-5000,15625
1,-8,39,-99,975,-5000,15625
1,-8,41,-113,1025,-5000,15625
1,-8,43,-127,1075,-5000,15625
1,-8,57,-409,1425,-5000,15625
1,-8,59,-407,1475,-5000,15625
1,-8,62,-404,1550,-5000,15625
1,-8,64,-262,1600,-5000,15625
1,-8,85,-403,2125,-5000,15625
1,-8,89,-407,2225,-5000,15625
1,-8,90,-396,2250,-5000,15625
1,-8,91,-409,2275,-5000,15625
1,-8,92,-404,2300,-5000,15625
1,-8,93,-409,2325,-5000,15625
1,-8,94,-414,2350,-5000,15625
1,-7,-24,343,-600,-4375,15625
1,-7,-23,336,-575,-4375,15625
1,-7,-22,329,-550,-4375,15625
1,-7,-22,361,-550,-4375,15625
1,-7,-20,343,-500,-4375,15625
1,-7,-18,301,-450,-4375,15625
1,-7,-16,287,-400,-4375,15625
1,-7,-16,307,-400,-4375,15625
1,-7,-14,273,-350,-4375,15625
1,-7,-14,289,-350,-4375,15625
1,-7,-12,259,-300,-4375,15625
1,-7,-12,271,-300,-4375,15625
1,-7,-10,253,-250,-4375,15625
1,-7,-8,199,-200,-4375,15625
1,-7,-8,231,-200,-4375,15625
1,-7,-7,224,-175,-4375,15625
1,-7,-7,242,-175,-4375,15625
1,-7,-6,234,-150,-4375,15625
1,-7,-4,199,-100,-4375,15625
1,-7,-4,203,-100,-4375,15625
1,-7,-4,218,-100,-4375,15625
1,-7,-2,181,-50,-4375,15625
1,-7,-2,189,-50,-4375,15625
1,-7,-2,202,-50,-4375,15625
1,-7,0,163,0,-4375,15625
1,-7,2,161,50,-4375,15625
1,-7,4,127,100,-4375,15625
1,-7,4,147,100,-4375,15625
1,-7,6,109,150,-4375,15625
1,-7,6,133,150,-4375,15625
1,-7,8,91,200,-4375,15625
1,-7,8,119,200,-4375,15625
1,-7,10,73,250,-4375,15625
1,-7,12,91,300,-4375,15625
1,-7,14,37,350,-4375,15625
1,-7,14,77,350,-4375,15625
1,-7,16,19,400,-4375,15625
1,-7,16,63,400,-4375,15625
1,-7,18,-63,450,-4375,15625
1,-7,18,1,450,-4375,15625
1,-7,18,49,450,-4375,15625
1,-7,20,-49,500,-4375,15625
1,-7,20,-17,500,-4375,15625
1,-7,22,21,550,-4375,15625
1,-7,23,14,575,-4375,15625
1,-7,24,-53,600,-4375,15625
1,-7,24,-21,600,-4375,15625
1,-7,24,7,600,-4375,15625
1,-7,26,-71,650,-4375,15625
1,-7,27,-14,675,-4375,15625
1,-7,28,-173,700,-4375,15625
1,-7,28,-89,700,-4375,15625
1,-7,28,-21,700,-4375,15625
1,-7,29,-28,725,-4375,15625
1,-7,30,-179,750,-4375,15625
1,-7,30,-107,750,-4375,15625
1,-7,32,-49,800,-4375,15625
1,-7,34,-191,850,-4375,15625
1,-7,34,-143,850,-4375,15625
1,-7,34,-63,850,-4375,15625
1,-7,36,-197,900,-4375,15625
1,-7,36,-161,900,-4375,15625
1,-7,36,-77,900,-4375,15625
1,-7,38,-203,950,-4375,15625
1,-7,38,-179,950,-4375,15625
1,-7,38,-91,950,-4375,15625
1,-7,40,-209,1000,-4375,15625
1,-7,40,-197,1000,-4375,15625
1,-7,42,-311,1050,-4375,15625
1,-7,42,-119,1050,-4375,15625
1,-7,44,-313,1100,-4375,15625
1,-7,44,-233,1100,-4375,15625
1,-7,44,-221,1100,-4375,15625
1,-7,44,-133,1100,-4375,15625
1,-7,46,-347,1150,-4375,15625
1,-7,46,-251,1150,-4375,15625
1,-7,46,-227,1150,-4375,15625
1,-7,46,-147,1150,-4375,15625
1,-7,48,-369,1200,-4375,15625
1,-7,48,-341,1200,-4375,15625
1,-7,48,-317,1200,-4375,15625
1,-7,48,-269,1200,-4375,15625
1,-7,48,-233,1200,-4375,15625
1,-7,48,-161,1200,-4375,15625
1,-7,48,-152,1200,-4375,15625
1,-7,49,-158,1225,-4375,15625
1,-7,50,-367,1250,-4375,15625
1,-7,50,-319,1250,-4375,15625
1,-7,50,-287,1250,-4375,15625
1,-7,50,-239,1250,-4375,15625
1,-7,50,-164,1250,-4375,15625
1,-7,52,-329,1300,-4375,15625
1,-7,52,-321,1300,-4375,15625
1,-7,52,-189,1300,-4375,15625
1,-7,52,-176,1300,-4375,15625
1,-7,53,-182,1325,-4375,15625
1,-7,54,-363,1350,-4375,15625
1,-7,54,-251,1350,-4375,15625
1,-7,54,-203,1350,-4375,15625
1,-7,54,-188,1350,-4375,15625
1,-7,55,-362,1375,-4375,15625
1,-7,56,-361,1400,-4375,15625
1,-7,56,-341,1400,-4375,15625
1,-7,56,-317,1400,-4375,15625
1,-7,56,-257,1400,-4375,15625
1,-7,56,-217,1400,-4375,15625
1,-7,58,-327,1450,-4375,15625
1,-7,58,-311,1450,-4375,15625
1,-7,58,-263,1450,-4375,15625
1,-7,58,-231,1450,-4375,15625
1,-7,59,-358,1475,-4375,15625
1,-7,60,-357,1500,-4375,15625
1,-7,60,-329,1500,-4375,15625
1,-7,60,-269,1500,-4375,15625
1,-7,61,-356,1525,-4375,15625
1,-7,62,-331,1550,-4375,15625
1,-7,62,-299,1550,-4375,15625
1,-7,62,-259,1550,-4375,15625
1,-7,64,-353,1600,-4375,15625
1,-7,64,-333,1600,-4375,15625
1,-7,64,-293,1600,-4375,15625
1,-7,64,-281,1600,-4375,15625
1,-7,64,-273,1600,-4375,15625
1,-7,66,-351,1650,-4375,15625
1,-7,68,-349,1700,-4375,15625
1,-7,68,-337,1700,-4375,15625
1,-7,68,-301,1700,-4375,15625
1,-7,68,-293,1700,-4375,15625
1,-7,68,-281,1700,-4375,15625
1,-7,70,-347,1750,-4375,15625
1,-7,70,-339,1750,-4375,15625
1,-7,70,-299,1750,-4375,15625
1,-7,72,-341,1800,-4375,15625
1,-7,72,-329,1800,-4375,15625
1,-7,74,-311,1850,-4375,15625
1,-7,76,-341,1900,-4375,15625
1,-7,76,-317,1900,-4375,15625
1,-7,78,-347,1950,-4375,15625
1,-7,78,-339,1950,-4375,15625
1,-7,78,-323,1950,-4375,15625
1,-7,80,-349,2000,-4375,15625
1,-7,80,-337,2000,-4375,15625
1,-7,80,-329,2000,-4375,15625
1,-7,80,-322,2000,-4375,15625
1,-7,81,-326,2025,-4375,15625
1,-7,82,-351,2050,-4375,15625
1,-7,83,-352,2075,-4375,15625
1,-7,84,-353,2100,-4375,15625
1,-7,84,-341,2100,-4375,15625
1,-7,84,-338,2100,-4375,15625
1,-7,85,-354,2125,-4375,15625
1,-7,85,-342,2125,-4375,15625
1,-7,86,-347,2150,-4375,15625
1,-7,86,-346,2150,-4375,15625
1,-7,87,-356,2175,-4375,15625
1,-7,88,-357,2200,-4375,15625
1,-7,88,-356,2200,-4375,15625
1,-7,88,-353,2200,-4375,15625
1,-7,89,-356,2225,-4375,15625
1,-6,-20,332,-500,-3750,15625
1,-6,-18,316,-450,-3750,15625
1,-6,5,141,125,-3750,15625
1,-6,9,113,225,-3750,15625
1,-6,11,99,275,-3750,15625
1,-6,15,71,375,-3750,15625
1,-6,38,-78,950,-3750,15625
1,-6,40,-338,1000,-3750,15625
1,-6,57,-311,1425,-3750,15625
1,-6,59,-309,1475,-3750,15625
1,-6,61,-307,1525,-3750,15625
1,-6,67,-301,1675,-3750,15625
1,-6,74,-264,1850,-3750,15625
1,-6,76,-272,1900,-3750,15625
1,-6,81,-301,2025,-3750,15625
1,-6,81,-291,2025,-3750,15625
1,-6,82,-296,2050,-3750,15625
1,-6,83,-303,2075,-3750,15625
1,-6,83,-297,2075,-3750,15625
1,-6,85,-303,2125,-3750,15625
1,-5,-20,281,-500,-3125,15625
1,-5,-18,263,-450,-3125,15625
1,-5,-18,303,-450,-3125,15625
1,-5,-16,289,-400,-3125,15625
1,-5,-14,227,-350,-3125,15625
1,-5,-12,209,-300,-3125,15625
1,-5,-12,261,-300,-3125,15625
1,-5,-10,119,-250,-3125,15625
1,-5,-10,191,-250,-3125,15625
1,-5,-10,247,-250,-3125,15625
1,-5,-8,137,-200,-3125,15625
1,-5,-8,173,-200,-3125,15625
1,-5,-8,233,-200,-3125,15625
1,-5,-6,219,-150,-3125,15625
1,-5,-5,212,-125,-3125,15625
1,-5,-4,137,-100,-3125,15625
1,-5,-4,173,-100,-3125,15625
1,-5,-3,198,-75,-3125,15625
1,-5,-2,119,-50,-3125,15625
1,-5,-1,184,-25,-3125,15625
1,-5,0,101,0,-3125,15625
1,-5,0,177,0,-3125,15625
1,-5,2,-13,50,-3125,15625
1,-5,2,83,50,-3125,15625
1,-5,2,163,50,-3125,15625
1,-5,4,-19,100,-3125,15625
1,-5,4,149,100,-3125,15625
1,-5,6,47,150,-3125,15625
1,-5,8,-31,200,-3125,15625
1,-5,8,29,200,-3125,15625
1,-5,8,121,200,-3125,15625
1,-5,10,-37,250,-3125,15625
1,-5,10,11,250,-3125,15625
1,-5,10,107,250,-3125,15625
1,-5,12,-103,300,-3125,15625
1,-5,12,-43,300,-3125,15625
1,-5,12,-7,300,-3125,15625
1,-5,12,93,300,-3125,15625
1,-5,14,-89,350,-3125,15625
1,-5,14,-49,350,-3125,15625
1,-5,14,79,350,-3125,15625
1,-5,16,-43,400,-3125,15625
1,-5,18,51,450,-3125,15625
1,-5,20,-191,500,-3125,15625
1,-5,20,-79,500,-3125,15625
1,-5,20,-67,500,-3125,15625
1,-5,20,-47,500,-3125,15625
1,-5,20,37,500,-3125,15625
1,-5,22,-193,550,-3125,15625
1,-5,22,-97,550,-3125,15625
1,-5,22,-73,550,-3125,15625
1,-5,22,-33,550,-3125,15625
1,-5,22,23,550,-3125,15625
1,-5,24,-79,600,-3125,15625
1,-5,24,-19,600,-3125,15625
1,-5,24,9,600,-3125,15625
1,-5,25,14,625,-3125,15625
1,-5,26,-197,650,-3125,15625
1,-5,26,-133,650,-3125,15625
1,-5,26,8,650,-3125,15625
1,-5,28,-199,700,-3125,15625
1,-5,28,-151,700,-3125,15625
1,-5,28,-91,700,-3125,15625
1,-5,28,-19,700,-3125,15625
1,-5,28,-4,700,-3125,15625
1,-5,30,-289,750,-3125,15625
1,-5,30,-201,750,-3125,15625
1,-5,30,-169,750,-3125,15625
1,-5,30,-97,750,-3125,15625
1,-5,30,-33,750,-3125,15625
1,-5,30,-16,750,-3125,15625
1,-5,32,-307,800,-3125,15625
1,-5,32,-287,800,-3125,15625
1,-5,32,-203,800,-3125,15625
1,-5,32,-187,800,-3125,15625
1,-5,32,-103,800,-3125,15625
1,-5,32,-47,800,-3125,15625
1,-5,34,-301,850,-3125,15625
1,-5,34,-109,850,-3125,15625
1,-5,34,-61,850,-3125,15625
1,-5,36,-283,900,-3125,15625
1,-5,36,-223,900,-3125,15625
1,-5,36,-207,900,-3125,15625
1,-5,38,-289,950,-3125,15625
1,-5,38,-281,950,-3125,15625
1,-5,38,-241,950,-3125,15625
1,-5,38,-209,950,-3125,15625
1,-5,38,-121,950,-3125,15625
1,-5,38,-89,950,-3125,15625
1,-5,40,-292,1000,-3125,15625
1,-5,40,-283,1000,-3125,15625
1,-5,40,-279,1000,-3125,15625
1,-5,40,-259,1000,-3125,15625
1,-5,40,-211,1000,-3125,15625
1,-5,40,-127,1000,-3125,15625
1,-5,40,-103,1000,-3125,15625
1,-5,42,-288,1050,-3125,15625
1,-5,42,-213,1050,-3125,15625
1,-5,42,-133,1050,-3125,15625
1,-5,42,-117,1050,-3125,15625
1,-5,44,-284,1100,-3125,15625
1,-5,44,-271,1100,-3125,15625
1,-5,44,-139,1100,-3125,15625
1,-5,44,-131,1100,-3125,15625
1,-5,45,-282,1125,-3125,15625
1,-5,46,-273,1150,-3125,15625
1,-5,46,-217,1150,-3125,15625
1,-5,48,-271,1200,-3125,15625
1,-5,48,-259,1200,-3125,15625
1,-5,48,-219,1200,-3125,15625
1,-5,48,-159,1200,-3125,15625
1,-5,48,-151,1200,-3125,15625
1,-5,50,-269,1250,-3125,15625
1,-5,50,-253,1250,-3125,15625
1,-5,50,-221,1250,-3125,15625
1,-5,50,-173,1250,-3125,15625
1,-5,50,-157,1250,-3125,15625
1,-5,52,-267,1300,-3125,15625
1,-5,52,-247,1300,-3125,15625
1,-5,52,-223,1300,-3125,15625
1,-5,52,-187,1300,-3125,15625
1,-5,52,-163,1300,-3125,15625
1,-5,54,-241,1350,-3125,15625
1,-5,54,-201,1350,-3125,15625
1,-5,54,-169,1350,-3125,15625
1,-5,56,-263,1400,-3125,15625
1,-5,56,-227,1400,-3125,15625
1,-5,58,-261,1450,-3125,15625
1,-5,58,-181,1450,-3125,15625
1,-5,60,-259,1500,-3125,15625
1,-5,60,-243,1500,-3125,15625
1,-5,60,-231,1500,-3125,15625
1,-5,60,-223,1500,-3125,15625
1,-5,60,-187,1500,-3125,15625
1,-5,61,-258,1525,-3125,15625
1,-5,62,-233,1550,-3125,15625
1,-5,62,-217,1550,-3125,15625
1,-5,62,-193,1550,-3125,15625
1,-5,63,-256,1575,-3125,15625
1,-5,64,-211,1600,-3125,15625
1,-5,64,-199,1600,-3125,15625
1,-5,65,-254,1625,-3125,15625
1,-5,65,-194,1625,-3125,15625
1,-5,66,-253,1650,-3125,15625
1,-5,66,-237,1650,-3125,15625
1,-5,66,-198,1650,-3125,15625
1,-5,68,-251,1700,-3125,15625
1,-5,68,-239,1700,-3125,15625
1,-5,68,-211,1700,-3125,15625
1,-5,68,-206,1700,-3125,15625
1,-5,70,-249,1750,-3125,15625
1,-5,70,-241,1750,-3125,15625
1,-5,70,-217,1750,-3125,15625
1,-5,70,-214,1750,-3125,15625
1,-5,72,-247,1800,-3125,15625
1,-5,72,-243,1800,-3125,15625
1,-5,72,-223,1800,-3125,15625
1,-5,74,-229,1850,-3125,15625
1,-5,75,-232,1875,-3125,15625
1,-5,76,-247,1900,-3125,15625
1,-5,76,-243,1900,-3125,15625
1,-5,77,-238,1925,-3125,15625
1,-5,78,-249,1950,-3125,15625
1,-5,79,-244,1975,-3125,15625
1,-5,80,-251,2000,-3125,15625
1,-5,80,-248,2000,-3125,15625
1,-5,80,-247,2000,-3125,15625
1,-5,81,-252,2025,-3125,15625
1,-5,82,-252,2050,-3125,15625
1,-4,-24,196,-600,-2500,15625
1,-4,-15,283,-375,-2500,15625
1,-4,-13,269,-325,-2500,15625
1,-4,14,94,350,-2500,15625
1,-4,16,82,400,-2500,15625
1,-4,17,76,425,-2500,15625
1,-4,25,-287,625,-2500,15625
1,-4,27,-281,675,-2500,15625
1,-4,46,-234,1150,-2500,15625
1,-4,58,-132,1450,-2500,15625
1,-4,61,-209,1525,-2500,15625
1,-4,63,-207,1575,-2500,15625
1,-4,67,-203,1675,-2500,15625
1,-4,69,-173,1725,-2500,15625
1,-4,70,-176,1750,-2500,15625
1,-4,71,-179,1775,-2500,15625
1,-4,74,-188,1850,-2500,15625
1,-4,75,-191,1875,-2500,15625
1,-4,77,-199,1925,-2500,15625
1,-4,78,-198,1950,-2500,15625
1,-4,79,-201,1975,-2500,15625
1,-3,-24,147,-600,-1875,15625
1,-3,-23,144,-575,-1875,15625
1,-3,-22,141,-550,-1875,15625
1,-3,-18,129,-450,-1875,15625
1,-3,-18,201,-450,-1875,15625
1,-3,-16,123,-400,-1875,15625
1,-3,-16,183,-400,-1875,15625
1,-3,-14,117,-350,-1875,15625
1,-3,-12,39,-300,-1875,15625
1,-3,-12,111,-300,-1875,15625
1,-3,-12,147,-300,-1875,15625
1,-3,-12,263,-300,-1875,15625
1,-3,-10,57,-250,-1875,15625
1,-3,-10,129,-250,-1875,15625
1,-3,-10,249,-250,-1875,15625
1,-3,-8,99,-200,-1875,15625
1,-3,-8,111,-200,-1875,15625
1,-3,-7,96,-175,-1875,15625
1,-3,-6,221,-150,-1875,15625
1,-3,-4,87,-100,-1875,15625
1,-3,-4,111,-100,-1875,15625
1,-3,-4,207,-100,-1875,15625
1,-3,-2,-71,-50,-1875,15625
1,-3,-2,57,-50,-1875,15625
1,-3,-2,81,-50,-1875,15625
1,-3,-2,129,-50,-1875,15625
1,-3,-2,193,-50,-1875,15625
1,-3,-1,198,-25,-1875,15625
1,-3,0,-73,0,-1875,15625
1,-3,0,39,0,-1875,15625
1,-3,0,147,0,-1875,15625
1,-3,0,179,0,-1875,15625
1,-3,0,192,0,-1875,15625
1,-3,1,186,25,-1875,15625
1,-3,2,21,50,-1875,15625
1,-3,2,69,50,-1875,15625
1,-3,4,-77,100,-1875,15625
1,-3,4,3,100,-1875,15625
1,-3,4,63,100,-1875,15625
1,-3,4,151,100,-1875,15625
1,-3,4,168,100,-1875,15625
1,-3,5,162,125,-1875,15625
1,-3,6,-143,150,-1875,15625
1,-3,6,-79,150,-1875,15625
1,-3,6,57,150,-1875,15625
1,-3,6,137,150,-1875,15625
1,-3,6,156,150,-1875,15625
1,-3,8,-129,200,-1875,15625
1,-3,8,-81,200,-1875,15625
1,-3,8,-33,200,-1875,15625
1,-3,8,51,200,-1875,15625
1,-3,8,123,200,-1875,15625
1,-3,10,-83,250,-1875,15625
1,-3,10,-51,250,-1875,15625
1,-3,10,109,250,-1875,15625
1,-3,12,-209,300,-1875,15625
1,-3,12,-101,300,-1875,15625
1,-3,12,-69,300,-1875,15625
1,-3,12,39,300,-1875,15625
1,-3,14,-207,350,-1875,15625
1,-3,14,33,350,-1875,15625
1,-3,14,81,350,-1875,15625
1,-3,16,-89,400,-1875,15625
1,-3,16,-73,400,-1875,15625
1,-3,16,27,400,-1875,15625
1,-3,16,67,400,-1875,15625
1,-3,18,-267,450,-1875,15625
1,-3,18,-203,450,-1875,15625
1,-3,18,-123,450,-1875,15625
1,-3,18,-91,450,-1875,15625
1,-3,18,-59,450,-1875,15625
1,-3,18,21,450,-1875,15625
1,-3,18,53,450,-1875,15625
1,-3,20,-261,500,-1875,15625
1,-3,20,-201,500,-1875,15625
1,-3,20,-141,500,-1875,15625
1,-3,20,-93,500,-1875,15625
1,-3,20,39,500,-1875,15625
1,-3,22,-199,550,-1875,15625
1,-3,22,-159,550,-1875,15625
1,-3,22,-31,550,-1875,15625
1,-3,22,9,550,-1875,15625
1,-3,24,-249,600,-1875,15625
1,-3,24,-197,600,-1875,15625
1,-3,24,-177,600,-1875,15625
1,-3,24,-97,600,-1875,15625
1,-3,24,-17,600,-1875,15625
1,-3,24,3,600,-1875,15625
1,-3,24,11,600,-1875,15625
1,-3,26,-243,650,-1875,15625
1,-3,26,-99,650,-1875,15625
1,-3,28,-237,700,-1875,15625
1,-3,28,-213,700,-1875,15625
1,-3,28,-193,700,-1875,15625
1,-3,28,-101,700,-1875,15625
1,-3,28,-17,700,-1875,15625
1,-3,28,-9,700,-1875,15625
1,-3,28,11,700,-1875,15625
1,-3,29,-234,725,-1875,15625
1,-3,30,-191,750,-1875,15625
1,-3,30,-103,750,-1875,15625
1,-3,30,-31,750,-1875,15625
1,-3,31,-228,775,-1875,15625
1,-3,32,-189,800,-1875,15625
1,-3,32,-21,800,-1875,15625
1,-3,33,-222,825,-1875,15625
1,-3,34,-219,850,-1875,15625
1,-3,34,-187,850,-1875,15625
1,-3,34,-107,850,-1875,15625
1,-3,34,-59,850,-1875,15625
1,-3,34,-27,850,-1875,15625
1,-3,36,-213,900,-1875,15625
1,-3,36,-109,900,-1875,15625
1,-3,36,-73,900,-1875,15625
1,-3,36,-33,900,-1875,15625
1,-3,38,-207,950,-1875,15625
1,-3,38,-183,950,-1875,15625
1,-3,38,-111,950,-1875,15625
1,-3,38,-87,950,-1875,15625
1,-3,38,-39,950,-1875,15625
1,-3,40,-201,1000,-1875,15625
1,-3,40,-181,1000,-1875,15625
1,-3,40,-113,1000,-1875,15625
1,-3,40,-101,1000,-1875,15625
1,-3,42,-179,1050,-1875,15625
1,-3,42,-51,1050,-1875,15625
1,-3,44,-189,1100,-1875,15625
1,-3,44,-177,1100,-1875,15625
1,-3,44,-129,1100,-1875,15625
1,-3,44,-117,1100,-1875,15625
1,-3,44,-57,1100,-1875,15625
1,-3,46,-183,1150,-1875,15625
1,-3,46,-143,1150,-1875,15625
1,-3,46,-119,1150,-1875,15625
1,-3,46,-63,1150,-1875,15625
1,-3,48,-184,1200,-1875,15625
1,-3,48,-177,1200,-1875,15625
1,-3,48,-173,1200,-1875,15625
1,-3,48,-157,1200,-1875,15625
1,-3,48,-121,1200,-1875,15625
1,-3,48,-69,1200,-1875,15625
1,-3,48,-58,1200,-1875,15625
1,-3,49,-182,1225,-1875,15625
1,-3,49,-62,1225,-1875,15625
1,-3,50,-123,1250,-1875,15625
1,-3,50,-66,1250,-1875,15625
1,-3,52,-176,1300,-1875,15625
1,-3,52,-169,1300,-1875,15625
1,-3,52,-81,1300,-1875,15625
1,-3,52,-74,1300,-1875,15625
1,-3,53,-174,1325,-1875,15625
1,-3,53,-78,1325,-1875,15625
1,-3,54,-172,1350,-1875,15625
1,-3,54,-167,1350,-1875,15625
1,-3,54,-159,1350,-1875,15625
1,-3,54,-127,1350,-1875,15625
1,-3,54,-87,1350,-1875,15625
1,-3,54,-82,1350,-1875,15625
1,-3,56,-153,1400,-1875,15625
1,-3,56,-129,1400,-1875,15625
1,-3,56,-93,1400,-1875,15625
1,-3,58,-163,1450,-1875,15625
1,-3,58,-147,1450,-1875,15625
1,-3,58,-131,1450,-1875,15625
1,-3,58,-99,1450,-1875,15625
1,-3,60,-161,1500,-1875,15625
1,-3,60,-141,1500,-1875,15625
1,-3,60,-133,1500,-1875,15625
1,-3,62,-159,1550,-1875,15625
1,-3,62,-111,1550,-1875,15625
1,-3,63,-158,1575,-1875,15625
1,-3,63,-114,1575,-1875,15625
1,-3,64,-157,1600,-1875,15625
1,-3,64,-137,1600,-1875,15625
1,-3,64,-129,1600,-1875,15625
1,-3,64,-117,1600,-1875,15625
1,-3,65,-156,1625,-1875,15625
1,-3,66,-139,1650,-1875,15625
1,-3,67,-154,1675,-1875,15625
1,-3,67,-126,1675,-1875,15625
1,-3,68,-153,1700,-1875,15625
1,-3,68,-141,1700,-1875,15625
1,-3,68,-129,1700,-1875,15625
1,-3,69,-152,1725,-1875,15625
1,-3,69,-132,1725,-1875,15625
1,-3,70,-151,1750,-1875,15625
1,-3,70,-143,1750,-1875,15625
1,-3,72,-149,1800,-1875,15625
1,-3,72,-141,1800,-1875,15625
1,-3,73,-142,1825,-1875,15625
1,-3,74,-144,1850,-1875,15625
1,-3,75,-148,1875,-1875,15625
1,-3,76,-149,1900,-1875,15625
1,-3,76,-148,1900,-1875,15625
1,-2,-24,98,-600,-1250,15625
1,-2,-8,254,-200,-1250,15625
1,-2,12,-256,300,-1250,15625
1,-2,33,-181,825,-1250,15625
1,-2,37,-169,925,-1250,15625
1,-2,39,-163,975,-1250,15625
1,-2,44,-8,1100,-1250,15625
1,-2,53,-43,1325,-1250,15625
1,-2,54,-126,1350,-1250,15625
1,-2,56,-122,1400,-1250,15625
1,-2,59,-61,1475,-1250,15625
1,-2,61,-67,1525,-1250,15625
1,-2,63,-73,1575,-1250,15625
1,-2,65,-107,1625,-1250,15625
1,-2,69,-103,1725,-1250,15625
1,-2,69,-91,1725,-1250,15625
1,-2,71,-101,1775,-1250,15625
1,-2,72,-94,1800,-1250,15625
1,-2,73,-99,1825,-1250,15625
1,-2,73,-97,1825,-1250,15625
1,-2,75,-99,1875,-1250,15625
1,-1,-24,49,-600,-625,15625
1,-1,-23,48,-575,-625,15625
1,-1,-22,47,-550,-625,15625
1,-1,-18,43,-450,-625,15625
1,-1,-16,41,-400,-625,15625
1,-1,-16,121,-400,-625,15625
1,-1,-14,-41,-350,-625,15625
1,-1,-14,39,-350,-625,15625
1,-1,-14,103,-350,-625,15625
1,-1,-12,-23,-300,-625,15625
1,-1,-12,37,-300,-625,15625
1,-1,-10,67,-250,-625,15625
1,-1,-10,187,-250,-625,15625
1,-1,-8,13,-200,-625,15625
1,-1,-8,33,-200,-625,15625
1,-1,-8,49,-200,-625,15625
1,-1,-8,181,-200,-625,15625
1,-1,-7,32,-175,-625,15625
1,-1,-6,-129,-150,-625,15625
1,-1,-6,223,-150,-625,15625
1,-1,-4,-127,-100,-625,15625
1,-1,-4,13,-100,-625,15625
1,-1,-4,29,-100,-625,15625
1,-1,-4,49,-100,-625,15625
1,-1,-4,169,-100,-625,15625
1,-1,-4,209,-100,-625,15625
1,-1,-2,27,-50,-625,15625
1,-1,-2,67,-50,-625,15625
1,-1,-2,163,-50,-625,15625
1,-1,0,-183,0,-625,15625
1,-1,0,-123,0,-625,15625
1,-1,0,-23,0,-625,15625
1,-1,0,157,0,-625,15625
1,-1,0,181,0,-625,15625
1,-1,2,-169,50,-625,15625
1,-1,2,-121,50,-625,15625
1,-1,2,-41,50,-625,15625
1,-1,2,23,50,-625,15625
1,-1,2,103,50,-625,15625
1,-1,2,151,50,-625,15625
1,-1,2,167,50,-625,15625
1,-1,4,-227,100,-625,15625
1,-1,4,-119,100,-625,15625
1,-1,4,-59,100,-625,15625
1,-1,4,21,100,-625,15625
1,-1,4,121,100,-625,15625
1,-1,4,153,100,-625,15625
1,-1,6,-221,150,-625,15625
1,-1,6,-141,150,-625,15625
1,-1,6,-117,150,-625,15625
1,-1,6,-77,150,-625,15625
1,-1,6,19,150,-625,15625
1,-1,8,-127,200,-625,15625
1,-1,8,17,200,-625,15625
1,-1,8,133,200,-625,15625
1,-1,8,157,200,-625,15625
1,-1,10,-209,250,-625,15625
1,-1,10,111,250,-625,15625
1,-1,10,127,250,-625,15625
1,-1,12,-203,300,-625,15625
1,-1,12,-131,300,-625,15625
1,-1,12,-111,300,-625,15625
1,-1,12,-99,300,-625,15625
1,-1,12,13,300,-625,15625
1,-1,12,97,300,-625,15625
1,-1,12,121,300,-625,15625
1,-1,14,-197,350,-625,15625
1,-1,14,-149,350,-625,15625
1,-1,14,-109,350,-625,15625
1,-1,14,11,350,-625,15625
1,-1,14,83,350,-625,15625
1,-1,16,-206,400,-625,15625
1,-1,16,-191,400,-625,15625
1,-1,16,-167,400,-625,15625
1,-1,16,-107,400,-625,15625
1,-1,16,-71,400,-625,15625
1,-1,16,9,400,-625,15625
1,-1,16,69,400,-625,15625
1,-1,16,109,400,-625,15625
1,-1,17,-202,425,-625,15625
1,-1,18,-198,450,-625,15625
1,-1,18,-57,450,-625,15625
1,-1,18,7,450,-625,15625
1,-1,18,103,450,-625,15625
1,-1,20,-179,500,-625,15625
1,-1,20,-103,500,-625,15625
1,-1,20,-43,500,-625,15625
1,-1,20,41,500,-625,15625
1,-1,20,97,500,-625,15625
1,-1,21,-186,525,-625,15625
1,-1,22,-182,550,-625,15625
1,-1,22,-173,550,-625,15625
1,-1,22,-101,550,-625,15625
1,-1,22,-29,550,-625,15625
1,-1,22,3,550,-625,15625
1,-1,22,27,550,-625,15625
1,-1,22,91,550,-625,15625
1,-1,24,-167,600,-625,15625
1,-1,24,-99,600,-625,15625
1,-1,24,1,600,-625,15625
1,-1,24,13,600,-625,15625
1,-1,26,-161,650,-625,15625
1,-1,26,-97,650,-625,15625
1,-1,26,79,650,-625,15625
1,-1,28,-3,700,-625,15625
1,-1,28,13,700,-625,15625
1,-1,28,73,700,-625,15625
1,-1,30,-149,750,-625,15625
1,-1,30,-93,750,-625,15625
1,-1,30,-29,750,-625,15625
1,-1,30,27,750,-625,15625
1,-1,30,67,750,-625,15625
1,-1,32,-143,800,-625,15625
1,-1,32,-91,800,-625,15625
1,-1,32,-43,800,-625,15625
1,-1,32,-7,800,-625,15625
1,-1,32,41,800,-625,15625
1,-1,32,61,800,-625,15625
1,-1,32,74,800,-625,15625
1,-1,34,-137,850,-625,15625
1,-1,34,-89,850,-625,15625
1,-1,34,-57,850,-625,15625
1,-1,34,-9,850,-625,15625
1,-1,34,66,850,-625,15625
1,-1,36,-131,900,-625,15625
1,-1,36,-87,900,-625,15625
1,-1,36,-71,900,-625,15625
1,-1,36,-11,900,-625,15625
1,-1,36,49,900,-625,15625
1,-1,36,58,900,-625,15625
1,-1,37,54,925,-625,15625
1,-1,38,-13,950,-625,15625
1,-1,38,43,950,-625,15625
1,-1,39,-122,975,-625,15625
1,-1,40,-119,1000,-625,15625
1,-1,40,-99,1000,-625,15625
1,-1,40,-83,1000,-625,15625
1,-1,40,37,1000,-625,15625
1,-1,41,-116,1025,-625,15625
1,-1,42,-81,1050,-625,15625
1,-1,42,-17,1050,-625,15625
1,-1,42,31,1050,-625,15625
1,-1,44,-107,1100,-625,15625
1,-1,44,-79,1100,-625,15625
1,-1,44,-19,1100,-625,15625
1,-1,45,-104,1125,-625,15625
1,-1,46,-101,1150,-625,15625
1,-1,46,-77,1150,-625,15625
1,-1,46,-21,1150,-625,15625
1,-1,46,19,1150,-625,15625
1,-1,48,-23,1200,-625,15625
1,-1,48,13,1200,-625,15625
1,-1,50,-89,1250,-625,15625
1,-1,50,-73,1250,-625,15625
1,-1,50,7,1250,-625,15625
1,-1,51,4,1275,-625,15625
1,-1,52,-83,1300,-625,15625
1,-1,52,-71,1300,-625,15625
1,-1,52,-27,1300,-625,15625
1,-1,52,1,1300,-625,15625
1,-1,53,-2,1325,-625,15625
1,-1,54,-77,1350,-625,15625
1,-1,54,-69,1350,-625,15625
1,-1,54,-29,1350,-625,15625
1,-1,55,-8,1375,-625,15625
1,-1,56,-76,1400,-625,15625
1,-1,56,-71,1400,-625,15625
1,-1,56,-67,1400,-625,15625
1,-1,56,-31,1400,-625,15625
1,-1,56,-11,1400,-625,15625
1,-1,57,-74,1425,-625,15625
1,-1,57,-14,1425,-625,15625
1,-1,58,-72,1450,-625,15625
1,-1,58,-33,1450,-625,15625
1,-1,58,-17,1450,-625,15625
1,-1,60,-68,1500,-625,15625
1,-1,60,-63,1500,-625,15625
1,-1,60,-59,1500,-625,15625
1,-1,60,-23,1500,-625,15625
1,-1,61,-66,1525,-625,15625
1,-1,62,-64,1550,-625,15625
1,-1,62,-61,1550,-625,15625
1,-1,62,-53,1550,-625,15625
1,-1,62,-37,1550,-625,15625
1,-1,62,-29,1550,-625,15625
1,-1,64,-59,1600,-625,15625
1,-1,64,-47,1600,-625,15625
1,-1,64,-39,1600,-625,15625
1,-1,64,-32,1600,-625,15625
1,-1,65,-34,1625,-625,15625
1,-1,66,-57,1650,-625,15625
1,-1,66,-36,1650,-625,15625
1,-1,67,-56,1675,-625,15625
1,-1,68,-47,1700,-625,15625
1,-1,68,-43,1700,-625,15625
1,-1,69,-54,1725,-625,15625
1,-1,69,-42,1725,-625,15625
1,-1,70,-44,1750,-625,15625
1,-1,71,-52,1775,-625,15625
1,-1,72,-51,1800,-625,15625
1,-1,72,-47,1800,-625,15625
1,-1,73,-48,1825,-625,15625
1,0,26,-132,650,0,15625
1,0,26,132,650,0,15625
1,0,28,-124,700,0,15625
1,0,28,124,700,0,15625
1,0,45,-63,1125,0,15625
1,0,45,63,1125,0,15625
1,0,47,-57,1175,0,15625
1,0,47,57,1175,0,15625
1,0,49,-51,1225,0,15625
1,0,49,51,1225,0,15625
1,0,62,-18,1550,0,15625
1,0,62,18,1550,0,15625
1,0,64,-14,1600,0,15625
1,0,64,14,1600,0,15625
1,0,71,-3,1775,0,15625
1,0,71,3,1775,0,15625
1,0,73,-1,1825,0,15625
1,0,73,1,1825,0,15625
1,1,-24,-49,-600,625,15625
1,1,-23,-48,-575,625,15625
1,1,-22,-47,-550,625,15625
1,1,-18,-43,-450,625,15625
1,1,-16,-121,-400,625,15625
1,1,-16,-41,-400,625,15625
1,1,-14,-103,-350,625,15625
1,1,-14,-39,-350,625,15625
1,1,-14,41,-350,625,15625
1,1,-12,-37,-300,625,15625
1,1,-12,23,-300,625,15625
1,1,-10,-187,-250,625,15625
1,1,-10,-67,-250,625,15625
1,1,-8,-181,-200,625,15625
1,1,-8,-49,-200,625,15625
1,1,-8,-33,-200,625,15625
1,1,-8,-13,-200,625,15625
1,1,-7,-32,-175,625,15625
1,1,-6,-223,-150,625,15625
1,1,-6,129,-150,625,15625
1,1,-4,-209,-100,625,15625
1,1,-4,-169,-100,625,15625
1,1,-4,-49,-100,625,15625
1,1,-4,-29,-100,625,15625
1,1,-4,-13,-100,625,15625
1,1,-4,127,-100,625,15625
1,1,-2,-163,-50,625,15625
1,1,-2,-67,-50,625,15625
1,1,-2,-27,-50,625,15625
1,1,0,-181,0,625,15625
1,1,0,-157,0,625,15625
1,1,0,23,0,625,15625
1,1,0,123,0,625,15625
1,1,0,183,0,625,15625
1,1,2,-167,50,625,15625
1,1,2,-151,50,625,15625
1,1,2,-103,50,625,15625
1,1,2,-23,50,625,15625
1,1,2,41,50,625,15625
1,1,2,121,50,625,15625
1,1,2,169,50,625,15625
1,1,4,-153,100,625,15625
1,1,4,-121,100,625,15625
1,1,4,-21,100,625,15625
1,1,4,59,100,625,15625
1,1,4,119,100,625,15625
1,1,4,227,100,625,15625
1,1,6,-19,150,625,15625
1,1,6,77,150,625,15625
1,1,6,117,150,625,15625
1,1,6,141,150,625,15625
1,1,6,221,150,625,15625
1,1,8,-157,200,625,15625
1,1,8,-133,200,625,15625
1,1,8,-17,200,625,15625
1,1,8,127,200,625,15625
1,1,10,-127,250,625,15625
1,1,10,-111,250,625,15625
1,1,10,209,250,625,15625
1,1,12,-121,300,625,15625
1,1,12,-97,300,625,15625
1,1,12,-13,300,625,15625
1,1,12,99,300,625,15625
1,1,12,111,300,625,15625
1,1,12,131,300,625,15625
1,1,12,203,300,625,15625
1,1,14,-83,350,625,15625
1,1,14,-11,350,625,15625
1,1,14,109,350,625,15625
1,1,14,149,350,625,15625
1,1,14,197,350,625,15625
1,1,16,-109,400,625,15625
1,1,16,-69,400,625,15625
1,1,16,-9,400,625,15625
1,1,16,71,400,625,15625
1,1,16,107,400,625,15625
1,1,16,167,400,625,15625
1,1,16,191,400,625,15625
1,1,16,206,400,625,15625
1,1,17,202,425,625,15625
1,1,18,-103,450,625,15625
1,1,18,-7,450,625,15625
1,1,18,57,450,625,15625
1,1,18,198,450,625,15625
1,1,20,-97,500,625,15625
1,1,20,-41,500,625,15625
1,1,20,43,500,625,15625
1,1,20,103,500,625,15625
1,1,20,179,500,625,15625
1,1,21,186,525,625,15625
1,1,22,-91,550,625,15625
1,1,22,-27,550,625,15625
1,1,22,-3,550,625,15625
1,1,22,29,550,625,15625
1,1,22,101,550,625,15625
1,1,22,173,550,625,15625
1,1,22,182,550,625,15625
1,1,24,-13,600,625,15625
1,1,24,-1,600,625,15625
1,1,24,99,600,625,15625
1,1,24,167,600,625,15625
1,1,26,-79,650,625,15625
1,1,26,97,650,625,15625
1,1,26,161,650,625,15625
1,1,28,-73,700,625,15625
1,1,28,-13,700,625,15625
1,1,28,3,700,625,15625
1,1,30,-67,750,625,15625
1,1,30,-27,750,625,15625
1,1,30,29,750,625,15625
1,1,30,93,750,625,15625
1,1,30,149,750,625,15625
1,1,32,-74,800,625,15625
1,1,32,-61,800,625,15625
1,1,32,-41,800,625,15625
1,1,32,7,800,625,15625
1,1,32,43,800,625,15625
1,1,32,91,800,625,15625
1,1,32,143,800,625,15625
1,1,34,-66,850,625,15625
1,1,34,9,850,625,15625
1,1,34,57,850,625,15625
1,1,34,89,850,625,15625
1,1,34,137,850,625,15625
1,1,36,-58,900,625,15625
1,1,36,-49,900,625,15625
1,1,36,11,900,625,15625
1,1,36,71,900,625,15625
1,1,36,87,900,625,15625
1,1,36,131,900,625,15625
1,1,37,-54,925,625,15625
1,1,38,-43,950,625,15625
1,1,38,13,950,625,15625
1,1,39,122,975,625,15625
1,1,40,-37,1000,625,15625
1,1,40,83,1000,625,15625
1,1,40,99,1000,625,15625
1,1,40,119,1000,625,15625
1,1,41,116,1025,625,15625
1,1,42,-31,1050,625,15625
1,1,42,17,1050,625,15625
1,1,42,81,1050,625,15625
1,1,44,19,1100,625,15625
1,1,44,79,1100,625,15625
1,1,44,107,1100,625,15625
1,1,45,104,1125,625,15625
1,1,46,-19,1150,625,15625
1,1,46,21,1150,625,15625
1,1,46,77,1150,625,15625
1,1,46,101,1150,625,15625
1,1,48,-13,1200,625,15625
1,1,48,23,1200,625,15625
1,1,50,-7,1250,625,15625
1,1,50,73,1250,625,15625
1,1,50,89,1250,625,15625
1,1,51,-4,1275,625,15625
1,1,52,-1,1300,625,15625
1,1,52,27,1300,625,15625
1,1,52,71,1300,625,15625
1,1,52,83,1300,625,15625
1,1,53,2,1325,625,15625
1,1,54,29,1350,625,15625
1,1,54,69,1350,625,15625
1,1,54,77,1350,625,15625
1,1,55,8,1375,625,15625
1,1,56,11,1400,625,15625
1,1,56,31,1400,625,15625
1,1,56,67,1400,625,15625
1,1,56,71,1400,625,15625
1,1,56,76,1400,625,15625
1,1,57,14,1425,625,15625
1,1,57,74,1425,625,15625
1,1,58,17,1450,625,15625
1,1,58,33,1450,625,15625
1,1,58,72,1450,625,15625
1,1,60,23,1500,625,15625
1,1,60,59,1500,625,15625
1,1,60,63,1500,625,15625
1,1,60,68,1500,625,15625
1,1,61,66,1525,625,15625
1,1,62,29,1550,625,15625
1,1,62,37,1550,625,15625
1,1,62,53,1550,625,15625
1,1,62,61,1550,625,15625
1,1,62,64,1550,625,15625
1,1,64,32,1600,625,15625
1,1,64,39,1600,625,15625
1,1,64,47,1600,625,15625
1,1,64,59,1600,625,15625
1,1,65,34,1625,625,15625
1,1,66,36,1650,625,15625
1,1,66,57,1650,625,15625
1,1,67,56,1675,625,15625
1,1,68,43,1700,625,15625
1,1,68,47,1700,625,15625
1,1,69,42,1725,625,15625
1,1,69,54,1725,625,15625
1,1,70,44,1750,625,15625
1,1,71,52,1775,625,15625
1,1,72,47,1800,625,15625
1,1,72,51,1800,625,15625
1,1,73,48,1825,625,15625
1,2,-24,-98,-600,1250,15625
1,2,-8,-254,-200,1250,15625
1,2,12,256,300,1250,15625
1,2,33,181,825,1250,15625
1,2,37,169,925,1250,15625
1,2,39,163,975,1250,15625
1,2,44,8,1100,1250,15625
1,2,53,43,1325,1250,15625
1,2,54,126,1350,1250,15625
1,2,56,122,1400,1250,15625
1,2,59,61,1475,1250,15625
1,2,61,67,1525,1250,15625
1,2,63,73,1575,1250,15625
1,2,65,107,1625,1250,15625
1,2,69,91,1725,1250,15625
1,2,69,103,1725,1250,15625
1,2,71,101,1775,1250,15625
1,2,72,94,1800,1250,15625
1,2,73,97,1825,1250,15625
1,2,73,99,1825,1250,15625
1,2,75,99,1875,1250,15625
1,3,-24,-147,-600,1875,15625
1,3,-23,-144,-575,1875,15625
1,3,-22,-141,-550,1875,15625
1,3,-18,-201,-450,1875,15625
1,3,-18,-129,-450,1875,15625
1,3,-16,-183,-400,1875,15625
1,3,-16,-123,-400,1875,15625
1,3,-14,-117,-350,1875,15625
1,3,-12,-263,-300,1875,15625
1,3,-12,-147,-300,1875,15625
1,3,-12,-111,-300,1875,15625
1,3,-12,-39,-300,1875,15625
1,3,-10,-249,-250,1875,15625
1,3,-10,-129,-250,1875,15625
1,3,-10,-57,-250,1875,15625
1,3,-8,-111,-200,1875,15625
1,3,-8,-99,-200,1875,15625
1,3,-7,-96,-175,1875,15625
1,3,-6,-221,-150,1875,15625
1,3,-4,-207,-100,1875,15625
1,3,-4,-111,-100,1875,15625
1,3,-4,-87,-100,1875,15625
1,3,-2,-193,-50,1875,15625
1,3,-2,-129,-50,1875,15625
1,3,-2,-81,-50,1875,15625
1,3,-2,-57,-50,1875,15625
1,3,-2,71,-50,1875,15625
1,3,-1,-198,-25,1875,15625
1,3,0,-192,0,1875,15625
1,3,0,-179,0,1875,15625
1,3,0,-147,0,1875,15625
1,3,0,-39,0,1875,15625
1,3,0,73,0,1875,15625
1,3,1,-186,25,1875,15625
1,3,2,-69,50,1875,15625
1,3,2,-21,50,1875,15625
1,3,4,-168,100,1875,15625
1,3,4,-151,100,1875,15625
1,3,4,-63,100,1875,15625
1,3,4,-3,100,1875,15625
1,3,4,77,100,1875,15625
1,3,5,-162,125,1875,15625
1,3,6,-156,150,1875,15625
1,3,6,-137,150,1875,15625
1,3,6,-57,150,1875,15625
1,3,6,79,150,1875,15625
1,3,6,143,150,1875,15625
1,3,8,-123,200,1875,15625
1,3,8,-51,200,1875,15625
1,3,8,33,200,1875,15625
1,3,8,81,200,1875,15625
1,3,8,129,200,1875,15625
1,3,10,-109,250,1875,15625
1,3,10,51,250,1875,15625
1,3,10,83,250,1875,15625
1,3,12,-39,300,1875,15625
1,3,12,69,300,1875,15625
1,3,12,101,300,1875,15625
1,3,12,209,300,1875,15625
1,3,14,-81,350,1875,15625
1,3,14,-33,350,1875,15625
1,3,14,207,350,1875,15625
1,3,16,-67,400,1875,15625
1,3,16,-27,400,1875,15625
1,3,16,73,400,1875,15625
1,3,16,89,400,1875,15625
1,3,18,-53,450,1875,15625
1,3,18,-21,450,1875,15625
1,3,18,59,450,1875,15625
1,3,18,91,450,1875,15625
1,3,18,123,450,1875,15625
1,3,18,203,450,1875,15625
1,3,18,267,450,1875,15625
1,3,20,-39,500,1875,15625
1,3,20,93,500,1875,15625
1,3,20,141,500,1875,15625
1,3,20,201,500,1875,15625
1,3,20,261,500,1875,15625
1,3,22,-9,550,1875,15625
1,3,22,31,550,1875,15625
1,3,22,159,550,1875,15625
1,3,22,199,550,1875,15625
1,3,24,-11,600,1875,15625
1,3,24,-3,600,1875,15625
1,3,24,17,600,1875,15625
1,3,24,97,600,1875,15625
1,3,24,177,600,1875,15625
1,3,24,197,600,1875,15625
1,3,24,249,600,1875,15625
1,3,26,99,650,1875,15625
1,3,26,243,650,1875,15625
1,3,28,-11,700,1875,15625
1,3,28,9,700,1875,15625
1,3,28,17,700,1875,15625
1,3,28,101,700,1875,15625
1,3,28,193,700,1875,15625
1,3,28,213,700,1875,15625
1,3,28,237,700,1875,15625
1,3,29,234,725,1875,15625
1,3,30,31,750,1875,15625
1,3,30,103,750,1875,15625
1,3,30,191,750,1875,15625
1,3,31,228,775,1875,15625
1,3,32,21,800,1875,15625
1,3,32,189,800,1875,15625
1,3,33,222,825,1875,15625
1,3,34,27,850,1875,15625
1,3,34,59,850,1875,15625
1,3,34,107,850,1875,15625
1,3,34,187,850,1875,15625
1,3,34,219,850,1875,15625
1,3,36,33,900,1875,15625
1,3,36,73,900,1875,15625
1,3,36,109,900,1875,15625
1,3,36,213,900,1875,15625
1,3,38,39,950,1875,15625
1,3,38,87,950,1875,15625
1,3,38,111,950,1875,15625
1,3,38,183,950,1875,15625
1,3,38,207,950,1875,15625
1,3,40,101,1000,1875,15625
1,3,40,113,1000,1875,15625
1,3,40,181,1000,1875,15625
1,3,40,201,1000,1875,15625
1,3,42,51,1050,1875,15625
1,3,42,179,1050,1875,15625
1,3,44,57,1100,1875,15625
1,3,44,117,1100,1875,15625
1,3,44,129,1100,1875,15625
1,3,44,177,1100,1875,15625
1,3,44,189,1100,1875,15625
1,3,46,63,1150,1875,15625
1,3,46,119,1150,1875,15625
1,3,46,143,1150,1875,15625
1,3,46,183,1150,1875,15625
1,3,48,58,1200,1875,15625
1,3,48,69,1200,1875,15625
1,3,48,121,1200,1875,15625
1,3,48,157,1200,1875,15625
1,3,48,173,1200,1875,15625
1,3,48,177,1200,1875,15625
1,3,48,184,1200,1875,15625
1,3,49,62,1225,1875,15625
1,3,49,182,1225,1875,15625
1,3,50,66,1250,1875,15625
1,3,50,123,1250,1875,15625
1,3,52,74,1300,1875,15625
1,3,52,81,1300,1875,15625
1,3,52,169,1300,1875,15625
1,3,52,176,1300,1875,15625
1,3,53,78,1325,1875,15625
1,3,53,174,1325,1875,15625
1,3,54,82,1350,1875,15625
1,3,54,87,1350,1875,15625
1,3,54,127,1350,1875,15625
1,3,54,159,1350,1875,15625
1,3,54,167,1350,1875,15625
1,3,54,172,1350,1875,15625
1,3,56,93,1400,1875,15625
1,3,56,129,1400,1875,15625
1,3,56,153,1400,1875,15625
1,3,58,99,1450,1875,15625
1,3,58,131,1450,1875,15625
1,3,58,147,1450,1875,15625
1,3,58,163,1450,1875,15625
1,3,60,133,1500,1875,15625
1,3,60,141,1500,1875,15625
1,3,60,161,1500,1875,15625
1,3,62,111,1550,1875,15625
1,3,62,159,1550,1875,15625
1,3,63,114,1575,1875,15625
1,3,63,158,1575,1875,15625
1,3,64,117,1600,1875,15625
1,3,64,129,1600,1875,15625
1,3,64,137,1600,1875,15625
1,3,64,157,1600,1875,15625
1,3,65,156,1625,1875,15625
1,3,66,139,1650,1875,15625
1,3,67,126,1675,1875,15625
1,3,67,154,1675,1875,15625
1,3,68,129,1700,1875,15625
1,3,68,141,1700,1875,15625
1,3,68,153,1700,1875,15625
1,3,69,132,1725,1875,15625
1,3,69,152,1725,1875,15625
1,3,70,143,1750,1875,15625
1,3,70,151,1750,1875,15625
1,3,72,141,1800,1875,15625
1,3,72,149,1800,1875,15625
1,3,73,142,1825,1875,15625
1,3,74,144,1850,1875,15625
1,3,75,148,1875,1875,15625
1,3,76,148,1900,1875,15625
1,3,76,149,1900,1875,15625
1,4,-24,-196,-600,2500,15625
1,4,-15,-283,-375,2500,15625
1,4,-13,-269,-325,2500,15625
1,4,14,-94,350,2500,15625
1,4,16,-82,400,2500,15625
1,4,17,-76,425,2500,15625
1,4,25,287,625,2500,15625
1,4,27,281,675,2500,15625
1,4,46,234,1150,2500,15625
1,4,58,132,1450,2500,15625
1,4,61,209,1525,2500,15625
1,4,63,207,1575,2500,15625
1,4,67,203,1675,2500,15625
1,4,69,173,1725,2500,15625
1,4,70,176,1750,2500,15625
1,4,71,179,1775,2500,15625
1,4,74,188,1850,2500,15625
1,4,75,191,1875,2500,15625
1,4,77,199,1925,2500,15625
1,4,78,198,1950,2500,15625
1,4,79,201,1975,2500,15625
1,5,-20,-281,-500,3125,15625
1,5,-18,-303,-450,3125,15625
1,5,-18,-263,-450,3125,15625
1,5,-16,-289,-400,3125,15625
1,5,-14,-227,-350,3125,15625
1,5,-12,-261,-300,3125,15625
1,5,-12,-209,-300,3125,15625
1,5,-10,-247,-250,3125,15625
1,5,-10,-191,-250,3125,15625
1,5,-10,-119,-250,3125,15625
1,5,-8,-233,-200,3125,15625
1,5,-8,-173,-200,3125,15625
1,5,-8,-137,-200,3125,15625
1,5,-6,-219,-150,3125,15625
1,5,-5,-212,-125,3125,15625
1,5,-4,-173,-100,3125,15625
1,5,-4,-137,-100,3125,15625
1,5,-3,-198,-75,3125,15625
1,5,-2,-119,-50,3125,15625
1,5,-1,-184,-25,3125,15625
1,5,0,-177,0,3125,15625
1,5,0,-101,0,3125,15625
1,5,2,-163,50,3125,15625
1,5,2,-83,50,3125,15625
1,5,2,13,50,3125,15625
1,5,4,-149,100,3125,15625
1,5,4,19,100,3125,15625
1,5,6,-47,150,3125,15625
1,5,8,-121,200,3125,15625
1,5,8,-29,200,3125,15625
1,5,8,31,200,3125,15625
1,5,10,-107,250,3125,15625
1,5,10,-11,250,3125,15625
1,5,10,37,250,3125,15625
1,5,12,-93,300,3125,15625
1,5,12,7,300,3125,15625
1,5,12,43,300,3125,15625
1,5,12,103,300,3125,15625
1,5,14,-79,350,3125,15625
1,5,14,49,350,3125,15625
1,5,14,89,350,3125,15625
1,5,16,43,400,3125,15625
1,5,18,-51,450,3125,15625
1,5,20,-37,500,3125,15625
1,5,20,47,500,3125,15625
1,5,20,67,500,3125,15625
1,5,20,79,500,3125,15625
1,5,20,191,500,3125,15625
1,5,22,-23,550,3125,15625
1,5,22,33,550,3125,15625
1,5,22,73,550,3125,15625
1,5,22,97,550,3125,15625
1,5,22,193,550,3125,15625
1,5,24,-9,600,3125,15625
1,5,24,19,600,3125,15625
1,5,24,79,600,3125,15625
1,5,25,-14,625,3125,15625
1,5,26,-8,650,3125,15625
1,5,26,133,650,3125,15625
1,5,26,197,650,3125,15625
1,5,28,4,700,3125,15625
1,5,28,19,700,3125,15625
1,5,28,91,700,3125,15625
1,5,28,151,700,3125,15625
1,5,28,199,700,3125,15625
1,5,30,16,750,3125,15625
1,5,30,33,750,3125,15625
1,5,30,97,750,3125,15625
1,5,30,169,750,3125,15625
1,5,30,201,750,3125,15625
1,5,30,289,750,3125,15625
1,5,32,47,800,3125,15625
1,5,32,103,800,3125,15625
1,5,32,187,800,3125,15625
1,5,32,203,800,3125,15625
1,5,32,287,800,3125,15625
1,5,32,307,800,3125,15625
1,5,34,61,850,3125,15625
1,5,34,109,850,3125,15625
1,5,34,301,850,3125,15625
1,5,36,207,900,3125,15625
1,5,36,223,900,3125,15625
1,5,36,283,900,3125,15625
1,5,38,89,950,3125,15625
1,5,38,121,950,3125,15625
1,5,38,209,950,3125,15625
1,5,38,241,950,3125,15625
1,5,38,281,950,3125,15625
1,5,38,289,950,3125,15625
1,5,40,103,1000,3125,15625
1,5,40,127,1000,3125,15625
1,5,40,211,1000,3125,15625
1,5,40,259,1000,3125,15625
1,5,40,279,1000,3125,15625
1,5,40,283,1000,3125,15625
1,5,40,292,1000,3125,15625
1,5,42,117,1050,3125,15625
1,5,42,133,1050,3125,15625
1,5,42,213,1050,3125,15625
1,5,42,288,1050,3125,15625
1,5,44,131,1100,3125,15625
1,5,44,139,1100,3125,15625
1,5,44,271,1100,3125,15625
1,5,44,284,1100,3125,15625
1,5,45,282,1125,3125,15625
1,5,46,217,1150,3125,15625
1,5,46,273,1150,3125,15625
1,5,48,151,1200,3125,15625
1,5,48,159,1200,3125,15625
1,5,48,219,1200,3125,15625
1,5,48,259,1200,3125,15625
1,5,48,271,1200,3125,15625
1,5,50,157,1250,3125,15625
1,5,50,173,1250,3125,15625
1,5,50,221,1250,3125,15625
1,5,50,253,1250,3125,15625
1,5,50,269,1250,3125,15625
1,5,52,163,1300,3125,15625
1,5,52,187,1300,3125,15625
1,5,52,223,1300,3125,15625
1,5,52,247,1300,3125,15625
1,5,52,267,1300,3125,15625
1,5,54,169,1350,3125,15625
1,5,54,201,1350,3125,15625
1,5,54,241,1350,3125,15625
1,5,56,227,1400,3125,15625
1,5,56,263,1400,3125,15625
1,5,58,181,1450,3125,15625
1,5,58,261,1450,3125,15625
1,5,60,187,1500,3125,15625
1,5,60,223,1500,3125,15625
1,5,60,231,1500,3125,15625
1,5,60,243,1500,3125,15625
1,5,60,259,1500,3125,15625
1,5,61,258,1525,3125,15625
1,5,62,193,1550,3125,15625
1,5,62,217,1550,3125,15625
1,5,62,233,1550,3125,15625
1,5,63,256,1575,3125,15625
1,5,64,199,1600,3125,15625
1,5,64,211,1600,3125,15625
1,5,65,194,1625,3125,15625
1,5,65,254,1625,3125,15625
1,5,66,198,1650,3125,15625
1,5,66,237,1650,3125,15625
1,5,66,253,1650,3125,15625
1,5,68,206,1700,3125,15625
1,5,68,211,1700,3125,15625
1,5,68,239,1700,3125,15625
1,5,68,251,1700,3125,15625
1,5,70,214,1750,3125,15625
1,5,70,217,1750,3125,15625
1,5,70,241,1750,3125,15625
1,5,70,249,1750,3125,15625
1,5,72,223,1800,3125,15625
1,5,72,243,1800,3125,15625
1,5,72,247,1800,3125,15625
1,5,74,229,1850,3125,15625
1,5,75,232,1875,3125,15625
1,5,76,243,1900,3125,15625
1,5,76,247,1900,3125,15625
1,5,77,238,1925,3125,15625
1,5,78,249,1950,3125,15625
1,5,79,244,1975,3125,15625
1,5,80,247,2000,3125,15625
1,5,80,248,2000,3125,15625
1,5,80,251,2000,3125,15625
1,5,81,252,2025,3125,15625
1,5,82,252,2050,3125,15625
1,6,-20,-332,-500,3750,15625
1,6,-18,-316,-450,3750,15625
1,6,5,-141,125,3750,15625
1,6,9,-113,225,3750,15625
1,6,11,-99,275,3750,15625
1,6,15,-71,375,3750,15625
1,6,38,78,950,3750,15625
1,6,40,338,1000,3750,15625
1,6,57,311,1425,3750,15625
1,6,59,309,1475,3750,15625
1,6,61,307,1525,3750,15625
1,6,67,301,1675,3750,15625
1,6,74,264,1850,3750,15625
1,6,76,272,1900,3750,15625
1,6,81,291,2025,3750,15625
1,6,81,301,2025,3750,15625
1,6,82,296,2050,3750,15625
1,6,83,297,2075,3750,15625
1,6,83,303,2075,3750,15625
1,6,85,303,2125,3750,15625
1,7,-24,-343,-600,4375,15625
1,7,-23,-336,-575,4375,15625
1,7,-22,-361,-550,4375,15625
1,7,-22,-329,-550,4375,15625
1,7,-20,-343,-500,4375,15625
1,7,-18,-301,-450,4375,15625
1,7,-16,-307,-400,4375,15625
1,7,-16,-287,-400,4375,15625
1,7,-14,-289,-350,4375,15625
1,7,-14,-273,-350,4375,15625
1,7,-12,-271,-300,4375,15625
1,7,-12,-259,-300,4375,15625
1,7,-10,-253,-250,4375,15625
1,7,-8,-231,-200,4375,15625
1,7,-8,-199,-200,4375,15625
1,7,-7,-242,-175,4375,15625
1,7,-7,-224,-175,4375,15625
1,7,-6,-234,-150,4375,15625
1,7,-4,-218,-100,4375,15625
1,7,-4,-203,-100,4375,15625
1,7,-4,-199,-100,4375,15625
1,7,-2,-202,-50,4375,15625
1,7,-2,-189,-50,4375,15625
1,7,-2,-181,-50,4375,15625
1,7,0,-163,0,4375,15625
1,7,2,-161,50,4375,15625
1,7,4,-147,100,4375,15625
1,7,4,-127,100,4375,15625
1,7,6,-133,150,4375,15625
1,7,6,-109,150,4375,15625
1,7,8,-119,200,4375,15625
1,7,8,-91,200,4375,15625
1,7,10,-73,250,4375,15625
1,7,12,-91,300,4375,15625
1,7,14,-77,350,4375,15625
1,7,14,-37,350,4375,15625
1,7,16,-63,400,4375,15625
1,7,16,-19,400,4375,15625
1,7,18,-49,450,4375,15625
1,7,18,-1,450,4375,15625
1,7,18,63,450,4375,15625
1,7,20,17,500,4375,15625
1,7,20,49,500,4375,15625
1,7,22,-21,550,4375,15625
1,7,23,-14,575,4375,15625
1,7,24,-7,600,4375,15625
1,7,24,21,600,4375,15625
1,7,24,53,600,4375,15625
1,7,26,71,650,4375,15625
1,7,27,14,675,4375,15625
1,7,28,21,700,4375,15625
1,7,28,89,700,4375,15625
1,7,28,173,700,4375,15625
1,7,29,28,725,4375,15625
1,7,30,107,750,4375,15625
1,7,30,179,750,4375,15625
1,7,32,49,800,4375,15625
1,7,34,63,850,4375,15625
1,7,34,143,850,4375,15625
1,7,34,191,850,4375,15625
1,7,36,77,900,4375,15625
1,7,36,161,900,4375,15625
1,7,36,197,900,4375,15625
1,7,38,91,950,4375,15625
1,7,38,179,950,4375,15625
1,7,38,203,950,4375,15625
1,7,40,197,1000,4375,15625
1,7,40,209,1000,4375,15625
1,7,42,119,1050,4375,15625
1,7,42,311,1050,4375,15625
1,7,44,133,1100,4375,15625
1,7,44,221,1100,4375,15625
1,7,44,233,1100,4375,15625
1,7,44,313,1100,4375,15625
1,7,46,147,1150,4375,15625
1,7,46,227,1150,4375,15625
1,7,46,251,1150,4375,15625
1,7,46,347,1150,4375,15625
1,7,48,152,1200,4375,15625
1,7,48,161,1200,4375,15625
1,7,48,233,1200,4375,15625
1,7,48,269,1200,4375,15625
1,7,48,317,1200,4375,15625
1,7,48,341,1200,4375,15625
1,7,48,369,1200,4375,15625
1,7,49,158,1225,4375,15625
1,7,50,164,1250,4375,15625
1,7,50,239,1250,4375,15625
1,7,50,287,1250,4375,15625
1,7,50,319,1250,4375,15625
1,7,50,367,1250,4375,15625
1,7,52,176,1300,4375,15625
1,7,52,189,1300,4375,15625
1,7,52,321,1300,4375,15625
1,7,52,329,1300,4375,15625
1,7,53,182,1325,4375,15625
1,7,54,188,1350,4375,15625
1,7,54,203,1350,4375,15625
1,7,54,251,1350,4375,15625
1,7,54,363,1350,4375,15625
1,7,55,362,1375,4375,15625
1,7,56,217,1400,4375,15625
1,7,56,257,1400,4375,15625
1,7,56,317,1400,4375,15625
1,7,56,341,1400,4375,15625
1,7,56,361,1400,4375,15625
1,7,58,231,1450,4375,15625
1,7,58,263,1450,4375,15625
1,7,58,311,1450,4375,15625
1,7,58,327,1450,4375,15625
1,7,59,358,1475,4375,15625
1,7,60,269,1500,4375,15625
1,7,60,329,1500,4375,15625
1,7,60,357,1500,4375,15625
1,7,61,356,1525,4375,15625
1,7,62,259,1550,4375,15625
1,7,62,299,1550,4375,15625
1,7,62,331,1550,4375,15625
1,7,64,273,1600,4375,15625
1,7,64,281,1600,4375,15625
1,7,64,293,1600,4375,15625
1,7,64,333,1600,4375,15625
1,7,64,353,1600,4375,15625
1,7,66,351,1650,4375,15625
1,7,68,281,1700,4375,15625
1,7,68,293,1700,4375,15625
1,7,68,301,1700,4375,15625
1,7,68,337,1700,4375,15625
1,7,68,349,1700,4375,15625
1,7,70,299,1750,4375,15625
1,7,70,339,1750,4375,15625
1,7,70,347,1750,4375,15625
1,7,72,329,1800,4375,15625
1,7,72,341,1800,4375,15625
1,7,74,311,1850,4375,15625
1,7,76,317,1900,4375,15625
1,7,76,341,1900,4375,15625
1,7,78,323,1950,4375,15625
1,7,78,339,1950,4375,15625
1,7,78,347,1950,4375,15625
1,7,80,322,2000,4375,15625
1,7,80,329,2000,4375,15625
1,7,80,337,2000,4375,15625
1,7,80,349,2000,4375,15625
1,7,81,326,2025,4375,15625
1,7,82,351,2050,4375,15625
1,7,83,352,2075,4375,15625
1,7,84,338,2100,4375,15625
1,7,84,341,2100,4375,15625
1,7,84,353,2100,4375,15625
1,7,85,342,2125,4375,15625
1,7,85,354,2125,4375,15625
1,7,86,346,2150,4375,15625
1,7,86,347,2150,4375,15625
1,7,87,356,2175,4375,15625
1,7,88,353,2200,4375,15625
1,7,88,356,2200,4375,15625
1,7,88,357,2200,4375,15625
1,7,89,356,2225,4375,15625
1,8,-23,-401,-575,5000,15625
1,8,-22,-392,-550,5000,15625
1,8,-21,-383,-525,5000,15625
1,8,-18,-356,-450,5000,15625
1,8,8,-136,200,5000,15625
1,8,12,-104,300,5000,15625
1,8,39,99,975,5000,15625
1,8,41,113,1025,5000,15625
1,8,43,127,1075,5000,15625
1,8,57,409,1425,5000,15625
1,8,59,407,1475,5000,15625
1,8,62,404,1550,5000,15625
1,8,64,262,1600,5000,15625
1,8,85,403,2125,5000,15625
1,8,89,407,2225,5000,15625
1,8,90,396,2250,5000,15625
1,8,91,409,2275,5000,15625
1,8,92,404,2300,5000,15625
1,8,93,409,2325,5000,15625
1,8,94,414,2350,5000,15625
1,9,-24,-441,-600,5625,15625
1,9,-23,-432,-575,5625,15625
1,9,-22,-423,-550,5625,15625
1,9,-19,-396,-475,5625,15625
1,9,-18,-387,-450,5625,15625
1,9,-16,-369,-400,5625,15625
1,9,-14,-351,-350,5625,15625
1,9,-12,-333,-300,5625,15625
1,9,-11,-324,-275,5625,15625
1,9,-9,-306,-225,5625,15625
1,9,-8,-297,-200,5625,15625
1,9,-7,-288,-175,5625,15625
1,9,-4,-261,-100,5625,15625
1,9,-3,-252,-75,5625,15625
1,9,-2,-243,-50,5625,15625
1,9,1,-216,25,5625,15625
1,9,2,-207,50,5625,15625
1,9,4,-189,100,5625,15625
1,9,6,-171,150,5625,15625
1,9,8,-153,200,5625,15625
1,9,10,-103,250,5625,15625
1,9,12,-117,300,5625,15625
1,9,12,-89,300,5625,15625
1,9,14,-99,350,5625,15625
1,9,16,-81,400,5625,15625
1,9,16,-61,400,5625,15625
1,9,18,-63,450,5625,15625
1,9,18,-47,450,5625,15625
1,9,20,-33,500,5625,15625
1,9,22,-27,550,5625,15625
1,9,22,-19,550,5625,15625
1,9,24,-22,600,5625,15625
1,9,24,-9,600,5625,15625
1,9,24,23,600,5625,15625
1,9,25,-14,625,5625,15625
1,9,26,-6,650,5625,15625
1,9,28,23,700,5625,15625
1,9,28,27,700,5625,15625
1,9,29,18,725,5625,15625
1,9,30,26,750,5625,15625
1,9,30,37,750,5625,15625
1,9,32,51,800,5625,15625
1,9,32,63,800,5625,15625
1,9,34,81,850,5625,15625
1,9,36,79,900,5625,15625
1,9,36,99,900,5625,15625
1,9,38,93,950,5625,15625
1,9,38,117,950,5625,15625
1,9,40,107,1000,5625,15625
1,9,42,121,1050,5625,15625
1,9,42,153,1050,5625,15625
1,9,44,171,1100,5625,15625
1,9,46,149,1150,5625,15625
1,9,46,189,1150,5625,15625
1,9,48,163,1200,5625,15625
1,9,48,207,1200,5625,15625
1,9,50,177,1250,5625,15625
1,9,51,184,1275,5625,15625
1,9,52,191,1300,5625,15625
1,9,52,243,1300,5625,15625
1,9,53,198,1325,5625,15625
1,9,54,261,1350,5625,15625
1,9,54,333,1350,5625,15625
1,9,55,212,1375,5625,15625
1,9,56,219,1400,5625,15625
1,9,56,279,1400,5625,15625
1,9,56,339,1400,5625,15625
1,9,57,226,1425,5625,15625
1,9,58,233,1450,5625,15625
1,9,58,297,1450,5625,15625
1,9,60,247,1500,5625,15625
1,9,60,351,1500,5625,15625
1,9,60,387,1500,5625,15625
1,9,62,261,1550,5625,15625
1,9,62,333,1550,5625,15625
1,9,62,357,1550,5625,15625
1,9,62,381,1550,5625,15625
1,9,64,351,1600,5625,15625
1,9,64,363,1600,5625,15625
1,9,64,431,1600,5625,15625
1,9,66,289,1650,5625,15625
1,9,66,433,1650,5625,15625
1,9,66,449,1650,5625,15625
1,9,68,303,1700,5625,15625
1,9,68,363,1700,5625,15625
1,9,68,387,1700,5625,15625
1,9,68,447,1700,5625,15625
1,9,70,317,1750,5625,15625
1,9,70,357,1750,5625,15625
1,9,70,381,1750,5625,15625
1,9,70,437,1750,5625,15625
1,9,72,324,1800,5625,15625
1,9,72,331,1800,5625,15625
1,9,72,351,1800,5625,15625
1,9,72,387,1800,5625,15625
1,9,72,423,1800,5625,15625
1,9,72,439,1800,5625,15625
1,9,72,443,1800,5625,15625
1,9,74,336,1850,5625,15625
1,9,74,393,1850,5625,15625
1,9,76,348,1900,5625,15625
1,9,76,359,1900,5625,15625
1,9,76,399,1900,5625,15625
1,9,76,439,1900,5625,15625
1,9,76,443,1900,5625,15625
1,9,77,354,1925,5625,15625
1,9,78,373,1950,5625,15625
1,9,78,437,1950,5625,15625
1,9,80,387,2000,5625,15625
1,9,80,411,2000,5625,15625
1,9,80,447,2000,5625,15625
1,9,82,401,2050,5625,15625
1,9,82,417,2050,5625,15625
1,9,82,433,2050,5625,15625
1,9,82,449,2050,5625,15625
1,9,84,423,2100,5625,15625
1,9,84,431,2100,5625,15625
1,9,84,451,2100,5625,15625
1,9,86,453,2150,5625,15625
1,9,87,454,2175,5625,15625
1,9,88,427,2200,5625,15625
1,9,88,443,2200,5625,15625
1,9,89,456,2225,5625,15625
1,9,90,441,2250,5625,15625
1,9,91,458,2275,5625,15625
1,9,92,447,2300,5625,15625
1,9,92,459,2300,5625,15625
1,9,94,453,2350,5625,15625
1,9,94,461,2350,5625,15625
1,9,96,454,2400,5625,15625
1,9,96,459,2400,5625,15625
1,9,96,463,2400,5625,15625
1,9,96,464,2400,5625,15625
1,9,97,458,2425,5625,15625
1,9,97,466,2425,5625,15625
1,9,98,462,2450,5625,15625
1,9,98,468,2450,5625,15625
1,9,99,468,2475,5625,15625
1,9,100,471,2500,5625,15625
1,9,100,472,2500,5625,15625
1,10,-5,-301,-125,6250,15625
1,10,-4,-292,-100,6250,15625
1,10,0,-256,0,6250,15625
1,10,5,-211,125,6250,15625
1,10,11,-157,275,6250,15625
1,10,13,-139,325,6250,15625
1,10,15,-121,375,6250,15625
1,10,25,-31,625,6250,15625
1,10,42,108,1050,6250,15625
1,10,44,124,1100,6250,15625
1,10,65,283,1625,6250,15625
1,10,67,297,1675,6250,15625
1,10,69,311,1725,6250,15625
1,10,75,491,1875,6250,15625
1,10,86,422,2150,6250,15625
1,10,88,434,2200,6250,15625
1,10,91,507,2275,6250,15625
1,10,93,509,2325,6250,15625
1,10,95,511,2375,6250,15625
1,10,102,522,2550,6250,15625
1,10,104,526,2600,6250,15625
1,10,105,527,2625,6250,15625
1,10,105,528,2625,6250,15625
1,10,106,528,2650,6250,15625
1,10,107,533,2675,6250,15625
1,11,14,-161,350,6875,15625
1,11,16,-143,400,6875,15625
1,11,20,-107,500,6875,15625
1,11,22,-89,550,6875,15625
1,11,24,-71,600,6875,15625
1,11,26,-53,650,6875,15625
1,11,27,-44,675,6875,15625
1,11,29,-26,725,6875,15625
1,11,31,-8,775,6875,15625
1,11,32,1,800,6875,15625
1,11,34,19,850,6875,15625
1,11,36,37,900,6875,15625
1,11,40,73,1000,6875,15625
1,11,42,91,1050,6875,15625
1,11,44,109,1100,6875,15625
1,11,44,137,1100,6875,15625
1,11,46,127,1150,6875,15625
1,11,46,151,1150,6875,15625
1,11,50,163,1250,6875,15625
1,11,50,179,1250,6875,15625
1,11,52,181,1300,6875,15625
1,11,52,193,1300,6875,15625
1,11,54,199,1350,6875,15625
1,11,54,207,1350,6875,15625
1,11,56,206,1400,6875,15625
1,11,56,217,1400,6875,15625
1,11,56,221,1400,6875,15625
1,11,57,214,1425,6875,15625
1,11,58,222,1450,6875,15625
1,11,60,238,1500,6875,15625
1,11,60,249,1500,6875,15625
1,11,60,253,1500,6875,15625
1,11,61,246,1525,6875,15625
1,11,62,254,1550,6875,15625
1,11,62,263,1550,6875,15625
1,11,62,271,1550,6875,15625
1,11,64,277,1600,6875,15625
1,11,64,289,1600,6875,15625
1,11,66,291,1650,6875,15625
1,11,66,307,1650,6875,15625
1,11,70,319,1750,6875,15625
1,11,70,343,1750,6875,15625
1,11,72,333,1800,6875,15625
1,11,72,361,1800,6875,15625
1,11,74,347,1850,6875,15625
1,11,74,379,1850,6875,15625
1,11,74,427,1850,6875,15625
1,11,76,361,1900,6875,15625
1,11,76,397,1900,6875,15625
1,11,76,421,1900,6875,15625
1,11,79,382,1975,6875,15625
1,11,80,389,2000,6875,15625
1,11,80,409,2000,6875,15625
1,11,80,433,2000,6875,15625
1,11,80,493,2000,6875,15625
1,11,81,396,2025,6875,15625
1,11,82,451,2050,6875,15625
1,11,82,499,2050,6875,15625
1,11,84,417,2100,6875,15625
1,11,84,469,2100,6875,15625
1,11,84,529,2100,6875,15625
1,11,85,424,2125,6875,15625
1,11,86,431,2150,6875,15625
1,11,86,487,2150,6875,15625
1,11,86,511,2150,6875,15625
1,11,86,527,2150,6875,15625
1,11,86,551,2150,6875,15625
1,11,88,517,2200,6875,15625
1,11,88,553,2200,6875,15625
1,11,90,459,2250,6875,15625
1,11,91,556,2275,6875,15625
1,11,92,473,2300,6875,15625
1,11,92,521,2300,6875,15625
1,11,92,529,2300,6875,15625
1,11,92,541,2300,6875,15625
1,11,92,557,2300,6875,15625
1,11,93,558,2325,6875,15625
1,11,94,487,2350,6875,15625
1,11,94,519,2350,6875,15625
1,11,96,496,2400,6875,15625
1,11,96,501,2400,6875,15625
1,11,96,517,2400,6875,15625
1,11,96,541,2400,6875,15625
1,11,96,561,2400,6875,15625
1,11,97,502,2425,6875,15625
1,11,97,562,2425,6875,15625
1,11,98,508,2450,6875,15625
1,11,98,547,2450,6875,15625
1,11,98,563,2450,6875,15625
1,11,100,529,2500,6875,15625
1,11,100,553,2500,6875,15625
1,11,101,526,2525,6875,15625
1,11,102,532,2550,6875,15625
1,11,102,543,2550,6875,15625
1,11,102,559,2550,6875,15625
1,11,102,567,2550,6875,15625
1,11,104,557,2600,6875,15625
1,11,104,569,2600,6875,15625
1,11,104,572,2600,6875,15625
1,11,105,574,2625,6875,15625
1,11,106,576,2650,6875,15625
1,11,108,573,2700,6875,15625
1,11,108,577,2700,6875,15625
1,11,109,582,2725,6875,15625
1,11,110,583,2750,6875,15625
1,11,110,584,2750,6875,15625
1,11,112,586,2800,6875,15625
1,11,112,589,2800,6875,15625
1,11,113,592,2825,6875,15625
1,11,114,594,2850,6875,15625
1,12,34,-12,850,7500,15625
1,12,45,87,1125,7500,15625
1,12,49,123,1225,7500,15625
1,12,51,141,1275,7500,15625
1,12,63,249,1575,7500,15625
1,12,74,336,1850,7500,15625
1,12,76,352,1900,7500,15625
1,12,80,384,2000,7500,15625
1,12,93,481,2325,7500,15625
1,12,97,509,2425,7500,15625
1,12,97,611,2425,7500,15625
1,12,98,516,2450,7500,15625
1,12,98,612,2450,7500,15625
1,12,99,523,2475,7500,15625
1,12,99,613,2475,7500,15625
1,12,110,594,2750,7500,15625
1,12,112,606,2800,7500,15625
1,12,112,634,2800,7500,15625
1,12,119,651,2975,7500,15625
1,12,121,657,3025,7500,15625
1,13,52,119,1300,8125,15625
1,13,54,137,1350,8125,15625
1,13,58,173,1450,8125,15625
1,13,60,191,1500,8125,15625
1,13,62,209,1550,8125,15625
1,13,63,218,1575,8125,15625
1,13,64,227,1600,8125,15625
1,13,65,236,1625,8125,15625
1,13,67,254,1675,8125,15625
1,13,68,263,1700,8125,15625
1,13,69,272,1725,8125,15625
1,13,70,281,1750,8125,15625
1,13,72,299,1800,8125,15625
1,13,74,317,1850,8125,15625
1,13,78,353,1950,8125,15625
1,13,78,377,1950,8125,15625
1,13,80,371,2000,8125,15625
1,13,80,391,2000,8125,15625
1,13,82,389,2050,8125,15625
1,13,84,407,2100,8125,15625
1,13,84,419,2100,8125,15625
1,13,86,433,2150,8125,15625
1,13,88,434,2200,8125,15625
1,13,88,443,2200,8125,15625
1,13,88,447,2200,8125,15625
1,13,88,467,2200,8125,15625
1,13,89,442,2225,8125,15625
1,13,92,466,2300,8125,15625
1,13,92,479,2300,8125,15625
1,13,93,474,2325,8125,15625
1,13,94,482,2350,8125,15625
1,13,94,489,2350,8125,15625
1,13,94,497,2350,8125,15625
1,13,96,503,2400,8125,15625
1,13,98,517,2450,8125,15625
1,13,98,533,2450,8125,15625
1,13,100,531,2500,8125,15625
1,13,100,551,2500,8125,15625
1,13,102,569,2550,8125,15625
1,13,102,609,2550,8125,15625
1,13,104,559,2600,8125,15625
1,13,104,587,2600,8125,15625
1,13,104,607,2600,8125,15625
1,13,106,573,2650,8125,15625
1,13,106,653,2650,8125,15625
1,13,108,587,2700,8125,15625
1,13,108,603,2700,8125,15625
1,13,108,623,2700,8125,15625
1,13,108,659,2700,8125,15625
1,13,108,671,2700,8125,15625
1,13,109,594,2725,8125,15625
1,13,110,641,2750,8125,15625
1,13,110,673,2750,8125,15625
1,13,111,608,2775,8125,15625
1,13,112,659,2800,8125,15625
1,13,112,671,2800,8125,15625
1,13,113,622,2825,8125,15625
1,13,113,682,2825,8125,15625
1,13,114,629,2850,8125,15625
1,13,114,684,2850,8125,15625
1,13,116,643,2900,8125,15625
1,13,116,679,2900,8125,15625
1,13,116,683,2900,8125,15625
1,13,116,688,2900,8125,15625
1,13,118,657,2950,8125,15625
1,13,118,681,2950,8125,15625
1,13,118,689,2950,8125,15625
1,13,118,692,2950,8125,15625
1,13,120,668,3000,8125,15625
1,13,120,671,3000,8125,15625
1,13,120,683,3000,8125,15625
1,13,121,674,3025,8125,15625
1,13,122,701,3050,8125,15625
1,13,123,704,3075,8125,15625
1,13,124,692,3100,8125,15625
1,13,124,699,3100,8125,15625
1,13,124,707,3100,8125,15625
1,13,125,698,3125,8125,15625
1,13,126,704,3150,8125,15625
1,13,127,716,3175,8125,15625
1,13,128,716,3200,8125,15625
1,13,128,718,3200,8125,15625
1,13,128,719,3200,8125,15625
1,13,130,726,3250,8125,15625
1,14,81,349,2025,8750,15625
1,14,83,367,2075,8750,15625
1,14,87,403,2175,8750,15625
1,14,89,421,2225,8750,15625
1,14,104,548,2600,8750,15625
1,14,106,564,2650,8750,15625
1,14,110,596,2750,8750,15625
1,14,120,742,3000,8750,15625
1,14,121,679,3025,8750,15625
1,14,123,693,3075,8750,15625
1,14,125,707,3125,8750,15625
1,14,127,721,3175,8750,15625
1,14,129,763,3225,8750,15625
1,14,131,769,3275,8750,15625
1,14,132,768,3300,8750,15625
1,14,134,766,3350,8750,15625
1,14,134,776,3350,8750,15625
1,14,135,781,3375,8750,15625
1,14,136,778,3400,8750,15625
1,14,137,787,3425,8750,15625
1,14,137,788,3425,8750,15625
1,14,138,792,3450,8750,15625
1,15,90,399,2250,9375,15625
1,15,92,417,2300,9375,15625
1,15,95,444,2375,9375,15625
1,15,96,453,2400,9375,15625
1,15,98,471,2450,9375,15625
1,15,100,489,2500,9375,15625
1,15,101,498,2525,9375,15625
1,15,103,516,2575,9375,15625
1,15,105,534,2625,9375,15625
1,15,106,543,2650,9375,15625
1,15,108,561,2700,9375,15625
1,15,110,579,2750,9375,15625
1,15,112,597,2800,9375,15625
1,15,112,617,2800,9375,15625
1,15,114,631,2850,9375,15625
1,15,116,633,2900,9375,15625
1,15,118,651,2950,9375,15625
1,15,118,659,2950,9375,15625
1,15,120,662,3000,9375,15625
1,15,120,669,3000,9375,15625
1,15,120,673,3000,9375,15625
1,15,120,689,3000,9375,15625
1,15,122,678,3050,9375,15625
1,15,124,694,3100,9375,15625
1,15,124,701,3100,9375,15625
1,15,125,702,3125,9375,15625
1,15,126,723,3150,9375,15625
1,15,128,729,3200,9375,15625
1,15,128,741,3200,9375,15625
1,15,130,743,3250,9375,15625
1,15,130,759,3250,9375,15625
1,15,130,791,3250,9375,15625
1,15,132,757,3300,9375,15625
1,15,132,777,3300,9375,15625
1,15,132,793,3300,9375,15625
1,15,132,813,3300,9375,15625
1,15,133,816,3325,9375,15625
1,15,134,771,3350,9375,15625
1,15,134,816,3350,9375,15625
1,15,134,819,3350,9375,15625
1,15,135,778,3375,9375,15625
1,15,135,822,3375,9375,15625
1,15,136,797,3400,9375,15625
1,15,136,813,3400,9375,15625
1,15,137,792,3425,9375,15625
1,15,137,828,3425,9375,15625
1,15,139,806,3475,9375,15625
1,15,139,834,3475,9375,15625
1,15,140,813,3500,9375,15625
1,15,140,837,3500,9375,15625
1,15,142,827,3550,9375,15625
1,15,142,843,3550,9375,15625
1,15,144,841,3600,9375,15625
1,15,144,849,3600,9375,15625
1,15,145,846,3625,9375,15625
1,15,145,852,3625,9375,15625
1,15,145,854,3625,9375,15625
1,15,146,852,3650,9375,15625
1,15,146,858,3650,9375,15625
1,15,148,864,3700,9375,15625
1,15,148,866,3700,9375,15625
1,16,109,539,2725,10000,15625
1,16,110,548,2750,10000,15625
1,16,114,584,2850,10000,15625
1,16,115,593,2875,10000,15625
1,16,117,611,2925,10000,15625
1,16,119,629,2975,10000,15625
1,16,120,648,3000,10000,15625
1,16,121,647,3025,10000,15625
1,16,122,656,3050,10000,15625
1,16,138,792,3450,10000,15625
1,16,140,808,3500,10000,15625
1,16,145,893,3625,10000,15625
1,16,146,896,3650,10000,15625
1,16,147,899,3675,10000,15625
1,16,149,877,3725,10000,15625
1,16,151,891,3775,10000,15625
1,16,152,916,3800,10000,15625
1,16,154,924,3850,10000,15625
1,16,155,919,3875,10000,15625
1,16,155,923,3875,10000,15625
1,16,156,932,3900,10000,15625
1,16,157,932,3925,10000,15625
1,16,158,938,3950,10000,15625
1,17,128,679,3200,10625,15625
1,17,130,697,3250,10625,15625
1,17,133,724,3325,10625,15625
1,17,134,733,3350,10625,15625
1,17,135,742,3375,10625,15625
1,17,136,751,3400,10625,15625
1,17,139,778,3475,10625,15625
1,17,140,787,3500,10625,15625
1,17,141,796,3525,10625,15625
1,17,144,823,3600,10625,15625
1,17,146,841,3650,10625,15625
1,17,146,857,3650,10625,15625
1,17,148,859,3700,10625,15625
1,17,148,871,3700,10625,15625
1,17,150,877,3750,10625,15625
1,17,151,882,3775,10625,15625
1,17,152,899,3800,10625,15625
1,17,152,911,3800,10625,15625
1,17,153,898,3825,10625,15625
1,17,154,906,3850,10625,15625
1,17,156,922,3900,10625,15625
1,17,156,927,3900,10625,15625
1,17,156,931,3900,10625,15625
1,17,158,938,3950,10625,15625
1,17,158,941,3950,10625,15625
1,17,158,949,3950,10625,15625
1,17,158,973,3950,10625,15625
1,17,158,974,3950,10625,15625
1,17,159,946,3975,10625,15625
1,17,159,976,3975,10625,15625
1,17,159,978,3975,10625,15625
1,17,160,967,4000,10625,15625
1,17,160,979,4000,10625,15625
1,17,160,982,4000,10625,15625
1,17,161,986,4025,10625,15625
1,17,162,969,4050,10625,15625
1,17,163,976,4075,10625,15625
1,17,164,983,4100,10625,15625
1,17,164,991,4100,10625,15625
1,17,164,998,4100,10625,15625
1,17,165,1002,4125,10625,15625
1,17,166,1006,4150,10625,15625
1,17,167,1004,4175,10625,15625
1,17,167,1006,4175,10625,15625
1,17,168,1011,4200,10625,15625
1,17,168,1012,4200,10625,15625
1,17,170,1024,4250,10625,15625
1,18,147,819,3675,11250,15625
1,18,149,837,3725,11250,15625
1,18,153,873,3825,11250,15625
1,18,155,891,3875,11250,15625
1,18,157,909,3925,11250,15625
1,18,159,927,3975,11250,15625
1,18,172,1036,4300,11250,15625
1,18,172,1064,4300,11250,15625
1,18,173,1047,4325,11250,15625
1,18,173,1068,4325,11250,15625
1,18,174,1072,4350,11250,15625
1,18,175,1061,4375,11250,15625
1,18,178,1084,4450,11250,15625
1,18,179,1089,4475,11250,15625
1,18,181,1103,4525,11250,15625
1,19,166,959,4150,11875,15625
1,19,167,968,4175,11875,15625
1,19,168,977,4200,11875,15625
1,19,171,1004,4275,11875,15625
1,19,172,1013,4300,11875,15625
1,19,173,1022,4325,11875,15625
1,19,176,1049,4400,11875,15625
1,19,177,1058,4425,11875,15625
1,19,178,1067,4450,11875,15625
1,19,179,1076,4475,11875,15625
1,19,180,1097,4500,11875,15625
1,19,181,1104,4525,11875,15625
1,19,182,1103,4550,11875,15625
1,19,182,1111,4550,11875,15625
1,19,183,1112,4575,11875,15625
1,19,184,1118,4600,11875,15625
1,19,184,1121,4600,11875,15625
1,19,184,1133,4600,11875,15625
1,19,185,1126,4625,11875,15625
1,19,185,1136,4625,11875,15625
1,19,186,1134,4650,11875,15625
1,19,186,1154,4650,11875,15625
1,19,187,1148,4675,11875,15625
1,19,188,1153,4700,11875,15625
1,19,188,1157,4700,11875,15625
1,19,189,1158,4725,11875,15625
1,19,190,1166,4750,11875,15625
1,19,190,1167,4750,11875,15625
1,19,191,1178,4775,11875,15625
1,19,192,1181,4800,11875,15625
1,19,192,1184,4800,11875,15625
1,19,193,1188,4825,11875,15625
1,19,194,1196,4850,11875,15625
1,20,185,1099,4625,12500,15625
1,20,187,1117,4675,12500,15625
1,20,191,1153,4775,12500,15625
1,20,192,1168,4800,12500,15625
1,20,193,1171,4825,12500,15625
1,20,195,1189,4875,12500,15625
1,20,197,1207,4925,12500,15625
1,20,199,1231,4975,12500,15625
1,20,200,1232,5000,12500,15625
1,20,200,1246,5000,12500,15625
1,20,201,1243,5025,12500,15625
1,20,202,1248,5050,12500,15625
1,20,204,1264,5100,12500,15625
1,20,205,1273,5125,12500,15625
1,20,206,1282,5150,12500,15625
1,20,207,1287,5175,12500,15625
1,21,204,1239,5100,13125,15625
1,21,205,1248,5125,13125,15625
1,21,206,1257,5150,13125,15625
1,21,207,1266,5175,13125,15625
1,21,209,1284,5225,13125,15625
1,21,210,1298,5250,13125,15625
1,21,211,1302,5275,13125,15625
1,21,211,1306,5275,13125,15625
1,21,212,1311,5300,13125,15625
1,21,212,1314,5300,13125,15625
1,21,214,1329,5350,13125,15625
1,21,214,1337,5350,13125,15625
1,21,215,1344,5375,13125,15625
1,21,216,1346,5400,13125,15625
1,21,216,1347,5400,13125,15625
1,21,216,1351,5400,13125,15625
1,21,216,1356,5400,13125,15625
1,21,217,1354,5425,13125,15625
1,21,217,1356,5425,13125,15625
1,21,217,1358,5425,13125,15625
1,21,217,1362,5425,13125,15625
1,21,218,1362,5450,13125,15625
1,21,218,1368,5450,13125,15625
1,21,219,1372,5475,13125,15625
1,21,220,1378,5500,13125,15625
1,21,220,1379,5500,13125,15625
1,22,224,1388,5600,13750,15625
1,22,225,1397,5625,13750,15625
1,22,226,1406,5650,13750,15625
1,22,228,1428,5700,13750,15625
1,22,229,1433,5725,13750,15625
1,22,230,1444,5750,13750,15625
1,22,231,1451,5775,13750,15625
1,22,231,1457,5775,13750,15625
1,22,232,1466,5800,13750,15625
1,22,233,1469,5825,13750,15625
1,22,233,1471,5825,13750,15625
1,22,233,1472,5825,13750,15625
1,22,234,1476,5850,13750,15625
1,23,242,1519,6050,14375,15625
1,23,243,1528,6075,14375,15625
1,23,244,1537,6100,14375,15625
1,23,245,1546,6125,14375,15625
1,23,246,1558,6150,14375,15625
1,23,247,1564,6175,14375,15625
1,23,247,1566,6175,14375,15625
1,23,248,1573,6200,14375,15625
1,23,248,1574,6200,14375,15625
1,23,248,1576,6200,14375,15625
1,23,248,1577,6200,14375,15625
1,23,249,1584,6225,14375,15625
1,24,261,1659,6525,15000,15625
1,24,262,1668,6550,15000,15625
1,24,263,1677,6575,15000,15625
1,24,264,1688,6600,15000,15625
1,24,265,1696,6625,15000,15625
1,24,265,1697,6625,15000,15625
1,25,280,1799,7000,15625,15625
1,25,281,1808,7025,15625,15625
1,25,282,1818,7050,15625,15625
1,26,299,1939,7475,16250,15625
