1,-12,69,-243,552,-768,512
1,-11,58,-197,464,-704,512
1,-11,59,-203,472,-704,512
1,-11,60,-207,480,-704,512
1,-11,61,-213,488,-704,512
1,-11,62,-217,496,-704,512
1,-10,47,-151,376,-640,512
1,-10,49,-161,392,-640,512
1,-10,50,-167,400,-640,512
1,-10,51,-173,408,-640,512
1,-10,51,-171,408,-640,512
1,-10,52,-177,416,-640,512
1,-10,53,-185,424,-640,512
1,-10,53,-183,424,-640,512
1,-10,53,-181,424,-640,512
1,-10,55,-189,440,-640,512
1,-9,38,-115,304,-576,512
1,-9,40,-127,320,-576,512
1,-9,40,-125,320,-576,512
1,-9,41,-131,328,-576,512
1,-9,42,-137,336,-576,512
1,-9,42,-135,336,-576,512
1,-9,44,-149,352,-576,512
1,-9,44,-147,352,-576,512
1,-9,44,-145,352,-576,512
1,-9,44,-143,352,-576,512
1,-9,45,-155,360,-576,512
1,-9,46,-159,368,-576,512
1,-9,46,-157,368,-576,512
1,-9,46,-155,368,-576,512
1,-9,46,-153,368,-576,512
1,-9,47,-161,376,-576,512
1,-9,47,-157,376,-576,512
1,-9,48,-163,384,-576,512
1,-9,48,-161,384,-576,512
1,-8,23,-47,184,-512,512
1,-8,27,-69,216,-512,512
1,-8,29,-81,232,-512,512
1,-8,29,-79,232,-512,512
1,-8,31,-91,248,-512,512
1,-8,31,-89,248,-512,512
1,-8,33,-103,264,-512,512
1,-8,33,-101,264,-512,512
1,-8,33,-99,264,-512,512
1,-8,35,-115,280,-512,512
1,-8,35,-113,280,-512,512
1,-8,35,-111,280,-512,512
1,-8,35,-109,280,-512,512
1,-8,35,-107,280,-512,512
1,-8,36,-115,288,-512,512
1,-8,37,-125,296,-512,512
1,-8,37,-123,296,-512,512
1,-8,37,-121,296,-512,512
1,-8,37,-119,296,-512,512
1,-8,37,-117,296,-512,512
1,-8,38,-129,304,-512,512
1,-8,39,-135,312,-512,512
1,-8,39,-133,312,-512,512
1,-8,39,-131,312,-512,512
1,-8,39,-129,312,-512,512
1,-8,39,-127,312,-512,512
1,-8,39,-125,312,-512,512
1,-8,40,-129,320,-512,512
1,-8,41,-137,328,-512,512
1,-8,41,-135,328,-512,512
1,-8,41,-133,328,-512,512
1,-8,43,-141,344,-512,512
1,-7,12,-1,96,-448,512
1,-7,16,-23,128,-448,512
1,-7,18,-35,144,-448,512
1,-7,18,-33,144,-448,512
1,-7,20,-45,160,-448,512
1,-7,20,-43,160,-448,512
1,-7,22,-57,176,-448,512
1,-7,22,-55,176,-448,512
1,-7,22,-53,176,-448,512
1,-7,23,-63,184,-448,512
1,-7,24,-69,192,-448,512
1,-7,24,-67,192,-448,512
1,-7,24,-65,192,-448,512
1,-7,24,-63,192,-448,512
1,-7,26,-79,208,-448,512
1,-7,26,-77,208,-448,512
1,-7,26,-75,208,-448,512
1,-7,26,-73,208,-448,512
1,-7,26,-71,208,-448,512
1,-7,28,-91,224,-448,512
1,-7,28,-89,224,-448,512
1,-7,28,-87,224,-448,512
1,-7,28,-85,224,-448,512
1,-7,28,-83,224,-448,512
1,-7,28,-81,224,-448,512
1,-7,30,-101,240,-448,512
1,-7,30,-99,240,-448,512
1,-7,30,-97,240,-448,512
1,-7,30,-95,240,-448,512
1,-7,30,-93,240,-448,512
1,-7,30,-91,240,-448,512
1,-7,30,-89,240,-448,512
1,-7,31,-95,248,-448,512
1,-7,32,-113,256,-448,512
1,-7,32,-111,256,-448,512
1,-7,32,-109,256,-448,512
1,-7,32,-107,256,-448,512
1,-7,32,-105,256,-448,512
1,-7,32,-103,256,-448,512
1,-7,32,-101,256,-448,512
1,-7,32,-99,256,-448,512
1,-7,32,-97,256,-448,512
1,-7,34,-115,272,-448,512
1,-7,34,-113,272,-448,512
1,-7,34,-111,272,-448,512
1,-7,34,-109,272,-448,512
1,-7,34,-107,272,-448,512
1,-7,34,-105,272,-448,512
1,-7,36,-117,288,-448,512
1,-7,36,-115,288,-448,512
1,-7,36,-113,288,-448,512
1,-7,38,-119,304,-448,512
1,-6,0,51,0,-384,512
1,-6,5,23,40,-384,512
1,-6,6,17,48,-384,512
1,-6,7,13,56,-384,512
1,-6,8,7,64,-384,512
1,-6,9,1,72,-384,512
1,-6,9,3,72,-384,512
1,-6,11,-11,88,-384,512
1,-6,11,-9,88,-384,512
1,-6,11,-7,88,-384,512
1,-6,12,-17,96,-384,512
1,-6,13,-21,104,-384,512
1,-6,13,-19,104,-384,512
1,-6,13,-17,104,-384,512
1,-6,15,-33,120,-384,512
1,-6,15,-31,120,-384,512
1,-6,15,-29,120,-384,512
1,-6,15,-27,120,-384,512
1,-6,15,-25,120,-384,512
1,-6,17,-45,136,-384,512
1,-6,17,-43,136,-384,512
1,-6,17,-41,136,-384,512
1,-6,17,-39,136,-384,512
1,-6,17,-37,136,-384,512
1,-6,17,-35,136,-384,512
1,-6,19,-55,152,-384,512
1,-6,19,-53,152,-384,512
1,-6,19,-51,152,-384,512
1,-6,19,-49,152,-384,512
1,-6,19,-47,152,-384,512
1,-6,19,-45,152,-384,512
1,-6,21,-67,168,-384,512
1,-6,21,-65,168,-384,512
1,-6,21,-63,168,-384,512
1,-6,21,-61,168,-384,512
1,-6,21,-59,168,-384,512
1,-6,21,-57,168,-384,512
1,-6,21,-55,168,-384,512
1,-6,21,-53,168,-384,512
1,-6,22,-65,176,-384,512
1,-6,23,-79,184,-384,512
1,-6,23,-77,184,-384,512
1,-6,23,-75,184,-384,512
1,-6,23,-73,184,-384,512
1,-6,23,-71,184,-384,512
1,-6,23,-69,184,-384,512
1,-6,23,-67,184,-384,512
1,-6,23,-65,184,-384,512
1,-6,23,-63,184,-384,512
1,-6,23,-61,184,-384,512
1,-6,24,-85,192,-384,512
1,-6,25,-89,200,-384,512
1,-6,25,-87,200,-384,512
1,-6,25,-85,200,-384,512
1,-6,25,-83,200,-384,512
1,-6,25,-81,200,-384,512
1,-6,25,-79,200,-384,512
1,-6,25,-77,200,-384,512
1,-6,25,-75,200,-384,512
1,-6,25,-73,200,-384,512
1,-6,25,-71,200,-384,512
1,-6,25,-69,200,-384,512
1,-6,26,-95,208,-384,512
1,-6,27,-95,216,-384,512
1,-6,27,-93,216,-384,512
1,-6,27,-91,216,-384,512
1,-6,27,-89,216,-384,512
1,-6,27,-87,216,-384,512
1,-6,27,-85,216,-384,512
1,-6,27,-83,216,-384,512
1,-6,27,-81,216,-384,512
1,-6,27,-79,216,-384,512
1,-6,27,-77,216,-384,512
1,-6,28,-89,224,-384,512
1,-6,28,-83,224,-384,512
1,-6,29,-97,232,-384,512
1,-6,29,-95,232,-384,512
1,-6,29,-93,232,-384,512
1,-6,29,-91,232,-384,512
1,-6,29,-89,232,-384,512
1,-6,29,-87,232,-384,512
1,-6,29,-85,232,-384,512
1,-6,29,-83,232,-384,512
1,-6,30,-95,240,-384,512
1,-6,31,-97,248,-384,512
1,-6,31,-95,248,-384,512
1,-6,31,-93,248,-384,512
1,-6,31,-91,248,-384,512
1,-6,33,-99,264,-384,512
1,-6,33,-97,264,-384,512
1,-5,-6,69,-48,-320,512
1,-5,-4,59,-32,-320,512
1,-5,-3,53,-24,-320,512
1,-5,-2,47,-16,-320,512
1,-5,-2,49,-16,-320,512
1,-5,0,35,0,-320,512
1,-5,0,37,0,-320,512
1,-5,0,39,0,-320,512
1,-5,2,25,16,-320,512
1,-5,2,27,16,-320,512
1,-5,2,29,16,-320,512
1,-5,3,23,24,-320,512
1,-5,4,13,32,-320,512
1,-5,4,15,32,-320,512
1,-5,4,17,32,-320,512
1,-5,4,19,32,-320,512
1,-5,6,1,48,-320,512
1,-5,6,3,48,-320,512
1,-5,6,5,48,-320,512
1,-5,6,7,48,-320,512
1,-5,6,9,48,-320,512
1,-5,6,11,48,-320,512
1,-5,7,-1,56,-320,512
1,-5,8,-9,64,-320,512
1,-5,8,-7,64,-320,512
1,-5,8,-5,64,-320,512
1,-5,8,-3,64,-320,512
1,-5,8,-1,64,-320,512
1,-5,8,1,64,-320,512
1,-5,9,-3,72,-320,512
1,-5,10,-21,80,-320,512
1,-5,10,-19,80,-320,512
1,-5,10,-17,80,-320,512
1,-5,10,-15,80,-320,512
1,-5,10,-13,80,-320,512
1,-5,10,-11,80,-320,512
1,-5,10,-9,80,-320,512
1,-5,10,-7,80,-320,512
1,-5,12,-33,96,-320,512
1,-5,12,-31,96,-320,512
1,-5,12,-29,96,-320,512
1,-5,12,-27,96,-320,512
1,-5,12,-25,96,-320,512
1,-5,12,-23,96,-320,512
1,-5,12,-21,96,-320,512
1,-5,12,-19,96,-320,512
1,-5,12,-17,96,-320,512
1,-5,14,-43,112,-320,512
1,-5,14,-41,112,-320,512
1,-5,14,-39,112,-320,512
1,-5,14,-37,112,-320,512
1,-5,14,-35,112,-320,512
1,-5,14,-33,112,-320,512
1,-5,14,-31,112,-320,512
1,-5,14,-29,112,-320,512
1,-5,14,-27,112,-320,512
1,-5,14,-25,112,-320,512
1,-5,16,-55,128,-320,512
1,-5,16,-53,128,-320,512
1,-5,16,-51,128,-320,512
1,-5,16,-49,128,-320,512
1,-5,16,-47,128,-320,512
1,-5,16,-45,128,-320,512
1,-5,16,-43,128,-320,512
1,-5,16,-41,128,-320,512
1,-5,16,-39,128,-320,512
1,-5,16,-37,128,-320,512
1,-5,16,-35,128,-320,512
1,-5,16,-33,128,-320,512
1,-5,18,-67,144,-320,512
1,-5,18,-65,144,-320,512
1,-5,18,-63,144,-320,512
1,-5,18,-61,144,-320,512
1,-5,18,-59,144,-320,512
1,-5,18,-57,144,-320,512
1,-5,18,-55,144,-320,512
1,-5,18,-53,144,-320,512
1,-5,18,-51,144,-320,512
1,-5,18,-49,144,-320,512
1,-5,18,-47,144,-320,512
1,-5,18,-45,144,-320,512
1,-5,18,-43,144,-320,512
1,-5,18,-41,144,-320,512
1,-5,20,-77,160,-320,512
1,-5,20,-75,160,-320,512
1,-5,20,-73,160,-320,512
1,-5,20,-71,160,-320,512
1,-5,20,-69,160,-320,512
1,-5,20,-67,160,-320,512
1,-5,20,-65,160,-320,512
1,-5,20,-63,160,-320,512
1,-5,20,-61,160,-320,512
1,-5,20,-59,160,-320,512
1,-5,20,-57,160,-320,512
1,-5,20,-55,160,-320,512
1,-5,20,-53,160,-320,512
1,-5,20,-51,160,-320,512
1,-5,20,-49,160,-320,512
1,-5,22,-79,176,-320,512
1,-5,22,-77,176,-320,512
1,-5,22,-75,176,-320,512
1,-5,22,-73,176,-320,512
1,-5,22,-71,176,-320,512
1,-5,22,-69,176,-320,512
1,-5,22,-67,176,-320,512
1,-5,22,-65,176,-320,512
1,-5,22,-63,176,-320,512
1,-5,22,-61,176,-320,512
1,-5,22,-59,176,-320,512
1,-5,22,-57,176,-320,512
1,-5,22,-55,176,-320,512
1,-5,24,-79,192,-320,512
1,-5,24,-77,192,-320,512
1,-5,24,-75,192,-320,512
1,-5,24,-73,192,-320,512
1,-5,24,-71,192,-320,512
1,-5,24,-69,192,-320,512
1,-5,24,-67,192,-320,512
1,-5,24,-65,192,-320,512
1,-5,24,-63,192,-320,512
1,-5,26,-79,208,-320,512
1,-5,26,-77,208,-320,512
1,-5,26,-75,208,-320,512
1,-5,26,-73,208,-320,512
1,-5,26,-71,208,-320,512
1,-5,26,-69,208,-320,512
1,-5,28,-79,224,-320,512
1,-5,28,-77,224,-320,512
1,-5,28,-75,224,-320,512
1,-5,29,-79,232,-320,512
1,-5,30,-81,240,-320,512
1,-4,-7,59,-56,-256,512
1,-4,-7,61,-56,-256,512
1,-4,-7,63,-56,-256,512
1,-4,-7,65,-56,-256,512
1,-4,-6,53,-48,-256,512
1,-4,-6,55,-48,-256,512
1,-4,-5,49,-40,-256,512
1,-4,-5,51,-40,-256,512
1,-4,-5,53,-40,-256,512
1,-4,-5,55,-40,-256,512
1,-4,-4,43,-32,-256,512
1,-4,-3,37,-24,-256,512
1,-4,-3,39,-24,-256,512
1,-4,-3,41,-24,-256,512
1,-4,-3,43,-24,-256,512
1,-4,-3,45,-24,-256,512
1,-4,-3,47,-24,-256,512
1,-4,-2,33,-16,-256,512
1,-4,-2,37,-16,-256,512
1,-4,-1,25,-8,-256,512
1,-4,-1,27,-8,-256,512
1,-4,-1,29,-8,-256,512
1,-4,-1,31,-8,-256,512
1,-4,-1,33,-8,-256,512
1,-4,-1,35,-8,-256,512
1,-4,-1,37,-8,-256,512
1,-4,1,15,8,-256,512
1,-4,1,17,8,-256,512
1,-4,1,19,8,-256,512
1,-4,1,21,8,-256,512
1,-4,1,23,8,-256,512
1,-4,1,25,8,-256,512
1,-4,1,27,8,-256,512
1,-4,1,29,8,-256,512
1,-4,2,25,16,-256,512
1,-4,3,3,24,-256,512
1,-4,3,5,24,-256,512
1,-4,3,7,24,-256,512
1,-4,3,9,24,-256,512
1,-4,3,11,24,-256,512
1,-4,3,13,24,-256,512
1,-4,3,15,24,-256,512
1,-4,3,17,24,-256,512
1,-4,3,19,24,-256,512
1,-4,4,13,32,-256,512
1,-4,5,-9,40,-256,512
1,-4,5,-7,40,-256,512
1,-4,5,-5,40,-256,512
1,-4,5,-3,40,-256,512
1,-4,5,-1,40,-256,512
1,-4,5,1,40,-256,512
1,-4,5,3,40,-256,512
1,-4,5,5,40,-256,512
1,-4,5,7,40,-256,512
1,-4,5,9,40,-256,512
1,-4,5,11,40,-256,512
1,-4,6,-11,48,-256,512
1,-4,7,-19,56,-256,512
1,-4,7,-17,56,-256,512
1,-4,7,-15,56,-256,512
1,-4,7,-13,56,-256,512
1,-4,7,-11,56,-256,512
1,-4,7,-9,56,-256,512
1,-4,7,-7,56,-256,512
1,-4,7,-5,56,-256,512
1,-4,7,-3,56,-256,512
1,-4,7,-1,56,-256,512
1,-4,7,1,56,-256,512
1,-4,7,3,56,-256,512
1,-4,8,-3,64,-256,512
1,-4,9,-31,72,-256,512
1,-4,9,-29,72,-256,512
1,-4,9,-27,72,-256,512
1,-4,9,-25,72,-256,512
1,-4,9,-23,72,-256,512
1,-4,9,-21,72,-256,512
1,-4,9,-19,72,-256,512
1,-4,9,-17,72,-256,512
1,-4,9,-15,72,-256,512
1,-4,9,-13,72,-256,512
1,-4,9,-11,72,-256,512
1,-4,9,-9,72,-256,512
1,-4,9,-7,72,-256,512
1,-4,9,-5,72,-256,512
1,-4,11,-43,88,-256,512
1,-4,11,-41,88,-256,512
1,-4,11,-39,88,-256,512
1,-4,11,-37,88,-256,512
1,-4,11,-35,88,-256,512
1,-4,11,-33,88,-256,512
1,-4,11,-31,88,-256,512
1,-4,11,-29,88,-256,512
1,-4,11,-27,88,-256,512
1,-4,11,-25,88,-256,512
1,-4,11,-23,88,-256,512
1,-4,11,-21,88,-256,512
1,-4,11,-19,88,-256,512
1,-4,11,-17,88,-256,512
1,-4,11,-15,88,-256,512
1,-4,11,-13,88,-256,512
1,-4,13,-53,104,-256,512
1,-4,13,-51,104,-256,512
1,-4,13,-49,104,-256,512
1,-4,13,-47,104,-256,512
1,-4,13,-45,104,-256,512
1,-4,13,-43,104,-256,512
1,-4,13,-41,104,-256,512
1,-4,13,-39,104,-256,512
1,-4,13,-37,104,-256,512
1,-4,13,-35,104,-256,512
1,-4,13,-33,104,-256,512
1,-4,13,-31,104,-256,512
1,-4,13,-29,104,-256,512
1,-4,13,-27,104,-256,512
1,-4,13,-25,104,-256,512
1,-4,13,-23,104,-256,512
1,-4,13,-21,104,-256,512
1,-4,15,-65,120,-256,512
1,-4,15,-63,120,-256,512
1,-4,15,-61,120,-256,512
1,-4,15,-59,120,-256,512
1,-4,15,-57,120,-256,512
1,-4,15,-55,120,-256,512
1,-4,15,-53,120,-256,512
1,-4,15,-51,120,-256,512
1,-4,15,-49,120,-256,512
1,-4,15,-47,120,-256,512
1,-4,15,-45,120,-256,512
1,-4,15,-43,120,-256,512
1,-4,15,-41,120,-256,512
1,-4,15,-39,120,-256,512
1,-4,15,-37,120,-256,512
1,-4,15,-35,120,-256,512
1,-4,15,-33,120,-256,512
1,-4,15,-31,120,-256,512
1,-4,15,-29,120,-256,512
1,-4,15,-27,120,-256,512
1,-4,17,-65,136,-256,512
1,-4,17,-63,136,-256,512
1,-4,17,-61,136,-256,512
1,-4,17,-59,136,-256,512
1,-4,17,-57,136,-256,512
1,-4,17,-55,136,-256,512
1,-4,17,-53,136,-256,512
1,-4,17,-51,136,-256,512
1,-4,17,-49,136,-256,512
1,-4,17,-47,136,-256,512
1,-4,17,-45,136,-256,512
1,-4,17,-43,136,-256,512
1,-4,17,-41,136,-256,512
1,-4,17,-39,136,-256,512
1,-4,17,-37,136,-256,512
1,-4,17,-35,136,-256,512
1,-4,19,-65,152,-256,512
1,-4,19,-63,152,-256,512
1,-4,19,-61,152,-256,512
1,-4,19,-59,152,-256,512
1,-4,19,-57,152,-256,512
1,-4,19,-55,152,-256,512
1,-4,19,-53,152,-256,512
1,-4,19,-51,152,-256,512
1,-4,19,-49,152,-256,512
1,-4,19,-47,152,-256,512
1,-4,19,-45,152,-256,512
1,-4,19,-43,152,-256,512
1,-4,19,-41,152,-256,512
1,-4,21,-63,168,-256,512
1,-4,21,-61,168,-256,512
1,-4,21,-59,168,-256,512
1,-4,21,-57,168,-256,512
1,-4,21,-55,168,-256,512
1,-4,21,-53,168,-256,512
1,-4,21,-51,168,-256,512
1,-4,21,-49,168,-256,512
1,-4,21,-47,168,-256,512
1,-4,23,-63,184,-256,512
1,-4,23,-61,184,-256,512
1,-4,23,-59,184,-256,512
1,-4,23,-57,184,-256,512
1,-4,23,-55,184,-256,512
1,-4,23,-53,184,-256,512
1,-4,25,-63,200,-256,512
1,-4,25,-61,200,-256,512
1,-4,25,-59,200,-256,512
1,-4,27,-63,216,-256,512
1,-3,-7,43,-56,-192,512
1,-3,-7,51,-56,-192,512
1,-3,-7,53,-56,-192,512
1,-3,-6,37,-48,-192,512
1,-3,-6,39,-48,-192,512
1,-3,-6,41,-48,-192,512
1,-3,-6,43,-48,-192,512
1,-3,-6,45,-48,-192,512
1,-3,-6,47,-48,-192,512
1,-3,-6,49,-48,-192,512
1,-3,-6,51,-48,-192,512
1,-3,-6,53,-48,-192,512
1,-3,-6,55,-48,-192,512
1,-3,-5,33,-40,-192,512
1,-3,-5,41,-40,-192,512
1,-3,-5,49,-40,-192,512
1,-3,-4,27,-32,-192,512
1,-3,-4,29,-32,-192,512
1,-3,-4,31,-32,-192,512
1,-3,-4,33,-32,-192,512
1,-3,-4,35,-32,-192,512
1,-3,-4,37,-32,-192,512
1,-3,-4,39,-32,-192,512
1,-3,-4,41,-32,-192,512
1,-3,-4,43,-32,-192,512
1,-3,-4,45,-32,-192,512
1,-3,-4,47,-32,-192,512
1,-3,-3,27,-24,-192,512
1,-3,-3,43,-24,-192,512
1,-3,-2,15,-16,-192,512
1,-3,-2,17,-16,-192,512
1,-3,-2,19,-16,-192,512
1,-3,-2,21,-16,-192,512
1,-3,-2,23,-16,-192,512
1,-3,-2,25,-16,-192,512
1,-3,-2,27,-16,-192,512
1,-3,-2,29,-16,-192,512
1,-3,-2,31,-16,-192,512
1,-3,-2,33,-16,-192,512
1,-3,-2,35,-16,-192,512
1,-3,-2,37,-16,-192,512
1,-3,-2,39,-16,-192,512
1,-3,-1,9,-8,-192,512
1,-3,0,3,0,-192,512
1,-3,0,5,0,-192,512
1,-3,0,7,0,-192,512
1,-3,0,9,0,-192,512
1,-3,0,11,0,-192,512
1,-3,0,13,0,-192,512
1,-3,0,15,0,-192,512
1,-3,0,17,0,-192,512
1,-3,0,19,0,-192,512
1,-3,0,21,0,-192,512
1,-3,0,23,0,-192,512
1,-3,0,25,0,-192,512
1,-3,0,27,0,-192,512
1,-3,0,29,0,-192,512
1,-3,0,31,0,-192,512
1,-3,2,-7,16,-192,512
1,-3,2,-5,16,-192,512
1,-3,2,-3,16,-192,512
1,-3,2,-1,16,-192,512
1,-3,2,1,16,-192,512
1,-3,2,3,16,-192,512
1,-3,2,5,16,-192,512
1,-3,2,7,16,-192,512
1,-3,2,9,16,-192,512
1,-3,2,11,16,-192,512
1,-3,2,13,16,-192,512
1,-3,2,15,16,-192,512
1,-3,2,17,16,-192,512
1,-3,2,19,16,-192,512
1,-3,2,21,16,-192,512
1,-3,2,23,16,-192,512
1,-3,3,13,24,-192,512
1,-3,4,-19,32,-192,512
1,-3,4,-17,32,-192,512
1,-3,4,-15,32,-192,512
1,-3,4,-13,32,-192,512
1,-3,4,-11,32,-192,512
1,-3,4,-9,32,-192,512
1,-3,4,-7,32,-192,512
1,-3,4,-5,32,-192,512
1,-3,4,-3,32,-192,512
1,-3,4,-1,32,-192,512
1,-3,4,1,32,-192,512
1,-3,4,3,32,-192,512
1,-3,4,5,32,-192,512
1,-3,4,7,32,-192,512
1,-3,4,9,32,-192,512
1,-3,4,11,32,-192,512
1,-3,4,13,32,-192,512
1,-3,4,15,32,-192,512
1,-3,6,-31,48,-192,512
1,-3,6,-29,48,-192,512
1,-3,6,-27,48,-192,512
1,-3,6,-25,48,-192,512
1,-3,6,-23,48,-192,512
1,-3,6,-21,48,-192,512
1,-3,6,-19,48,-192,512
1,-3,6,-17,48,-192,512
1,-3,6,-15,48,-192,512
1,-3,6,-13,48,-192,512
1,-3,6,-11,48,-192,512
1,-3,6,-9,48,-192,512
1,-3,6,-7,48,-192,512
1,-3,6,-5,48,-192,512
1,-3,6,-3,48,-192,512
1,-3,6,-1,48,-192,512
1,-3,6,1,48,-192,512
1,-3,6,3,48,-192,512
1,-3,6,5,48,-192,512
1,-3,6,7,48,-192,512
1,-3,6,9,48,-192,512
1,-3,8,-41,64,-192,512
1,-3,8,-39,64,-192,512
1,-3,8,-37,64,-192,512
1,-3,8,-35,64,-192,512
1,-3,8,-33,64,-192,512
1,-3,8,-31,64,-192,512
1,-3,8,-29,64,-192,512
1,-3,8,-27,64,-192,512
1,-3,8,-25,64,-192,512
1,-3,8,-23,64,-192,512
1,-3,8,-21,64,-192,512
1,-3,8,-19,64,-192,512
1,-3,8,-17,64,-192,512
1,-3,8,-15,64,-192,512
1,-3,8,-13,64,-192,512
1,-3,8,-11,64,-192,512
1,-3,8,-9,64,-192,512
1,-3,8,-7,64,-192,512
1,-3,8,-5,64,-192,512
1,-3,8,-3,64,-192,512
1,-3,8,-1,64,-192,512
1,-3,8,1,64,-192,512
1,-3,10,-53,80,-192,512
1,-3,10,-51,80,-192,512
1,-3,10,-49,80,-192,512
1,-3,10,-47,80,-192,512
1,-3,10,-45,80,-192,512
1,-3,10,-43,80,-192,512
1,-3,10,-41,80,-192,512
1,-3,10,-39,80,-192,512
1,-3,10,-37,80,-192,512
1,-3,10,-35,80,-192,512
1,-3,10,-33,80,-192,512
1,-3,10,-31,80,-192,512
1,-3,10,-29,80,-192,512
1,-3,10,-27,80,-192,512
1,-3,10,-25,80,-192,512
1,-3,10,-23,80,-192,512
1,-3,10,-21,80,-192,512
1,-3,10,-19,80,-192,512
1,-3,10,-17,80,-192,512
1,-3,10,-15,80,-192,512
1,-3,10,-13,80,-192,512
1,-3,10,-11,80,-192,512
1,-3,10,-9,80,-192,512
1,-3,10,-7,80,-192,512
1,-3,12,-55,96,-192,512
1,-3,12,-53,96,-192,512
1,-3,12,-51,96,-192,512
1,-3,12,-49,96,-192,512
1,-3,12,-47,96,-192,512
1,-3,12,-45,96,-192,512
1,-3,12,-43,96,-192,512
1,-3,12,-41,96,-192,512
1,-3,12,-39,96,-192,512
1,-3,12,-37,96,-192,512
1,-3,12,-35,96,-192,512
1,-3,12,-33,96,-192,512
1,-3,12,-31,96,-192,512
1,-3,12,-29,96,-192,512
1,-3,12,-27,96,-192,512
1,-3,12,-25,96,-192,512
1,-3,12,-23,96,-192,512
1,-3,12,-21,96,-192,512
1,-3,12,-19,96,-192,512
1,-3,12,-17,96,-192,512
1,-3,12,-15,96,-192,512
1,-3,12,-13,96,-192,512
1,-3,14,-53,112,-192,512
1,-3,14,-51,112,-192,512
1,-3,14,-49,112,-192,512
1,-3,14,-47,112,-192,512
1,-3,14,-45,112,-192,512
1,-3,14,-43,112,-192,512
1,-3,14,-41,112,-192,512
1,-3,14,-39,112,-192,512
1,-3,14,-37,112,-192,512
1,-3,14,-35,112,-192,512
1,-3,14,-33,112,-192,512
1,-3,14,-31,112,-192,512
1,-3,14,-29,112,-192,512
1,-3,14,-27,112,-192,512
1,-3,14,-25,112,-192,512
1,-3,14,-23,112,-192,512
1,-3,14,-21,112,-192,512
1,-3,14,-19,112,-192,512
1,-3,16,-51,128,-192,512
1,-3,16,-49,128,-192,512
1,-3,16,-47,128,-192,512
1,-3,16,-45,128,-192,512
1,-3,16,-43,128,-192,512
1,-3,16,-41,128,-192,512
1,-3,16,-39,128,-192,512
1,-3,16,-37,128,-192,512
1,-3,16,-35,128,-192,512
1,-3,16,-33,128,-192,512
1,-3,16,-31,128,-192,512
1,-3,16,-29,128,-192,512
1,-3,16,-27,128,-192,512
1,-3,16,-25,128,-192,512
1,-3,18,-49,144,-192,512
1,-3,18,-47,144,-192,512
1,-3,18,-45,144,-192,512
1,-3,18,-43,144,-192,512
1,-3,18,-41,144,-192,512
1,-3,18,-39,144,-192,512
1,-3,18,-37,144,-192,512
1,-3,18,-35,144,-192,512
1,-3,18,-33,144,-192,512
1,-3,18,-31,144,-192,512
1,-3,19,-47,152,-192,512
1,-3,20,-49,160,-192,512
1,-3,20,-47,160,-192,512
1,-3,20,-45,160,-192,512
1,-3,20,-43,160,-192,512
1,-3,20,-41,160,-192,512
1,-3,20,-39,160,-192,512
1,-3,20,-37,160,-192,512
1,-3,20,-35,160,-192,512
1,-3,22,-47,176,-192,512
1,-3,22,-45,176,-192,512
1,-3,22,-43,176,-192,512
1,-3,22,-41,176,-192,512
1,-3,24,-47,192,-192,512
1,-3,24,-45,192,-192,512
1,-2,-7,27,-56,-128,512
1,-2,-7,29,-56,-128,512
1,-2,-7,31,-56,-128,512
1,-2,-7,33,-56,-128,512
1,-2,-7,35,-56,-128,512
1,-2,-7,37,-56,-128,512
1,-2,-6,25,-48,-128,512
1,-2,-6,33,-48,-128,512
1,-2,-6,35,-48,-128,512
1,-2,-6,37,-48,-128,512
1,-2,-5,17,-40,-128,512
1,-2,-5,19,-40,-128,512
1,-2,-5,21,-40,-128,512
1,-2,-5,23,-40,-128,512
1,-2,-5,25,-40,-128,512
1,-2,-5,27,-40,-128,512
1,-2,-5,29,-40,-128,512
1,-2,-5,31,-40,-128,512
1,-2,-5,33,-40,-128,512
1,-2,-5,35,-40,-128,512
1,-2,-5,37,-40,-128,512
1,-2,-5,39,-40,-128,512
1,-2,-5,41,-40,-128,512
1,-2,-5,43,-40,-128,512
1,-2,-5,45,-40,-128,512
1,-2,-5,47,-40,-128,512
1,-2,-4,45,-32,-128,512
1,-2,-3,5,-24,-128,512
1,-2,-3,7,-24,-128,512
1,-2,-3,9,-24,-128,512
1,-2,-3,11,-24,-128,512
1,-2,-3,13,-24,-128,512
1,-2,-3,15,-24,-128,512
1,-2,-3,17,-24,-128,512
1,-2,-3,19,-24,-128,512
1,-2,-3,21,-24,-128,512
1,-2,-3,23,-24,-128,512
1,-2,-3,25,-24,-128,512
1,-2,-3,27,-24,-128,512
1,-2,-3,29,-24,-128,512
1,-2,-3,31,-24,-128,512
1,-2,-3,33,-24,-128,512
1,-2,-3,35,-24,-128,512
1,-2,-3,37,-24,-128,512
1,-2,-3,39,-24,-128,512
1,-2,-3,41,-24,-128,512
1,-2,-3,43,-24,-128,512
1,-2,-1,-7,-8,-128,512
1,-2,-1,-5,-8,-128,512
1,-2,-1,-3,-8,-128,512
1,-2,-1,-1,-8,-128,512
1,-2,-1,1,-8,-128,512
1,-2,-1,3,-8,-128,512
1,-2,-1,5,-8,-128,512
1,-2,-1,7,-8,-128,512
1,-2,-1,9,-8,-128,512
1,-2,-1,11,-8,-128,512
1,-2,-1,13,-8,-128,512
1,-2,-1,15,-8,-128,512
1,-2,-1,17,-8,-128,512
1,-2,-1,19,-8,-128,512
1,-2,-1,21,-8,-128,512
1,-2,-1,23,-8,-128,512
1,-2,-1,25,-8,-128,512
1,-2,-1,27,-8,-128,512
1,-2,-1,29,-8,-128,512
1,-2,-1,31,-8,-128,512
1,-2,-1,33,-8,-128,512
1,-2,-1,35,-8,-128,512
1,-2,-1,37,-8,-128,512
1,-2,1,-17,8,-128,512
1,-2,1,-15,8,-128,512
1,-2,1,-13,8,-128,512
1,-2,1,-11,8,-128,512
1,-2,1,-9,8,-128,512
1,-2,1,-7,8,-128,512
1,-2,1,-5,8,-128,512
1,-2,1,-3,8,-128,512
1,-2,1,-1,8,-128,512
1,-2,1,1,8,-128,512
1,-2,1,3,8,-128,512
1,-2,1,5,8,-128,512
1,-2,1,7,8,-128,512
1,-2,1,9,8,-128,512
1,-2,1,11,8,-128,512
1,-2,1,13,8,-128,512
1,-2,1,15,8,-128,512
1,-2,1,17,8,-128,512
1,-2,1,19,8,-128,512
1,-2,1,21,8,-128,512
1,-2,1,23,8,-128,512
1,-2,1,25,8,-128,512
1,-2,1,27,8,-128,512
1,-2,1,29,8,-128,512
1,-2,3,-29,24,-128,512
1,-2,3,-27,24,-128,512
1,-2,3,-25,24,-128,512
1,-2,3,-23,24,-128,512
1,-2,3,-21,24,-128,512
1,-2,3,-19,24,-128,512
1,-2,3,-17,24,-128,512
1,-2,3,-15,24,-128,512
1,-2,3,-13,24,-128,512
1,-2,3,-11,24,-128,512
1,-2,3,-9,24,-128,512
1,-2,3,-7,24,-128,512
1,-2,3,-5,24,-128,512
1,-2,3,-3,24,-128,512
1,-2,3,-1,24,-128,512
1,-2,3,1,24,-128,512
1,-2,3,3,24,-128,512
1,-2,3,5,24,-128,512
1,-2,3,7,24,-128,512
1,-2,3,9,24,-128,512
1,-2,3,11,24,-128,512
1,-2,3,13,24,-128,512
1,-2,3,15,24,-128,512
1,-2,3,17,24,-128,512
1,-2,3,19,24,-128,512
1,-2,3,21,24,-128,512
1,-2,3,23,24,-128,512
1,-2,5,-41,40,-128,512
1,-2,5,-39,40,-128,512
1,-2,5,-37,40,-128,512
1,-2,5,-35,40,-128,512
1,-2,5,-33,40,-128,512
1,-2,5,-31,40,-128,512
1,-2,5,-29,40,-128,512
1,-2,5,-27,40,-128,512
1,-2,5,-25,40,-128,512
1,-2,5,-23,40,-128,512
1,-2,5,-21,40,-128,512
1,-2,5,-19,40,-128,512
1,-2,5,-17,40,-128,512
1,-2,5,-15,40,-128,512
1,-2,5,-13,40,-128,512
1,-2,5,-11,40,-128,512
1,-2,5,-9,40,-128,512
1,-2,5,-7,40,-128,512
1,-2,5,-5,40,-128,512
1,-2,5,-3,40,-128,512
1,-2,5,-1,40,-128,512
1,-2,5,1,40,-128,512
1,-2,5,3,40,-128,512
1,-2,5,5,40,-128,512
1,-2,5,7,40,-128,512
1,-2,5,9,40,-128,512
1,-2,5,11,40,-128,512
1,-2,5,13,40,-128,512
1,-2,5,15,40,-128,512
1,-2,6,-43,48,-128,512
1,-2,7,-49,56,-128,512
1,-2,7,-47,56,-128,512
1,-2,7,-45,56,-128,512
1,-2,7,-43,56,-128,512
1,-2,7,-41,56,-128,512
1,-2,7,-39,56,-128,512
1,-2,7,-37,56,-128,512
1,-2,7,-35,56,-128,512
1,-2,7,-33,56,-128,512
1,-2,7,-31,56,-128,512
1,-2,7,-29,56,-128,512
1,-2,7,-27,56,-128,512
1,-2,7,-25,56,-128,512
1,-2,7,-23,56,-128,512
1,-2,7,-21,56,-128,512
1,-2,7,-19,56,-128,512
1,-2,7,-17,56,-128,512
1,-2,7,-15,56,-128,512
1,-2,7,-13,56,-128,512
1,-2,7,-11,56,-128,512
1,-2,7,-9,56,-128,512
1,-2,7,-7,56,-128,512
1,-2,7,-5,56,-128,512
1,-2,7,-3,56,-128,512
1,-2,7,-1,56,-128,512
1,-2,7,1,56,-128,512
1,-2,7,3,56,-128,512
1,-2,7,5,56,-128,512
1,-2,7,7,56,-128,512
1,-2,7,9,56,-128,512
1,-2,9,-45,72,-128,512
1,-2,9,-43,72,-128,512
1,-2,9,-41,72,-128,512
1,-2,9,-39,72,-128,512
1,-2,9,-37,72,-128,512
1,-2,9,-35,72,-128,512
1,-2,9,-33,72,-128,512
1,-2,9,-31,72,-128,512
1,-2,9,-29,72,-128,512
1,-2,9,-27,72,-128,512
1,-2,9,-25,72,-128,512
1,-2,9,-23,72,-128,512
1,-2,9,-21,72,-128,512
1,-2,9,-19,72,-128,512
1,-2,9,-17,72,-128,512
1,-2,9,-15,72,-128,512
1,-2,9,-13,72,-128,512
1,-2,9,-11,72,-128,512
1,-2,9,-9,72,-128,512
1,-2,9,-7,72,-128,512
1,-2,9,-5,72,-128,512
1,-2,9,-3,72,-128,512
1,-2,9,-1,72,-128,512
1,-2,9,1,72,-128,512
1,-2,9,3,72,-128,512
1,-2,11,-43,88,-128,512
1,-2,11,-41,88,-128,512
1,-2,11,-39,88,-128,512
1,-2,11,-37,88,-128,512
1,-2,11,-35,88,-128,512
1,-2,11,-33,88,-128,512
1,-2,11,-31,88,-128,512
1,-2,11,-29,88,-128,512
1,-2,11,-27,88,-128,512
1,-2,11,-25,88,-128,512
1,-2,11,-23,88,-128,512
1,-2,11,-21,88,-128,512
1,-2,11,-19,88,-128,512
1,-2,11,-17,88,-128,512
1,-2,11,-15,88,-128,512
1,-2,11,-13,88,-128,512
1,-2,11,-11,88,-128,512
1,-2,11,-9,88,-128,512
1,-2,11,-7,88,-128,512
1,-2,11,-5,88,-128,512
1,-2,11,-3,88,-128,512
1,-2,13,-39,104,-128,512
1,-2,13,-37,104,-128,512
1,-2,13,-35,104,-128,512
1,-2,13,-33,104,-128,512
1,-2,13,-31,104,-128,512
1,-2,13,-29,104,-128,512
1,-2,13,-27,104,-128,512
1,-2,13,-25,104,-128,512
1,-2,13,-23,104,-128,512
1,-2,13,-21,104,-128,512
1,-2,13,-19,104,-128,512
1,-2,13,-17,104,-128,512
1,-2,13,-15,104,-128,512
1,-2,13,-13,104,-128,512
1,-2,13,-11,104,-128,512
1,-2,13,-9,104,-128,512
1,-2,15,-37,120,-128,512
1,-2,15,-35,120,-128,512
1,-2,15,-33,120,-128,512
1,-2,15,-31,120,-128,512
1,-2,15,-29,120,-128,512
1,-2,15,-27,120,-128,512
1,-2,15,-25,120,-128,512
1,-2,15,-23,120,-128,512
1,-2,15,-21,120,-128,512
1,-2,15,-19,120,-128,512
1,-2,15,-17,120,-128,512
1,-2,15,-15,120,-128,512
1,-2,15,-13,120,-128,512
1,-2,17,-35,136,-128,512
1,-2,17,-33,136,-128,512
1,-2,17,-31,136,-128,512
1,-2,17,-29,136,-128,512
1,-2,17,-27,136,-128,512
1,-2,17,-25,136,-128,512
1,-2,17,-23,136,-128,512
1,-2,17,-21,136,-128,512
1,-2,17,-19,136,-128,512
1,-2,19,-33,152,-128,512
1,-2,19,-31,152,-128,512
1,-2,19,-29,152,-128,512
1,-2,19,-27,152,-128,512
1,-2,19,-25,152,-128,512
1,-2,19,-23,152,-128,512
1,-2,21,-31,168,-128,512
1,-2,21,-29,168,-128,512
1,-2,21,-27,168,-128,512
1,-2,23,-31,184,-128,512
1,-1,-7,21,-56,-64,512
1,-1,-6,5,-48,-64,512
1,-1,-6,7,-48,-64,512
1,-1,-6,9,-48,-64,512
1,-1,-6,11,-48,-64,512
1,-1,-6,13,-48,-64,512
1,-1,-6,15,-48,-64,512
1,-1,-6,17,-48,-64,512
1,-1,-6,19,-48,-64,512
1,-1,-6,21,-48,-64,512
1,-1,-6,23,-48,-64,512
1,-1,-6,25,-48,-64,512
1,-1,-6,27,-48,-64,512
1,-1,-5,19,-40,-64,512
1,-1,-4,-5,-32,-64,512
1,-1,-4,-3,-32,-64,512
1,-1,-4,-1,-32,-64,512
1,-1,-4,1,-32,-64,512
1,-1,-4,3,-32,-64,512
1,-1,-4,5,-32,-64,512
1,-1,-4,7,-32,-64,512
1,-1,-4,9,-32,-64,512
1,-1,-4,11,-32,-64,512
1,-1,-4,13,-32,-64,512
1,-1,-4,15,-32,-64,512
1,-1,-4,17,-32,-64,512
1,-1,-4,19,-32,-64,512
1,-1,-4,21,-32,-64,512
1,-1,-4,23,-32,-64,512
1,-1,-4,25,-32,-64,512
1,-1,-4,27,-32,-64,512
1,-1,-4,29,-32,-64,512
1,-1,-4,31,-32,-64,512
1,-1,-4,33,-32,-64,512
1,-1,-4,35,-32,-64,512
1,-1,-4,37,-32,-64,512
1,-1,-3,-11,-24,-64,512
1,-1,-3,37,-24,-64,512
1,-1,-2,-17,-16,-64,512
1,-1,-2,-15,-16,-64,512
1,-1,-2,-13,-16,-64,512
1,-1,-2,-11,-16,-64,512
1,-1,-2,-9,-16,-64,512
1,-1,-2,-7,-16,-64,512
1,-1,-2,-5,-16,-64,512
1,-1,-2,-3,-16,-64,512
1,-1,-2,-1,-16,-64,512
1,-1,-2,1,-16,-64,512
1,-1,-2,3,-16,-64,512
1,-1,-2,5,-16,-64,512
1,-1,-2,7,-16,-64,512
1,-1,-2,9,-16,-64,512
1,-1,-2,11,-16,-64,512
1,-1,-2,13,-16,-64,512
1,-1,-2,15,-16,-64,512
1,-1,-2,17,-16,-64,512
1,-1,-2,19,-16,-64,512
1,-1,-2,21,-16,-64,512
1,-1,-2,23,-16,-64,512
1,-1,-2,25,-16,-64,512
1,-1,-2,27,-16,-64,512
1,-1,-2,29,-16,-64,512
1,-1,-2,31,-16,-64,512
1,-1,-2,33,-16,-64,512
1,-1,-2,35,-16,-64,512
1,-1,-2,37,-16,-64,512
1,-1,-2,39,-16,-64,512
1,-1,-2,41,-16,-64,512
1,-1,-2,43,-16,-64,512
1,-1,-1,-17,-8,-64,512
1,-1,-1,39,-8,-64,512
1,-1,0,-29,0,-64,512
1,-1,0,-27,0,-64,512
1,-1,0,-25,0,-64,512
1,-1,0,-23,0,-64,512
1,-1,0,-21,0,-64,512
1,-1,0,-19,0,-64,512
1,-1,0,-17,0,-64,512
1,-1,0,-15,0,-64,512
1,-1,0,-13,0,-64,512
1,-1,0,-11,0,-64,512
1,-1,0,-9,0,-64,512
1,-1,0,-7,0,-64,512
1,-1,0,-5,0,-64,512
1,-1,0,-3,0,-64,512
1,-1,0,-1,0,-64,512
1,-1,0,1,0,-64,512
1,-1,0,3,0,-64,512
1,-1,0,5,0,-64,512
1,-1,0,7,0,-64,512
1,-1,0,9,0,-64,512
1,-1,0,11,0,-64,512
1,-1,0,13,0,-64,512
1,-1,0,15,0,-64,512
1,-1,0,17,0,-64,512
1,-1,0,19,0,-64,512
1,-1,0,21,0,-64,512
1,-1,0,23,0,-64,512
1,-1,0,25,0,-64,512
1,-1,0,27,0,-64,512
1,-1,0,29,0,-64,512
1,-1,0,31,0,-64,512
1,-1,0,33,0,-64,512
1,-1,0,35,0,-64,512
1,-1,0,37,0,-64,512
1,-1,2,-39,16,-64,512
1,-1,2,-37,16,-64,512
1,-1,2,-35,16,-64,512
1,-1,2,-33,16,-64,512
1,-1,2,-31,16,-64,512
1,-1,2,-29,16,-64,512
1,-1,2,-27,16,-64,512
1,-1,2,-25,16,-64,512
1,-1,2,-23,16,-64,512
1,-1,2,-21,16,-64,512
1,-1,2,-19,16,-64,512
1,-1,2,-17,16,-64,512
1,-1,2,-15,16,-64,512
1,-1,2,-13,16,-64,512
1,-1,2,-11,16,-64,512
1,-1,2,-9,16,-64,512
1,-1,2,-7,16,-64,512
1,-1,2,-5,16,-64,512
1,-1,2,-3,16,-64,512
1,-1,2,-1,16,-64,512
1,-1,2,1,16,-64,512
1,-1,2,3,16,-64,512
1,-1,2,5,16,-64,512
1,-1,2,7,16,-64,512
1,-1,2,9,16,-64,512
1,-1,2,11,16,-64,512
1,-1,2,13,16,-64,512
1,-1,2,15,16,-64,512
1,-1,2,17,16,-64,512
1,-1,2,19,16,-64,512
1,-1,2,21,16,-64,512
1,-1,2,23,16,-64,512
1,-1,2,25,16,-64,512
1,-1,2,27,16,-64,512
1,-1,2,29,16,-64,512
1,-1,2,31,16,-64,512
1,-1,3,-29,24,-64,512
1,-1,4,-43,32,-64,512
1,-1,4,-41,32,-64,512
1,-1,4,-39,32,-64,512
1,-1,4,-37,32,-64,512
1,-1,4,-35,32,-64,512
1,-1,4,-33,32,-64,512
1,-1,4,-31,32,-64,512
1,-1,4,-29,32,-64,512
1,-1,4,-27,32,-64,512
1,-1,4,-25,32,-64,512
1,-1,4,-23,32,-64,512
1,-1,4,-21,32,-64,512
1,-1,4,-19,32,-64,512
1,-1,4,-17,32,-64,512
1,-1,4,-15,32,-64,512
1,-1,4,-13,32,-64,512
1,-1,4,-11,32,-64,512
1,-1,4,-9,32,-64,512
1,-1,4,-7,32,-64,512
1,-1,4,-5,32,-64,512
1,-1,4,-3,32,-64,512
1,-1,4,-1,32,-64,512
1,-1,4,1,32,-64,512
1,-1,4,3,32,-64,512
1,-1,4,5,32,-64,512
1,-1,4,7,32,-64,512
1,-1,4,9,32,-64,512
1,-1,4,11,32,-64,512
1,-1,4,13,32,-64,512
1,-1,4,15,32,-64,512
1,-1,4,17,32,-64,512
1,-1,4,19,32,-64,512
1,-1,4,21,32,-64,512
1,-1,4,23,32,-64,512
1,-1,4,25,32,-64,512
1,-1,6,-39,48,-64,512
1,-1,6,-37,48,-64,512
1,-1,6,-35,48,-64,512
1,-1,6,-33,48,-64,512
1,-1,6,-31,48,-64,512
1,-1,6,-29,48,-64,512
1,-1,6,-27,48,-64,512
1,-1,6,-25,48,-64,512
1,-1,6,-23,48,-64,512
1,-1,6,-21,48,-64,512
1,-1,6,-19,48,-64,512
1,-1,6,-17,48,-64,512
1,-1,6,-15,48,-64,512
1,-1,6,-13,48,-64,512
1,-1,6,-11,48,-64,512
1,-1,6,-9,48,-64,512
1,-1,6,-7,48,-64,512
1,-1,6,-5,48,-64,512
1,-1,6,-3,48,-64,512
1,-1,6,-1,48,-64,512
1,-1,6,1,48,-64,512
1,-1,6,3,48,-64,512
1,-1,6,5,48,-64,512
1,-1,6,7,48,-64,512
1,-1,6,9,48,-64,512
1,-1,6,11,48,-64,512
1,-1,6,13,48,-64,512
1,-1,6,15,48,-64,512
1,-1,6,17,48,-64,512
1,-1,6,19,48,-64,512
1,-1,8,-35,64,-64,512
1,-1,8,-33,64,-64,512
1,-1,8,-31,64,-64,512
1,-1,8,-29,64,-64,512
1,-1,8,-27,64,-64,512
1,-1,8,-25,64,-64,512
1,-1,8,-23,64,-64,512
1,-1,8,-21,64,-64,512
1,-1,8,-19,64,-64,512
1,-1,8,-17,64,-64,512
1,-1,8,-15,64,-64,512
1,-1,8,-13,64,-64,512
1,-1,8,-11,64,-64,512
1,-1,8,-9,64,-64,512
1,-1,8,-7,64,-64,512
1,-1,8,-5,64,-64,512
1,-1,8,-3,64,-64,512
1,-1,8,-1,64,-64,512
1,-1,8,1,64,-64,512
1,-1,8,3,64,-64,512
1,-1,8,5,64,-64,512
1,-1,8,7,64,-64,512
1,-1,8,9,64,-64,512
1,-1,8,11,64,-64,512
1,-1,8,13,64,-64,512
1,-1,9,-3,72,-64,512
1,-1,10,-31,80,-64,512
1,-1,10,-29,80,-64,512
1,-1,10,-27,80,-64,512
1,-1,10,-25,80,-64,512
1,-1,10,-23,80,-64,512
1,-1,10,-21,80,-64,512
1,-1,10,-19,80,-64,512
1,-1,10,-17,80,-64,512
1,-1,10,-15,80,-64,512
1,-1,10,-13,80,-64,512
1,-1,10,-11,80,-64,512
1,-1,10,-9,80,-64,512
1,-1,10,-7,80,-64,512
1,-1,10,-5,80,-64,512
1,-1,10,-3,80,-64,512
1,-1,10,-1,80,-64,512
1,-1,10,1,80,-64,512
1,-1,10,3,80,-64,512
1,-1,10,5,80,-64,512
1,-1,10,7,80,-64,512
1,-1,10,9,80,-64,512
1,-1,12,-27,96,-64,512
1,-1,12,-25,96,-64,512
1,-1,12,-23,96,-64,512
1,-1,12,-21,96,-64,512
1,-1,12,-19,96,-64,512
1,-1,12,-17,96,-64,512
1,-1,12,-15,96,-64,512
1,-1,12,-13,96,-64,512
1,-1,12,-11,96,-64,512
1,-1,12,-9,96,-64,512
1,-1,12,-7,96,-64,512
1,-1,12,-5,96,-64,512
1,-1,12,-3,96,-64,512
1,-1,12,-1,96,-64,512
1,-1,12,1,96,-64,512
1,-1,12,3,96,-64,512
1,-1,13,1,104,-64,512
1,-1,14,-25,112,-64,512
1,-1,14,-23,112,-64,512
1,-1,14,-21,112,-64,512
1,-1,14,-19,112,-64,512
1,-1,14,-17,112,-64,512
1,-1,14,-15,112,-64,512
1,-1,14,-13,112,-64,512
1,-1,14,-11,112,-64,512
1,-1,14,-9,112,-64,512
1,-1,14,-7,112,-64,512
1,-1,14,-5,112,-64,512
1,-1,14,-3,112,-64,512
1,-1,14,-1,112,-64,512
1,-1,16,-21,128,-64,512
1,-1,16,-19,128,-64,512
1,-1,16,-17,128,-64,512
1,-1,16,-15,128,-64,512
1,-1,16,-13,128,-64,512
1,-1,16,-11,128,-64,512
1,-1,16,-9,128,-64,512
1,-1,16,-7,128,-64,512
1,-1,16,-5,128,-64,512
1,-1,18,-19,144,-64,512
1,-1,18,-17,144,-64,512
1,-1,18,-15,144,-64,512
1,-1,18,-13,144,-64,512
1,-1,18,-11,144,-64,512
1,-1,18,-9,144,-64,512
1,-1,19,-17,152,-64,512
1,-1,20,-17,160,-64,512
1,-1,20,-15,160,-64,512
1,-1,20,-13,160,-64,512
1,-1,22,-15,176,-64,512
1,0,-7,-5,-56,0,512
1,0,-7,-3,-56,0,512
1,0,-7,-1,-56,0,512
1,0,-7,1,-56,0,512
1,0,-7,3,-56,0,512
1,0,-7,5,-56,0,512
1,0,-5,-15,-40,0,512
1,0,-5,-13,-40,0,512
1,0,-5,-11,-40,0,512
1,0,-5,-9,-40,0,512
1,0,-5,-7,-40,0,512
1,0,-5,-5,-40,0,512
1,0,-5,-3,-40,0,512
1,0,-5,-1,-40,0,512
1,0,-5,1,-40,0,512
1,0,-5,3,-40,0,512
1,0,-5,5,-40,0,512
1,0,-5,7,-40,0,512
1,0,-5,9,-40,0,512
1,0,-5,11,-40,0,512
1,0,-5,13,-40,0,512
1,0,-5,15,-40,0,512
1,0,-3,-27,-24,0,512
1,0,-3,-25,-24,0,512
1,0,-3,-23,-24,0,512
1,0,-3,-21,-24,0,512
1,0,-3,-19,-24,0,512
1,0,-3,-17,-24,0,512
1,0,-3,-15,-24,0,512
1,0,-3,-13,-24,0,512
1,0,-3,-11,-24,0,512
1,0,-3,-9,-24,0,512
1,0,-3,-7,-24,0,512
1,0,-3,-5,-24,0,512
1,0,-3,-3,-24,0,512
1,0,-3,-1,-24,0,512
1,0,-3,1,-24,0,512
1,0,-3,3,-24,0,512
1,0,-3,5,-24,0,512
1,0,-3,7,-24,0,512
1,0,-3,9,-24,0,512
1,0,-3,11,-24,0,512
1,0,-3,13,-24,0,512
1,0,-3,15,-24,0,512
1,0,-3,17,-24,0,512
1,0,-3,19,-24,0,512
1,0,-3,21,-24,0,512
1,0,-3,23,-24,0,512
1,0,-3,25,-24,0,512
1,0,-3,27,-24,0,512
1,0,-2,-33,-16,0,512
1,0,-2,-31,-16,0,512
1,0,-2,31,-16,0,512
1,0,-2,33,-16,0,512
1,0,-1,-39,-8,0,512
1,0,-1,-37,-8,0,512
1,0,-1,-35,-8,0,512
1,0,-1,-33,-8,0,512
1,0,-1,-31,-8,0,512
1,0,-1,-29,-8,0,512
1,0,-1,-27,-8,0,512
1,0,-1,-25,-8,0,512
1,0,-1,-23,-8,0,512
1,0,-1,-21,-8,0,512
1,0,-1,-19,-8,0,512
1,0,-1,-17,-8,0,512
1,0,-1,-15,-8,0,512
1,0,-1,-13,-8,0,512
1,0,-1,-11,-8,0,512
1,0,-1,-9,-8,0,512
1,0,-1,-7,-8,0,512
1,0,-1,-5,-8,0,512
1,0,-1,-3,-8,0,512
1,0,-1,-1,-8,0,512
1,0,-1,1,-8,0,512
1,0,-1,3,-8,0,512
1,0,-1,5,-8,0,512
1,0,-1,7,-8,0,512
1,0,-1,9,-8,0,512
1,0,-1,11,-8,0,512
1,0,-1,13,-8,0,512
1,0,-1,15,-8,0,512
1,0,-1,17,-8,0,512
1,0,-1,19,-8,0,512
1,0,-1,21,-8,0,512
1,0,-1,23,-8,0,512
1,0,-1,25,-8,0,512
1,0,-1,27,-8,0,512
1,0,-1,29,-8,0,512
1,0,-1,31,-8,0,512
1,0,-1,33,-8,0,512
1,0,-1,35,-8,0,512
1,0,-1,37,-8,0,512
1,0,-1,39,-8,0,512
1,0,0,-35,0,0,512
1,0,0,35,0,0,512
1,0,1,-41,8,0,512
1,0,1,-39,8,0,512
1,0,1,-37,8,0,512
1,0,1,-35,8,0,512
1,0,1,-33,8,0,512
1,0,1,-31,8,0,512
1,0,1,-29,8,0,512
1,0,1,-27,8,0,512
1,0,1,-25,8,0,512
1,0,1,-23,8,0,512
1,0,1,-21,8,0,512
1,0,1,-19,8,0,512
1,0,1,-17,8,0,512
1,0,1,-15,8,0,512
1,0,1,-13,8,0,512
1,0,1,-11,8,0,512
1,0,1,-9,8,0,512
1,0,1,-7,8,0,512
1,0,1,-5,8,0,512
1,0,1,-3,8,0,512
1,0,1,-1,8,0,512
1,0,1,1,8,0,512
1,0,1,3,8,0,512
1,0,1,5,8,0,512
1,0,1,7,8,0,512
1,0,1,9,8,0,512
1,0,1,11,8,0,512
1,0,1,13,8,0,512
1,0,1,15,8,0,512
1,0,1,17,8,0,512
1,0,1,19,8,0,512
1,0,1,21,8,0,512
1,0,1,23,8,0,512
1,0,1,25,8,0,512
1,0,1,27,8,0,512
1,0,1,29,8,0,512
1,0,1,31,8,0,512
1,0,1,33,8,0,512
1,0,1,35,8,0,512
1,0,1,37,8,0,512
1,0,1,39,8,0,512
1,0,1,41,8,0,512
1,0,3,-37,24,0,512
1,0,3,-35,24,0,512
1,0,3,-33,24,0,512
1,0,3,-31,24,0,512
1,0,3,-29,24,0,512
1,0,3,-27,24,0,512
1,0,3,-25,24,0,512
1,0,3,-23,24,0,512
1,0,3,-21,24,0,512
1,0,3,-19,24,0,512
1,0,3,-17,24,0,512
1,0,3,-15,24,0,512
1,0,3,-13,24,0,512
1,0,3,-11,24,0,512
1,0,3,-9,24,0,512
1,0,3,-7,24,0,512
1,0,3,-5,24,0,512
1,0,3,-3,24,0,512
1,0,3,-1,24,0,512
1,0,3,1,24,0,512
1,0,3,3,24,0,512
1,0,3,5,24,0,512
1,0,3,7,24,0,512
1,0,3,9,24,0,512
1,0,3,11,24,0,512
1,0,3,13,24,0,512
1,0,3,15,24,0,512
1,0,3,17,24,0,512
1,0,3,19,24,0,512
1,0,3,21,24,0,512
1,0,3,23,24,0,512
1,0,3,25,24,0,512
1,0,3,27,24,0,512
1,0,3,29,24,0,512
1,0,3,31,24,0,512
1,0,3,33,24,0,512
1,0,3,35,24,0,512
1,0,3,37,24,0,512
1,0,5,-31,40,0,512
1,0,5,-29,40,0,512
1,0,5,-27,40,0,512
1,0,5,-25,40,0,512
1,0,5,-23,40,0,512
1,0,5,-21,40,0,512
1,0,5,-19,40,0,512
1,0,5,-17,40,0,512
1,0,5,-15,40,0,512
1,0,5,-13,40,0,512
1,0,5,-11,40,0,512
1,0,5,-9,40,0,512
1,0,5,-7,40,0,512
1,0,5,-5,40,0,512
1,0,5,-3,40,0,512
1,0,5,-1,40,0,512
1,0,5,1,40,0,512
1,0,5,3,40,0,512
1,0,5,5,40,0,512
1,0,5,7,40,0,512
1,0,5,9,40,0,512
1,0,5,11,40,0,512
1,0,5,13,40,0,512
1,0,5,15,40,0,512
1,0,5,17,40,0,512
1,0,5,19,40,0,512
1,0,5,21,40,0,512
1,0,5,23,40,0,512
1,0,5,25,40,0,512
1,0,5,27,40,0,512
1,0,5,29,40,0,512
1,0,5,31,40,0,512
1,0,7,-25,56,0,512
1,0,7,-23,56,0,512
1,0,7,-21,56,0,512
1,0,7,-19,56,0,512
1,0,7,-17,56,0,512
1,0,7,-15,56,0,512
1,0,7,-13,56,0,512
1,0,7,-11,56,0,512
1,0,7,-9,56,0,512
1,0,7,-7,56,0,512
1,0,7,-5,56,0,512
1,0,7,-3,56,0,512
1,0,7,-1,56,0,512
1,0,7,1,56,0,512
1,0,7,3,56,0,512
1,0,7,5,56,0,512
1,0,7,7,56,0,512
1,0,7,9,56,0,512
1,0,7,11,56,0,512
1,0,7,13,56,0,512
1,0,7,15,56,0,512
1,0,7,17,56,0,512
1,0,7,19,56,0,512
1,0,7,21,56,0,512
1,0,7,23,56,0,512
1,0,7,25,56,0,512
1,0,9,-21,72,0,512
1,0,9,-19,72,0,512
1,0,9,-17,72,0,512
1,0,9,-15,72,0,512
1,0,9,-13,72,0,512
1,0,9,-11,72,0,512
1,0,9,-9,72,0,512
1,0,9,-7,72,0,512
1,0,9,-5,72,0,512
1,0,9,-3,72,0,512
1,0,9,-1,72,0,512
1,0,9,1,72,0,512
1,0,9,3,72,0,512
1,0,9,5,72,0,512
1,0,9,7,72,0,512
1,0,9,9,72,0,512
1,0,9,11,72,0,512
1,0,9,13,72,0,512
1,0,9,15,72,0,512
1,0,9,17,72,0,512
1,0,9,19,72,0,512
1,0,9,21,72,0,512
1,0,11,-17,88,0,512
1,0,11,-15,88,0,512
1,0,11,-13,88,0,512
1,0,11,-11,88,0,512
1,0,11,-9,88,0,512
1,0,11,-7,88,0,512
1,0,11,-5,88,0,512
1,0,11,-3,88,0,512
1,0,11,-1,88,0,512
1,0,11,1,88,0,512
1,0,11,3,88,0,512
1,0,11,5,88,0,512
1,0,11,7,88,0,512
1,0,11,9,88,0,512
1,0,11,11,88,0,512
1,0,11,13,88,0,512
1,0,11,15,88,0,512
1,0,11,17,88,0,512
1,0,13,-13,104,0,512
1,0,13,-11,104,0,512
1,0,13,-9,104,0,512
1,0,13,-7,104,0,512
1,0,13,-5,104,0,512
1,0,13,-3,104,0,512
1,0,13,-1,104,0,512
1,0,13,1,104,0,512
1,0,13,3,104,0,512
1,0,13,5,104,0,512
1,0,13,7,104,0,512
1,0,13,9,104,0,512
1,0,13,11,104,0,512
1,0,13,13,104,0,512
1,0,15,-9,120,0,512
1,0,15,-7,120,0,512
1,0,15,-5,120,0,512
1,0,15,-3,120,0,512
1,0,15,-1,120,0,512
1,0,15,1,120,0,512
1,0,15,3,120,0,512
1,0,15,5,120,0,512
1,0,15,7,120,0,512
1,0,15,9,120,0,512
1,0,17,-7,136,0,512
1,0,17,-5,136,0,512
1,0,17,-3,136,0,512
1,0,17,-1,136,0,512
1,0,17,1,136,0,512
1,0,17,3,136,0,512
1,0,17,5,136,0,512
1,0,17,7,136,0,512
1,0,19,-3,152,0,512
1,0,19,-1,152,0,512
1,0,19,1,152,0,512
1,0,19,3,152,0,512
1,0,21,-1,168,0,512
1,0,21,1,168,0,512
1,1,-7,-21,-56,64,512
1,1,-6,-27,-48,64,512
1,1,-6,-25,-48,64,512
1,1,-6,-23,-48,64,512
1,1,-6,-21,-48,64,512
1,1,-6,-19,-48,64,512
1,1,-6,-17,-48,64,512
1,1,-6,-15,-48,64,512
1,1,-6,-13,-48,64,512
1,1,-6,-11,-48,64,512
1,1,-6,-9,-48,64,512
1,1,-6,-7,-48,64,512
1,1,-6,-5,-48,64,512
1,1,-5,-19,-40,64,512
1,1,-4,-37,-32,64,512
1,1,-4,-35,-32,64,512
1,1,-4,-33,-32,64,512
1,1,-4,-31,-32,64,512
1,1,-4,-29,-32,64,512
1,1,-4,-27,-32,64,512
1,1,-4,-25,-32,64,512
1,1,-4,-23,-32,64,512
1,1,-4,-21,-32,64,512
1,1,-4,-19,-32,64,512
1,1,-4,-17,-32,64,512
1,1,-4,-15,-32,64,512
1,1,-4,-13,-32,64,512
1,1,-4,-11,-32,64,512
1,1,-4,-9,-32,64,512
1,1,-4,-7,-32,64,512
1,1,-4,-5,-32,64,512
1,1,-4,-3,-32,64,512
1,1,-4,-1,-32,64,512
1,1,-4,1,-32,64,512
1,1,-4,3,-32,64,512
1,1,-4,5,-32,64,512
1,1,-3,-37,-24,64,512
1,1,-3,11,-24,64,512
1,1,-2,-43,-16,64,512
1,1,-2,-41,-16,64,512
1,1,-2,-39,-16,64,512
1,1,-2,-37,-16,64,512
1,1,-2,-35,-16,64,512
1,1,-2,-33,-16,64,512
1,1,-2,-31,-16,64,512
1,1,-2,-29,-16,64,512
1,1,-2,-27,-16,64,512
1,1,-2,-25,-16,64,512
1,1,-2,-23,-16,64,512
1,1,-2,-21,-16,64,512
1,1,-2,-19,-16,64,512
1,1,-2,-17,-16,64,512
1,1,-2,-15,-16,64,512
1,1,-2,-13,-16,64,512
1,1,-2,-11,-16,64,512
1,1,-2,-9,-16,64,512
1,1,-2,-7,-16,64,512
1,1,-2,-5,-16,64,512
1,1,-2,-3,-16,64,512
1,1,-2,-1,-16,64,512
1,1,-2,1,-16,64,512
1,1,-2,3,-16,64,512
1,1,-2,5,-16,64,512
1,1,-2,7,-16,64,512
1,1,-2,9,-16,64,512
1,1,-2,11,-16,64,512
1,1,-2,13,-16,64,512
1,1,-2,15,-16,64,512
1,1,-2,17,-16,64,512
1,1,-1,-39,-8,64,512
1,1,-1,17,-8,64,512
1,1,0,-37,0,64,512
1,1,0,-35,0,64,512
1,1,0,-33,0,64,512
1,1,0,-31,0,64,512
1,1,0,-29,0,64,512
1,1,0,-27,0,64,512
1,1,0,-25,0,64,512
1,1,0,-23,0,64,512
1,1,0,-21,0,64,512
1,1,0,-19,0,64,512
1,1,0,-17,0,64,512
1,1,0,-15,0,64,512
1,1,0,-13,0,64,512
1,1,0,-11,0,64,512
1,1,0,-9,0,64,512
1,1,0,-7,0,64,512
1,1,0,-5,0,64,512
1,1,0,-3,0,64,512
1,1,0,-1,0,64,512
1,1,0,1,0,64,512
1,1,0,3,0,64,512
1,1,0,5,0,64,512
1,1,0,7,0,64,512
1,1,0,9,0,64,512
1,1,0,11,0,64,512
1,1,0,13,0,64,512
1,1,0,15,0,64,512
1,1,0,17,0,64,512
1,1,0,19,0,64,512
1,1,0,21,0,64,512
1,1,0,23,0,64,512
1,1,0,25,0,64,512
1,1,0,27,0,64,512
1,1,0,29,0,64,512
1,1,2,-31,16,64,512
1,1,2,-29,16,64,512
1,1,2,-27,16,64,512
1,1,2,-25,16,64,512
1,1,2,-23,16,64,512
1,1,2,-21,16,64,512
1,1,2,-19,16,64,512
1,1,2,-17,16,64,512
1,1,2,-15,16,64,512
1,1,2,-13,16,64,512
1,1,2,-11,16,64,512
1,1,2,-9,16,64,512
1,1,2,-7,16,64,512
1,1,2,-5,16,64,512
1,1,2,-3,16,64,512
1,1,2,-1,16,64,512
1,1,2,1,16,64,512
1,1,2,3,16,64,512
1,1,2,5,16,64,512
1,1,2,7,16,64,512
1,1,2,9,16,64,512
1,1,2,11,16,64,512
1,1,2,13,16,64,512
1,1,2,15,16,64,512
1,1,2,17,16,64,512
1,1,2,19,16,64,512
1,1,2,21,16,64,512
1,1,2,23,16,64,512
1,1,2,25,16,64,512
1,1,2,27,16,64,512
1,1,2,29,16,64,512
1,1,2,31,16,64,512
1,1,2,33,16,64,512
1,1,2,35,16,64,512
1,1,2,37,16,64,512
1,1,2,39,16,64,512
1,1,3,29,24,64,512
1,1,4,-25,32,64,512
1,1,4,-23,32,64,512
1,1,4,-21,32,64,512
1,1,4,-19,32,64,512
1,1,4,-17,32,64,512
1,1,4,-15,32,64,512
1,1,4,-13,32,64,512
1,1,4,-11,32,64,512
1,1,4,-9,32,64,512
1,1,4,-7,32,64,512
1,1,4,-5,32,64,512
1,1,4,-3,32,64,512
1,1,4,-1,32,64,512
1,1,4,1,32,64,512
1,1,4,3,32,64,512
1,1,4,5,32,64,512
1,1,4,7,32,64,512
1,1,4,9,32,64,512
1,1,4,11,32,64,512
1,1,4,13,32,64,512
1,1,4,15,32,64,512
1,1,4,17,32,64,512
1,1,4,19,32,64,512
1,1,4,21,32,64,512
1,1,4,23,32,64,512
1,1,4,25,32,64,512
1,1,4,27,32,64,512
1,1,4,29,32,64,512
1,1,4,31,32,64,512
1,1,4,33,32,64,512
1,1,4,35,32,64,512
1,1,4,37,32,64,512
1,1,4,39,32,64,512
1,1,4,41,32,64,512
1,1,4,43,32,64,512
1,1,6,-19,48,64,512
1,1,6,-17,48,64,512
1,1,6,-15,48,64,512
1,1,6,-13,48,64,512
1,1,6,-11,48,64,512
1,1,6,-9,48,64,512
1,1,6,-7,48,64,512
1,1,6,-5,48,64,512
1,1,6,-3,48,64,512
1,1,6,-1,48,64,512
1,1,6,1,48,64,512
1,1,6,3,48,64,512
1,1,6,5,48,64,512
1,1,6,7,48,64,512
1,1,6,9,48,64,512
1,1,6,11,48,64,512
1,1,6,13,48,64,512
1,1,6,15,48,64,512
1,1,6,17,48,64,512
1,1,6,19,48,64,512
1,1,6,21,48,64,512
1,1,6,23,48,64,512
1,1,6,25,48,64,512
1,1,6,27,48,64,512
1,1,6,29,48,64,512
1,1,6,31,48,64,512
1,1,6,33,48,64,512
1,1,6,35,48,64,512
1,1,6,37,48,64,512
1,1,6,39,48,64,512
1,1,8,-13,64,64,512
1,1,8,-11,64,64,512
1,1,8,-9,64,64,512
1,1,8,-7,64,64,512
1,1,8,-5,64,64,512
1,1,8,-3,64,64,512
1,1,8,-1,64,64,512
1,1,8,1,64,64,512
1,1,8,3,64,64,512
1,1,8,5,64,64,512
1,1,8,7,64,64,512
1,1,8,9,64,64,512
1,1,8,11,64,64,512
1,1,8,13,64,64,512
1,1,8,15,64,64,512
1,1,8,17,64,64,512
1,1,8,19,64,64,512
1,1,8,21,64,64,512
1,1,8,23,64,64,512
1,1,8,25,64,64,512
1,1,8,27,64,64,512
1,1,8,29,64,64,512
1,1,8,31,64,64,512
1,1,8,33,64,64,512
1,1,8,35,64,64,512
1,1,9,3,72,64,512
1,1,10,-9,80,64,512
1,1,10,-7,80,64,512
1,1,10,-5,80,64,512
1,1,10,-3,80,64,512
1,1,10,-1,80,64,512
1,1,10,1,80,64,512
1,1,10,3,80,64,512
1,1,10,5,80,64,512
1,1,10,7,80,64,512
1,1,10,9,80,64,512
1,1,10,11,80,64,512
1,1,10,13,80,64,512
1,1,10,15,80,64,512
1,1,10,17,80,64,512
1,1,10,19,80,64,512
1,1,10,21,80,64,512
1,1,10,23,80,64,512
1,1,10,25,80,64,512
1,1,10,27,80,64,512
1,1,10,29,80,64,512
1,1,10,31,80,64,512
1,1,12,-3,96,64,512
1,1,12,-1,96,64,512
1,1,12,1,96,64,512
1,1,12,3,96,64,512
1,1,12,5,96,64,512
1,1,12,7,96,64,512
1,1,12,9,96,64,512
1,1,12,11,96,64,512
1,1,12,13,96,64,512
1,1,12,15,96,64,512
1,1,12,17,96,64,512
1,1,12,19,96,64,512
1,1,12,21,96,64,512
1,1,12,23,96,64,512
1,1,12,25,96,64,512
1,1,12,27,96,64,512
1,1,13,-1,104,64,512
1,1,14,1,112,64,512
1,1,14,3,112,64,512
1,1,14,5,112,64,512
1,1,14,7,112,64,512
1,1,14,9,112,64,512
1,1,14,11,112,64,512
1,1,14,13,112,64,512
1,1,14,15,112,64,512
1,1,14,17,112,64,512
1,1,14,19,112,64,512
1,1,14,21,112,64,512
1,1,14,23,112,64,512
1,1,14,25,112,64,512
1,1,16,5,128,64,512
1,1,16,7,128,64,512
1,1,16,9,128,64,512
1,1,16,11,128,64,512
1,1,16,13,128,64,512
1,1,16,15,128,64,512
1,1,16,17,128,64,512
1,1,16,19,128,64,512
1,1,16,21,128,64,512
1,1,18,9,144,64,512
1,1,18,11,144,64,512
1,1,18,13,144,64,512
1,1,18,15,144,64,512
1,1,18,17,144,64,512
1,1,18,19,144,64,512
1,1,19,17,152,64,512
1,1,20,13,160,64,512
1,1,20,15,160,64,512
1,1,20,17,160,64,512
1,1,22,15,176,64,512
1,2,-7,-37,-56,128,512
1,2,-7,-35,-56,128,512
1,2,-7,-33,-56,128,512
1,2,-7,-31,-56,128,512
1,2,-7,-29,-56,128,512
1,2,-7,-27,-56,128,512
1,2,-6,-37,-48,128,512
1,2,-6,-35,-48,128,512
1,2,-6,-33,-48,128,512
1,2,-6,-25,-48,128,512
1,2,-5,-47,-40,128,512
1,2,-5,-45,-40,128,512
1,2,-5,-43,-40,128,512
1,2,-5,-41,-40,128,512
1,2,-5,-39,-40,128,512
1,2,-5,-37,-40,128,512
1,2,-5,-35,-40,128,512
1,2,-5,-33,-40,128,512
1,2,-5,-31,-40,128,512
1,2,-5,-29,-40,128,512
1,2,-5,-27,-40,128,512
1,2,-5,-25,-40,128,512
1,2,-5,-23,-40,128,512
1,2,-5,-21,-40,128,512
1,2,-5,-19,-40,128,512
1,2,-5,-17,-40,128,512
1,2,-4,-45,-32,128,512
1,2,-3,-43,-24,128,512
1,2,-3,-41,-24,128,512
1,2,-3,-39,-24,128,512
1,2,-3,-37,-24,128,512
1,2,-3,-35,-24,128,512
1,2,-3,-33,-24,128,512
1,2,-3,-31,-24,128,512
1,2,-3,-29,-24,128,512
1,2,-3,-27,-24,128,512
1,2,-3,-25,-24,128,512
1,2,-3,-23,-24,128,512
1,2,-3,-21,-24,128,512
1,2,-3,-19,-24,128,512
1,2,-3,-17,-24,128,512
1,2,-3,-15,-24,128,512
1,2,-3,-13,-24,128,512
1,2,-3,-11,-24,128,512
1,2,-3,-9,-24,128,512
1,2,-3,-7,-24,128,512
1,2,-3,-5,-24,128,512
1,2,-1,-37,-8,128,512
1,2,-1,-35,-8,128,512
1,2,-1,-33,-8,128,512
1,2,-1,-31,-8,128,512
1,2,-1,-29,-8,128,512
1,2,-1,-27,-8,128,512
1,2,-1,-25,-8,128,512
1,2,-1,-23,-8,128,512
1,2,-1,-21,-8,128,512
1,2,-1,-19,-8,128,512
1,2,-1,-17,-8,128,512
1,2,-1,-15,-8,128,512
1,2,-1,-13,-8,128,512
1,2,-1,-11,-8,128,512
1,2,-1,-9,-8,128,512
1,2,-1,-7,-8,128,512
1,2,-1,-5,-8,128,512
1,2,-1,-3,-8,128,512
1,2,-1,-1,-8,128,512
1,2,-1,1,-8,128,512
1,2,-1,3,-8,128,512
1,2,-1,5,-8,128,512
1,2,-1,7,-8,128,512
1,2,1,-29,8,128,512
1,2,1,-27,8,128,512
1,2,1,-25,8,128,512
1,2,1,-23,8,128,512
1,2,1,-21,8,128,512
1,2,1,-19,8,128,512
1,2,1,-17,8,128,512
1,2,1,-15,8,128,512
1,2,1,-13,8,128,512
1,2,1,-11,8,128,512
1,2,1,-9,8,128,512
1,2,1,-7,8,128,512
1,2,1,-5,8,128,512
1,2,1,-3,8,128,512
1,2,1,-1,8,128,512
1,2,1,1,8,128,512
1,2,1,3,8,128,512
1,2,1,5,8,128,512
1,2,1,7,8,128,512
1,2,1,9,8,128,512
1,2,1,11,8,128,512
1,2,1,13,8,128,512
1,2,1,15,8,128,512
1,2,1,17,8,128,512
1,2,3,-23,24,128,512
1,2,3,-21,24,128,512
1,2,3,-19,24,128,512
1,2,3,-17,24,128,512
1,2,3,-15,24,128,512
1,2,3,-13,24,128,512
1,2,3,-11,24,128,512
1,2,3,-9,24,128,512
1,2,3,-7,24,128,512
1,2,3,-5,24,128,512
1,2,3,-3,24,128,512
1,2,3,-1,24,128,512
1,2,3,1,24,128,512
1,2,3,3,24,128,512
1,2,3,5,24,128,512
1,2,3,7,24,128,512
1,2,3,9,24,128,512
1,2,3,11,24,128,512
1,2,3,13,24,128,512
1,2,3,15,24,128,512
1,2,3,17,24,128,512
1,2,3,19,24,128,512
1,2,3,21,24,128,512
1,2,3,23,24,128,512
1,2,3,25,24,128,512
1,2,3,27,24,128,512
1,2,3,29,24,128,512
1,2,5,-15,40,128,512
1,2,5,-13,40,128,512
1,2,5,-11,40,128,512
1,2,5,-9,40,128,512
1,2,5,-7,40,128,512
1,2,5,-5,40,128,512
1,2,5,-3,40,128,512
1,2,5,-1,40,128,512
1,2,5,1,40,128,512
1,2,5,3,40,128,512
1,2,5,5,40,128,512
1,2,5,7,40,128,512
1,2,5,9,40,128,512
1,2,5,11,40,128,512
1,2,5,13,40,128,512
1,2,5,15,40,128,512
1,2,5,17,40,128,512
1,2,5,19,40,128,512
1,2,5,21,40,128,512
1,2,5,23,40,128,512
1,2,5,25,40,128,512
1,2,5,27,40,128,512
1,2,5,29,40,128,512
1,2,5,31,40,128,512
1,2,5,33,40,128,512
1,2,5,35,40,128,512
1,2,5,37,40,128,512
1,2,5,39,40,128,512
1,2,5,41,40,128,512
1,2,6,43,48,128,512
1,2,7,-9,56,128,512
1,2,7,-7,56,128,512
1,2,7,-5,56,128,512
1,2,7,-3,56,128,512
1,2,7,-1,56,128,512
1,2,7,1,56,128,512
1,2,7,3,56,128,512
1,2,7,5,56,128,512
1,2,7,7,56,128,512
1,2,7,9,56,128,512
1,2,7,11,56,128,512
1,2,7,13,56,128,512
1,2,7,15,56,128,512
1,2,7,17,56,128,512
1,2,7,19,56,128,512
1,2,7,21,56,128,512
1,2,7,23,56,128,512
1,2,7,25,56,128,512
1,2,7,27,56,128,512
1,2,7,29,56,128,512
1,2,7,31,56,128,512
1,2,7,33,56,128,512
1,2,7,35,56,128,512
1,2,7,37,56,128,512
1,2,7,39,56,128,512
1,2,7,41,56,128,512
1,2,7,43,56,128,512
1,2,7,45,56,128,512
1,2,7,47,56,128,512
1,2,7,49,56,128,512
1,2,9,-3,72,128,512
1,2,9,-1,72,128,512
1,2,9,1,72,128,512
1,2,9,3,72,128,512
1,2,9,5,72,128,512
1,2,9,7,72,128,512
1,2,9,9,72,128,512
1,2,9,11,72,128,512
1,2,9,13,72,128,512
1,2,9,15,72,128,512
1,2,9,17,72,128,512
1,2,9,19,72,128,512
1,2,9,21,72,128,512
1,2,9,23,72,128,512
1,2,9,25,72,128,512
1,2,9,27,72,128,512
1,2,9,29,72,128,512
1,2,9,31,72,128,512
1,2,9,33,72,128,512
1,2,9,35,72,128,512
1,2,9,37,72,128,512
1,2,9,39,72,128,512
1,2,9,41,72,128,512
1,2,9,43,72,128,512
1,2,9,45,72,128,512
1,2,11,3,88,128,512
1,2,11,5,88,128,512
1,2,11,7,88,128,512
1,2,11,9,88,128,512
1,2,11,11,88,128,512
1,2,11,13,88,128,512
1,2,11,15,88,128,512
1,2,11,17,88,128,512
1,2,11,19,88,128,512
1,2,11,21,88,128,512
1,2,11,23,88,128,512
1,2,11,25,88,128,512
1,2,11,27,88,128,512
1,2,11,29,88,128,512
1,2,11,31,88,128,512
1,2,11,33,88,128,512
1,2,11,35,88,128,512
1,2,11,37,88,128,512
1,2,11,39,88,128,512
1,2,11,41,88,128,512
1,2,11,43,88,128,512
1,2,13,9,104,128,512
1,2,13,11,104,128,512
1,2,13,13,104,128,512
1,2,13,15,104,128,512
1,2,13,17,104,128,512
1,2,13,19,104,128,512
1,2,13,21,104,128,512
1,2,13,23,104,128,512
1,2,13,25,104,128,512
1,2,13,27,104,128,512
1,2,13,29,104,128,512
1,2,13,31,104,128,512
1,2,13,33,104,128,512
1,2,13,35,104,128,512
1,2,13,37,104,128,512
1,2,13,39,104,128,512
1,2,15,13,120,128,512
1,2,15,15,120,128,512
1,2,15,17,120,128,512
1,2,15,19,120,128,512
1,2,15,21,120,128,512
1,2,15,23,120,128,512
1,2,15,25,120,128,512
1,2,15,27,120,128,512
1,2,15,29,120,128,512
1,2,15,31,120,128,512
1,2,15,33,120,128,512
1,2,15,35,120,128,512
1,2,15,37,120,128,512
1,2,17,19,136,128,512
1,2,17,21,136,128,512
1,2,17,23,136,128,512
1,2,17,25,136,128,512
1,2,17,27,136,128,512
1,2,17,29,136,128,512
1,2,17,31,136,128,512
1,2,17,33,136,128,512
1,2,17,35,136,128,512
1,2,19,23,152,128,512
1,2,19,25,152,128,512
1,2,19,27,152,128,512
1,2,19,29,152,128,512
1,2,19,31,152,128,512
1,2,19,33,152,128,512
1,2,21,27,168,128,512
1,2,21,29,168,128,512
1,2,21,31,168,128,512
1,2,23,31,184,128,512
1,3,-7,-53,-56,192,512
1,3,-7,-51,-56,192,512
1,3,-7,-43,-56,192,512
1,3,-6,-55,-48,192,512
1,3,-6,-53,-48,192,512
1,3,-6,-51,-48,192,512
1,3,-6,-49,-48,192,512
1,3,-6,-47,-48,192,512
1,3,-6,-45,-48,192,512
1,3,-6,-43,-48,192,512
1,3,-6,-41,-48,192,512
1,3,-6,-39,-48,192,512
1,3,-6,-37,-48,192,512
1,3,-5,-49,-40,192,512
1,3,-5,-41,-40,192,512
1,3,-5,-33,-40,192,512
1,3,-4,-47,-32,192,512
1,3,-4,-45,-32,192,512
1,3,-4,-43,-32,192,512
1,3,-4,-41,-32,192,512
1,3,-4,-39,-32,192,512
1,3,-4,-37,-32,192,512
1,3,-4,-35,-32,192,512
1,3,-4,-33,-32,192,512
1,3,-4,-31,-32,192,512
1,3,-4,-29,-32,192,512
1,3,-4,-27,-32,192,512
1,3,-3,-43,-24,192,512
1,3,-3,-27,-24,192,512
1,3,-2,-39,-16,192,512
1,3,-2,-37,-16,192,512
1,3,-2,-35,-16,192,512
1,3,-2,-33,-16,192,512
1,3,-2,-31,-16,192,512
1,3,-2,-29,-16,192,512
1,3,-2,-27,-16,192,512
1,3,-2,-25,-16,192,512
1,3,-2,-23,-16,192,512
1,3,-2,-21,-16,192,512
1,3,-2,-19,-16,192,512
1,3,-2,-17,-16,192,512
1,3,-2,-15,-16,192,512
1,3,-1,-9,-8,192,512
1,3,0,-31,0,192,512
1,3,0,-29,0,192,512
1,3,0,-27,0,192,512
1,3,0,-25,0,192,512
1,3,0,-23,0,192,512
1,3,0,-21,0,192,512
1,3,0,-19,0,192,512
1,3,0,-17,0,192,512
1,3,0,-15,0,192,512
1,3,0,-13,0,192,512
1,3,0,-11,0,192,512
1,3,0,-9,0,192,512
1,3,0,-7,0,192,512
1,3,0,-5,0,192,512
1,3,0,-3,0,192,512
1,3,2,-23,16,192,512
1,3,2,-21,16,192,512
1,3,2,-19,16,192,512
1,3,2,-17,16,192,512
1,3,2,-15,16,192,512
1,3,2,-13,16,192,512
1,3,2,-11,16,192,512
1,3,2,-9,16,192,512
1,3,2,-7,16,192,512
1,3,2,-5,16,192,512
1,3,2,-3,16,192,512
1,3,2,-1,16,192,512
1,3,2,1,16,192,512
1,3,2,3,16,192,512
1,3,2,5,16,192,512
1,3,2,7,16,192,512
1,3,3,-13,24,192,512
1,3,4,-15,32,192,512
1,3,4,-13,32,192,512
1,3,4,-11,32,192,512
1,3,4,-9,32,192,512
1,3,4,-7,32,192,512
1,3,4,-5,32,192,512
1,3,4,-3,32,192,512
1,3,4,-1,32,192,512
1,3,4,1,32,192,512
1,3,4,3,32,192,512
1,3,4,5,32,192,512
1,3,4,7,32,192,512
1,3,4,9,32,192,512
1,3,4,11,32,192,512
1,3,4,13,32,192,512
1,3,4,15,32,192,512
1,3,4,17,32,192,512
1,3,4,19,32,192,512
1,3,6,-9,48,192,512
1,3,6,-7,48,192,512
1,3,6,-5,48,192,512
1,3,6,-3,48,192,512
1,3,6,-1,48,192,512
1,3,6,1,48,192,512
1,3,6,3,48,192,512
1,3,6,5,48,192,512
1,3,6,7,48,192,512
1,3,6,9,48,192,512
1,3,6,11,48,192,512
1,3,6,13,48,192,512
1,3,6,15,48,192,512
1,3,6,17,48,192,512
1,3,6,19,48,192,512
1,3,6,21,48,192,512
1,3,6,23,48,192,512
1,3,6,25,48,192,512
1,3,6,27,48,192,512
1,3,6,29,48,192,512
1,3,6,31,48,192,512
1,3,8,-1,64,192,512
1,3,8,1,64,192,512
1,3,8,3,64,192,512
1,3,8,5,64,192,512
1,3,8,7,64,192,512
1,3,8,9,64,192,512
1,3,8,11,64,192,512
1,3,8,13,64,192,512
1,3,8,15,64,192,512
1,3,8,17,64,192,512
1,3,8,19,64,192,512
1,3,8,21,64,192,512
1,3,8,23,64,192,512
1,3,8,25,64,192,512
1,3,8,27,64,192,512
1,3,8,29,64,192,512
1,3,8,31,64,192,512
1,3,8,33,64,192,512
1,3,8,35,64,192,512
1,3,8,37,64,192,512
1,3,8,39,64,192,512
1,3,8,41,64,192,512
1,3,10,7,80,192,512
1,3,10,9,80,192,512
1,3,10,11,80,192,512
1,3,10,13,80,192,512
1,3,10,15,80,192,512
1,3,10,17,80,192,512
1,3,10,19,80,192,512
1,3,10,21,80,192,512
1,3,10,23,80,192,512
1,3,10,25,80,192,512
1,3,10,27,80,192,512
1,3,10,29,80,192,512
1,3,10,31,80,192,512
1,3,10,33,80,192,512
1,3,10,35,80,192,512
1,3,10,37,80,192,512
1,3,10,39,80,192,512
1,3,10,41,80,192,512
1,3,10,43,80,192,512
1,3,10,45,80,192,512
1,3,10,47,80,192,512
1,3,10,49,80,192,512
1,3,10,51,80,192,512
1,3,10,53,80,192,512
1,3,12,13,96,192,512
1,3,12,15,96,192,512
1,3,12,17,96,192,512
1,3,12,19,96,192,512
1,3,12,21,96,192,512
1,3,12,23,96,192,512
1,3,12,25,96,192,512
1,3,12,27,96,192,512
1,3,12,29,96,192,512
1,3,12,31,96,192,512
1,3,12,33,96,192,512
1,3,12,35,96,192,512
1,3,12,37,96,192,512
1,3,12,39,96,192,512
1,3,12,41,96,192,512
1,3,12,43,96,192,512
1,3,12,45,96,192,512
1,3,12,47,96,192,512
1,3,12,49,96,192,512
1,3,12,51,96,192,512
1,3,12,53,96,192,512
1,3,12,55,96,192,512
1,3,14,19,112,192,512
1,3,14,21,112,192,512
1,3,14,23,112,192,512
1,3,14,25,112,192,512
1,3,14,27,112,192,512
1,3,14,29,112,192,512
1,3,14,31,112,192,512
1,3,14,33,112,192,512
1,3,14,35,112,192,512
1,3,14,37,112,192,512
1,3,14,39,112,192,512
1,3,14,41,112,192,512
1,3,14,43,112,192,512
1,3,14,45,112,192,512
1,3,14,47,112,192,512
1,3,14,49,112,192,512
1,3,14,51,112,192,512
1,3,14,53,112,192,512
1,3,16,25,128,192,512
1,3,16,27,128,192,512
1,3,16,29,128,192,512
1,3,16,31,128,192,512
1,3,16,33,128,192,512
1,3,16,35,128,192,512
1,3,16,37,128,192,512
1,3,16,39,128,192,512
1,3,16,41,128,192,512
1,3,16,43,128,192,512
1,3,16,45,128,192,512
1,3,16,47,128,192,512
1,3,16,49,128,192,512
1,3,16,51,128,192,512
1,3,18,31,144,192,512
1,3,18,33,144,192,512
1,3,18,35,144,192,512
1,3,18,37,144,192,512
1,3,18,39,144,192,512
1,3,18,41,144,192,512
1,3,18,43,144,192,512
1,3,18,45,144,192,512
1,3,18,47,144,192,512
1,3,18,49,144,192,512
1,3,19,47,152,192,512
1,3,20,35,160,192,512
1,3,20,37,160,192,512
1,3,20,39,160,192,512
1,3,20,41,160,192,512
1,3,20,43,160,192,512
1,3,20,45,160,192,512
1,3,20,47,160,192,512
1,3,20,49,160,192,512
1,3,22,41,176,192,512
1,3,22,43,176,192,512
1,3,22,45,176,192,512
1,3,22,47,176,192,512
1,3,24,45,192,192,512
1,3,24,47,192,192,512
1,4,-7,-65,-56,256,512
1,4,-7,-63,-56,256,512
1,4,-7,-61,-56,256,512
1,4,-7,-59,-56,256,512
1,4,-6,-55,-48,256,512
1,4,-6,-53,-48,256,512
1,4,-5,-55,-40,256,512
1,4,-5,-53,-40,256,512
1,4,-5,-51,-40,256,512
1,4,-5,-49,-40,256,512
1,4,-4,-43,-32,256,512
1,4,-3,-47,-24,256,512
1,4,-3,-45,-24,256,512
1,4,-3,-43,-24,256,512
1,4,-3,-41,-24,256,512
1,4,-3,-39,-24,256,512
1,4,-3,-37,-24,256,512
1,4,-2,-37,-16,256,512
1,4,-2,-33,-16,256,512
1,4,-1,-37,-8,256,512
1,4,-1,-35,-8,256,512
1,4,-1,-33,-8,256,512
1,4,-1,-31,-8,256,512
1,4,-1,-29,-8,256,512
1,4,-1,-27,-8,256,512
1,4,-1,-25,-8,256,512
1,4,1,-29,8,256,512
1,4,1,-27,8,256,512
1,4,1,-25,8,256,512
1,4,1,-23,8,256,512
1,4,1,-21,8,256,512
1,4,1,-19,8,256,512
1,4,1,-17,8,256,512
1,4,1,-15,8,256,512
1,4,2,-25,16,256,512
1,4,3,-19,24,256,512
1,4,3,-17,24,256,512
1,4,3,-15,24,256,512
1,4,3,-13,24,256,512
1,4,3,-11,24,256,512
1,4,3,-9,24,256,512
1,4,3,-7,24,256,512
1,4,3,-5,24,256,512
1,4,3,-3,24,256,512
1,4,4,-13,32,256,512
1,4,5,-11,40,256,512
1,4,5,-9,40,256,512
1,4,5,-7,40,256,512
1,4,5,-5,40,256,512
1,4,5,-3,40,256,512
1,4,5,-1,40,256,512
1,4,5,1,40,256,512
1,4,5,3,40,256,512
1,4,5,5,40,256,512
1,4,5,7,40,256,512
1,4,5,9,40,256,512
1,4,6,11,48,256,512
1,4,7,-3,56,256,512
1,4,7,-1,56,256,512
1,4,7,1,56,256,512
1,4,7,3,56,256,512
1,4,7,5,56,256,512
1,4,7,7,56,256,512
1,4,7,9,56,256,512
1,4,7,11,56,256,512
1,4,7,13,56,256,512
1,4,7,15,56,256,512
1,4,7,17,56,256,512
1,4,7,19,56,256,512
1,4,8,3,64,256,512
1,4,9,5,72,256,512
1,4,9,7,72,256,512
1,4,9,9,72,256,512
1,4,9,11,72,256,512
1,4,9,13,72,256,512
1,4,9,15,72,256,512
1,4,9,17,72,256,512
1,4,9,19,72,256,512
1,4,9,21,72,256,512
1,4,9,23,72,256,512
1,4,9,25,72,256,512
1,4,9,27,72,256,512
1,4,9,29,72,256,512
1,4,9,31,72,256,512
1,4,11,13,88,256,512
1,4,11,15,88,256,512
1,4,11,17,88,256,512
1,4,11,19,88,256,512
1,4,11,21,88,256,512
1,4,11,23,88,256,512
1,4,11,25,88,256,512
1,4,11,27,88,256,512
1,4,11,29,88,256,512
1,4,11,31,88,256,512
1,4,11,33,88,256,512
1,4,11,35,88,256,512
1,4,11,37,88,256,512
1,4,11,39,88,256,512
1,4,11,41,88,256,512
1,4,11,43,88,256,512
1,4,13,21,104,256,512
1,4,13,23,104,256,512
1,4,13,25,104,256,512
1,4,13,27,104,256,512
1,4,13,29,104,256,512
1,4,13,31,104,256,512
1,4,13,33,104,256,512
1,4,13,35,104,256,512
1,4,13,37,104,256,512
1,4,13,39,104,256,512
1,4,13,41,104,256,512
1,4,13,43,104,256,512
1,4,13,45,104,256,512
1,4,13,47,104,256,512
1,4,13,49,104,256,512
1,4,13,51,104,256,512
1,4,13,53,104,256,512
1,4,15,27,120,256,512
1,4,15,29,120,256,512
1,4,15,31,120,256,512
1,4,15,33,120,256,512
1,4,15,35,120,256,512
1,4,15,37,120,256,512
1,4,15,39,120,256,512
1,4,15,41,120,256,512
1,4,15,43,120,256,512
1,4,15,45,120,256,512
1,4,15,47,120,256,512
1,4,15,49,120,256,512
1,4,15,51,120,256,512
1,4,15,53,120,256,512
1,4,15,55,120,256,512
1,4,15,57,120,256,512
1,4,15,59,120,256,512
1,4,15,61,120,256,512
1,4,15,63,120,256,512
1,4,15,65,120,256,512
1,4,17,35,136,256,512
1,4,17,37,136,256,512
1,4,17,39,136,256,512
1,4,17,41,136,256,512
1,4,17,43,136,256,512
1,4,17,45,136,256,512
1,4,17,47,136,256,512
1,4,17,49,136,256,512
1,4,17,51,136,256,512
1,4,17,53,136,256,512
1,4,17,55,136,256,512
1,4,17,57,136,256,512
1,4,17,59,136,256,512
1,4,17,61,136,256,512
1,4,17,63,136,256,512
1,4,17,65,136,256,512
1,4,19,41,152,256,512
1,4,19,43,152,256,512
1,4,19,45,152,256,512
1,4,19,47,152,256,512
1,4,19,49,152,256,512
1,4,19,51,152,256,512
1,4,19,53,152,256,512
1,4,19,55,152,256,512
1,4,19,57,152,256,512
1,4,19,59,152,256,512
1,4,19,61,152,256,512
1,4,19,63,152,256,512
1,4,19,65,152,256,512
1,4,21,47,168,256,512
1,4,21,49,168,256,512
1,4,21,51,168,256,512
1,4,21,53,168,256,512
1,4,21,55,168,256,512
1,4,21,57,168,256,512
1,4,21,59,168,256,512
1,4,21,61,168,256,512
1,4,21,63,168,256,512
1,4,23,53,184,256,512
1,4,23,55,184,256,512
1,4,23,57,184,256,512
1,4,23,59,184,256,512
1,4,23,61,184,256,512
1,4,23,63,184,256,512
1,4,25,59,200,256,512
1,4,25,61,200,256,512
1,4,25,63,200,256,512
1,4,27,63,216,256,512
1,5,-6,-69,-48,320,512
1,5,-4,-59,-32,320,512
1,5,-3,-53,-24,320,512
1,5,-2,-49,-16,320,512
1,5,-2,-47,-16,320,512
1,5,0,-39,0,320,512
1,5,0,-37,0,320,512
1,5,0,-35,0,320,512
1,5,2,-29,16,320,512
1,5,2,-27,16,320,512
1,5,2,-25,16,320,512
1,5,3,-23,24,320,512
1,5,4,-19,32,320,512
1,5,4,-17,32,320,512
1,5,4,-15,32,320,512
1,5,4,-13,32,320,512
1,5,6,-11,48,320,512
1,5,6,-9,48,320,512
1,5,6,-7,48,320,512
1,5,6,-5,48,320,512
1,5,6,-3,48,320,512
1,5,6,-1,48,320,512
1,5,7,1,56,320,512
1,5,8,-1,64,320,512
1,5,8,1,64,320,512
1,5,8,3,64,320,512
1,5,8,5,64,320,512
1,5,8,7,64,320,512
1,5,8,9,64,320,512
1,5,9,3,72,320,512
1,5,10,7,80,320,512
1,5,10,9,80,320,512
1,5,10,11,80,320,512
1,5,10,13,80,320,512
1,5,10,15,80,320,512
1,5,10,17,80,320,512
1,5,10,19,80,320,512
1,5,10,21,80,320,512
1,5,12,17,96,320,512
1,5,12,19,96,320,512
1,5,12,21,96,320,512
1,5,12,23,96,320,512
1,5,12,25,96,320,512
1,5,12,27,96,320,512
1,5,12,29,96,320,512
1,5,12,31,96,320,512
1,5,12,33,96,320,512
1,5,14,25,112,320,512
1,5,14,27,112,320,512
1,5,14,29,112,320,512
1,5,14,31,112,320,512
1,5,14,33,112,320,512
1,5,14,35,112,320,512
1,5,14,37,112,320,512
1,5,14,39,112,320,512
1,5,14,41,112,320,512
1,5,14,43,112,320,512
1,5,16,33,128,320,512
1,5,16,35,128,320,512
1,5,16,37,128,320,512
1,5,16,39,128,320,512
1,5,16,41,128,320,512
1,5,16,43,128,320,512
1,5,16,45,128,320,512
1,5,16,47,128,320,512
1,5,16,49,128,320,512
1,5,16,51,128,320,512
1,5,16,53,128,320,512
1,5,16,55,128,320,512
1,5,18,41,144,320,512
1,5,18,43,144,320,512
1,5,18,45,144,320,512
1,5,18,47,144,320,512
1,5,18,49,144,320,512
1,5,18,51,144,320,512
1,5,18,53,144,320,512
1,5,18,55,144,320,512
1,5,18,57,144,320,512
1,5,18,59,144,320,512
1,5,18,61,144,320,512
1,5,18,63,144,320,512
1,5,18,65,144,320,512
1,5,18,67,144,320,512
1,5,20,49,160,320,512
1,5,20,51,160,320,512
1,5,20,53,160,320,512
1,5,20,55,160,320,512
1,5,20,57,160,320,512
1,5,20,59,160,320,512
1,5,20,61,160,320,512
1,5,20,63,160,320,512
1,5,20,65,160,320,512
1,5,20,67,160,320,512
1,5,20,69,160,320,512
1,5,20,71,160,320,512
1,5,20,73,160,320,512
1,5,20,75,160,320,512
1,5,20,77,160,320,512
1,5,22,55,176,320,512
1,5,22,57,176,320,512
1,5,22,59,176,320,512
1,5,22,61,176,320,512
1,5,22,63,176,320,512
1,5,22,65,176,320,512
1,5,22,67,176,320,512
1,5,22,69,176,320,512
1,5,22,71,176,320,512
1,5,22,73,176,320,512
1,5,22,75,176,320,512
1,5,22,77,176,320,512
1,5,22,79,176,320,512
1,5,24,63,192,320,512
1,5,24,65,192,320,512
1,5,24,67,192,320,512
1,5,24,69,192,320,512
1,5,24,71,192,320,512
1,5,24,73,192,320,512
1,5,24,75,192,320,512
1,5,24,77,192,320,512
1,5,24,79,192,320,512
1,5,26,69,208,320,512
1,5,26,71,208,320,512
1,5,26,73,208,320,512
1,5,26,75,208,320,512
1,5,26,77,208,320,512
1,5,26,79,208,320,512
1,5,28,75,224,320,512
1,5,28,77,224,320,512
1,5,28,79,224,320,512
1,5,29,79,232,320,512
1,5,30,81,240,320,512
1,6,0,-51,0,384,512
1,6,5,-23,40,384,512
1,6,6,-17,48,384,512
1,6,7,-13,56,384,512
1,6,8,-7,64,384,512
1,6,9,-3,72,384,512
1,6,9,-1,72,384,512
1,6,11,7,88,384,512
1,6,11,9,88,384,512
1,6,11,11,88,384,512
1,6,12,17,96,384,512
1,6,13,17,104,384,512
1,6,13,19,104,384,512
1,6,13,21,104,384,512
1,6,15,25,120,384,512
1,6,15,27,120,384,512
1,6,15,29,120,384,512
1,6,15,31,120,384,512
1,6,15,33,120,384,512
1,6,17,35,136,384,512
1,6,17,37,136,384,512
1,6,17,39,136,384,512
1,6,17,41,136,384,512
1,6,17,43,136,384,512
1,6,17,45,136,384,512
1,6,19,45,152,384,512
1,6,19,47,152,384,512
1,6,19,49,152,384,512
1,6,19,51,152,384,512
1,6,19,53,152,384,512
1,6,19,55,152,384,512
1,6,21,53,168,384,512
1,6,21,55,168,384,512
1,6,21,57,168,384,512
1,6,21,59,168,384,512
1,6,21,61,168,384,512
1,6,21,63,168,384,512
1,6,21,65,168,384,512
1,6,21,67,168,384,512
1,6,22,65,176,384,512
1,6,23,61,184,384,512
1,6,23,63,184,384,512
1,6,23,65,184,384,512
1,6,23,67,184,384,512
1,6,23,69,184,384,512
1,6,23,71,184,384,512
1,6,23,73,184,384,512
1,6,23,75,184,384,512
1,6,23,77,184,384,512
1,6,23,79,184,384,512
1,6,24,85,192,384,512
1,6,25,69,200,384,512
1,6,25,71,200,384,512
1,6,25,73,200,384,512
1,6,25,75,200,384,512
1,6,25,77,200,384,512
1,6,25,79,200,384,512
1,6,25,81,200,384,512
1,6,25,83,200,384,512
1,6,25,85,200,384,512
1,6,25,87,200,384,512
1,6,25,89,200,384,512
1,6,26,95,208,384,512
1,6,27,77,216,384,512
1,6,27,79,216,384,512
1,6,27,81,216,384,512
1,6,27,83,216,384,512
1,6,27,85,216,384,512
1,6,27,87,216,384,512
1,6,27,89,216,384,512
1,6,27,91,216,384,512
1,6,27,93,216,384,512
1,6,27,95,216,384,512
1,6,28,83,224,384,512
1,6,28,89,224,384,512
1,6,29,83,232,384,512
1,6,29,85,232,384,512
1,6,29,87,232,384,512
1,6,29,89,232,384,512
1,6,29,91,232,384,512
1,6,29,93,232,384,512
1,6,29,95,232,384,512
1,6,29,97,232,384,512
1,6,30,95,240,384,512
1,6,31,91,248,384,512
1,6,31,93,248,384,512
1,6,31,95,248,384,512
1,6,31,97,248,384,512
1,6,33,97,264,384,512
1,6,33,99,264,384,512
1,7,12,1,96,448,512
1,7,16,23,128,448,512
1,7,18,33,144,448,512
1,7,18,35,144,448,512
1,7,20,43,160,448,512
1,7,20,45,160,448,512
1,7,22,53,176,448,512
1,7,22,55,176,448,512
1,7,22,57,176,448,512
1,7,23,63,184,448,512
1,7,24,63,192,448,512
1,7,24,65,192,448,512
1,7,24,67,192,448,512
1,7,24,69,192,448,512
1,7,26,71,208,448,512
1,7,26,73,208,448,512
1,7,26,75,208,448,512
1,7,26,77,208,448,512
1,7,26,79,208,448,512
1,7,28,81,224,448,512
1,7,28,83,224,448,512
1,7,28,85,224,448,512
1,7,28,87,224,448,512
1,7,28,89,224,448,512
1,7,28,91,224,448,512
1,7,30,89,240,448,512
1,7,30,91,240,448,512
1,7,30,93,240,448,512
1,7,30,95,240,448,512
1,7,30,97,240,448,512
1,7,30,99,240,448,512
1,7,30,101,240,448,512
1,7,31,95,248,448,512
1,7,32,97,256,448,512
1,7,32,99,256,448,512
1,7,32,101,256,448,512
1,7,32,103,256,448,512
1,7,32,105,256,448,512
1,7,32,107,256,448,512
1,7,32,109,256,448,512
1,7,32,111,256,448,512
1,7,32,113,256,448,512
1,7,34,105,272,448,512
1,7,34,107,272,448,512
1,7,34,109,272,448,512
1,7,34,111,272,448,512
1,7,34,113,272,448,512
1,7,34,115,272,448,512
1,7,36,113,288,448,512
1,7,36,115,288,448,512
1,7,36,117,288,448,512
1,7,38,119,304,448,512
1,8,23,47,184,512,512
1,8,27,69,216,512,512
1,8,29,79,232,512,512
1,8,29,81,232,512,512
1,8,31,89,248,512,512
1,8,31,91,248,512,512
1,8,33,99,264,512,512
1,8,33,101,264,512,512
1,8,33,103,264,512,512
1,8,35,107,280,512,512
1,8,35,109,280,512,512
1,8,35,111,280,512,512
1,8,35,113,280,512,512
1,8,35,115,280,512,512
1,8,36,115,288,512,512
1,8,37,117,296,512,512
1,8,37,119,296,512,512
1,8,37,121,296,512,512
1,8,37,123,296,512,512
1,8,37,125,296,512,512
1,8,38,129,304,512,512
1,8,39,125,312,512,512
1,8,39,127,312,512,512
1,8,39,129,312,512,512
1,8,39,131,312,512,512
1,8,39,133,312,512,512
1,8,39,135,312,512,512
1,8,40,129,320,512,512
1,8,41,133,328,512,512
1,8,41,135,328,512,512
1,8,41,137,328,512,512
1,8,43,141,344,512,512
1,9,38,115,304,576,512
1,9,40,125,320,576,512
1,9,40,127,320,576,512
1,9,41,131,328,576,512
1,9,42,135,336,576,512
1,9,42,137,336,576,512
1,9,44,143,352,576,512
1,9,44,145,352,576,512
1,9,44,147,352,576,512
1,9,44,149,352,576,512
1,9,45,155,360,576,512
1,9,46,153,368,576,512
1,9,46,155,368,576,512
1,9,46,157,368,576,512
1,9,46,159,368,576,512
1,9,47,157,376,576,512
1,9,47,161,376,576,512
1,9,48,161,384,576,512
1,9,48,163,384,576,512
1,10,47,151,376,640,512
1,10,49,161,392,640,512
1,10,50,167,400,640,512
1,10,51,171,408,640,512
1,10,51,173,408,640,512
1,10,52,177,416,640,512
1,10,53,181,424,640,512
1,10,53,183,424,640,512
1,10,53,185,424,640,512
1,10,55,189,440,640,512
1,11,58,197,464,704,512
1,11,59,203,472,704,512
1,11,60,207,480,704,512
1,11,61,213,488,704,512
1,11,62,217,496,704,512
1,12,69,243,552,768,512
