(0, 0, -152), [1, 0, 0, -152, 0, 0, 6859], 3.19.a_a_afw 
(0, 0, -114), [1, 0, 0, -114, 0, 0, 6859], 3.19.a_a_aek 
(0, 0, -76), [1, 0, 0, -76, 0, 0, 6859], 3.19.a_a_acy 
(0, 0, -38), [1, 0, 0, -38, 0, 0, 6859], 3.19.a_a_abm 
(0, 0, 38), [1, 0, 0, 38, 0, 0, 6859], 3.19.a_a_bm 
(0, 0, 76), [1, 0, 0, 76, 0, 0, 6859], 3.19.a_a_cy 
(0, 0, 114), [1, 0, 0, 114, 0, 0, 6859], 3.19.a_a_ek 
(0, 0, 152), [1, 0, 0, 152, 0, 0, 6859], 3.19.a_a_fw 
(0, 19, -76), [1, 0, 19, -76, 361, 0, 6859], 3.19.a_t_acy 
(0, 19, -57), [1, 0, 19, -57, 361, 0, 6859], 3.19.a_t_acf 
(0, 19, -38), [1, 0, 19, -38, 361, 0, 6859], 3.19.a_t_abm 
(0, 19, -19), [1, 0, 19, -19, 361, 0, 6859], 3.19.a_t_at 
(0, 19, 19), [1, 0, 19, 19, 361, 0, 6859], 3.19.a_t_t 
(0, 19, 38), [1, 0, 19, 38, 361, 0, 6859], 3.19.a_t_bm 
(0, 19, 57), [1, 0, 19, 57, 361, 0, 6859], 3.19.a_t_cf 
(0, 19, 76), [1, 0, 19, 76, 361, 0, 6859], 3.19.a_t_cy 
