(0, 0, -136), [1, 0, 0, -136, 0, 0, 4913], 3.17.a_a_afg, -136 
(0, 0, -102), [1, 0, 0, -102, 0, 0, 4913], 3.17.a_a_ady, -102 
(0, 0, -68), [1, 0, 0, -68, 0, 0, 4913], 3.17.a_a_acq, -68 
(0, 0, -34), [1, 0, 0, -34, 0, 0, 4913], 3.17.a_a_abi, -34 
(0, 0, 34), [1, 0, 0, 34, 0, 0, 4913], 3.17.a_a_bi, 34 
(0, 0, 68), [1, 0, 0, 68, 0, 0, 4913], 3.17.a_a_cq, 68 
(0, 0, 102), [1, 0, 0, 102, 0, 0, 4913], 3.17.a_a_dy, 102 
(0, 0, 136), [1, 0, 0, 136, 0, 0, 4913], 3.17.a_a_fg, 136 
(0, 17, -68), [1, 0, 17, -68, 289, 0, 4913], 3.17.a_r_acq, -357 
(0, 17, -51), [1, 0, 17, -51, 289, 0, 4913], 3.17.a_r_abz, -340 
(0, 17, -34), [1, 0, 17, -34, 289, 0, 4913], 3.17.a_r_abi, -323 
(0, 17, -17), [1, 0, 17, -17, 289, 0, 4913], 3.17.a_r_ar, -306 
(0, 17, 17), [1, 0, 17, 17, 289, 0, 4913], 3.17.a_r_r, -272 
(0, 17, 34), [1, 0, 17, 34, 289, 0, 4913], 3.17.a_r_bi, -255 
(0, 17, 51), [1, 0, 17, 51, 289, 0, 4913], 3.17.a_r_bz, -238 
(0, 17, 68), [1, 0, 17, 68, 289, 0, 4913], 3.17.a_r_cq, -221 
