(-7, 35, -105), [1, -7, 35, -105, 245, -343, 343], 3.7.ah_bj_aeb, -1281 
(0, 0, -35), [1, 0, 0, -35, 0, 0, 343], 3.7.a_a_abj, -35 
(0, 0, -21), [1, 0, 0, -21, 0, 0, 343], 3.7.a_a_av, -21 
(0, 0, -7), [1, 0, 0, -7, 0, 0, 343], 3.7.a_a_ah, -7 
(0, 0, 7), [1, 0, 0, 7, 0, 0, 343], 3.7.a_a_h, 7 
(0, 0, 21), [1, 0, 0, 21, 0, 0, 343], 3.7.a_a_v, 21 
(0, 0, 35), [1, 0, 0, 35, 0, 0, 343], 3.7.a_a_bj, 35 
(0, 14, -7), [1, 0, 14, -7, 98, 0, 343], 3.7.a_o_ah, -203 
(0, 14, 7), [1, 0, 14, 7, 98, 0, 343], 3.7.a_o_h, -189 
(7, 35, 105), [1, 7, 35, 105, 245, 343, 343], 3.7.h_bj_eb, -1071 
