(-15, 125, -725), [1, -15, 125, -725, 3125, -9375, 15625], 3.25.ap_ev_abbx, -16125 
(-10, 75, -475), [1, -10, 75, -475, 1875, -6250, 15625], 3.25.ak_cx_ash, -6000 
(-10, 75, -450), [1, -10, 75, -450, 1875, -6250, 15625], 3.25.ak_cx_ari, -5975 
(-10, 75, -425), [1, -10, 75, -425, 1875, -6250, 15625], 3.25.ak_cx_aqj, -5950 
(-10, 75, -400), [1, -10, 75, -400, 1875, -6250, 15625], 3.25.ak_cx_apk, -5925 
(-5, 0, 50), [1, -5, 0, 50, 0, -3125, 15625], 3.25.af_a_by, 75 
(-5, 0, 100), [1, -5, 0, 100, 0, -3125, 15625], 3.25.af_a_dw, 125 
(-5, 0, 150), [1, -5, 0, 150, 0, -3125, 15625], 3.25.af_a_fu, 175 
(-5, 25, -225), [1, -5, 25, -225, 625, -3125, 15625], 3.25.af_z_air, -825 
(-5, 25, -200), [1, -5, 25, -200, 625, -3125, 15625], 3.25.af_z_ahs, -800 
(-5, 25, -175), [1, -5, 25, -175, 625, -3125, 15625], 3.25.af_z_agt, -775 
(-5, 25, -150), [1, -5, 25, -150, 625, -3125, 15625], 3.25.af_z_afu, -750 
(-5, 25, -100), [1, -5, 25, -100, 625, -3125, 15625], 3.25.af_z_adw, -700 
(-5, 25, -75), [1, -5, 25, -75, 625, -3125, 15625], 3.25.af_z_acx, -675 
(-5, 25, -50), [1, -5, 25, -50, 625, -3125, 15625], 3.25.af_z_aby, -650 
(-5, 25, -25), [1, -5, 25, -25, 625, -3125, 15625], 3.25.af_z_az, -625 
(-5, 50, -200), [1, -5, 50, -200, 1250, -3125, 15625], 3.25.af_by_ahs, -2675 
(-5, 50, -150), [1, -5, 50, -150, 1250, -3125, 15625], 3.25.af_by_afu, -2625 
(0, 0, -200), [1, 0, 0, -200, 0, 0, 15625], 3.25.a_a_ahs, -200 
(0, 0, -150), [1, 0, 0, -150, 0, 0, 15625], 3.25.a_a_afu, -150 
(0, 0, -100), [1, 0, 0, -100, 0, 0, 15625], 3.25.a_a_adw, -100 
(0, 0, -50), [1, 0, 0, -50, 0, 0, 15625], 3.25.a_a_aby, -50 
(0, 0, 50), [1, 0, 0, 50, 0, 0, 15625], 3.25.a_a_by, 50 
(0, 0, 100), [1, 0, 0, 100, 0, 0, 15625], 3.25.a_a_dw, 100 
(0, 0, 150), [1, 0, 0, 150, 0, 0, 15625], 3.25.a_a_fu, 150 
(0, 0, 200), [1, 0, 0, 200, 0, 0, 15625], 3.25.a_a_hs, 200 
(0, 25, -100), [1, 0, 25, -100, 625, 0, 15625], 3.25.a_z_adw, -725 
(0, 25, -75), [1, 0, 25, -75, 625, 0, 15625], 3.25.a_z_acx, -700 
(0, 25, -50), [1, 0, 25, -50, 625, 0, 15625], 3.25.a_z_aby, -675 
(0, 25, -25), [1, 0, 25, -25, 625, 0, 15625], 3.25.a_z_az, -650 
(0, 25, 25), [1, 0, 25, 25, 625, 0, 15625], 3.25.a_z_z, -600 
(0, 25, 50), [1, 0, 25, 50, 625, 0, 15625], 3.25.a_z_by, -575 
(0, 25, 75), [1, 0, 25, 75, 625, 0, 15625], 3.25.a_z_cx, -550 
(0, 25, 100), [1, 0, 25, 100, 625, 0, 15625], 3.25.a_z_dw, -525 
(5, 0, -150), [1, 5, 0, -150, 0, 3125, 15625], 3.25.f_a_afu, -125 
(5, 0, -100), [1, 5, 0, -100, 0, 3125, 15625], 3.25.f_a_adw, -75 
(5, 0, -50), [1, 5, 0, -50, 0, 3125, 15625], 3.25.f_a_aby, -25 
(5, 25, 25), [1, 5, 25, 25, 625, 3125, 15625], 3.25.f_z_z, -575 
(5, 25, 50), [1, 5, 25, 50, 625, 3125, 15625], 3.25.f_z_by, -550 
(5, 25, 75), [1, 5, 25, 75, 625, 3125, 15625], 3.25.f_z_cx, -525 
(5, 25, 100), [1, 5, 25, 100, 625, 3125, 15625], 3.25.f_z_dw, -500 
(5, 25, 150), [1, 5, 25, 150, 625, 3125, 15625], 3.25.f_z_fu, -450 
(5, 25, 175), [1, 5, 25, 175, 625, 3125, 15625], 3.25.f_z_gt, -425 
(5, 25, 200), [1, 5, 25, 200, 625, 3125, 15625], 3.25.f_z_hs, -400 
(5, 25, 225), [1, 5, 25, 225, 625, 3125, 15625], 3.25.f_z_ir, -375 
(5, 50, 150), [1, 5, 50, 150, 1250, 3125, 15625], 3.25.f_by_fu, -2325 
(5, 50, 200), [1, 5, 50, 200, 1250, 3125, 15625], 3.25.f_by_hs, -2275 
(10, 75, 400), [1, 10, 75, 400, 1875, 6250, 15625], 3.25.k_cx_pk, -5125 
(10, 75, 425), [1, 10, 75, 425, 1875, 6250, 15625], 3.25.k_cx_qj, -5100 
(10, 75, 450), [1, 10, 75, 450, 1875, 6250, 15625], 3.25.k_cx_ri, -5075 
(10, 75, 475), [1, 10, 75, 475, 1875, 6250, 15625], 3.25.k_cx_sh, -5050 
(15, 125, 725), [1, 15, 125, 725, 3125, 9375, 15625], 3.25.p_ev_bbx, -14675 
