(-7, -7, -4), [1, -18, 144, -664, 1872, -3042, 2197], 3.13.as_fo_azo, -4 
(-7, -6, -4), [1, -17, 133, -610, 1729, -2873, 2197], 3.13.ar_fd_axm, 9 
(-7, -7, -2), [1, -16, 116, -514, 1508, -2704, 2197], 3.13.aq_em_atu, -2 
(-7, -6, -3), [1, -16, 120, -542, 1560, -2704, 2197], 3.13.aq_eq_auw, 10 
(-7, -5, -4), [1, -16, 122, -556, 1586, -2704, 2197], 3.13.aq_es_avk, 20 
(-6, -6, -4), [1, -16, 123, -560, 1599, -2704, 2197], 3.13.aq_et_avo, -4 
(-7, -6, -2), [1, -15, 107, -474, 1391, -2535, 2197], 3.13.ap_ed_asg, 11 
(-7, -4, -4), [1, -15, 111, -502, 1443, -2535, 2197], 3.13.ap_eh_ati, 29 
(-6, -6, -3), [1, -15, 111, -498, 1443, -2535, 2197], 3.13.ap_eh_ate, -3 
(-7, -5, -2), [1, -14, 98, -434, 1274, -2366, 2197], 3.13.ao_du_aqs, 22 
(-7, -4, -3), [1, -14, 100, -448, 1300, -2366, 2197], 3.13.ao_dw_arg, 30 
(-6, -6, -1), [1, -13, 87, -374, 1131, -2197, 2197], 3.13.an_dj_aok, -1 
(-6, -5, -2), [1, -13, 91, -398, 1183, -2197, 2197], 3.13.an_dn_api, 9 
(-6, -4, -3), [1, -13, 93, -410, 1209, -2197, 2197], 3.13.an_dp_apu, 17 
(-6, -3, -2), [1, -11, 75, -322, 975, -1859, 2197], 3.13.al_cx_amk, 25 
(-5, -4, -2), [1, -11, 77, -326, 1001, -1859, 2197], 3.13.al_cz_amo, 7 
(-5, -2, -2), [1, -9, 63, -254, 819, -1521, 2197], 3.13.aj_cl_aju, 19 
(-4, -4, -1), [1, -9, 63, -250, 819, -1521, 2197], 3.13.aj_cl_ajq, -1 
(-4, -2, -2), [1, -8, 59, -224, 767, -1352, 2197], 3.13.ai_ch_aiq, 10 
(-4, -2, -1), [1, -7, 53, -190, 689, -1183, 2197], 3.13.ah_cb_ahi, 11 
(1, 2, 4), [1, 7, 53, 190, 689, 1183, 2197], 3.13.h_cb_hi, 1 
(2, 2, 4), [1, 8, 59, 224, 767, 1352, 2197], 3.13.i_ch_iq, 4 
(1, 4, 4), [1, 9, 63, 250, 819, 1521, 2197], 3.13.j_cl_jq, -11 
(2, 2, 5), [1, 9, 63, 254, 819, 1521, 2197], 3.13.j_cl_ju, 5 
(2, 3, 6), [1, 11, 75, 322, 975, 1859, 2197], 3.13.l_cx_mk, 1 
(2, 4, 5), [1, 11, 77, 326, 1001, 1859, 2197], 3.13.l_cz_mo, -7 
(1, 6, 6), [1, 13, 87, 374, 1131, 2197, 2197], 3.13.n_dj_ok, -29 
(2, 5, 6), [1, 13, 91, 398, 1183, 2197, 2197], 3.13.n_dn_pi, -15 
(3, 4, 6), [1, 13, 93, 410, 1209, 2197, 2197], 3.13.n_dp_pu, -1 
(2, 5, 7), [1, 14, 98, 434, 1274, 2366, 2197], 3.13.o_du_qs, -14 
(3, 4, 7), [1, 14, 100, 448, 1300, 2366, 2197], 3.13.o_dw_rg, 0 
(2, 6, 7), [1, 15, 107, 474, 1391, 2535, 2197], 3.13.p_ed_sg, -25 
(3, 6, 6), [1, 15, 111, 498, 1443, 2535, 2197], 3.13.p_eh_te, -21 
(4, 4, 7), [1, 15, 111, 502, 1443, 2535, 2197], 3.13.p_eh_ti, 7 
(2, 7, 7), [1, 16, 116, 514, 1508, 2704, 2197], 3.13.q_em_tu, -38 
(3, 6, 7), [1, 16, 120, 542, 1560, 2704, 2197], 3.13.q_eq_uw, -20 
(4, 5, 7), [1, 16, 122, 556, 1586, 2704, 2197], 3.13.q_es_vk, -2 
(4, 6, 6), [1, 16, 123, 560, 1599, 2704, 2197], 3.13.q_et_vo, -14 
(4, 6, 7), [1, 17, 133, 610, 1729, 2873, 2197], 3.13.r_fd_xm, -13 
(4, 7, 7), [1, 18, 144, 664, 1872, 3042, 2197], 3.13.s_fo_zo, -26 
