(-6, -6, -4), [1, -16, 117, -496, 1287, -1936, 1331], 3.11.aq_en_atc, -4 
(-6, -6, -3), [1, -15, 105, -438, 1155, -1815, 1331], 3.11.ap_eb_aqw, -3 
(-6, -6, -2), [1, -14, 93, -380, 1023, -1694, 1331], 3.11.ao_dp_aoq, -2 
(-6, -5, -3), [1, -14, 96, -398, 1056, -1694, 1331], 3.11.ao_ds_api, 8 
(-6, -4, -4), [1, -14, 97, -404, 1067, -1694, 1331], 3.11.ao_dt_apo, 16 
(-6, -6, -1), [1, -13, 81, -322, 891, -1573, 1331], 3.11.an_dd_amk, -1 
(-6, -5, -2), [1, -13, 85, -346, 935, -1573, 1331], 3.11.an_dh_ani, 9 
(-6, -4, -3), [1, -13, 87, -358, 957, -1573, 1331], 3.11.an_dj_anu, 17 
(-6, -3, -2), [1, -11, 69, -278, 759, -1331, 1331], 3.11.al_cr_aks, 25 
(-5, -4, -2), [1, -11, 71, -282, 781, -1331, 1331], 3.11.al_ct_akw, 7 
(-4, -4, -2), [1, -10, 65, -252, 715, -1210, 1331], 3.11.ak_cn_ajs, -2 
(-5, -2, -2), [1, -9, 57, -218, 627, -1089, 1331], 3.11.aj_cf_aik, 19 
(-4, -4, -1), [1, -9, 57, -214, 627, -1089, 1331], 3.11.aj_cf_aig, -1 
(-4, -2, -1), [1, -7, 47, -162, 517, -847, 1331], 3.11.ah_bv_agg, 11 
(-6, -5, 6), [1, -5, -3, 70, -33, -605, 1331], 3.11.af_ad_cs, 17 
(-6, 5, 6), [1, 5, -3, -70, -33, 605, 1331], 3.11.f_ad_acs, 17 
(1, 2, 4), [1, 7, 47, 162, 517, 847, 1331], 3.11.h_bv_gg, 1 
(1, 4, 4), [1, 9, 57, 214, 627, 1089, 1331], 3.11.j_cf_ig, -11 
(2, 2, 5), [1, 9, 57, 218, 627, 1089, 1331], 3.11.j_cf_ik, 5 
(2, 4, 4), [1, 10, 65, 252, 715, 1210, 1331], 3.11.k_cn_js, -8 
(2, 3, 6), [1, 11, 69, 278, 759, 1331, 1331], 3.11.l_cr_ks, 1 
(2, 4, 5), [1, 11, 71, 282, 781, 1331, 1331], 3.11.l_ct_kw, -7 
(1, 6, 6), [1, 13, 81, 322, 891, 1573, 1331], 3.11.n_dd_mk, -29 
(2, 5, 6), [1, 13, 85, 346, 935, 1573, 1331], 3.11.n_dh_ni, -15 
(3, 4, 6), [1, 13, 87, 358, 957, 1573, 1331], 3.11.n_dj_nu, -1 
(2, 6, 6), [1, 14, 93, 380, 1023, 1694, 1331], 3.11.o_dp_oq, -26 
(3, 5, 6), [1, 14, 96, 398, 1056, 1694, 1331], 3.11.o_ds_pi, -10 
(4, 4, 6), [1, 14, 97, 404, 1067, 1694, 1331], 3.11.o_dt_po, 6 
(3, 6, 6), [1, 15, 105, 438, 1155, 1815, 1331], 3.11.p_eb_qw, -21 
(4, 6, 6), [1, 16, 117, 496, 1287, 1936, 1331], 3.11.q_en_tc, -14 
