(-9, -9, -9), [1, -27, 318, -2079, 7950, -16875, 15625], 3.25.abb_mg_adbz, -9 
(-9, -9, -8), [1, -26, 300, -1948, 7500, -16250, 15625], 3.25.aba_lo_acwy, -8 
(-9, -9, -7), [1, -25, 282, -1817, 7050, -15625, 15625], 3.25.az_kw_acrx, -7 
(-9, -8, -8), [1, -25, 283, -1826, 7075, -15625, 15625], 3.25.az_kx_acsg, 9 
(-9, -8, -7), [1, -24, 266, -1704, 6650, -15000, 15625], 3.25.ay_kg_acno, 10 
(-9, -8, -6), [1, -23, 249, -1582, 6225, -14375, 15625], 3.25.ax_jp_aciw, 11 
(-9, -7, -7), [1, -23, 250, -1591, 6250, -14375, 15625], 3.25.ax_jq_acjf, 25 
(-8, -8, -7), [1, -23, 251, -1598, 6275, -14375, 15625], 3.25.ax_jr_acjm, -7 
(-9, -9, -4), [1, -22, 228, -1424, 5700, -13750, 15625], 3.25.aw_iu_accu, -4 
(-9, -7, -6), [1, -22, 234, -1478, 5850, -13750, 15625], 3.25.aw_ja_acew, 26 
(-8, -7, -7), [1, -22, 236, -1492, 5900, -13750, 15625], 3.25.aw_jc_acfk, 8 
(-9, -9, -3), [1, -21, 210, -1293, 5250, -13125, 15625], 3.25.av_ic_abxt, -3 
(-9, -6, -6), [1, -21, 219, -1374, 5475, -13125, 15625], 3.25.av_il_acaw, 39 
(-8, -7, -6), [1, -21, 221, -1386, 5525, -13125, 15625], 3.25.av_in_acbi, 9 
(-7, -7, -7), [1, -21, 222, -1393, 5550, -13125, 15625], 3.25.av_io_acbp, -7 
(-9, -9, -2), [1, -20, 192, -1162, 4800, -12500, 15625], 3.25.au_hk_abss, -2 
(-8, -6, -6), [1, -20, 207, -1288, 5175, -12500, 15625], 3.25.au_hz_abxo, 22 
(-7, -7, -6), [1, -20, 208, -1294, 5200, -12500, 15625], 3.25.au_ia_abxu, -6 
(-9, -9, -1), [1, -19, 174, -1031, 4350, -11875, 15625], 3.25.at_gs_abnr, -1 
(-9, -7, -3), [1, -19, 186, -1139, 4650, -11875, 15625], 3.25.at_he_abrv, 29 
(-8, -8, -3), [1, -19, 187, -1142, 4675, -11875, 15625], 3.25.at_hf_abry, -3 
(-8, -7, -4), [1, -19, 191, -1174, 4775, -11875, 15625], 3.25.at_hj_abte, 11 
(-7, -6, -6), [1, -19, 195, -1202, 4875, -11875, 15625], 3.25.at_hn_abug, 7 
(-9, -9, 1), [1, -17, 138, -769, 3450, -10625, 15625], 3.25.ar_fi_abdp, 1 
(-9, -7, -1), [1, -17, 154, -913, 3850, -10625, 15625], 3.25.ar_fy_abjd, 31 
(-7, -7, -3), [1, -17, 166, -997, 4150, -10625, 15625], 3.25.ar_gk_abmj, -3 
(-7, -6, -4), [1, -17, 169, -1018, 4225, -10625, 15625], 3.25.ar_gn_abne, 9 
(-6, -6, -4), [1, -16, 159, -944, 3975, -10000, 15625], 3.25.aq_gd_abki, -4 
(-9, -9, 3), [1, -15, 102, -507, 2550, -9375, 15625], 3.25.ap_dy_atn, 3 
(-9, -7, 1), [1, -15, 122, -687, 3050, -9375, 15625], 3.25.ap_es_abal, 33 
(-9, -3, -3), [1, -15, 138, -831, 3450, -9375, 15625], 3.25.ap_fi_abfz, 69 
(-7, -7, -1), [1, -15, 138, -799, 3450, -9375, 15625], 3.25.ap_fi_abet, -1 
(-7, -4, -4), [1, -15, 147, -862, 3675, -9375, 15625], 3.25.ap_fr_abhe, 29 
(-6, -6, -3), [1, -15, 147, -858, 3675, -9375, 15625], 3.25.ap_fr_abha, -3 
(-9, -7, 3), [1, -13, 90, -461, 2250, -8125, 15625], 3.25.an_dm_art, 35 
(-7, -7, 1), [1, -13, 110, -601, 2750, -8125, 15625], 3.25.an_eg_axd, 1 
(-9, -3, -1), [1, -13, 114, -677, 2850, -8125, 15625], 3.25.an_ek_abab, 71 
(-7, -3, -3), [1, -13, 126, -713, 3150, -8125, 15625], 3.25.an_ew_abbl, 37 
(-6, -4, -3), [1, -13, 129, -722, 3225, -8125, 15625], 3.25.an_ez_abbu, 17 
(-9, -9, 7), [1, -11, 30, 17, 750, -6875, 15625], 3.25.al_be_r, 7 
(-7, -7, 3), [1, -11, 82, -403, 2050, -6875, 15625], 3.25.al_de_apn, 3 
(-9, -3, 1), [1, -11, 90, -523, 2250, -6875, 15625], 3.25.al_dm_aud, 73 
(-9, -1, -1), [1, -11, 94, -559, 2350, -6875, 15625], 3.25.al_dq_avn, 79 
(-7, -3, -1), [1, -11, 106, -571, 2650, -6875, 15625], 3.25.al_ec_avz, 39 
(-6, -3, -2), [1, -11, 111, -586, 2775, -6875, 15625], 3.25.al_eh_awo, 25 
(-4, -4, -3), [1, -11, 115, -598, 2875, -6875, 15625], 3.25.al_el_axa, -3 
(-4, -3, -3), [1, -10, 108, -536, 2700, -6250, 15625], 3.25.ak_ee_auq, 4 
(-9, -9, 9), [1, -9, -6, 279, -150, -5625, 15625], 3.25.aj_ag_kt, 9 
(-9, -7, 7), [1, -9, 26, -9, 650, -5625, 15625], 3.25.aj_ba_aj, 39 
(-9, -3, 3), [1, -9, 66, -369, 1650, -5625, 15625], 3.25.aj_co_aof, 75 
(-9, -1, 1), [1, -9, 74, -441, 1850, -5625, 15625], 3.25.aj_cw_aqz, 81 
(-7, -3, 1), [1, -9, 86, -429, 2150, -5625, 15625], 3.25.aj_di_aqn, 41 
(-7, -1, -1), [1, -9, 90, -457, 2250, -5625, 15625], 3.25.aj_dm_arp, 47 
(-4, -4, -1), [1, -9, 99, -466, 2475, -5625, 15625], 3.25.aj_dv_ary, -1 
(-4, -3, -2), [1, -9, 101, -474, 2525, -5625, 15625], 3.25.aj_dx_asg, 5 
(-3, -3, -3), [1, -9, 102, -477, 2550, -5625, 15625], 3.25.aj_dy_asj, -3 
(-4, -2, -2), [1, -8, 95, -416, 2375, -5000, 15625], 3.25.ai_dr_aqa, 10 
(-3, -3, -2), [1, -8, 96, -418, 2400, -5000, 15625], 3.25.ai_ds_aqc, -2 
(-9, -7, 9), [1, -7, -6, 217, -150, -4375, 15625], 3.25.ah_ag_ij, 41 
(-7, -7, 7), [1, -7, 26, -7, 650, -4375, 15625], 3.25.ah_ba_ah, 7 
(-9, -1, 3), [1, -7, 54, -323, 1350, -4375, 15625], 3.25.ah_cc_aml, 83 
(-9, 1, 1), [1, -7, 58, -359, 1450, -4375, 15625], 3.25.ah_cg_anv, 81 
(-7, -3, 3), [1, -7, 66, -287, 1650, -4375, 15625], 3.25.ah_co_alb, 43 
(-7, -1, 1), [1, -7, 74, -343, 1850, -4375, 15625], 3.25.ah_cw_anf, 49 
(-4, -2, -1), [1, -7, 89, -358, 2225, -4375, 15625], 3.25.ah_dl_anu, 11 
(-3, -3, -1), [1, -7, 90, -359, 2250, -4375, 15625], 3.25.ah_dm_anv, -1 
(-3, -2, -2), [1, -7, 91, -362, 2275, -4375, 15625], 3.25.ah_dn_any, 3 
(-3, -2, -1), [1, -6, 86, -306, 2150, -3750, 15625], 3.25.ag_di_alu, 4 
(-7, -7, 9), [1, -5, -2, 191, -50, -3125, 15625], 3.25.af_ac_hj, 9 
(-9, -3, 7), [1, -5, 18, -61, 450, -3125, 15625], 3.25.af_s_acj, 79 
(-9, 1, 3), [1, -5, 42, -277, 1050, -3125, 15625], 3.25.af_bq_akr, 83 
(-7, -1, 3), [1, -5, 58, -229, 1450, -3125, 15625], 3.25.af_cg_aiv, 51 
(-7, 1, 1), [1, -5, 62, -257, 1550, -3125, 15625], 3.25.af_ck_ajx, 49 
(-3, -3, 1), [1, -5, 78, -241, 1950, -3125, 15625], 3.25.af_da_ajh, 1 
(-3, -1, -1), [1, -5, 82, -253, 2050, -3125, 15625], 3.25.af_de_ajt, 7 
(-2, -2, -1), [1, -5, 83, -254, 2075, -3125, 15625], 3.25.af_df_aju, -1 
(-2, -1, -1), [1, -4, 80, -202, 2000, -2500, 15625], 3.25.ae_dc_ahu, 2 
(-9, -3, 9), [1, -3, -6, 93, -150, -1875, 15625], 3.25.ad_ag_dp, 81 
(-9, -1, 7), [1, -3, 14, -87, 350, -1875, 15625], 3.25.ad_o_adj, 87 
(-7, -3, 7), [1, -3, 26, -3, 650, -1875, 15625], 3.25.ad_ba_ad, 47 
(-9, 3, 3), [1, -3, 30, -231, 750, -1875, 15625], 3.25.ad_be_aix, 75 
(-7, 1, 3), [1, -3, 50, -171, 1250, -1875, 15625], 3.25.ad_by_agp, 51 
(-3, -3, 3), [1, -3, 66, -123, 1650, -1875, 15625], 3.25.ad_co_aet, 3 
(-3, -1, 1), [1, -3, 74, -147, 1850, -1875, 15625], 3.25.ad_cw_afr, 9 
(-2, -2, 1), [1, -3, 75, -146, 1875, -1875, 15625], 3.25.ad_cx_afq, 1 
(-1, -1, -1), [1, -3, 78, -151, 1950, -1875, 15625], 3.25.ad_da_afv, -1 
(-9, -1, 9), [1, -1, -6, 31, -150, -625, 15625], 3.25.ab_ag_bf, 89 
(-7, -3, 9), [1, -1, 6, 139, 150, -625, 15625], 3.25.ab_g_fj, 49 
(-9, 1, 7), [1, -1, 10, -113, 250, -625, 15625], 3.25.ab_k_aej, 87 
(-7, -1, 7), [1, -1, 26, -1, 650, -625, 15625], 3.25.ab_ba_ab, 55 
(-7, 3, 3), [1, -1, 42, -113, 1050, -625, 15625], 3.25.ab_bq_aej, 43 
(-3, -1, 3), [1, -1, 66, -41, 1650, -625, 15625], 3.25.ab_co_abp, 11 
(-3, 1, 1), [1, -1, 70, -53, 1750, -625, 15625], 3.25.ab_cs_acb, 9 
(-2, -1, 2), [1, -1, 71, -46, 1775, -625, 15625], 3.25.ab_ct_abu, 5 
(-1, -1, 1), [1, -1, 74, -49, 1850, -625, 15625], 3.25.ab_cw_abx, 1 
(-9, 1, 9), [1, 1, -6, -31, -150, 625, 15625], 3.25.b_ag_abf, 89 
(-9, 3, 7), [1, 1, 6, -139, 150, 625, 15625], 3.25.b_g_afj, 79 
(-7, -1, 9), [1, 1, 10, 113, 250, 625, 15625], 3.25.b_k_ej, 57 
(-7, 1, 7), [1, 1, 26, 1, 650, 625, 15625], 3.25.b_ba_b, 55 
(-3, -3, 7), [1, 1, 42, 113, 1050, 625, 15625], 3.25.b_bq_ej, 7 
(-3, 1, 3), [1, 1, 66, 41, 1650, 625, 15625], 3.25.b_co_bp, 11 
(-1, -1, 3), [1, 1, 70, 53, 1750, 625, 15625], 3.25.b_cs_cb, 3 
(-2, 1, 2), [1, 1, 71, 46, 1775, 625, 15625], 3.25.b_ct_bu, 5 
(-1, 1, 1), [1, 1, 74, 49, 1850, 625, 15625], 3.25.b_cw_bx, 1 
(-9, 3, 9), [1, 3, -6, -93, -150, 1875, 15625], 3.25.d_ag_adp, 81 
(-7, 1, 9), [1, 3, 14, 87, 350, 1875, 15625], 3.25.d_o_dj, 57 
(-7, 3, 7), [1, 3, 26, 3, 650, 1875, 15625], 3.25.d_ba_d, 47 
(-3, -3, 9), [1, 3, 30, 231, 750, 1875, 15625], 3.25.d_be_ix, 9 
(-3, -1, 7), [1, 3, 50, 171, 1250, 1875, 15625], 3.25.d_by_gp, 15 
(-3, 3, 3), [1, 3, 66, 123, 1650, 1875, 15625], 3.25.d_co_et, 3 
(-1, 1, 3), [1, 3, 74, 147, 1850, 1875, 15625], 3.25.d_cw_fr, 3 
(-1, 2, 2), [1, 3, 75, 146, 1875, 1875, 15625], 3.25.d_cx_fq, -1 
(1, 1, 1), [1, 3, 78, 151, 1950, 1875, 15625], 3.25.d_da_fv, 1 
(1, 1, 2), [1, 4, 80, 202, 2000, 2500, 15625], 3.25.e_dc_hu, 2 
(-9, 7, 7), [1, 5, -2, -191, -50, 3125, 15625], 3.25.f_ac_ahj, 39 
(-7, 3, 9), [1, 5, 18, 61, 450, 3125, 15625], 3.25.f_s_cj, 49 
(-3, -1, 9), [1, 5, 42, 277, 1050, 3125, 15625], 3.25.f_bq_kr, 17 
(-3, 1, 7), [1, 5, 58, 229, 1450, 3125, 15625], 3.25.f_cg_iv, 15 
(-1, -1, 7), [1, 5, 62, 257, 1550, 3125, 15625], 3.25.f_ck_jx, 7 
(-1, 3, 3), [1, 5, 78, 241, 1950, 3125, 15625], 3.25.f_da_jh, -5 
(1, 1, 3), [1, 5, 82, 253, 2050, 3125, 15625], 3.25.f_de_jt, 3 
(1, 2, 2), [1, 5, 83, 254, 2075, 3125, 15625], 3.25.f_df_ju, -1 
(1, 2, 3), [1, 6, 86, 306, 2150, 3750, 15625], 3.25.g_di_lu, 0 
(-9, 7, 9), [1, 7, -6, -217, -150, 4375, 15625], 3.25.h_ag_aij, 41 
(-7, 7, 7), [1, 7, 26, 7, 650, 4375, 15625], 3.25.h_ba_h, 7 
(-3, 1, 9), [1, 7, 54, 323, 1350, 4375, 15625], 3.25.h_cc_ml, 17 
(-1, -1, 9), [1, 7, 58, 359, 1450, 4375, 15625], 3.25.h_cg_nv, 9 
(-3, 3, 7), [1, 7, 66, 287, 1650, 4375, 15625], 3.25.h_co_lb, 7 
(-1, 1, 7), [1, 7, 74, 343, 1850, 4375, 15625], 3.25.h_cw_nf, 7 
(1, 2, 4), [1, 7, 89, 358, 2225, 4375, 15625], 3.25.h_dl_nu, 1 
(1, 3, 3), [1, 7, 90, 359, 2250, 4375, 15625], 3.25.h_dm_nv, -5 
(2, 2, 3), [1, 7, 91, 362, 2275, 4375, 15625], 3.25.h_dn_ny, 3 
(2, 2, 4), [1, 8, 95, 416, 2375, 5000, 15625], 3.25.i_dr_qa, 4 
(2, 3, 3), [1, 8, 96, 418, 2400, 5000, 15625], 3.25.i_ds_qc, -2 
(-9, 9, 9), [1, 9, -6, -279, -150, 5625, 15625], 3.25.j_ag_akt, 9 
(-7, 7, 9), [1, 9, 26, 9, 650, 5625, 15625], 3.25.j_ba_j, 9 
(-3, 3, 9), [1, 9, 66, 369, 1650, 5625, 15625], 3.25.j_co_of, 9 
(-1, 1, 9), [1, 9, 74, 441, 1850, 5625, 15625], 3.25.j_cw_qz, 9 
(-1, 3, 7), [1, 9, 86, 429, 2150, 5625, 15625], 3.25.j_di_qn, -1 
(1, 1, 7), [1, 9, 90, 457, 2250, 5625, 15625], 3.25.j_dm_rp, 7 
(1, 4, 4), [1, 9, 99, 466, 2475, 5625, 15625], 3.25.j_dv_ry, -11 
(2, 3, 4), [1, 9, 101, 474, 2525, 5625, 15625], 3.25.j_dx_sg, -1 
(3, 3, 3), [1, 9, 102, 477, 2550, 5625, 15625], 3.25.j_dy_sj, 3 
(3, 3, 4), [1, 10, 108, 536, 2700, 6250, 15625], 3.25.k_ee_uq, 4 
(-7, 9, 9), [1, 11, 30, -17, 750, 6875, 15625], 3.25.l_be_ar, -23 
(-3, 7, 7), [1, 11, 82, 403, 2050, 6875, 15625], 3.25.l_de_pn, -33 
(-1, 3, 9), [1, 11, 90, 523, 2250, 6875, 15625], 3.25.l_dm_ud, 1 
(1, 1, 9), [1, 11, 94, 559, 2350, 6875, 15625], 3.25.l_dq_vn, 9 
(1, 3, 7), [1, 11, 106, 571, 2650, 6875, 15625], 3.25.l_ec_vz, -1 
(2, 3, 6), [1, 11, 111, 586, 2775, 6875, 15625], 3.25.l_eh_wo, 1 
(3, 4, 4), [1, 11, 115, 598, 2875, 6875, 15625], 3.25.l_el_xa, -3 
(-3, 7, 9), [1, 13, 90, 461, 2250, 8125, 15625], 3.25.n_dm_rt, -31 
(-1, 7, 7), [1, 13, 110, 601, 2750, 8125, 15625], 3.25.n_eg_xd, -41 
(1, 3, 9), [1, 13, 114, 677, 2850, 8125, 15625], 3.25.n_ek_bab, 1 
(3, 3, 7), [1, 13, 126, 713, 3150, 8125, 15625], 3.25.n_ew_bbl, 7 
(3, 4, 6), [1, 13, 129, 722, 3225, 8125, 15625], 3.25.n_ez_bbu, -1 
(-3, 9, 9), [1, 15, 102, 507, 2550, 9375, 15625], 3.25.p_dy_tn, -63 
(-1, 7, 9), [1, 15, 122, 687, 3050, 9375, 15625], 3.25.p_es_bal, -39 
(1, 7, 7), [1, 15, 138, 799, 3450, 9375, 15625], 3.25.p_fi_bet, -41 
(3, 3, 9), [1, 15, 138, 831, 3450, 9375, 15625], 3.25.p_fi_bfz, 9 
(3, 6, 6), [1, 15, 147, 858, 3675, 9375, 15625], 3.25.p_fr_bha, -21 
(4, 4, 7), [1, 15, 147, 862, 3675, 9375, 15625], 3.25.p_fr_bhe, 7 
(4, 6, 6), [1, 16, 159, 944, 3975, 10000, 15625], 3.25.q_gd_bki, -14 
(-1, 9, 9), [1, 17, 138, 769, 3450, 10625, 15625], 3.25.r_fi_bdp, -71 
(1, 7, 9), [1, 17, 154, 913, 3850, 10625, 15625], 3.25.r_fy_bjd, -39 
(3, 7, 7), [1, 17, 166, 997, 4150, 10625, 15625], 3.25.r_gk_bmj, -33 
(4, 6, 7), [1, 17, 169, 1018, 4225, 10625, 15625], 3.25.r_gn_bne, -13 
(1, 9, 9), [1, 19, 174, 1031, 4350, 11875, 15625], 3.25.t_gs_bnr, -71 
(3, 7, 9), [1, 19, 186, 1139, 4650, 11875, 15625], 3.25.t_he_brv, -31 
(3, 8, 8), [1, 19, 187, 1142, 4675, 11875, 15625], 3.25.t_hf_bry, -47 
(4, 7, 8), [1, 19, 191, 1174, 4775, 11875, 15625], 3.25.t_hj_bte, -25 
(6, 6, 7), [1, 19, 195, 1202, 4875, 11875, 15625], 3.25.t_hn_bug, 7 
(2, 9, 9), [1, 20, 192, 1162, 4800, 12500, 15625], 3.25.u_hk_bss, -68 
(6, 6, 8), [1, 20, 207, 1288, 5175, 12500, 15625], 3.25.u_hz_bxo, 8 
(6, 7, 7), [1, 20, 208, 1294, 5200, 12500, 15625], 3.25.u_ia_bxu, -6 
(3, 9, 9), [1, 21, 210, 1293, 5250, 13125, 15625], 3.25.v_ic_bxt, -63 
(6, 6, 9), [1, 21, 219, 1374, 5475, 13125, 15625], 3.25.v_il_caw, 9 
(6, 7, 8), [1, 21, 221, 1386, 5525, 13125, 15625], 3.25.v_in_cbi, -5 
(7, 7, 7), [1, 21, 222, 1393, 5550, 13125, 15625], 3.25.v_io_cbp, 7 
(4, 9, 9), [1, 22, 228, 1424, 5700, 13750, 15625], 3.25.w_iu_ccu, -56 
(6, 7, 9), [1, 22, 234, 1478, 5850, 13750, 15625], 3.25.w_ja_cew, -4 
(7, 7, 8), [1, 22, 236, 1492, 5900, 13750, 15625], 3.25.w_jc_cfk, 8 
(6, 8, 9), [1, 23, 249, 1582, 6225, 14375, 15625], 3.25.x_jp_ciw, -19 
(7, 7, 9), [1, 23, 250, 1591, 6250, 14375, 15625], 3.25.x_jq_cjf, 9 
(7, 8, 8), [1, 23, 251, 1598, 6275, 14375, 15625], 3.25.x_jr_cjm, -7 
(7, 8, 9), [1, 24, 266, 1704, 6650, 15000, 15625], 3.25.y_kg_cno, -6 
(7, 9, 9), [1, 25, 282, 1817, 7050, 15625, 15625], 3.25.z_kw_crx, -23 
(8, 8, 9), [1, 25, 283, 1826, 7075, 15625, 15625], 3.25.z_kx_csg, 9 
(8, 9, 9), [1, 26, 300, 1948, 7500, 16250, 15625], 3.25.ba_lo_cwy, -8 
(9, 9, 9), [1, 27, 318, 2079, 7950, 16875, 15625], 3.25.bb_mg_dbz, 9 
