(-9, -9, -6), [1, -24, 264, -1686, 6600, -15000, 15625], 3.25.ay_ke_acmw, -6 
(-8, -8, -8), [1, -24, 267, -1712, 6675, -15000, 15625], 3.25.ay_kh_acnw, -8 
(-8, -8, -6), [1, -22, 235, -1484, 5875, -13750, 15625], 3.25.aw_jb_acfc, -6 
(-9, -8, -4), [1, -21, 215, -1338, 5375, -13125, 15625], 3.25.av_ih_abzm, 13 
(-9, -8, -3), [1, -20, 198, -1216, 4950, -12500, 15625], 3.25.au_hq_abuu, 14 
(-9, -7, -4), [1, -20, 202, -1252, 5050, -12500, 15625], 3.25.au_hu_abwe, 28 
(-8, -8, -4), [1, -20, 203, -1256, 5075, -12500, 15625], 3.25.au_hv_abwi, -4 
(-9, -8, -2), [1, -19, 181, -1094, 4525, -11875, 15625], 3.25.at_gz_abqc, 15 
(-9, -6, -4), [1, -19, 189, -1166, 4725, -11875, 15625], 3.25.at_hh_absw, 41 
(-9, -8, -1), [1, -18, 164, -972, 4100, -11250, 15625], 3.25.as_gi_ablk, 16 
(-9, -7, -2), [1, -18, 170, -1026, 4250, -11250, 15625], 3.25.as_go_abnm, 30 
(-8, -8, -2), [1, -18, 171, -1028, 4275, -11250, 15625], 3.25.as_gp_abno, -2 
(-9, -6, -3), [1, -18, 174, -1062, 4350, -11250, 15625], 3.25.as_gs_abow, 42 
(-8, -7, -3), [1, -18, 176, -1068, 4400, -11250, 15625], 3.25.as_gu_abpc, 12 
(-8, -6, -4), [1, -18, 179, -1092, 4475, -11250, 15625], 3.25.as_gx_abqa, 24 
(-7, -7, -4), [1, -18, 180, -1096, 4500, -11250, 15625], 3.25.as_gy_abqe, -4 
(-6, -6, -6), [1, -18, 183, -1116, 4575, -11250, 15625], 3.25.as_hb_abqy, -6 
(-8, -8, -1), [1, -17, 155, -914, 3875, -10625, 15625], 3.25.ar_fz_abje, -1 
(-9, -6, -2), [1, -17, 159, -958, 3975, -10625, 15625], 3.25.ar_gd_abkw, 43 
(-8, -7, -2), [1, -17, 161, -962, 4025, -10625, 15625], 3.25.ar_gf_abla, 13 
(-9, -4, -4), [1, -17, 163, -994, 4075, -10625, 15625], 3.25.ar_gh_abmg, 61 
(-8, -6, -3), [1, -17, 165, -994, 4125, -10625, 15625], 3.25.ar_gj_abmg, 25 
(-9, -9, 2), [1, -16, 120, -638, 3000, -10000, 15625], 3.25.aq_eq_ayo, 2 
(-9, -8, 1), [1, -16, 130, -728, 3250, -10000, 15625], 3.25.aq_fa_abca, 18 
(-9, -6, -1), [1, -16, 144, -854, 3600, -10000, 15625], 3.25.aq_fo_abgw, 44 
(-8, -7, -1), [1, -16, 146, -856, 3650, -10000, 15625], 3.25.aq_fq_abgy, 14 
(-9, -4, -3), [1, -16, 150, -908, 3750, -10000, 15625], 3.25.aq_fu_abiy, 62 
(-8, -6, -2), [1, -16, 151, -896, 3775, -10000, 15625], 3.25.aq_fv_abim, 26 
(-7, -7, -2), [1, -16, 152, -898, 3800, -10000, 15625], 3.25.aq_fw_abio, -2 
(-8, -4, -4), [1, -16, 155, -928, 3875, -10000, 15625], 3.25.aq_fz_abjs, 44 
(-7, -6, -3), [1, -16, 156, -926, 3900, -10000, 15625], 3.25.aq_ga_abjq, 10 
(-9, -8, 2), [1, -15, 113, -606, 2825, -9375, 15625], 3.25.ap_ej_axi, 19 
(-8, -8, 1), [1, -15, 123, -686, 3075, -9375, 15625], 3.25.ap_et_abak, 1 
(-9, -4, -2), [1, -15, 137, -822, 3425, -9375, 15625], 3.25.ap_fh_abfq, 63 
(-8, -6, -1), [1, -15, 137, -798, 3425, -9375, 15625], 3.25.ap_fh_abes, 27 
(-8, -4, -3), [1, -15, 143, -846, 3575, -9375, 15625], 3.25.ap_fn_abgo, 45 
(-7, -6, -2), [1, -15, 143, -834, 3575, -9375, 15625], 3.25.ap_fn_abgc, 11 
(-9, -9, 4), [1, -14, 84, -376, 2100, -8750, 15625], 3.25.ao_dg_aom, 4 
(-9, -8, 3), [1, -14, 96, -484, 2400, -8750, 15625], 3.25.ao_ds_asq, 20 
(-9, -7, 2), [1, -14, 106, -574, 2650, -8750, 15625], 3.25.ao_ec_awc, 34 
(-8, -8, 2), [1, -14, 107, -572, 2675, -8750, 15625], 3.25.ao_ed_awa, 2 
(-9, -6, 1), [1, -14, 114, -646, 2850, -8750, 15625], 3.25.ao_ek_ayw, 46 
(-8, -7, 1), [1, -14, 116, -644, 2900, -8750, 15625], 3.25.ao_em_ayu, 16 
(-9, -4, -1), [1, -14, 124, -736, 3100, -8750, 15625], 3.25.ao_eu_abci, 64 
(-9, -3, -2), [1, -14, 126, -754, 3150, -8750, 15625], 3.25.ao_ew_abda, 70 
(-7, -6, -1), [1, -14, 130, -742, 3250, -8750, 15625], 3.25.ao_fa_abco, 12 
(-8, -4, -2), [1, -14, 131, -764, 3275, -8750, 15625], 3.25.ao_fb_abdk, 46 
(-8, -3, -3), [1, -14, 132, -772, 3300, -8750, 15625], 3.25.ao_fc_abds, 52 
(-6, -6, -2), [1, -14, 135, -772, 3375, -8750, 15625], 3.25.ao_ff_abds, -2 
(-7, -4, -3), [1, -14, 136, -784, 3400, -8750, 15625], 3.25.ao_fg_abee, 30 
(-6, -4, -4), [1, -14, 139, -796, 3475, -8750, 15625], 3.25.ao_fj_abeq, 16 
(-9, -8, 4), [1, -13, 79, -362, 1975, -8125, 15625], 3.25.an_db_any, 21 
(-8, -8, 3), [1, -13, 91, -458, 2275, -8125, 15625], 3.25.an_dn_arq, 3 
(-9, -6, 2), [1, -13, 99, -542, 2475, -8125, 15625], 3.25.an_dv_auw, 47 
(-8, -7, 2), [1, -13, 101, -538, 2525, -8125, 15625], 3.25.an_dx_aus, 17 
(-8, -6, 1), [1, -13, 109, -602, 2725, -8125, 15625], 3.25.an_ef_axe, 29 
(-9, -2, -2), [1, -13, 115, -686, 2875, -8125, 15625], 3.25.an_el_abak, 75 
(-8, -4, -1), [1, -13, 119, -682, 2975, -8125, 15625], 3.25.an_ep_abag, 47 
(-8, -3, -2), [1, -13, 121, -698, 3025, -8125, 15625], 3.25.an_er_abaw, 53 
(-6, -6, -1), [1, -13, 123, -686, 3075, -8125, 15625], 3.25.an_et_abak, -1 
(-7, -4, -2), [1, -13, 125, -706, 3125, -8125, 15625], 3.25.an_ev_abbe, 31 
(-9, -9, 6), [1, -12, 48, -114, 1200, -7500, 15625], 3.25.am_bw_aek, 6 
(-9, -7, 4), [1, -12, 74, -348, 1850, -7500, 15625], 3.25.am_cw_ank, 36 
(-8, -8, 4), [1, -12, 75, -344, 1875, -7500, 15625], 3.25.am_cx_ang, 4 
(-9, -6, 3), [1, -12, 84, -438, 2100, -7500, 15625], 3.25.am_dg_aqw, 48 
(-8, -7, 3), [1, -12, 86, -432, 2150, -7500, 15625], 3.25.am_di_aqq, 18 
(-8, -6, 2), [1, -12, 95, -504, 2375, -7500, 15625], 3.25.am_dr_atk, 30 
(-7, -7, 2), [1, -12, 96, -502, 2400, -7500, 15625], 3.25.am_ds_ati, 2 
(-9, -4, 1), [1, -12, 98, -564, 2450, -7500, 15625], 3.25.am_du_avs, 66 
(-9, -2, -1), [1, -12, 104, -618, 2600, -7500, 15625], 3.25.am_ea_axu, 76 
(-7, -6, 1), [1, -12, 104, -558, 2600, -7500, 15625], 3.25.am_ea_avm, 14 
(-8, -3, -1), [1, -12, 110, -624, 2750, -7500, 15625], 3.25.am_eg_aya, 54 
(-8, -2, -2), [1, -12, 111, -632, 2775, -7500, 15625], 3.25.am_eh_ayi, 58 
(-7, -4, -1), [1, -12, 114, -628, 2850, -7500, 15625], 3.25.am_ek_aye, 32 
(-7, -3, -2), [1, -12, 116, -642, 2900, -7500, 15625], 3.25.am_em_ays, 38 
(-6, -4, -2), [1, -12, 119, -648, 2975, -7500, 15625], 3.25.am_ep_ayy, 18 
(-6, -3, -3), [1, -12, 120, -654, 3000, -7500, 15625], 3.25.am_eq_aze, 24 
(-4, -4, -4), [1, -12, 123, -664, 3075, -7500, 15625], 3.25.am_et_azo, -4 
(-9, -8, 6), [1, -11, 45, -118, 1125, -6875, 15625], 3.25.al_bt_aeo, 23 
(-9, -6, 4), [1, -11, 69, -334, 1725, -6875, 15625], 3.25.al_cr_amw, 49 
(-8, -7, 4), [1, -11, 71, -326, 1775, -6875, 15625], 3.25.al_ct_amo, 19 
(-8, -6, 3), [1, -11, 81, -406, 2025, -6875, 15625], 3.25.al_dd_apq, 31 
(-9, -4, 2), [1, -11, 85, -478, 2125, -6875, 15625], 3.25.al_dh_ask, 67 
(-7, -6, 2), [1, -11, 91, -466, 2275, -6875, 15625], 3.25.al_dn_ary, 15 
(-8, -4, 1), [1, -11, 95, -518, 2375, -6875, 15625], 3.25.al_dr_aty, 49 
(-6, -6, 1), [1, -11, 99, -514, 2475, -6875, 15625], 3.25.al_dv_atu, 1 
(-8, -2, -1), [1, -11, 101, -566, 2525, -6875, 15625], 3.25.al_dx_avu, 59 
(-7, -2, -2), [1, -11, 107, -578, 2675, -6875, 15625], 3.25.al_ed_awg, 43 
(-6, -4, -1), [1, -11, 109, -574, 2725, -6875, 15625], 3.25.al_ef_awc, 19 
(-9, -9, 8), [1, -10, 12, 148, 300, -6250, 15625], 3.25.ak_m_fs, 8 
(-9, -8, 7), [1, -10, 28, 4, 700, -6250, 15625], 3.25.ak_bc_e, 24 
(-9, -7, 6), [1, -10, 42, -122, 1050, -6250, 15625], 3.25.ak_bq_aes, 38 
(-8, -8, 6), [1, -10, 43, -116, 1075, -6250, 15625], 3.25.ak_br_aem, 6 
(-8, -6, 4), [1, -10, 67, -308, 1675, -6250, 15625], 3.25.ak_cp_alw, 32 
(-7, -7, 4), [1, -10, 68, -304, 1700, -6250, 15625], 3.25.ak_cq_als, 4 
(-9, -4, 3), [1, -10, 72, -392, 1800, -6250, 15625], 3.25.ak_cu_apc, 68 
(-9, -3, 2), [1, -10, 78, -446, 1950, -6250, 15625], 3.25.ak_da_are, 74 
(-7, -6, 3), [1, -10, 78, -374, 1950, -6250, 15625], 3.25.ak_da_aok, 16 
(-9, -2, 1), [1, -10, 82, -482, 2050, -6250, 15625], 3.25.ak_de_aso, 78 
(-8, -4, 2), [1, -10, 83, -436, 2075, -6250, 15625], 3.25.ak_df_aqu, 50 
(-6, -6, 2), [1, -10, 87, -428, 2175, -6250, 15625], 3.25.ak_dj_aqm, 2 
(-8, -3, 1), [1, -10, 88, -476, 2200, -6250, 15625], 3.25.ak_dk_asi, 56 
(-8, -1, -1), [1, -10, 92, -508, 2300, -6250, 15625], 3.25.ak_do_ato, 62 
(-7, -4, 1), [1, -10, 92, -472, 2300, -6250, 15625], 3.25.ak_do_ase, 34 
(-7, -2, -1), [1, -10, 98, -514, 2450, -6250, 15625], 3.25.ak_du_atu, 44 
(-6, -3, -1), [1, -10, 102, -518, 2550, -6250, 15625], 3.25.ak_dy_aty, 26 
(-6, -2, -2), [1, -10, 103, -524, 2575, -6250, 15625], 3.25.ak_dz_aue, 30 
(-4, -4, -2), [1, -10, 107, -532, 2675, -6250, 15625], 3.25.ak_ed_aum, -2 
(-9, -8, 8), [1, -9, 11, 126, 275, -5625, 15625], 3.25.aj_l_ew, 25 
(-8, -8, 7), [1, -9, 27, -2, 675, -5625, 15625], 3.25.aj_bb_ac, 7 
(-9, -6, 6), [1, -9, 39, -126, 975, -5625, 15625], 3.25.aj_bn_aew, 51 
(-8, -7, 6), [1, -9, 41, -114, 1025, -5625, 15625], 3.25.aj_bp_aek, 21 
(-9, -4, 4), [1, -9, 59, -306, 1475, -5625, 15625], 3.25.aj_ch_alu, 69 
(-7, -6, 4), [1, -9, 65, -282, 1625, -5625, 15625], 3.25.aj_cn_akw, 17 
(-9, -2, 2), [1, -9, 71, -414, 1775, -5625, 15625], 3.25.aj_ct_apy, 79 
(-8, -4, 3), [1, -9, 71, -354, 1775, -5625, 15625], 3.25.aj_ct_anq, 51 
(-6, -6, 3), [1, -9, 75, -342, 1875, -5625, 15625], 3.25.aj_cx_ane, 3 
(-8, -3, 2), [1, -9, 77, -402, 1925, -5625, 15625], 3.25.aj_cz_apm, 57 
(-8, -2, 1), [1, -9, 81, -434, 2025, -5625, 15625], 3.25.aj_dd_aqs, 61 
(-7, -4, 2), [1, -9, 81, -394, 2025, -5625, 15625], 3.25.aj_dd_ape, 35 
(-6, -4, 1), [1, -9, 89, -426, 2225, -5625, 15625], 3.25.aj_dl_aqk, 21 
(-6, -2, -1), [1, -9, 95, -462, 2375, -5625, 15625], 3.25.aj_dr_aru, 31 
(-9, -8, 9), [1, -8, -6, 248, -150, -5000, 15625], 3.25.ai_ag_jo, 26 
(-9, -7, 8), [1, -8, 10, 104, 250, -5000, 15625], 3.25.ai_k_ea, 40 
(-8, -8, 8), [1, -8, 11, 112, 275, -5000, 15625], 3.25.ai_l_ei, 8 
(-9, -6, 7), [1, -8, 24, -22, 600, -5000, 15625], 3.25.ai_y_aw, 52 
(-8, -7, 7), [1, -8, 26, -8, 650, -5000, 15625], 3.25.ai_ba_ai, 22 
(-8, -6, 6), [1, -8, 39, -112, 975, -5000, 15625], 3.25.ai_bn_aei, 34 
(-7, -7, 6), [1, -8, 40, -106, 1000, -5000, 15625], 3.25.ai_bo_aec, 6 
(-9, -3, 4), [1, -8, 54, -292, 1350, -5000, 15625], 3.25.ai_cc_alg, 76 
(-8, -4, 4), [1, -8, 59, -272, 1475, -5000, 15625], 3.25.ai_ch_akm, 52 
(-9, -2, 3), [1, -8, 60, -346, 1500, -5000, 15625], 3.25.ai_ci_ani, 80 
(-6, -6, 4), [1, -8, 63, -256, 1575, -5000, 15625], 3.25.ai_cl_ajw, 4 
(-9, -1, 2), [1, -8, 64, -382, 1600, -5000, 15625], 3.25.ai_cm_aos, 82 
(-8, -3, 3), [1, -8, 66, -328, 1650, -5000, 15625], 3.25.ai_co_amq, 58 
(-7, -4, 3), [1, -8, 70, -316, 1750, -5000, 15625], 3.25.ai_cs_ame, 36 
(-8, -2, 2), [1, -8, 71, -368, 1775, -5000, 15625], 3.25.ai_ct_aoe, 62 
(-8, -1, 1), [1, -8, 74, -392, 1850, -5000, 15625], 3.25.ai_cw_apc, 64 
(-7, -3, 2), [1, -8, 76, -358, 1900, -5000, 15625], 3.25.ai_cy_anu, 42 
(-6, -4, 2), [1, -8, 79, -352, 1975, -5000, 15625], 3.25.ai_db_ano, 22 
(-7, -2, 1), [1, -8, 80, -386, 2000, -5000, 15625], 3.25.ai_dc_aow, 46 
(-6, -3, 1), [1, -8, 84, -382, 2100, -5000, 15625], 3.25.ai_dg_aos, 28 
(-6, -1, -1), [1, -8, 88, -406, 2200, -5000, 15625], 3.25.ai_dk_apq, 34 
(-4, -3, -1), [1, -8, 94, -412, 2350, -5000, 15625], 3.25.ai_dq_apw, 6 
(-8, -8, 9), [1, -7, -5, 226, -125, -4375, 15625], 3.25.ah_af_is, 9 
(-9, -6, 8), [1, -7, 9, 82, 225, -4375, 15625], 3.25.ah_j_de, 53 
(-8, -7, 8), [1, -7, 11, 98, 275, -4375, 15625], 3.25.ah_l_du, 23 
(-8, -6, 7), [1, -7, 25, -14, 625, -4375, 15625], 3.25.ah_z_ao, 35 
(-9, -4, 6), [1, -7, 33, -134, 825, -4375, 15625], 3.25.ah_bh_afe, 71 
(-7, -6, 6), [1, -7, 39, -98, 975, -4375, 15625], 3.25.ah_bn_adu, 19 
(-9, -2, 4), [1, -7, 49, -278, 1225, -4375, 15625], 3.25.ah_bx_aks, 81 
(-8, -3, 4), [1, -7, 55, -254, 1375, -4375, 15625], 3.25.ah_cd_aju, 59 
(-7, -4, 4), [1, -7, 59, -238, 1475, -4375, 15625], 3.25.ah_ch_aje, 37 
(-8, -2, 3), [1, -7, 61, -302, 1525, -4375, 15625], 3.25.ah_cj_alq, 63 
(-8, -1, 2), [1, -7, 65, -334, 1625, -4375, 15625], 3.25.ah_cn_amw, 65 
(-6, -4, 3), [1, -7, 69, -278, 1725, -4375, 15625], 3.25.ah_cr_aks, 23 
(-7, -2, 2), [1, -7, 71, -322, 1775, -4375, 15625], 3.25.ah_ct_amk, 47 
(-6, -3, 2), [1, -7, 75, -314, 1875, -4375, 15625], 3.25.ah_cx_amc, 29 
(-6, -2, 1), [1, -7, 79, -338, 1975, -4375, 15625], 3.25.ah_db_ana, 33 
(-4, -4, 1), [1, -7, 83, -334, 2075, -4375, 15625], 3.25.ah_df_amw, 1 
(-9, -6, 9), [1, -6, -6, 186, -150, -3750, 15625], 3.25.ag_ag_he, 54 
(-8, -7, 9), [1, -6, -4, 204, -100, -3750, 15625], 3.25.ag_ae_hw, 24 
(-8, -6, 8), [1, -6, 11, 84, 275, -3750, 15625], 3.25.ag_l_dg, 36 
(-7, -7, 8), [1, -6, 12, 92, 300, -3750, 15625], 3.25.ag_m_do, 8 
(-9, -4, 7), [1, -6, 20, -48, 500, -3750, 15625], 3.25.ag_u_abw, 72 
(-7, -6, 7), [1, -6, 26, -6, 650, -3750, 15625], 3.25.ag_ba_ag, 20 
(-9, -3, 6), [1, -6, 30, -138, 750, -3750, 15625], 3.25.ag_be_afi, 78 
(-8, -4, 6), [1, -6, 35, -108, 875, -3750, 15625], 3.25.ag_bj_aee, 54 
(-6, -6, 6), [1, -6, 39, -84, 975, -3750, 15625], 3.25.ag_bn_adg, 6 
(-9, -1, 4), [1, -6, 44, -264, 1100, -3750, 15625], 3.25.ag_bs_ake, 84 
(-9, 1, 2), [1, -6, 50, -318, 1250, -3750, 15625], 3.25.ag_by_amg, 82 
(-8, -2, 4), [1, -6, 51, -236, 1275, -3750, 15625], 3.25.ag_bz_ajc, 64 
(-8, -1, 3), [1, -6, 56, -276, 1400, -3750, 15625], 3.25.ag_ce_akq, 66 
(-7, -3, 4), [1, -6, 56, -216, 1400, -3750, 15625], 3.25.ag_ce_aii, 44 
(-6, -4, 4), [1, -6, 59, -204, 1475, -3750, 15625], 3.25.ag_ch_ahw, 24 
(-8, 1, 1), [1, -6, 60, -308, 1500, -3750, 15625], 3.25.ag_ci_alw, 64 
(-7, -2, 3), [1, -6, 62, -258, 1550, -3750, 15625], 3.25.ag_ck_ajy, 48 
(-7, -1, 2), [1, -6, 66, -286, 1650, -3750, 15625], 3.25.ag_co_ala, 50 
(-6, -3, 3), [1, -6, 66, -246, 1650, -3750, 15625], 3.25.ag_co_ajm, 30 
(-6, -2, 2), [1, -6, 71, -276, 1775, -3750, 15625], 3.25.ag_ct_akq, 34 
(-6, -1, 1), [1, -6, 74, -294, 1850, -3750, 15625], 3.25.ag_cw_ali, 36 
(-4, -4, 2), [1, -6, 75, -268, 1875, -3750, 15625], 3.25.ag_cx_aki, 2 
(-4, -3, 1), [1, -6, 80, -288, 2000, -3750, 15625], 3.25.ag_dc_alc, 8 
(-4, -1, -1), [1, -6, 84, -304, 2100, -3750, 15625], 3.25.ag_dg_als, 14 
(-2, -2, -2), [1, -6, 87, -308, 2175, -3750, 15625], 3.25.ag_dj_alw, -2 
(-8, -6, 9), [1, -5, -3, 182, -75, -3125, 15625], 3.25.af_ad_ha, 37 
(-9, -4, 8), [1, -5, 7, 38, 175, -3125, 15625], 3.25.af_h_bm, 73 
(-7, -6, 8), [1, -5, 13, 86, 325, -3125, 15625], 3.25.af_n_di, 21 
(-8, -4, 7), [1, -5, 23, -26, 575, -3125, 15625], 3.25.af_x_aba, 55 
(-9, -2, 6), [1, -5, 27, -142, 675, -3125, 15625], 3.25.af_bb_afm, 83 
(-6, -6, 7), [1, -5, 27, 2, 675, -3125, 15625], 3.25.af_bb_c, 7 
(-8, -3, 6), [1, -5, 33, -106, 825, -3125, 15625], 3.25.af_bh_aec, 61 
(-7, -4, 6), [1, -5, 37, -82, 925, -3125, 15625], 3.25.af_bl_ade, 39 
(-9, 2, 2), [1, -5, 43, -286, 1075, -3125, 15625], 3.25.af_br_ala, 79 
(-8, -1, 4), [1, -5, 47, -218, 1175, -3125, 15625], 3.25.af_bv_aik, 67 
(-8, 1, 2), [1, -5, 53, -266, 1325, -3125, 15625], 3.25.af_cb_akg, 65 
(-7, -2, 4), [1, -5, 53, -194, 1325, -3125, 15625], 3.25.af_cb_ahm, 49 
(-6, -3, 4), [1, -5, 57, -178, 1425, -3125, 15625], 3.25.af_cf_agw, 31 
(-6, -2, 3), [1, -5, 63, -214, 1575, -3125, 15625], 3.25.af_cl_aig, 35 
(-6, -1, 2), [1, -5, 67, -238, 1675, -3125, 15625], 3.25.af_cp_aje, 37 
(-4, -4, 3), [1, -5, 67, -202, 1675, -3125, 15625], 3.25.af_cp_ahu, 3 
(-4, -3, 2), [1, -5, 73, -226, 1825, -3125, 15625], 3.25.af_cv_ais, 9 
(-4, -2, 1), [1, -5, 77, -242, 1925, -3125, 15625], 3.25.af_cz_aji, 13 
(-9, -4, 9), [1, -4, -6, 124, -150, -2500, 15625], 3.25.ae_ag_eu, 74 
(-7, -6, 9), [1, -4, 0, 178, 0, -2500, 15625], 3.25.ae_a_gw, 22 
(-9, -3, 8), [1, -4, 6, 16, 150, -2500, 15625], 3.25.ae_g_q, 80 
(-8, -4, 8), [1, -4, 11, 56, 275, -2500, 15625], 3.25.ae_l_ce, 56 
(-6, -6, 8), [1, -4, 15, 88, 375, -2500, 15625], 3.25.ae_p_dk, 8 
(-9, -2, 7), [1, -4, 16, -74, 400, -2500, 15625], 3.25.ae_q_acw, 84 
(-8, -3, 7), [1, -4, 22, -32, 550, -2500, 15625], 3.25.ae_w_abg, 62 
(-9, -1, 6), [1, -4, 24, -146, 600, -2500, 15625], 3.25.ae_y_afq, 86 
(-7, -4, 7), [1, -4, 26, -4, 650, -2500, 15625], 3.25.ae_ba_ae, 40 
(-8, -2, 6), [1, -4, 31, -104, 775, -2500, 15625], 3.25.ae_bf_aea, 66 
(-9, 1, 4), [1, -4, 34, -236, 850, -2500, 15625], 3.25.ae_bi_ajc, 84 
(-9, 2, 3), [1, -4, 36, -254, 900, -2500, 15625], 3.25.ae_bk_aju, 80 
(-7, -3, 6), [1, -4, 36, -74, 900, -2500, 15625], 3.25.ae_bk_acw, 46 
(-6, -4, 6), [1, -4, 39, -56, 975, -2500, 15625], 3.25.ae_bn_ace, 26 
(-8, 1, 3), [1, -4, 46, -224, 1150, -2500, 15625], 3.25.ae_bu_aiq, 66 
(-8, 2, 2), [1, -4, 47, -232, 1175, -2500, 15625], 3.25.ae_bv_aiy, 62 
(-7, -1, 4), [1, -4, 50, -172, 1250, -2500, 15625], 3.25.ae_by_agq, 52 
(-6, -2, 4), [1, -4, 55, -152, 1375, -2500, 15625], 3.25.ae_cd_afw, 36 
(-7, 1, 2), [1, -4, 56, -214, 1400, -2500, 15625], 3.25.ae_ce_aig, 50 
(-4, -4, 4), [1, -4, 59, -136, 1475, -2500, 15625], 3.25.ae_ch_afg, 4 
(-6, -1, 3), [1, -4, 60, -182, 1500, -2500, 15625], 3.25.ae_ci_aha, 38 
(-6, 1, 1), [1, -4, 64, -206, 1600, -2500, 15625], 3.25.ae_cm_ahy, 36 
(-4, -3, 3), [1, -4, 66, -164, 1650, -2500, 15625], 3.25.ae_co_agi, 10 
(-4, -2, 2), [1, -4, 71, -184, 1775, -2500, 15625], 3.25.ae_ct_ahc, 14 
(-3, -3, 2), [1, -4, 72, -182, 1800, -2500, 15625], 3.25.ae_cu_aha, 2 
(-4, -1, 1), [1, -4, 74, -196, 1850, -2500, 15625], 3.25.ae_cw_aho, 16 
(-3, -2, 1), [1, -4, 76, -194, 1900, -2500, 15625], 3.25.ae_cy_ahm, 6 
(-8, -4, 9), [1, -3, -1, 138, -25, -1875, 15625], 3.25.ad_ab_fi, 57 
(-6, -6, 9), [1, -3, 3, 174, 75, -1875, 15625], 3.25.ad_d_gs, 9 
(-9, -2, 8), [1, -3, 5, -6, 125, -1875, 15625], 3.25.ad_f_ag, 85 
(-8, -3, 8), [1, -3, 11, 42, 275, -1875, 15625], 3.25.ad_l_bq, 63 
(-7, -4, 8), [1, -3, 15, 74, 375, -1875, 15625], 3.25.ad_p_cw, 41 
(-8, -2, 7), [1, -3, 21, -38, 525, -1875, 15625], 3.25.ad_v_abm, 67 
(-9, 2, 4), [1, -3, 29, -222, 725, -1875, 15625], 3.25.ad_bd_aio, 81 
(-8, -1, 6), [1, -3, 29, -102, 725, -1875, 15625], 3.25.ad_bd_ady, 69 
(-6, -4, 7), [1, -3, 29, 18, 725, -1875, 15625], 3.25.ad_bd_s, 27 
(-7, -2, 6), [1, -3, 35, -66, 875, -1875, 15625], 3.25.ad_bj_aco, 51 
(-8, 1, 4), [1, -3, 39, -182, 975, -1875, 15625], 3.25.ad_bn_aha, 67 
(-6, -3, 6), [1, -3, 39, -42, 975, -1875, 15625], 3.25.ad_bn_abq, 33 
(-8, 2, 3), [1, -3, 41, -198, 1025, -1875, 15625], 3.25.ad_bp_ahq, 63 
(-7, 2, 2), [1, -3, 51, -178, 1275, -1875, 15625], 3.25.ad_bz_agw, 47 
(-6, -1, 4), [1, -3, 53, -126, 1325, -1875, 15625], 3.25.ad_cb_aew, 39 
(-6, 1, 2), [1, -3, 59, -162, 1475, -1875, 15625], 3.25.ad_ch_agg, 37 
(-4, -3, 4), [1, -3, 59, -102, 1475, -1875, 15625], 3.25.ad_ch_ady, 11 
(-4, -2, 3), [1, -3, 65, -126, 1625, -1875, 15625], 3.25.ad_cn_aew, 15 
(-4, -1, 2), [1, -3, 69, -142, 1725, -1875, 15625], 3.25.ad_cr_afm, 17 
(-3, -2, 2), [1, -3, 71, -138, 1775, -1875, 15625], 3.25.ad_ct_afi, 7 
(-9, -2, 9), [1, -2, -6, 62, -150, -1250, 15625], 3.25.ac_ag_ck, 86 
(-8, -3, 9), [1, -2, 0, 116, 0, -1250, 15625], 3.25.ac_a_em, 64 
(-9, -1, 8), [1, -2, 4, -28, 100, -1250, 15625], 3.25.ac_e_abc, 88 
(-7, -4, 9), [1, -2, 4, 152, 100, -1250, 15625], 3.25.ac_e_fw, 42 
(-8, -2, 8), [1, -2, 11, 28, 275, -1250, 15625], 3.25.ac_l_bc, 68 
(-7, -3, 8), [1, -2, 16, 68, 400, -1250, 15625], 3.25.ac_q_cq, 48 
(-9, 1, 6), [1, -2, 18, -154, 450, -1250, 15625], 3.25.ac_s_afy, 86 
(-6, -4, 8), [1, -2, 19, 92, 475, -1250, 15625], 3.25.ac_t_do, 28 
(-8, -1, 7), [1, -2, 20, -44, 500, -1250, 15625], 3.25.ac_u_abs, 70 
(-9, 3, 4), [1, -2, 24, -208, 600, -1250, 15625], 3.25.ac_y_aia, 76 
(-7, -2, 7), [1, -2, 26, -2, 650, -1250, 15625], 3.25.ac_ba_ac, 52 
(-6, -3, 7), [1, -2, 30, 26, 750, -1250, 15625], 3.25.ac_be_ba, 34 
(-7, -1, 6), [1, -2, 34, -58, 850, -1250, 15625], 3.25.ac_bi_acg, 54 
(-8, 2, 4), [1, -2, 35, -164, 875, -1250, 15625], 3.25.ac_bj_agi, 64 
(-8, 3, 3), [1, -2, 36, -172, 900, -1250, 15625], 3.25.ac_bk_agq, 58 
(-6, -2, 6), [1, -2, 39, -28, 975, -1250, 15625], 3.25.ac_bn_abc, 38 
(-4, -4, 6), [1, -2, 43, -4, 1075, -1250, 15625], 3.25.ac_br_ae, 6 
(-7, 1, 4), [1, -2, 44, -128, 1100, -1250, 15625], 3.25.ac_bs_aey, 52 
(-7, 2, 3), [1, -2, 46, -142, 1150, -1250, 15625], 3.25.ac_bu_afm, 48 
(-6, 1, 3), [1, -2, 54, -118, 1350, -1250, 15625], 3.25.ac_cc_aeo, 38 
(-6, 2, 2), [1, -2, 55, -124, 1375, -1250, 15625], 3.25.ac_cd_aeu, 34 
(-4, -2, 4), [1, -2, 59, -68, 1475, -1250, 15625], 3.25.ac_ch_acq, 16 
(-3, -3, 4), [1, -2, 60, -64, 1500, -1250, 15625], 3.25.ac_ci_acm, 4 
(-4, -1, 3), [1, -2, 64, -88, 1600, -1250, 15625], 3.25.ac_cm_adk, 18 
(-3, -2, 3), [1, -2, 66, -82, 1650, -1250, 15625], 3.25.ac_co_ade, 8 
(-4, 1, 1), [1, -2, 68, -104, 1700, -1250, 15625], 3.25.ac_cq_aea, 16 
(-3, -1, 2), [1, -2, 70, -94, 1750, -1250, 15625], 3.25.ac_cs_adq, 10 
(-2, -2, 2), [1, -2, 71, -92, 1775, -1250, 15625], 3.25.ac_ct_ado, 2 
(-2, -1, 1), [1, -2, 74, -98, 1850, -1250, 15625], 3.25.ac_cw_adu, 4 
(-8, -2, 9), [1, -1, 1, 94, 25, -625, 15625], 3.25.ab_b_dq, 69 
(-6, -4, 9), [1, -1, 9, 166, 225, -625, 15625], 3.25.ab_j_gk, 29 
(-8, -1, 8), [1, -1, 11, 14, 275, -625, 15625], 3.25.ab_l_o, 71 
(-9, 2, 6), [1, -1, 15, -158, 375, -625, 15625], 3.25.ab_p_agc, 83 
(-7, -2, 8), [1, -1, 17, 62, 425, -625, 15625], 3.25.ab_r_ck, 53 
(-9, 4, 4), [1, -1, 19, -194, 475, -625, 15625], 3.25.ab_t_ahm, 69 
(-6, -3, 8), [1, -1, 21, 94, 525, -625, 15625], 3.25.ab_v_dq, 35 
(-8, 1, 6), [1, -1, 25, -98, 625, -625, 15625], 3.25.ab_z_adu, 69 
(-8, 3, 4), [1, -1, 31, -146, 775, -625, 15625], 3.25.ab_bf_afq, 59 
(-6, -2, 7), [1, -1, 31, 34, 775, -625, 15625], 3.25.ab_bf_bi, 39 
(-4, -4, 7), [1, -1, 35, 62, 875, -625, 15625], 3.25.ab_bj_ck, 7 
(-6, -1, 6), [1, -1, 39, -14, 975, -625, 15625], 3.25.ab_bn_ao, 41 
(-7, 2, 4), [1, -1, 41, -106, 1025, -625, 15625], 3.25.ab_bp_aec, 49 
(-4, -3, 6), [1, -1, 45, 22, 1125, -625, 15625], 3.25.ab_bt_w, 13 
(-6, 1, 4), [1, -1, 49, -74, 1225, -625, 15625], 3.25.ab_bx_acw, 39 
(-6, 2, 3), [1, -1, 51, -86, 1275, -625, 15625], 3.25.ab_bz_adi, 35 
(-4, -1, 4), [1, -1, 59, -34, 1475, -625, 15625], 3.25.ab_ch_abi, 19 
(-3, -2, 4), [1, -1, 61, -26, 1525, -625, 15625], 3.25.ab_cj_aba, 9 
(-4, 1, 2), [1, -1, 65, -58, 1625, -625, 15625], 3.25.ab_cn_acg, 17 
(-2, -2, 3), [1, -1, 67, -38, 1675, -625, 15625], 3.25.ab_cp_abm, 3 
(-9, 1, 8), [1, 0, 2, -72, 50, 0, 15625], 3.25.a_c_acu, 88 
(-8, -1, 9), [1, 0, 2, 72, 50, 0, 15625], 3.25.a_c_cu, 72 
(-9, 2, 7), [1, 0, 8, -126, 200, 0, 15625], 3.25.a_i_aew, 84 
(-7, -2, 9), [1, 0, 8, 126, 200, 0, 15625], 3.25.a_i_ew, 54 
(-9, 3, 6), [1, 0, 12, -162, 300, 0, 15625], 3.25.a_m_agg, 78 
(-6, -3, 9), [1, 0, 12, 162, 300, 0, 15625], 3.25.a_m_gg, 36 
(-8, 1, 7), [1, 0, 18, -56, 450, 0, 15625], 3.25.a_s_ace, 70 
(-7, -1, 8), [1, 0, 18, 56, 450, 0, 15625], 3.25.a_s_ce, 56 
(-8, 2, 6), [1, 0, 23, -96, 575, 0, 15625], 3.25.a_x_ads, 66 
(-6, -2, 8), [1, 0, 23, 96, 575, 0, 15625], 3.25.a_x_ds, 40 
(-8, 4, 4), [1, 0, 27, -128, 675, 0, 15625], 3.25.a_bb_aey, 52 
(-4, -4, 8), [1, 0, 27, 128, 675, 0, 15625], 3.25.a_bb_ey, 8 
(-7, 1, 6), [1, 0, 32, -42, 800, 0, 15625], 3.25.a_bg_abq, 54 
(-6, -1, 7), [1, 0, 32, 42, 800, 0, 15625], 3.25.a_bg_bq, 42 
(-7, 3, 4), [1, 0, 38, -84, 950, 0, 15625], 3.25.a_bm_adg, 44 
(-4, -3, 7), [1, 0, 38, 84, 950, 0, 15625], 3.25.a_bm_dg, 14 
(-6, 2, 4), [1, 0, 47, -48, 1175, 0, 15625], 3.25.a_bv_abw, 36 
(-4, -2, 6), [1, 0, 47, 48, 1175, 0, 15625], 3.25.a_bv_bw, 18 
(-6, 3, 3), [1, 0, 48, -54, 1200, 0, 15625], 3.25.a_bw_acc, 30 
(-3, -3, 6), [1, 0, 48, 54, 1200, 0, 15625], 3.25.a_bw_cc, 6 
(-4, 1, 3), [1, 0, 62, -12, 1550, 0, 15625], 3.25.a_ck_am, 18 
(-3, -1, 4), [1, 0, 62, 12, 1550, 0, 15625], 3.25.a_ck_m, 12 
(-4, 2, 2), [1, 0, 63, -16, 1575, 0, 15625], 3.25.a_cl_aq, 14 
(-2, -2, 4), [1, 0, 63, 16, 1575, 0, 15625], 3.25.a_cl_q, 4 
(-3, 1, 2), [1, 0, 68, -6, 1700, 0, 15625], 3.25.a_cq_ag, 10 
(-2, -1, 3), [1, 0, 68, 6, 1700, 0, 15625], 3.25.a_cq_g, 6 
(-2, 1, 1), [1, 0, 72, -2, 1800, 0, 15625], 3.25.a_cu_ac, 4 
(-1, -1, 2), [1, 0, 72, 2, 1800, 0, 15625], 3.25.a_cu_c, 2 
(-9, 2, 8), [1, 1, 1, -94, 25, 625, 15625], 3.25.b_b_adq, 85 
(-9, 4, 6), [1, 1, 9, -166, 225, 625, 15625], 3.25.b_j_agk, 71 
(-8, 1, 8), [1, 1, 11, -14, 275, 625, 15625], 3.25.b_l_ao, 71 
(-6, -2, 9), [1, 1, 15, 158, 375, 625, 15625], 3.25.b_p_gc, 41 
(-8, 2, 7), [1, 1, 17, -62, 425, 625, 15625], 3.25.b_r_ack, 67 
(-4, -4, 9), [1, 1, 19, 194, 475, 625, 15625], 3.25.b_t_hm, 9 
(-8, 3, 6), [1, 1, 21, -94, 525, 625, 15625], 3.25.b_v_adq, 61 
(-6, -1, 8), [1, 1, 25, 98, 625, 625, 15625], 3.25.b_z_du, 43 
(-7, 2, 6), [1, 1, 31, -34, 775, 625, 15625], 3.25.b_bf_abi, 51 
(-4, -3, 8), [1, 1, 31, 146, 775, 625, 15625], 3.25.b_bf_fq, 15 
(-7, 4, 4), [1, 1, 35, -62, 875, 625, 15625], 3.25.b_bj_ack, 37 
(-6, 1, 6), [1, 1, 39, 14, 975, 625, 15625], 3.25.b_bn_o, 41 
(-4, -2, 7), [1, 1, 41, 106, 1025, 625, 15625], 3.25.b_bp_ec, 19 
(-6, 3, 4), [1, 1, 45, -22, 1125, 625, 15625], 3.25.b_bt_aw, 31 
(-4, -1, 6), [1, 1, 49, 74, 1225, 625, 15625], 3.25.b_bx_cw, 21 
(-3, -2, 6), [1, 1, 51, 86, 1275, 625, 15625], 3.25.b_bz_di, 11 
(-4, 1, 4), [1, 1, 59, 34, 1475, 625, 15625], 3.25.b_ch_bi, 19 
(-4, 2, 3), [1, 1, 61, 26, 1525, 625, 15625], 3.25.b_cj_ba, 15 
(-2, -1, 4), [1, 1, 65, 58, 1625, 625, 15625], 3.25.b_cn_cg, 7 
(-3, 2, 2), [1, 1, 67, 38, 1675, 625, 15625], 3.25.b_cp_bm, 7 
(-9, 2, 9), [1, 2, -6, -62, -150, 1250, 15625], 3.25.c_ag_ack, 86 
(-9, 3, 8), [1, 2, 0, -116, 0, 1250, 15625], 3.25.c_a_aem, 80 
(-9, 4, 7), [1, 2, 4, -152, 100, 1250, 15625], 3.25.c_e_afw, 72 
(-8, 1, 9), [1, 2, 4, 28, 100, 1250, 15625], 3.25.c_e_bc, 72 
(-8, 2, 8), [1, 2, 11, -28, 275, 1250, 15625], 3.25.c_l_abc, 68 
(-8, 3, 7), [1, 2, 16, -68, 400, 1250, 15625], 3.25.c_q_acq, 62 
(-6, -1, 9), [1, 2, 18, 154, 450, 1250, 15625], 3.25.c_s_fy, 44 
(-8, 4, 6), [1, 2, 19, -92, 475, 1250, 15625], 3.25.c_t_ado, 54 
(-7, 1, 8), [1, 2, 20, 44, 500, 1250, 15625], 3.25.c_u_bs, 56 
(-4, -3, 9), [1, 2, 24, 208, 600, 1250, 15625], 3.25.c_y_ia, 16 
(-7, 2, 7), [1, 2, 26, 2, 650, 1250, 15625], 3.25.c_ba_c, 52 
(-7, 3, 6), [1, 2, 30, -26, 750, 1250, 15625], 3.25.c_be_aba, 46 
(-6, 1, 7), [1, 2, 34, 58, 850, 1250, 15625], 3.25.c_bi_cg, 42 
(-4, -2, 8), [1, 2, 35, 164, 875, 1250, 15625], 3.25.c_bj_gi, 20 
(-3, -3, 8), [1, 2, 36, 172, 900, 1250, 15625], 3.25.c_bk_gq, 8 
(-6, 2, 6), [1, 2, 39, 28, 975, 1250, 15625], 3.25.c_bn_bc, 38 
(-6, 4, 4), [1, 2, 43, 4, 1075, 1250, 15625], 3.25.c_br_e, 24 
(-4, -1, 7), [1, 2, 44, 128, 1100, 1250, 15625], 3.25.c_bs_ey, 22 
(-3, -2, 7), [1, 2, 46, 142, 1150, 1250, 15625], 3.25.c_bu_fm, 12 
(-3, -1, 6), [1, 2, 54, 118, 1350, 1250, 15625], 3.25.c_cc_eo, 14 
(-2, -2, 6), [1, 2, 55, 124, 1375, 1250, 15625], 3.25.c_cd_eu, 6 
(-4, 2, 4), [1, 2, 59, 68, 1475, 1250, 15625], 3.25.c_ch_cq, 16 
(-4, 3, 3), [1, 2, 60, 64, 1500, 1250, 15625], 3.25.c_ci_cm, 10 
(-3, 1, 4), [1, 2, 64, 88, 1600, 1250, 15625], 3.25.c_cm_dk, 12 
(-3, 2, 3), [1, 2, 66, 82, 1650, 1250, 15625], 3.25.c_co_de, 8 
(-1, -1, 4), [1, 2, 68, 104, 1700, 1250, 15625], 3.25.c_cq_ea, 4 
(-2, 1, 3), [1, 2, 70, 94, 1750, 1250, 15625], 3.25.c_cs_dq, 6 
(-2, 2, 2), [1, 2, 71, 92, 1775, 1250, 15625], 3.25.c_ct_do, 2 
(-1, 1, 2), [1, 2, 74, 98, 1850, 1250, 15625], 3.25.c_cw_du, 2 
(-9, 4, 8), [1, 3, -1, -138, -25, 1875, 15625], 3.25.d_ab_afi, 73 
(-9, 6, 6), [1, 3, 3, -174, 75, 1875, 15625], 3.25.d_d_ags, 51 
(-8, 2, 9), [1, 3, 5, 6, 125, 1875, 15625], 3.25.d_f_g, 69 
(-8, 3, 8), [1, 3, 11, -42, 275, 1875, 15625], 3.25.d_l_abq, 63 
(-8, 4, 7), [1, 3, 15, -74, 375, 1875, 15625], 3.25.d_p_acw, 55 
(-7, 2, 8), [1, 3, 21, 38, 525, 1875, 15625], 3.25.d_v_bm, 53 
(-7, 4, 6), [1, 3, 29, -18, 725, 1875, 15625], 3.25.d_bd_as, 39 
(-6, 1, 8), [1, 3, 29, 102, 725, 1875, 15625], 3.25.d_bd_dy, 43 
(-4, -2, 9), [1, 3, 29, 222, 725, 1875, 15625], 3.25.d_bd_io, 21 
(-6, 2, 7), [1, 3, 35, 66, 875, 1875, 15625], 3.25.d_bj_co, 39 
(-6, 3, 6), [1, 3, 39, 42, 975, 1875, 15625], 3.25.d_bn_bq, 33 
(-4, -1, 8), [1, 3, 39, 182, 975, 1875, 15625], 3.25.d_bn_ha, 23 
(-3, -2, 8), [1, 3, 41, 198, 1025, 1875, 15625], 3.25.d_bp_hq, 13 
(-2, -2, 7), [1, 3, 51, 178, 1275, 1875, 15625], 3.25.d_bz_gw, 7 
(-4, 1, 6), [1, 3, 53, 126, 1325, 1875, 15625], 3.25.d_cb_ew, 21 
(-4, 3, 4), [1, 3, 59, 102, 1475, 1875, 15625], 3.25.d_ch_dy, 11 
(-2, -1, 6), [1, 3, 59, 162, 1475, 1875, 15625], 3.25.d_ch_gg, 9 
(-3, 2, 4), [1, 3, 65, 126, 1625, 1875, 15625], 3.25.d_cn_ew, 9 
(-2, 1, 4), [1, 3, 69, 142, 1725, 1875, 15625], 3.25.d_cr_fm, 7 
(-2, 2, 3), [1, 3, 71, 138, 1775, 1875, 15625], 3.25.d_ct_fi, 3 
(-9, 4, 9), [1, 4, -6, -124, -150, 2500, 15625], 3.25.e_ag_aeu, 74 
(-9, 6, 7), [1, 4, 0, -178, 0, 2500, 15625], 3.25.e_a_agw, 52 
(-8, 3, 9), [1, 4, 6, -16, 150, 2500, 15625], 3.25.e_g_aq, 64 
(-8, 4, 8), [1, 4, 11, -56, 275, 2500, 15625], 3.25.e_l_ace, 56 
(-8, 6, 6), [1, 4, 15, -88, 375, 2500, 15625], 3.25.e_p_adk, 34 
(-7, 2, 9), [1, 4, 16, 74, 400, 2500, 15625], 3.25.e_q_cw, 54 
(-7, 3, 8), [1, 4, 22, 32, 550, 2500, 15625], 3.25.e_w_bg, 48 
(-6, 1, 9), [1, 4, 24, 146, 600, 2500, 15625], 3.25.e_y_fq, 44 
(-7, 4, 7), [1, 4, 26, 4, 650, 2500, 15625], 3.25.e_ba_e, 40 
(-6, 2, 8), [1, 4, 31, 104, 775, 2500, 15625], 3.25.e_bf_ea, 40 
(-4, -1, 9), [1, 4, 34, 236, 850, 2500, 15625], 3.25.e_bi_jc, 24 
(-6, 3, 7), [1, 4, 36, 74, 900, 2500, 15625], 3.25.e_bk_cw, 34 
(-3, -2, 9), [1, 4, 36, 254, 900, 2500, 15625], 3.25.e_bk_ju, 14 
(-6, 4, 6), [1, 4, 39, 56, 975, 2500, 15625], 3.25.e_bn_ce, 26 
(-3, -1, 8), [1, 4, 46, 224, 1150, 2500, 15625], 3.25.e_bu_iq, 16 
(-2, -2, 8), [1, 4, 47, 232, 1175, 2500, 15625], 3.25.e_bv_iy, 8 
(-4, 1, 7), [1, 4, 50, 172, 1250, 2500, 15625], 3.25.e_by_gq, 22 
(-4, 2, 6), [1, 4, 55, 152, 1375, 2500, 15625], 3.25.e_cd_fw, 18 
(-2, -1, 7), [1, 4, 56, 214, 1400, 2500, 15625], 3.25.e_ce_ig, 10 
(-4, 4, 4), [1, 4, 59, 136, 1475, 2500, 15625], 3.25.e_ch_fg, 4 
(-3, 1, 6), [1, 4, 60, 182, 1500, 2500, 15625], 3.25.e_ci_ha, 14 
(-1, -1, 6), [1, 4, 64, 206, 1600, 2500, 15625], 3.25.e_cm_hy, 6 
(-3, 3, 4), [1, 4, 66, 164, 1650, 2500, 15625], 3.25.e_co_gi, 4 
(-2, 2, 4), [1, 4, 71, 184, 1775, 2500, 15625], 3.25.e_ct_hc, 4 
(-2, 3, 3), [1, 4, 72, 182, 1800, 2500, 15625], 3.25.e_cu_ha, -2 
(-1, 1, 4), [1, 4, 74, 196, 1850, 2500, 15625], 3.25.e_cw_ho, 4 
(-1, 2, 3), [1, 4, 76, 194, 1900, 2500, 15625], 3.25.e_cy_hm, 0 
(-9, 6, 8), [1, 5, -3, -182, -75, 3125, 15625], 3.25.f_ad_aha, 53 
(-8, 4, 9), [1, 5, 7, -38, 175, 3125, 15625], 3.25.f_h_abm, 57 
(-8, 6, 7), [1, 5, 13, -86, 325, 3125, 15625], 3.25.f_n_adi, 35 
(-7, 4, 8), [1, 5, 23, 26, 575, 3125, 15625], 3.25.f_x_ba, 41 
(-7, 6, 6), [1, 5, 27, -2, 675, 3125, 15625], 3.25.f_bb_ac, 19 
(-6, 2, 9), [1, 5, 27, 142, 675, 3125, 15625], 3.25.f_bb_fm, 41 
(-6, 3, 8), [1, 5, 33, 106, 825, 3125, 15625], 3.25.f_bh_ec, 35 
(-6, 4, 7), [1, 5, 37, 82, 925, 3125, 15625], 3.25.f_bl_de, 27 
(-2, -2, 9), [1, 5, 43, 286, 1075, 3125, 15625], 3.25.f_br_la, 9 
(-4, 1, 8), [1, 5, 47, 218, 1175, 3125, 15625], 3.25.f_bv_ik, 23 
(-4, 2, 7), [1, 5, 53, 194, 1325, 3125, 15625], 3.25.f_cb_hm, 19 
(-2, -1, 8), [1, 5, 53, 266, 1325, 3125, 15625], 3.25.f_cb_kg, 11 
(-4, 3, 6), [1, 5, 57, 178, 1425, 3125, 15625], 3.25.f_cf_gw, 13 
(-3, 2, 6), [1, 5, 63, 214, 1575, 3125, 15625], 3.25.f_cl_ig, 11 
(-3, 4, 4), [1, 5, 67, 202, 1675, 3125, 15625], 3.25.f_cp_hu, -3 
(-2, 1, 6), [1, 5, 67, 238, 1675, 3125, 15625], 3.25.f_cp_je, 9 
(-2, 3, 4), [1, 5, 73, 226, 1825, 3125, 15625], 3.25.f_cv_is, -1 
(-1, 2, 4), [1, 5, 77, 242, 1925, 3125, 15625], 3.25.f_cz_ji, 1 
(-9, 6, 9), [1, 6, -6, -186, -150, 3750, 15625], 3.25.g_ag_ahe, 54 
(-9, 7, 8), [1, 6, -4, -204, -100, 3750, 15625], 3.25.g_ae_ahw, 40 
(-8, 6, 8), [1, 6, 11, -84, 275, 3750, 15625], 3.25.g_l_adg, 36 
(-8, 7, 7), [1, 6, 12, -92, 300, 3750, 15625], 3.25.g_m_ado, 22 
(-7, 4, 9), [1, 6, 20, 48, 500, 3750, 15625], 3.25.g_u_bw, 42 
(-7, 6, 7), [1, 6, 26, 6, 650, 3750, 15625], 3.25.g_ba_g, 20 
(-6, 3, 9), [1, 6, 30, 138, 750, 3750, 15625], 3.25.g_be_fi, 36 
(-6, 4, 8), [1, 6, 35, 108, 875, 3750, 15625], 3.25.g_bj_ee, 28 
(-6, 6, 6), [1, 6, 39, 84, 975, 3750, 15625], 3.25.g_bn_dg, 6 
(-4, 1, 9), [1, 6, 44, 264, 1100, 3750, 15625], 3.25.g_bs_ke, 24 
(-2, -1, 9), [1, 6, 50, 318, 1250, 3750, 15625], 3.25.g_by_mg, 12 
(-4, 2, 8), [1, 6, 51, 236, 1275, 3750, 15625], 3.25.g_bz_jc, 20 
(-4, 3, 7), [1, 6, 56, 216, 1400, 3750, 15625], 3.25.g_ce_ii, 14 
(-3, 1, 8), [1, 6, 56, 276, 1400, 3750, 15625], 3.25.g_ce_kq, 16 
(-4, 4, 6), [1, 6, 59, 204, 1475, 3750, 15625], 3.25.g_ch_hw, 6 
(-1, -1, 8), [1, 6, 60, 308, 1500, 3750, 15625], 3.25.g_ci_lw, 8 
(-3, 2, 7), [1, 6, 62, 258, 1550, 3750, 15625], 3.25.g_ck_jy, 12 
(-3, 3, 6), [1, 6, 66, 246, 1650, 3750, 15625], 3.25.g_co_jm, 6 
(-2, 1, 7), [1, 6, 66, 286, 1650, 3750, 15625], 3.25.g_co_la, 10 
(-2, 2, 6), [1, 6, 71, 276, 1775, 3750, 15625], 3.25.g_ct_kq, 6 
(-1, 1, 6), [1, 6, 74, 294, 1850, 3750, 15625], 3.25.g_cw_li, 6 
(-2, 4, 4), [1, 6, 75, 268, 1875, 3750, 15625], 3.25.g_cx_ki, -8 
(-1, 3, 4), [1, 6, 80, 288, 2000, 3750, 15625], 3.25.g_dc_lc, -4 
(1, 1, 4), [1, 6, 84, 304, 2100, 3750, 15625], 3.25.g_dg_ls, 4 
(2, 2, 2), [1, 6, 87, 308, 2175, 3750, 15625], 3.25.g_dj_lw, 2 
(-9, 8, 8), [1, 7, -5, -226, -125, 4375, 15625], 3.25.h_af_ais, 25 
(-8, 6, 9), [1, 7, 9, -82, 225, 4375, 15625], 3.25.h_j_ade, 37 
(-8, 7, 8), [1, 7, 11, -98, 275, 4375, 15625], 3.25.h_l_adu, 23 
(-7, 6, 8), [1, 7, 25, 14, 625, 4375, 15625], 3.25.h_z_o, 21 
(-6, 4, 9), [1, 7, 33, 134, 825, 4375, 15625], 3.25.h_bh_fe, 29 
(-6, 6, 7), [1, 7, 39, 98, 975, 4375, 15625], 3.25.h_bn_du, 7 
(-4, 2, 9), [1, 7, 49, 278, 1225, 4375, 15625], 3.25.h_bx_ks, 21 
(-4, 3, 8), [1, 7, 55, 254, 1375, 4375, 15625], 3.25.h_cd_ju, 15 
(-4, 4, 7), [1, 7, 59, 238, 1475, 4375, 15625], 3.25.h_ch_je, 7 
(-3, 2, 8), [1, 7, 61, 302, 1525, 4375, 15625], 3.25.h_cj_lq, 13 
(-2, 1, 8), [1, 7, 65, 334, 1625, 4375, 15625], 3.25.h_cn_mw, 11 
(-3, 4, 6), [1, 7, 69, 278, 1725, 4375, 15625], 3.25.h_cr_ks, -1 
(-2, 2, 7), [1, 7, 71, 322, 1775, 4375, 15625], 3.25.h_ct_mk, 7 
(-2, 3, 6), [1, 7, 75, 314, 1875, 4375, 15625], 3.25.h_cx_mc, 1 
(-1, 2, 6), [1, 7, 79, 338, 1975, 4375, 15625], 3.25.h_db_na, 3 
(-1, 4, 4), [1, 7, 83, 334, 2075, 4375, 15625], 3.25.h_df_mw, -11 
(-9, 8, 9), [1, 8, -6, -248, -150, 5000, 15625], 3.25.i_ag_ajo, 26 
(-8, 7, 9), [1, 8, 10, -104, 250, 5000, 15625], 3.25.i_k_aea, 24 
(-8, 8, 8), [1, 8, 11, -112, 275, 5000, 15625], 3.25.i_l_aei, 8 
(-7, 6, 9), [1, 8, 24, 22, 600, 5000, 15625], 3.25.i_y_w, 22 
(-7, 7, 8), [1, 8, 26, 8, 650, 5000, 15625], 3.25.i_ba_i, 8 
(-6, 6, 8), [1, 8, 39, 112, 975, 5000, 15625], 3.25.i_bn_ei, 8 
(-6, 7, 7), [1, 8, 40, 106, 1000, 5000, 15625], 3.25.i_bo_ec, -6 
(-4, 3, 9), [1, 8, 54, 292, 1350, 5000, 15625], 3.25.i_cc_lg, 16 
(-4, 4, 8), [1, 8, 59, 272, 1475, 5000, 15625], 3.25.i_ch_km, 8 
(-3, 2, 9), [1, 8, 60, 346, 1500, 5000, 15625], 3.25.i_ci_ni, 14 
(-4, 6, 6), [1, 8, 63, 256, 1575, 5000, 15625], 3.25.i_cl_jw, -14 
(-2, 1, 9), [1, 8, 64, 382, 1600, 5000, 15625], 3.25.i_cm_os, 12 
(-3, 3, 8), [1, 8, 66, 328, 1650, 5000, 15625], 3.25.i_co_mq, 8 
(-3, 4, 7), [1, 8, 70, 316, 1750, 5000, 15625], 3.25.i_cs_me, 0 
(-2, 2, 8), [1, 8, 71, 368, 1775, 5000, 15625], 3.25.i_ct_oe, 8 
(-1, 1, 8), [1, 8, 74, 392, 1850, 5000, 15625], 3.25.i_cw_pc, 8 
(-2, 3, 7), [1, 8, 76, 358, 1900, 5000, 15625], 3.25.i_cy_nu, 2 
(-2, 4, 6), [1, 8, 79, 352, 1975, 5000, 15625], 3.25.i_db_no, -6 
(-1, 2, 7), [1, 8, 80, 386, 2000, 5000, 15625], 3.25.i_dc_ow, 4 
(-1, 3, 6), [1, 8, 84, 382, 2100, 5000, 15625], 3.25.i_dg_os, -2 
(1, 1, 6), [1, 8, 88, 406, 2200, 5000, 15625], 3.25.i_dk_pq, 6 
(1, 3, 4), [1, 8, 94, 412, 2350, 5000, 15625], 3.25.i_dq_pw, -4 
(-8, 8, 9), [1, 9, 11, -126, 275, 5625, 15625], 3.25.j_l_aew, 9 
(-7, 8, 8), [1, 9, 27, 2, 675, 5625, 15625], 3.25.j_bb_c, -7 
(-6, 6, 9), [1, 9, 39, 126, 975, 5625, 15625], 3.25.j_bn_ew, 9 
(-6, 7, 8), [1, 9, 41, 114, 1025, 5625, 15625], 3.25.j_bp_ek, -5 
(-4, 4, 9), [1, 9, 59, 306, 1475, 5625, 15625], 3.25.j_ch_lu, 9 
(-4, 6, 7), [1, 9, 65, 282, 1625, 5625, 15625], 3.25.j_cn_kw, -13 
(-3, 4, 8), [1, 9, 71, 354, 1775, 5625, 15625], 3.25.j_ct_nq, 1 
(-2, 2, 9), [1, 9, 71, 414, 1775, 5625, 15625], 3.25.j_ct_py, 9 
(-3, 6, 6), [1, 9, 75, 342, 1875, 5625, 15625], 3.25.j_cx_ne, -21 
(-2, 3, 8), [1, 9, 77, 402, 1925, 5625, 15625], 3.25.j_cz_pm, 3 
(-2, 4, 7), [1, 9, 81, 394, 2025, 5625, 15625], 3.25.j_dd_pe, -5 
(-1, 2, 8), [1, 9, 81, 434, 2025, 5625, 15625], 3.25.j_dd_qs, 5 
(-1, 4, 6), [1, 9, 89, 426, 2225, 5625, 15625], 3.25.j_dl_qk, -9 
(1, 2, 6), [1, 9, 95, 462, 2375, 5625, 15625], 3.25.j_dr_ru, 3 
(-8, 9, 9), [1, 10, 12, -148, 300, 6250, 15625], 3.25.k_m_afs, -8 
(-7, 8, 9), [1, 10, 28, -4, 700, 6250, 15625], 3.25.k_bc_ae, -6 
(-6, 7, 9), [1, 10, 42, 122, 1050, 6250, 15625], 3.25.k_bq_es, -4 
(-6, 8, 8), [1, 10, 43, 116, 1075, 6250, 15625], 3.25.k_br_em, -20 
(-4, 6, 8), [1, 10, 67, 308, 1675, 6250, 15625], 3.25.k_cp_lw, -12 
(-4, 7, 7), [1, 10, 68, 304, 1700, 6250, 15625], 3.25.k_cq_ls, -26 
(-3, 4, 9), [1, 10, 72, 392, 1800, 6250, 15625], 3.25.k_cu_pc, 2 
(-3, 6, 7), [1, 10, 78, 374, 1950, 6250, 15625], 3.25.k_da_ok, -20 
(-2, 3, 9), [1, 10, 78, 446, 1950, 6250, 15625], 3.25.k_da_re, 4 
(-1, 2, 9), [1, 10, 82, 482, 2050, 6250, 15625], 3.25.k_de_so, 6 
(-2, 4, 8), [1, 10, 83, 436, 2075, 6250, 15625], 3.25.k_df_qu, -4 
(-2, 6, 6), [1, 10, 87, 428, 2175, 6250, 15625], 3.25.k_dj_qm, -26 
(-1, 3, 8), [1, 10, 88, 476, 2200, 6250, 15625], 3.25.k_dk_si, 0 
(-1, 4, 7), [1, 10, 92, 472, 2300, 6250, 15625], 3.25.k_do_se, -8 
(1, 1, 8), [1, 10, 92, 508, 2300, 6250, 15625], 3.25.k_do_to, 8 
(1, 2, 7), [1, 10, 98, 514, 2450, 6250, 15625], 3.25.k_du_tu, 4 
(1, 3, 6), [1, 10, 102, 518, 2550, 6250, 15625], 3.25.k_dy_ty, -2 
(2, 2, 6), [1, 10, 103, 524, 2575, 6250, 15625], 3.25.k_dz_ue, 6 
(2, 4, 4), [1, 10, 107, 532, 2675, 6250, 15625], 3.25.k_ed_um, -8 
(-6, 8, 9), [1, 11, 45, 118, 1125, 6875, 15625], 3.25.l_bt_eo, -19 
(-4, 6, 9), [1, 11, 69, 334, 1725, 6875, 15625], 3.25.l_cr_mw, -11 
(-4, 7, 8), [1, 11, 71, 326, 1775, 6875, 15625], 3.25.l_ct_mo, -25 
(-3, 6, 8), [1, 11, 81, 406, 2025, 6875, 15625], 3.25.l_dd_pq, -19 
(-2, 4, 9), [1, 11, 85, 478, 2125, 6875, 15625], 3.25.l_dh_sk, -3 
(-2, 6, 7), [1, 11, 91, 466, 2275, 6875, 15625], 3.25.l_dn_ry, -25 
(-1, 4, 8), [1, 11, 95, 518, 2375, 6875, 15625], 3.25.l_dr_ty, -7 
(-1, 6, 6), [1, 11, 99, 514, 2475, 6875, 15625], 3.25.l_dv_tu, -29 
(1, 2, 8), [1, 11, 101, 566, 2525, 6875, 15625], 3.25.l_dx_vu, 5 
(2, 2, 7), [1, 11, 107, 578, 2675, 6875, 15625], 3.25.l_ed_wg, 7 
(1, 4, 6), [1, 11, 109, 574, 2725, 6875, 15625], 3.25.l_ef_wc, -9 
(-6, 9, 9), [1, 12, 48, 114, 1200, 7500, 15625], 3.25.m_bw_ek, -36 
(-4, 7, 9), [1, 12, 74, 348, 1850, 7500, 15625], 3.25.m_cw_nk, -24 
(-4, 8, 8), [1, 12, 75, 344, 1875, 7500, 15625], 3.25.m_cx_ng, -40 
(-3, 6, 9), [1, 12, 84, 438, 2100, 7500, 15625], 3.25.m_dg_qw, -18 
(-3, 7, 8), [1, 12, 86, 432, 2150, 7500, 15625], 3.25.m_di_qq, -32 
(-2, 6, 8), [1, 12, 95, 504, 2375, 7500, 15625], 3.25.m_dr_tk, -24 
(-2, 7, 7), [1, 12, 96, 502, 2400, 7500, 15625], 3.25.m_ds_ti, -38 
(-1, 4, 9), [1, 12, 98, 564, 2450, 7500, 15625], 3.25.m_du_vs, -6 
(-1, 6, 7), [1, 12, 104, 558, 2600, 7500, 15625], 3.25.m_ea_vm, -28 
(1, 2, 9), [1, 12, 104, 618, 2600, 7500, 15625], 3.25.m_ea_xu, 6 
(1, 3, 8), [1, 12, 110, 624, 2750, 7500, 15625], 3.25.m_eg_ya, 0 
(2, 2, 8), [1, 12, 111, 632, 2775, 7500, 15625], 3.25.m_eh_yi, 8 
(1, 4, 7), [1, 12, 114, 628, 2850, 7500, 15625], 3.25.m_ek_ye, -8 
(2, 3, 7), [1, 12, 116, 642, 2900, 7500, 15625], 3.25.m_em_ys, 2 
(2, 4, 6), [1, 12, 119, 648, 2975, 7500, 15625], 3.25.m_ep_yy, -6 
(3, 3, 6), [1, 12, 120, 654, 3000, 7500, 15625], 3.25.m_eq_ze, 6 
(4, 4, 4), [1, 12, 123, 664, 3075, 7500, 15625], 3.25.m_et_zo, 4 
(-4, 8, 9), [1, 13, 79, 362, 1975, 8125, 15625], 3.25.n_db_ny, -39 
(-3, 8, 8), [1, 13, 91, 458, 2275, 8125, 15625], 3.25.n_dn_rq, -47 
(-2, 6, 9), [1, 13, 99, 542, 2475, 8125, 15625], 3.25.n_dv_uw, -23 
(-2, 7, 8), [1, 13, 101, 538, 2525, 8125, 15625], 3.25.n_dx_us, -37 
(-1, 6, 8), [1, 13, 109, 602, 2725, 8125, 15625], 3.25.n_ef_xe, -27 
(2, 2, 9), [1, 13, 115, 686, 2875, 8125, 15625], 3.25.n_el_bak, 9 
(1, 4, 8), [1, 13, 119, 682, 2975, 8125, 15625], 3.25.n_ep_bag, -7 
(2, 3, 8), [1, 13, 121, 698, 3025, 8125, 15625], 3.25.n_er_baw, 3 
(1, 6, 6), [1, 13, 123, 686, 3075, 8125, 15625], 3.25.n_et_bak, -29 
(2, 4, 7), [1, 13, 125, 706, 3125, 8125, 15625], 3.25.n_ev_bbe, -5 
(-4, 9, 9), [1, 14, 84, 376, 2100, 8750, 15625], 3.25.o_dg_om, -56 
(-3, 8, 9), [1, 14, 96, 484, 2400, 8750, 15625], 3.25.o_ds_sq, -46 
(-2, 7, 9), [1, 14, 106, 574, 2650, 8750, 15625], 3.25.o_ec_wc, -36 
(-2, 8, 8), [1, 14, 107, 572, 2675, 8750, 15625], 3.25.o_ed_wa, -52 
(-1, 6, 9), [1, 14, 114, 646, 2850, 8750, 15625], 3.25.o_ek_yw, -26 
(-1, 7, 8), [1, 14, 116, 644, 2900, 8750, 15625], 3.25.o_em_yu, -40 
(1, 4, 9), [1, 14, 124, 736, 3100, 8750, 15625], 3.25.o_eu_bci, -6 
(2, 3, 9), [1, 14, 126, 754, 3150, 8750, 15625], 3.25.o_ew_bda, 4 
(1, 6, 7), [1, 14, 130, 742, 3250, 8750, 15625], 3.25.o_fa_bco, -28 
(2, 4, 8), [1, 14, 131, 764, 3275, 8750, 15625], 3.25.o_fb_bdk, -4 
(3, 3, 8), [1, 14, 132, 772, 3300, 8750, 15625], 3.25.o_fc_bds, 8 
(2, 6, 6), [1, 14, 135, 772, 3375, 8750, 15625], 3.25.o_ff_bds, -26 
(3, 4, 7), [1, 14, 136, 784, 3400, 8750, 15625], 3.25.o_fg_bee, 0 
(4, 4, 6), [1, 14, 139, 796, 3475, 8750, 15625], 3.25.o_fj_beq, 6 
(-2, 8, 9), [1, 15, 113, 606, 2825, 9375, 15625], 3.25.p_ej_xi, -51 
(-1, 8, 8), [1, 15, 123, 686, 3075, 9375, 15625], 3.25.p_et_bak, -55 
(1, 6, 8), [1, 15, 137, 798, 3425, 9375, 15625], 3.25.p_fh_bes, -27 
(2, 4, 9), [1, 15, 137, 822, 3425, 9375, 15625], 3.25.p_fh_bfq, -3 
(2, 6, 7), [1, 15, 143, 834, 3575, 9375, 15625], 3.25.p_fn_bgc, -25 
(3, 4, 8), [1, 15, 143, 846, 3575, 9375, 15625], 3.25.p_fn_bgo, 1 
(-2, 9, 9), [1, 16, 120, 638, 3000, 10000, 15625], 3.25.q_eq_yo, -68 
(-1, 8, 9), [1, 16, 130, 728, 3250, 10000, 15625], 3.25.q_fa_bca, -54 
(1, 6, 9), [1, 16, 144, 854, 3600, 10000, 15625], 3.25.q_fo_bgw, -26 
(1, 7, 8), [1, 16, 146, 856, 3650, 10000, 15625], 3.25.q_fq_bgy, -40 
(3, 4, 9), [1, 16, 150, 908, 3750, 10000, 15625], 3.25.q_fu_biy, 2 
(2, 6, 8), [1, 16, 151, 896, 3775, 10000, 15625], 3.25.q_fv_bim, -24 
(2, 7, 7), [1, 16, 152, 898, 3800, 10000, 15625], 3.25.q_fw_bio, -38 
(4, 4, 8), [1, 16, 155, 928, 3875, 10000, 15625], 3.25.q_fz_bjs, 8 
(3, 6, 7), [1, 16, 156, 926, 3900, 10000, 15625], 3.25.q_ga_bjq, -20 
(1, 8, 8), [1, 17, 155, 914, 3875, 10625, 15625], 3.25.r_fz_bje, -55 
(2, 6, 9), [1, 17, 159, 958, 3975, 10625, 15625], 3.25.r_gd_bkw, -23 
(2, 7, 8), [1, 17, 161, 962, 4025, 10625, 15625], 3.25.r_gf_bla, -37 
(4, 4, 9), [1, 17, 163, 994, 4075, 10625, 15625], 3.25.r_gh_bmg, 9 
(3, 6, 8), [1, 17, 165, 994, 4125, 10625, 15625], 3.25.r_gj_bmg, -19 
(1, 8, 9), [1, 18, 164, 972, 4100, 11250, 15625], 3.25.s_gi_blk, -54 
(2, 7, 9), [1, 18, 170, 1026, 4250, 11250, 15625], 3.25.s_go_bnm, -36 
(2, 8, 8), [1, 18, 171, 1028, 4275, 11250, 15625], 3.25.s_gp_bno, -52 
(3, 6, 9), [1, 18, 174, 1062, 4350, 11250, 15625], 3.25.s_gs_bow, -18 
(3, 7, 8), [1, 18, 176, 1068, 4400, 11250, 15625], 3.25.s_gu_bpc, -32 
(4, 6, 8), [1, 18, 179, 1092, 4475, 11250, 15625], 3.25.s_gx_bqa, -12 
(4, 7, 7), [1, 18, 180, 1096, 4500, 11250, 15625], 3.25.s_gy_bqe, -26 
(6, 6, 6), [1, 18, 183, 1116, 4575, 11250, 15625], 3.25.s_hb_bqy, 6 
(2, 8, 9), [1, 19, 181, 1094, 4525, 11875, 15625], 3.25.t_gz_bqc, -51 
(4, 6, 9), [1, 19, 189, 1166, 4725, 11875, 15625], 3.25.t_hh_bsw, -11 
(3, 8, 9), [1, 20, 198, 1216, 4950, 12500, 15625], 3.25.u_hq_buu, -46 
(4, 7, 9), [1, 20, 202, 1252, 5050, 12500, 15625], 3.25.u_hu_bwe, -24 
(4, 8, 8), [1, 20, 203, 1256, 5075, 12500, 15625], 3.25.u_hv_bwi, -40 
(4, 8, 9), [1, 21, 215, 1338, 5375, 13125, 15625], 3.25.v_ih_bzm, -39 
(6, 8, 8), [1, 22, 235, 1484, 5875, 13750, 15625], 3.25.w_jb_cfc, -20 
(6, 9, 9), [1, 24, 264, 1686, 6600, 15000, 15625], 3.25.y_ke_cmw, -36 
(8, 8, 8), [1, 24, 267, 1712, 6675, 15000, 15625], 3.25.y_kh_cnw, 8 
