(-7, -6, -1), [1, -14, 94, -406, 1222, -2366, 2197], 3.13.ao_dq_apq, 12 
(-6, -6, -2), [1, -14, 99, -436, 1287, -2366, 2197], 3.13.ao_dv_aqu, -2 
(-6, -5, -3), [1, -14, 102, -454, 1326, -2366, 2197], 3.13.ao_dy_arm, 8 
(-6, -4, -4), [1, -14, 103, -460, 1339, -2366, 2197], 3.13.ao_dz_ars, 16 
(-7, -4, -2), [1, -13, 89, -394, 1157, -2197, 2197], 3.13.an_dl_ape, 31 
(-7, -7, 2), [1, -12, 60, -214, 780, -2028, 2197], 3.13.am_ci_aig, 2 
(-7, -6, 1), [1, -12, 68, -270, 884, -2028, 2197], 3.13.am_cq_akk, 14 
(-7, -4, -1), [1, -12, 78, -340, 1014, -2028, 2197], 3.13.am_da_anc, 32 
(-7, -3, -2), [1, -12, 80, -354, 1040, -2028, 2197], 3.13.am_dc_anq, 38 
(-6, -5, -1), [1, -12, 80, -342, 1040, -2028, 2197], 3.13.am_dc_ane, 10 
(-6, -4, -2), [1, -12, 83, -360, 1079, -2028, 2197], 3.13.am_df_anw, 18 
(-6, -3, -3), [1, -12, 84, -366, 1092, -2028, 2197], 3.13.am_dg_aoc, 24 
(-5, -5, -2), [1, -12, 84, -362, 1092, -2028, 2197], 3.13.am_dg_any, -2 
(-4, -4, -4), [1, -12, 87, -376, 1131, -2028, 2197], 3.13.am_dj_aom, -4 
(-7, -6, 2), [1, -11, 55, -202, 715, -1859, 2197], 3.13.al_cd_ahu, 15 
(-6, -6, 1), [1, -11, 63, -250, 819, -1859, 2197], 3.13.al_cl_ajq, 1 
(-7, -2, -2), [1, -11, 71, -314, 923, -1859, 2197], 3.13.al_ct_amc, 43 
(-6, -4, -1), [1, -11, 73, -310, 949, -1859, 2197], 3.13.al_cv_aly, 19 
(-7, -7, 4), [1, -10, 32, -64, 416, -1690, 2197], 3.13.ak_bg_acm, 4 
(-7, -6, 3), [1, -10, 42, -134, 546, -1690, 2197], 3.13.ak_bq_afe, 16 
(-7, -5, 2), [1, -10, 50, -190, 650, -1690, 2197], 3.13.ak_by_ahi, 26 
(-6, -6, 2), [1, -10, 51, -188, 663, -1690, 2197], 3.13.ak_bz_ahg, 2 
(-7, -4, 1), [1, -10, 56, -232, 728, -1690, 2197], 3.13.ak_ce_aiy, 34 
(-6, -5, 1), [1, -10, 58, -230, 754, -1690, 2197], 3.13.ak_cg_aiw, 12 
(-7, -2, -1), [1, -10, 62, -274, 806, -1690, 2197], 3.13.ak_ck_ako, 44 
(-6, -3, -1), [1, -10, 66, -278, 858, -1690, 2197], 3.13.ak_co_aks, 26 
(-6, -2, -2), [1, -10, 67, -284, 871, -1690, 2197], 3.13.ak_cp_aky, 30 
(-5, -4, -1), [1, -10, 68, -280, 884, -1690, 2197], 3.13.ak_cq_aku, 8 
(-5, -3, -2), [1, -10, 70, -290, 910, -1690, 2197], 3.13.ak_cs_ale, 14 
(-4, -4, -2), [1, -10, 71, -292, 923, -1690, 2197], 3.13.ak_ct_alg, -2 
(-7, -6, 4), [1, -9, 29, -66, 377, -1521, 2197], 3.13.aj_bd_aco, 17 
(-6, -6, 3), [1, -9, 39, -126, 507, -1521, 2197], 3.13.aj_bn_aew, 3 
(-7, -4, 2), [1, -9, 45, -178, 585, -1521, 2197], 3.13.aj_bt_agw, 35 
(-6, -5, 2), [1, -9, 47, -174, 611, -1521, 2197], 3.13.aj_bv_ags, 13 
(-6, -4, 1), [1, -9, 53, -210, 689, -1521, 2197], 3.13.aj_cb_aic, 21 
(-6, -2, -1), [1, -9, 59, -246, 767, -1521, 2197], 3.13.aj_ch_ajm, 31 
(-7, -7, 6), [1, -8, 4, 86, 52, -1352, 2197], 3.13.ai_e_di, 6 
(-7, -6, 5), [1, -8, 16, 2, 208, -1352, 2197], 3.13.ai_q_c, 18 
(-7, -5, 4), [1, -8, 26, -68, 338, -1352, 2197], 3.13.ai_ba_acq, 28 
(-6, -6, 4), [1, -8, 27, -64, 351, -1352, 2197], 3.13.ai_bb_acm, 4 
(-7, -4, 3), [1, -8, 34, -124, 442, -1352, 2197], 3.13.ai_bi_aeu, 36 
(-6, -5, 3), [1, -8, 36, -118, 468, -1352, 2197], 3.13.ai_bk_aeo, 14 
(-7, -3, 2), [1, -8, 40, -166, 520, -1352, 2197], 3.13.ai_bo_agk, 42 
(-6, -4, 2), [1, -8, 43, -160, 559, -1352, 2197], 3.13.ai_br_age, 22 
(-7, -2, 1), [1, -8, 44, -194, 572, -1352, 2197], 3.13.ai_bs_ahm, 46 
(-5, -5, 2), [1, -8, 44, -158, 572, -1352, 2197], 3.13.ai_bs_agc, 2 
(-6, -3, 1), [1, -8, 48, -190, 624, -1352, 2197], 3.13.ai_bw_ahi, 28 
(-5, -4, 1), [1, -8, 50, -188, 650, -1352, 2197], 3.13.ai_by_ahg, 10 
(-6, -1, -1), [1, -8, 52, -214, 676, -1352, 2197], 3.13.ai_ca_aig, 34 
(-5, -2, -1), [1, -8, 56, -218, 728, -1352, 2197], 3.13.ai_ce_aik, 20 
(-4, -3, -1), [1, -8, 58, -220, 754, -1352, 2197], 3.13.ai_cg_aim, 6 
(-7, -6, 6), [1, -7, 3, 70, 39, -1183, 2197], 3.13.ah_d_cs, 19 
(-6, -6, 5), [1, -7, 15, -2, 195, -1183, 2197], 3.13.ah_p_ac, 5 
(-7, -4, 4), [1, -7, 23, -70, 299, -1183, 2197], 3.13.ah_x_acs, 37 
(-6, -5, 4), [1, -7, 25, -62, 325, -1183, 2197], 3.13.ah_z_ack, 15 
(-6, -4, 3), [1, -7, 33, -110, 429, -1183, 2197], 3.13.ah_bh_aeg, 23 
(-7, -2, 2), [1, -7, 35, -154, 455, -1183, 2197], 3.13.ah_bj_afy, 47 
(-6, -3, 2), [1, -7, 39, -146, 507, -1183, 2197], 3.13.ah_bn_afq, 29 
(-5, -4, 2), [1, -7, 41, -142, 533, -1183, 2197], 3.13.ah_bp_afm, 11 
(-6, -2, 1), [1, -7, 43, -170, 559, -1183, 2197], 3.13.ah_br_ago, 33 
(-4, -4, 1), [1, -7, 47, -166, 611, -1183, 2197], 3.13.ah_bv_agk, 1 
(-7, -6, 7), [1, -6, -10, 138, -130, -1014, 2197], 3.13.ag_ak_fi, 20 
(-7, -5, 6), [1, -6, 2, 54, 26, -1014, 2197], 3.13.ag_c_cc, 30 
(-6, -6, 6), [1, -6, 3, 60, 39, -1014, 2197], 3.13.ag_d_ci, 6 
(-7, -4, 5), [1, -6, 12, -16, 156, -1014, 2197], 3.13.ag_m_aq, 38 
(-6, -5, 5), [1, -6, 14, -6, 182, -1014, 2197], 3.13.ag_o_ag, 16 
(-7, -3, 4), [1, -6, 20, -72, 260, -1014, 2197], 3.13.ag_u_acu, 44 
(-6, -4, 4), [1, -6, 23, -60, 299, -1014, 2197], 3.13.ag_x_aci, 24 
(-5, -5, 4), [1, -6, 24, -56, 312, -1014, 2197], 3.13.ag_y_ace, 4 
(-7, -2, 3), [1, -6, 26, -114, 338, -1014, 2197], 3.13.ag_ba_aek, 48 
(-7, -1, 2), [1, -6, 30, -142, 390, -1014, 2197], 3.13.ag_be_afm, 50 
(-6, -3, 3), [1, -6, 30, -102, 390, -1014, 2197], 3.13.ag_be_ady, 30 
(-5, -4, 3), [1, -6, 32, -96, 416, -1014, 2197], 3.13.ag_bg_ads, 12 
(-6, -2, 2), [1, -6, 35, -132, 455, -1014, 2197], 3.13.ag_bj_afc, 34 
(-6, -1, 1), [1, -6, 38, -150, 494, -1014, 2197], 3.13.ag_bm_afu, 36 
(-5, -3, 2), [1, -6, 38, -126, 494, -1014, 2197], 3.13.ag_bm_aew, 18 
(-4, -4, 2), [1, -6, 39, -124, 507, -1014, 2197], 3.13.ag_bn_aeu, 2 
(-5, -2, 1), [1, -6, 42, -146, 546, -1014, 2197], 3.13.ag_bq_afq, 22 
(-4, -3, 1), [1, -6, 44, -144, 572, -1014, 2197], 3.13.ag_bs_afo, 8 
(-4, -1, -1), [1, -6, 48, -160, 624, -1014, 2197], 3.13.ag_bw_age, 14 
(-2, -2, -2), [1, -6, 51, -164, 663, -1014, 2197], 3.13.ag_bz_agi, -2 
(-6, -6, 7), [1, -5, -9, 122, -117, -845, 2197], 3.13.af_aj_es, 7 
(-7, -4, 6), [1, -5, 1, 38, 13, -845, 2197], 3.13.af_b_bm, 39 
(-6, -5, 6), [1, -5, 3, 50, 39, -845, 2197], 3.13.af_d_by, 17 
(-6, -4, 5), [1, -5, 13, -10, 169, -845, 2197], 3.13.af_n_ak, 25 
(-7, -2, 4), [1, -5, 17, -74, 221, -845, 2197], 3.13.af_r_acw, 49 
(-6, -3, 4), [1, -5, 21, -58, 273, -845, 2197], 3.13.af_v_acg, 31 
(-5, -4, 4), [1, -5, 23, -50, 299, -845, 2197], 3.13.af_x_aby, 13 
(-6, -2, 3), [1, -5, 27, -94, 351, -845, 2197], 3.13.af_bb_adq, 35 
(-6, -1, 2), [1, -5, 31, -118, 403, -845, 2197], 3.13.af_bf_aeo, 37 
(-4, -4, 3), [1, -5, 31, -82, 403, -845, 2197], 3.13.af_bf_ade, 3 
(-5, -2, 2), [1, -5, 35, -110, 455, -845, 2197], 3.13.af_bj_aeg, 23 
(-4, -3, 2), [1, -5, 37, -106, 481, -845, 2197], 3.13.af_bl_aec, 9 
(-4, -2, 1), [1, -5, 41, -122, 533, -845, 2197], 3.13.af_bp_aes, 13 
(-7, -4, 7), [1, -4, -10, 92, -130, -676, 2197], 3.13.ae_ak_do, 40 
(-6, -5, 7), [1, -4, -8, 106, -104, -676, 2197], 3.13.ae_ai_ec, 18 
(-7, -3, 6), [1, -4, 0, 22, 0, -676, 2197], 3.13.ae_a_w, 46 
(-6, -4, 6), [1, -4, 3, 40, 39, -676, 2197], 3.13.ae_d_bo, 26 
(-5, -5, 6), [1, -4, 4, 46, 52, -676, 2197], 3.13.ae_e_bu, 6 
(-7, -2, 5), [1, -4, 8, -34, 104, -676, 2197], 3.13.ae_i_abi, 50 
(-6, -3, 5), [1, -4, 12, -14, 156, -676, 2197], 3.13.ae_m_ao, 32 
(-7, -1, 4), [1, -4, 14, -76, 182, -676, 2197], 3.13.ae_o_acy, 52 
(-5, -4, 5), [1, -4, 14, -4, 182, -676, 2197], 3.13.ae_o_ae, 14 
(-6, -2, 4), [1, -4, 19, -56, 247, -676, 2197], 3.13.ae_t_ace, 36 
(-7, 1, 2), [1, -4, 20, -118, 260, -676, 2197], 3.13.ae_u_aeo, 50 
(-5, -3, 4), [1, -4, 22, -44, 286, -676, 2197], 3.13.ae_w_abs, 20 
(-4, -4, 4), [1, -4, 23, -40, 299, -676, 2197], 3.13.ae_x_abo, 4 
(-6, -1, 3), [1, -4, 24, -86, 312, -676, 2197], 3.13.ae_y_adi, 38 
(-6, 1, 1), [1, -4, 28, -110, 364, -676, 2197], 3.13.ae_bc_aeg, 36 
(-5, -2, 3), [1, -4, 28, -74, 364, -676, 2197], 3.13.ae_bc_acw, 24 
(-4, -3, 3), [1, -4, 30, -68, 390, -676, 2197], 3.13.ae_be_acq, 10 
(-5, -1, 2), [1, -4, 32, -94, 416, -676, 2197], 3.13.ae_bg_adq, 26 
(-4, -2, 2), [1, -4, 35, -88, 455, -676, 2197], 3.13.ae_bj_adk, 14 
(-3, -3, 2), [1, -4, 36, -86, 468, -676, 2197], 3.13.ae_bk_adi, 2 
(-4, -1, 1), [1, -4, 38, -100, 494, -676, 2197], 3.13.ae_bm_adw, 16 
(-3, -2, 1), [1, -4, 40, -98, 520, -676, 2197], 3.13.ae_bo_adu, 6 
(-6, -4, 7), [1, -3, -7, 90, -91, -507, 2197], 3.13.ad_ah_dm, 27 
(-7, -2, 6), [1, -3, -1, 6, -13, -507, 2197], 3.13.ad_ab_g, 51 
(-6, -3, 6), [1, -3, 3, 30, 39, -507, 2197], 3.13.ad_d_be, 33 
(-5, -4, 6), [1, -3, 5, 42, 65, -507, 2197], 3.13.ad_f_bq, 15 
(-6, -2, 5), [1, -3, 11, -18, 143, -507, 2197], 3.13.ad_l_as, 37 
(-7, 2, 2), [1, -3, 15, -106, 195, -507, 2197], 3.13.ad_p_aec, 47 
(-4, -4, 5), [1, -3, 15, 2, 195, -507, 2197], 3.13.ad_p_c, 5 
(-6, -1, 4), [1, -3, 17, -54, 221, -507, 2197], 3.13.ad_r_acc, 39 
(-5, -2, 4), [1, -3, 21, -38, 273, -507, 2197], 3.13.ad_v_abm, 25 
(-6, 1, 2), [1, -3, 23, -90, 299, -507, 2197], 3.13.ad_x_adm, 37 
(-4, -3, 4), [1, -3, 23, -30, 299, -507, 2197], 3.13.ad_x_abe, 11 
(-4, -2, 3), [1, -3, 29, -54, 377, -507, 2197], 3.13.ad_bd_acc, 15 
(-4, -1, 2), [1, -3, 33, -70, 429, -507, 2197], 3.13.ad_bh_acs, 17 
(-3, -2, 2), [1, -3, 35, -66, 455, -507, 2197], 3.13.ad_bj_aco, 7 
(-7, -2, 7), [1, -2, -10, 46, -130, -338, 2197], 3.13.ac_ak_bu, 52 
(-6, -3, 7), [1, -2, -6, 74, -78, -338, 2197], 3.13.ac_ag_cw, 34 
(-5, -4, 7), [1, -2, -4, 88, -52, -338, 2197], 3.13.ac_ae_dk, 16 
(-7, -1, 6), [1, -2, -2, -10, -26, -338, 2197], 3.13.ac_ac_ak, 54 
(-6, -2, 6), [1, -2, 3, 20, 39, -338, 2197], 3.13.ac_d_u, 38 
(-5, -3, 6), [1, -2, 6, 38, 78, -338, 2197], 3.13.ac_g_bm, 22 
(-4, -4, 6), [1, -2, 7, 44, 91, -338, 2197], 3.13.ac_h_bs, 6 
(-7, 1, 4), [1, -2, 8, -80, 104, -338, 2197], 3.13.ac_i_adc, 52 
(-7, 2, 3), [1, -2, 10, -94, 130, -338, 2197], 3.13.ac_k_adq, 48 
(-6, -1, 5), [1, -2, 10, -22, 130, -338, 2197], 3.13.ac_k_aw, 40 
(-5, -2, 5), [1, -2, 14, -2, 182, -338, 2197], 3.13.ac_o_ac, 26 
(-4, -3, 5), [1, -2, 16, 8, 208, -338, 2197], 3.13.ac_q_i, 12 
(-6, 1, 3), [1, -2, 18, -70, 234, -338, 2197], 3.13.ac_s_acs, 38 
(-6, 2, 2), [1, -2, 19, -76, 247, -338, 2197], 3.13.ac_t_acy, 34 
(-5, -1, 4), [1, -2, 20, -32, 260, -338, 2197], 3.13.ac_u_abg, 28 
(-4, -2, 4), [1, -2, 23, -20, 299, -338, 2197], 3.13.ac_x_au, 16 
(-3, -3, 4), [1, -2, 24, -16, 312, -338, 2197], 3.13.ac_y_aq, 4 
(-5, 1, 2), [1, -2, 26, -62, 338, -338, 2197], 3.13.ac_ba_ack, 26 
(-4, -1, 3), [1, -2, 28, -40, 364, -338, 2197], 3.13.ac_bc_abo, 18 
(-3, -2, 3), [1, -2, 30, -34, 390, -338, 2197], 3.13.ac_be_abi, 8 
(-4, 1, 1), [1, -2, 32, -56, 416, -338, 2197], 3.13.ac_bg_ace, 16 
(-3, -1, 2), [1, -2, 34, -46, 442, -338, 2197], 3.13.ac_bi_abu, 10 
(-2, -2, 2), [1, -2, 35, -44, 455, -338, 2197], 3.13.ac_bj_abs, 2 
(-2, -1, 1), [1, -2, 38, -50, 494, -338, 2197], 3.13.ac_bm_aby, 4 
(-6, -2, 7), [1, -1, -5, 58, -65, -169, 2197], 3.13.ab_af_cg, 39 
(-4, -4, 7), [1, -1, -1, 86, -13, -169, 2197], 3.13.ab_ab_di, 7 
(-6, -1, 6), [1, -1, 3, 10, 39, -169, 2197], 3.13.ab_d_k, 41 
(-7, 2, 4), [1, -1, 5, -82, 65, -169, 2197], 3.13.ab_f_ade, 49 
(-5, -2, 6), [1, -1, 7, 34, 91, -169, 2197], 3.13.ab_h_bi, 27 
(-4, -3, 6), [1, -1, 9, 46, 117, -169, 2197], 3.13.ab_j_bu, 13 
(-6, 1, 4), [1, -1, 13, -50, 169, -169, 2197], 3.13.ab_n_aby, 39 
(-6, 2, 3), [1, -1, 15, -62, 195, -169, 2197], 3.13.ab_p_ack, 35 
(-4, -2, 5), [1, -1, 17, 14, 221, -169, 2197], 3.13.ab_r_o, 17 
(-5, 2, 2), [1, -1, 23, -46, 299, -169, 2197], 3.13.ab_x_abu, 23 
(-4, -1, 4), [1, -1, 23, -10, 299, -169, 2197], 3.13.ab_x_ak, 19 
(-3, -2, 4), [1, -1, 25, -2, 325, -169, 2197], 3.13.ab_z_ac, 9 
(-4, 1, 2), [1, -1, 29, -34, 377, -169, 2197], 3.13.ab_bd_abi, 17 
(-2, -2, 3), [1, -1, 31, -14, 403, -169, 2197], 3.13.ab_bf_ao, 3 
(-7, 1, 6), [1, 0, -4, -42, -52, 0, 2197], 3.13.a_ae_abq, 54 
(-6, -1, 7), [1, 0, -4, 42, -52, 0, 2197], 3.13.a_ae_bq, 42 
(-7, 2, 5), [1, 0, 0, -70, 0, 0, 2197], 3.13.a_a_acs, 50 
(-5, -2, 7), [1, 0, 0, 70, 0, 0, 2197], 3.13.a_a_cs, 28 
(-7, 3, 4), [1, 0, 2, -84, 26, 0, 2197], 3.13.a_c_adg, 44 
(-4, -3, 7), [1, 0, 2, 84, 26, 0, 2197], 3.13.a_c_dg, 14 
(-6, 1, 5), [1, 0, 8, -30, 104, 0, 2197], 3.13.a_i_abe, 40 
(-5, -1, 6), [1, 0, 8, 30, 104, 0, 2197], 3.13.a_i_be, 30 
(-6, 2, 4), [1, 0, 11, -48, 143, 0, 2197], 3.13.a_l_abw, 36 
(-4, -2, 6), [1, 0, 11, 48, 143, 0, 2197], 3.13.a_l_bw, 18 
(-6, 3, 3), [1, 0, 12, -54, 156, 0, 2197], 3.13.a_m_acc, 30 
(-3, -3, 6), [1, 0, 12, 54, 156, 0, 2197], 3.13.a_m_cc, 6 
(-5, 1, 4), [1, 0, 18, -20, 234, 0, 2197], 3.13.a_s_au, 28 
(-4, -1, 5), [1, 0, 18, 20, 234, 0, 2197], 3.13.a_s_u, 20 
(-5, 2, 3), [1, 0, 20, -30, 260, 0, 2197], 3.13.a_u_abe, 24 
(-3, -2, 5), [1, 0, 20, 30, 260, 0, 2197], 3.13.a_u_be, 10 
(-4, 1, 3), [1, 0, 26, -12, 338, 0, 2197], 3.13.a_ba_am, 18 
(-3, -1, 4), [1, 0, 26, 12, 338, 0, 2197], 3.13.a_ba_m, 12 
(-4, 2, 2), [1, 0, 27, -16, 351, 0, 2197], 3.13.a_bb_aq, 14 
(-2, -2, 4), [1, 0, 27, 16, 351, 0, 2197], 3.13.a_bb_q, 4 
(-3, 1, 2), [1, 0, 32, -6, 416, 0, 2197], 3.13.a_bg_ag, 10 
(-2, -1, 3), [1, 0, 32, 6, 416, 0, 2197], 3.13.a_bg_g, 6 
(-2, 1, 1), [1, 0, 36, -2, 468, 0, 2197], 3.13.a_bk_ac, 4 
(-1, -1, 2), [1, 0, 36, 2, 468, 0, 2197], 3.13.a_bk_c, 2 
(-7, 2, 6), [1, 1, -5, -58, -65, 169, 2197], 3.13.b_af_acg, 51 
(-7, 4, 4), [1, 1, -1, -86, -13, 169, 2197], 3.13.b_ab_adi, 37 
(-6, 1, 6), [1, 1, 3, -10, 39, 169, 2197], 3.13.b_d_ak, 41 
(-4, -2, 7), [1, 1, 5, 82, 65, 169, 2197], 3.13.b_f_de, 19 
(-6, 2, 5), [1, 1, 7, -34, 91, 169, 2197], 3.13.b_h_abi, 37 
(-6, 3, 4), [1, 1, 9, -46, 117, 169, 2197], 3.13.b_j_abu, 31 
(-4, -1, 6), [1, 1, 13, 50, 169, 169, 2197], 3.13.b_n_by, 21 
(-3, -2, 6), [1, 1, 15, 62, 195, 169, 2197], 3.13.b_p_ck, 11 
(-5, 2, 4), [1, 1, 17, -14, 221, 169, 2197], 3.13.b_r_ao, 25 
(-4, 1, 4), [1, 1, 23, 10, 299, 169, 2197], 3.13.b_x_k, 19 
(-2, -2, 5), [1, 1, 23, 46, 299, 169, 2197], 3.13.b_x_bu, 5 
(-4, 2, 3), [1, 1, 25, 2, 325, 169, 2197], 3.13.b_z_c, 15 
(-2, -1, 4), [1, 1, 29, 34, 377, 169, 2197], 3.13.b_bd_bi, 7 
(-3, 2, 2), [1, 1, 31, 14, 403, 169, 2197], 3.13.b_bf_o, 7 
(-7, 2, 7), [1, 2, -10, -46, -130, 338, 2197], 3.13.c_ak_abu, 52 
(-7, 3, 6), [1, 2, -6, -74, -78, 338, 2197], 3.13.c_ag_acw, 46 
(-7, 4, 5), [1, 2, -4, -88, -52, 338, 2197], 3.13.c_ae_adk, 38 
(-6, 1, 7), [1, 2, -2, 10, -26, 338, 2197], 3.13.c_ac_k, 42 
(-6, 2, 6), [1, 2, 3, -20, 39, 338, 2197], 3.13.c_d_au, 38 
(-6, 3, 5), [1, 2, 6, -38, 78, 338, 2197], 3.13.c_g_abm, 32 
(-6, 4, 4), [1, 2, 7, -44, 91, 338, 2197], 3.13.c_h_abs, 24 
(-4, -1, 7), [1, 2, 8, 80, 104, 338, 2197], 3.13.c_i_dc, 22 
(-5, 1, 6), [1, 2, 10, 22, 130, 338, 2197], 3.13.c_k_w, 30 
(-3, -2, 7), [1, 2, 10, 94, 130, 338, 2197], 3.13.c_k_dq, 12 
(-5, 2, 5), [1, 2, 14, 2, 182, 338, 2197], 3.13.c_o_c, 26 
(-5, 3, 4), [1, 2, 16, -8, 208, 338, 2197], 3.13.c_q_ai, 20 
(-3, -1, 6), [1, 2, 18, 70, 234, 338, 2197], 3.13.c_s_cs, 14 
(-2, -2, 6), [1, 2, 19, 76, 247, 338, 2197], 3.13.c_t_cy, 6 
(-4, 1, 5), [1, 2, 20, 32, 260, 338, 2197], 3.13.c_u_bg, 20 
(-4, 2, 4), [1, 2, 23, 20, 299, 338, 2197], 3.13.c_x_u, 16 
(-4, 3, 3), [1, 2, 24, 16, 312, 338, 2197], 3.13.c_y_q, 10 
(-2, -1, 5), [1, 2, 26, 62, 338, 338, 2197], 3.13.c_ba_ck, 8 
(-3, 1, 4), [1, 2, 28, 40, 364, 338, 2197], 3.13.c_bc_bo, 12 
(-3, 2, 3), [1, 2, 30, 34, 390, 338, 2197], 3.13.c_be_bi, 8 
(-1, -1, 4), [1, 2, 32, 56, 416, 338, 2197], 3.13.c_bg_ce, 4 
(-2, 1, 3), [1, 2, 34, 46, 442, 338, 2197], 3.13.c_bi_bu, 6 
(-2, 2, 2), [1, 2, 35, 44, 455, 338, 2197], 3.13.c_bj_bs, 2 
(-1, 1, 2), [1, 2, 38, 50, 494, 338, 2197], 3.13.c_bm_by, 2 
(-7, 4, 6), [1, 3, -7, -90, -91, 507, 2197], 3.13.d_ah_adm, 39 
(-6, 2, 7), [1, 3, -1, -6, -13, 507, 2197], 3.13.d_ab_ag, 39 
(-6, 3, 6), [1, 3, 3, -30, 39, 507, 2197], 3.13.d_d_abe, 33 
(-6, 4, 5), [1, 3, 5, -42, 65, 507, 2197], 3.13.d_f_abq, 25 
(-5, 2, 6), [1, 3, 11, 18, 143, 507, 2197], 3.13.d_l_s, 27 
(-5, 4, 4), [1, 3, 15, -2, 195, 507, 2197], 3.13.d_p_ac, 13 
(-2, -2, 7), [1, 3, 15, 106, 195, 507, 2197], 3.13.d_p_ec, 7 
(-4, 1, 6), [1, 3, 17, 54, 221, 507, 2197], 3.13.d_r_cc, 21 
(-4, 2, 5), [1, 3, 21, 38, 273, 507, 2197], 3.13.d_v_bm, 17 
(-4, 3, 4), [1, 3, 23, 30, 299, 507, 2197], 3.13.d_x_be, 11 
(-2, -1, 6), [1, 3, 23, 90, 299, 507, 2197], 3.13.d_x_dm, 9 
(-3, 2, 4), [1, 3, 29, 54, 377, 507, 2197], 3.13.d_bd_cc, 9 
(-2, 1, 4), [1, 3, 33, 70, 429, 507, 2197], 3.13.d_bh_cs, 7 
(-2, 2, 3), [1, 3, 35, 66, 455, 507, 2197], 3.13.d_bj_co, 3 
(-7, 4, 7), [1, 4, -10, -92, -130, 676, 2197], 3.13.e_ak_ado, 40 
(-7, 5, 6), [1, 4, -8, -106, -104, 676, 2197], 3.13.e_ai_aec, 30 
(-6, 3, 7), [1, 4, 0, -22, 0, 676, 2197], 3.13.e_a_aw, 34 
(-6, 4, 6), [1, 4, 3, -40, 39, 676, 2197], 3.13.e_d_abo, 26 
(-6, 5, 5), [1, 4, 4, -46, 52, 676, 2197], 3.13.e_e_abu, 16 
(-5, 2, 7), [1, 4, 8, 34, 104, 676, 2197], 3.13.e_i_bi, 28 
(-5, 3, 6), [1, 4, 12, 14, 156, 676, 2197], 3.13.e_m_o, 22 
(-5, 4, 5), [1, 4, 14, 4, 182, 676, 2197], 3.13.e_o_e, 14 
(-4, 1, 7), [1, 4, 14, 76, 182, 676, 2197], 3.13.e_o_cy, 22 
(-4, 2, 6), [1, 4, 19, 56, 247, 676, 2197], 3.13.e_t_ce, 18 
(-2, -1, 7), [1, 4, 20, 118, 260, 676, 2197], 3.13.e_u_eo, 10 
(-4, 3, 5), [1, 4, 22, 44, 286, 676, 2197], 3.13.e_w_bs, 12 
(-4, 4, 4), [1, 4, 23, 40, 299, 676, 2197], 3.13.e_x_bo, 4 
(-3, 1, 6), [1, 4, 24, 86, 312, 676, 2197], 3.13.e_y_di, 14 
(-3, 2, 5), [1, 4, 28, 74, 364, 676, 2197], 3.13.e_bc_cw, 10 
(-1, -1, 6), [1, 4, 28, 110, 364, 676, 2197], 3.13.e_bc_eg, 6 
(-3, 3, 4), [1, 4, 30, 68, 390, 676, 2197], 3.13.e_be_cq, 4 
(-2, 1, 5), [1, 4, 32, 94, 416, 676, 2197], 3.13.e_bg_dq, 8 
(-2, 2, 4), [1, 4, 35, 88, 455, 676, 2197], 3.13.e_bj_dk, 4 
(-2, 3, 3), [1, 4, 36, 86, 468, 676, 2197], 3.13.e_bk_di, -2 
(-1, 1, 4), [1, 4, 38, 100, 494, 676, 2197], 3.13.e_bm_dw, 4 
(-1, 2, 3), [1, 4, 40, 98, 520, 676, 2197], 3.13.e_bo_du, 0 
(-7, 6, 6), [1, 5, -9, -122, -117, 845, 2197], 3.13.f_aj_aes, 19 
(-6, 4, 7), [1, 5, 1, -38, 13, 845, 2197], 3.13.f_b_abm, 27 
(-6, 5, 6), [1, 5, 3, -50, 39, 845, 2197], 3.13.f_d_aby, 17 
(-5, 4, 6), [1, 5, 13, 10, 169, 845, 2197], 3.13.f_n_k, 15 
(-4, 2, 7), [1, 5, 17, 74, 221, 845, 2197], 3.13.f_r_cw, 19 
(-4, 3, 6), [1, 5, 21, 58, 273, 845, 2197], 3.13.f_v_cg, 13 
(-4, 4, 5), [1, 5, 23, 50, 299, 845, 2197], 3.13.f_x_by, 5 
(-3, 2, 6), [1, 5, 27, 94, 351, 845, 2197], 3.13.f_bb_dq, 11 
(-3, 4, 4), [1, 5, 31, 82, 403, 845, 2197], 3.13.f_bf_de, -3 
(-2, 1, 6), [1, 5, 31, 118, 403, 845, 2197], 3.13.f_bf_eo, 9 
(-2, 2, 5), [1, 5, 35, 110, 455, 845, 2197], 3.13.f_bj_eg, 5 
(-2, 3, 4), [1, 5, 37, 106, 481, 845, 2197], 3.13.f_bl_ec, -1 
(-1, 2, 4), [1, 5, 41, 122, 533, 845, 2197], 3.13.f_bp_es, 1 
(-7, 6, 7), [1, 6, -10, -138, -130, 1014, 2197], 3.13.g_ak_afi, 20 
(-6, 5, 7), [1, 6, 2, -54, 26, 1014, 2197], 3.13.g_c_acc, 18 
(-6, 6, 6), [1, 6, 3, -60, 39, 1014, 2197], 3.13.g_d_aci, 6 
(-5, 4, 7), [1, 6, 12, 16, 156, 1014, 2197], 3.13.g_m_q, 16 
(-5, 5, 6), [1, 6, 14, 6, 182, 1014, 2197], 3.13.g_o_g, 6 
(-4, 3, 7), [1, 6, 20, 72, 260, 1014, 2197], 3.13.g_u_cu, 14 
(-4, 4, 6), [1, 6, 23, 60, 299, 1014, 2197], 3.13.g_x_ci, 6 
(-4, 5, 5), [1, 6, 24, 56, 312, 1014, 2197], 3.13.g_y_ce, -4 
(-3, 2, 7), [1, 6, 26, 114, 338, 1014, 2197], 3.13.g_ba_ek, 12 
(-3, 3, 6), [1, 6, 30, 102, 390, 1014, 2197], 3.13.g_be_dy, 6 
(-2, 1, 7), [1, 6, 30, 142, 390, 1014, 2197], 3.13.g_be_fm, 10 
(-3, 4, 5), [1, 6, 32, 96, 416, 1014, 2197], 3.13.g_bg_ds, -2 
(-2, 2, 6), [1, 6, 35, 132, 455, 1014, 2197], 3.13.g_bj_fc, 6 
(-2, 3, 5), [1, 6, 38, 126, 494, 1014, 2197], 3.13.g_bm_ew, 0 
(-1, 1, 6), [1, 6, 38, 150, 494, 1014, 2197], 3.13.g_bm_fu, 6 
(-2, 4, 4), [1, 6, 39, 124, 507, 1014, 2197], 3.13.g_bn_eu, -8 
(-1, 2, 5), [1, 6, 42, 146, 546, 1014, 2197], 3.13.g_bq_fq, 2 
(-1, 3, 4), [1, 6, 44, 144, 572, 1014, 2197], 3.13.g_bs_fo, -4 
(1, 1, 4), [1, 6, 48, 160, 624, 1014, 2197], 3.13.g_bw_ge, 4 
(2, 2, 2), [1, 6, 51, 164, 663, 1014, 2197], 3.13.g_bz_gi, 2 
(-6, 6, 7), [1, 7, 3, -70, 39, 1183, 2197], 3.13.h_d_acs, 7 
(-5, 6, 6), [1, 7, 15, 2, 195, 1183, 2197], 3.13.h_p_c, -5 
(-4, 4, 7), [1, 7, 23, 70, 299, 1183, 2197], 3.13.h_x_cs, 7 
(-4, 5, 6), [1, 7, 25, 62, 325, 1183, 2197], 3.13.h_z_ck, -3 
(-3, 4, 6), [1, 7, 33, 110, 429, 1183, 2197], 3.13.h_bh_eg, -1 
(-2, 2, 7), [1, 7, 35, 154, 455, 1183, 2197], 3.13.h_bj_fy, 7 
(-2, 3, 6), [1, 7, 39, 146, 507, 1183, 2197], 3.13.h_bn_fq, 1 
(-2, 4, 5), [1, 7, 41, 142, 533, 1183, 2197], 3.13.h_bp_fm, -7 
(-1, 2, 6), [1, 7, 43, 170, 559, 1183, 2197], 3.13.h_br_go, 3 
(-1, 4, 4), [1, 7, 47, 166, 611, 1183, 2197], 3.13.h_bv_gk, -11 
(-6, 7, 7), [1, 8, 4, -86, 52, 1352, 2197], 3.13.i_e_adi, -6 
(-5, 6, 7), [1, 8, 16, -2, 208, 1352, 2197], 3.13.i_q_ac, -4 
(-4, 5, 7), [1, 8, 26, 68, 338, 1352, 2197], 3.13.i_ba_cq, -2 
(-4, 6, 6), [1, 8, 27, 64, 351, 1352, 2197], 3.13.i_bb_cm, -14 
(-3, 4, 7), [1, 8, 34, 124, 442, 1352, 2197], 3.13.i_bi_eu, 0 
(-3, 5, 6), [1, 8, 36, 118, 468, 1352, 2197], 3.13.i_bk_eo, -10 
(-2, 3, 7), [1, 8, 40, 166, 520, 1352, 2197], 3.13.i_bo_gk, 2 
(-2, 4, 6), [1, 8, 43, 160, 559, 1352, 2197], 3.13.i_br_ge, -6 
(-2, 5, 5), [1, 8, 44, 158, 572, 1352, 2197], 3.13.i_bs_gc, -16 
(-1, 2, 7), [1, 8, 44, 194, 572, 1352, 2197], 3.13.i_bs_hm, 4 
(-1, 3, 6), [1, 8, 48, 190, 624, 1352, 2197], 3.13.i_bw_hi, -2 
(-1, 4, 5), [1, 8, 50, 188, 650, 1352, 2197], 3.13.i_by_hg, -10 
(1, 1, 6), [1, 8, 52, 214, 676, 1352, 2197], 3.13.i_ca_ig, 6 
(1, 2, 5), [1, 8, 56, 218, 728, 1352, 2197], 3.13.i_ce_ik, 2 
(1, 3, 4), [1, 8, 58, 220, 754, 1352, 2197], 3.13.i_cg_im, -4 
(-4, 6, 7), [1, 9, 29, 66, 377, 1521, 2197], 3.13.j_bd_co, -13 
(-3, 6, 6), [1, 9, 39, 126, 507, 1521, 2197], 3.13.j_bn_ew, -21 
(-2, 4, 7), [1, 9, 45, 178, 585, 1521, 2197], 3.13.j_bt_gw, -5 
(-2, 5, 6), [1, 9, 47, 174, 611, 1521, 2197], 3.13.j_bv_gs, -15 
(-1, 4, 6), [1, 9, 53, 210, 689, 1521, 2197], 3.13.j_cb_ic, -9 
(1, 2, 6), [1, 9, 59, 246, 767, 1521, 2197], 3.13.j_ch_jm, 3 
(-4, 7, 7), [1, 10, 32, 64, 416, 1690, 2197], 3.13.k_bg_cm, -26 
(-3, 6, 7), [1, 10, 42, 134, 546, 1690, 2197], 3.13.k_bq_fe, -20 
(-2, 5, 7), [1, 10, 50, 190, 650, 1690, 2197], 3.13.k_by_hi, -14 
(-2, 6, 6), [1, 10, 51, 188, 663, 1690, 2197], 3.13.k_bz_hg, -26 
(-1, 4, 7), [1, 10, 56, 232, 728, 1690, 2197], 3.13.k_ce_iy, -8 
(-1, 5, 6), [1, 10, 58, 230, 754, 1690, 2197], 3.13.k_cg_iw, -18 
(1, 2, 7), [1, 10, 62, 274, 806, 1690, 2197], 3.13.k_ck_ko, 4 
(1, 3, 6), [1, 10, 66, 278, 858, 1690, 2197], 3.13.k_co_ks, -2 
(2, 2, 6), [1, 10, 67, 284, 871, 1690, 2197], 3.13.k_cp_ky, 6 
(1, 4, 5), [1, 10, 68, 280, 884, 1690, 2197], 3.13.k_cq_ku, -10 
(2, 3, 5), [1, 10, 70, 290, 910, 1690, 2197], 3.13.k_cs_le, 0 
(2, 4, 4), [1, 10, 71, 292, 923, 1690, 2197], 3.13.k_ct_lg, -8 
(-2, 6, 7), [1, 11, 55, 202, 715, 1859, 2197], 3.13.l_cd_hu, -25 
(-1, 6, 6), [1, 11, 63, 250, 819, 1859, 2197], 3.13.l_cl_jq, -29 
(2, 2, 7), [1, 11, 71, 314, 923, 1859, 2197], 3.13.l_ct_mc, 7 
(1, 4, 6), [1, 11, 73, 310, 949, 1859, 2197], 3.13.l_cv_ly, -9 
(-2, 7, 7), [1, 12, 60, 214, 780, 2028, 2197], 3.13.m_ci_ig, -38 
(-1, 6, 7), [1, 12, 68, 270, 884, 2028, 2197], 3.13.m_cq_kk, -28 
(1, 4, 7), [1, 12, 78, 340, 1014, 2028, 2197], 3.13.m_da_nc, -8 
(1, 5, 6), [1, 12, 80, 342, 1040, 2028, 2197], 3.13.m_dc_ne, -18 
(2, 3, 7), [1, 12, 80, 354, 1040, 2028, 2197], 3.13.m_dc_nq, 2 
(2, 4, 6), [1, 12, 83, 360, 1079, 2028, 2197], 3.13.m_df_nw, -6 
(2, 5, 5), [1, 12, 84, 362, 1092, 2028, 2197], 3.13.m_dg_ny, -16 
(3, 3, 6), [1, 12, 84, 366, 1092, 2028, 2197], 3.13.m_dg_oc, 6 
(4, 4, 4), [1, 12, 87, 376, 1131, 2028, 2197], 3.13.m_dj_om, 4 
(2, 4, 7), [1, 13, 89, 394, 1157, 2197, 2197], 3.13.n_dl_pe, -5 
(1, 6, 7), [1, 14, 94, 406, 1222, 2366, 2197], 3.13.o_dq_pq, -28 
(2, 6, 6), [1, 14, 99, 436, 1287, 2366, 2197], 3.13.o_dv_qu, -26 
(3, 5, 6), [1, 14, 102, 454, 1326, 2366, 2197], 3.13.o_dy_rm, -10 
(4, 4, 6), [1, 14, 103, 460, 1339, 2366, 2197], 3.13.o_dz_rs, 6 
