(-5, -5, 1), [1, -9, 39, -119, 312, -576, 512], 3.8.aj_bn_aep, 1 
(-5, -3, -1), [1, -9, 47, -159, 376, -576, 512], 3.8.aj_bv_agd, 15 
(-5, -5, 3), [1, -7, 19, -37, 152, -448, 512], 3.8.ah_t_abl, 3 
(-5, -3, 1), [1, -7, 31, -97, 248, -448, 512], 3.8.ah_bf_adt, 17 
(-5, -1, -1), [1, -7, 35, -117, 280, -448, 512], 3.8.ah_bj_aen, 23 
(-3, -3, -1), [1, -7, 39, -121, 312, -448, 512], 3.8.ah_bn_aer, -1 
(-5, -5, 5), [1, -5, -1, 45, -8, -320, 512], 3.8.af_ab_bt, 5 
(-5, -3, 3), [1, -5, 15, -35, 120, -320, 512], 3.8.af_p_abj, 19 
(-5, -1, 1), [1, -5, 23, -75, 184, -320, 512], 3.8.af_x_acx, 25 
(-3, -3, 1), [1, -5, 27, -71, 216, -320, 512], 3.8.af_bb_act, 1 
(-3, -1, -1), [1, -5, 31, -83, 248, -320, 512], 3.8.af_bf_adf, 7 
(-5, -3, 5), [1, -3, -1, 27, -8, -192, 512], 3.8.ad_ab_bb, 21 
(-5, -1, 3), [1, -3, 11, -33, 88, -192, 512], 3.8.ad_l_abh, 27 
(-5, 1, 1), [1, -3, 15, -53, 120, -192, 512], 3.8.ad_p_acb, 25 
(-3, -3, 3), [1, -3, 15, -21, 120, -192, 512], 3.8.ad_p_av, 3 
(-3, -1, 1), [1, -3, 23, -45, 184, -192, 512], 3.8.ad_x_abt, 9 
(-1, -1, -1), [1, -3, 27, -49, 216, -192, 512], 3.8.ad_bb_abx, -1 
(-5, -1, 5), [1, -1, -1, 9, -8, -64, 512], 3.8.ab_ab_j, 29 
(-3, -3, 5), [1, -1, 3, 29, 24, -64, 512], 3.8.ab_d_bd, 5 
(-5, 1, 3), [1, -1, 7, -31, 56, -64, 512], 3.8.ab_h_abf, 27 
(-3, -1, 3), [1, -1, 15, -7, 120, -64, 512], 3.8.ab_p_ah, 11 
(-3, 1, 1), [1, -1, 19, -19, 152, -64, 512], 3.8.ab_t_at, 9 
(-1, -1, 1), [1, -1, 23, -15, 184, -64, 512], 3.8.ab_x_ap, 1 
(-5, 1, 5), [1, 1, -1, -9, -8, 64, 512], 3.8.b_ab_aj, 29 
(-5, 3, 3), [1, 1, 3, -29, 24, 64, 512], 3.8.b_d_abd, 19 
(-3, -1, 5), [1, 1, 7, 31, 56, 64, 512], 3.8.b_h_bf, 13 
(-3, 1, 3), [1, 1, 15, 7, 120, 64, 512], 3.8.b_p_h, 11 
(-1, -1, 3), [1, 1, 19, 19, 152, 64, 512], 3.8.b_t_t, 3 
(-1, 1, 1), [1, 1, 23, 15, 184, 64, 512], 3.8.b_x_p, 1 
(-5, 3, 5), [1, 3, -1, -27, -8, 192, 512], 3.8.d_ab_abb, 21 
(-3, 1, 5), [1, 3, 11, 33, 88, 192, 512], 3.8.d_l_bh, 13 
(-3, 3, 3), [1, 3, 15, 21, 120, 192, 512], 3.8.d_p_v, 3 
(-1, -1, 5), [1, 3, 15, 53, 120, 192, 512], 3.8.d_p_cb, 5 
(-1, 1, 3), [1, 3, 23, 45, 184, 192, 512], 3.8.d_x_bt, 3 
(1, 1, 1), [1, 3, 27, 49, 216, 192, 512], 3.8.d_bb_bx, 1 
(-5, 5, 5), [1, 5, -1, -45, -8, 320, 512], 3.8.f_ab_abt, 5 
(-3, 3, 5), [1, 5, 15, 35, 120, 320, 512], 3.8.f_p_bj, 5 
(-1, 1, 5), [1, 5, 23, 75, 184, 320, 512], 3.8.f_x_cx, 5 
(-1, 3, 3), [1, 5, 27, 71, 216, 320, 512], 3.8.f_bb_ct, -5 
(1, 1, 3), [1, 5, 31, 83, 248, 320, 512], 3.8.f_bf_df, 3 
(-3, 5, 5), [1, 7, 19, 37, 152, 448, 512], 3.8.h_t_bl, -11 
(-1, 3, 5), [1, 7, 31, 97, 248, 448, 512], 3.8.h_bf_dt, -3 
(1, 1, 5), [1, 7, 35, 117, 280, 448, 512], 3.8.h_bj_en, 5 
(1, 3, 3), [1, 7, 39, 121, 312, 448, 512], 3.8.h_bn_er, -5 
(-1, 5, 5), [1, 9, 39, 119, 312, 576, 512], 3.8.j_bn_ep, -19 
(1, 3, 5), [1, 9, 47, 159, 376, 576, 512], 3.8.j_bv_gd, -3 
