(-6, -3, -2), [1, -11, 69, -278, 759, -1331, 1331], 3.11.al_cr_aks 
(-5, -4, -2), [1, -11, 71, -282, 781, -1331, 1331], 3.11.al_ct_akw 
(-4, -4, -2), [1, -10, 65, -252, 715, -1210, 1331], 3.11.ak_cn_ajs 
(-5, -2, -2), [1, -9, 57, -218, 627, -1089, 1331], 3.11.aj_cf_aik 
(-4, -4, -1), [1, -9, 57, -214, 627, -1089, 1331], 3.11.aj_cf_aig 
(-4, -2, -1), [1, -7, 47, -162, 517, -847, 1331], 3.11.ah_bv_agg 
(-6, -5, 6), [1, -5, -3, 70, -33, -605, 1331], 3.11.af_ad_cs 
(-2, -2, 1), [1, -3, 33, -62, 363, -363, 1331], 3.11.ad_bh_ack 
(-2, -1, 2), [1, -1, 29, -18, 319, -121, 1331], 3.11.ab_bd_as 
(-2, 1, 2), [1, 1, 29, 18, 319, 121, 1331], 3.11.b_bd_s 
(-1, 2, 2), [1, 3, 33, 62, 363, 363, 1331], 3.11.d_bh_ck 
(-6, 5, 6), [1, 5, -3, -70, -33, 605, 1331], 3.11.f_ad_acs 
(1, 2, 4), [1, 7, 47, 162, 517, 847, 1331], 3.11.h_bv_gg 
(1, 4, 4), [1, 9, 57, 214, 627, 1089, 1331], 3.11.j_cf_ig 
(2, 2, 5), [1, 9, 57, 218, 627, 1089, 1331], 3.11.j_cf_ik 
(2, 4, 4), [1, 10, 65, 252, 715, 1210, 1331], 3.11.k_cn_js 
(2, 3, 6), [1, 11, 69, 278, 759, 1331, 1331], 3.11.l_cr_ks 
(2, 4, 5), [1, 11, 71, 282, 781, 1331, 1331], 3.11.l_ct_kw 
