(-8, -7, -5), [1, -20, 188, -1040, 3572, -7220, 6859], 3.19.au_hg_aboa, 10 
(-8, -8, -3), [1, -19, 169, -914, 3211, -6859, 6859], 3.19.at_gn_abje, -3 
(-8, -7, -4), [1, -19, 173, -946, 3287, -6859, 6859], 3.19.at_gr_abkk, 11 
(-8, -6, -5), [1, -19, 175, -962, 3325, -6859, 6859], 3.19.at_gt_abla, 23 
(-8, -6, -3), [1, -17, 147, -790, 2793, -6137, 6859], 3.19.ar_fr_abek, 25 
(-8, -5, -4), [1, -17, 149, -806, 2831, -6137, 6859], 3.19.ar_ft_abfa, 35 
(-7, -6, -4), [1, -17, 151, -814, 2869, -6137, 6859], 3.19.ar_fv_abfi, 9 
(-7, -4, -4), [1, -15, 129, -682, 2451, -5415, 6859], 3.19.ap_ez_abag, 29 
(-6, -6, -3), [1, -15, 129, -678, 2451, -5415, 6859], 3.19.ap_ez_abac, -3 
(-6, -4, -4), [1, -14, 121, -628, 2299, -5054, 6859], 3.19.ao_er_aye, 16 
(-6, -5, -2), [1, -13, 109, -554, 2071, -4693, 6859], 3.19.an_ef_avi, 9 
(-6, -4, -3), [1, -13, 111, -566, 2109, -4693, 6859], 3.19.an_eh_avu, 17 
(-6, -3, -2), [1, -11, 93, -454, 1767, -3971, 6859], 3.19.al_dp_arm, 25 
(-5, -4, -2), [1, -11, 95, -458, 1805, -3971, 6859], 3.19.al_dr_arq, 7 
(-5, -3, -2), [1, -10, 88, -410, 1672, -3610, 6859], 3.19.ak_dk_apu, 14 
(-4, -4, -2), [1, -10, 89, -412, 1691, -3610, 6859], 3.19.ak_dl_apw, -2 
(-5, -2, -2), [1, -9, 81, -362, 1539, -3249, 6859], 3.19.aj_dd_any, 19 
(-4, -4, -1), [1, -9, 81, -358, 1539, -3249, 6859], 3.19.aj_dd_anu, -1 
(-4, -2, -1), [1, -7, 71, -274, 1349, -2527, 6859], 3.19.ah_ct_ako, 11 
(1, 2, 4), [1, 7, 71, 274, 1349, 2527, 6859], 3.19.h_ct_ko, 1 
(1, 4, 4), [1, 9, 81, 358, 1539, 3249, 6859], 3.19.j_dd_nu, -11 
(2, 2, 5), [1, 9, 81, 362, 1539, 3249, 6859], 3.19.j_dd_ny, 5 
(2, 3, 5), [1, 10, 88, 410, 1672, 3610, 6859], 3.19.k_dk_pu, 0 
(2, 4, 4), [1, 10, 89, 412, 1691, 3610, 6859], 3.19.k_dl_pw, -8 
(2, 3, 6), [1, 11, 93, 454, 1767, 3971, 6859], 3.19.l_dp_rm, 1 
(2, 4, 5), [1, 11, 95, 458, 1805, 3971, 6859], 3.19.l_dr_rq, -7 
(2, 5, 6), [1, 13, 109, 554, 2071, 4693, 6859], 3.19.n_ef_vi, -15 
(3, 4, 6), [1, 13, 111, 566, 2109, 4693, 6859], 3.19.n_eh_vu, -1 
(4, 4, 6), [1, 14, 121, 628, 2299, 5054, 6859], 3.19.o_er_ye, 6 
(3, 6, 6), [1, 15, 129, 678, 2451, 5415, 6859], 3.19.p_ez_bac, -21 
(4, 4, 7), [1, 15, 129, 682, 2451, 5415, 6859], 3.19.p_ez_bag, 7 
(3, 6, 8), [1, 17, 147, 790, 2793, 6137, 6859], 3.19.r_fr_bek, -19 
(4, 5, 8), [1, 17, 149, 806, 2831, 6137, 6859], 3.19.r_ft_bfa, -1 
(4, 6, 7), [1, 17, 151, 814, 2869, 6137, 6859], 3.19.r_fv_bfi, -13 
(3, 8, 8), [1, 19, 169, 914, 3211, 6859, 6859], 3.19.t_gn_bje, -47 
(4, 7, 8), [1, 19, 173, 946, 3287, 6859, 6859], 3.19.t_gr_bkk, -25 
(5, 6, 8), [1, 19, 175, 962, 3325, 6859, 6859], 3.19.t_gt_bla, -3 
(5, 7, 8), [1, 20, 188, 1040, 3572, 7220, 6859], 3.19.u_hg_boa, -16 
