(-8, 21, -36), [0, 1, 0], 3.8.ai_v_abk 
(-8, 35, -112), [0, 3, 0], 3.8.ai_bj_aei 
(-8, 37, -124), [0, 1, 0], 3.8.ai_bl_aeu 
(-8, 41, -136), [0, 1, 0], 3.8.ai_bp_afg 
(-6, 11, -8), [2, 3, 0], 3.8.ag_l_ai 
(-6, 17, -44), [2, 1, 0], 3.8.ag_r_abs 
(-6, 17, -40), [2, 1, 0], 3.8.ag_r_abo 
(-6, 19, -52), [2, 3, 0], 3.8.ag_t_aca 
(-6, 19, -48), [2, 3, 0], 3.8.ag_t_abw 
(-6, 21, -68), [2, 1, 0], 3.8.ag_v_acq 
(-6, 21, -64), [2, 1, 0], 3.8.ag_v_acm 
(-6, 23, -76), [2, 3, 0], 3.8.ag_x_acy 
(-6, 23, -72), [2, 3, 0], 3.8.ag_x_acu 
(-6, 23, -68), [2, 3, 0], 3.8.ag_x_acq 
(-6, 23, -64), [2, 3, 0], 3.8.ag_x_acm 
(-6, 25, -84), [2, 1, 0], 3.8.ag_z_adg 
(-6, 25, -80), [2, 1, 0], 3.8.ag_z_adc 
(-6, 27, -92), [2, 3, 0], 3.8.ag_bb_ado 
(-6, 27, -88), [2, 3, 0], 3.8.ag_bb_adk 
(-6, 27, -84), [2, 3, 0], 3.8.ag_bb_adg 
(-6, 29, -92), [2, 1, 0], 3.8.ag_bd_ado 
(-6, 29, -88), [2, 1, 0], 3.8.ag_bd_adk 
(-4, -5, 48), [0, 3, 0], 3.8.ae_af_bw 
(-4, -1, 28), [0, 3, 0], 3.8.ae_ab_bc 
(-4, -1, 32), [0, 3, 0], 3.8.ae_ab_bg 
(-4, 1, 16), [0, 1, 0], 3.8.ae_b_q 
(-4, 1, 24), [0, 1, 0], 3.8.ae_b_y 
(-4, 3, 4), [0, 3, 0], 3.8.ae_d_e 
(-4, 3, 12), [0, 3, 0], 3.8.ae_d_m 
(-4, 5, -8), [0, 1, 0], 3.8.ae_f_ai 
(-4, 5, -4), [0, 1, 0], 3.8.ae_f_ae 
(-4, 5, 4), [0, 1, 0], 3.8.ae_f_e 
(-4, 5, 8), [0, 1, 0], 3.8.ae_f_i 
(-4, 7, -20), [0, 3, 0], 3.8.ae_h_au 
(-4, 7, -16), [0, 3, 0], 3.8.ae_h_aq 
(-4, 7, -12), [0, 3, 0], 3.8.ae_h_am 
(-4, 7, -8), [0, 3, 0], 3.8.ae_h_ai 
(-4, 7, 0), [0, 3, 0], 3.8.ae_h_a 
(-4, 9, -28), [0, 1, 0], 3.8.ae_j_abc 
(-4, 9, -16), [0, 1, 0], 3.8.ae_j_aq 
(-4, 9, -12), [0, 1, 0], 3.8.ae_j_am 
(-4, 9, -8), [0, 1, 0], 3.8.ae_j_ai 
(-4, 11, -36), [0, 3, 0], 3.8.ae_l_abk 
(-4, 11, -32), [0, 3, 0], 3.8.ae_l_abg 
(-4, 11, -28), [0, 3, 0], 3.8.ae_l_abc 
(-4, 11, -20), [0, 3, 0], 3.8.ae_l_au 
(-4, 13, -52), [0, 1, 0], 3.8.ae_n_aca 
(-4, 13, -48), [0, 1, 0], 3.8.ae_n_abw 
(-4, 13, -40), [0, 1, 0], 3.8.ae_n_abo 
(-4, 13, -36), [0, 1, 0], 3.8.ae_n_abk 
(-4, 13, -32), [0, 1, 0], 3.8.ae_n_abg 
(-4, 13, -28), [0, 1, 0], 3.8.ae_n_abc 
(-4, 13, -24), [0, 1, 0], 3.8.ae_n_ay 
(-4, 15, -60), [0, 3, 0], 3.8.ae_p_aci 
(-4, 15, -48), [0, 3, 0], 3.8.ae_p_abw 
(-4, 15, -40), [0, 3, 0], 3.8.ae_p_abo 
(-4, 15, -36), [0, 3, 0], 3.8.ae_p_abk 
(-4, 15, -32), [0, 3, 0], 3.8.ae_p_abg 
(-4, 17, -60), [0, 1, 0], 3.8.ae_r_aci 
(-4, 17, -56), [0, 1, 0], 3.8.ae_r_ace 
(-4, 17, -52), [0, 1, 0], 3.8.ae_r_aca 
(-4, 17, -44), [0, 1, 0], 3.8.ae_r_abs 
(-4, 17, -40), [0, 1, 0], 3.8.ae_r_abo 
(-4, 19, -60), [0, 3, 0], 3.8.ae_t_aci 
(-4, 19, -52), [0, 3, 0], 3.8.ae_t_aca 
(-4, 19, -48), [0, 3, 0], 3.8.ae_t_abw 
(-4, 21, -60), [0, 1, 0], 3.8.ae_v_aci 
(-4, 21, -48), [0, 1, 0], 3.8.ae_v_abw 
(-4, 23, -56), [0, 3, 0], 3.8.ae_x_ace 
(-2, -7, 32), [2, 1, 0], 3.8.ac_ah_bg 
(-2, -7, 36), [2, 1, 0], 3.8.ac_ah_bk 
(-2, -5, 20), [2, 3, 0], 3.8.ac_af_u 
(-2, -5, 28), [2, 3, 0], 3.8.ac_af_bc 
(-2, -5, 36), [2, 3, 0], 3.8.ac_af_bk 
(-2, -5, 40), [2, 3, 0], 3.8.ac_af_bo 
(-2, -3, 4), [2, 1, 0], 3.8.ac_ad_e 
(-2, -3, 12), [2, 1, 0], 3.8.ac_ad_m 
(-2, -3, 16), [2, 1, 0], 3.8.ac_ad_q 
(-2, -3, 20), [2, 1, 0], 3.8.ac_ad_u 
(-2, -3, 24), [2, 1, 0], 3.8.ac_ad_y 
(-2, -3, 32), [2, 1, 0], 3.8.ac_ad_bg 
(-2, -3, 36), [2, 1, 0], 3.8.ac_ad_bk 
(-2, -1, -4), [2, 3, 0], 3.8.ac_ab_ae 
(-2, -1, 0), [2, 3, 0], 3.8.ac_ab_a 
(-2, -1, 4), [2, 3, 0], 3.8.ac_ab_e 
(-2, -1, 8), [2, 3, 0], 3.8.ac_ab_i 
(-2, -1, 12), [2, 3, 0], 3.8.ac_ab_m 
(-2, -1, 16), [2, 3, 0], 3.8.ac_ab_q 
(-2, -1, 20), [2, 3, 0], 3.8.ac_ab_u 
(-2, -1, 24), [2, 3, 0], 3.8.ac_ab_y 
(-2, 1, -16), [2, 1, 0], 3.8.ac_b_aq 
(-2, 1, -12), [2, 1, 0], 3.8.ac_b_am 
(-2, 1, -4), [2, 1, 0], 3.8.ac_b_ae 
(-2, 1, 0), [2, 1, 0], 3.8.ac_b_a 
(-2, 1, 4), [2, 1, 0], 3.8.ac_b_e 
(-2, 1, 12), [2, 1, 0], 3.8.ac_b_m 
(-2, 1, 16), [2, 1, 0], 3.8.ac_b_q 
(-2, 1, 20), [2, 1, 0], 3.8.ac_b_u 
(-2, 1, 24), [2, 1, 0], 3.8.ac_b_y 
(-2, 3, -24), [2, 3, 0], 3.8.ac_d_ay 
(-2, 3, -16), [2, 3, 0], 3.8.ac_d_aq 
(-2, 3, -12), [2, 3, 0], 3.8.ac_d_am 
(-2, 3, -8), [2, 3, 0], 3.8.ac_d_ai 
(-2, 3, -4), [2, 3, 0], 3.8.ac_d_ae 
(-2, 3, 0), [2, 3, 0], 3.8.ac_d_a 
(-2, 3, 4), [2, 3, 0], 3.8.ac_d_e 
(-2, 3, 8), [2, 3, 0], 3.8.ac_d_i 
(-2, 3, 16), [2, 3, 0], 3.8.ac_d_q 
(-2, 5, -40), [2, 1, 0], 3.8.ac_f_abo 
(-2, 5, -36), [2, 1, 0], 3.8.ac_f_abk 
(-2, 5, -28), [2, 1, 0], 3.8.ac_f_abc 
(-2, 5, -24), [2, 1, 0], 3.8.ac_f_ay 
(-2, 5, -20), [2, 1, 0], 3.8.ac_f_au 
(-2, 5, -16), [2, 1, 0], 3.8.ac_f_aq 
(-2, 5, -8), [2, 1, 0], 3.8.ac_f_ai 
(-2, 5, -4), [2, 1, 0], 3.8.ac_f_ae 
(-2, 5, 0), [2, 1, 0], 3.8.ac_f_a 
(-2, 5, 4), [2, 1, 0], 3.8.ac_f_e 
(-2, 5, 8), [2, 1, 0], 3.8.ac_f_i 
(-2, 7, -44), [2, 3, 0], 3.8.ac_h_abs 
(-2, 7, -40), [2, 3, 0], 3.8.ac_h_abo 
(-2, 7, -36), [2, 3, 0], 3.8.ac_h_abk 
(-2, 7, -28), [2, 3, 0], 3.8.ac_h_abc 
(-2, 7, -24), [2, 3, 0], 3.8.ac_h_ay 
(-2, 7, -20), [2, 3, 0], 3.8.ac_h_au 
(-2, 7, -16), [2, 3, 0], 3.8.ac_h_aq 
(-2, 7, -12), [2, 3, 0], 3.8.ac_h_am 
(-2, 7, -8), [2, 3, 0], 3.8.ac_h_ai 
(-2, 7, 0), [2, 3, 0], 3.8.ac_h_a 
(-2, 7, 8), [2, 3, 0], 3.8.ac_h_i 
(-2, 9, -40), [2, 1, 0], 3.8.ac_j_abo 
(-2, 9, -36), [2, 1, 0], 3.8.ac_j_abk 
(-2, 9, -28), [2, 1, 0], 3.8.ac_j_abc 
(-2, 9, -24), [2, 1, 0], 3.8.ac_j_ay 
(-2, 9, -20), [2, 1, 0], 3.8.ac_j_au 
(-2, 9, -12), [2, 1, 0], 3.8.ac_j_am 
(-2, 9, -8), [2, 1, 0], 3.8.ac_j_ai 
(-2, 9, 0), [2, 1, 0], 3.8.ac_j_a 
(-2, 11, -40), [2, 3, 0], 3.8.ac_l_abo 
(-2, 11, -36), [2, 3, 0], 3.8.ac_l_abk 
(-2, 11, -28), [2, 3, 0], 3.8.ac_l_abc 
(-2, 11, -24), [2, 3, 0], 3.8.ac_l_ay 
(-2, 11, -20), [2, 3, 0], 3.8.ac_l_au 
(-2, 11, -16), [2, 3, 0], 3.8.ac_l_aq 
(-2, 11, -8), [2, 3, 0], 3.8.ac_l_ai 
(-2, 11, -4), [2, 3, 0], 3.8.ac_l_ae 
(-2, 13, -36), [2, 1, 0], 3.8.ac_n_abk 
(-2, 13, -28), [2, 1, 0], 3.8.ac_n_abc 
(-2, 13, -24), [2, 1, 0], 3.8.ac_n_ay 
(-2, 13, -16), [2, 1, 0], 3.8.ac_n_aq 
(-2, 13, -12), [2, 1, 0], 3.8.ac_n_am 
(-2, 15, -36), [2, 3, 0], 3.8.ac_p_abk 
(-2, 15, -20), [2, 3, 0], 3.8.ac_p_au 
(-2, 17, -28), [2, 1, 0], 3.8.ac_r_abc 
(-2, 19, -24), [2, 3, 0], 3.8.ac_t_ay 
(0, -5, -16), [0, 3, 0], 3.8.a_af_aq 
(0, -5, -12), [0, 3, 0], 3.8.a_af_am 
(0, -5, -8), [0, 3, 0], 3.8.a_af_ai 
(0, -5, -4), [0, 3, 0], 3.8.a_af_ae 
(0, -5, 4), [0, 3, 0], 3.8.a_af_e 
(0, -5, 8), [0, 3, 0], 3.8.a_af_i 
(0, -5, 12), [0, 3, 0], 3.8.a_af_m 
(0, -5, 16), [0, 3, 0], 3.8.a_af_q 
(0, -3, -28), [0, 1, 0], 3.8.a_ad_abc 
(0, -3, -24), [0, 1, 0], 3.8.a_ad_ay 
(0, -3, -16), [0, 1, 0], 3.8.a_ad_aq 
(0, -3, -12), [0, 1, 0], 3.8.a_ad_am 
(0, -3, -8), [0, 1, 0], 3.8.a_ad_ai 
(0, -3, -4), [0, 1, 0], 3.8.a_ad_ae 
(0, -3, 4), [0, 1, 0], 3.8.a_ad_e 
(0, -3, 8), [0, 1, 0], 3.8.a_ad_i 
(0, -3, 12), [0, 1, 0], 3.8.a_ad_m 
(0, -3, 16), [0, 1, 0], 3.8.a_ad_q 
(0, -3, 24), [0, 1, 0], 3.8.a_ad_y 
(0, -3, 28), [0, 1, 0], 3.8.a_ad_bc 
(0, -1, -32), [0, 3, 0], 3.8.a_ab_abg 
(0, -1, -28), [0, 3, 0], 3.8.a_ab_abc 
(0, -1, -20), [0, 3, 0], 3.8.a_ab_au 
(0, -1, -16), [0, 3, 0], 3.8.a_ab_aq 
(0, -1, -12), [0, 3, 0], 3.8.a_ab_am 
(0, -1, -8), [0, 3, 0], 3.8.a_ab_ai 
(0, -1, -4), [0, 3, 0], 3.8.a_ab_ae 
(0, -1, 4), [0, 3, 0], 3.8.a_ab_e 
(0, -1, 8), [0, 3, 0], 3.8.a_ab_i 
(0, -1, 12), [0, 3, 0], 3.8.a_ab_m 
(0, -1, 16), [0, 3, 0], 3.8.a_ab_q 
(0, -1, 20), [0, 3, 0], 3.8.a_ab_u 
(0, -1, 28), [0, 3, 0], 3.8.a_ab_bc 
(0, -1, 32), [0, 3, 0], 3.8.a_ab_bg 
(0, 1, -32), [0, 1, 0], 3.8.a_b_abg 
(0, 1, -24), [0, 1, 0], 3.8.a_b_ay 
(0, 1, -20), [0, 1, 0], 3.8.a_b_au 
(0, 1, -16), [0, 1, 0], 3.8.a_b_aq 
(0, 1, -12), [0, 1, 0], 3.8.a_b_am 
(0, 1, -8), [0, 1, 0], 3.8.a_b_ai 
(0, 1, -4), [0, 1, 0], 3.8.a_b_ae 
(0, 1, 4), [0, 1, 0], 3.8.a_b_e 
(0, 1, 8), [0, 1, 0], 3.8.a_b_i 
(0, 1, 12), [0, 1, 0], 3.8.a_b_m 
(0, 1, 16), [0, 1, 0], 3.8.a_b_q 
(0, 1, 20), [0, 1, 0], 3.8.a_b_u 
(0, 1, 24), [0, 1, 0], 3.8.a_b_y 
(0, 1, 32), [0, 1, 0], 3.8.a_b_bg 
(0, 3, -32), [0, 3, 0], 3.8.a_d_abg 
(0, 3, -28), [0, 3, 0], 3.8.a_d_abc 
(0, 3, -24), [0, 3, 0], 3.8.a_d_ay 
(0, 3, -16), [0, 3, 0], 3.8.a_d_aq 
(0, 3, -12), [0, 3, 0], 3.8.a_d_am 
(0, 3, -8), [0, 3, 0], 3.8.a_d_ai 
(0, 3, -4), [0, 3, 0], 3.8.a_d_ae 
(0, 3, 4), [0, 3, 0], 3.8.a_d_e 
(0, 3, 8), [0, 3, 0], 3.8.a_d_i 
(0, 3, 12), [0, 3, 0], 3.8.a_d_m 
(0, 3, 16), [0, 3, 0], 3.8.a_d_q 
(0, 3, 24), [0, 3, 0], 3.8.a_d_y 
(0, 3, 28), [0, 3, 0], 3.8.a_d_bc 
(0, 3, 32), [0, 3, 0], 3.8.a_d_bg 
(0, 5, -28), [0, 1, 0], 3.8.a_f_abc 
(0, 5, -20), [0, 1, 0], 3.8.a_f_au 
(0, 5, -16), [0, 1, 0], 3.8.a_f_aq 
(0, 5, -8), [0, 1, 0], 3.8.a_f_ai 
(0, 5, -4), [0, 1, 0], 3.8.a_f_ae 
(0, 5, 4), [0, 1, 0], 3.8.a_f_e 
(0, 5, 8), [0, 1, 0], 3.8.a_f_i 
(0, 5, 16), [0, 1, 0], 3.8.a_f_q 
(0, 5, 20), [0, 1, 0], 3.8.a_f_u 
(0, 5, 28), [0, 1, 0], 3.8.a_f_bc 
(0, 7, -20), [0, 3, 0], 3.8.a_h_au 
(0, 7, -12), [0, 3, 0], 3.8.a_h_am 
(0, 7, -8), [0, 3, 0], 3.8.a_h_ai 
(0, 7, 8), [0, 3, 0], 3.8.a_h_i 
(0, 7, 12), [0, 3, 0], 3.8.a_h_m 
(0, 7, 20), [0, 3, 0], 3.8.a_h_u 
(0, 9, -16), [0, 1, 0], 3.8.a_j_aq 
(0, 9, -12), [0, 1, 0], 3.8.a_j_am 
(0, 9, -8), [0, 1, 0], 3.8.a_j_ai 
(0, 9, 8), [0, 1, 0], 3.8.a_j_i 
(0, 9, 12), [0, 1, 0], 3.8.a_j_m 
(0, 9, 16), [0, 1, 0], 3.8.a_j_q 
(0, 11, -16), [0, 3, 0], 3.8.a_l_aq 
(0, 11, -8), [0, 3, 0], 3.8.a_l_ai 
(0, 11, -4), [0, 3, 0], 3.8.a_l_ae 
(0, 11, 4), [0, 3, 0], 3.8.a_l_e 
(0, 11, 8), [0, 3, 0], 3.8.a_l_i 
(0, 11, 16), [0, 3, 0], 3.8.a_l_q 
(0, 13, -8), [0, 1, 0], 3.8.a_n_ai 
(0, 13, -4), [0, 1, 0], 3.8.a_n_ae 
(0, 13, 4), [0, 1, 0], 3.8.a_n_e 
(0, 13, 8), [0, 1, 0], 3.8.a_n_i 
(0, 17, -4), [0, 1, 0], 3.8.a_r_ae 
(0, 17, 4), [0, 1, 0], 3.8.a_r_e 
(2, -7, -36), [2, 1, 0], 3.8.c_ah_abk 
(2, -7, -32), [2, 1, 0], 3.8.c_ah_abg 
(2, -5, -40), [2, 3, 0], 3.8.c_af_abo 
(2, -5, -36), [2, 3, 0], 3.8.c_af_abk 
(2, -5, -28), [2, 3, 0], 3.8.c_af_abc 
(2, -5, -20), [2, 3, 0], 3.8.c_af_au 
(2, -3, -36), [2, 1, 0], 3.8.c_ad_abk 
(2, -3, -32), [2, 1, 0], 3.8.c_ad_abg 
(2, -3, -24), [2, 1, 0], 3.8.c_ad_ay 
(2, -3, -20), [2, 1, 0], 3.8.c_ad_au 
(2, -3, -16), [2, 1, 0], 3.8.c_ad_aq 
(2, -3, -12), [2, 1, 0], 3.8.c_ad_am 
(2, -3, -4), [2, 1, 0], 3.8.c_ad_ae 
(2, -1, -24), [2, 3, 0], 3.8.c_ab_ay 
(2, -1, -20), [2, 3, 0], 3.8.c_ab_au 
(2, -1, -16), [2, 3, 0], 3.8.c_ab_aq 
(2, -1, -12), [2, 3, 0], 3.8.c_ab_am 
(2, -1, -8), [2, 3, 0], 3.8.c_ab_ai 
(2, -1, -4), [2, 3, 0], 3.8.c_ab_ae 
(2, -1, 0), [2, 3, 0], 3.8.c_ab_a 
(2, -1, 4), [2, 3, 0], 3.8.c_ab_e 
(2, 1, -24), [2, 1, 0], 3.8.c_b_ay 
(2, 1, -20), [2, 1, 0], 3.8.c_b_au 
(2, 1, -16), [2, 1, 0], 3.8.c_b_aq 
(2, 1, -12), [2, 1, 0], 3.8.c_b_am 
(2, 1, -4), [2, 1, 0], 3.8.c_b_ae 
(2, 1, 0), [2, 1, 0], 3.8.c_b_a 
(2, 1, 4), [2, 1, 0], 3.8.c_b_e 
(2, 1, 12), [2, 1, 0], 3.8.c_b_m 
(2, 1, 16), [2, 1, 0], 3.8.c_b_q 
(2, 3, -16), [2, 3, 0], 3.8.c_d_aq 
(2, 3, -8), [2, 3, 0], 3.8.c_d_ai 
(2, 3, -4), [2, 3, 0], 3.8.c_d_ae 
(2, 3, 0), [2, 3, 0], 3.8.c_d_a 
(2, 3, 4), [2, 3, 0], 3.8.c_d_e 
(2, 3, 8), [2, 3, 0], 3.8.c_d_i 
(2, 3, 12), [2, 3, 0], 3.8.c_d_m 
(2, 3, 16), [2, 3, 0], 3.8.c_d_q 
(2, 3, 24), [2, 3, 0], 3.8.c_d_y 
(2, 5, -8), [2, 1, 0], 3.8.c_f_ai 
(2, 5, -4), [2, 1, 0], 3.8.c_f_ae 
(2, 5, 0), [2, 1, 0], 3.8.c_f_a 
(2, 5, 4), [2, 1, 0], 3.8.c_f_e 
(2, 5, 8), [2, 1, 0], 3.8.c_f_i 
(2, 5, 16), [2, 1, 0], 3.8.c_f_q 
(2, 5, 20), [2, 1, 0], 3.8.c_f_u 
(2, 5, 24), [2, 1, 0], 3.8.c_f_y 
(2, 5, 28), [2, 1, 0], 3.8.c_f_bc 
(2, 5, 36), [2, 1, 0], 3.8.c_f_bk 
(2, 5, 40), [2, 1, 0], 3.8.c_f_bo 
(2, 7, -8), [2, 3, 0], 3.8.c_h_ai 
(2, 7, 0), [2, 3, 0], 3.8.c_h_a 
(2, 7, 8), [2, 3, 0], 3.8.c_h_i 
(2, 7, 12), [2, 3, 0], 3.8.c_h_m 
(2, 7, 16), [2, 3, 0], 3.8.c_h_q 
(2, 7, 20), [2, 3, 0], 3.8.c_h_u 
(2, 7, 24), [2, 3, 0], 3.8.c_h_y 
(2, 7, 28), [2, 3, 0], 3.8.c_h_bc 
(2, 7, 36), [2, 3, 0], 3.8.c_h_bk 
(2, 7, 40), [2, 3, 0], 3.8.c_h_bo 
(2, 7, 44), [2, 3, 0], 3.8.c_h_bs 
(2, 9, 0), [2, 1, 0], 3.8.c_j_a 
(2, 9, 8), [2, 1, 0], 3.8.c_j_i 
(2, 9, 12), [2, 1, 0], 3.8.c_j_m 
(2, 9, 20), [2, 1, 0], 3.8.c_j_u 
(2, 9, 24), [2, 1, 0], 3.8.c_j_y 
(2, 9, 28), [2, 1, 0], 3.8.c_j_bc 
(2, 9, 36), [2, 1, 0], 3.8.c_j_bk 
(2, 9, 40), [2, 1, 0], 3.8.c_j_bo 
(2, 11, 4), [2, 3, 0], 3.8.c_l_e 
(2, 11, 8), [2, 3, 0], 3.8.c_l_i 
(2, 11, 16), [2, 3, 0], 3.8.c_l_q 
(2, 11, 20), [2, 3, 0], 3.8.c_l_u 
(2, 11, 24), [2, 3, 0], 3.8.c_l_y 
(2, 11, 28), [2, 3, 0], 3.8.c_l_bc 
(2, 11, 36), [2, 3, 0], 3.8.c_l_bk 
(2, 11, 40), [2, 3, 0], 3.8.c_l_bo 
(2, 13, 12), [2, 1, 0], 3.8.c_n_m 
(2, 13, 16), [2, 1, 0], 3.8.c_n_q 
(2, 13, 24), [2, 1, 0], 3.8.c_n_y 
(2, 13, 28), [2, 1, 0], 3.8.c_n_bc 
(2, 13, 36), [2, 1, 0], 3.8.c_n_bk 
(2, 15, 20), [2, 3, 0], 3.8.c_p_u 
(2, 15, 36), [2, 3, 0], 3.8.c_p_bk 
(2, 17, 28), [2, 1, 0], 3.8.c_r_bc 
(2, 19, 24), [2, 3, 0], 3.8.c_t_y 
(4, -5, -48), [0, 3, 0], 3.8.e_af_abw 
(4, -1, -32), [0, 3, 0], 3.8.e_ab_abg 
(4, -1, -28), [0, 3, 0], 3.8.e_ab_abc 
(4, 1, -24), [0, 1, 0], 3.8.e_b_ay 
(4, 1, -16), [0, 1, 0], 3.8.e_b_aq 
(4, 3, -12), [0, 3, 0], 3.8.e_d_am 
(4, 3, -4), [0, 3, 0], 3.8.e_d_ae 
(4, 5, -8), [0, 1, 0], 3.8.e_f_ai 
(4, 5, -4), [0, 1, 0], 3.8.e_f_ae 
(4, 5, 4), [0, 1, 0], 3.8.e_f_e 
(4, 5, 8), [0, 1, 0], 3.8.e_f_i 
(4, 7, 0), [0, 3, 0], 3.8.e_h_a 
(4, 7, 8), [0, 3, 0], 3.8.e_h_i 
(4, 7, 12), [0, 3, 0], 3.8.e_h_m 
(4, 7, 16), [0, 3, 0], 3.8.e_h_q 
(4, 7, 20), [0, 3, 0], 3.8.e_h_u 
(4, 9, 8), [0, 1, 0], 3.8.e_j_i 
(4, 9, 12), [0, 1, 0], 3.8.e_j_m 
(4, 9, 16), [0, 1, 0], 3.8.e_j_q 
(4, 9, 28), [0, 1, 0], 3.8.e_j_bc 
(4, 11, 20), [0, 3, 0], 3.8.e_l_u 
(4, 11, 28), [0, 3, 0], 3.8.e_l_bc 
(4, 11, 32), [0, 3, 0], 3.8.e_l_bg 
(4, 11, 36), [0, 3, 0], 3.8.e_l_bk 
(4, 13, 24), [0, 1, 0], 3.8.e_n_y 
(4, 13, 28), [0, 1, 0], 3.8.e_n_bc 
(4, 13, 32), [0, 1, 0], 3.8.e_n_bg 
(4, 13, 36), [0, 1, 0], 3.8.e_n_bk 
(4, 13, 40), [0, 1, 0], 3.8.e_n_bo 
(4, 13, 48), [0, 1, 0], 3.8.e_n_bw 
(4, 13, 52), [0, 1, 0], 3.8.e_n_ca 
(4, 15, 32), [0, 3, 0], 3.8.e_p_bg 
(4, 15, 36), [0, 3, 0], 3.8.e_p_bk 
(4, 15, 40), [0, 3, 0], 3.8.e_p_bo 
(4, 15, 48), [0, 3, 0], 3.8.e_p_bw 
(4, 15, 60), [0, 3, 0], 3.8.e_p_ci 
(4, 17, 40), [0, 1, 0], 3.8.e_r_bo 
(4, 17, 44), [0, 1, 0], 3.8.e_r_bs 
(4, 17, 52), [0, 1, 0], 3.8.e_r_ca 
(4, 17, 56), [0, 1, 0], 3.8.e_r_ce 
(4, 17, 60), [0, 1, 0], 3.8.e_r_ci 
(4, 19, 48), [0, 3, 0], 3.8.e_t_bw 
(4, 19, 52), [0, 3, 0], 3.8.e_t_ca 
(4, 19, 60), [0, 3, 0], 3.8.e_t_ci 
(4, 21, 48), [0, 1, 0], 3.8.e_v_bw 
(4, 21, 60), [0, 1, 0], 3.8.e_v_ci 
(4, 23, 56), [0, 3, 0], 3.8.e_x_ce 
(6, 11, 8), [2, 3, 0], 3.8.g_l_i 
(6, 17, 40), [2, 1, 0], 3.8.g_r_bo 
(6, 17, 44), [2, 1, 0], 3.8.g_r_bs 
(6, 19, 48), [2, 3, 0], 3.8.g_t_bw 
(6, 19, 52), [2, 3, 0], 3.8.g_t_ca 
(6, 21, 64), [2, 1, 0], 3.8.g_v_cm 
(6, 21, 68), [2, 1, 0], 3.8.g_v_cq 
(6, 23, 64), [2, 3, 0], 3.8.g_x_cm 
(6, 23, 68), [2, 3, 0], 3.8.g_x_cq 
(6, 23, 72), [2, 3, 0], 3.8.g_x_cu 
(6, 23, 76), [2, 3, 0], 3.8.g_x_cy 
(6, 25, 80), [2, 1, 0], 3.8.g_z_dc 
(6, 25, 84), [2, 1, 0], 3.8.g_z_dg 
(6, 27, 84), [2, 3, 0], 3.8.g_bb_dg 
(6, 27, 88), [2, 3, 0], 3.8.g_bb_dk 
(6, 27, 92), [2, 3, 0], 3.8.g_bb_do 
(6, 29, 88), [2, 1, 0], 3.8.g_bd_dk 
(6, 29, 92), [2, 1, 0], 3.8.g_bd_do 
(8, 21, 36), [0, 1, 0], 3.8.i_v_bk 
(8, 35, 112), [0, 3, 0], 3.8.i_bj_ei 
(8, 37, 124), [0, 1, 0], 3.8.i_bl_eu 
(8, 41, 136), [0, 1, 0], 3.8.i_bp_fg 
