(-18, 150, -765), [16, 14, 0] 
(-17, 142, -731), [0, 6, 0] 
(-16, 126, -629), [1, 7, 0] 
(-16, 130, -663), [1, 11, 0] 
(-15, 105, -493), [2, 3, 0] 
(-15, 114, -561), [2, 12, 0] 
(-15, 115, -578), [2, 13, 0] 
(-15, 116, -578), [2, 14, 0] 
(-14, 106, -527), [3, 4, 0] 
(-14, 107, -544), [3, 5, 0] 
(-13, 78, -340), [4, 10, 0] 
(-13, 80, -357), [4, 12, 0] 
(-13, 82, -374), [4, 14, 0] 
(-13, 90, -425), [4, 5, 0] 
(-13, 94, -459), [4, 9, 0] 
(-13, 100, -493), [4, 15, 0] 
(-12, 64, -255), [5, 13, 0] 
(-12, 72, -323), [5, 4, 0] 
(-12, 76, -357), [5, 8, 0] 
(-12, 78, -357), [5, 10, 0] 
(-12, 80, -391), [5, 12, 0] 
(-12, 82, -391), [5, 14, 0] 
(-12, 84, -391), [5, 16, 0] 
(-12, 86, -425), [5, 1, 0] 
(-12, 88, -425), [5, 3, 0] 
(-12, 96, -459), [5, 11, 0] 
(-11, 47, -153), [6, 13, 0] 
(-11, 52, -187), [6, 1, 0] 
(-11, 56, -221), [6, 5, 0] 
(-11, 60, -255), [6, 9, 0] 
(-11, 66, -289), [6, 15, 0] 
(-11, 70, -323), [6, 2, 0] 
(-11, 72, -357), [6, 4, 0] 
(-11, 72, -323), [6, 4, 0] 
(-11, 74, -357), [6, 6, 0] 
(-11, 75, -340), [6, 7, 0] 
(-11, 76, -357), [6, 8, 0] 
(-11, 78, -357), [6, 10, 0] 
(-11, 80, -391), [6, 12, 0] 
(-11, 82, -391), [6, 14, 0] 
(-11, 84, -391), [6, 16, 0] 
(-10, 40, -119), [7, 6, 0] 
(-10, 44, -153), [7, 10, 0] 
(-10, 48, -187), [7, 14, 0] 
(-10, 50, -187), [7, 16, 0] 
(-10, 52, -221), [7, 1, 0] 
(-10, 54, -221), [7, 3, 0] 
(-10, 56, -255), [7, 5, 0] 
(-10, 58, -255), [7, 7, 0] 
(-10, 60, -289), [7, 9, 0] 
(-10, 60, -255), [7, 9, 0] 
(-10, 62, -289), [7, 11, 0] 
(-10, 64, -323), [7, 13, 0] 
(-10, 64, -289), [7, 13, 0] 
(-10, 66, -323), [7, 15, 0] 
(-10, 66, -289), [7, 15, 0] 
(-10, 70, -323), [7, 2, 0] 
(-10, 72, -323), [7, 4, 0] 
(-10, 76, -357), [7, 8, 0] 
(-10, 78, -357), [7, 10, 0] 
(-10, 79, -357), [7, 11, 0] 
(-9, 10, 85), [8, 10, 0] 
(-9, 28, -51), [8, 11, 0] 
(-9, 32, -85), [8, 15, 0] 
(-9, 36, -119), [8, 2, 0] 
(-9, 38, -119), [8, 4, 0] 
(-9, 40, -153), [8, 6, 0] 
(-9, 42, -153), [8, 8, 0] 
(-9, 44, -187), [8, 10, 0] 
(-9, 46, -187), [8, 12, 0] 
(-9, 48, -221), [8, 14, 0] 
(-9, 50, -221), [8, 16, 0] 
(-9, 52, -221), [8, 1, 0] 
(-9, 54, -255), [8, 3, 0] 
(-9, 56, -289), [8, 5, 0] 
(-9, 56, -255), [8, 5, 0] 
(-9, 58, -255), [8, 7, 0] 
(-9, 60, -289), [8, 9, 0] 
(-9, 60, -255), [8, 9, 0] 
(-9, 62, -289), [8, 11, 0] 
(-9, 64, -289), [8, 13, 0] 
(-9, 66, -289), [8, 15, 0] 
(-9, 74, -323), [8, 6, 0] 
(-8, -2, 153), [9, 15, 0] 
(-8, 2, 119), [9, 2, 0] 
(-8, 6, 85), [9, 6, 0] 
(-8, 10, 51), [9, 10, 0] 
(-8, 11, 51), [9, 11, 0] 
(-8, 14, 17), [9, 14, 0] 
(-8, 16, 17), [9, 16, 0] 
(-8, 20, -17), [9, 3, 0] 
(-8, 24, -51), [9, 7, 0] 
(-8, 26, -51), [9, 9, 0] 
(-8, 28, -85), [9, 11, 0] 
(-8, 30, -85), [9, 13, 0] 
(-8, 32, -119), [9, 15, 0] 
(-8, 32, -85), [9, 15, 0] 
(-8, 36, -153), [9, 2, 0] 
(-8, 36, -119), [9, 2, 0] 
(-8, 38, -153), [9, 4, 0] 
(-8, 40, -187), [9, 6, 0] 
(-8, 40, -153), [9, 6, 0] 
(-8, 42, -187), [9, 8, 0] 
(-8, 42, -153), [9, 8, 0] 
(-8, 44, -221), [9, 10, 0] 
(-8, 44, -187), [9, 10, 0] 
(-8, 46, -221), [9, 12, 0] 
(-8, 46, -187), [9, 12, 0] 
(-8, 48, -255), [9, 14, 0] 
(-8, 48, -221), [9, 14, 0] 
(-8, 48, -187), [9, 14, 0] 
(-8, 50, -255), [9, 16, 0] 
(-8, 50, -221), [9, 16, 0] 
(-8, 52, -255), [9, 1, 0] 
(-8, 52, -221), [9, 1, 0] 
(-8, 54, -255), [9, 3, 0] 
(-8, 54, -221), [9, 3, 0] 
(-8, 56, -255), [9, 5, 0] 
(-8, 58, -255), [9, 7, 0] 
(-8, 60, -255), [9, 9, 0] 
(-8, 62, -255), [9, 11, 0] 
(-7, -14, 221), [10, 3, 0] 
(-7, -10, 187), [10, 7, 0] 
(-7, -6, 153), [10, 11, 0] 
(-7, -2, 119), [10, 15, 0] 
(-7, 2, 85), [10, 2, 0] 
(-7, 4, 85), [10, 4, 0] 
(-7, 6, 51), [10, 6, 0] 
(-7, 8, 51), [10, 8, 0] 
(-7, 12, 17), [10, 12, 0] 
(-7, 14, -17), [10, 14, 0] 
(-7, 14, 17), [10, 14, 0] 
(-7, 16, -17), [10, 16, 0] 
(-7, 18, -17), [10, 1, 0] 
(-7, 20, -51), [10, 3, 0] 
(-7, 20, -17), [10, 3, 0] 
(-7, 22, -51), [10, 5, 0] 
(-7, 24, -85), [10, 7, 0] 
(-7, 24, -51), [10, 7, 0] 
(-7, 26, -85), [10, 9, 0] 
(-7, 28, -119), [10, 11, 0] 
(-7, 28, -85), [10, 11, 0] 
(-7, 30, -119), [10, 13, 0] 
(-7, 30, -85), [10, 13, 0] 
(-7, 32, -153), [10, 15, 0] 
(-7, 32, -119), [10, 15, 0] 
(-7, 36, -187), [10, 2, 0] 
(-7, 36, -153), [10, 2, 0] 
(-7, 36, -119), [10, 2, 0] 
(-7, 38, -153), [10, 4, 0] 
(-7, 40, -187), [10, 6, 0] 
(-7, 40, -153), [10, 6, 0] 
(-7, 42, -221), [10, 8, 0] 
(-7, 42, -187), [10, 8, 0] 
(-7, 42, -153), [10, 8, 0] 
(-7, 44, -221), [10, 10, 0] 
(-7, 44, -187), [10, 10, 0] 
(-7, 46, -221), [10, 12, 0] 
(-7, 48, -221), [10, 14, 0] 
(-7, 48, -187), [10, 14, 0] 
(-7, 50, -221), [10, 16, 0] 
(-7, 50, -187), [10, 16, 0] 
(-7, 52, -221), [10, 1, 0] 
(-7, 54, -221), [10, 3, 0] 
(-7, 56, -221), [10, 5, 0] 
(-7, 58, -221), [10, 7, 0] 
(-6, -14, 187), [11, 3, 0] 
(-6, -12, 187), [11, 5, 0] 
(-6, -10, 153), [11, 7, 0] 
(-6, -8, 153), [11, 9, 0] 
(-6, -6, 119), [11, 11, 0] 
(-6, -4, 119), [11, 13, 0] 
(-6, -2, 85), [11, 15, 0] 
(-6, -2, 119), [11, 15, 0] 
(-6, 2, 51), [11, 2, 0] 
(-6, 2, 85), [11, 2, 0] 
(-6, 3, 85), [11, 3, 0] 
(-6, 4, 51), [11, 4, 0] 
(-6, 6, 17), [11, 6, 0] 
(-6, 6, 51), [11, 6, 0] 
(-6, 8, 17), [11, 8, 0] 
(-6, 8, 51), [11, 8, 0] 
(-6, 10, -17), [11, 10, 0] 
(-6, 10, 17), [11, 10, 0] 
(-6, 12, -17), [11, 12, 0] 
(-6, 12, 17), [11, 12, 0] 
(-6, 14, -51), [11, 14, 0] 
(-6, 14, -17), [11, 14, 0] 
(-6, 14, 17), [11, 14, 0] 
(-6, 16, -68), [11, 16, 0] 
(-6, 16, -51), [11, 16, 0] 
(-6, 16, -17), [11, 16, 0] 
(-6, 18, -51), [11, 1, 0] 
(-6, 18, -17), [11, 1, 0] 
(-6, 20, -85), [11, 3, 0] 
(-6, 20, -51), [11, 3, 0] 
(-6, 22, -85), [11, 5, 0] 
(-6, 22, -51), [11, 5, 0] 
(-6, 24, -119), [11, 7, 0] 
(-6, 24, -85), [11, 7, 0] 
(-6, 24, -51), [11, 7, 0] 
(-6, 26, -119), [11, 9, 0] 
(-6, 26, -85), [11, 9, 0] 
(-6, 28, -153), [11, 11, 0] 
(-6, 28, -119), [11, 11, 0] 
(-6, 28, -85), [11, 11, 0] 
(-6, 30, -153), [11, 13, 0] 
(-6, 30, -119), [11, 13, 0] 
(-6, 30, -85), [11, 13, 0] 
(-6, 32, -187), [11, 15, 0] 
(-6, 32, -153), [11, 15, 0] 
(-6, 32, -119), [11, 15, 0] 
(-6, 32, -85), [11, 15, 0] 
(-6, 36, -187), [11, 2, 0] 
(-6, 36, -153), [11, 2, 0] 
(-6, 36, -119), [11, 2, 0] 
(-6, 38, -187), [11, 4, 0] 
(-6, 38, -153), [11, 4, 0] 
(-6, 38, -119), [11, 4, 0] 
(-6, 40, -187), [11, 6, 0] 
(-6, 40, -153), [11, 6, 0] 
(-6, 42, -187), [11, 8, 0] 
(-6, 42, -153), [11, 8, 0] 
(-6, 44, -187), [11, 10, 0] 
(-6, 44, -153), [11, 10, 0] 
(-6, 46, -187), [11, 12, 0] 
(-6, 46, -153), [11, 12, 0] 
(-6, 48, -187), [11, 14, 0] 
(-6, 50, -187), [11, 16, 0] 
(-6, 52, -187), [11, 1, 0] 
(-6, 54, -187), [11, 3, 0] 
(-5, -16, 170), [12, 1, 0] 
(-5, -14, 153), [12, 3, 0] 
(-5, -12, 153), [12, 5, 0] 
(-5, -10, 119), [12, 7, 0] 
(-5, -10, 153), [12, 7, 0] 
(-5, -8, 119), [12, 9, 0] 
(-5, -6, 85), [12, 11, 0] 
(-5, -6, 119), [12, 11, 0] 
(-5, -4, 85), [12, 13, 0] 
(-5, -4, 119), [12, 13, 0] 
(-5, -2, 51), [12, 15, 0] 
(-5, -2, 85), [12, 15, 0] 
(-5, 2, 17), [12, 2, 0] 
(-5, 2, 51), [12, 2, 0] 
(-5, 2, 85), [12, 2, 0] 
(-5, 4, 17), [12, 4, 0] 
(-5, 4, 51), [12, 4, 0] 
(-5, 6, 17), [12, 6, 0] 
(-5, 6, 51), [12, 6, 0] 
(-5, 8, -17), [12, 8, 0] 
(-5, 8, 17), [12, 8, 0] 
(-5, 8, 51), [12, 8, 0] 
(-5, 10, -51), [12, 10, 0] 
(-5, 10, -17), [12, 10, 0] 
(-5, 10, 17), [12, 10, 0] 
(-5, 12, -51), [12, 12, 0] 
(-5, 12, -17), [12, 12, 0] 
(-5, 12, 17), [12, 12, 0] 
(-5, 14, -85), [12, 14, 0] 
(-5, 14, -51), [12, 14, 0] 
(-5, 14, -17), [12, 14, 0] 
(-5, 14, 17), [12, 14, 0] 
(-5, 16, -102), [12, 16, 0] 
(-5, 16, -85), [12, 16, 0] 
(-5, 16, -51), [12, 16, 0] 
(-5, 16, -17), [12, 16, 0] 
(-5, 18, -51), [12, 1, 0] 
(-5, 18, -17), [12, 1, 0] 
(-5, 20, -119), [12, 3, 0] 
(-5, 20, -85), [12, 3, 0] 
(-5, 20, -17), [12, 3, 0] 
(-5, 22, -119), [12, 5, 0] 
(-5, 22, -85), [12, 5, 0] 
(-5, 22, -51), [12, 5, 0] 
(-5, 24, -153), [12, 7, 0] 
(-5, 24, -119), [12, 7, 0] 
(-5, 24, -85), [12, 7, 0] 
(-5, 24, -51), [12, 7, 0] 
(-5, 26, -153), [12, 9, 0] 
(-5, 26, -119), [12, 9, 0] 
(-5, 26, -85), [12, 9, 0] 
(-5, 26, -51), [12, 9, 0] 
(-5, 28, -153), [12, 11, 0] 
(-5, 28, -119), [12, 11, 0] 
(-5, 28, -85), [12, 11, 0] 
(-5, 30, -153), [12, 13, 0] 
(-5, 30, -119), [12, 13, 0] 
(-5, 30, -85), [12, 13, 0] 
(-5, 32, -153), [12, 15, 0] 
(-5, 32, -119), [12, 15, 0] 
(-5, 32, -85), [12, 15, 0] 
(-5, 36, -153), [12, 2, 0] 
(-5, 36, -119), [12, 2, 0] 
(-5, 38, -119), [12, 4, 0] 
(-5, 40, -153), [12, 6, 0] 
(-5, 42, -153), [12, 8, 0] 
(-5, 42, -119), [12, 8, 0] 
(-5, 44, -153), [12, 10, 0] 
(-5, 46, -153), [12, 12, 0] 
(-5, 48, -153), [12, 14, 0] 
(-5, 50, -153), [12, 16, 0] 
(-4, -14, 119), [13, 3, 0] 
(-4, -14, 153), [13, 3, 0] 
(-4, -12, 119), [13, 5, 0] 
(-4, -12, 153), [13, 5, 0] 
(-4, -10, 85), [13, 7, 0] 
(-4, -10, 119), [13, 7, 0] 
(-4, -10, 153), [13, 7, 0] 
(-4, -8, 85), [13, 9, 0] 
(-4, -8, 119), [13, 9, 0] 
(-4, -6, 51), [13, 11, 0] 
(-4, -6, 85), [13, 11, 0] 
(-4, -6, 119), [13, 11, 0] 
(-4, -4, 51), [13, 13, 0] 
(-4, -4, 85), [13, 13, 0] 
(-4, -4, 119), [13, 13, 0] 
(-4, -2, 17), [13, 15, 0] 
(-4, -2, 51), [13, 15, 0] 
(-4, -2, 85), [13, 15, 0] 
(-4, 2, -17), [13, 2, 0] 
(-4, 2, 17), [13, 2, 0] 
(-4, 2, 51), [13, 2, 0] 
(-4, 2, 85), [13, 2, 0] 
(-4, 4, -17), [13, 4, 0] 
(-4, 4, 17), [13, 4, 0] 
(-4, 4, 51), [13, 4, 0] 
(-4, 6, -51), [13, 6, 0] 
(-4, 6, -17), [13, 6, 0] 
(-4, 6, 17), [13, 6, 0] 
(-4, 6, 51), [13, 6, 0] 
(-4, 8, -51), [13, 8, 0] 
(-4, 8, -17), [13, 8, 0] 
(-4, 8, 17), [13, 8, 0] 
(-4, 8, 51), [13, 8, 0] 
(-4, 10, -85), [13, 10, 0] 
(-4, 10, -51), [13, 10, 0] 
(-4, 10, -17), [13, 10, 0] 
(-4, 10, 17), [13, 10, 0] 
(-4, 12, -85), [13, 12, 0] 
(-4, 12, -51), [13, 12, 0] 
(-4, 12, -17), [13, 12, 0] 
(-4, 12, 17), [13, 12, 0] 
(-4, 14, -119), [13, 14, 0] 
(-4, 14, -85), [13, 14, 0] 
(-4, 14, -51), [13, 14, 0] 
(-4, 14, -17), [13, 14, 0] 
(-4, 14, 17), [13, 14, 0] 
(-4, 16, -119), [13, 16, 0] 
(-4, 16, -85), [13, 16, 0] 
(-4, 16, -51), [13, 16, 0] 
(-4, 16, -17), [13, 16, 0] 
(-4, 18, -119), [13, 1, 0] 
(-4, 18, -85), [13, 1, 0] 
(-4, 18, -51), [13, 1, 0] 
(-4, 18, -17), [13, 1, 0] 
(-4, 20, -153), [13, 3, 0] 
(-4, 20, -119), [13, 3, 0] 
(-4, 20, -85), [13, 3, 0] 
(-4, 20, -51), [13, 3, 0] 
(-4, 20, -17), [13, 3, 0] 
(-4, 22, -153), [13, 5, 0] 
(-4, 22, -119), [13, 5, 0] 
(-4, 22, -85), [13, 5, 0] 
(-4, 22, -51), [13, 5, 0] 
(-4, 22, -17), [13, 5, 0] 
(-4, 24, -153), [13, 7, 0] 
(-4, 24, -119), [13, 7, 0] 
(-4, 24, -85), [13, 7, 0] 
(-4, 24, -51), [13, 7, 0] 
(-4, 26, -153), [13, 9, 0] 
(-4, 26, -119), [13, 9, 0] 
(-4, 26, -85), [13, 9, 0] 
(-4, 26, -51), [13, 9, 0] 
(-4, 28, -153), [13, 11, 0] 
(-4, 28, -119), [13, 11, 0] 
(-4, 28, -85), [13, 11, 0] 
(-4, 28, -51), [13, 11, 0] 
(-4, 30, -153), [13, 13, 0] 
(-4, 30, -119), [13, 13, 0] 
(-4, 30, -85), [13, 13, 0] 
(-4, 32, -119), [13, 15, 0] 
(-4, 32, -85), [13, 15, 0] 
(-4, 36, -119), [13, 2, 0] 
(-4, 36, -85), [13, 2, 0] 
(-4, 38, -119), [13, 4, 0] 
(-4, 38, -85), [13, 4, 0] 
(-4, 40, -119), [13, 6, 0] 
(-4, 42, -119), [13, 8, 0] 
(-4, 44, -119), [13, 10, 0] 
(-4, 46, -119), [13, 12, 0] 
(-4, 48, -119), [13, 14, 0] 
(-3, -14, 85), [14, 3, 0] 
(-3, -14, 119), [14, 3, 0] 
(-3, -12, 85), [14, 5, 0] 
(-3, -12, 119), [14, 5, 0] 
(-3, -10, 51), [14, 7, 0] 
(-3, -10, 85), [14, 7, 0] 
(-3, -10, 119), [14, 7, 0] 
(-3, -8, 51), [14, 9, 0] 
(-3, -8, 85), [14, 9, 0] 
(-3, -8, 119), [14, 9, 0] 
(-3, -6, 17), [14, 11, 0] 
(-3, -6, 51), [14, 11, 0] 
(-3, -6, 85), [14, 11, 0] 
(-3, -6, 119), [14, 11, 0] 
(-3, -4, 17), [14, 13, 0] 
(-3, -4, 51), [14, 13, 0] 
(-3, -4, 85), [14, 13, 0] 
(-3, -4, 119), [14, 13, 0] 
(-3, -2, -17), [14, 15, 0] 
(-3, -2, 51), [14, 15, 0] 
(-3, -2, 85), [14, 15, 0] 
(-3, 2, -17), [14, 2, 0] 
(-3, 2, 17), [14, 2, 0] 
(-3, 2, 51), [14, 2, 0] 
(-3, 2, 85), [14, 2, 0] 
(-3, 4, -51), [14, 4, 0] 
(-3, 4, -17), [14, 4, 0] 
(-3, 4, 17), [14, 4, 0] 
(-3, 4, 51), [14, 4, 0] 
(-3, 6, -85), [14, 6, 0] 
(-3, 6, -51), [14, 6, 0] 
(-3, 6, -17), [14, 6, 0] 
(-3, 6, 51), [14, 6, 0] 
(-3, 8, -85), [14, 8, 0] 
(-3, 8, -51), [14, 8, 0] 
(-3, 8, -17), [14, 8, 0] 
(-3, 8, 17), [14, 8, 0] 
(-3, 8, 51), [14, 8, 0] 
(-3, 10, -119), [14, 10, 0] 
(-3, 10, -85), [14, 10, 0] 
(-3, 10, -51), [14, 10, 0] 
(-3, 10, -17), [14, 10, 0] 
(-3, 10, 17), [14, 10, 0] 
(-3, 10, 51), [14, 10, 0] 
(-3, 12, -136), [14, 12, 0] 
(-3, 12, -119), [14, 12, 0] 
(-3, 12, -85), [14, 12, 0] 
(-3, 12, -51), [14, 12, 0] 
(-3, 12, -17), [14, 12, 0] 
(-3, 12, 17), [14, 12, 0] 
(-3, 14, -153), [14, 14, 0] 
(-3, 14, -119), [14, 14, 0] 
(-3, 14, -85), [14, 14, 0] 
(-3, 14, -51), [14, 14, 0] 
(-3, 14, -17), [14, 14, 0] 
(-3, 14, 17), [14, 14, 0] 
(-3, 16, -119), [14, 16, 0] 
(-3, 16, -85), [14, 16, 0] 
(-3, 16, -51), [14, 16, 0] 
(-3, 16, -17), [14, 16, 0] 
(-3, 16, 17), [14, 16, 0] 
(-3, 18, -119), [14, 1, 0] 
(-3, 18, -85), [14, 1, 0] 
(-3, 18, -51), [14, 1, 0] 
(-3, 18, -17), [14, 1, 0] 
(-3, 20, -119), [14, 3, 0] 
(-3, 20, -85), [14, 3, 0] 
(-3, 20, -51), [14, 3, 0] 
(-3, 20, -17), [14, 3, 0] 
(-3, 22, -119), [14, 5, 0] 
(-3, 22, -85), [14, 5, 0] 
(-3, 22, -51), [14, 5, 0] 
(-3, 22, -17), [14, 5, 0] 
(-3, 24, -119), [14, 7, 0] 
(-3, 24, -85), [14, 7, 0] 
(-3, 24, -51), [14, 7, 0] 
(-3, 26, -119), [14, 9, 0] 
(-3, 26, -85), [14, 9, 0] 
(-3, 26, -51), [14, 9, 0] 
(-3, 28, -119), [14, 11, 0] 
(-3, 28, -85), [14, 11, 0] 
(-3, 28, -51), [14, 11, 0] 
(-3, 30, -85), [14, 13, 0] 
(-3, 30, -51), [14, 13, 0] 
(-3, 32, -119), [14, 15, 0] 
(-3, 32, -85), [14, 15, 0] 
(-3, 32, -51), [14, 15, 0] 
(-3, 33, -119), [14, 16, 0] 
(-3, 38, -85), [14, 4, 0] 
(-3, 40, -85), [14, 6, 0] 
(-3, 42, -85), [14, 8, 0] 
(-3, 44, -85), [14, 10, 0] 
(-2, -14, 51), [15, 3, 0] 
(-2, -14, 85), [15, 3, 0] 
(-2, -12, 51), [15, 5, 0] 
(-2, -12, 85), [15, 5, 0] 
(-2, -10, 17), [15, 7, 0] 
(-2, -10, 51), [15, 7, 0] 
(-2, -10, 85), [15, 7, 0] 
(-2, -10, 119), [15, 7, 0] 
(-2, -8, 17), [15, 9, 0] 
(-2, -8, 51), [15, 9, 0] 
(-2, -8, 85), [15, 9, 0] 
(-2, -8, 119), [15, 9, 0] 
(-2, -6, -17), [15, 11, 0] 
(-2, -6, 17), [15, 11, 0] 
(-2, -6, 51), [15, 11, 0] 
(-2, -6, 85), [15, 11, 0] 
(-2, -6, 119), [15, 11, 0] 
(-2, -4, -17), [15, 13, 0] 
(-2, -4, 17), [15, 13, 0] 
(-2, -4, 51), [15, 13, 0] 
(-2, -4, 85), [15, 13, 0] 
(-2, -4, 119), [15, 13, 0] 
(-2, -2, -51), [15, 15, 0] 
(-2, -2, -17), [15, 15, 0] 
(-2, -2, 17), [15, 15, 0] 
(-2, -2, 51), [15, 15, 0] 
(-2, -2, 85), [15, 15, 0] 
(-2, -2, 119), [15, 15, 0] 
(-2, 2, -85), [15, 2, 0] 
(-2, 2, -51), [15, 2, 0] 
(-2, 2, -17), [15, 2, 0] 
(-2, 2, 17), [15, 2, 0] 
(-2, 2, 51), [15, 2, 0] 
(-2, 2, 85), [15, 2, 0] 
(-2, 4, -85), [15, 4, 0] 
(-2, 4, -51), [15, 4, 0] 
(-2, 4, -17), [15, 4, 0] 
(-2, 4, 17), [15, 4, 0] 
(-2, 4, 51), [15, 4, 0] 
(-2, 4, 85), [15, 4, 0] 
(-2, 6, -119), [15, 6, 0] 
(-2, 6, -85), [15, 6, 0] 
(-2, 6, -51), [15, 6, 0] 
(-2, 6, -17), [15, 6, 0] 
(-2, 6, 17), [15, 6, 0] 
(-2, 6, 51), [15, 6, 0] 
(-2, 8, -119), [15, 8, 0] 
(-2, 8, -85), [15, 8, 0] 
(-2, 8, -51), [15, 8, 0] 
(-2, 8, -17), [15, 8, 0] 
(-2, 8, 17), [15, 8, 0] 
(-2, 8, 51), [15, 8, 0] 
(-2, 10, -119), [15, 10, 0] 
(-2, 10, -85), [15, 10, 0] 
(-2, 10, -51), [15, 10, 0] 
(-2, 10, -17), [15, 10, 0] 
(-2, 10, 17), [15, 10, 0] 
(-2, 10, 51), [15, 10, 0] 
(-2, 12, -119), [15, 12, 0] 
(-2, 12, -85), [15, 12, 0] 
(-2, 12, -51), [15, 12, 0] 
(-2, 12, -17), [15, 12, 0] 
(-2, 12, 17), [15, 12, 0] 
(-2, 12, 51), [15, 12, 0] 
(-2, 14, -119), [15, 14, 0] 
(-2, 14, -85), [15, 14, 0] 
(-2, 14, -51), [15, 14, 0] 
(-2, 14, -17), [15, 14, 0] 
(-2, 14, 17), [15, 14, 0] 
(-2, 16, -119), [15, 16, 0] 
(-2, 16, -85), [15, 16, 0] 
(-2, 16, -51), [15, 16, 0] 
(-2, 16, -17), [15, 16, 0] 
(-2, 16, 17), [15, 16, 0] 
(-2, 18, -119), [15, 1, 0] 
(-2, 18, -85), [15, 1, 0] 
(-2, 18, -51), [15, 1, 0] 
(-2, 18, -17), [15, 1, 0] 
(-2, 18, 17), [15, 1, 0] 
(-2, 20, -85), [15, 3, 0] 
(-2, 20, -51), [15, 3, 0] 
(-2, 20, -17), [15, 3, 0] 
(-2, 20, 17), [15, 3, 0] 
(-2, 22, -85), [15, 5, 0] 
(-2, 22, -51), [15, 5, 0] 
(-2, 22, -17), [15, 5, 0] 
(-2, 24, -85), [15, 7, 0] 
(-2, 24, -51), [15, 7, 0] 
(-2, 24, -17), [15, 7, 0] 
(-2, 26, -85), [15, 9, 0] 
(-2, 26, -51), [15, 9, 0] 
(-2, 26, -17), [15, 9, 0] 
(-2, 28, -85), [15, 11, 0] 
(-2, 28, -51), [15, 11, 0] 
(-2, 28, -17), [15, 11, 0] 
(-2, 30, -85), [15, 13, 0] 
(-2, 30, -51), [15, 13, 0] 
(-2, 30, -17), [15, 13, 0] 
(-2, 32, -85), [15, 15, 0] 
(-2, 32, -51), [15, 15, 0] 
(-2, 36, -51), [15, 2, 0] 
(-2, 38, -51), [15, 4, 0] 
(-2, 40, -51), [15, 6, 0] 
(-2, 42, -51), [15, 8, 0] 
(-1, -14, 17), [16, 3, 0] 
(-1, -14, 51), [16, 3, 0] 
(-1, -12, 17), [16, 5, 0] 
(-1, -12, 51), [16, 5, 0] 
(-1, -10, -17), [16, 7, 0] 
(-1, -10, 17), [16, 7, 0] 
(-1, -10, 51), [16, 7, 0] 
(-1, -10, 85), [16, 7, 0] 
(-1, -8, -17), [16, 9, 0] 
(-1, -8, 17), [16, 9, 0] 
(-1, -8, 51), [16, 9, 0] 
(-1, -6, -51), [16, 11, 0] 
(-1, -6, -17), [16, 11, 0] 
(-1, -6, 17), [16, 11, 0] 
(-1, -6, 51), [16, 11, 0] 
(-1, -6, 85), [16, 11, 0] 
(-1, -4, -51), [16, 13, 0] 
(-1, -4, -17), [16, 13, 0] 
(-1, -4, 17), [16, 13, 0] 
(-1, -4, 51), [16, 13, 0] 
(-1, -4, 85), [16, 13, 0] 
(-1, -4, 119), [16, 13, 0] 
(-1, -4, 136), [16, 13, 0] 
(-1, -2, -51), [16, 15, 0] 
(-1, -2, -17), [16, 15, 0] 
(-1, -2, 17), [16, 15, 0] 
(-1, -2, 51), [16, 15, 0] 
(-1, -2, 85), [16, 15, 0] 
(-1, -2, 119), [16, 15, 0] 
(-1, 2, -119), [16, 2, 0] 
(-1, 2, -85), [16, 2, 0] 
(-1, 2, -51), [16, 2, 0] 
(-1, 2, -17), [16, 2, 0] 
(-1, 2, 17), [16, 2, 0] 
(-1, 2, 51), [16, 2, 0] 
(-1, 2, 85), [16, 2, 0] 
(-1, 4, -85), [16, 4, 0] 
(-1, 4, -51), [16, 4, 0] 
(-1, 4, -17), [16, 4, 0] 
(-1, 4, 17), [16, 4, 0] 
(-1, 4, 51), [16, 4, 0] 
(-1, 4, 85), [16, 4, 0] 
(-1, 6, -119), [16, 6, 0] 
(-1, 6, -85), [16, 6, 0] 
(-1, 6, -51), [16, 6, 0] 
(-1, 6, -17), [16, 6, 0] 
(-1, 6, 17), [16, 6, 0] 
(-1, 6, 51), [16, 6, 0] 
(-1, 6, 85), [16, 6, 0] 
(-1, 8, -119), [16, 8, 0] 
(-1, 8, -85), [16, 8, 0] 
(-1, 8, -51), [16, 8, 0] 
(-1, 8, -17), [16, 8, 0] 
(-1, 8, 17), [16, 8, 0] 
(-1, 8, 51), [16, 8, 0] 
(-1, 8, 85), [16, 8, 0] 
(-1, 10, -119), [16, 10, 0] 
(-1, 10, -85), [16, 10, 0] 
(-1, 10, -51), [16, 10, 0] 
(-1, 10, -17), [16, 10, 0] 
(-1, 10, 17), [16, 10, 0] 
(-1, 10, 51), [16, 10, 0] 
(-1, 12, -85), [16, 12, 0] 
(-1, 12, -51), [16, 12, 0] 
(-1, 12, -17), [16, 12, 0] 
(-1, 12, 17), [16, 12, 0] 
(-1, 12, 51), [16, 12, 0] 
(-1, 14, -85), [16, 14, 0] 
(-1, 14, -51), [16, 14, 0] 
(-1, 14, -17), [16, 14, 0] 
(-1, 14, 17), [16, 14, 0] 
(-1, 16, -85), [16, 16, 0] 
(-1, 16, -51), [16, 16, 0] 
(-1, 16, -17), [16, 16, 0] 
(-1, 16, 17), [16, 16, 0] 
(-1, 16, 51), [16, 16, 0] 
(-1, 18, -85), [16, 1, 0] 
(-1, 18, -51), [16, 1, 0] 
(-1, 18, -17), [16, 1, 0] 
(-1, 18, 17), [16, 1, 0] 
(-1, 18, 51), [16, 1, 0] 
(-1, 20, -85), [16, 3, 0] 
(-1, 20, -51), [16, 3, 0] 
(-1, 20, -17), [16, 3, 0] 
(-1, 20, 17), [16, 3, 0] 
(-1, 22, -51), [16, 5, 0] 
(-1, 22, -17), [16, 5, 0] 
(-1, 22, 17), [16, 5, 0] 
(-1, 24, -51), [16, 7, 0] 
(-1, 24, -17), [16, 7, 0] 
(-1, 24, 17), [16, 7, 0] 
(-1, 26, -51), [16, 9, 0] 
(-1, 26, -17), [16, 9, 0] 
(-1, 26, 17), [16, 9, 0] 
(-1, 28, -51), [16, 11, 0] 
(-1, 28, -17), [16, 11, 0] 
(-1, 30, -51), [16, 13, 0] 
(-1, 30, -17), [16, 13, 0] 
(-1, 32, -17), [16, 15, 0] 
(-1, 36, -51), [16, 2, 0] 
(-1, 36, -17), [16, 2, 0] 
(-1, 38, -17), [16, 4, 0] 
(-1, 40, -17), [16, 6, 0] 
(0, -14, -17), [0, 3, 0] 
(0, -14, 17), [0, 3, 0] 
(0, -12, -17), [0, 5, 0] 
(0, -12, 17), [0, 5, 0] 
(0, -10, -51), [0, 7, 0] 
(0, -10, -17), [0, 7, 0] 
(0, -10, 17), [0, 7, 0] 
(0, -10, 51), [0, 7, 0] 
(0, -8, -51), [0, 9, 0] 
(0, -8, -17), [0, 9, 0] 
(0, -8, 17), [0, 9, 0] 
(0, -8, 51), [0, 9, 0] 
(0, -6, -85), [0, 11, 0] 
(0, -6, -51), [0, 11, 0] 
(0, -6, -17), [0, 11, 0] 
(0, -6, 17), [0, 11, 0] 
(0, -6, 51), [0, 11, 0] 
(0, -6, 85), [0, 11, 0] 
(0, -4, -85), [0, 13, 0] 
(0, -4, -51), [0, 13, 0] 
(0, -4, -17), [0, 13, 0] 
(0, -4, 17), [0, 13, 0] 
(0, -4, 51), [0, 13, 0] 
(0, -4, 85), [0, 13, 0] 
(0, -2, -119), [0, 15, 0] 
(0, -2, -85), [0, 15, 0] 
(0, -2, -51), [0, 15, 0] 
(0, -2, -17), [0, 15, 0] 
(0, -2, 17), [0, 15, 0] 
(0, -2, 51), [0, 15, 0] 
(0, -2, 85), [0, 15, 0] 
(0, -2, 119), [0, 15, 0] 
(0, 2, -119), [0, 2, 0] 
(0, 2, -85), [0, 2, 0] 
(0, 2, -51), [0, 2, 0] 
(0, 2, -17), [0, 2, 0] 
(0, 2, 17), [0, 2, 0] 
(0, 2, 51), [0, 2, 0] 
(0, 2, 85), [0, 2, 0] 
(0, 2, 119), [0, 2, 0] 
(0, 4, -119), [0, 4, 0] 
(0, 4, -85), [0, 4, 0] 
(0, 4, -51), [0, 4, 0] 
(0, 4, -17), [0, 4, 0] 
(0, 4, 17), [0, 4, 0] 
(0, 4, 51), [0, 4, 0] 
(0, 4, 85), [0, 4, 0] 
(0, 4, 119), [0, 4, 0] 
(0, 6, -85), [0, 6, 0] 
(0, 6, -51), [0, 6, 0] 
(0, 6, -17), [0, 6, 0] 
(0, 6, 17), [0, 6, 0] 
(0, 6, 51), [0, 6, 0] 
(0, 6, 85), [0, 6, 0] 
(0, 8, -85), [0, 8, 0] 
(0, 8, -51), [0, 8, 0] 
(0, 8, -17), [0, 8, 0] 
(0, 8, 17), [0, 8, 0] 
(0, 8, 51), [0, 8, 0] 
(0, 8, 85), [0, 8, 0] 
(0, 10, -85), [0, 10, 0] 
(0, 10, -51), [0, 10, 0] 
(0, 10, -17), [0, 10, 0] 
(0, 10, 17), [0, 10, 0] 
(0, 10, 51), [0, 10, 0] 
(0, 10, 85), [0, 10, 0] 
(0, 12, -85), [0, 12, 0] 
(0, 12, -51), [0, 12, 0] 
(0, 12, -17), [0, 12, 0] 
(0, 12, 17), [0, 12, 0] 
(0, 12, 51), [0, 12, 0] 
(0, 12, 85), [0, 12, 0] 
(0, 14, -85), [0, 14, 0] 
(0, 14, -51), [0, 14, 0] 
(0, 14, -17), [0, 14, 0] 
(0, 14, 17), [0, 14, 0] 
(0, 14, 51), [0, 14, 0] 
(0, 14, 85), [0, 14, 0] 
(0, 16, -51), [0, 16, 0] 
(0, 16, -17), [0, 16, 0] 
(0, 16, 17), [0, 16, 0] 
(0, 16, 51), [0, 16, 0] 
(0, 18, -51), [0, 1, 0] 
(0, 18, -17), [0, 1, 0] 
(0, 18, 17), [0, 1, 0] 
(0, 18, 51), [0, 1, 0] 
(0, 20, -51), [0, 3, 0] 
(0, 20, -17), [0, 3, 0] 
(0, 20, 17), [0, 3, 0] 
(0, 20, 51), [0, 3, 0] 
(0, 22, -51), [0, 5, 0] 
(0, 22, -17), [0, 5, 0] 
(0, 22, 17), [0, 5, 0] 
(0, 22, 51), [0, 5, 0] 
(0, 24, -51), [0, 7, 0] 
(0, 24, -17), [0, 7, 0] 
(0, 24, 17), [0, 7, 0] 
(0, 24, 51), [0, 7, 0] 
(0, 26, -17), [0, 9, 0] 
(0, 26, 17), [0, 9, 0] 
(0, 28, -17), [0, 11, 0] 
(0, 28, 17), [0, 11, 0] 
(0, 30, -17), [0, 13, 0] 
(0, 30, 17), [0, 13, 0] 
(0, 32, -17), [0, 15, 0] 
(0, 32, 17), [0, 15, 0] 
(0, 36, -17), [0, 2, 0] 
(0, 36, 17), [0, 2, 0] 
(0, 38, -17), [0, 4, 0] 
(0, 38, 17), [0, 4, 0] 
(1, -14, -51), [1, 3, 0] 
(1, -14, -17), [1, 3, 0] 
(1, -12, -51), [1, 5, 0] 
(1, -12, -17), [1, 5, 0] 
(1, -10, -85), [1, 7, 0] 
(1, -10, -51), [1, 7, 0] 
(1, -10, -17), [1, 7, 0] 
(1, -10, 17), [1, 7, 0] 
(1, -8, -51), [1, 9, 0] 
(1, -8, -17), [1, 9, 0] 
(1, -8, 17), [1, 9, 0] 
(1, -6, -85), [1, 11, 0] 
(1, -6, -51), [1, 11, 0] 
(1, -6, -17), [1, 11, 0] 
(1, -6, 17), [1, 11, 0] 
(1, -6, 51), [1, 11, 0] 
(1, -4, -136), [1, 13, 0] 
(1, -4, -119), [1, 13, 0] 
(1, -4, -85), [1, 13, 0] 
(1, -4, -51), [1, 13, 0] 
(1, -4, -17), [1, 13, 0] 
(1, -4, 17), [1, 13, 0] 
(1, -4, 51), [1, 13, 0] 
(1, -2, -119), [1, 15, 0] 
(1, -2, -85), [1, 15, 0] 
(1, -2, -51), [1, 15, 0] 
(1, -2, -17), [1, 15, 0] 
(1, -2, 17), [1, 15, 0] 
(1, -2, 51), [1, 15, 0] 
(1, 2, -85), [1, 2, 0] 
(1, 2, -51), [1, 2, 0] 
(1, 2, -17), [1, 2, 0] 
(1, 2, 17), [1, 2, 0] 
(1, 2, 51), [1, 2, 0] 
(1, 2, 85), [1, 2, 0] 
(1, 2, 119), [1, 2, 0] 
(1, 4, -85), [1, 4, 0] 
(1, 4, -51), [1, 4, 0] 
(1, 4, -17), [1, 4, 0] 
(1, 4, 17), [1, 4, 0] 
(1, 4, 51), [1, 4, 0] 
(1, 4, 85), [1, 4, 0] 
(1, 6, -85), [1, 6, 0] 
(1, 6, -51), [1, 6, 0] 
(1, 6, -17), [1, 6, 0] 
(1, 6, 17), [1, 6, 0] 
(1, 6, 51), [1, 6, 0] 
(1, 6, 85), [1, 6, 0] 
(1, 6, 119), [1, 6, 0] 
(1, 8, -85), [1, 8, 0] 
(1, 8, -51), [1, 8, 0] 
(1, 8, -17), [1, 8, 0] 
(1, 8, 17), [1, 8, 0] 
(1, 8, 51), [1, 8, 0] 
(1, 8, 85), [1, 8, 0] 
(1, 8, 119), [1, 8, 0] 
(1, 10, -51), [1, 10, 0] 
(1, 10, -17), [1, 10, 0] 
(1, 10, 17), [1, 10, 0] 
(1, 10, 51), [1, 10, 0] 
(1, 10, 85), [1, 10, 0] 
(1, 10, 119), [1, 10, 0] 
(1, 12, -51), [1, 12, 0] 
(1, 12, -17), [1, 12, 0] 
(1, 12, 17), [1, 12, 0] 
(1, 12, 51), [1, 12, 0] 
(1, 12, 85), [1, 12, 0] 
(1, 14, -17), [1, 14, 0] 
(1, 14, 17), [1, 14, 0] 
(1, 14, 51), [1, 14, 0] 
(1, 14, 85), [1, 14, 0] 
(1, 16, -51), [1, 16, 0] 
(1, 16, -17), [1, 16, 0] 
(1, 16, 17), [1, 16, 0] 
(1, 16, 51), [1, 16, 0] 
(1, 16, 85), [1, 16, 0] 
(1, 18, -51), [1, 1, 0] 
(1, 18, -17), [1, 1, 0] 
(1, 18, 17), [1, 1, 0] 
(1, 18, 51), [1, 1, 0] 
(1, 18, 85), [1, 1, 0] 
(1, 20, -17), [1, 3, 0] 
(1, 20, 17), [1, 3, 0] 
(1, 20, 51), [1, 3, 0] 
(1, 20, 85), [1, 3, 0] 
(1, 22, -17), [1, 5, 0] 
(1, 22, 17), [1, 5, 0] 
(1, 22, 51), [1, 5, 0] 
(1, 24, -17), [1, 7, 0] 
(1, 24, 17), [1, 7, 0] 
(1, 24, 51), [1, 7, 0] 
(1, 26, -17), [1, 9, 0] 
(1, 26, 17), [1, 9, 0] 
(1, 26, 51), [1, 9, 0] 
(1, 28, 17), [1, 11, 0] 
(1, 28, 51), [1, 11, 0] 
(1, 30, 17), [1, 13, 0] 
(1, 30, 51), [1, 13, 0] 
(1, 32, 17), [1, 15, 0] 
(1, 36, 17), [1, 2, 0] 
(1, 36, 51), [1, 2, 0] 
(1, 38, 17), [1, 4, 0] 
(1, 40, 17), [1, 6, 0] 
(2, -14, -85), [2, 3, 0] 
(2, -14, -51), [2, 3, 0] 
(2, -12, -85), [2, 5, 0] 
(2, -12, -51), [2, 5, 0] 
(2, -10, -119), [2, 7, 0] 
(2, -10, -85), [2, 7, 0] 
(2, -10, -51), [2, 7, 0] 
(2, -10, -17), [2, 7, 0] 
(2, -8, -119), [2, 9, 0] 
(2, -8, -85), [2, 9, 0] 
(2, -8, -51), [2, 9, 0] 
(2, -8, -17), [2, 9, 0] 
(2, -6, -119), [2, 11, 0] 
(2, -6, -85), [2, 11, 0] 
(2, -6, -51), [2, 11, 0] 
(2, -6, -17), [2, 11, 0] 
(2, -6, 17), [2, 11, 0] 
(2, -4, -119), [2, 13, 0] 
(2, -4, -85), [2, 13, 0] 
(2, -4, -51), [2, 13, 0] 
(2, -4, -17), [2, 13, 0] 
(2, -4, 17), [2, 13, 0] 
(2, -2, -119), [2, 15, 0] 
(2, -2, -85), [2, 15, 0] 
(2, -2, -51), [2, 15, 0] 
(2, -2, -17), [2, 15, 0] 
(2, -2, 17), [2, 15, 0] 
(2, -2, 51), [2, 15, 0] 
(2, 2, -85), [2, 2, 0] 
(2, 2, -51), [2, 2, 0] 
(2, 2, -17), [2, 2, 0] 
(2, 2, 17), [2, 2, 0] 
(2, 2, 51), [2, 2, 0] 
(2, 2, 85), [2, 2, 0] 
(2, 4, -85), [2, 4, 0] 
(2, 4, -51), [2, 4, 0] 
(2, 4, -17), [2, 4, 0] 
(2, 4, 17), [2, 4, 0] 
(2, 4, 51), [2, 4, 0] 
(2, 4, 85), [2, 4, 0] 
(2, 6, -51), [2, 6, 0] 
(2, 6, -17), [2, 6, 0] 
(2, 6, 17), [2, 6, 0] 
(2, 6, 51), [2, 6, 0] 
(2, 6, 85), [2, 6, 0] 
(2, 6, 119), [2, 6, 0] 
(2, 8, -51), [2, 8, 0] 
(2, 8, -17), [2, 8, 0] 
(2, 8, 17), [2, 8, 0] 
(2, 8, 51), [2, 8, 0] 
(2, 8, 85), [2, 8, 0] 
(2, 8, 119), [2, 8, 0] 
(2, 10, -51), [2, 10, 0] 
(2, 10, -17), [2, 10, 0] 
(2, 10, 17), [2, 10, 0] 
(2, 10, 51), [2, 10, 0] 
(2, 10, 85), [2, 10, 0] 
(2, 10, 119), [2, 10, 0] 
(2, 12, -51), [2, 12, 0] 
(2, 12, -17), [2, 12, 0] 
(2, 12, 17), [2, 12, 0] 
(2, 12, 51), [2, 12, 0] 
(2, 12, 85), [2, 12, 0] 
(2, 12, 119), [2, 12, 0] 
(2, 14, -17), [2, 14, 0] 
(2, 14, 17), [2, 14, 0] 
(2, 14, 51), [2, 14, 0] 
(2, 14, 85), [2, 14, 0] 
(2, 14, 119), [2, 14, 0] 
(2, 16, -17), [2, 16, 0] 
(2, 16, 17), [2, 16, 0] 
(2, 16, 51), [2, 16, 0] 
(2, 16, 85), [2, 16, 0] 
(2, 16, 119), [2, 16, 0] 
(2, 18, -17), [2, 1, 0] 
(2, 18, 17), [2, 1, 0] 
(2, 18, 51), [2, 1, 0] 
(2, 18, 85), [2, 1, 0] 
(2, 18, 119), [2, 1, 0] 
(2, 20, -17), [2, 3, 0] 
(2, 20, 17), [2, 3, 0] 
(2, 20, 51), [2, 3, 0] 
(2, 20, 85), [2, 3, 0] 
(2, 22, 17), [2, 5, 0] 
(2, 22, 51), [2, 5, 0] 
(2, 22, 85), [2, 5, 0] 
(2, 24, 17), [2, 7, 0] 
(2, 24, 51), [2, 7, 0] 
(2, 24, 85), [2, 7, 0] 
(2, 26, 17), [2, 9, 0] 
(2, 26, 51), [2, 9, 0] 
(2, 26, 85), [2, 9, 0] 
(2, 28, 17), [2, 11, 0] 
(2, 28, 51), [2, 11, 0] 
(2, 28, 85), [2, 11, 0] 
(2, 30, 17), [2, 13, 0] 
(2, 30, 51), [2, 13, 0] 
(2, 30, 85), [2, 13, 0] 
(2, 32, 51), [2, 15, 0] 
(2, 32, 85), [2, 15, 0] 
(2, 36, 51), [2, 2, 0] 
(2, 38, 51), [2, 4, 0] 
(2, 40, 51), [2, 6, 0] 
(2, 42, 51), [2, 8, 0] 
(3, -14, -119), [3, 3, 0] 
(3, -14, -85), [3, 3, 0] 
(3, -12, -119), [3, 5, 0] 
(3, -12, -85), [3, 5, 0] 
(3, -10, -119), [3, 7, 0] 
(3, -10, -85), [3, 7, 0] 
(3, -10, -51), [3, 7, 0] 
(3, -8, -119), [3, 9, 0] 
(3, -8, -85), [3, 9, 0] 
(3, -8, -51), [3, 9, 0] 
(3, -6, -119), [3, 11, 0] 
(3, -6, -85), [3, 11, 0] 
(3, -6, -51), [3, 11, 0] 
(3, -6, -17), [3, 11, 0] 
(3, -4, -119), [3, 13, 0] 
(3, -4, -85), [3, 13, 0] 
(3, -4, -51), [3, 13, 0] 
(3, -4, -17), [3, 13, 0] 
(3, -2, -85), [3, 15, 0] 
(3, -2, -51), [3, 15, 0] 
(3, -2, 17), [3, 15, 0] 
(3, 2, -85), [3, 2, 0] 
(3, 2, -51), [3, 2, 0] 
(3, 2, -17), [3, 2, 0] 
(3, 2, 17), [3, 2, 0] 
(3, 4, -51), [3, 4, 0] 
(3, 4, -17), [3, 4, 0] 
(3, 4, 17), [3, 4, 0] 
(3, 4, 51), [3, 4, 0] 
(3, 6, -51), [3, 6, 0] 
(3, 6, 17), [3, 6, 0] 
(3, 6, 51), [3, 6, 0] 
(3, 6, 85), [3, 6, 0] 
(3, 8, -51), [3, 8, 0] 
(3, 8, -17), [3, 8, 0] 
(3, 8, 17), [3, 8, 0] 
(3, 8, 51), [3, 8, 0] 
(3, 8, 85), [3, 8, 0] 
(3, 10, -51), [3, 10, 0] 
(3, 10, -17), [3, 10, 0] 
(3, 10, 17), [3, 10, 0] 
(3, 10, 51), [3, 10, 0] 
(3, 10, 85), [3, 10, 0] 
(3, 10, 119), [3, 10, 0] 
(3, 12, -17), [3, 12, 0] 
(3, 12, 17), [3, 12, 0] 
(3, 12, 51), [3, 12, 0] 
(3, 12, 85), [3, 12, 0] 
(3, 12, 119), [3, 12, 0] 
(3, 12, 136), [3, 12, 0] 
(3, 14, -17), [3, 14, 0] 
(3, 14, 17), [3, 14, 0] 
(3, 14, 51), [3, 14, 0] 
(3, 14, 85), [3, 14, 0] 
(3, 14, 119), [3, 14, 0] 
(3, 14, 153), [3, 14, 0] 
(3, 16, -17), [3, 16, 0] 
(3, 16, 17), [3, 16, 0] 
(3, 16, 51), [3, 16, 0] 
(3, 16, 85), [3, 16, 0] 
(3, 16, 119), [3, 16, 0] 
(3, 18, 17), [3, 1, 0] 
(3, 18, 51), [3, 1, 0] 
(3, 18, 85), [3, 1, 0] 
(3, 18, 119), [3, 1, 0] 
(3, 20, 17), [3, 3, 0] 
(3, 20, 51), [3, 3, 0] 
(3, 20, 85), [3, 3, 0] 
(3, 20, 119), [3, 3, 0] 
(3, 22, 17), [3, 5, 0] 
(3, 22, 51), [3, 5, 0] 
(3, 22, 85), [3, 5, 0] 
(3, 22, 119), [3, 5, 0] 
(3, 24, 51), [3, 7, 0] 
(3, 24, 85), [3, 7, 0] 
(3, 24, 119), [3, 7, 0] 
(3, 26, 51), [3, 9, 0] 
(3, 26, 85), [3, 9, 0] 
(3, 26, 119), [3, 9, 0] 
(3, 28, 51), [3, 11, 0] 
(3, 28, 85), [3, 11, 0] 
(3, 28, 119), [3, 11, 0] 
(3, 30, 51), [3, 13, 0] 
(3, 30, 85), [3, 13, 0] 
(3, 32, 51), [3, 15, 0] 
(3, 32, 85), [3, 15, 0] 
(3, 32, 119), [3, 15, 0] 
(3, 33, 119), [3, 16, 0] 
(3, 38, 85), [3, 4, 0] 
(3, 40, 85), [3, 6, 0] 
(3, 42, 85), [3, 8, 0] 
(3, 44, 85), [3, 10, 0] 
(4, -14, -153), [4, 3, 0] 
(4, -14, -119), [4, 3, 0] 
(4, -12, -153), [4, 5, 0] 
(4, -12, -119), [4, 5, 0] 
(4, -10, -153), [4, 7, 0] 
(4, -10, -119), [4, 7, 0] 
(4, -10, -85), [4, 7, 0] 
(4, -8, -119), [4, 9, 0] 
(4, -8, -85), [4, 9, 0] 
(4, -6, -119), [4, 11, 0] 
(4, -6, -85), [4, 11, 0] 
(4, -6, -51), [4, 11, 0] 
(4, -4, -119), [4, 13, 0] 
(4, -4, -85), [4, 13, 0] 
(4, -4, -51), [4, 13, 0] 
(4, -2, -85), [4, 15, 0] 
(4, -2, -51), [4, 15, 0] 
(4, -2, -17), [4, 15, 0] 
(4, 2, -85), [4, 2, 0] 
(4, 2, -51), [4, 2, 0] 
(4, 2, -17), [4, 2, 0] 
(4, 2, 17), [4, 2, 0] 
(4, 4, -51), [4, 4, 0] 
(4, 4, -17), [4, 4, 0] 
(4, 4, 17), [4, 4, 0] 
(4, 6, -51), [4, 6, 0] 
(4, 6, -17), [4, 6, 0] 
(4, 6, 17), [4, 6, 0] 
(4, 6, 51), [4, 6, 0] 
(4, 8, -51), [4, 8, 0] 
(4, 8, -17), [4, 8, 0] 
(4, 8, 17), [4, 8, 0] 
(4, 8, 51), [4, 8, 0] 
(4, 10, -17), [4, 10, 0] 
(4, 10, 17), [4, 10, 0] 
(4, 10, 51), [4, 10, 0] 
(4, 10, 85), [4, 10, 0] 
(4, 12, -17), [4, 12, 0] 
(4, 12, 17), [4, 12, 0] 
(4, 12, 51), [4, 12, 0] 
(4, 12, 85), [4, 12, 0] 
(4, 14, -17), [4, 14, 0] 
(4, 14, 17), [4, 14, 0] 
(4, 14, 51), [4, 14, 0] 
(4, 14, 85), [4, 14, 0] 
(4, 14, 119), [4, 14, 0] 
(4, 16, 17), [4, 16, 0] 
(4, 16, 51), [4, 16, 0] 
(4, 16, 85), [4, 16, 0] 
(4, 16, 119), [4, 16, 0] 
(4, 18, 17), [4, 1, 0] 
(4, 18, 51), [4, 1, 0] 
(4, 18, 85), [4, 1, 0] 
(4, 18, 119), [4, 1, 0] 
(4, 20, 17), [4, 3, 0] 
(4, 20, 51), [4, 3, 0] 
(4, 20, 85), [4, 3, 0] 
(4, 20, 119), [4, 3, 0] 
(4, 20, 153), [4, 3, 0] 
(4, 22, 17), [4, 5, 0] 
(4, 22, 51), [4, 5, 0] 
(4, 22, 85), [4, 5, 0] 
(4, 22, 119), [4, 5, 0] 
(4, 22, 153), [4, 5, 0] 
(4, 24, 51), [4, 7, 0] 
(4, 24, 85), [4, 7, 0] 
(4, 24, 119), [4, 7, 0] 
(4, 24, 153), [4, 7, 0] 
(4, 26, 51), [4, 9, 0] 
(4, 26, 85), [4, 9, 0] 
(4, 26, 119), [4, 9, 0] 
(4, 26, 153), [4, 9, 0] 
(4, 28, 51), [4, 11, 0] 
(4, 28, 85), [4, 11, 0] 
(4, 28, 119), [4, 11, 0] 
(4, 28, 153), [4, 11, 0] 
(4, 30, 85), [4, 13, 0] 
(4, 30, 119), [4, 13, 0] 
(4, 30, 153), [4, 13, 0] 
(4, 32, 85), [4, 15, 0] 
(4, 32, 119), [4, 15, 0] 
(4, 36, 85), [4, 2, 0] 
(4, 36, 119), [4, 2, 0] 
(4, 38, 85), [4, 4, 0] 
(4, 38, 119), [4, 4, 0] 
(4, 40, 119), [4, 6, 0] 
(4, 42, 119), [4, 8, 0] 
(4, 44, 119), [4, 10, 0] 
(4, 46, 119), [4, 12, 0] 
(4, 48, 119), [4, 14, 0] 
(5, -16, -170), [5, 1, 0] 
(5, -14, -153), [5, 3, 0] 
(5, -12, -153), [5, 5, 0] 
(5, -10, -153), [5, 7, 0] 
(5, -10, -119), [5, 7, 0] 
(5, -8, -119), [5, 9, 0] 
(5, -6, -119), [5, 11, 0] 
(5, -6, -85), [5, 11, 0] 
(5, -4, -119), [5, 13, 0] 
(5, -4, -85), [5, 13, 0] 
(5, -2, -85), [5, 15, 0] 
(5, -2, -51), [5, 15, 0] 
(5, 2, -85), [5, 2, 0] 
(5, 2, -51), [5, 2, 0] 
(5, 2, -17), [5, 2, 0] 
(5, 4, -51), [5, 4, 0] 
(5, 4, -17), [5, 4, 0] 
(5, 6, -51), [5, 6, 0] 
(5, 6, -17), [5, 6, 0] 
(5, 8, -51), [5, 8, 0] 
(5, 8, -17), [5, 8, 0] 
(5, 8, 17), [5, 8, 0] 
(5, 10, -17), [5, 10, 0] 
(5, 10, 17), [5, 10, 0] 
(5, 10, 51), [5, 10, 0] 
(5, 12, -17), [5, 12, 0] 
(5, 12, 17), [5, 12, 0] 
(5, 12, 51), [5, 12, 0] 
(5, 14, -17), [5, 14, 0] 
(5, 14, 17), [5, 14, 0] 
(5, 14, 51), [5, 14, 0] 
(5, 14, 85), [5, 14, 0] 
(5, 16, 17), [5, 16, 0] 
(5, 16, 51), [5, 16, 0] 
(5, 16, 85), [5, 16, 0] 
(5, 16, 102), [5, 16, 0] 
(5, 18, 17), [5, 1, 0] 
(5, 18, 51), [5, 1, 0] 
(5, 20, 17), [5, 3, 0] 
(5, 20, 85), [5, 3, 0] 
(5, 20, 119), [5, 3, 0] 
(5, 22, 51), [5, 5, 0] 
(5, 22, 85), [5, 5, 0] 
(5, 22, 119), [5, 5, 0] 
(5, 24, 51), [5, 7, 0] 
(5, 24, 85), [5, 7, 0] 
(5, 24, 119), [5, 7, 0] 
(5, 24, 153), [5, 7, 0] 
(5, 26, 51), [5, 9, 0] 
(5, 26, 85), [5, 9, 0] 
(5, 26, 119), [5, 9, 0] 
(5, 26, 153), [5, 9, 0] 
(5, 28, 85), [5, 11, 0] 
(5, 28, 119), [5, 11, 0] 
(5, 28, 153), [5, 11, 0] 
(5, 30, 85), [5, 13, 0] 
(5, 30, 119), [5, 13, 0] 
(5, 30, 153), [5, 13, 0] 
(5, 32, 85), [5, 15, 0] 
(5, 32, 119), [5, 15, 0] 
(5, 32, 153), [5, 15, 0] 
(5, 36, 119), [5, 2, 0] 
(5, 36, 153), [5, 2, 0] 
(5, 38, 119), [5, 4, 0] 
(5, 40, 153), [5, 6, 0] 
(5, 42, 119), [5, 8, 0] 
(5, 42, 153), [5, 8, 0] 
(5, 44, 153), [5, 10, 0] 
(5, 46, 153), [5, 12, 0] 
(5, 48, 153), [5, 14, 0] 
(5, 50, 153), [5, 16, 0] 
(6, -14, -187), [6, 3, 0] 
(6, -12, -187), [6, 5, 0] 
(6, -10, -153), [6, 7, 0] 
(6, -8, -153), [6, 9, 0] 
(6, -6, -119), [6, 11, 0] 
(6, -4, -119), [6, 13, 0] 
(6, -2, -119), [6, 15, 0] 
(6, -2, -85), [6, 15, 0] 
(6, 2, -85), [6, 2, 0] 
(6, 2, -51), [6, 2, 0] 
(6, 3, -85), [6, 3, 0] 
(6, 4, -51), [6, 4, 0] 
(6, 6, -51), [6, 6, 0] 
(6, 6, -17), [6, 6, 0] 
(6, 8, -51), [6, 8, 0] 
(6, 8, -17), [6, 8, 0] 
(6, 10, -17), [6, 10, 0] 
(6, 10, 17), [6, 10, 0] 
(6, 12, -17), [6, 12, 0] 
(6, 12, 17), [6, 12, 0] 
(6, 14, -17), [6, 14, 0] 
(6, 14, 17), [6, 14, 0] 
(6, 14, 51), [6, 14, 0] 
(6, 16, 17), [6, 16, 0] 
(6, 16, 51), [6, 16, 0] 
(6, 16, 68), [6, 16, 0] 
(6, 18, 17), [6, 1, 0] 
(6, 18, 51), [6, 1, 0] 
(6, 20, 51), [6, 3, 0] 
(6, 20, 85), [6, 3, 0] 
(6, 22, 51), [6, 5, 0] 
(6, 22, 85), [6, 5, 0] 
(6, 24, 51), [6, 7, 0] 
(6, 24, 85), [6, 7, 0] 
(6, 24, 119), [6, 7, 0] 
(6, 26, 85), [6, 9, 0] 
(6, 26, 119), [6, 9, 0] 
(6, 28, 85), [6, 11, 0] 
(6, 28, 119), [6, 11, 0] 
(6, 28, 153), [6, 11, 0] 
(6, 30, 85), [6, 13, 0] 
(6, 30, 119), [6, 13, 0] 
(6, 30, 153), [6, 13, 0] 
(6, 32, 85), [6, 15, 0] 
(6, 32, 119), [6, 15, 0] 
(6, 32, 153), [6, 15, 0] 
(6, 32, 187), [6, 15, 0] 
(6, 36, 119), [6, 2, 0] 
(6, 36, 153), [6, 2, 0] 
(6, 36, 187), [6, 2, 0] 
(6, 38, 119), [6, 4, 0] 
(6, 38, 153), [6, 4, 0] 
(6, 38, 187), [6, 4, 0] 
(6, 40, 153), [6, 6, 0] 
(6, 40, 187), [6, 6, 0] 
(6, 42, 153), [6, 8, 0] 
(6, 42, 187), [6, 8, 0] 
(6, 44, 153), [6, 10, 0] 
(6, 44, 187), [6, 10, 0] 
(6, 46, 153), [6, 12, 0] 
(6, 46, 187), [6, 12, 0] 
(6, 48, 187), [6, 14, 0] 
(6, 50, 187), [6, 16, 0] 
(6, 52, 187), [6, 1, 0] 
(6, 54, 187), [6, 3, 0] 
(7, -14, -221), [7, 3, 0] 
(7, -10, -187), [7, 7, 0] 
(7, -6, -153), [7, 11, 0] 
(7, -2, -119), [7, 15, 0] 
(7, 2, -85), [7, 2, 0] 
(7, 4, -85), [7, 4, 0] 
(7, 6, -51), [7, 6, 0] 
(7, 8, -51), [7, 8, 0] 
(7, 12, -17), [7, 12, 0] 
(7, 14, -17), [7, 14, 0] 
(7, 14, 17), [7, 14, 0] 
(7, 16, 17), [7, 16, 0] 
(7, 18, 17), [7, 1, 0] 
(7, 20, 17), [7, 3, 0] 
(7, 20, 51), [7, 3, 0] 
(7, 22, 51), [7, 5, 0] 
(7, 24, 51), [7, 7, 0] 
(7, 24, 85), [7, 7, 0] 
(7, 26, 85), [7, 9, 0] 
(7, 28, 85), [7, 11, 0] 
(7, 28, 119), [7, 11, 0] 
(7, 30, 85), [7, 13, 0] 
(7, 30, 119), [7, 13, 0] 
(7, 32, 119), [7, 15, 0] 
(7, 32, 153), [7, 15, 0] 
(7, 36, 119), [7, 2, 0] 
(7, 36, 153), [7, 2, 0] 
(7, 36, 187), [7, 2, 0] 
(7, 38, 153), [7, 4, 0] 
(7, 40, 153), [7, 6, 0] 
(7, 40, 187), [7, 6, 0] 
(7, 42, 153), [7, 8, 0] 
(7, 42, 187), [7, 8, 0] 
(7, 42, 221), [7, 8, 0] 
(7, 44, 187), [7, 10, 0] 
(7, 44, 221), [7, 10, 0] 
(7, 46, 221), [7, 12, 0] 
(7, 48, 187), [7, 14, 0] 
(7, 48, 221), [7, 14, 0] 
(7, 50, 187), [7, 16, 0] 
(7, 50, 221), [7, 16, 0] 
(7, 52, 221), [7, 1, 0] 
(7, 54, 221), [7, 3, 0] 
(7, 56, 221), [7, 5, 0] 
(7, 58, 221), [7, 7, 0] 
(8, -2, -153), [8, 15, 0] 
(8, 2, -119), [8, 2, 0] 
(8, 6, -85), [8, 6, 0] 
(8, 10, -51), [8, 10, 0] 
(8, 11, -51), [8, 11, 0] 
(8, 14, -17), [8, 14, 0] 
(8, 16, -17), [8, 16, 0] 
(8, 20, 17), [8, 3, 0] 
(8, 24, 51), [8, 7, 0] 
(8, 26, 51), [8, 9, 0] 
(8, 28, 85), [8, 11, 0] 
(8, 30, 85), [8, 13, 0] 
(8, 32, 85), [8, 15, 0] 
(8, 32, 119), [8, 15, 0] 
(8, 36, 119), [8, 2, 0] 
(8, 36, 153), [8, 2, 0] 
(8, 38, 153), [8, 4, 0] 
(8, 40, 153), [8, 6, 0] 
(8, 40, 187), [8, 6, 0] 
(8, 42, 153), [8, 8, 0] 
(8, 42, 187), [8, 8, 0] 
(8, 44, 187), [8, 10, 0] 
(8, 44, 221), [8, 10, 0] 
(8, 46, 187), [8, 12, 0] 
(8, 46, 221), [8, 12, 0] 
(8, 48, 187), [8, 14, 0] 
(8, 48, 221), [8, 14, 0] 
(8, 48, 255), [8, 14, 0] 
(8, 50, 221), [8, 16, 0] 
(8, 50, 255), [8, 16, 0] 
(8, 52, 221), [8, 1, 0] 
(8, 52, 255), [8, 1, 0] 
(8, 54, 221), [8, 3, 0] 
(8, 54, 255), [8, 3, 0] 
(8, 56, 255), [8, 5, 0] 
(8, 58, 255), [8, 7, 0] 
(8, 60, 255), [8, 9, 0] 
(8, 62, 255), [8, 11, 0] 
(9, 10, -85), [9, 10, 0] 
(9, 28, 51), [9, 11, 0] 
(9, 32, 85), [9, 15, 0] 
(9, 36, 119), [9, 2, 0] 
(9, 38, 119), [9, 4, 0] 
(9, 40, 153), [9, 6, 0] 
(9, 42, 153), [9, 8, 0] 
(9, 44, 187), [9, 10, 0] 
(9, 46, 187), [9, 12, 0] 
(9, 48, 221), [9, 14, 0] 
(9, 50, 221), [9, 16, 0] 
(9, 52, 221), [9, 1, 0] 
(9, 54, 255), [9, 3, 0] 
(9, 56, 255), [9, 5, 0] 
(9, 56, 289), [9, 5, 0] 
(9, 58, 255), [9, 7, 0] 
(9, 60, 255), [9, 9, 0] 
(9, 60, 289), [9, 9, 0] 
(9, 62, 289), [9, 11, 0] 
(9, 64, 289), [9, 13, 0] 
(9, 66, 289), [9, 15, 0] 
(9, 74, 323), [9, 6, 0] 
(10, 40, 119), [10, 6, 0] 
(10, 44, 153), [10, 10, 0] 
(10, 48, 187), [10, 14, 0] 
(10, 50, 187), [10, 16, 0] 
(10, 52, 221), [10, 1, 0] 
(10, 54, 221), [10, 3, 0] 
(10, 56, 255), [10, 5, 0] 
(10, 58, 255), [10, 7, 0] 
(10, 60, 255), [10, 9, 0] 
(10, 60, 289), [10, 9, 0] 
(10, 62, 289), [10, 11, 0] 
(10, 64, 289), [10, 13, 0] 
(10, 64, 323), [10, 13, 0] 
(10, 66, 289), [10, 15, 0] 
(10, 66, 323), [10, 15, 0] 
(10, 70, 323), [10, 2, 0] 
(10, 72, 323), [10, 4, 0] 
(10, 76, 357), [10, 8, 0] 
(10, 78, 357), [10, 10, 0] 
(10, 79, 357), [10, 11, 0] 
(11, 47, 153), [11, 13, 0] 
(11, 52, 187), [11, 1, 0] 
(11, 56, 221), [11, 5, 0] 
(11, 60, 255), [11, 9, 0] 
(11, 66, 289), [11, 15, 0] 
(11, 70, 323), [11, 2, 0] 
(11, 72, 323), [11, 4, 0] 
(11, 72, 357), [11, 4, 0] 
(11, 74, 357), [11, 6, 0] 
(11, 75, 340), [11, 7, 0] 
(11, 76, 357), [11, 8, 0] 
(11, 78, 357), [11, 10, 0] 
(11, 80, 391), [11, 12, 0] 
(11, 82, 391), [11, 14, 0] 
(11, 84, 391), [11, 16, 0] 
(12, 64, 255), [12, 13, 0] 
(12, 72, 323), [12, 4, 0] 
(12, 76, 357), [12, 8, 0] 
(12, 78, 357), [12, 10, 0] 
(12, 80, 391), [12, 12, 0] 
(12, 82, 391), [12, 14, 0] 
(12, 84, 391), [12, 16, 0] 
(12, 86, 425), [12, 1, 0] 
(12, 88, 425), [12, 3, 0] 
(12, 96, 459), [12, 11, 0] 
(13, 78, 340), [13, 10, 0] 
(13, 80, 357), [13, 12, 0] 
(13, 82, 374), [13, 14, 0] 
(13, 90, 425), [13, 5, 0] 
(13, 94, 459), [13, 9, 0] 
(13, 100, 493), [13, 15, 0] 
(14, 106, 527), [14, 4, 0] 
(14, 107, 544), [14, 5, 0] 
(15, 105, 493), [15, 3, 0] 
(15, 114, 561), [15, 12, 0] 
(15, 115, 578), [15, 13, 0] 
(15, 116, 578), [15, 14, 0] 
(16, 126, 629), [16, 7, 0] 
(16, 130, 663), [16, 11, 0] 
(17, 142, 731), [0, 6, 0] 
(18, 150, 765), [1, 14, 0] 
