(-12, 72, -286), [1, -12, 72, -286, 792, -1452, 1331], 3.11.am_cu_ala
(-11, 57, -209), [1, -11, 57, -209, 627, -1331, 1331], 3.11.al_cf_aib
(-11, 65, -253), [1, -11, 65, -253, 715, -1331, 1331], 3.11.al_cn_ajt
(-11, 67, -264), [1, -11, 67, -264, 737, -1331, 1331], 3.11.al_cp_ake
(-10, 57, -231), [1, -10, 57, -231, 627, -1210, 1331], 3.11.ak_cf_aix
(-10, 59, -231), [1, -10, 59, -231, 649, -1210, 1331], 3.11.ak_ch_aix
(-10, 62, -242), [1, -10, 62, -242, 682, -1210, 1331], 3.11.ak_ck_aji
(-9, 46, -176), [1, -9, 46, -176, 506, -1089, 1331], 3.11.aj_bu_agu
(-9, 48, -176), [1, -9, 48, -176, 528, -1089, 1331], 3.11.aj_bw_agu
(-8, 19, -22), [1, -8, 19, -22, 209, -968, 1331], 3.11.ai_t_aw
(-7, -1, 88), [1, -7, -1, 88, -11, -847, 1331], 3.11.ah_ab_dk
(-6, 1, 55), [1, -6, 1, 55, 11, -726, 1331], 3.11.ag_b_cd
(-5, -7, 88), [1, -5, -7, 88, -77, -605, 1331], 3.11.af_ah_dk
(-4, -9, 77), [1, -4, -9, 77, -99, -484, 1331], 3.11.ae_aj_cz
(-4, 29, -77), [1, -4, 29, -77, 319, -484, 1331], 3.11.ae_bd_acz
(-3, -9, 55), [1, -3, -9, 55, -99, -363, 1331], 3.11.ad_aj_cd
(-1, -1, -44), [1, -1, -1, -44, -11, -121, 1331], 3.11.ab_ab_abs
(0, -5, -33), [1, 0, -5, -33, -55, 0, 1331], 3.11.a_af_abh
(0, -5, 33), [1, 0, -5, 33, -55, 0, 1331], 3.11.a_af_bh
(1, -1, 44), [1, 1, -1, 44, -11, 121, 1331], 3.11.b_ab_bs
(3, -9, -55), [1, 3, -9, -55, -99, 363, 1331], 3.11.d_aj_acd
(4, -9, -77), [1, 4, -9, -77, -99, 484, 1331], 3.11.e_aj_acz
(4, 29, 77), [1, 4, 29, 77, 319, 484, 1331], 3.11.e_bd_cz
(5, -7, -88), [1, 5, -7, -88, -77, 605, 1331], 3.11.f_ah_adk
(6, 1, -55), [1, 6, 1, -55, 11, 726, 1331], 3.11.g_b_acd
(7, -1, -88), [1, 7, -1, -88, -11, 847, 1331], 3.11.h_ab_adk
(8, 19, 22), [1, 8, 19, 22, 209, 968, 1331], 3.11.i_t_w
(9, 46, 176), [1, 9, 46, 176, 506, 1089, 1331], 3.11.j_bu_gu
(9, 48, 176), [1, 9, 48, 176, 528, 1089, 1331], 3.11.j_bw_gu
(10, 57, 231), [1, 10, 57, 231, 627, 1210, 1331], 3.11.k_cf_ix
(10, 59, 231), [1, 10, 59, 231, 649, 1210, 1331], 3.11.k_ch_ix
(10, 62, 242), [1, 10, 62, 242, 682, 1210, 1331], 3.11.k_ck_ji
(11, 57, 209), [1, 11, 57, 209, 627, 1331, 1331], 3.11.l_cf_ib
(11, 65, 253), [1, 11, 65, 253, 715, 1331, 1331], 3.11.l_cn_jt
(11, 67, 264), [1, 11, 67, 264, 737, 1331, 1331], 3.11.l_cp_ke
(12, 72, 286), [1, 12, 72, 286, 792, 1452, 1331], 3.11.m_cu_la
(13, 82, 330), [1, 13, 82, 330, 902, 1573, 1331], 3.11.n_de_ms
