(-9, 39, -120), [7, 7, 0], 3.8.aj_bn_aeq 
(-9, 45, -152), [7, 5, 0], 3.8.aj_bt_afw 
(-9, 47, -160), [7, 7, 0], 3.8.aj_bv_age 
(-8, 29, -80), [0, 5, 0], 3.8.ai_bd_adc 
(-8, 37, -120), [0, 5, 0], 3.8.ai_bl_aeq 
(-8, 39, -132), [0, 7, 4], 3.8.ai_bn_afc 
(-7, 17, -28), [1, 1, 4], 3.8.ah_r_abc 
(-7, 19, -40), [1, 3, 0], 3.8.ah_t_abo 
(-7, 21, -48), [1, 5, 0], 3.8.ah_v_abw 
(-7, 25, -72), [1, 1, 0], 3.8.ah_z_acu 
(-7, 27, -84), [1, 3, 4], 3.8.ah_bb_adg 
(-7, 27, -80), [1, 3, 0], 3.8.ah_bb_adc 
(-7, 29, -96), [1, 5, 0], 3.8.ah_bd_ads 
(-7, 29, -92), [1, 5, 4], 3.8.ah_bd_ado 
(-7, 29, -88), [1, 5, 0], 3.8.ah_bd_adk 
(-7, 31, -108), [1, 7, 4], 3.8.ah_bf_aee 
(-7, 31, -104), [1, 7, 0], 3.8.ah_bf_aea 
(-7, 31, -100), [1, 7, 4], 3.8.ah_bf_adw 
(-7, 31, -96), [1, 7, 0], 3.8.ah_bf_ads 
(-7, 33, -108), [1, 1, 4], 3.8.ah_bh_aee 
(-7, 33, -104), [1, 1, 0], 3.8.ah_bh_aea 
(-7, 35, -116), [1, 3, 4], 3.8.ah_bj_aem 
(-6, 7, 12), [2, 7, 4], 3.8.ag_h_m 
(-6, 9, 0), [2, 1, 0], 3.8.ag_j_a 
(-6, 15, -32), [2, 7, 0], 3.8.ag_p_abg 
(-6, 19, -56), [2, 3, 0], 3.8.ag_t_ace 
(-6, 27, -80), [2, 3, 0], 3.8.ag_bb_adc 
(-5, -5, 64), [3, 3, 0], 3.8.af_af_cm 
(-5, -3, 52), [3, 5, 4], 3.8.af_ad_ca 
(-5, -1, 44), [3, 7, 4], 3.8.af_ab_bs 
(-5, 1, 32), [3, 1, 0], 3.8.af_b_bg 
(-5, 3, 24), [3, 3, 0], 3.8.af_d_y 
(-5, 5, 8), [3, 5, 0], 3.8.af_f_i 
(-5, 7, 0), [3, 7, 0], 3.8.af_h_a 
(-5, 9, -16), [3, 1, 0], 3.8.af_j_aq 
(-5, 9, -12), [3, 1, 4], 3.8.af_j_am 
(-5, 9, -8), [3, 1, 0], 3.8.af_j_ai 
(-5, 11, -24), [3, 3, 0], 3.8.af_l_ay 
(-5, 11, -20), [3, 3, 4], 3.8.af_l_au 
(-5, 11, -16), [3, 3, 0], 3.8.af_l_aq 
(-5, 13, -36), [3, 5, 4], 3.8.af_n_abk 
(-5, 13, -32), [3, 5, 0], 3.8.af_n_abg 
(-5, 13, -28), [3, 5, 4], 3.8.af_n_abc 
(-5, 13, -24), [3, 5, 0], 3.8.af_n_ay 
(-5, 15, -48), [3, 7, 0], 3.8.af_p_abw 
(-5, 15, -44), [3, 7, 4], 3.8.af_p_abs 
(-5, 15, -40), [3, 7, 0], 3.8.af_p_abo 
(-5, 15, -36), [3, 7, 4], 3.8.af_p_abk 
(-5, 15, -32), [3, 7, 0], 3.8.af_p_abg 
(-5, 17, -60), [3, 1, 4], 3.8.af_r_aci 
(-5, 17, -56), [3, 1, 0], 3.8.af_r_ace 
(-5, 17, -52), [3, 1, 4], 3.8.af_r_aca 
(-5, 17, -48), [3, 1, 0], 3.8.af_r_abw 
(-5, 17, -44), [3, 1, 4], 3.8.af_r_abs 
(-5, 17, -40), [3, 1, 0], 3.8.af_r_abo 
(-5, 19, -72), [3, 3, 0], 3.8.af_t_acu 
(-5, 19, -68), [3, 3, 4], 3.8.af_t_acq 
(-5, 19, -64), [3, 3, 0], 3.8.af_t_acm 
(-5, 19, -60), [3, 3, 4], 3.8.af_t_aci 
(-5, 19, -56), [3, 3, 0], 3.8.af_t_ace 
(-5, 19, -52), [3, 3, 4], 3.8.af_t_aca 
(-5, 19, -48), [3, 3, 0], 3.8.af_t_abw 
(-5, 21, -76), [3, 5, 4], 3.8.af_v_acy 
(-5, 21, -72), [3, 5, 0], 3.8.af_v_acu 
(-5, 21, -68), [3, 5, 4], 3.8.af_v_acq 
(-5, 21, -64), [3, 5, 0], 3.8.af_v_acm 
(-5, 21, -60), [3, 5, 4], 3.8.af_v_aci 
(-5, 21, -56), [3, 5, 0], 3.8.af_v_ace 
(-5, 23, -76), [3, 7, 4], 3.8.af_x_acy 
(-5, 23, -72), [3, 7, 0], 3.8.af_x_acu 
(-5, 23, -68), [3, 7, 4], 3.8.af_x_acq 
(-5, 23, -64), [3, 7, 0], 3.8.af_x_acm 
(-5, 25, -76), [3, 1, 4], 3.8.af_z_acy 
(-5, 25, -72), [3, 1, 0], 3.8.af_z_acu 
(-5, 27, -72), [3, 3, 0], 3.8.af_bb_acu 
(-4, -7, 64), [4, 1, 0], 3.8.ae_ah_cm 
(-4, -3, 36), [4, 5, 4], 3.8.ae_ad_bk 
(-4, -3, 40), [4, 5, 0], 3.8.ae_ad_bo 
(-4, 1, 20), [4, 1, 4], 3.8.ae_b_u 
(-4, 5, 0), [4, 5, 0], 3.8.ae_f_a 
(-4, 9, -32), [4, 1, 0], 3.8.ae_j_abg 
(-4, 9, -24), [4, 1, 0], 3.8.ae_j_ay 
(-4, 9, -20), [4, 1, 4], 3.8.ae_j_au 
(-4, 13, -44), [4, 5, 4], 3.8.ae_n_abs 
(-4, 15, -56), [4, 7, 0], 3.8.ae_p_ace 
(-4, 17, -48), [4, 1, 0], 3.8.ae_r_abw 
(-4, 21, -56), [4, 5, 0], 3.8.ae_v_ace 
(-4, 25, -60), [4, 1, 4], 3.8.ae_z_aci 
(-3, -7, 44), [5, 1, 4], 3.8.ad_ah_bs 
(-3, -7, 48), [5, 1, 0], 3.8.ad_ah_bw 
(-3, -7, 52), [5, 1, 4], 3.8.ad_ah_ca 
(-3, -5, 32), [5, 3, 0], 3.8.ad_af_bg 
(-3, -5, 36), [5, 3, 4], 3.8.ad_af_bk 
(-3, -5, 40), [5, 3, 0], 3.8.ad_af_bo 
(-3, -5, 44), [5, 3, 4], 3.8.ad_af_bs 
(-3, -5, 48), [5, 3, 0], 3.8.ad_af_bw 
(-3, -3, 20), [5, 5, 4], 3.8.ad_ad_u 
(-3, -3, 24), [5, 5, 0], 3.8.ad_ad_y 
(-3, -3, 28), [5, 5, 4], 3.8.ad_ad_bc 
(-3, -3, 32), [5, 5, 0], 3.8.ad_ad_bg 
(-3, -3, 36), [5, 5, 4], 3.8.ad_ad_bk 
(-3, -3, 40), [5, 5, 0], 3.8.ad_ad_bo 
(-3, -1, 12), [5, 7, 4], 3.8.ad_ab_m 
(-3, -1, 16), [5, 7, 0], 3.8.ad_ab_q 
(-3, -1, 20), [5, 7, 4], 3.8.ad_ab_u 
(-3, -1, 24), [5, 7, 0], 3.8.ad_ab_y 
(-3, -1, 28), [5, 7, 4], 3.8.ad_ab_bc 
(-3, -1, 32), [5, 7, 0], 3.8.ad_ab_bg 
(-3, 1, 0), [5, 1, 0], 3.8.ad_b_a 
(-3, 1, 4), [5, 1, 4], 3.8.ad_b_e 
(-3, 1, 8), [5, 1, 0], 3.8.ad_b_i 
(-3, 1, 12), [5, 1, 4], 3.8.ad_b_m 
(-3, 1, 16), [5, 1, 0], 3.8.ad_b_q 
(-3, 1, 20), [5, 1, 4], 3.8.ad_b_u 
(-3, 1, 24), [5, 1, 0], 3.8.ad_b_y 
(-3, 3, -12), [5, 3, 4], 3.8.ad_d_am 
(-3, 3, -8), [5, 3, 0], 3.8.ad_d_ai 
(-3, 3, -4), [5, 3, 4], 3.8.ad_d_ae 
(-3, 3, 0), [5, 3, 0], 3.8.ad_d_a 
(-3, 3, 4), [5, 3, 4], 3.8.ad_d_e 
(-3, 3, 8), [5, 3, 0], 3.8.ad_d_i 
(-3, 3, 12), [5, 3, 4], 3.8.ad_d_m 
(-3, 3, 16), [5, 3, 0], 3.8.ad_d_q 
(-3, 5, -24), [5, 5, 0], 3.8.ad_f_ay 
(-3, 5, -20), [5, 5, 4], 3.8.ad_f_au 
(-3, 5, -16), [5, 5, 0], 3.8.ad_f_aq 
(-3, 5, -8), [5, 5, 0], 3.8.ad_f_ai 
(-3, 5, -4), [5, 5, 4], 3.8.ad_f_ae 
(-3, 5, 0), [5, 5, 0], 3.8.ad_f_a 
(-3, 5, 4), [5, 5, 4], 3.8.ad_f_e 
(-3, 5, 8), [5, 5, 0], 3.8.ad_f_i 
(-3, 7, -36), [5, 7, 4], 3.8.ad_h_abk 
(-3, 7, -32), [5, 7, 0], 3.8.ad_h_abg 
(-3, 7, -28), [5, 7, 4], 3.8.ad_h_abc 
(-3, 7, -24), [5, 7, 0], 3.8.ad_h_ay 
(-3, 7, -20), [5, 7, 4], 3.8.ad_h_au 
(-3, 7, -16), [5, 7, 0], 3.8.ad_h_aq 
(-3, 7, -12), [5, 7, 4], 3.8.ad_h_am 
(-3, 7, -8), [5, 7, 0], 3.8.ad_h_ai 
(-3, 7, 0), [5, 7, 0], 3.8.ad_h_a 
(-3, 9, -44), [5, 1, 4], 3.8.ad_j_abs 
(-3, 9, -40), [5, 1, 0], 3.8.ad_j_abo 
(-3, 9, -36), [5, 1, 4], 3.8.ad_j_abk 
(-3, 9, -32), [5, 1, 0], 3.8.ad_j_abg 
(-3, 9, -28), [5, 1, 4], 3.8.ad_j_abc 
(-3, 9, -24), [5, 1, 0], 3.8.ad_j_ay 
(-3, 9, -20), [5, 1, 4], 3.8.ad_j_au 
(-3, 9, -16), [5, 1, 0], 3.8.ad_j_aq 
(-3, 9, -12), [5, 1, 4], 3.8.ad_j_am 
(-3, 9, -8), [5, 1, 0], 3.8.ad_j_ai 
(-3, 11, -56), [5, 3, 0], 3.8.ad_l_ace 
(-3, 11, -52), [5, 3, 4], 3.8.ad_l_aca 
(-3, 11, -44), [5, 3, 4], 3.8.ad_l_abs 
(-3, 11, -40), [5, 3, 0], 3.8.ad_l_abo 
(-3, 11, -36), [5, 3, 4], 3.8.ad_l_abk 
(-3, 11, -32), [5, 3, 0], 3.8.ad_l_abg 
(-3, 11, -28), [5, 3, 4], 3.8.ad_l_abc 
(-3, 11, -24), [5, 3, 0], 3.8.ad_l_ay 
(-3, 11, -20), [5, 3, 4], 3.8.ad_l_au 
(-3, 11, -16), [5, 3, 0], 3.8.ad_l_aq 
(-3, 13, -52), [5, 5, 4], 3.8.ad_n_aca 
(-3, 13, -44), [5, 5, 4], 3.8.ad_n_abs 
(-3, 13, -40), [5, 5, 0], 3.8.ad_n_abo 
(-3, 13, -36), [5, 5, 4], 3.8.ad_n_abk 
(-3, 13, -32), [5, 5, 0], 3.8.ad_n_abg 
(-3, 13, -28), [5, 5, 4], 3.8.ad_n_abc 
(-3, 13, -24), [5, 5, 0], 3.8.ad_n_ay 
(-3, 13, -16), [5, 5, 0], 3.8.ad_n_aq 
(-3, 15, -52), [5, 7, 4], 3.8.ad_p_aca 
(-3, 15, -44), [5, 7, 4], 3.8.ad_p_abs 
(-3, 15, -40), [5, 7, 0], 3.8.ad_p_abo 
(-3, 15, -36), [5, 7, 4], 3.8.ad_p_abk 
(-3, 15, -32), [5, 7, 0], 3.8.ad_p_abg 
(-3, 15, -24), [5, 7, 0], 3.8.ad_p_ay 
(-3, 17, -44), [5, 1, 4], 3.8.ad_r_abs 
(-3, 17, -40), [5, 1, 0], 3.8.ad_r_abo 
(-3, 17, -32), [5, 1, 0], 3.8.ad_r_abg 
(-3, 17, -28), [5, 1, 4], 3.8.ad_r_abc 
(-3, 19, -40), [5, 3, 0], 3.8.ad_t_abo 
(-3, 19, -36), [5, 3, 4], 3.8.ad_t_abk 
(-3, 21, -44), [5, 5, 4], 3.8.ad_v_abs 
(-3, 21, -40), [5, 5, 0], 3.8.ad_v_abo 
(-3, 23, -44), [5, 7, 4], 3.8.ad_x_abs 
(-2, -7, 28), [6, 1, 4], 3.8.ac_ah_bc 
(-2, -5, 16), [6, 3, 0], 3.8.ac_af_q 
(-2, -5, 24), [6, 3, 0], 3.8.ac_af_y 
(-2, -5, 32), [6, 3, 0], 3.8.ac_af_bg 
(-2, -5, 44), [6, 3, 4], 3.8.ac_af_bs 
(-2, -5, 48), [6, 3, 0], 3.8.ac_af_bw 
(-2, -1, 28), [6, 7, 4], 3.8.ac_ab_bc 
(-2, -1, 32), [6, 7, 0], 3.8.ac_ab_bg 
(-2, 3, -28), [6, 3, 4], 3.8.ac_d_abc 
(-2, 3, 12), [6, 3, 4], 3.8.ac_d_m 
(-2, 7, -48), [6, 7, 0], 3.8.ac_h_abw 
(-2, 15, -24), [6, 7, 0], 3.8.ac_p_ay 
(-2, 15, -16), [6, 7, 0], 3.8.ac_p_aq 
(-2, 19, -28), [6, 3, 4], 3.8.ac_t_abc 
(-1, -7, 12), [7, 1, 4], 3.8.ab_ah_m 
(-1, -7, 16), [7, 1, 0], 3.8.ab_ah_q 
(-1, -7, 20), [7, 1, 4], 3.8.ab_ah_u 
(-1, -5, 0), [7, 3, 0], 3.8.ab_af_a 
(-1, -5, 4), [7, 3, 4], 3.8.ab_af_e 
(-1, -5, 8), [7, 3, 0], 3.8.ab_af_i 
(-1, -5, 12), [7, 3, 4], 3.8.ab_af_m 
(-1, -5, 16), [7, 3, 0], 3.8.ab_af_q 
(-1, -5, 20), [7, 3, 4], 3.8.ab_af_u 
(-1, -5, 24), [7, 3, 0], 3.8.ab_af_y 
(-1, -5, 28), [7, 3, 4], 3.8.ab_af_bc 
(-1, -5, 32), [7, 3, 0], 3.8.ab_af_bg 
(-1, -3, -12), [7, 5, 4], 3.8.ab_ad_am 
(-1, -3, -8), [7, 5, 0], 3.8.ab_ad_ai 
(-1, -3, -4), [7, 5, 4], 3.8.ab_ad_ae 
(-1, -3, 0), [7, 5, 0], 3.8.ab_ad_a 
(-1, -3, 4), [7, 5, 4], 3.8.ab_ad_e 
(-1, -3, 8), [7, 5, 0], 3.8.ab_ad_i 
(-1, -3, 12), [7, 5, 4], 3.8.ab_ad_m 
(-1, -3, 16), [7, 5, 0], 3.8.ab_ad_q 
(-1, -3, 20), [7, 5, 4], 3.8.ab_ad_u 
(-1, -3, 24), [7, 5, 0], 3.8.ab_ad_y 
(-1, -3, 28), [7, 5, 4], 3.8.ab_ad_bc 
(-1, -3, 32), [7, 5, 0], 3.8.ab_ad_bg 
(-1, -3, 36), [7, 5, 4], 3.8.ab_ad_bk 
(-1, -3, 40), [7, 5, 0], 3.8.ab_ad_bo 
(-1, -1, -20), [7, 7, 4], 3.8.ab_ab_au 
(-1, -1, -12), [7, 7, 4], 3.8.ab_ab_am 
(-1, -1, -8), [7, 7, 0], 3.8.ab_ab_ai 
(-1, -1, -4), [7, 7, 4], 3.8.ab_ab_ae 
(-1, -1, 0), [7, 7, 0], 3.8.ab_ab_a 
(-1, -1, 4), [7, 7, 4], 3.8.ab_ab_e 
(-1, -1, 8), [7, 7, 0], 3.8.ab_ab_i 
(-1, -1, 12), [7, 7, 4], 3.8.ab_ab_m 
(-1, -1, 16), [7, 7, 0], 3.8.ab_ab_q 
(-1, -1, 20), [7, 7, 4], 3.8.ab_ab_u 
(-1, -1, 24), [7, 7, 0], 3.8.ab_ab_y 
(-1, -1, 28), [7, 7, 4], 3.8.ab_ab_bc 
(-1, -1, 32), [7, 7, 0], 3.8.ab_ab_bg 
(-1, -1, 40), [7, 7, 0], 3.8.ab_ab_bo 
(-1, 1, -32), [7, 1, 0], 3.8.ab_b_abg 
(-1, 1, -24), [7, 1, 0], 3.8.ab_b_ay 
(-1, 1, -20), [7, 1, 4], 3.8.ab_b_au 
(-1, 1, -12), [7, 1, 4], 3.8.ab_b_am 
(-1, 1, -8), [7, 1, 0], 3.8.ab_b_ai 
(-1, 1, -4), [7, 1, 4], 3.8.ab_b_ae 
(-1, 1, 0), [7, 1, 0], 3.8.ab_b_a 
(-1, 1, 4), [7, 1, 4], 3.8.ab_b_e 
(-1, 1, 8), [7, 1, 0], 3.8.ab_b_i 
(-1, 1, 12), [7, 1, 4], 3.8.ab_b_m 
(-1, 1, 16), [7, 1, 0], 3.8.ab_b_q 
(-1, 1, 20), [7, 1, 4], 3.8.ab_b_u 
(-1, 1, 24), [7, 1, 0], 3.8.ab_b_y 
(-1, 1, 32), [7, 1, 0], 3.8.ab_b_bg 
(-1, 3, -44), [7, 3, 4], 3.8.ab_d_abs 
(-1, 3, -40), [7, 3, 0], 3.8.ab_d_abo 
(-1, 3, -36), [7, 3, 4], 3.8.ab_d_abk 
(-1, 3, -32), [7, 3, 0], 3.8.ab_d_abg 
(-1, 3, -28), [7, 3, 4], 3.8.ab_d_abc 
(-1, 3, -24), [7, 3, 0], 3.8.ab_d_ay 
(-1, 3, -12), [7, 3, 4], 3.8.ab_d_am 
(-1, 3, -8), [7, 3, 0], 3.8.ab_d_ai 
(-1, 3, -4), [7, 3, 4], 3.8.ab_d_ae 
(-1, 3, 0), [7, 3, 0], 3.8.ab_d_a 
(-1, 3, 4), [7, 3, 4], 3.8.ab_d_e 
(-1, 3, 8), [7, 3, 0], 3.8.ab_d_i 
(-1, 3, 12), [7, 3, 4], 3.8.ab_d_m 
(-1, 3, 16), [7, 3, 0], 3.8.ab_d_q 
(-1, 3, 24), [7, 3, 0], 3.8.ab_d_y 
(-1, 3, 28), [7, 3, 4], 3.8.ab_d_bc 
(-1, 5, -40), [7, 5, 0], 3.8.ab_f_abo 
(-1, 5, -36), [7, 5, 4], 3.8.ab_f_abk 
(-1, 5, -32), [7, 5, 0], 3.8.ab_f_abg 
(-1, 5, -28), [7, 5, 4], 3.8.ab_f_abc 
(-1, 5, -24), [7, 5, 0], 3.8.ab_f_ay 
(-1, 5, -20), [7, 5, 4], 3.8.ab_f_au 
(-1, 5, -8), [7, 5, 0], 3.8.ab_f_ai 
(-1, 5, -4), [7, 5, 4], 3.8.ab_f_ae 
(-1, 5, 0), [7, 5, 0], 3.8.ab_f_a 
(-1, 5, 4), [7, 5, 4], 3.8.ab_f_e 
(-1, 5, 8), [7, 5, 0], 3.8.ab_f_i 
(-1, 5, 16), [7, 5, 0], 3.8.ab_f_q 
(-1, 5, 20), [7, 5, 4], 3.8.ab_f_u 
(-1, 7, -36), [7, 7, 4], 3.8.ab_h_abk 
(-1, 7, -32), [7, 7, 0], 3.8.ab_h_abg 
(-1, 7, -28), [7, 7, 4], 3.8.ab_h_abc 
(-1, 7, -24), [7, 7, 0], 3.8.ab_h_ay 
(-1, 7, -20), [7, 7, 4], 3.8.ab_h_au 
(-1, 7, -12), [7, 7, 4], 3.8.ab_h_am 
(-1, 7, -8), [7, 7, 0], 3.8.ab_h_ai 
(-1, 7, 0), [7, 7, 0], 3.8.ab_h_a 
(-1, 7, 8), [7, 7, 0], 3.8.ab_h_i 
(-1, 7, 12), [7, 7, 4], 3.8.ab_h_m 
(-1, 7, 16), [7, 7, 0], 3.8.ab_h_q 
(-1, 9, -32), [7, 1, 0], 3.8.ab_j_abg 
(-1, 9, -28), [7, 1, 4], 3.8.ab_j_abc 
(-1, 9, -24), [7, 1, 0], 3.8.ab_j_ay 
(-1, 9, -20), [7, 1, 4], 3.8.ab_j_au 
(-1, 9, -12), [7, 1, 4], 3.8.ab_j_am 
(-1, 9, -8), [7, 1, 0], 3.8.ab_j_ai 
(-1, 9, 0), [7, 1, 0], 3.8.ab_j_a 
(-1, 9, 8), [7, 1, 0], 3.8.ab_j_i 
(-1, 9, 12), [7, 1, 4], 3.8.ab_j_m 
(-1, 11, -28), [7, 3, 4], 3.8.ab_l_abc 
(-1, 11, -24), [7, 3, 0], 3.8.ab_l_ay 
(-1, 11, -20), [7, 3, 4], 3.8.ab_l_au 
(-1, 11, -8), [7, 3, 0], 3.8.ab_l_ai 
(-1, 11, -4), [7, 3, 4], 3.8.ab_l_ae 
(-1, 11, 0), [7, 3, 0], 3.8.ab_l_a 
(-1, 11, 4), [7, 3, 4], 3.8.ab_l_e 
(-1, 13, -24), [7, 5, 0], 3.8.ab_n_ay 
(-1, 13, -12), [7, 5, 4], 3.8.ab_n_am 
(-1, 13, -8), [7, 5, 0], 3.8.ab_n_ai 
(-1, 13, -4), [7, 5, 4], 3.8.ab_n_ae 
(-1, 13, 0), [7, 5, 0], 3.8.ab_n_a 
(-1, 15, -20), [7, 7, 4], 3.8.ab_p_au 
(-1, 15, -12), [7, 7, 4], 3.8.ab_p_am 
(-1, 15, -8), [7, 7, 0], 3.8.ab_p_ai 
(-1, 15, -4), [7, 7, 4], 3.8.ab_p_ae 
(-1, 17, -20), [7, 1, 4], 3.8.ab_r_au 
(-1, 17, -12), [7, 1, 4], 3.8.ab_r_am 
(-1, 17, -8), [7, 1, 0], 3.8.ab_r_ai 
(-1, 19, -12), [7, 3, 4], 3.8.ab_t_am 
(0, -7, -4), [0, 1, 4], 3.8.a_ah_ae 
(0, -7, 4), [0, 1, 4], 3.8.a_ah_e 
(0, -3, -20), [0, 5, 4], 3.8.a_ad_au 
(0, -3, 20), [0, 5, 4], 3.8.a_ad_u 
(0, 1, -40), [0, 1, 0], 3.8.a_b_abo 
(0, 1, -36), [0, 1, 4], 3.8.a_b_abk 
(0, 1, 36), [0, 1, 4], 3.8.a_b_bk 
(0, 1, 40), [0, 1, 0], 3.8.a_b_bo 
(0, 5, -24), [0, 5, 0], 3.8.a_f_ay 
(0, 5, 24), [0, 5, 0], 3.8.a_f_y 
(0, 9, -20), [0, 1, 4], 3.8.a_j_au 
(0, 9, 20), [0, 1, 4], 3.8.a_j_u 
(0, 13, -12), [0, 5, 4], 3.8.a_n_am 
(0, 13, 12), [0, 5, 4], 3.8.a_n_m 
(0, 15, -4), [0, 7, 4], 3.8.a_p_ae 
(0, 15, 4), [0, 7, 4], 3.8.a_p_e 
(1, -7, -20), [1, 1, 4], 3.8.b_ah_au 
(1, -7, -16), [1, 1, 0], 3.8.b_ah_aq 
(1, -7, -12), [1, 1, 4], 3.8.b_ah_am 
(1, -5, -32), [1, 3, 0], 3.8.b_af_abg 
(1, -5, -28), [1, 3, 4], 3.8.b_af_abc 
(1, -5, -24), [1, 3, 0], 3.8.b_af_ay 
(1, -5, -20), [1, 3, 4], 3.8.b_af_au 
(1, -5, -16), [1, 3, 0], 3.8.b_af_aq 
(1, -5, -12), [1, 3, 4], 3.8.b_af_am 
(1, -5, -8), [1, 3, 0], 3.8.b_af_ai 
(1, -5, -4), [1, 3, 4], 3.8.b_af_ae 
(1, -5, 0), [1, 3, 0], 3.8.b_af_a 
(1, -3, -40), [1, 5, 0], 3.8.b_ad_abo 
(1, -3, -36), [1, 5, 4], 3.8.b_ad_abk 
(1, -3, -32), [1, 5, 0], 3.8.b_ad_abg 
(1, -3, -28), [1, 5, 4], 3.8.b_ad_abc 
(1, -3, -24), [1, 5, 0], 3.8.b_ad_ay 
(1, -3, -20), [1, 5, 4], 3.8.b_ad_au 
(1, -3, -16), [1, 5, 0], 3.8.b_ad_aq 
(1, -3, -12), [1, 5, 4], 3.8.b_ad_am 
(1, -3, -8), [1, 5, 0], 3.8.b_ad_ai 
(1, -3, -4), [1, 5, 4], 3.8.b_ad_ae 
(1, -3, 0), [1, 5, 0], 3.8.b_ad_a 
(1, -3, 4), [1, 5, 4], 3.8.b_ad_e 
(1, -3, 8), [1, 5, 0], 3.8.b_ad_i 
(1, -3, 12), [1, 5, 4], 3.8.b_ad_m 
(1, -1, -40), [1, 7, 0], 3.8.b_ab_abo 
(1, -1, -32), [1, 7, 0], 3.8.b_ab_abg 
(1, -1, -28), [1, 7, 4], 3.8.b_ab_abc 
(1, -1, -24), [1, 7, 0], 3.8.b_ab_ay 
(1, -1, -20), [1, 7, 4], 3.8.b_ab_au 
(1, -1, -16), [1, 7, 0], 3.8.b_ab_aq 
(1, -1, -12), [1, 7, 4], 3.8.b_ab_am 
(1, -1, -8), [1, 7, 0], 3.8.b_ab_ai 
(1, -1, -4), [1, 7, 4], 3.8.b_ab_ae 
(1, -1, 0), [1, 7, 0], 3.8.b_ab_a 
(1, -1, 4), [1, 7, 4], 3.8.b_ab_e 
(1, -1, 8), [1, 7, 0], 3.8.b_ab_i 
(1, -1, 12), [1, 7, 4], 3.8.b_ab_m 
(1, -1, 20), [1, 7, 4], 3.8.b_ab_u 
(1, 1, -32), [1, 1, 0], 3.8.b_b_abg 
(1, 1, -24), [1, 1, 0], 3.8.b_b_ay 
(1, 1, -20), [1, 1, 4], 3.8.b_b_au 
(1, 1, -16), [1, 1, 0], 3.8.b_b_aq 
(1, 1, -12), [1, 1, 4], 3.8.b_b_am 
(1, 1, -8), [1, 1, 0], 3.8.b_b_ai 
(1, 1, -4), [1, 1, 4], 3.8.b_b_ae 
(1, 1, 0), [1, 1, 0], 3.8.b_b_a 
(1, 1, 4), [1, 1, 4], 3.8.b_b_e 
(1, 1, 8), [1, 1, 0], 3.8.b_b_i 
(1, 1, 12), [1, 1, 4], 3.8.b_b_m 
(1, 1, 20), [1, 1, 4], 3.8.b_b_u 
(1, 1, 24), [1, 1, 0], 3.8.b_b_y 
(1, 1, 32), [1, 1, 0], 3.8.b_b_bg 
(1, 3, -28), [1, 3, 4], 3.8.b_d_abc 
(1, 3, -24), [1, 3, 0], 3.8.b_d_ay 
(1, 3, -16), [1, 3, 0], 3.8.b_d_aq 
(1, 3, -12), [1, 3, 4], 3.8.b_d_am 
(1, 3, -8), [1, 3, 0], 3.8.b_d_ai 
(1, 3, -4), [1, 3, 4], 3.8.b_d_ae 
(1, 3, 0), [1, 3, 0], 3.8.b_d_a 
(1, 3, 4), [1, 3, 4], 3.8.b_d_e 
(1, 3, 8), [1, 3, 0], 3.8.b_d_i 
(1, 3, 12), [1, 3, 4], 3.8.b_d_m 
(1, 3, 24), [1, 3, 0], 3.8.b_d_y 
(1, 3, 28), [1, 3, 4], 3.8.b_d_bc 
(1, 3, 32), [1, 3, 0], 3.8.b_d_bg 
(1, 3, 36), [1, 3, 4], 3.8.b_d_bk 
(1, 3, 40), [1, 3, 0], 3.8.b_d_bo 
(1, 3, 44), [1, 3, 4], 3.8.b_d_bs 
(1, 5, -20), [1, 5, 4], 3.8.b_f_au 
(1, 5, -16), [1, 5, 0], 3.8.b_f_aq 
(1, 5, -8), [1, 5, 0], 3.8.b_f_ai 
(1, 5, -4), [1, 5, 4], 3.8.b_f_ae 
(1, 5, 0), [1, 5, 0], 3.8.b_f_a 
(1, 5, 4), [1, 5, 4], 3.8.b_f_e 
(1, 5, 8), [1, 5, 0], 3.8.b_f_i 
(1, 5, 20), [1, 5, 4], 3.8.b_f_u 
(1, 5, 24), [1, 5, 0], 3.8.b_f_y 
(1, 5, 28), [1, 5, 4], 3.8.b_f_bc 
(1, 5, 32), [1, 5, 0], 3.8.b_f_bg 
(1, 5, 36), [1, 5, 4], 3.8.b_f_bk 
(1, 5, 40), [1, 5, 0], 3.8.b_f_bo 
(1, 7, -16), [1, 7, 0], 3.8.b_h_aq 
(1, 7, -12), [1, 7, 4], 3.8.b_h_am 
(1, 7, -8), [1, 7, 0], 3.8.b_h_ai 
(1, 7, 0), [1, 7, 0], 3.8.b_h_a 
(1, 7, 8), [1, 7, 0], 3.8.b_h_i 
(1, 7, 12), [1, 7, 4], 3.8.b_h_m 
(1, 7, 20), [1, 7, 4], 3.8.b_h_u 
(1, 7, 24), [1, 7, 0], 3.8.b_h_y 
(1, 7, 28), [1, 7, 4], 3.8.b_h_bc 
(1, 7, 32), [1, 7, 0], 3.8.b_h_bg 
(1, 7, 36), [1, 7, 4], 3.8.b_h_bk 
(1, 9, -12), [1, 1, 4], 3.8.b_j_am 
(1, 9, -8), [1, 1, 0], 3.8.b_j_ai 
(1, 9, 0), [1, 1, 0], 3.8.b_j_a 
(1, 9, 8), [1, 1, 0], 3.8.b_j_i 
(1, 9, 12), [1, 1, 4], 3.8.b_j_m 
(1, 9, 20), [1, 1, 4], 3.8.b_j_u 
(1, 9, 24), [1, 1, 0], 3.8.b_j_y 
(1, 9, 28), [1, 1, 4], 3.8.b_j_bc 
(1, 9, 32), [1, 1, 0], 3.8.b_j_bg 
(1, 11, -4), [1, 3, 4], 3.8.b_l_ae 
(1, 11, 0), [1, 3, 0], 3.8.b_l_a 
(1, 11, 4), [1, 3, 4], 3.8.b_l_e 
(1, 11, 8), [1, 3, 0], 3.8.b_l_i 
(1, 11, 20), [1, 3, 4], 3.8.b_l_u 
(1, 11, 24), [1, 3, 0], 3.8.b_l_y 
(1, 11, 28), [1, 3, 4], 3.8.b_l_bc 
(1, 13, 0), [1, 5, 0], 3.8.b_n_a 
(1, 13, 4), [1, 5, 4], 3.8.b_n_e 
(1, 13, 8), [1, 5, 0], 3.8.b_n_i 
(1, 13, 12), [1, 5, 4], 3.8.b_n_m 
(1, 13, 24), [1, 5, 0], 3.8.b_n_y 
(1, 15, 4), [1, 7, 4], 3.8.b_p_e 
(1, 15, 8), [1, 7, 0], 3.8.b_p_i 
(1, 15, 12), [1, 7, 4], 3.8.b_p_m 
(1, 15, 20), [1, 7, 4], 3.8.b_p_u 
(1, 17, 8), [1, 1, 0], 3.8.b_r_i 
(1, 17, 12), [1, 1, 4], 3.8.b_r_m 
(1, 17, 20), [1, 1, 4], 3.8.b_r_u 
(1, 19, 12), [1, 3, 4], 3.8.b_t_m 
(2, -7, -28), [2, 1, 4], 3.8.c_ah_abc 
(2, -5, -48), [2, 3, 0], 3.8.c_af_abw 
(2, -5, -44), [2, 3, 4], 3.8.c_af_abs 
(2, -5, -32), [2, 3, 0], 3.8.c_af_abg 
(2, -5, -24), [2, 3, 0], 3.8.c_af_ay 
(2, -5, -16), [2, 3, 0], 3.8.c_af_aq 
(2, -1, -32), [2, 7, 0], 3.8.c_ab_abg 
(2, -1, -28), [2, 7, 4], 3.8.c_ab_abc 
(2, 3, -12), [2, 3, 4], 3.8.c_d_am 
(2, 3, 28), [2, 3, 4], 3.8.c_d_bc 
(2, 7, 48), [2, 7, 0], 3.8.c_h_bw 
(2, 15, 16), [2, 7, 0], 3.8.c_p_q 
(2, 15, 24), [2, 7, 0], 3.8.c_p_y 
(2, 19, 28), [2, 3, 4], 3.8.c_t_bc 
(3, -7, -52), [3, 1, 4], 3.8.d_ah_aca 
(3, -7, -48), [3, 1, 0], 3.8.d_ah_abw 
(3, -7, -44), [3, 1, 4], 3.8.d_ah_abs 
(3, -5, -48), [3, 3, 0], 3.8.d_af_abw 
(3, -5, -44), [3, 3, 4], 3.8.d_af_abs 
(3, -5, -40), [3, 3, 0], 3.8.d_af_abo 
(3, -5, -36), [3, 3, 4], 3.8.d_af_abk 
(3, -5, -32), [3, 3, 0], 3.8.d_af_abg 
(3, -3, -40), [3, 5, 0], 3.8.d_ad_abo 
(3, -3, -36), [3, 5, 4], 3.8.d_ad_abk 
(3, -3, -32), [3, 5, 0], 3.8.d_ad_abg 
(3, -3, -28), [3, 5, 4], 3.8.d_ad_abc 
(3, -3, -24), [3, 5, 0], 3.8.d_ad_ay 
(3, -3, -20), [3, 5, 4], 3.8.d_ad_au 
(3, -1, -32), [3, 7, 0], 3.8.d_ab_abg 
(3, -1, -28), [3, 7, 4], 3.8.d_ab_abc 
(3, -1, -24), [3, 7, 0], 3.8.d_ab_ay 
(3, -1, -20), [3, 7, 4], 3.8.d_ab_au 
(3, -1, -16), [3, 7, 0], 3.8.d_ab_aq 
(3, -1, -12), [3, 7, 4], 3.8.d_ab_am 
(3, 1, -24), [3, 1, 0], 3.8.d_b_ay 
(3, 1, -20), [3, 1, 4], 3.8.d_b_au 
(3, 1, -16), [3, 1, 0], 3.8.d_b_aq 
(3, 1, -12), [3, 1, 4], 3.8.d_b_am 
(3, 1, -8), [3, 1, 0], 3.8.d_b_ai 
(3, 1, -4), [3, 1, 4], 3.8.d_b_ae 
(3, 1, 0), [3, 1, 0], 3.8.d_b_a 
(3, 3, -16), [3, 3, 0], 3.8.d_d_aq 
(3, 3, -12), [3, 3, 4], 3.8.d_d_am 
(3, 3, -8), [3, 3, 0], 3.8.d_d_ai 
(3, 3, -4), [3, 3, 4], 3.8.d_d_ae 
(3, 3, 0), [3, 3, 0], 3.8.d_d_a 
(3, 3, 4), [3, 3, 4], 3.8.d_d_e 
(3, 3, 8), [3, 3, 0], 3.8.d_d_i 
(3, 3, 12), [3, 3, 4], 3.8.d_d_m 
(3, 5, -8), [3, 5, 0], 3.8.d_f_ai 
(3, 5, -4), [3, 5, 4], 3.8.d_f_ae 
(3, 5, 0), [3, 5, 0], 3.8.d_f_a 
(3, 5, 4), [3, 5, 4], 3.8.d_f_e 
(3, 5, 8), [3, 5, 0], 3.8.d_f_i 
(3, 5, 16), [3, 5, 0], 3.8.d_f_q 
(3, 5, 20), [3, 5, 4], 3.8.d_f_u 
(3, 5, 24), [3, 5, 0], 3.8.d_f_y 
(3, 7, 0), [3, 7, 0], 3.8.d_h_a 
(3, 7, 8), [3, 7, 0], 3.8.d_h_i 
(3, 7, 12), [3, 7, 4], 3.8.d_h_m 
(3, 7, 16), [3, 7, 0], 3.8.d_h_q 
(3, 7, 20), [3, 7, 4], 3.8.d_h_u 
(3, 7, 24), [3, 7, 0], 3.8.d_h_y 
(3, 7, 28), [3, 7, 4], 3.8.d_h_bc 
(3, 7, 32), [3, 7, 0], 3.8.d_h_bg 
(3, 7, 36), [3, 7, 4], 3.8.d_h_bk 
(3, 9, 8), [3, 1, 0], 3.8.d_j_i 
(3, 9, 12), [3, 1, 4], 3.8.d_j_m 
(3, 9, 16), [3, 1, 0], 3.8.d_j_q 
(3, 9, 20), [3, 1, 4], 3.8.d_j_u 
(3, 9, 24), [3, 1, 0], 3.8.d_j_y 
(3, 9, 28), [3, 1, 4], 3.8.d_j_bc 
(3, 9, 32), [3, 1, 0], 3.8.d_j_bg 
(3, 9, 36), [3, 1, 4], 3.8.d_j_bk 
(3, 9, 40), [3, 1, 0], 3.8.d_j_bo 
(3, 9, 44), [3, 1, 4], 3.8.d_j_bs 
(3, 11, 16), [3, 3, 0], 3.8.d_l_q 
(3, 11, 20), [3, 3, 4], 3.8.d_l_u 
(3, 11, 24), [3, 3, 0], 3.8.d_l_y 
(3, 11, 28), [3, 3, 4], 3.8.d_l_bc 
(3, 11, 32), [3, 3, 0], 3.8.d_l_bg 
(3, 11, 36), [3, 3, 4], 3.8.d_l_bk 
(3, 11, 40), [3, 3, 0], 3.8.d_l_bo 
(3, 11, 44), [3, 3, 4], 3.8.d_l_bs 
(3, 11, 52), [3, 3, 4], 3.8.d_l_ca 
(3, 11, 56), [3, 3, 0], 3.8.d_l_ce 
(3, 13, 16), [3, 5, 0], 3.8.d_n_q 
(3, 13, 24), [3, 5, 0], 3.8.d_n_y 
(3, 13, 28), [3, 5, 4], 3.8.d_n_bc 
(3, 13, 32), [3, 5, 0], 3.8.d_n_bg 
(3, 13, 36), [3, 5, 4], 3.8.d_n_bk 
(3, 13, 40), [3, 5, 0], 3.8.d_n_bo 
(3, 13, 44), [3, 5, 4], 3.8.d_n_bs 
(3, 13, 52), [3, 5, 4], 3.8.d_n_ca 
(3, 15, 24), [3, 7, 0], 3.8.d_p_y 
(3, 15, 32), [3, 7, 0], 3.8.d_p_bg 
(3, 15, 36), [3, 7, 4], 3.8.d_p_bk 
(3, 15, 40), [3, 7, 0], 3.8.d_p_bo 
(3, 15, 44), [3, 7, 4], 3.8.d_p_bs 
(3, 15, 52), [3, 7, 4], 3.8.d_p_ca 
(3, 17, 28), [3, 1, 4], 3.8.d_r_bc 
(3, 17, 32), [3, 1, 0], 3.8.d_r_bg 
(3, 17, 40), [3, 1, 0], 3.8.d_r_bo 
(3, 17, 44), [3, 1, 4], 3.8.d_r_bs 
(3, 19, 36), [3, 3, 4], 3.8.d_t_bk 
(3, 19, 40), [3, 3, 0], 3.8.d_t_bo 
(3, 21, 40), [3, 5, 0], 3.8.d_v_bo 
(3, 21, 44), [3, 5, 4], 3.8.d_v_bs 
(3, 23, 44), [3, 7, 4], 3.8.d_x_bs 
(4, -7, -64), [4, 1, 0], 3.8.e_ah_acm 
(4, -3, -40), [4, 5, 0], 3.8.e_ad_abo 
(4, -3, -36), [4, 5, 4], 3.8.e_ad_abk 
(4, 1, -20), [4, 1, 4], 3.8.e_b_au 
(4, 5, 0), [4, 5, 0], 3.8.e_f_a 
(4, 9, 20), [4, 1, 4], 3.8.e_j_u 
(4, 9, 24), [4, 1, 0], 3.8.e_j_y 
(4, 9, 32), [4, 1, 0], 3.8.e_j_bg 
(4, 13, 44), [4, 5, 4], 3.8.e_n_bs 
(4, 15, 56), [4, 7, 0], 3.8.e_p_ce 
(4, 17, 48), [4, 1, 0], 3.8.e_r_bw 
(4, 21, 56), [4, 5, 0], 3.8.e_v_ce 
(4, 25, 60), [4, 1, 4], 3.8.e_z_ci 
(5, -5, -64), [5, 3, 0], 3.8.f_af_acm 
(5, -3, -52), [5, 5, 4], 3.8.f_ad_aca 
(5, -1, -44), [5, 7, 4], 3.8.f_ab_abs 
(5, 1, -32), [5, 1, 0], 3.8.f_b_abg 
(5, 3, -24), [5, 3, 0], 3.8.f_d_ay 
(5, 5, -8), [5, 5, 0], 3.8.f_f_ai 
(5, 7, 0), [5, 7, 0], 3.8.f_h_a 
(5, 9, 8), [5, 1, 0], 3.8.f_j_i 
(5, 9, 12), [5, 1, 4], 3.8.f_j_m 
(5, 9, 16), [5, 1, 0], 3.8.f_j_q 
(5, 11, 16), [5, 3, 0], 3.8.f_l_q 
(5, 11, 20), [5, 3, 4], 3.8.f_l_u 
(5, 11, 24), [5, 3, 0], 3.8.f_l_y 
(5, 13, 24), [5, 5, 0], 3.8.f_n_y 
(5, 13, 28), [5, 5, 4], 3.8.f_n_bc 
(5, 13, 32), [5, 5, 0], 3.8.f_n_bg 
(5, 13, 36), [5, 5, 4], 3.8.f_n_bk 
(5, 15, 32), [5, 7, 0], 3.8.f_p_bg 
(5, 15, 36), [5, 7, 4], 3.8.f_p_bk 
(5, 15, 40), [5, 7, 0], 3.8.f_p_bo 
(5, 15, 44), [5, 7, 4], 3.8.f_p_bs 
(5, 15, 48), [5, 7, 0], 3.8.f_p_bw 
(5, 17, 40), [5, 1, 0], 3.8.f_r_bo 
(5, 17, 44), [5, 1, 4], 3.8.f_r_bs 
(5, 17, 48), [5, 1, 0], 3.8.f_r_bw 
(5, 17, 52), [5, 1, 4], 3.8.f_r_ca 
(5, 17, 56), [5, 1, 0], 3.8.f_r_ce 
(5, 17, 60), [5, 1, 4], 3.8.f_r_ci 
(5, 19, 48), [5, 3, 0], 3.8.f_t_bw 
(5, 19, 52), [5, 3, 4], 3.8.f_t_ca 
(5, 19, 56), [5, 3, 0], 3.8.f_t_ce 
(5, 19, 60), [5, 3, 4], 3.8.f_t_ci 
(5, 19, 64), [5, 3, 0], 3.8.f_t_cm 
(5, 19, 68), [5, 3, 4], 3.8.f_t_cq 
(5, 19, 72), [5, 3, 0], 3.8.f_t_cu 
(5, 21, 56), [5, 5, 0], 3.8.f_v_ce 
(5, 21, 60), [5, 5, 4], 3.8.f_v_ci 
(5, 21, 64), [5, 5, 0], 3.8.f_v_cm 
(5, 21, 68), [5, 5, 4], 3.8.f_v_cq 
(5, 21, 72), [5, 5, 0], 3.8.f_v_cu 
(5, 21, 76), [5, 5, 4], 3.8.f_v_cy 
(5, 23, 64), [5, 7, 0], 3.8.f_x_cm 
(5, 23, 68), [5, 7, 4], 3.8.f_x_cq 
(5, 23, 72), [5, 7, 0], 3.8.f_x_cu 
(5, 23, 76), [5, 7, 4], 3.8.f_x_cy 
(5, 25, 72), [5, 1, 0], 3.8.f_z_cu 
(5, 25, 76), [5, 1, 4], 3.8.f_z_cy 
(5, 27, 72), [5, 3, 0], 3.8.f_bb_cu 
(6, 7, -12), [6, 7, 4], 3.8.g_h_am 
(6, 9, 0), [6, 1, 0], 3.8.g_j_a 
(6, 15, 32), [6, 7, 0], 3.8.g_p_bg 
(6, 19, 56), [6, 3, 0], 3.8.g_t_ce 
(6, 27, 80), [6, 3, 0], 3.8.g_bb_dc 
(7, 17, 28), [7, 1, 4], 3.8.h_r_bc 
(7, 19, 40), [7, 3, 0], 3.8.h_t_bo 
(7, 21, 48), [7, 5, 0], 3.8.h_v_bw 
(7, 25, 72), [7, 1, 0], 3.8.h_z_cu 
(7, 27, 80), [7, 3, 0], 3.8.h_bb_dc 
(7, 27, 84), [7, 3, 4], 3.8.h_bb_dg 
(7, 29, 88), [7, 5, 0], 3.8.h_bd_dk 
(7, 29, 92), [7, 5, 4], 3.8.h_bd_do 
(7, 29, 96), [7, 5, 0], 3.8.h_bd_ds 
(7, 31, 96), [7, 7, 0], 3.8.h_bf_ds 
(7, 31, 100), [7, 7, 4], 3.8.h_bf_dw 
(7, 31, 104), [7, 7, 0], 3.8.h_bf_ea 
(7, 31, 108), [7, 7, 4], 3.8.h_bf_ee 
(7, 33, 104), [7, 1, 0], 3.8.h_bh_ea 
(7, 33, 108), [7, 1, 4], 3.8.h_bh_ee 
(7, 35, 116), [7, 3, 4], 3.8.h_bj_em 
(8, 29, 80), [0, 5, 0], 3.8.i_bd_dc 
(8, 37, 120), [0, 5, 0], 3.8.i_bl_eq 
(8, 39, 132), [0, 7, 4], 3.8.i_bn_fc 
(9, 39, 120), [1, 7, 0], 3.8.j_bn_eq 
(9, 45, 152), [1, 5, 0], 3.8.j_bt_fw 
(9, 47, 160), [1, 7, 0], 3.8.j_bv_ge 
