(-6, -11, 51), [2, 1, 3], 3.11.ar_ey_avc 
(-6, -10, 45), [2, 2, 1], 3.11.aq_em_asw 
(-5, -11, 51), [3, 1, 3], 3.11.aq_en_atd 
(-6, -9, 38), [2, 3, 2], 3.11.ap_dz_aqk 
(-6, -9, 39), [2, 3, 3], 3.11.ap_ea_aqq 
(-4, -11, 51), [0, 1, 3], 3.11.ap_ec_are 
(-5, -10, 45), [3, 2, 1], 3.11.ap_ec_ard 
(-6, -9, 41), [2, 3, 1], 3.11.ap_ec_arc 
(-6, -8, 32), [2, 0, 0], 3.11.ao_dn_aoe 
(-5, -9, 38), [3, 3, 2], 3.11.ao_dq_aoy 
(-6, -8, 35), [2, 0, 3], 3.11.ao_dq_aow 
(-3, -11, 51), [1, 1, 3], 3.11.ao_dr_apf 
(-5, -9, 39), [3, 3, 3], 3.11.ao_dr_apd 
(-6, -8, 36), [2, 0, 0], 3.11.ao_dr_apc 
(-4, -10, 45), [0, 2, 1], 3.11.ao_ds_apk 
(-5, -9, 41), [3, 3, 1], 3.11.ao_dt_apn 
(-6, -7, 25), [2, 1, 1], 3.11.an_da_als 
(-6, -7, 26), [2, 1, 2], 3.11.an_db_aly 
(-6, -7, 27), [2, 1, 3], 3.11.an_dc_ame 
(-6, -7, 29), [2, 1, 1], 3.11.an_de_amq 
(-5, -8, 32), [3, 0, 0], 3.11.an_df_amy 
(-6, -7, 30), [2, 1, 2], 3.11.an_df_amw 
(-2, -11, 51), [2, 1, 3], 3.11.an_dg_ang 
(-6, -7, 31), [2, 1, 3], 3.11.an_dg_anc 
(-4, -9, 38), [0, 3, 2], 3.11.an_dh_anm 
(-3, -10, 45), [1, 2, 1], 3.11.an_di_anr 
(-4, -9, 39), [0, 3, 3], 3.11.an_di_anq 
(-5, -8, 35), [3, 0, 3], 3.11.an_di_ann 
(-5, -8, 36), [3, 0, 0], 3.11.an_dj_ans 
(-4, -9, 41), [0, 3, 1], 3.11.an_dk_any 
(-6, -6, 18), [2, 2, 2], 3.11.am_cn_ajg 
(-6, -6, 19), [2, 2, 3], 3.11.am_co_ajm 
(-6, -6, 21), [2, 2, 1], 3.11.am_cq_ajy 
(-6, -6, 23), [2, 2, 3], 3.11.am_cs_akk 
(-5, -7, 25), [3, 1, 1], 3.11.am_ct_akt 
(-6, -6, 24), [2, 2, 0], 3.11.am_ct_akq 
(-6, -6, 25), [2, 2, 1], 3.11.am_cu_akw 
(-1, -11, 51), [3, 1, 3], 3.11.am_cv_alh 
(-5, -7, 27), [3, 1, 3], 3.11.am_cv_ald 
(-5, -7, 29), [3, 1, 1], 3.11.am_cx_aln 
(-2, -10, 45), [2, 2, 1], 3.11.am_cy_aly 
(-6, -6, 29), [2, 2, 1], 3.11.am_cy_alu 
(-5, -7, 30), [3, 1, 2], 3.11.am_cy_als 
(-3, -9, 39), [1, 3, 3], 3.11.am_cz_amd 
(-5, -7, 31), [3, 1, 3], 3.11.am_cz_alx 
(-4, -8, 35), [0, 0, 3], 3.11.am_da_ame 
(-3, -9, 41), [1, 3, 1], 3.11.am_db_amj 
(-4, -8, 36), [0, 0, 0], 3.11.am_db_ami 
(-6, -5, 13), [2, 3, 1], 3.11.al_cc_ahg 
(-6, -5, 14), [2, 3, 2], 3.11.al_cd_ahm 
(-6, -5, 15), [2, 3, 3], 3.11.al_ce_ahs 
(-6, -5, 17), [2, 3, 1], 3.11.al_cg_aie 
(-6, -5, 18), [2, 3, 2], 3.11.al_ch_aik 
(-5, -6, 19), [3, 2, 3], 3.11.al_ci_ait 
(-6, -5, 19), [2, 3, 3], 3.11.al_ci_aiq 
(-6, -5, 20), [2, 3, 0], 3.11.al_cj_aiw 
(-5, -6, 21), [3, 2, 1], 3.11.al_ck_ajd 
(-5, -6, 23), [3, 2, 3], 3.11.al_cm_ajn 
(-5, -6, 24), [3, 2, 0], 3.11.al_cn_ajs 
(-1, -10, 45), [3, 2, 1], 3.11.al_co_akf 
(-5, -6, 25), [3, 2, 1], 3.11.al_co_ajx 
(-2, -9, 38), [2, 3, 2], 3.11.al_cp_ako 
(-3, -8, 32), [1, 0, 0], 3.11.al_cp_akm 
(-5, -6, 26), [3, 2, 2], 3.11.al_cp_akc 
(-2, -9, 39), [2, 3, 3], 3.11.al_cq_akq 
(-5, -6, 28), [3, 2, 0], 3.11.al_cr_akm 
(-3, -8, 35), [1, 0, 3], 3.11.al_cs_akv 
(-2, -9, 41), [2, 3, 1], 3.11.al_cs_aku 
(-4, -7, 31), [0, 1, 3], 3.11.al_cs_aks 
(-5, -6, 29), [3, 2, 1], 3.11.al_cs_akr 
(-3, -8, 36), [1, 0, 0], 3.11.al_ct_aky 
(-6, -4, 5), [2, 0, 1], 3.11.ak_bo_aeo 
(-6, -4, 7), [2, 0, 3], 3.11.ak_bq_afa 
(-6, -4, 9), [2, 0, 1], 3.11.ak_bs_afm 
(-6, -4, 15), [2, 0, 3], 3.11.ak_by_agw 
(-6, -4, 19), [2, 0, 3], 3.11.ak_cc_ahu 
(-5, -5, 19), [3, 3, 3], 3.11.ak_cd_ahx 
(-5, -5, 21), [3, 3, 1], 3.11.ak_cf_aih 
(-2, -8, 32), [2, 0, 0], 3.11.ak_ch_ajg 
(-1, -9, 39), [3, 3, 3], 3.11.ak_ch_ajd 
(-5, -5, 23), [3, 3, 3], 3.11.ak_ch_air 
(-5, -5, 25), [3, 3, 1], 3.11.ak_cj_ajb 
(-2, -8, 35), [2, 0, 3], 3.11.ak_ck_ajm 
(-3, -7, 31), [1, 1, 3], 3.11.ak_cl_ajn 
(-4, -6, 29), [0, 2, 1], 3.11.ak_cm_ajo 
(-6, -3, 1), [2, 1, 1], 3.11.aj_be_acu 
(-6, -3, 2), [2, 1, 2], 3.11.aj_bf_ada 
(-6, -3, 3), [2, 1, 3], 3.11.aj_bg_adg 
(-6, -3, 5), [2, 1, 1], 3.11.aj_bi_ads 
(-6, -3, 6), [2, 1, 2], 3.11.aj_bj_ady 
(-5, -4, 5), [3, 0, 1], 3.11.aj_bk_aej 
(-6, -3, 7), [2, 1, 3], 3.11.aj_bk_aee 
(-5, -4, 7), [3, 0, 3], 3.11.aj_bm_aet 
(-6, -3, 9), [2, 1, 1], 3.11.aj_bm_aeq 
(-5, -4, 9), [3, 0, 1], 3.11.aj_bo_afd 
(-5, -4, 13), [3, 0, 1], 3.11.aj_bs_afx 
(-5, -4, 14), [3, 0, 2], 3.11.aj_bt_agc 
(1, -10, 45), [1, 2, 1], 3.11.aj_bu_agt 
(-5, -4, 15), [3, 0, 3], 3.11.aj_bu_agh 
(-5, -4, 16), [3, 0, 0], 3.11.aj_bv_agm 
(-3, -6, 19), [1, 2, 3], 3.11.aj_bw_ahh 
(-5, -4, 18), [3, 0, 2], 3.11.aj_bx_agw 
(-3, -6, 21), [1, 2, 1], 3.11.aj_by_ahn 
(-5, -4, 19), [3, 0, 3], 3.11.aj_by_ahb 
(-1, -8, 32), [3, 0, 0], 3.11.aj_bz_aia 
(-5, -4, 20), [3, 0, 0], 3.11.aj_bz_ahg 
(-3, -6, 23), [1, 2, 3], 3.11.aj_ca_aht 
(-5, -4, 21), [3, 0, 1], 3.11.aj_ca_ahl 
(-2, -7, 29), [2, 1, 1], 3.11.aj_cc_aie 
(-1, -8, 35), [3, 0, 3], 3.11.aj_cc_aid 
(-3, -6, 25), [1, 2, 1], 3.11.aj_cc_ahz 
(-5, -4, 23), [3, 0, 3], 3.11.aj_cc_ahv 
(-4, -5, 23), [0, 3, 3], 3.11.aj_cc_ahu 
(-2, -7, 30), [2, 1, 2], 3.11.aj_cd_aig 
(-1, -8, 36), [3, 0, 0], 3.11.aj_cd_aie 
(-4, -5, 24), [0, 3, 0], 3.11.aj_cd_ahy 
(-2, -7, 31), [2, 1, 3], 3.11.aj_ce_aii 
(-4, -5, 25), [0, 3, 1], 3.11.aj_ce_aic 
(-3, -6, 28), [1, 2, 0], 3.11.aj_cf_aii 
(-3, -6, 29), [1, 2, 1], 3.11.aj_cg_ail 
(-4, -5, 27), [0, 3, 3], 3.11.aj_cg_aik 
(-6, -2, -3), [2, 2, 1], 3.11.ai_u_aba 
(-6, -2, -1), [2, 2, 3], 3.11.ai_w_abm 
(-5, -3, 9), [3, 1, 1], 3.11.ai_bj_aeh 
(-5, -3, 13), [3, 1, 1], 3.11.ai_bn_afb 
(-5, -3, 15), [3, 1, 3], 3.11.ai_bp_afl 
(-1, -7, 25), [3, 1, 1], 3.11.ai_br_agx 
(-1, -7, 27), [3, 1, 3], 3.11.ai_bt_agz 
(-1, -7, 29), [3, 1, 1], 3.11.ai_bv_ahb 
(-5, -3, 21), [3, 1, 1], 3.11.ai_bv_agp 
(-4, -4, 20), [0, 0, 0], 3.11.ai_bv_agm 
(-2, -6, 25), [2, 2, 1], 3.11.ai_bw_aha 
(-4, -4, 21), [0, 0, 1], 3.11.ai_bw_agq 
(-1, -7, 31), [3, 1, 3], 3.11.ai_bx_ahd 
(-5, -3, 23), [3, 1, 3], 3.11.ai_bx_agz 
(-3, -5, 23), [1, 3, 3], 3.11.ai_bx_agx 
(-4, -4, 23), [0, 0, 3], 3.11.ai_by_agy 
(-3, -5, 25), [1, 3, 1], 3.11.ai_bz_ahd 
(-2, -6, 29), [2, 2, 1], 3.11.ai_ca_ahi 
(-3, -5, 27), [1, 3, 3], 3.11.ai_cb_ahj 
(-6, -1, -15), [2, 3, 1], 3.11.ah_c_cq 
(-6, -1, -13), [2, 3, 3], 3.11.ah_e_ce 
(-6, -1, -12), [2, 3, 0], 3.11.ah_f_by 
(-6, -1, -10), [2, 3, 2], 3.11.ah_h_bm 
(-6, -1, -9), [2, 3, 3], 3.11.ah_i_bg 
(-6, -1, -7), [2, 3, 1], 3.11.ah_k_u 
(-6, -1, -6), [2, 3, 2], 3.11.ah_l_o 
(-6, -1, -5), [2, 3, 3], 3.11.ah_m_i 
(-5, -2, -7), [3, 2, 1], 3.11.ah_o_aj 
(-5, -2, -5), [3, 2, 3], 3.11.ah_q_at 
(-5, -2, -3), [3, 2, 1], 3.11.ah_s_abd 
(-5, -2, -1), [3, 2, 3], 3.11.ah_u_abn 
(-5, -2, 1), [3, 2, 1], 3.11.ah_w_abx 
(-5, -2, 3), [3, 2, 3], 3.11.ah_y_ach 
(-5, -2, 4), [3, 2, 0], 3.11.ah_z_acm 
(3, -10, 45), [3, 2, 1], 3.11.ah_ba_adh 
(-5, -2, 5), [3, 2, 1], 3.11.ah_ba_acr 
(-5, -2, 6), [3, 2, 2], 3.11.ah_bb_acw 
(-3, -4, 5), [1, 0, 1], 3.11.ah_bc_adz 
(-5, -2, 8), [3, 2, 0], 3.11.ah_bd_adg 
(-3, -4, 7), [1, 0, 3], 3.11.ah_be_aef 
(-5, -2, 9), [3, 2, 1], 3.11.ah_be_adl 
(-5, -2, 10), [3, 2, 2], 3.11.ah_bf_adq 
(-3, -4, 9), [1, 0, 1], 3.11.ah_bg_ael 
(-5, -2, 13), [3, 2, 1], 3.11.ah_bi_aef 
(-1, -6, 19), [3, 2, 3], 3.11.ah_bk_afv 
(-3, -4, 13), [1, 0, 1], 3.11.ah_bk_aex 
(-5, -2, 15), [3, 2, 3], 3.11.ah_bk_aep 
(-1, -6, 21), [3, 2, 1], 3.11.ah_bm_afx 
(1, -8, 35), [1, 0, 3], 3.11.ah_bm_afl 
(-3, -4, 15), [1, 0, 3], 3.11.ah_bm_afd 
(-5, -2, 17), [3, 2, 1], 3.11.ah_bm_aez 
(-4, -3, 15), [0, 1, 3], 3.11.ah_bm_aew 
(-4, -3, 16), [0, 1, 0], 3.11.ah_bn_afa 
(-1, -6, 23), [3, 2, 3], 3.11.ah_bo_afz 
(-4, -3, 17), [0, 1, 1], 3.11.ah_bo_afe 
(-1, -6, 24), [3, 2, 0], 3.11.ah_bp_aga 
(-1, -6, 25), [3, 2, 1], 3.11.ah_bq_agb 
(-5, -2, 21), [3, 2, 1], 3.11.ah_bq_aft 
(-3, -4, 19), [1, 0, 3], 3.11.ah_bq_afp 
(-4, -3, 19), [0, 1, 3], 3.11.ah_bq_afm 
(-1, -6, 26), [3, 2, 2], 3.11.ah_br_agc 
(-4, -3, 20), [0, 1, 0], 3.11.ah_br_afq 
(-3, -4, 21), [1, 0, 1], 3.11.ah_bs_afv 
(-4, -3, 21), [0, 1, 1], 3.11.ah_bs_afu 
(-1, -6, 28), [3, 2, 0], 3.11.ah_bt_age 
(-1, -6, 29), [3, 2, 1], 3.11.ah_bu_agf 
(-2, -5, 25), [2, 3, 1], 3.11.ah_bu_age 
(-3, -4, 23), [1, 0, 3], 3.11.ah_bu_agb 
(-3, -4, 24), [1, 0, 0], 3.11.ah_bv_age 
(-2, -5, 27), [2, 3, 3], 3.11.ah_bw_agi 
(-6, 0, -21), [2, 0, 3], 3.11.ag_ak_ew 
(-6, 0, -20), [2, 0, 0], 3.11.ag_aj_eq 
(-6, 0, -19), [2, 0, 1], 3.11.ag_ai_ek 
(-6, 0, -17), [2, 0, 3], 3.11.ag_ag_dy 
(-6, 0, -16), [2, 0, 0], 3.11.ag_af_ds 
(-6, 0, -15), [2, 0, 1], 3.11.ag_ae_dm 
(-6, 0, -13), [2, 0, 3], 3.11.ag_ac_da 
(-6, 0, -12), [2, 0, 0], 3.11.ag_ab_cu 
(-5, -1, -3), [3, 3, 1], 3.11.ag_n_ah 
(-5, -1, -1), [3, 3, 3], 3.11.ag_p_ar 
(-5, -1, 1), [3, 3, 1], 3.11.ag_r_abb 
(-5, -1, 3), [3, 3, 3], 3.11.ag_t_abl 
(-5, -1, 5), [3, 3, 1], 3.11.ag_v_abv 
(-4, -2, 13), [0, 2, 1], 3.11.ag_bg_ads 
(-4, -2, 15), [0, 2, 3], 3.11.ag_bi_aea 
(-1, -5, 20), [3, 3, 0], 3.11.ag_bk_afa 
(-1, -5, 21), [3, 3, 1], 3.11.ag_bl_afb 
(-1, -5, 23), [3, 3, 3], 3.11.ag_bn_afd 
(-3, -3, 19), [1, 1, 3], 3.11.ag_bn_aet 
(-1, -5, 25), [3, 3, 1], 3.11.ag_bp_aff 
(-3, -3, 21), [1, 1, 1], 3.11.ag_bp_aez 
(-2, -4, 23), [2, 0, 3], 3.11.ag_bq_afe 
(-1, -5, 27), [3, 3, 3], 3.11.ag_br_afh 
(-3, -3, 23), [1, 1, 3], 3.11.ag_br_aff 
(-5, 0, -21), [3, 0, 3], 3.11.af_ak_eb 
(-6, 1, -15), [2, 1, 1], 3.11.af_ak_ei 
(-5, 0, -20), [3, 0, 0], 3.11.af_aj_dw 
(-6, 1, -14), [2, 1, 2], 3.11.af_aj_ec 
(-5, 0, -19), [3, 0, 1], 3.11.af_ai_dr 
(-6, 1, -13), [2, 1, 3], 3.11.af_ai_dw 
(-5, 0, -17), [3, 0, 3], 3.11.af_ag_dh 
(6, -11, 51), [2, 1, 3], 3.11.af_ae_cm 
(-5, 0, -15), [3, 0, 1], 3.11.af_ae_cx 
(-6, 1, -9), [2, 1, 3], 3.11.af_ae_cy 
(-5, 0, -13), [3, 0, 3], 3.11.af_ac_cn 
(-5, 0, -9), [3, 0, 3], 3.11.af_c_bt 
(-5, 0, -7), [3, 0, 1], 3.11.af_e_bj 
(-5, 0, -6), [3, 0, 2], 3.11.af_f_be 
(5, -10, 45), [1, 2, 1], 3.11.af_g_f 
(-5, 0, -5), [3, 0, 3], 3.11.af_g_z 
(-5, 0, -4), [3, 0, 0], 3.11.af_h_u 
(-5, 0, -2), [3, 0, 2], 3.11.af_j_k 
(-3, -2, -7), [1, 2, 1], 3.11.af_k_ax 
(-5, 0, -1), [3, 0, 3], 3.11.af_k_f 
(-3, -2, -5), [1, 2, 3], 3.11.af_m_abd 
(-5, 0, 1), [3, 0, 1], 3.11.af_m_af 
(-3, -2, -3), [1, 2, 1], 3.11.af_o_abj 
(-5, 0, 3), [3, 0, 3], 3.11.af_o_ap 
(-3, -2, -1), [1, 2, 3], 3.11.af_q_abp 
(-5, 0, 5), [3, 0, 1], 3.11.af_q_az 
(-3, -2, 1), [1, 2, 1], 3.11.af_s_abv 
(-5, 0, 7), [3, 0, 3], 3.11.af_s_abj 
(-1, -4, 5), [3, 0, 1], 3.11.af_u_adp 
(-3, -2, 3), [1, 2, 3], 3.11.af_u_acb 
(-5, 0, 9), [3, 0, 1], 3.11.af_u_abt 
(-1, -4, 7), [3, 0, 3], 3.11.af_w_adr 
(3, -8, 35), [3, 0, 3], 3.11.af_w_act 
(-3, -2, 5), [1, 2, 1], 3.11.af_w_ach 
(-4, -1, 7), [0, 3, 3], 3.11.af_w_aby 
(1, -6, 18), [1, 2, 2], 3.11.af_x_aek 
(-4, -1, 8), [0, 3, 0], 3.11.af_x_acc 
(1, -6, 19), [1, 2, 3], 3.11.af_y_aej 
(-1, -4, 9), [3, 0, 1], 3.11.af_y_adt 
(-4, -1, 9), [0, 3, 1], 3.11.af_y_acg 
(1, -6, 21), [1, 2, 1], 3.11.af_ba_aeh 
(-5, 0, 15), [3, 0, 3], 3.11.af_ba_acx 
(-3, -2, 9), [1, 2, 1], 3.11.af_ba_act 
(-4, -1, 12), [0, 3, 0], 3.11.af_bb_acs 
(1, -6, 23), [1, 2, 3], 3.11.af_bc_aef 
(-1, -4, 13), [3, 0, 1], 3.11.af_bc_adx 
(-5, 0, 17), [3, 0, 1], 3.11.af_bc_adh 
(-4, -1, 13), [0, 3, 1], 3.11.af_bc_acw 
(1, -6, 25), [1, 2, 1], 3.11.af_be_aed 
(-1, -4, 15), [3, 0, 3], 3.11.af_be_adz 
(-5, 0, 19), [3, 0, 3], 3.11.af_be_adr 
(-3, -2, 13), [1, 2, 1], 3.11.af_be_adf 
(-3, -2, 15), [1, 2, 3], 3.11.af_bg_adl 
(-3, -2, 16), [1, 2, 0], 3.11.af_bh_ado 
(-1, -4, 19), [3, 0, 3], 3.11.af_bi_aed 
(1, -6, 29), [1, 2, 1], 3.11.af_bi_adz 
(-3, -2, 17), [1, 2, 1], 3.11.af_bi_adr 
(-3, -2, 18), [1, 2, 2], 3.11.af_bj_adu 
(-1, -4, 21), [3, 0, 1], 3.11.af_bk_aef 
(-3, -2, 20), [1, 2, 0], 3.11.af_bl_aea 
(-1, -4, 23), [3, 0, 3], 3.11.af_bm_aeh 
(-2, -3, 21), [2, 1, 1], 3.11.af_bm_aee 
(-3, -2, 21), [1, 2, 1], 3.11.af_bm_aed 
(-1, -4, 24), [3, 0, 0], 3.11.af_bn_aei 
(-2, -3, 23), [2, 1, 3], 3.11.af_bo_aei 
(-4, 0, -21), [0, 0, 3], 3.11.ae_ak_dg 
(-5, 1, -15), [3, 1, 1], 3.11.ae_aj_dt 
(-6, 2, -7), [2, 2, 1], 3.11.ae_ai_di 
(-5, 1, -13), [3, 1, 3], 3.11.ae_ah_dj 
(-5, 1, -10), [3, 1, 2], 3.11.ae_ae_cu 
(-5, 1, -9), [3, 1, 3], 3.11.ae_ad_cp 
(-4, 0, -13), [0, 0, 3], 3.11.ae_ac_ca 
(-5, 1, -7), [3, 1, 1], 3.11.ae_ab_cf 
(-5, 1, -5), [3, 1, 3], 3.11.ae_b_bv 
(-4, 0, 3), [0, 0, 3], 3.11.ae_o_am 
(-4, 0, 5), [0, 0, 1], 3.11.ae_q_au 
(-4, 0, 7), [0, 0, 3], 3.11.ae_s_abc 
(1, -5, 13), [1, 3, 1], 3.11.ae_t_adt 
(1, -5, 15), [1, 3, 3], 3.11.ae_v_adr 
(1, -5, 17), [1, 3, 1], 3.11.ae_x_adp 
(1, -5, 19), [1, 3, 3], 3.11.ae_z_adn 
(-3, -1, 13), [1, 3, 1], 3.11.ae_bb_acj 
(-3, -1, 15), [1, 3, 3], 3.11.ae_bd_acp 
(-3, -1, 17), [1, 3, 1], 3.11.ae_bf_acv 
(-3, -1, 19), [1, 3, 3], 3.11.ae_bh_adb 
(-1, -3, 21), [3, 1, 1], 3.11.ae_bj_adj 
(-3, -1, 21), [1, 3, 1], 3.11.ae_bj_adh 
(-2, -2, 21), [2, 2, 1], 3.11.ae_bk_adi 
(-1, -3, 23), [3, 1, 3], 3.11.ae_bl_adl 
(-3, 0, -21), [1, 0, 3], 3.11.ad_ak_cl 
(-3, 0, -20), [1, 0, 0], 3.11.ad_aj_ci 
(-3, 0, -19), [1, 0, 1], 3.11.ad_ai_cf 
(-5, 2, -8), [3, 2, 0], 3.11.ad_ah_dg 
(-3, 0, -17), [1, 0, 3], 3.11.ad_ag_bz 
(-5, 2, -7), [3, 2, 1], 3.11.ad_ag_db 
(-3, 0, -15), [1, 0, 1], 3.11.ad_ae_bt 
(-5, 2, -5), [3, 2, 3], 3.11.ad_ae_cr 
(-3, 0, -13), [1, 0, 3], 3.11.ad_ac_bn 
(-5, 2, -3), [3, 2, 1], 3.11.ad_ac_ch 
(-5, 2, -1), [3, 2, 3], 3.11.ad_a_bx 
(-3, 0, -9), [1, 0, 3], 3.11.ad_c_bb 
(-5, 2, 1), [3, 2, 1], 3.11.ad_c_bn 
(-3, 0, -7), [1, 0, 1], 3.11.ad_e_v 
(-5, 2, 3), [3, 2, 3], 3.11.ad_e_bd 
(-3, 0, -6), [1, 0, 2], 3.11.ad_f_s 
(-1, -2, -7), [3, 2, 1], 3.11.ad_g_abl 
(5, -8, 35), [1, 0, 3], 3.11.ad_g_ab 
(-3, 0, -5), [1, 0, 3], 3.11.ad_g_p 
(-5, 2, 5), [3, 2, 1], 3.11.ad_g_t 
(-4, 1, -1), [0, 1, 3], 3.11.ad_g_ba 
(-3, 0, -4), [1, 0, 0], 3.11.ad_h_m 
(-1, -2, -5), [3, 2, 3], 3.11.ad_i_abn 
(-4, 1, 1), [0, 1, 1], 3.11.ad_i_s 
(-1, -2, -3), [3, 2, 1], 3.11.ad_k_abp 
(-5, 2, 9), [3, 2, 1], 3.11.ad_k_ab 
(-3, 0, -1), [1, 0, 3], 3.11.ad_k_d 
(-4, 1, 3), [0, 1, 3], 3.11.ad_k_k 
(-4, 1, 4), [0, 1, 0], 3.11.ad_l_g 
(1, -4, 5), [1, 0, 1], 3.11.ad_m_adf 
(3, -6, 19), [3, 2, 3], 3.11.ad_m_acx 
(-1, -2, -1), [3, 2, 3], 3.11.ad_m_abr 
(-3, 0, 1), [1, 0, 1], 3.11.ad_m_ad 
(-4, 1, 5), [0, 1, 1], 3.11.ad_m_c 
(1, -4, 7), [1, 0, 3], 3.11.ad_o_add 
(3, -6, 21), [3, 2, 1], 3.11.ad_o_acr 
(-1, -2, 1), [3, 2, 1], 3.11.ad_o_abt 
(-5, 2, 13), [3, 2, 1], 3.11.ad_o_av 
(-3, 0, 3), [1, 0, 3], 3.11.ad_o_aj 
(1, -4, 9), [1, 0, 1], 3.11.ad_q_adb 
(3, -6, 23), [3, 2, 3], 3.11.ad_q_acl 
(-1, -2, 3), [3, 2, 3], 3.11.ad_q_abv 
(-5, 2, 15), [3, 2, 3], 3.11.ad_q_abf 
(-3, 0, 5), [1, 0, 1], 3.11.ad_q_ap 
(3, -6, 25), [3, 2, 1], 3.11.ad_s_acf 
(-1, -2, 5), [3, 2, 1], 3.11.ad_s_abx 
(-5, 2, 17), [3, 2, 1], 3.11.ad_s_abp 
(-3, 0, 7), [1, 0, 3], 3.11.ad_s_av 
(1, -4, 13), [1, 0, 1], 3.11.ad_u_acx 
(-3, 0, 9), [1, 0, 1], 3.11.ad_u_abb 
(1, -4, 14), [1, 0, 2], 3.11.ad_v_acw 
(-3, 0, 10), [1, 0, 2], 3.11.ad_v_abe 
(1, -4, 15), [1, 0, 3], 3.11.ad_w_acv 
(-5, 2, 21), [3, 2, 1], 3.11.ad_w_acj 
(-1, -2, 9), [3, 2, 1], 3.11.ad_w_acb 
(3, -6, 29), [3, 2, 1], 3.11.ad_w_abt 
(1, -4, 16), [1, 0, 0], 3.11.ad_x_acu 
(-3, 0, 12), [1, 0, 0], 3.11.ad_x_abk 
(1, -4, 18), [1, 0, 2], 3.11.ad_z_acs 
(-3, 0, 14), [1, 0, 2], 3.11.ad_z_abq 
(1, -4, 19), [1, 0, 3], 3.11.ad_ba_acr 
(-1, -2, 13), [3, 2, 1], 3.11.ad_ba_acf 
(-3, 0, 15), [1, 0, 3], 3.11.ad_ba_abt 
(1, -4, 20), [1, 0, 0], 3.11.ad_bb_acq 
(-3, 0, 16), [1, 0, 0], 3.11.ad_bb_abw 
(1, -4, 21), [1, 0, 1], 3.11.ad_bc_acp 
(-1, -2, 15), [3, 2, 3], 3.11.ad_bc_ach 
(-3, 0, 17), [1, 0, 1], 3.11.ad_bc_abz 
(1, -4, 23), [1, 0, 3], 3.11.ad_be_acn 
(-1, -2, 17), [3, 2, 1], 3.11.ad_be_acj 
(-3, 0, 19), [1, 0, 3], 3.11.ad_be_acf 
(-2, -1, 17), [2, 3, 1], 3.11.ad_be_ace 
(-2, -1, 18), [2, 3, 2], 3.11.ad_bf_acg 
(-2, -1, 19), [2, 3, 3], 3.11.ad_bg_aci 
(-1, -2, 20), [3, 2, 0], 3.11.ad_bh_acm 
(-1, -2, 21), [3, 2, 1], 3.11.ad_bi_acn 
(-2, -1, 21), [2, 3, 1], 3.11.ad_bi_acm 
(-2, 0, -13), [2, 0, 3], 3.11.ac_ac_ba 
(-4, 2, -3), [0, 2, 1], 3.11.ac_a_ce 
(-4, 2, -1), [0, 2, 3], 3.11.ac_c_bw 
(1, -3, -1), [1, 1, 3], 3.11.ac_h_acp 
(2, -4, 5), [2, 0, 1], 3.11.ac_i_ada 
(2, -4, 9), [2, 0, 1], 3.11.ac_m_acs 
(-3, 1, 7), [1, 1, 3], 3.11.ac_p_b 
(-3, 1, 9), [1, 1, 1], 3.11.ac_r_af 
(-3, 1, 13), [1, 1, 1], 3.11.ac_v_ar 
(1, -3, 15), [1, 1, 3], 3.11.ac_x_abz 
(1, -3, 17), [1, 1, 1], 3.11.ac_z_abx 
(1, -3, 19), [1, 1, 3], 3.11.ac_bb_abv 
(1, -3, 20), [1, 1, 0], 3.11.ac_bc_abu 
(-2, 0, 17), [2, 0, 1], 3.11.ac_bc_abi 
(1, -3, 21), [1, 1, 1], 3.11.ac_bd_abt 
(-2, 0, 19), [2, 0, 3], 3.11.ac_be_abm 
(-1, -1, 19), [3, 3, 3], 3.11.ac_bf_abp 
(-1, -1, 21), [3, 3, 1], 3.11.ac_bh_abr 
(-1, 0, -21), [3, 0, 3], 3.11.ab_ak_v 
(-1, 0, -20), [3, 0, 0], 3.11.ab_aj_u 
(-1, 0, -19), [3, 0, 1], 3.11.ab_ai_t 
(-1, 0, -17), [3, 0, 3], 3.11.ab_ag_r 
(-1, 0, -15), [3, 0, 1], 3.11.ab_ae_p 
(-5, 4, 5), [3, 0, 1], 3.11.ab_ae_cl 
(-4, 3, -2), [0, 3, 2], 3.11.ab_ad_cw 
(-1, 0, -13), [3, 0, 3], 3.11.ab_ac_n 
(-5, 4, 7), [3, 0, 3], 3.11.ab_ac_cb 
(-3, 2, -7), [1, 2, 1], 3.11.ab_ac_cn 
(-5, 4, 8), [3, 0, 0], 3.11.ab_ab_bw 
(5, -6, 19), [1, 2, 3], 3.11.ab_a_abl 
(-5, 4, 9), [3, 0, 1], 3.11.ab_a_br 
(-3, 2, -5), [1, 2, 3], 3.11.ab_a_ch 
(1, -2, -7), [1, 2, 1], 3.11.ab_c_abz 
(5, -6, 21), [1, 2, 1], 3.11.ab_c_abb 
(-1, 0, -9), [3, 0, 3], 3.11.ab_c_j 
(-3, 2, -3), [1, 2, 1], 3.11.ab_c_cb 
(3, -4, 5), [3, 0, 1], 3.11.ab_e_acv 
(1, -2, -5), [1, 2, 3], 3.11.ab_e_abx 
(5, -6, 23), [1, 2, 3], 3.11.ab_e_ar 
(-1, 0, -7), [3, 0, 1], 3.11.ab_e_h 
(-5, 4, 13), [3, 0, 1], 3.11.ab_e_x 
(-3, 2, -1), [1, 2, 3], 3.11.ab_e_bv 
(3, -4, 7), [3, 0, 3], 3.11.ab_g_acp 
(1, -2, -3), [1, 2, 1], 3.11.ab_g_abv 
(5, -6, 25), [1, 2, 1], 3.11.ab_g_ah 
(-1, 0, -5), [3, 0, 3], 3.11.ab_g_f 
(-5, 4, 15), [3, 0, 3], 3.11.ab_g_n 
(-3, 2, 1), [1, 2, 1], 3.11.ab_g_bp 
(3, -4, 8), [3, 0, 0], 3.11.ab_h_acm 
(3, -4, 9), [3, 0, 1], 3.11.ab_i_acj 
(2, -3, 3), [2, 1, 3], 3.11.ab_i_aci 
(1, -2, -1), [1, 2, 3], 3.11.ab_i_abt 
(-3, 2, 3), [1, 2, 3], 3.11.ab_i_bj 
(-3, 2, 4), [1, 2, 0], 3.11.ab_j_bg 
(1, -2, 1), [1, 2, 1], 3.11.ab_k_abr 
(-5, 4, 19), [3, 0, 3], 3.11.ab_k_ah 
(-1, 0, -1), [3, 0, 3], 3.11.ab_k_b 
(5, -6, 29), [1, 2, 1], 3.11.ab_k_n 
(-3, 2, 5), [1, 2, 1], 3.11.ab_k_bd 
(-3, 2, 6), [1, 2, 2], 3.11.ab_l_ba 
(3, -4, 13), [3, 0, 1], 3.11.ab_m_abx 
(1, -2, 3), [1, 2, 3], 3.11.ab_m_abp 
(-5, 4, 21), [3, 0, 1], 3.11.ab_m_ar 
(-1, 0, 1), [3, 0, 1], 3.11.ab_m_ab 
(-3, 2, 8), [1, 2, 0], 3.11.ab_n_u 
(2, -3, 9), [2, 1, 1], 3.11.ab_o_abw 
(3, -4, 15), [3, 0, 3], 3.11.ab_o_abr 
(1, -2, 5), [1, 2, 1], 3.11.ab_o_abn 
(-5, 4, 23), [3, 0, 3], 3.11.ab_o_abb 
(-1, 0, 3), [3, 0, 3], 3.11.ab_o_ad 
(-3, 2, 9), [1, 2, 1], 3.11.ab_o_r 
(2, -3, 10), [2, 1, 2], 3.11.ab_p_abu 
(-3, 2, 10), [1, 2, 2], 3.11.ab_p_o 
(-1, 0, 5), [3, 0, 1], 3.11.ab_q_af 
(2, -3, 13), [2, 1, 1], 3.11.ab_s_abo 
(1, -2, 9), [1, 2, 1], 3.11.ab_s_abj 
(3, -4, 19), [3, 0, 3], 3.11.ab_s_abf 
(-1, 0, 7), [3, 0, 3], 3.11.ab_s_ah 
(-3, 2, 13), [1, 2, 1], 3.11.ab_s_f 
(2, -3, 14), [2, 1, 2], 3.11.ab_t_abm 
(2, -3, 15), [2, 1, 3], 3.11.ab_u_abk 
(3, -4, 21), [3, 0, 1], 3.11.ab_u_az 
(-1, 0, 9), [3, 0, 1], 3.11.ab_u_aj 
(-3, 2, 15), [1, 2, 3], 3.11.ab_u_ab 
(1, -2, 13), [1, 2, 1], 3.11.ab_w_abf 
(3, -4, 23), [3, 0, 3], 3.11.ab_w_at 
(-3, 2, 17), [1, 2, 1], 3.11.ab_w_ah 
(-2, 1, 13), [2, 1, 1], 3.11.ab_w_ae 
(-2, 1, 14), [2, 1, 2], 3.11.ab_x_ag 
(1, -2, 15), [1, 2, 3], 3.11.ab_y_abd 
(-2, 1, 15), [2, 1, 3], 3.11.ab_y_ai 
(1, -2, 16), [1, 2, 0], 3.11.ab_z_abc 
(1, -2, 17), [1, 2, 1], 3.11.ab_ba_abb 
(-3, 2, 21), [1, 2, 1], 3.11.ab_ba_at 
(-1, 0, 15), [3, 0, 3], 3.11.ab_ba_ap 
(-2, 1, 17), [2, 1, 1], 3.11.ab_ba_am 
(1, -2, 18), [1, 2, 2], 3.11.ab_bb_aba 
(-2, 1, 18), [2, 1, 2], 3.11.ab_bb_ao 
(-1, 0, 17), [3, 0, 1], 3.11.ab_bc_ar 
(-2, 1, 19), [2, 1, 3], 3.11.ab_bc_aq 
(1, -2, 20), [1, 2, 0], 3.11.ab_bd_ay 
(1, -2, 21), [1, 2, 1], 3.11.ab_be_ax 
(-1, 0, 19), [3, 0, 3], 3.11.ab_be_at 
(-1, 0, 20), [3, 0, 0], 3.11.ab_bf_au 
(3, -3, 1), [3, 1, 1], 3.11.a_d_acl 
(-3, 3, 1), [1, 3, 1], 3.11.a_d_cl 
(3, -3, 3), [3, 1, 3], 3.11.a_f_acf 
(-3, 3, 3), [1, 3, 3], 3.11.a_f_cf 
(3, -3, 5), [3, 1, 1], 3.11.a_h_abz 
(-3, 3, 5), [1, 3, 1], 3.11.a_h_bz 
(3, -3, 7), [3, 1, 3], 3.11.a_j_abt 
(-3, 3, 7), [1, 3, 3], 3.11.a_j_bt 
(2, -2, 13), [2, 2, 1], 3.11.a_u_as 
(-2, 2, 13), [2, 2, 1], 3.11.a_u_s 
(2, -2, 15), [2, 2, 3], 3.11.a_w_ao 
(-2, 2, 15), [2, 2, 3], 3.11.a_w_o 
(1, -1, 17), [1, 3, 1], 3.11.a_bb_af 
(-1, 1, 17), [3, 1, 1], 3.11.a_bb_f 
(1, -1, 19), [1, 3, 3], 3.11.a_bd_ad 
(-1, 1, 19), [3, 1, 3], 3.11.a_bd_d 
(1, -1, 21), [1, 3, 1], 3.11.a_bf_ab 
(-1, 1, 21), [3, 1, 1], 3.11.a_bf_b 
(1, 0, -21), [1, 0, 3], 3.11.b_ak_av 
(1, 0, -20), [1, 0, 0], 3.11.b_aj_au 
(1, 0, -19), [1, 0, 1], 3.11.b_ai_at 
(1, 0, -17), [1, 0, 3], 3.11.b_ag_ar 
(5, -4, 5), [1, 0, 1], 3.11.b_ae_acl 
(1, 0, -15), [1, 0, 1], 3.11.b_ae_ap 
(4, -3, -2), [0, 1, 2], 3.11.b_ad_acw 
(3, -2, -7), [3, 2, 1], 3.11.b_ac_acn 
(5, -4, 7), [1, 0, 3], 3.11.b_ac_acb 
(1, 0, -13), [1, 0, 3], 3.11.b_ac_an 
(5, -4, 8), [1, 0, 0], 3.11.b_ab_abw 
(3, -2, -5), [3, 2, 3], 3.11.b_a_ach 
(5, -4, 9), [1, 0, 1], 3.11.b_a_abr 
(-5, 6, 19), [3, 2, 3], 3.11.b_a_bl 
(3, -2, -3), [3, 2, 1], 3.11.b_c_acb 
(1, 0, -9), [1, 0, 3], 3.11.b_c_aj 
(-5, 6, 21), [3, 2, 1], 3.11.b_c_bb 
(-1, 2, -7), [3, 2, 1], 3.11.b_c_bz 
(3, -2, -1), [3, 2, 3], 3.11.b_e_abv 
(5, -4, 13), [1, 0, 1], 3.11.b_e_ax 
(1, 0, -7), [1, 0, 1], 3.11.b_e_ah 
(-5, 6, 23), [3, 2, 3], 3.11.b_e_r 
(-1, 2, -5), [3, 2, 3], 3.11.b_e_bx 
(-3, 4, 5), [1, 0, 1], 3.11.b_e_cv 
(3, -2, 1), [3, 2, 1], 3.11.b_g_abp 
(5, -4, 15), [1, 0, 3], 3.11.b_g_an 
(1, 0, -5), [1, 0, 3], 3.11.b_g_af 
(-5, 6, 25), [3, 2, 1], 3.11.b_g_h 
(-1, 2, -3), [3, 2, 1], 3.11.b_g_bv 
(-3, 4, 7), [1, 0, 3], 3.11.b_g_cp 
(-3, 4, 8), [1, 0, 0], 3.11.b_h_cm 
(3, -2, 3), [3, 2, 3], 3.11.b_i_abj 
(-1, 2, -1), [3, 2, 3], 3.11.b_i_bt 
(-2, 3, 3), [2, 3, 3], 3.11.b_i_ci 
(-3, 4, 9), [1, 0, 1], 3.11.b_i_cj 
(3, -2, 4), [3, 2, 0], 3.11.b_j_abg 
(3, -2, 5), [3, 2, 1], 3.11.b_k_abd 
(-5, 6, 29), [3, 2, 1], 3.11.b_k_an 
(1, 0, -1), [1, 0, 3], 3.11.b_k_ab 
(5, -4, 19), [1, 0, 3], 3.11.b_k_h 
(-1, 2, 1), [3, 2, 1], 3.11.b_k_br 
(3, -2, 6), [3, 2, 2], 3.11.b_l_aba 
(1, 0, 1), [1, 0, 1], 3.11.b_m_b 
(5, -4, 21), [1, 0, 1], 3.11.b_m_r 
(-1, 2, 3), [3, 2, 3], 3.11.b_m_bp 
(-3, 4, 13), [1, 0, 1], 3.11.b_m_bx 
(3, -2, 8), [3, 2, 0], 3.11.b_n_au 
(3, -2, 9), [3, 2, 1], 3.11.b_o_ar 
(1, 0, 3), [1, 0, 3], 3.11.b_o_d 
(5, -4, 23), [1, 0, 3], 3.11.b_o_bb 
(-1, 2, 5), [3, 2, 1], 3.11.b_o_bn 
(-3, 4, 15), [1, 0, 3], 3.11.b_o_br 
(-2, 3, 9), [2, 3, 1], 3.11.b_o_bw 
(3, -2, 10), [3, 2, 2], 3.11.b_p_ao 
(-2, 3, 10), [2, 3, 2], 3.11.b_p_bu 
(1, 0, 5), [1, 0, 1], 3.11.b_q_f 
(3, -2, 13), [3, 2, 1], 3.11.b_s_af 
(1, 0, 7), [1, 0, 3], 3.11.b_s_h 
(-3, 4, 19), [1, 0, 3], 3.11.b_s_bf 
(-1, 2, 9), [3, 2, 1], 3.11.b_s_bj 
(-2, 3, 13), [2, 3, 1], 3.11.b_s_bo 
(-2, 3, 14), [2, 3, 2], 3.11.b_t_bm 
(3, -2, 15), [3, 2, 3], 3.11.b_u_b 
(1, 0, 9), [1, 0, 1], 3.11.b_u_j 
(-3, 4, 21), [1, 0, 1], 3.11.b_u_z 
(-2, 3, 15), [2, 3, 3], 3.11.b_u_bk 
(2, -1, 13), [2, 3, 1], 3.11.b_w_e 
(3, -2, 17), [3, 2, 1], 3.11.b_w_h 
(-3, 4, 23), [1, 0, 3], 3.11.b_w_t 
(-1, 2, 13), [3, 2, 1], 3.11.b_w_bf 
(2, -1, 14), [2, 3, 2], 3.11.b_x_g 
(2, -1, 15), [2, 3, 3], 3.11.b_y_i 
(-1, 2, 15), [3, 2, 3], 3.11.b_y_bd 
(-1, 2, 16), [3, 2, 0], 3.11.b_z_bc 
(2, -1, 17), [2, 3, 1], 3.11.b_ba_m 
(1, 0, 15), [1, 0, 3], 3.11.b_ba_p 
(3, -2, 21), [3, 2, 1], 3.11.b_ba_t 
(-1, 2, 17), [3, 2, 1], 3.11.b_ba_bb 
(2, -1, 18), [2, 3, 2], 3.11.b_bb_o 
(-1, 2, 18), [3, 2, 2], 3.11.b_bb_ba 
(2, -1, 19), [2, 3, 3], 3.11.b_bc_q 
(1, 0, 17), [1, 0, 1], 3.11.b_bc_r 
(-1, 2, 20), [3, 2, 0], 3.11.b_bd_y 
(1, 0, 19), [1, 0, 3], 3.11.b_be_t 
(-1, 2, 21), [3, 2, 1], 3.11.b_be_x 
(1, 0, 20), [1, 0, 0], 3.11.b_bf_u 
(2, 0, -13), [2, 0, 3], 3.11.c_ac_aba 
(4, -2, -3), [0, 2, 1], 3.11.c_a_ace 
(4, -2, -1), [0, 2, 3], 3.11.c_c_abw 
(-1, 3, -1), [3, 3, 3], 3.11.c_h_cp 
(-2, 4, 5), [2, 0, 1], 3.11.c_i_da 
(-2, 4, 9), [2, 0, 1], 3.11.c_m_cs 
(3, -1, 7), [3, 3, 3], 3.11.c_p_ab 
(3, -1, 9), [3, 3, 1], 3.11.c_r_f 
(3, -1, 13), [3, 3, 1], 3.11.c_v_r 
(-1, 3, 15), [3, 3, 3], 3.11.c_x_bz 
(-1, 3, 17), [3, 3, 1], 3.11.c_z_bx 
(-1, 3, 19), [3, 3, 3], 3.11.c_bb_bv 
(2, 0, 17), [2, 0, 1], 3.11.c_bc_bi 
(-1, 3, 20), [3, 3, 0], 3.11.c_bc_bu 
(-1, 3, 21), [3, 3, 1], 3.11.c_bd_bt 
(2, 0, 19), [2, 0, 3], 3.11.c_be_bm 
(1, 1, 19), [1, 1, 3], 3.11.c_bf_bp 
(1, 1, 21), [1, 1, 1], 3.11.c_bh_br 
(3, 0, -21), [3, 0, 3], 3.11.d_ak_acl 
(3, 0, -20), [3, 0, 0], 3.11.d_aj_aci 
(3, 0, -19), [3, 0, 1], 3.11.d_ai_acf 
(5, -2, -8), [1, 2, 0], 3.11.d_ah_adg 
(5, -2, -7), [1, 2, 1], 3.11.d_ag_adb 
(3, 0, -17), [3, 0, 3], 3.11.d_ag_abz 
(5, -2, -5), [1, 2, 3], 3.11.d_ae_acr 
(3, 0, -15), [3, 0, 1], 3.11.d_ae_abt 
(5, -2, -3), [1, 2, 1], 3.11.d_ac_ach 
(3, 0, -13), [3, 0, 3], 3.11.d_ac_abn 
(5, -2, -1), [1, 2, 3], 3.11.d_a_abx 
(5, -2, 1), [1, 2, 1], 3.11.d_c_abn 
(3, 0, -9), [3, 0, 3], 3.11.d_c_abb 
(5, -2, 3), [1, 2, 3], 3.11.d_e_abd 
(3, 0, -7), [3, 0, 1], 3.11.d_e_av 
(3, 0, -6), [3, 0, 2], 3.11.d_f_as 
(4, -1, -1), [0, 3, 3], 3.11.d_g_aba 
(5, -2, 5), [1, 2, 1], 3.11.d_g_at 
(3, 0, -5), [3, 0, 3], 3.11.d_g_ap 
(-5, 8, 35), [3, 0, 3], 3.11.d_g_b 
(1, 2, -7), [1, 2, 1], 3.11.d_g_bl 
(3, 0, -4), [3, 0, 0], 3.11.d_h_am 
(4, -1, 1), [0, 3, 1], 3.11.d_i_as 
(1, 2, -5), [1, 2, 3], 3.11.d_i_bn 
(4, -1, 3), [0, 3, 3], 3.11.d_k_ak 
(3, 0, -1), [3, 0, 3], 3.11.d_k_ad 
(5, -2, 9), [1, 2, 1], 3.11.d_k_b 
(1, 2, -3), [1, 2, 1], 3.11.d_k_bp 
(4, -1, 4), [0, 3, 0], 3.11.d_l_ag 
(4, -1, 5), [0, 3, 1], 3.11.d_m_ac 
(3, 0, 1), [3, 0, 1], 3.11.d_m_d 
(1, 2, -1), [1, 2, 3], 3.11.d_m_br 
(-3, 6, 19), [1, 2, 3], 3.11.d_m_cx 
(-1, 4, 5), [3, 0, 1], 3.11.d_m_df 
(3, 0, 3), [3, 0, 3], 3.11.d_o_j 
(5, -2, 13), [1, 2, 1], 3.11.d_o_v 
(1, 2, 1), [1, 2, 1], 3.11.d_o_bt 
(-3, 6, 21), [1, 2, 1], 3.11.d_o_cr 
(-1, 4, 7), [3, 0, 3], 3.11.d_o_dd 
(3, 0, 5), [3, 0, 1], 3.11.d_q_p 
(5, -2, 15), [1, 2, 3], 3.11.d_q_bf 
(1, 2, 3), [1, 2, 3], 3.11.d_q_bv 
(-3, 6, 23), [1, 2, 3], 3.11.d_q_cl 
(-1, 4, 9), [3, 0, 1], 3.11.d_q_db 
(3, 0, 7), [3, 0, 3], 3.11.d_s_v 
(5, -2, 17), [1, 2, 1], 3.11.d_s_bp 
(1, 2, 5), [1, 2, 1], 3.11.d_s_bx 
(-3, 6, 25), [1, 2, 1], 3.11.d_s_cf 
(3, 0, 9), [3, 0, 1], 3.11.d_u_bb 
(-1, 4, 13), [3, 0, 1], 3.11.d_u_cx 
(3, 0, 10), [3, 0, 2], 3.11.d_v_be 
(-1, 4, 14), [3, 0, 2], 3.11.d_v_cw 
(-3, 6, 29), [1, 2, 1], 3.11.d_w_bt 
(1, 2, 9), [1, 2, 1], 3.11.d_w_cb 
(5, -2, 21), [1, 2, 1], 3.11.d_w_cj 
(-1, 4, 15), [3, 0, 3], 3.11.d_w_cv 
(3, 0, 12), [3, 0, 0], 3.11.d_x_bk 
(-1, 4, 16), [3, 0, 0], 3.11.d_x_cu 
(3, 0, 14), [3, 0, 2], 3.11.d_z_bq 
(-1, 4, 18), [3, 0, 2], 3.11.d_z_cs 
(3, 0, 15), [3, 0, 3], 3.11.d_ba_bt 
(1, 2, 13), [1, 2, 1], 3.11.d_ba_cf 
(-1, 4, 19), [3, 0, 3], 3.11.d_ba_cr 
(3, 0, 16), [3, 0, 0], 3.11.d_bb_bw 
(-1, 4, 20), [3, 0, 0], 3.11.d_bb_cq 
(3, 0, 17), [3, 0, 1], 3.11.d_bc_bz 
(1, 2, 15), [1, 2, 3], 3.11.d_bc_ch 
(-1, 4, 21), [3, 0, 1], 3.11.d_bc_cp 
(2, 1, 17), [2, 1, 1], 3.11.d_be_ce 
(3, 0, 19), [3, 0, 3], 3.11.d_be_cf 
(1, 2, 17), [1, 2, 1], 3.11.d_be_cj 
(-1, 4, 23), [3, 0, 3], 3.11.d_be_cn 
(2, 1, 18), [2, 1, 2], 3.11.d_bf_cg 
(2, 1, 19), [2, 1, 3], 3.11.d_bg_ci 
(1, 2, 20), [1, 2, 0], 3.11.d_bh_cm 
(2, 1, 21), [2, 1, 1], 3.11.d_bi_cm 
(1, 2, 21), [1, 2, 1], 3.11.d_bi_cn 
(4, 0, -21), [0, 0, 3], 3.11.e_ak_adg 
(5, -1, -15), [1, 3, 1], 3.11.e_aj_adt 
(6, -2, -7), [2, 2, 1], 3.11.e_ai_adi 
(5, -1, -13), [1, 3, 3], 3.11.e_ah_adj 
(5, -1, -10), [1, 3, 2], 3.11.e_ae_acu 
(5, -1, -9), [1, 3, 3], 3.11.e_ad_acp 
(4, 0, -13), [0, 0, 3], 3.11.e_ac_aca 
(5, -1, -7), [1, 3, 1], 3.11.e_ab_acf 
(5, -1, -5), [1, 3, 3], 3.11.e_b_abv 
(4, 0, 3), [0, 0, 3], 3.11.e_o_m 
(4, 0, 5), [0, 0, 1], 3.11.e_q_u 
(4, 0, 7), [0, 0, 3], 3.11.e_s_bc 
(-1, 5, 13), [3, 1, 1], 3.11.e_t_dt 
(-1, 5, 15), [3, 1, 3], 3.11.e_v_dr 
(-1, 5, 17), [3, 1, 1], 3.11.e_x_dp 
(-1, 5, 19), [3, 1, 3], 3.11.e_z_dn 
(3, 1, 13), [3, 1, 1], 3.11.e_bb_cj 
(3, 1, 15), [3, 1, 3], 3.11.e_bd_cp 
(3, 1, 17), [3, 1, 1], 3.11.e_bf_cv 
(3, 1, 19), [3, 1, 3], 3.11.e_bh_db 
(3, 1, 21), [3, 1, 1], 3.11.e_bj_dh 
(1, 3, 21), [1, 3, 1], 3.11.e_bj_dj 
(2, 2, 21), [2, 2, 1], 3.11.e_bk_di 
(1, 3, 23), [1, 3, 3], 3.11.e_bl_dl 
(6, -1, -15), [2, 3, 1], 3.11.f_ak_aei 
(5, 0, -21), [1, 0, 3], 3.11.f_ak_aeb 
(6, -1, -14), [2, 3, 2], 3.11.f_aj_aec 
(5, 0, -20), [1, 0, 0], 3.11.f_aj_adw 
(6, -1, -13), [2, 3, 3], 3.11.f_ai_adw 
(5, 0, -19), [1, 0, 1], 3.11.f_ai_adr 
(5, 0, -17), [1, 0, 3], 3.11.f_ag_adh 
(6, -1, -9), [2, 3, 3], 3.11.f_ae_acy 
(5, 0, -15), [1, 0, 1], 3.11.f_ae_acx 
(-6, 11, 51), [2, 3, 3], 3.11.f_ae_acm 
(5, 0, -13), [1, 0, 3], 3.11.f_ac_acn 
(5, 0, -9), [1, 0, 3], 3.11.f_c_abt 
(5, 0, -7), [1, 0, 1], 3.11.f_e_abj 
(5, 0, -6), [1, 0, 2], 3.11.f_f_abe 
(5, 0, -5), [1, 0, 3], 3.11.f_g_az 
(-5, 10, 45), [3, 2, 1], 3.11.f_g_af 
(5, 0, -4), [1, 0, 0], 3.11.f_h_au 
(5, 0, -2), [1, 0, 2], 3.11.f_j_ak 
(5, 0, -1), [1, 0, 3], 3.11.f_k_af 
(3, 2, -7), [3, 2, 1], 3.11.f_k_x 
(5, 0, 1), [1, 0, 1], 3.11.f_m_f 
(3, 2, -5), [3, 2, 3], 3.11.f_m_bd 
(5, 0, 3), [1, 0, 3], 3.11.f_o_p 
(3, 2, -3), [3, 2, 1], 3.11.f_o_bj 
(5, 0, 5), [1, 0, 1], 3.11.f_q_z 
(3, 2, -1), [3, 2, 3], 3.11.f_q_bp 
(5, 0, 7), [1, 0, 3], 3.11.f_s_bj 
(3, 2, 1), [3, 2, 1], 3.11.f_s_bv 
(5, 0, 9), [1, 0, 1], 3.11.f_u_bt 
(3, 2, 3), [3, 2, 3], 3.11.f_u_cb 
(1, 4, 5), [1, 0, 1], 3.11.f_u_dp 
(4, 1, 7), [0, 1, 3], 3.11.f_w_by 
(3, 2, 5), [3, 2, 1], 3.11.f_w_ch 
(-3, 8, 35), [1, 0, 3], 3.11.f_w_ct 
(1, 4, 7), [1, 0, 3], 3.11.f_w_dr 
(4, 1, 8), [0, 1, 0], 3.11.f_x_cc 
(-1, 6, 18), [3, 2, 2], 3.11.f_x_ek 
(4, 1, 9), [0, 1, 1], 3.11.f_y_cg 
(1, 4, 9), [1, 0, 1], 3.11.f_y_dt 
(-1, 6, 19), [3, 2, 3], 3.11.f_y_ej 
(3, 2, 9), [3, 2, 1], 3.11.f_ba_ct 
(5, 0, 15), [1, 0, 3], 3.11.f_ba_cx 
(-1, 6, 21), [3, 2, 1], 3.11.f_ba_eh 
(4, 1, 12), [0, 1, 0], 3.11.f_bb_cs 
(4, 1, 13), [0, 1, 1], 3.11.f_bc_cw 
(5, 0, 17), [1, 0, 1], 3.11.f_bc_dh 
(1, 4, 13), [1, 0, 1], 3.11.f_bc_dx 
(-1, 6, 23), [3, 2, 3], 3.11.f_bc_ef 
(3, 2, 13), [3, 2, 1], 3.11.f_be_df 
(5, 0, 19), [1, 0, 3], 3.11.f_be_dr 
(1, 4, 15), [1, 0, 3], 3.11.f_be_dz 
(-1, 6, 25), [3, 2, 1], 3.11.f_be_ed 
(3, 2, 15), [3, 2, 3], 3.11.f_bg_dl 
(3, 2, 16), [3, 2, 0], 3.11.f_bh_do 
(3, 2, 17), [3, 2, 1], 3.11.f_bi_dr 
(-1, 6, 29), [3, 2, 1], 3.11.f_bi_dz 
(1, 4, 19), [1, 0, 3], 3.11.f_bi_ed 
(3, 2, 18), [3, 2, 2], 3.11.f_bj_du 
(1, 4, 21), [1, 0, 1], 3.11.f_bk_ef 
(3, 2, 20), [3, 2, 0], 3.11.f_bl_ea 
(3, 2, 21), [3, 2, 1], 3.11.f_bm_ed 
(2, 3, 21), [2, 3, 1], 3.11.f_bm_ee 
(1, 4, 23), [1, 0, 3], 3.11.f_bm_eh 
(1, 4, 24), [1, 0, 0], 3.11.f_bn_ei 
(2, 3, 23), [2, 3, 3], 3.11.f_bo_ei 
(6, 0, -21), [2, 0, 3], 3.11.g_ak_aew 
(6, 0, -20), [2, 0, 0], 3.11.g_aj_aeq 
(6, 0, -19), [2, 0, 1], 3.11.g_ai_aek 
(6, 0, -17), [2, 0, 3], 3.11.g_ag_ady 
(6, 0, -16), [2, 0, 0], 3.11.g_af_ads 
(6, 0, -15), [2, 0, 1], 3.11.g_ae_adm 
(6, 0, -13), [2, 0, 3], 3.11.g_ac_ada 
(6, 0, -12), [2, 0, 0], 3.11.g_ab_acu 
(5, 1, -3), [1, 1, 1], 3.11.g_n_h 
(5, 1, -1), [1, 1, 3], 3.11.g_p_r 
(5, 1, 1), [1, 1, 1], 3.11.g_r_bb 
(5, 1, 3), [1, 1, 3], 3.11.g_t_bl 
(5, 1, 5), [1, 1, 1], 3.11.g_v_bv 
(4, 2, 13), [0, 2, 1], 3.11.g_bg_ds 
(4, 2, 15), [0, 2, 3], 3.11.g_bi_ea 
(1, 5, 20), [1, 1, 0], 3.11.g_bk_fa 
(1, 5, 21), [1, 1, 1], 3.11.g_bl_fb 
(3, 3, 19), [3, 3, 3], 3.11.g_bn_et 
(1, 5, 23), [1, 1, 3], 3.11.g_bn_fd 
(3, 3, 21), [3, 3, 1], 3.11.g_bp_ez 
(1, 5, 25), [1, 1, 1], 3.11.g_bp_ff 
(2, 4, 23), [2, 0, 3], 3.11.g_bq_fe 
(3, 3, 23), [3, 3, 3], 3.11.g_br_ff 
(1, 5, 27), [1, 1, 3], 3.11.g_br_fh 
(6, 1, -15), [2, 1, 1], 3.11.h_c_acq 
(6, 1, -13), [2, 1, 3], 3.11.h_e_ace 
(6, 1, -12), [2, 1, 0], 3.11.h_f_aby 
(6, 1, -10), [2, 1, 2], 3.11.h_h_abm 
(6, 1, -9), [2, 1, 3], 3.11.h_i_abg 
(6, 1, -7), [2, 1, 1], 3.11.h_k_au 
(6, 1, -6), [2, 1, 2], 3.11.h_l_ao 
(6, 1, -5), [2, 1, 3], 3.11.h_m_ai 
(5, 2, -7), [1, 2, 1], 3.11.h_o_j 
(5, 2, -5), [1, 2, 3], 3.11.h_q_t 
(5, 2, -3), [1, 2, 1], 3.11.h_s_bd 
(5, 2, -1), [1, 2, 3], 3.11.h_u_bn 
(5, 2, 1), [1, 2, 1], 3.11.h_w_bx 
(5, 2, 3), [1, 2, 3], 3.11.h_y_ch 
(5, 2, 4), [1, 2, 0], 3.11.h_z_cm 
(5, 2, 5), [1, 2, 1], 3.11.h_ba_cr 
(-3, 10, 45), [1, 2, 1], 3.11.h_ba_dh 
(5, 2, 6), [1, 2, 2], 3.11.h_bb_cw 
(3, 4, 5), [3, 0, 1], 3.11.h_bc_dz 
(5, 2, 8), [1, 2, 0], 3.11.h_bd_dg 
(5, 2, 9), [1, 2, 1], 3.11.h_be_dl 
(3, 4, 7), [3, 0, 3], 3.11.h_be_ef 
(5, 2, 10), [1, 2, 2], 3.11.h_bf_dq 
(3, 4, 9), [3, 0, 1], 3.11.h_bg_el 
(5, 2, 13), [1, 2, 1], 3.11.h_bi_ef 
(5, 2, 15), [1, 2, 3], 3.11.h_bk_ep 
(3, 4, 13), [3, 0, 1], 3.11.h_bk_ex 
(1, 6, 19), [1, 2, 3], 3.11.h_bk_fv 
(4, 3, 15), [0, 3, 3], 3.11.h_bm_ew 
(5, 2, 17), [1, 2, 1], 3.11.h_bm_ez 
(3, 4, 15), [3, 0, 3], 3.11.h_bm_fd 
(-1, 8, 35), [3, 0, 3], 3.11.h_bm_fl 
(1, 6, 21), [1, 2, 1], 3.11.h_bm_fx 
(4, 3, 16), [0, 3, 0], 3.11.h_bn_fa 
(4, 3, 17), [0, 3, 1], 3.11.h_bo_fe 
(1, 6, 23), [1, 2, 3], 3.11.h_bo_fz 
(1, 6, 24), [1, 2, 0], 3.11.h_bp_ga 
(4, 3, 19), [0, 3, 3], 3.11.h_bq_fm 
(3, 4, 19), [3, 0, 3], 3.11.h_bq_fp 
(5, 2, 21), [1, 2, 1], 3.11.h_bq_ft 
(1, 6, 25), [1, 2, 1], 3.11.h_bq_gb 
(4, 3, 20), [0, 3, 0], 3.11.h_br_fq 
(1, 6, 26), [1, 2, 2], 3.11.h_br_gc 
(4, 3, 21), [0, 3, 1], 3.11.h_bs_fu 
(3, 4, 21), [3, 0, 1], 3.11.h_bs_fv 
(1, 6, 28), [1, 2, 0], 3.11.h_bt_ge 
(3, 4, 23), [3, 0, 3], 3.11.h_bu_gb 
(2, 5, 25), [2, 1, 1], 3.11.h_bu_ge 
(1, 6, 29), [1, 2, 1], 3.11.h_bu_gf 
(3, 4, 24), [3, 0, 0], 3.11.h_bv_ge 
(2, 5, 27), [2, 1, 3], 3.11.h_bw_gi 
(6, 2, -3), [2, 2, 1], 3.11.i_u_ba 
(6, 2, -1), [2, 2, 3], 3.11.i_w_bm 
(5, 3, 9), [1, 3, 1], 3.11.i_bj_eh 
(5, 3, 13), [1, 3, 1], 3.11.i_bn_fb 
(5, 3, 15), [1, 3, 3], 3.11.i_bp_fl 
(1, 7, 25), [1, 3, 1], 3.11.i_br_gx 
(1, 7, 27), [1, 3, 3], 3.11.i_bt_gz 
(4, 4, 20), [0, 0, 0], 3.11.i_bv_gm 
(5, 3, 21), [1, 3, 1], 3.11.i_bv_gp 
(1, 7, 29), [1, 3, 1], 3.11.i_bv_hb 
(4, 4, 21), [0, 0, 1], 3.11.i_bw_gq 
(2, 6, 25), [2, 2, 1], 3.11.i_bw_ha 
(3, 5, 23), [3, 1, 3], 3.11.i_bx_gx 
(5, 3, 23), [1, 3, 3], 3.11.i_bx_gz 
(1, 7, 31), [1, 3, 3], 3.11.i_bx_hd 
(4, 4, 23), [0, 0, 3], 3.11.i_by_gy 
(3, 5, 25), [3, 1, 1], 3.11.i_bz_hd 
(2, 6, 29), [2, 2, 1], 3.11.i_ca_hi 
(3, 5, 27), [3, 1, 3], 3.11.i_cb_hj 
(6, 3, 1), [2, 3, 1], 3.11.j_be_cu 
(6, 3, 2), [2, 3, 2], 3.11.j_bf_da 
(6, 3, 3), [2, 3, 3], 3.11.j_bg_dg 
(6, 3, 5), [2, 3, 1], 3.11.j_bi_ds 
(6, 3, 6), [2, 3, 2], 3.11.j_bj_dy 
(6, 3, 7), [2, 3, 3], 3.11.j_bk_ee 
(5, 4, 5), [1, 0, 1], 3.11.j_bk_ej 
(6, 3, 9), [2, 3, 1], 3.11.j_bm_eq 
(5, 4, 7), [1, 0, 3], 3.11.j_bm_et 
(5, 4, 9), [1, 0, 1], 3.11.j_bo_fd 
(5, 4, 13), [1, 0, 1], 3.11.j_bs_fx 
(5, 4, 14), [1, 0, 2], 3.11.j_bt_gc 
(5, 4, 15), [1, 0, 3], 3.11.j_bu_gh 
(-1, 10, 45), [3, 2, 1], 3.11.j_bu_gt 
(5, 4, 16), [1, 0, 0], 3.11.j_bv_gm 
(3, 6, 19), [3, 2, 3], 3.11.j_bw_hh 
(5, 4, 18), [1, 0, 2], 3.11.j_bx_gw 
(5, 4, 19), [1, 0, 3], 3.11.j_by_hb 
(3, 6, 21), [3, 2, 1], 3.11.j_by_hn 
(5, 4, 20), [1, 0, 0], 3.11.j_bz_hg 
(1, 8, 32), [1, 0, 0], 3.11.j_bz_ia 
(5, 4, 21), [1, 0, 1], 3.11.j_ca_hl 
(3, 6, 23), [3, 2, 3], 3.11.j_ca_ht 
(4, 5, 23), [0, 1, 3], 3.11.j_cc_hu 
(5, 4, 23), [1, 0, 3], 3.11.j_cc_hv 
(3, 6, 25), [3, 2, 1], 3.11.j_cc_hz 
(1, 8, 35), [1, 0, 3], 3.11.j_cc_id 
(2, 7, 29), [2, 3, 1], 3.11.j_cc_ie 
(4, 5, 24), [0, 1, 0], 3.11.j_cd_hy 
(1, 8, 36), [1, 0, 0], 3.11.j_cd_ie 
(2, 7, 30), [2, 3, 2], 3.11.j_cd_ig 
(4, 5, 25), [0, 1, 1], 3.11.j_ce_ic 
(2, 7, 31), [2, 3, 3], 3.11.j_ce_ii 
(3, 6, 28), [3, 2, 0], 3.11.j_cf_ii 
(4, 5, 27), [0, 1, 3], 3.11.j_cg_ik 
(3, 6, 29), [3, 2, 1], 3.11.j_cg_il 
(6, 4, 5), [2, 0, 1], 3.11.k_bo_eo 
(6, 4, 7), [2, 0, 3], 3.11.k_bq_fa 
(6, 4, 9), [2, 0, 1], 3.11.k_bs_fm 
(6, 4, 15), [2, 0, 3], 3.11.k_by_gw 
(6, 4, 19), [2, 0, 3], 3.11.k_cc_hu 
(5, 5, 19), [1, 1, 3], 3.11.k_cd_hx 
(5, 5, 21), [1, 1, 1], 3.11.k_cf_ih 
(5, 5, 23), [1, 1, 3], 3.11.k_ch_ir 
(1, 9, 39), [1, 1, 3], 3.11.k_ch_jd 
(2, 8, 32), [2, 0, 0], 3.11.k_ch_jg 
(5, 5, 25), [1, 1, 1], 3.11.k_cj_jb 
(2, 8, 35), [2, 0, 3], 3.11.k_ck_jm 
(3, 7, 31), [3, 3, 3], 3.11.k_cl_jn 
(4, 6, 29), [0, 2, 1], 3.11.k_cm_jo 
(6, 5, 13), [2, 1, 1], 3.11.l_cc_hg 
(6, 5, 14), [2, 1, 2], 3.11.l_cd_hm 
(6, 5, 15), [2, 1, 3], 3.11.l_ce_hs 
(6, 5, 17), [2, 1, 1], 3.11.l_cg_ie 
(6, 5, 18), [2, 1, 2], 3.11.l_ch_ik 
(6, 5, 19), [2, 1, 3], 3.11.l_ci_iq 
(5, 6, 19), [1, 2, 3], 3.11.l_ci_it 
(6, 5, 20), [2, 1, 0], 3.11.l_cj_iw 
(5, 6, 21), [1, 2, 1], 3.11.l_ck_jd 
(5, 6, 23), [1, 2, 3], 3.11.l_cm_jn 
(5, 6, 24), [1, 2, 0], 3.11.l_cn_js 
(5, 6, 25), [1, 2, 1], 3.11.l_co_jx 
(1, 10, 45), [1, 2, 1], 3.11.l_co_kf 
(5, 6, 26), [1, 2, 2], 3.11.l_cp_kc 
(3, 8, 32), [3, 0, 0], 3.11.l_cp_km 
(2, 9, 38), [2, 1, 2], 3.11.l_cp_ko 
(2, 9, 39), [2, 1, 3], 3.11.l_cq_kq 
(5, 6, 28), [1, 2, 0], 3.11.l_cr_km 
(5, 6, 29), [1, 2, 1], 3.11.l_cs_kr 
(4, 7, 31), [0, 3, 3], 3.11.l_cs_ks 
(2, 9, 41), [2, 1, 1], 3.11.l_cs_ku 
(3, 8, 35), [3, 0, 3], 3.11.l_cs_kv 
(3, 8, 36), [3, 0, 0], 3.11.l_ct_ky 
(6, 6, 18), [2, 2, 2], 3.11.m_cn_jg 
(6, 6, 19), [2, 2, 3], 3.11.m_co_jm 
(6, 6, 21), [2, 2, 1], 3.11.m_cq_jy 
(6, 6, 23), [2, 2, 3], 3.11.m_cs_kk 
(6, 6, 24), [2, 2, 0], 3.11.m_ct_kq 
(5, 7, 25), [1, 3, 1], 3.11.m_ct_kt 
(6, 6, 25), [2, 2, 1], 3.11.m_cu_kw 
(5, 7, 27), [1, 3, 3], 3.11.m_cv_ld 
(1, 11, 51), [1, 3, 3], 3.11.m_cv_lh 
(5, 7, 29), [1, 3, 1], 3.11.m_cx_ln 
(5, 7, 30), [1, 3, 2], 3.11.m_cy_ls 
(6, 6, 29), [2, 2, 1], 3.11.m_cy_lu 
(2, 10, 45), [2, 2, 1], 3.11.m_cy_ly 
(5, 7, 31), [1, 3, 3], 3.11.m_cz_lx 
(3, 9, 39), [3, 1, 3], 3.11.m_cz_md 
(4, 8, 35), [0, 0, 3], 3.11.m_da_me 
(4, 8, 36), [0, 0, 0], 3.11.m_db_mi 
(3, 9, 41), [3, 1, 1], 3.11.m_db_mj 
(6, 7, 25), [2, 3, 1], 3.11.n_da_ls 
(6, 7, 26), [2, 3, 2], 3.11.n_db_ly 
(6, 7, 27), [2, 3, 3], 3.11.n_dc_me 
(6, 7, 29), [2, 3, 1], 3.11.n_de_mq 
(6, 7, 30), [2, 3, 2], 3.11.n_df_mw 
(5, 8, 32), [1, 0, 0], 3.11.n_df_my 
(6, 7, 31), [2, 3, 3], 3.11.n_dg_nc 
(2, 11, 51), [2, 3, 3], 3.11.n_dg_ng 
(4, 9, 38), [0, 1, 2], 3.11.n_dh_nm 
(5, 8, 35), [1, 0, 3], 3.11.n_di_nn 
(4, 9, 39), [0, 1, 3], 3.11.n_di_nq 
(3, 10, 45), [3, 2, 1], 3.11.n_di_nr 
(5, 8, 36), [1, 0, 0], 3.11.n_dj_ns 
(4, 9, 41), [0, 1, 1], 3.11.n_dk_ny 
(6, 8, 32), [2, 0, 0], 3.11.o_dn_oe 
(6, 8, 35), [2, 0, 3], 3.11.o_dq_ow 
(5, 9, 38), [1, 1, 2], 3.11.o_dq_oy 
(6, 8, 36), [2, 0, 0], 3.11.o_dr_pc 
(5, 9, 39), [1, 1, 3], 3.11.o_dr_pd 
(3, 11, 51), [3, 3, 3], 3.11.o_dr_pf 
(4, 10, 45), [0, 2, 1], 3.11.o_ds_pk 
(5, 9, 41), [1, 1, 1], 3.11.o_dt_pn 
(6, 9, 38), [2, 1, 2], 3.11.p_dz_qk 
(6, 9, 39), [2, 1, 3], 3.11.p_ea_qq 
(6, 9, 41), [2, 1, 1], 3.11.p_ec_rc 
(5, 10, 45), [1, 2, 1], 3.11.p_ec_rd 
(4, 11, 51), [0, 3, 3], 3.11.p_ec_re 
(6, 10, 45), [2, 2, 1], 3.11.q_em_sw 
(5, 11, 51), [1, 3, 3], 3.11.q_en_td 
(6, 11, 51), [2, 3, 3], 3.11.r_ey_vc 
