(-7, -10, 49), [1, 2, 1], 3.16.ar_ff_azn 
(-7, -10, 51), [1, 2, 3], 3.16.ar_fh_abab 
(-7, -9, 49), [1, 3, 1], 3.16.aq_ey_ayh 
(-5, -10, 49), [3, 2, 1], 3.16.ap_el_avt 
(-7, -8, 43), [1, 0, 3], 3.16.ap_el_avl 
(-3, -12, 65), [1, 0, 1], 3.16.ap_en_awh 
(-5, -10, 51), [3, 2, 3], 3.16.ap_en_awd 
(-7, -8, 45), [1, 0, 1], 3.16.ap_en_avz 
(-7, -7, 27), [1, 1, 3], 3.16.ao_do_apx 
(-7, -7, 35), [1, 1, 3], 3.16.ao_dw_asb 
(-5, -9, 41), [3, 3, 1], 3.16.ao_dy_asz 
(-1, -13, 73), [3, 3, 1], 3.16.ao_dy_asv 
(-7, -7, 37), [1, 1, 1], 3.16.ao_dy_asp 
(-5, -9, 43), [3, 3, 3], 3.16.ao_ea_atj 
(-5, -9, 45), [3, 3, 1], 3.16.ao_ec_att 
(-3, -11, 61), [1, 1, 1], 3.16.ao_eg_aup 
(-5, -9, 49), [3, 3, 1], 3.16.ao_eg_aun 
(-7, -6, 17), [1, 2, 1], 3.16.an_cx_alz 
(-7, -6, 19), [1, 2, 3], 3.16.an_cz_amn 
(-7, -6, 21), [1, 2, 1], 3.16.an_db_anb 
(-7, -6, 23), [1, 2, 3], 3.16.an_dd_anp 
(-7, -6, 27), [1, 2, 3], 3.16.an_dh_aor 
(-7, -6, 29), [1, 2, 1], 3.16.an_dj_apf 
(-5, -8, 33), [3, 0, 1], 3.16.an_dl_aqf 
(-7, -6, 31), [1, 2, 3], 3.16.an_dl_apt 
(-5, -8, 35), [3, 0, 3], 3.16.an_dn_aqp 
(-7, -6, 33), [1, 2, 1], 3.16.an_dn_aqh 
(-1, -12, 65), [3, 0, 1], 3.16.an_dp_arh 
(-5, -8, 37), [3, 0, 1], 3.16.an_dp_aqz 
(-7, -6, 35), [1, 2, 3], 3.16.an_dp_aqv 
(-3, -10, 49), [1, 2, 1], 3.16.an_dr_arz 
(-3, -10, 51), [1, 2, 3], 3.16.an_dt_asf 
(-7, -6, 39), [1, 2, 3], 3.16.an_dt_arx 
(-5, -8, 41), [3, 0, 1], 3.16.an_dt_art 
(-5, -8, 43), [3, 0, 3], 3.16.an_dv_asd 
(-3, -10, 55), [1, 2, 3], 3.16.an_dx_asr 
(-5, -8, 45), [3, 0, 1], 3.16.an_dx_asn 
(-7, -5, 9), [1, 3, 1], 3.16.am_ci_aip 
(-7, -5, 13), [1, 3, 1], 3.16.am_cm_ajr 
(-7, -5, 15), [1, 3, 3], 3.16.am_co_akf 
(-5, -7, 25), [3, 1, 1], 3.16.am_cy_anl 
(1, -13, 73), [1, 3, 1], 3.16.am_cy_anf 
(-7, -5, 25), [1, 3, 1], 3.16.am_cy_amx 
(-5, -7, 27), [3, 1, 3], 3.16.am_da_anv 
(-7, -5, 27), [1, 3, 3], 3.16.am_da_anl 
(-5, -7, 29), [3, 1, 1], 3.16.am_dc_aof 
(-7, -5, 29), [1, 3, 1], 3.16.am_dc_anz 
(-5, -7, 31), [3, 1, 3], 3.16.am_de_aop 
(-7, -5, 31), [1, 3, 3], 3.16.am_de_aon 
(-3, -9, 41), [1, 3, 1], 3.16.am_dg_apv 
(-1, -11, 57), [3, 1, 1], 3.16.am_dg_apt 
(-7, -5, 33), [1, 3, 1], 3.16.am_dg_apb 
(-3, -9, 43), [1, 3, 3], 3.16.am_di_aqb 
(-7, -5, 35), [1, 3, 3], 3.16.am_di_app 
(-5, -7, 35), [3, 1, 3], 3.16.am_di_apj 
(-3, -9, 45), [1, 3, 1], 3.16.am_dk_aqh 
(-7, -5, 37), [1, 3, 1], 3.16.am_dk_aqd 
(-1, -11, 61), [3, 1, 1], 3.16.am_dk_apx 
(-5, -7, 37), [3, 1, 1], 3.16.am_dk_apt 
(-3, -9, 47), [1, 3, 3], 3.16.am_dm_aqn 
(-5, -7, 39), [3, 1, 3], 3.16.am_dm_aqd 
(-7, -4, 1), [1, 0, 1], 3.16.al_bt_aff 
(-7, -4, 3), [1, 0, 3], 3.16.al_bv_aft 
(-7, -4, 5), [1, 0, 1], 3.16.al_bx_agh 
(-7, -4, 7), [1, 0, 3], 3.16.al_bz_agv 
(-7, -4, 9), [1, 0, 1], 3.16.al_cb_ahj 
(-7, -4, 15), [1, 0, 3], 3.16.al_ch_aiz 
(-7, -4, 17), [1, 0, 1], 3.16.al_cj_ajn 
(-5, -6, 17), [3, 2, 1], 3.16.al_cl_akr 
(-7, -4, 19), [1, 0, 3], 3.16.al_cl_akb 
(-5, -6, 19), [3, 2, 3], 3.16.al_cn_alb 
(-7, -4, 21), [1, 0, 1], 3.16.al_cn_akp 
(-5, -6, 21), [3, 2, 1], 3.16.al_cp_all 
(-7, -4, 23), [1, 0, 3], 3.16.al_cp_ald 
(1, -12, 65), [1, 0, 1], 3.16.al_cr_amh 
(-5, -6, 23), [3, 2, 3], 3.16.al_cr_alv 
(-7, -4, 25), [1, 0, 1], 3.16.al_cr_alr 
(-3, -8, 33), [1, 0, 1], 3.16.al_cv_anr 
(-7, -4, 29), [1, 0, 1], 3.16.al_cv_amt 
(-5, -6, 27), [3, 2, 3], 3.16.al_cv_amp 
(-1, -10, 49), [3, 2, 1], 3.16.al_cx_aof 
(-3, -8, 35), [1, 0, 3], 3.16.al_cx_anx 
(-7, -4, 31), [1, 0, 3], 3.16.al_cx_anh 
(-5, -6, 29), [3, 2, 1], 3.16.al_cx_amz 
(-1, -10, 51), [3, 2, 3], 3.16.al_cz_aoh 
(-3, -8, 37), [1, 0, 1], 3.16.al_cz_aod 
(-7, -4, 33), [1, 0, 1], 3.16.al_cz_anv 
(-5, -6, 31), [3, 2, 3], 3.16.al_cz_anj 
(-5, -6, 33), [3, 2, 1], 3.16.al_db_ant 
(-3, -8, 41), [1, 0, 1], 3.16.al_dd_aop 
(-1, -10, 55), [3, 2, 3], 3.16.al_dd_aol 
(-5, -6, 35), [3, 2, 3], 3.16.al_dd_aod 
(-3, -8, 43), [1, 0, 3], 3.16.al_df_aov 
(-3, -8, 45), [1, 0, 1], 3.16.al_dh_apb 
(-5, -6, 39), [3, 2, 3], 3.16.al_dh_aox 
(-7, -3, -7), [1, 1, 1], 3.16.ak_be_abv 
(-7, -3, -5), [1, 1, 3], 3.16.ak_bg_acj 
(-7, -3, -3), [1, 1, 1], 3.16.ak_bi_acx 
(-7, -3, 7), [1, 1, 3], 3.16.ak_bs_afp 
(-7, -3, 9), [1, 1, 1], 3.16.ak_bu_agd 
(-7, -3, 11), [1, 1, 3], 3.16.ak_bw_agr 
(-5, -5, 9), [3, 3, 1], 3.16.ak_by_ahx 
(3, -13, 73), [3, 3, 1], 3.16.ak_by_ahp 
(-7, -3, 13), [1, 1, 1], 3.16.ak_by_ahf 
(-5, -5, 11), [3, 3, 3], 3.16.ak_ca_aih 
(-7, -3, 15), [1, 1, 3], 3.16.ak_ca_aht 
(-5, -5, 13), [3, 3, 1], 3.16.ak_cc_air 
(-7, -3, 17), [1, 1, 1], 3.16.ak_cc_aih 
(-5, -5, 15), [3, 3, 3], 3.16.ak_ce_ajb 
(-7, -3, 19), [1, 1, 3], 3.16.ak_ce_aiv 
(-5, -5, 17), [3, 3, 1], 3.16.ak_cg_ajl 
(-7, -3, 21), [1, 1, 1], 3.16.ak_cg_ajj 
(-7, -3, 23), [1, 1, 3], 3.16.ak_ci_ajx 
(-5, -5, 19), [3, 3, 3], 3.16.ak_ci_ajv 
(-3, -7, 25), [1, 1, 1], 3.16.ak_ck_aln 
(1, -11, 57), [1, 1, 1], 3.16.ak_ck_alj 
(-7, -3, 25), [1, 1, 1], 3.16.ak_ck_akl 
(-5, -5, 21), [3, 3, 1], 3.16.ak_ck_akf 
(-3, -7, 27), [1, 1, 3], 3.16.ak_cm_alt 
(1, -11, 59), [1, 1, 3], 3.16.ak_cm_alh 
(-7, -3, 27), [1, 1, 3], 3.16.ak_cm_akz 
(-5, -5, 23), [3, 3, 3], 3.16.ak_cm_akp 
(-3, -7, 29), [1, 1, 1], 3.16.ak_co_alz 
(-7, -3, 29), [1, 1, 1], 3.16.ak_co_aln 
(1, -11, 61), [1, 1, 1], 3.16.ak_co_alf 
(-5, -5, 25), [3, 3, 1], 3.16.ak_co_akz 
(-1, -9, 43), [3, 3, 3], 3.16.ak_cq_amt 
(-3, -7, 31), [1, 1, 3], 3.16.ak_cq_amf 
(-7, -3, 31), [1, 1, 3], 3.16.ak_cq_amb 
(-5, -5, 27), [3, 3, 3], 3.16.ak_cq_alj 
(-1, -9, 45), [3, 3, 1], 3.16.ak_cs_amv 
(-7, -3, 33), [1, 1, 1], 3.16.ak_cs_amp 
(-5, -5, 29), [3, 3, 1], 3.16.ak_cs_alt 
(-1, -9, 47), [3, 3, 3], 3.16.ak_cu_amx 
(-3, -7, 35), [1, 1, 3], 3.16.ak_cu_amr 
(-1, -9, 49), [3, 3, 1], 3.16.ak_cw_amz 
(-3, -7, 37), [1, 1, 1], 3.16.ak_cw_amx 
(-3, -7, 39), [1, 1, 3], 3.16.ak_cy_and 
(-1, -9, 51), [3, 3, 3], 3.16.ak_cy_anb 
(-5, -5, 35), [3, 3, 3], 3.16.ak_cy_amx 
(-3, -7, 41), [1, 1, 1], 3.16.ak_da_anj 
(-5, -5, 37), [3, 3, 1], 3.16.ak_da_anh 
(-7, -2, -15), [1, 2, 1], 3.16.aj_p_bp 
(-7, -2, -13), [1, 2, 3], 3.16.aj_r_bb 
(-7, -2, -11), [1, 2, 1], 3.16.aj_t_n 
(-7, -2, -9), [1, 2, 3], 3.16.aj_v_ab 
(-7, -2, -7), [1, 2, 1], 3.16.aj_x_ap 
(-7, -2, -5), [1, 2, 3], 3.16.aj_z_abd 
(-7, -2, -1), [1, 2, 3], 3.16.aj_bd_acf 
(-7, -2, 1), [1, 2, 1], 3.16.aj_bf_act 
(-7, -2, 3), [1, 2, 3], 3.16.aj_bh_adh 
(-7, -2, 5), [1, 2, 1], 3.16.aj_bj_adv 
(-5, -4, 1), [3, 0, 1], 3.16.aj_bl_afd 
(-7, -2, 7), [1, 2, 3], 3.16.aj_bl_aej 
(-5, -4, 3), [3, 0, 3], 3.16.aj_bn_afn 
(-7, -2, 9), [1, 2, 1], 3.16.aj_bn_aex 
(-5, -4, 5), [3, 0, 1], 3.16.aj_bp_afx 
(-7, -2, 11), [1, 2, 3], 3.16.aj_bp_afl 
(-5, -4, 7), [3, 0, 3], 3.16.aj_br_agh 
(-7, -2, 13), [1, 2, 1], 3.16.aj_br_afz 
(3, -12, 65), [3, 0, 1], 3.16.aj_bt_ahh 
(-5, -4, 9), [3, 0, 1], 3.16.aj_bt_agr 
(-7, -2, 15), [1, 2, 3], 3.16.aj_bt_agn 
(-7, -2, 19), [1, 2, 3], 3.16.aj_bx_ahp 
(-5, -4, 13), [3, 0, 1], 3.16.aj_bx_ahl 
(-3, -6, 17), [1, 2, 1], 3.16.aj_bz_ajj 
(-7, -2, 21), [1, 2, 1], 3.16.aj_bz_aid 
(-5, -4, 15), [3, 0, 3], 3.16.aj_bz_ahv 
(-3, -6, 19), [1, 2, 3], 3.16.aj_cb_ajp 
(-7, -2, 23), [1, 2, 3], 3.16.aj_cb_air 
(-5, -4, 17), [3, 0, 1], 3.16.aj_cb_aif 
(1, -10, 49), [1, 2, 1], 3.16.aj_cd_akl 
(-3, -6, 21), [1, 2, 1], 3.16.aj_cd_ajv 
(-7, -2, 25), [1, 2, 1], 3.16.aj_cd_ajf 
(-5, -4, 19), [3, 0, 3], 3.16.aj_cd_aip 
(-1, -8, 33), [3, 0, 1], 3.16.aj_cf_ald 
(1, -10, 51), [1, 2, 3], 3.16.aj_cf_akj 
(-3, -6, 23), [1, 2, 3], 3.16.aj_cf_akb 
(-7, -2, 27), [1, 2, 3], 3.16.aj_cf_ajt 
(-5, -4, 21), [3, 0, 1], 3.16.aj_cf_aiz 
(-1, -8, 35), [3, 0, 3], 3.16.aj_ch_alf 
(-5, -4, 23), [3, 0, 3], 3.16.aj_ch_ajj 
(-1, -8, 37), [3, 0, 1], 3.16.aj_cj_alh 
(-7, -2, 31), [1, 2, 3], 3.16.aj_cj_akv 
(-3, -6, 27), [1, 2, 3], 3.16.aj_cj_akn 
(1, -10, 55), [1, 2, 3], 3.16.aj_cj_akf 
(-5, -4, 25), [3, 0, 1], 3.16.aj_cj_ajt 
(-3, -6, 29), [1, 2, 1], 3.16.aj_cl_akt 
(-1, -8, 41), [3, 0, 1], 3.16.aj_cn_all 
(-3, -6, 31), [1, 2, 3], 3.16.aj_cn_akz 
(-5, -4, 29), [3, 0, 1], 3.16.aj_cn_akn 
(-1, -8, 43), [3, 0, 3], 3.16.aj_cp_aln 
(-3, -6, 33), [1, 2, 1], 3.16.aj_cp_alf 
(-5, -4, 31), [3, 0, 3], 3.16.aj_cp_akx 
(-1, -8, 45), [3, 0, 1], 3.16.aj_cr_alp 
(-3, -6, 35), [1, 2, 3], 3.16.aj_cr_all 
(-5, -4, 33), [3, 0, 1], 3.16.aj_cr_alh 
(-3, -6, 39), [1, 2, 3], 3.16.aj_cv_alx 
(-7, -1, -21), [1, 3, 3], 3.16.ai_c_el 
(-7, -1, -19), [1, 3, 1], 3.16.ai_e_dx 
(-7, -1, -17), [1, 3, 3], 3.16.ai_g_dj 
(-7, -1, -15), [1, 3, 1], 3.16.ai_i_cv 
(-7, -1, -7), [1, 3, 1], 3.16.ai_q_r 
(-7, -1, -5), [1, 3, 3], 3.16.ai_s_d 
(-7, -1, -3), [1, 3, 1], 3.16.ai_u_al 
(-7, -1, -1), [1, 3, 3], 3.16.ai_w_az 
(-5, -3, -7), [3, 1, 1], 3.16.ai_y_acj 
(5, -13, 73), [1, 3, 1], 3.16.ai_y_abz 
(-7, -1, 1), [1, 3, 1], 3.16.ai_y_abn 
(-5, -3, -5), [3, 1, 3], 3.16.ai_ba_act 
(-7, -1, 3), [1, 3, 3], 3.16.ai_ba_acb 
(-5, -3, -3), [3, 1, 1], 3.16.ai_bc_add 
(-7, -1, 5), [1, 3, 1], 3.16.ai_bc_acp 
(-5, -3, -1), [3, 1, 3], 3.16.ai_be_adn 
(-7, -1, 7), [1, 3, 3], 3.16.ai_be_add 
(-5, -3, 1), [3, 1, 1], 3.16.ai_bg_adx 
(-7, -1, 9), [1, 3, 1], 3.16.ai_bg_adr 
(-5, -3, 3), [3, 1, 3], 3.16.ai_bi_aeh 
(-7, -1, 11), [1, 3, 3], 3.16.ai_bi_aef 
(-7, -1, 13), [1, 3, 1], 3.16.ai_bk_aet 
(-5, -3, 5), [3, 1, 1], 3.16.ai_bk_aer 
(-7, -1, 15), [1, 3, 3], 3.16.ai_bm_afh 
(-5, -3, 7), [3, 1, 3], 3.16.ai_bm_afb 
(-3, -5, 9), [1, 3, 1], 3.16.ai_bo_ahf 
(3, -11, 57), [3, 1, 1], 3.16.ai_bo_agz 
(-7, -1, 17), [1, 3, 1], 3.16.ai_bo_afv 
(-5, -3, 9), [3, 1, 1], 3.16.ai_bo_afl 
(-3, -5, 11), [1, 3, 3], 3.16.ai_bq_ahl 
(3, -11, 59), [3, 1, 3], 3.16.ai_bq_agt 
(-7, -1, 19), [1, 3, 3], 3.16.ai_bq_agj 
(-5, -3, 11), [3, 1, 3], 3.16.ai_bq_afv 
(-3, -5, 13), [1, 3, 1], 3.16.ai_bs_ahr 
(-7, -1, 21), [1, 3, 1], 3.16.ai_bs_agx 
(3, -11, 61), [3, 1, 1], 3.16.ai_bs_agn 
(-5, -3, 13), [3, 1, 1], 3.16.ai_bs_agf 
(-3, -5, 15), [1, 3, 3], 3.16.ai_bu_ahx 
(-7, -1, 23), [1, 3, 3], 3.16.ai_bu_ahl 
(-5, -3, 15), [3, 1, 3], 3.16.ai_bu_agp 
(-1, -7, 25), [3, 1, 1], 3.16.ai_bw_ajp 
(1, -9, 41), [1, 3, 1], 3.16.ai_bw_ajn 
(-3, -5, 17), [1, 3, 1], 3.16.ai_bw_aid 
(-7, -1, 25), [1, 3, 1], 3.16.ai_bw_ahz 
(-5, -3, 17), [3, 1, 1], 3.16.ai_bw_agz 
(-1, -7, 27), [3, 1, 3], 3.16.ai_by_ajr 
(1, -9, 43), [1, 3, 3], 3.16.ai_by_ajl 
(-7, -1, 27), [1, 3, 3], 3.16.ai_by_ain 
(-3, -5, 19), [1, 3, 3], 3.16.ai_by_aij 
(-5, -3, 19), [3, 1, 3], 3.16.ai_by_ahj 
(-1, -7, 29), [3, 1, 1], 3.16.ai_ca_ajt 
(1, -9, 45), [1, 3, 1], 3.16.ai_ca_ajj 
(-7, -1, 29), [1, 3, 1], 3.16.ai_ca_ajb 
(-3, -5, 21), [1, 3, 1], 3.16.ai_ca_aip 
(-1, -7, 31), [3, 1, 3], 3.16.ai_cc_ajv 
(-7, -1, 31), [1, 3, 3], 3.16.ai_cc_ajp 
(1, -9, 47), [1, 3, 3], 3.16.ai_cc_ajh 
(-3, -5, 23), [1, 3, 3], 3.16.ai_cc_aiv 
(-1, -7, 33), [3, 1, 1], 3.16.ai_ce_ajx 
(1, -9, 49), [1, 3, 1], 3.16.ai_ce_ajf 
(-3, -5, 25), [1, 3, 1], 3.16.ai_ce_ajb 
(-5, -3, 25), [3, 1, 1], 3.16.ai_ce_ain 
(-3, -5, 27), [1, 3, 3], 3.16.ai_cg_ajh 
(1, -9, 51), [1, 3, 3], 3.16.ai_cg_ajd 
(-5, -3, 27), [3, 1, 3], 3.16.ai_cg_aix 
(-3, -5, 29), [1, 3, 1], 3.16.ai_ci_ajn 
(-5, -3, 29), [3, 1, 1], 3.16.ai_ci_ajh 
(-5, -3, 31), [3, 1, 3], 3.16.ai_ck_ajr 
(-5, -3, 33), [3, 1, 1], 3.16.ai_cm_akb 
(-3, -5, 33), [1, 3, 1], 3.16.ai_cm_ajz 
(-1, -7, 43), [3, 1, 3], 3.16.ai_co_akh 
(-3, -5, 35), [1, 3, 3], 3.16.ai_co_akf 
(-7, 0, -29), [1, 0, 3], 3.16.ah_an_hv 
(-7, 0, -27), [1, 0, 1], 3.16.ah_al_hh 
(-7, 0, -25), [1, 0, 3], 3.16.ah_aj_gt 
(-7, 0, -23), [1, 0, 1], 3.16.ah_ah_gf 
(-7, 0, -21), [1, 0, 3], 3.16.ah_af_fr 
(-7, 0, -15), [1, 0, 1], 3.16.ah_b_eb 
(-7, 0, -13), [1, 0, 3], 3.16.ah_d_dn 
(-7, 0, -11), [1, 0, 1], 3.16.ah_f_cz 
(-7, 0, -9), [1, 0, 3], 3.16.ah_h_cl 
(-7, 0, -7), [1, 0, 1], 3.16.ah_j_bx 
(-5, -2, -15), [3, 2, 1], 3.16.ah_l_l 
(-7, 0, -5), [1, 0, 3], 3.16.ah_l_bj 
(-5, -2, -13), [3, 2, 3], 3.16.ah_n_b 
(-7, 0, -3), [1, 0, 1], 3.16.ah_n_v 
(-5, -2, -11), [3, 2, 1], 3.16.ah_p_aj 
(-7, 0, -1), [1, 0, 3], 3.16.ah_p_h 
(-5, -2, -9), [3, 2, 3], 3.16.ah_r_at 
(-7, 0, 1), [1, 0, 1], 3.16.ah_r_ah 
(-5, -2, -7), [3, 2, 1], 3.16.ah_t_abd 
(-7, 0, 3), [1, 0, 3], 3.16.ah_t_av 
(5, -12, 65), [1, 0, 1], 3.16.ah_v_ach 
(-5, -2, -5), [3, 2, 3], 3.16.ah_v_abn 
(-7, 0, 5), [1, 0, 1], 3.16.ah_v_abj 
(-7, 0, 9), [1, 0, 1], 3.16.ah_z_acl 
(-5, -2, -1), [3, 2, 3], 3.16.ah_z_ach 
(-7, 0, 11), [1, 0, 3], 3.16.ah_bb_acz 
(-5, -2, 1), [3, 2, 1], 3.16.ah_bb_acr 
(-3, -4, 1), [1, 0, 1], 3.16.ah_bd_afb 
(-7, 0, 13), [1, 0, 1], 3.16.ah_bd_adn 
(-5, -2, 3), [3, 2, 3], 3.16.ah_bd_adb 
(-3, -4, 3), [1, 0, 3], 3.16.ah_bf_afh 
(-7, 0, 15), [1, 0, 3], 3.16.ah_bf_aeb 
(-5, -2, 5), [3, 2, 1], 3.16.ah_bf_adl 
(-3, -4, 5), [1, 0, 1], 3.16.ah_bh_afn 
(-7, 0, 17), [1, 0, 1], 3.16.ah_bh_aep 
(-5, -2, 7), [3, 2, 3], 3.16.ah_bh_adv 
(3, -10, 49), [3, 2, 1], 3.16.ah_bj_agr 
(-3, -4, 7), [1, 0, 3], 3.16.ah_bj_aft 
(-7, 0, 19), [1, 0, 3], 3.16.ah_bj_afd 
(-5, -2, 9), [3, 2, 1], 3.16.ah_bj_aef 
(3, -10, 51), [3, 2, 3], 3.16.ah_bl_agl 
(-3, -4, 9), [1, 0, 1], 3.16.ah_bl_afz 
(-7, 0, 21), [1, 0, 1], 3.16.ah_bl_afr 
(-5, -2, 11), [3, 2, 3], 3.16.ah_bl_aep 
(-1, -6, 17), [3, 2, 1], 3.16.ah_bn_aib 
(-5, -2, 13), [3, 2, 1], 3.16.ah_bn_aez 
(1, -8, 33), [1, 0, 1], 3.16.ah_bp_aip 
(-1, -6, 19), [3, 2, 3], 3.16.ah_bp_aid 
(-7, 0, 25), [1, 0, 1], 3.16.ah_bp_agt 
(-3, -4, 13), [1, 0, 1], 3.16.ah_bp_agl 
(3, -10, 55), [3, 2, 3], 3.16.ah_bp_afz 
(-5, -2, 15), [3, 2, 3], 3.16.ah_bp_afj 
(1, -8, 35), [1, 0, 3], 3.16.ah_br_ain 
(-1, -6, 21), [3, 2, 1], 3.16.ah_br_aif 
(-7, 0, 27), [1, 0, 3], 3.16.ah_br_ahh 
(-3, -4, 15), [1, 0, 3], 3.16.ah_br_agr 
(1, -8, 37), [1, 0, 1], 3.16.ah_bt_ail 
(-1, -6, 23), [3, 2, 3], 3.16.ah_bt_aih 
(-7, 0, 29), [1, 0, 1], 3.16.ah_bt_ahv 
(-3, -4, 17), [1, 0, 1], 3.16.ah_bt_agx 
(-5, -2, 19), [3, 2, 3], 3.16.ah_bt_agd 
(-3, -4, 19), [1, 0, 3], 3.16.ah_bv_ahd 
(-5, -2, 21), [3, 2, 1], 3.16.ah_bv_agn 
(-1, -6, 27), [3, 2, 3], 3.16.ah_bx_ail 
(1, -8, 41), [1, 0, 1], 3.16.ah_bx_aih 
(-3, -4, 21), [1, 0, 1], 3.16.ah_bx_ahj 
(-5, -2, 23), [3, 2, 3], 3.16.ah_bx_agx 
(-1, -6, 29), [3, 2, 1], 3.16.ah_bz_ain 
(1, -8, 43), [1, 0, 3], 3.16.ah_bz_aif 
(-3, -4, 23), [1, 0, 3], 3.16.ah_bz_ahp 
(-5, -2, 25), [3, 2, 1], 3.16.ah_bz_ahh 
(-1, -6, 31), [3, 2, 3], 3.16.ah_cb_aip 
(1, -8, 45), [1, 0, 1], 3.16.ah_cb_aid 
(-3, -4, 25), [1, 0, 1], 3.16.ah_cb_ahv 
(-5, -2, 27), [3, 2, 3], 3.16.ah_cb_ahr 
(-1, -6, 33), [3, 2, 1], 3.16.ah_cd_air 
(-1, -6, 35), [3, 2, 3], 3.16.ah_cf_ait 
(-5, -2, 31), [3, 2, 3], 3.16.ah_cf_ail 
(-3, -4, 29), [1, 0, 1], 3.16.ah_cf_aih 
(-3, -4, 31), [1, 0, 3], 3.16.ah_ch_ain 
(-1, -6, 39), [3, 2, 3], 3.16.ah_cj_aix 
(-3, -4, 33), [1, 0, 1], 3.16.ah_cj_ait 
(-7, 1, -21), [1, 1, 3], 3.16.ag_am_gx 
(-7, 1, -19), [1, 1, 1], 3.16.ag_ak_gj 
(-7, 1, -17), [1, 1, 3], 3.16.ag_ai_fv 
(-7, 1, -15), [1, 1, 1], 3.16.ag_ag_fh 
(-7, 1, -13), [1, 1, 3], 3.16.ag_ae_et 
(-5, -1, -23), [3, 3, 1], 3.16.ag_ac_df 
(7, -13, 73), [3, 3, 1], 3.16.ag_ac_dr 
(-7, 1, -11), [1, 1, 1], 3.16.ag_ac_ef 
(-5, -1, -21), [3, 3, 3], 3.16.ag_a_cv 
(-7, 1, -9), [1, 1, 3], 3.16.ag_a_dr 
(-5, -1, -19), [3, 3, 1], 3.16.ag_c_cl 
(-7, 1, -7), [1, 1, 1], 3.16.ag_c_dd 
(-5, -1, -17), [3, 3, 3], 3.16.ag_e_cb 
(-7, 1, -5), [1, 1, 3], 3.16.ag_e_cp 
(-5, -1, -15), [3, 3, 1], 3.16.ag_g_br 
(-7, 1, -3), [1, 1, 1], 3.16.ag_g_cb 
(-5, -1, -13), [3, 3, 3], 3.16.ag_i_bh 
(-7, 1, -1), [1, 1, 3], 3.16.ag_i_bn 
(-5, -1, -11), [3, 3, 1], 3.16.ag_k_x 
(-7, 1, 1), [1, 1, 1], 3.16.ag_k_z 
(-7, 1, 3), [1, 1, 3], 3.16.ag_m_l 
(-5, -1, -9), [3, 3, 3], 3.16.ag_m_n 
(-7, 1, 5), [1, 1, 1], 3.16.ag_o_ad 
(-5, -1, -7), [3, 3, 1], 3.16.ag_o_d 
(-7, 1, 7), [1, 1, 3], 3.16.ag_q_ar 
(-5, -1, -5), [3, 3, 3], 3.16.ag_q_ah 
(-3, -3, -7), [1, 1, 1], 3.16.ag_s_acx 
(5, -11, 57), [1, 1, 1], 3.16.ag_s_acp 
(-7, 1, 9), [1, 1, 1], 3.16.ag_s_abf 
(-5, -1, -3), [3, 3, 1], 3.16.ag_s_ar 
(-3, -3, -5), [1, 1, 3], 3.16.ag_u_add 
(5, -11, 59), [1, 1, 3], 3.16.ag_u_acf 
(-7, 1, 11), [1, 1, 3], 3.16.ag_u_abt 
(-5, -1, -1), [3, 3, 3], 3.16.ag_u_abb 
(-3, -3, -3), [1, 1, 1], 3.16.ag_w_adj 
(-7, 1, 13), [1, 1, 1], 3.16.ag_w_ach 
(5, -11, 61), [1, 1, 1], 3.16.ag_w_abv 
(-5, -1, 1), [3, 3, 1], 3.16.ag_w_abl 
(-3, -3, -1), [1, 1, 3], 3.16.ag_y_adp 
(-7, 1, 15), [1, 1, 3], 3.16.ag_y_acv 
(-5, -1, 3), [3, 3, 3], 3.16.ag_y_abv 
(-3, -3, 1), [1, 1, 1], 3.16.ag_ba_adv 
(-7, 1, 17), [1, 1, 1], 3.16.ag_ba_adj 
(-5, -1, 5), [3, 3, 1], 3.16.ag_ba_acf 
(-3, -3, 3), [1, 1, 3], 3.16.ag_bc_aeb 
(-7, 1, 19), [1, 1, 3], 3.16.ag_bc_adx 
(-5, -1, 7), [3, 3, 3], 3.16.ag_bc_acp 
(-1, -5, 9), [3, 3, 1], 3.16.ag_be_agn 
(3, -9, 41), [3, 3, 1], 3.16.ag_be_agj 
(-7, 1, 21), [1, 1, 1], 3.16.ag_be_ael 
(-3, -3, 5), [1, 1, 1], 3.16.ag_be_aeh 
(-5, -1, 9), [3, 3, 1], 3.16.ag_be_acz 
(-1, -5, 11), [3, 3, 3], 3.16.ag_bg_agp 
(3, -9, 43), [3, 3, 3], 3.16.ag_bg_agd 
(-7, 1, 23), [1, 1, 3], 3.16.ag_bg_aez 
(-3, -3, 7), [1, 1, 3], 3.16.ag_bg_aen 
(-1, -5, 13), [3, 3, 1], 3.16.ag_bi_agr 
(3, -9, 45), [3, 3, 1], 3.16.ag_bi_afx 
(-7, 1, 25), [1, 1, 1], 3.16.ag_bi_afn 
(-3, -3, 9), [1, 1, 1], 3.16.ag_bi_aet 
(1, -7, 27), [1, 1, 3], 3.16.ag_bk_ahp 
(-1, -5, 15), [3, 3, 3], 3.16.ag_bk_agt 
(-7, 1, 27), [1, 1, 3], 3.16.ag_bk_agb 
(3, -9, 47), [3, 3, 3], 3.16.ag_bk_afr 
(-3, -3, 11), [1, 1, 3], 3.16.ag_bk_aez 
(1, -7, 29), [1, 1, 1], 3.16.ag_bm_ahn 
(-1, -5, 17), [3, 3, 1], 3.16.ag_bm_agv 
(-7, 1, 29), [1, 1, 1], 3.16.ag_bm_agp 
(3, -9, 49), [3, 3, 1], 3.16.ag_bm_afl 
(-3, -3, 13), [1, 1, 1], 3.16.ag_bm_aff 
(-5, -1, 17), [3, 3, 1], 3.16.ag_bm_aen 
(1, -7, 31), [1, 1, 3], 3.16.ag_bo_ahl 
(-7, 1, 31), [1, 1, 3], 3.16.ag_bo_ahd 
(-1, -5, 19), [3, 3, 3], 3.16.ag_bo_agx 
(-3, -3, 15), [1, 1, 3], 3.16.ag_bo_afl 
(3, -9, 51), [3, 3, 3], 3.16.ag_bo_aff 
(-5, -1, 19), [3, 3, 3], 3.16.ag_bo_aex 
(1, -7, 33), [1, 1, 1], 3.16.ag_bq_ahj 
(-1, -5, 21), [3, 3, 1], 3.16.ag_bq_agz 
(-3, -3, 17), [1, 1, 1], 3.16.ag_bq_afr 
(-5, -1, 21), [3, 3, 1], 3.16.ag_bq_afh 
(-1, -5, 23), [3, 3, 3], 3.16.ag_bs_ahb 
(-3, -3, 19), [1, 1, 3], 3.16.ag_bs_afx 
(-5, -1, 23), [3, 3, 3], 3.16.ag_bs_afr 
(1, -7, 37), [1, 1, 1], 3.16.ag_bu_ahf 
(-1, -5, 25), [3, 3, 1], 3.16.ag_bu_ahd 
(-3, -3, 21), [1, 1, 1], 3.16.ag_bu_agd 
(-5, -1, 25), [3, 3, 1], 3.16.ag_bu_agb 
(-1, -5, 27), [3, 3, 3], 3.16.ag_bw_ahf 
(1, -7, 39), [1, 1, 3], 3.16.ag_bw_ahd 
(-5, -1, 27), [3, 3, 3], 3.16.ag_bw_agl 
(-3, -3, 23), [1, 1, 3], 3.16.ag_bw_agj 
(-1, -5, 29), [3, 3, 1], 3.16.ag_by_ahh 
(1, -7, 41), [1, 1, 1], 3.16.ag_by_ahb 
(-5, -1, 29), [3, 3, 1], 3.16.ag_by_agv 
(-3, -3, 25), [1, 1, 1], 3.16.ag_by_agp 
(-1, -5, 31), [3, 3, 3], 3.16.ag_ca_ahj 
(-5, -1, 31), [3, 3, 3], 3.16.ag_ca_ahf 
(1, -7, 43), [1, 1, 3], 3.16.ag_ca_agz 
(-3, -3, 27), [1, 1, 3], 3.16.ag_ca_agv 
(-5, 0, -29), [3, 0, 3], 3.16.af_an_fp 
(-7, 2, -15), [1, 2, 1], 3.16.af_an_gn 
(-5, 0, -27), [3, 0, 1], 3.16.af_al_ff 
(-7, 2, -13), [1, 2, 3], 3.16.af_al_fz 
(-5, 0, -25), [3, 0, 3], 3.16.af_aj_ev 
(-7, 2, -11), [1, 2, 1], 3.16.af_aj_fl 
(-5, 0, -23), [3, 0, 1], 3.16.af_ah_el 
(-7, 2, -9), [1, 2, 3], 3.16.af_ah_ex 
(-5, 0, -21), [3, 0, 3], 3.16.af_af_eb 
(-7, 2, -7), [1, 2, 1], 3.16.af_af_ej 
(7, -12, 65), [3, 0, 1], 3.16.af_ad_ct 
(-5, 0, -19), [3, 0, 1], 3.16.af_ad_dr 
(-7, 2, -5), [1, 2, 3], 3.16.af_ad_dv 
(-7, 2, -1), [1, 2, 3], 3.16.af_b_ct 
(-5, 0, -15), [3, 0, 1], 3.16.af_b_cx 
(-7, 2, 1), [1, 2, 1], 3.16.af_d_cf 
(-5, 0, -13), [3, 0, 3], 3.16.af_d_cn 
(-7, 2, 3), [1, 2, 3], 3.16.af_f_br 
(-5, 0, -11), [3, 0, 1], 3.16.af_f_cd 
(-3, -2, -15), [1, 2, 1], 3.16.af_h_at 
(-7, 2, 5), [1, 2, 1], 3.16.af_h_bd 
(-5, 0, -9), [3, 0, 3], 3.16.af_h_bt 
(-3, -2, -13), [1, 2, 3], 3.16.af_j_az 
(-7, 2, 7), [1, 2, 3], 3.16.af_j_p 
(-5, 0, -7), [3, 0, 1], 3.16.af_j_bj 
(-3, -2, -11), [1, 2, 1], 3.16.af_l_abf 
(-7, 2, 9), [1, 2, 1], 3.16.af_l_b 
(-5, 0, -5), [3, 0, 3], 3.16.af_l_z 
(-3, -2, -9), [1, 2, 3], 3.16.af_n_abl 
(-7, 2, 11), [1, 2, 3], 3.16.af_n_an 
(-5, 0, -3), [3, 0, 1], 3.16.af_n_p 
(5, -10, 49), [1, 2, 1], 3.16.af_p_acx 
(-3, -2, -7), [1, 2, 1], 3.16.af_p_abr 
(-7, 2, 13), [1, 2, 1], 3.16.af_p_abb 
(-5, 0, -1), [3, 0, 3], 3.16.af_p_f 
(5, -10, 51), [1, 2, 3], 3.16.af_r_acn 
(-3, -2, -5), [1, 2, 3], 3.16.af_r_abx 
(-7, 2, 15), [1, 2, 3], 3.16.af_r_abp 
(-5, 0, 1), [3, 0, 1], 3.16.af_r_af 
(-5, 0, 3), [3, 0, 3], 3.16.af_t_ap 
(-1, -4, 1), [3, 0, 1], 3.16.af_v_aez 
(-7, 2, 19), [1, 2, 3], 3.16.af_v_acr 
(-3, -2, -1), [1, 2, 3], 3.16.af_v_acj 
(5, -10, 55), [1, 2, 3], 3.16.af_v_abt 
(-5, 0, 5), [3, 0, 1], 3.16.af_v_az 
(-1, -4, 3), [3, 0, 3], 3.16.af_x_afb 
(-7, 2, 21), [1, 2, 1], 3.16.af_x_adf 
(-3, -2, 1), [1, 2, 1], 3.16.af_x_acp 
(3, -8, 33), [3, 0, 1], 3.16.af_z_agb 
(-1, -4, 5), [3, 0, 1], 3.16.af_z_afd 
(-7, 2, 23), [1, 2, 3], 3.16.af_z_adt 
(-3, -2, 3), [1, 2, 3], 3.16.af_z_acv 
(-5, 0, 9), [3, 0, 1], 3.16.af_z_abt 
(1, -6, 17), [1, 2, 1], 3.16.af_bb_agt 
(3, -8, 35), [3, 0, 3], 3.16.af_bb_afv 
(-1, -4, 7), [3, 0, 3], 3.16.af_bb_aff 
(-7, 2, 25), [1, 2, 1], 3.16.af_bb_aeh 
(-3, -2, 5), [1, 2, 1], 3.16.af_bb_adb 
(-5, 0, 11), [3, 0, 3], 3.16.af_bb_acd 
(1, -6, 19), [1, 2, 3], 3.16.af_bd_agr 
(3, -8, 37), [3, 0, 1], 3.16.af_bd_afp 
(-1, -4, 9), [3, 0, 1], 3.16.af_bd_afh 
(-7, 2, 27), [1, 2, 3], 3.16.af_bd_aev 
(-3, -2, 7), [1, 2, 3], 3.16.af_bd_adh 
(-5, 0, 13), [3, 0, 1], 3.16.af_bd_acn 
(1, -6, 21), [1, 2, 1], 3.16.af_bf_agp 
(-3, -2, 9), [1, 2, 1], 3.16.af_bf_adn 
(-5, 0, 15), [3, 0, 3], 3.16.af_bf_acx 
(1, -6, 23), [1, 2, 3], 3.16.af_bh_agn 
(-7, 2, 31), [1, 2, 3], 3.16.af_bh_afx 
(-1, -4, 13), [3, 0, 1], 3.16.af_bh_afl 
(3, -8, 41), [3, 0, 1], 3.16.af_bh_afd 
(-3, -2, 11), [1, 2, 3], 3.16.af_bh_adt 
(-5, 0, 17), [3, 0, 1], 3.16.af_bh_adh 
(-1, -4, 15), [3, 0, 3], 3.16.af_bj_afn 
(3, -8, 43), [3, 0, 3], 3.16.af_bj_aex 
(-3, -2, 13), [1, 2, 1], 3.16.af_bj_adz 
(-5, 0, 19), [3, 0, 3], 3.16.af_bj_adr 
(1, -6, 27), [1, 2, 3], 3.16.af_bl_agj 
(-1, -4, 17), [3, 0, 1], 3.16.af_bl_afp 
(3, -8, 45), [3, 0, 1], 3.16.af_bl_aer 
(-3, -2, 15), [1, 2, 3], 3.16.af_bl_aef 
(-5, 0, 21), [3, 0, 1], 3.16.af_bl_aeb 
(1, -6, 29), [1, 2, 1], 3.16.af_bn_agh 
(-1, -4, 19), [3, 0, 3], 3.16.af_bn_afr 
(1, -6, 31), [1, 2, 3], 3.16.af_bp_agf 
(-1, -4, 21), [3, 0, 1], 3.16.af_bp_aft 
(-5, 0, 25), [3, 0, 1], 3.16.af_bp_aev 
(-3, -2, 19), [1, 2, 3], 3.16.af_bp_aer 
(1, -6, 33), [1, 2, 1], 3.16.af_br_agd 
(-1, -4, 23), [3, 0, 3], 3.16.af_br_afv 
(-5, 0, 27), [3, 0, 3], 3.16.af_br_aff 
(-3, -2, 21), [1, 2, 1], 3.16.af_br_aex 
(1, -6, 35), [1, 2, 3], 3.16.af_bt_agb 
(-1, -4, 25), [3, 0, 1], 3.16.af_bt_afx 
(-5, 0, 29), [3, 0, 1], 3.16.af_bt_afp 
(-3, -2, 23), [1, 2, 3], 3.16.af_bt_afd 
(-3, -2, 25), [1, 2, 1], 3.16.af_bv_afj 
(-1, -4, 29), [3, 0, 1], 3.16.af_bx_agb 
(1, -6, 39), [1, 2, 3], 3.16.af_bx_afx 
(-3, -2, 27), [1, 2, 3], 3.16.af_bx_afp 
(-1, -4, 31), [3, 0, 3], 3.16.af_bz_agd 
(-3, -2, 31), [1, 2, 3], 3.16.af_cb_agb 
(-5, 1, -23), [3, 1, 1], 3.16.ae_am_fr 
(-7, 3, -5), [1, 3, 3], 3.16.ae_ak_fb 
(-5, 1, -21), [3, 1, 3], 3.16.ae_ak_fh 
(-7, 3, -3), [1, 3, 1], 3.16.ae_ai_en 
(-5, 1, -19), [3, 1, 1], 3.16.ae_ai_ex 
(-7, 3, -1), [1, 3, 3], 3.16.ae_ag_dz 
(-5, 1, -17), [3, 1, 3], 3.16.ae_ag_en 
(-3, -1, -23), [1, 3, 1], 3.16.ae_ae_bl 
(7, -11, 57), [3, 1, 1], 3.16.ae_ae_bv 
(-7, 3, 1), [1, 3, 1], 3.16.ae_ae_dl 
(-5, 1, -15), [3, 1, 1], 3.16.ae_ae_ed 
(-3, -1, -21), [1, 3, 3], 3.16.ae_ac_bf 
(7, -11, 59), [3, 1, 3], 3.16.ae_ac_cj 
(-7, 3, 3), [1, 3, 3], 3.16.ae_ac_cx 
(-5, 1, -13), [3, 1, 3], 3.16.ae_ac_dt 
(-3, -1, -19), [1, 3, 1], 3.16.ae_a_z 
(-7, 3, 5), [1, 3, 1], 3.16.ae_a_cj 
(7, -11, 61), [3, 1, 1], 3.16.ae_a_cx 
(-5, 1, -11), [3, 1, 1], 3.16.ae_a_dj 
(-3, -1, -17), [1, 3, 3], 3.16.ae_c_t 
(-7, 3, 7), [1, 3, 3], 3.16.ae_c_bv 
(-5, 1, -9), [3, 1, 3], 3.16.ae_c_cz 
(-3, -1, -15), [1, 3, 1], 3.16.ae_e_n 
(-7, 3, 9), [1, 3, 1], 3.16.ae_e_bh 
(-5, 1, -7), [3, 1, 1], 3.16.ae_e_cp 
(-3, -1, -13), [1, 3, 3], 3.16.ae_g_h 
(-7, 3, 11), [1, 3, 3], 3.16.ae_g_t 
(-5, 1, -5), [3, 1, 3], 3.16.ae_g_cf 
(-3, -1, -11), [1, 3, 1], 3.16.ae_i_b 
(-7, 3, 13), [1, 3, 1], 3.16.ae_i_f 
(-5, 1, -3), [3, 1, 1], 3.16.ae_i_bv 
(-7, 3, 15), [1, 3, 3], 3.16.ae_k_aj 
(-3, -1, -9), [1, 3, 3], 3.16.ae_k_af 
(-5, 1, -1), [3, 1, 3], 3.16.ae_k_bl 
(-1, -3, -7), [3, 1, 1], 3.16.ae_m_adl 
(5, -9, 41), [1, 3, 1], 3.16.ae_m_adf 
(-7, 3, 17), [1, 3, 1], 3.16.ae_m_ax 
(-3, -1, -7), [1, 3, 1], 3.16.ae_m_al 
(-1, -3, -5), [3, 1, 3], 3.16.ae_o_adn 
(5, -9, 43), [1, 3, 3], 3.16.ae_o_acv 
(-7, 3, 19), [1, 3, 3], 3.16.ae_o_abl 
(-3, -1, -5), [1, 3, 3], 3.16.ae_o_ar 
(-1, -3, -3), [3, 1, 1], 3.16.ae_q_adp 
(5, -9, 45), [1, 3, 1], 3.16.ae_q_acl 
(-7, 3, 21), [1, 3, 1], 3.16.ae_q_abz 
(-3, -1, -3), [1, 3, 1], 3.16.ae_q_ax 
(-5, 1, 5), [3, 1, 1], 3.16.ae_q_h 
(-1, -3, -1), [3, 1, 3], 3.16.ae_s_adr 
(-7, 3, 23), [1, 3, 3], 3.16.ae_s_acn 
(5, -9, 47), [1, 3, 3], 3.16.ae_s_acb 
(-3, -1, -1), [1, 3, 3], 3.16.ae_s_abd 
(-5, 1, 7), [3, 1, 3], 3.16.ae_s_ad 
(1, -5, 9), [1, 3, 1], 3.16.ae_u_afv 
(3, -7, 25), [3, 1, 1], 3.16.ae_u_aft 
(-1, -3, 1), [3, 1, 1], 3.16.ae_u_adt 
(-7, 3, 25), [1, 3, 1], 3.16.ae_u_adb 
(5, -9, 49), [1, 3, 1], 3.16.ae_u_abr 
(-3, -1, 1), [1, 3, 1], 3.16.ae_u_abj 
(-5, 1, 9), [3, 1, 1], 3.16.ae_u_an 
(1, -5, 11), [1, 3, 3], 3.16.ae_w_aft 
(3, -7, 27), [3, 1, 3], 3.16.ae_w_afn 
(-1, -3, 3), [3, 1, 3], 3.16.ae_w_adv 
(-7, 3, 27), [1, 3, 3], 3.16.ae_w_adp 
(-3, -1, 3), [1, 3, 3], 3.16.ae_w_abp 
(5, -9, 51), [1, 3, 3], 3.16.ae_w_abh 
(-5, 1, 11), [3, 1, 3], 3.16.ae_w_ax 
(1, -5, 13), [1, 3, 1], 3.16.ae_y_afr 
(3, -7, 29), [3, 1, 1], 3.16.ae_y_afh 
(-7, 3, 29), [1, 3, 1], 3.16.ae_y_aed 
(-1, -3, 5), [3, 1, 1], 3.16.ae_y_adx 
(-3, -1, 5), [1, 3, 1], 3.16.ae_y_abv 
(-5, 1, 13), [3, 1, 1], 3.16.ae_y_abh 
(1, -5, 15), [1, 3, 3], 3.16.ae_ba_afp 
(3, -7, 31), [3, 1, 3], 3.16.ae_ba_afb 
(-7, 3, 31), [1, 3, 3], 3.16.ae_ba_aer 
(-1, -3, 7), [3, 1, 3], 3.16.ae_ba_adz 
(-3, -1, 7), [1, 3, 3], 3.16.ae_ba_acb 
(-5, 1, 15), [3, 1, 3], 3.16.ae_ba_abr 
(1, -5, 17), [1, 3, 1], 3.16.ae_bc_afn 
(-7, 3, 33), [1, 3, 1], 3.16.ae_bc_aff 
(3, -7, 33), [3, 1, 1], 3.16.ae_bc_aev 
(-1, -3, 9), [3, 1, 1], 3.16.ae_bc_aeb 
(-3, -1, 9), [1, 3, 1], 3.16.ae_bc_ach 
(-5, 1, 17), [3, 1, 1], 3.16.ae_bc_acb 
(1, -5, 19), [1, 3, 3], 3.16.ae_be_afl 
(3, -7, 35), [3, 1, 3], 3.16.ae_be_aep 
(-1, -3, 11), [3, 1, 3], 3.16.ae_be_aed 
(-3, -1, 11), [1, 3, 3], 3.16.ae_be_acn 
(-5, 1, 19), [3, 1, 3], 3.16.ae_be_acl 
(1, -5, 21), [1, 3, 1], 3.16.ae_bg_afj 
(3, -7, 37), [3, 1, 1], 3.16.ae_bg_aej 
(-1, -3, 13), [3, 1, 1], 3.16.ae_bg_aef 
(-5, 1, 21), [3, 1, 1], 3.16.ae_bg_acv 
(-3, -1, 13), [1, 3, 1], 3.16.ae_bg_act 
(1, -5, 23), [1, 3, 3], 3.16.ae_bi_afh 
(-1, -3, 15), [3, 1, 3], 3.16.ae_bi_aeh 
(3, -7, 39), [3, 1, 3], 3.16.ae_bi_aed 
(-5, 1, 23), [3, 1, 3], 3.16.ae_bi_adf 
(-3, -1, 15), [1, 3, 3], 3.16.ae_bi_acz 
(-1, -3, 17), [3, 1, 1], 3.16.ae_bk_aej 
(3, -7, 41), [3, 1, 1], 3.16.ae_bk_adx 
(-5, 1, 25), [3, 1, 1], 3.16.ae_bk_adp 
(-3, -1, 17), [1, 3, 1], 3.16.ae_bk_adf 
(-1, -3, 19), [3, 1, 3], 3.16.ae_bm_ael 
(-5, 1, 27), [3, 1, 3], 3.16.ae_bm_adz 
(3, -7, 43), [3, 1, 3], 3.16.ae_bm_adr 
(-3, -1, 19), [1, 3, 3], 3.16.ae_bm_adl 
(1, -5, 29), [1, 3, 1], 3.16.ae_bo_afb 
(-1, -3, 21), [3, 1, 1], 3.16.ae_bo_aen 
(-5, 1, 29), [3, 1, 1], 3.16.ae_bo_aej 
(-3, -1, 21), [1, 3, 1], 3.16.ae_bo_adr 
(1, -5, 31), [1, 3, 3], 3.16.ae_bq_aez 
(-5, 1, 31), [3, 1, 3], 3.16.ae_bq_aet 
(-1, -3, 23), [3, 1, 3], 3.16.ae_bq_aep 
(-3, -1, 23), [1, 3, 3], 3.16.ae_bq_adx 
(1, -5, 33), [1, 3, 1], 3.16.ae_bs_aex 
(-1, -3, 25), [3, 1, 1], 3.16.ae_bs_aer 
(1, -5, 35), [1, 3, 3], 3.16.ae_bu_aev 
(-1, -3, 27), [3, 1, 3], 3.16.ae_bu_aet 
(-1, -3, 29), [3, 1, 1], 3.16.ae_bw_aev 
(1, -5, 37), [1, 3, 1], 3.16.ae_bw_aet 
(-3, -1, 29), [1, 3, 1], 3.16.ae_bw_aep 
(-1, -3, 31), [3, 1, 3], 3.16.ae_by_aex 
(-3, -1, 31), [1, 3, 3], 3.16.ae_by_aev 
(-3, 0, -29), [1, 0, 3], 3.16.ad_an_dj 
(-3, 0, -27), [1, 0, 1], 3.16.ad_al_dd 
(-7, 4, 1), [1, 0, 1], 3.16.ad_al_er 
(-3, 0, -25), [1, 0, 3], 3.16.ad_aj_cx 
(-7, 4, 3), [1, 0, 3], 3.16.ad_aj_ed 
(-5, 2, -15), [3, 2, 1], 3.16.ad_aj_fj 
(-3, 0, -23), [1, 0, 1], 3.16.ad_ah_cr 
(-7, 4, 5), [1, 0, 1], 3.16.ad_ah_dp 
(-5, 2, -13), [3, 2, 3], 3.16.ad_ah_ez 
(7, -10, 49), [3, 2, 1], 3.16.ad_af_x 
(-3, 0, -21), [1, 0, 3], 3.16.ad_af_cl 
(-7, 4, 7), [1, 0, 3], 3.16.ad_af_db 
(-5, 2, -11), [3, 2, 1], 3.16.ad_af_ep 
(7, -10, 51), [3, 2, 3], 3.16.ad_ad_bl 
(-3, 0, -19), [1, 0, 1], 3.16.ad_ad_cf 
(-7, 4, 9), [1, 0, 1], 3.16.ad_ad_cn 
(-5, 2, -9), [3, 2, 3], 3.16.ad_ad_ef 
(-5, 2, -7), [3, 2, 1], 3.16.ad_ab_dv 
(-7, 4, 13), [1, 0, 1], 3.16.ad_b_bl 
(-3, 0, -15), [1, 0, 1], 3.16.ad_b_bt 
(7, -10, 55), [3, 2, 3], 3.16.ad_b_cn 
(-1, -2, -15), [3, 2, 1], 3.16.ad_d_abx 
(-7, 4, 15), [1, 0, 3], 3.16.ad_d_x 
(-3, 0, -13), [1, 0, 3], 3.16.ad_d_bn 
(-1, -2, -13), [3, 2, 3], 3.16.ad_f_abz 
(-7, 4, 17), [1, 0, 1], 3.16.ad_f_j 
(-3, 0, -11), [1, 0, 1], 3.16.ad_f_bh 
(-1, -2, -11), [3, 2, 1], 3.16.ad_h_acb 
(-7, 4, 19), [1, 0, 3], 3.16.ad_h_af 
(-3, 0, -9), [1, 0, 3], 3.16.ad_h_bb 
(-5, 2, 1), [3, 2, 1], 3.16.ad_h_ch 
(5, -8, 33), [1, 0, 1], 3.16.ad_j_adn 
(-1, -2, -9), [3, 2, 3], 3.16.ad_j_acd 
(-7, 4, 21), [1, 0, 1], 3.16.ad_j_at 
(-3, 0, -7), [1, 0, 1], 3.16.ad_j_v 
(-5, 2, 3), [3, 2, 3], 3.16.ad_j_bx 
(5, -8, 35), [1, 0, 3], 3.16.ad_l_add 
(-1, -2, -7), [3, 2, 1], 3.16.ad_l_acf 
(-7, 4, 23), [1, 0, 3], 3.16.ad_l_abh 
(-3, 0, -5), [1, 0, 3], 3.16.ad_l_p 
(-5, 2, 5), [3, 2, 1], 3.16.ad_l_bn 
(1, -4, 1), [1, 0, 1], 3.16.ad_n_aex 
(5, -8, 37), [1, 0, 1], 3.16.ad_n_act 
(-1, -2, -5), [3, 2, 3], 3.16.ad_n_ach 
(-7, 4, 25), [1, 0, 1], 3.16.ad_n_abv 
(-3, 0, -3), [1, 0, 1], 3.16.ad_n_j 
(-5, 2, 7), [3, 2, 3], 3.16.ad_n_bd 
(3, -6, 17), [3, 2, 1], 3.16.ad_p_afl 
(1, -4, 3), [1, 0, 3], 3.16.ad_p_aev 
(-3, 0, -1), [1, 0, 3], 3.16.ad_p_d 
(-5, 2, 9), [3, 2, 1], 3.16.ad_p_t 
(3, -6, 19), [3, 2, 3], 3.16.ad_r_aff 
(1, -4, 5), [1, 0, 1], 3.16.ad_r_aet 
(-7, 4, 29), [1, 0, 1], 3.16.ad_r_acx 
(-1, -2, -1), [3, 2, 3], 3.16.ad_r_acl 
(5, -8, 41), [1, 0, 1], 3.16.ad_r_abz 
(-3, 0, 1), [1, 0, 1], 3.16.ad_r_ad 
(-5, 2, 11), [3, 2, 3], 3.16.ad_r_j 
(3, -6, 21), [3, 2, 1], 3.16.ad_t_aez 
(1, -4, 7), [1, 0, 3], 3.16.ad_t_aer 
(-7, 4, 31), [1, 0, 3], 3.16.ad_t_adl 
(-1, -2, 1), [3, 2, 1], 3.16.ad_t_acn 
(5, -8, 43), [1, 0, 3], 3.16.ad_t_abp 
(-3, 0, 3), [1, 0, 3], 3.16.ad_t_aj 
(-5, 2, 13), [3, 2, 1], 3.16.ad_t_ab 
(3, -6, 23), [3, 2, 3], 3.16.ad_v_aet 
(1, -4, 9), [1, 0, 1], 3.16.ad_v_aep 
(-7, 4, 33), [1, 0, 1], 3.16.ad_v_adz 
(-1, -2, 3), [3, 2, 3], 3.16.ad_v_acp 
(5, -8, 45), [1, 0, 1], 3.16.ad_v_abf 
(-3, 0, 5), [1, 0, 1], 3.16.ad_v_ap 
(-5, 2, 15), [3, 2, 3], 3.16.ad_v_al 
(-1, -2, 5), [3, 2, 1], 3.16.ad_x_acr 
(1, -4, 13), [1, 0, 1], 3.16.ad_z_ael 
(3, -6, 27), [3, 2, 3], 3.16.ad_z_aeh 
(-1, -2, 7), [3, 2, 3], 3.16.ad_z_act 
(-5, 2, 19), [3, 2, 3], 3.16.ad_z_abf 
(-3, 0, 9), [1, 0, 1], 3.16.ad_z_abb 
(1, -4, 15), [1, 0, 3], 3.16.ad_bb_aej 
(3, -6, 29), [3, 2, 1], 3.16.ad_bb_aeb 
(-1, -2, 9), [3, 2, 1], 3.16.ad_bb_acv 
(-5, 2, 21), [3, 2, 1], 3.16.ad_bb_abp 
(-3, 0, 11), [1, 0, 3], 3.16.ad_bb_abh 
(1, -4, 17), [1, 0, 1], 3.16.ad_bd_aeh 
(3, -6, 31), [3, 2, 3], 3.16.ad_bd_adv 
(-1, -2, 11), [3, 2, 3], 3.16.ad_bd_acx 
(-5, 2, 23), [3, 2, 3], 3.16.ad_bd_abz 
(-3, 0, 13), [1, 0, 1], 3.16.ad_bd_abn 
(1, -4, 19), [1, 0, 3], 3.16.ad_bf_aef 
(3, -6, 33), [3, 2, 1], 3.16.ad_bf_adp 
(-1, -2, 13), [3, 2, 1], 3.16.ad_bf_acz 
(-5, 2, 25), [3, 2, 1], 3.16.ad_bf_acj 
(-3, 0, 15), [1, 0, 3], 3.16.ad_bf_abt 
(1, -4, 21), [1, 0, 1], 3.16.ad_bh_aed 
(3, -6, 35), [3, 2, 3], 3.16.ad_bh_adj 
(-1, -2, 15), [3, 2, 3], 3.16.ad_bh_adb 
(-5, 2, 27), [3, 2, 3], 3.16.ad_bh_act 
(-3, 0, 17), [1, 0, 1], 3.16.ad_bh_abz 
(1, -4, 23), [1, 0, 3], 3.16.ad_bj_aeb 
(-3, 0, 19), [1, 0, 3], 3.16.ad_bj_acf 
(1, -4, 25), [1, 0, 1], 3.16.ad_bl_adz 
(-5, 2, 31), [3, 2, 3], 3.16.ad_bl_adn 
(-1, -2, 19), [3, 2, 3], 3.16.ad_bl_adf 
(3, -6, 39), [3, 2, 3], 3.16.ad_bl_acx 
(-3, 0, 21), [1, 0, 1], 3.16.ad_bl_acl 
(-1, -2, 21), [3, 2, 1], 3.16.ad_bn_adh 
(1, -4, 29), [1, 0, 1], 3.16.ad_bp_adv 
(-1, -2, 23), [3, 2, 3], 3.16.ad_bp_adj 
(1, -4, 31), [1, 0, 3], 3.16.ad_br_adt 
(-1, -2, 25), [3, 2, 1], 3.16.ad_br_adl 
(-3, 0, 27), [1, 0, 3], 3.16.ad_br_add 
(1, -4, 33), [1, 0, 1], 3.16.ad_bt_adr 
(-1, -2, 27), [3, 2, 3], 3.16.ad_bt_adn 
(-3, 0, 29), [1, 0, 1], 3.16.ad_bt_adj 
(-1, -2, 31), [3, 2, 3], 3.16.ad_bx_adr 
(-7, 5, 9), [1, 1, 1], 3.16.ac_ak_dt 
(-3, 1, -23), [1, 1, 1], 3.16.ac_ak_dx 
(-7, 5, 11), [1, 1, 3], 3.16.ac_ai_df 
(-3, 1, -21), [1, 1, 3], 3.16.ac_ai_dr 
(-1, -1, -23), [3, 3, 1], 3.16.ac_ag_aj 
(7, -9, 41), [3, 3, 1], 3.16.ac_ag_ab 
(-7, 5, 13), [1, 1, 1], 3.16.ac_ag_cr 
(-3, 1, -19), [1, 1, 1], 3.16.ac_ag_dl 
(-1, -1, -21), [3, 3, 3], 3.16.ac_ae_al 
(7, -9, 43), [3, 3, 3], 3.16.ac_ae_n 
(-7, 5, 15), [1, 1, 3], 3.16.ac_ae_cd 
(-3, 1, -17), [1, 1, 3], 3.16.ac_ae_df 
(-5, 3, -5), [3, 3, 3], 3.16.ac_ae_er 
(-1, -1, -19), [3, 3, 1], 3.16.ac_ac_an 
(7, -9, 45), [3, 3, 1], 3.16.ac_ac_bb 
(-7, 5, 17), [1, 1, 1], 3.16.ac_ac_bp 
(-3, 1, -15), [1, 1, 1], 3.16.ac_ac_cz 
(-5, 3, -3), [3, 3, 1], 3.16.ac_ac_eh 
(-1, -1, -17), [3, 3, 3], 3.16.ac_a_ap 
(-7, 5, 19), [1, 1, 3], 3.16.ac_a_bb 
(7, -9, 47), [3, 3, 3], 3.16.ac_a_bp 
(-3, 1, -13), [1, 1, 3], 3.16.ac_a_ct 
(-5, 3, -1), [3, 3, 3], 3.16.ac_a_dx 
(-1, -1, -15), [3, 3, 1], 3.16.ac_c_ar 
(-7, 5, 21), [1, 1, 1], 3.16.ac_c_n 
(7, -9, 49), [3, 3, 1], 3.16.ac_c_cd 
(-3, 1, -11), [1, 1, 1], 3.16.ac_c_cn 
(-5, 3, 1), [3, 3, 1], 3.16.ac_c_dn 
(-1, -1, -13), [3, 3, 3], 3.16.ac_e_at 
(-7, 5, 23), [1, 1, 3], 3.16.ac_e_ab 
(-3, 1, -9), [1, 1, 3], 3.16.ac_e_ch 
(7, -9, 51), [3, 3, 3], 3.16.ac_e_cr 
(-5, 3, 3), [3, 3, 3], 3.16.ac_e_dd 
(1, -3, -7), [1, 1, 1], 3.16.ac_g_adz 
(5, -7, 25), [1, 1, 1], 3.16.ac_g_adv 
(-1, -1, -11), [3, 3, 1], 3.16.ac_g_av 
(-7, 5, 25), [1, 1, 1], 3.16.ac_g_ap 
(-3, 1, -7), [1, 1, 1], 3.16.ac_g_cb 
(-5, 3, 5), [3, 3, 1], 3.16.ac_g_ct 
(1, -3, -5), [1, 1, 3], 3.16.ac_i_adx 
(5, -7, 27), [1, 1, 3], 3.16.ac_i_adl 
(-7, 5, 27), [1, 1, 3], 3.16.ac_i_abd 
(-1, -1, -9), [3, 3, 3], 3.16.ac_i_ax 
(-3, 1, -5), [1, 1, 3], 3.16.ac_i_bv 
(-5, 3, 7), [3, 3, 3], 3.16.ac_i_cj 
(1, -3, -3), [1, 1, 1], 3.16.ac_k_adv 
(5, -7, 29), [1, 1, 1], 3.16.ac_k_adb 
(-7, 5, 29), [1, 1, 1], 3.16.ac_k_abr 
(-1, -1, -7), [3, 3, 1], 3.16.ac_k_az 
(-3, 1, -3), [1, 1, 1], 3.16.ac_k_bp 
(-5, 3, 9), [3, 3, 1], 3.16.ac_k_bz 
(1, -3, -1), [1, 1, 3], 3.16.ac_m_adt 
(5, -7, 31), [1, 1, 3], 3.16.ac_m_acr 
(-7, 5, 31), [1, 1, 3], 3.16.ac_m_acf 
(-1, -1, -5), [3, 3, 3], 3.16.ac_m_abb 
(-3, 1, -1), [1, 1, 3], 3.16.ac_m_bj 
(-5, 3, 11), [3, 3, 3], 3.16.ac_m_bp 
(1, -3, 1), [1, 1, 1], 3.16.ac_o_adr 
(-7, 5, 33), [1, 1, 1], 3.16.ac_o_act 
(5, -7, 33), [1, 1, 1], 3.16.ac_o_ach 
(-1, -1, -3), [3, 3, 1], 3.16.ac_o_abd 
(-3, 1, 1), [1, 1, 1], 3.16.ac_o_bd 
(-5, 3, 13), [3, 3, 1], 3.16.ac_o_bf 
(3, -5, 15), [3, 3, 3], 3.16.ac_q_ael 
(1, -3, 3), [1, 1, 3], 3.16.ac_q_adp 
(-7, 5, 35), [1, 1, 3], 3.16.ac_q_adh 
(5, -7, 35), [1, 1, 3], 3.16.ac_q_abx 
(-1, -1, -1), [3, 3, 3], 3.16.ac_q_abf 
(-5, 3, 15), [3, 3, 3], 3.16.ac_q_v 
(-3, 1, 3), [1, 1, 3], 3.16.ac_q_x 
(3, -5, 17), [3, 3, 1], 3.16.ac_s_aef 
(-7, 5, 37), [1, 1, 1], 3.16.ac_s_adv 
(1, -3, 5), [1, 1, 1], 3.16.ac_s_adn 
(5, -7, 37), [1, 1, 1], 3.16.ac_s_abn 
(-1, -1, 1), [3, 3, 1], 3.16.ac_s_abh 
(-5, 3, 17), [3, 3, 1], 3.16.ac_s_l 
(-3, 1, 5), [1, 1, 1], 3.16.ac_s_r 
(3, -5, 19), [3, 3, 3], 3.16.ac_u_adz 
(1, -3, 7), [1, 1, 3], 3.16.ac_u_adl 
(-1, -1, 3), [3, 3, 3], 3.16.ac_u_abj 
(5, -7, 39), [1, 1, 3], 3.16.ac_u_abd 
(-5, 3, 19), [3, 3, 3], 3.16.ac_u_b 
(-3, 1, 7), [1, 1, 3], 3.16.ac_u_l 
(3, -5, 21), [3, 3, 1], 3.16.ac_w_adt 
(1, -3, 9), [1, 1, 1], 3.16.ac_w_adj 
(-1, -1, 5), [3, 3, 1], 3.16.ac_w_abl 
(5, -7, 41), [1, 1, 1], 3.16.ac_w_at 
(-5, 3, 21), [3, 3, 1], 3.16.ac_w_aj 
(-3, 1, 9), [1, 1, 1], 3.16.ac_w_f 
(3, -5, 23), [3, 3, 3], 3.16.ac_y_adn 
(1, -3, 11), [1, 1, 3], 3.16.ac_y_adh 
(-1, -1, 7), [3, 3, 3], 3.16.ac_y_abn 
(-5, 3, 23), [3, 3, 3], 3.16.ac_y_at 
(5, -7, 43), [1, 1, 3], 3.16.ac_y_aj 
(-3, 1, 11), [1, 1, 3], 3.16.ac_y_ab 
(3, -5, 25), [3, 3, 1], 3.16.ac_ba_adh 
(1, -3, 13), [1, 1, 1], 3.16.ac_ba_adf 
(-1, -1, 9), [3, 3, 1], 3.16.ac_ba_abp 
(-5, 3, 25), [3, 3, 1], 3.16.ac_ba_abd 
(-3, 1, 13), [1, 1, 1], 3.16.ac_ba_ah 
(1, -3, 15), [1, 1, 3], 3.16.ac_bc_add 
(3, -5, 27), [3, 3, 3], 3.16.ac_bc_adb 
(-1, -1, 11), [3, 3, 3], 3.16.ac_bc_abr 
(-5, 3, 27), [3, 3, 3], 3.16.ac_bc_abn 
(-3, 1, 15), [1, 1, 3], 3.16.ac_bc_an 
(1, -3, 17), [1, 1, 1], 3.16.ac_be_adb 
(3, -5, 29), [3, 3, 1], 3.16.ac_be_acv 
(-5, 3, 29), [3, 3, 1], 3.16.ac_be_abx 
(-1, -1, 13), [3, 3, 1], 3.16.ac_be_abt 
(-3, 1, 17), [1, 1, 1], 3.16.ac_be_at 
(1, -3, 19), [1, 1, 3], 3.16.ac_bg_acz 
(3, -5, 31), [3, 3, 3], 3.16.ac_bg_acp 
(-5, 3, 31), [3, 3, 3], 3.16.ac_bg_ach 
(-1, -1, 15), [3, 3, 3], 3.16.ac_bg_abv 
(1, -3, 21), [1, 1, 1], 3.16.ac_bi_acx 
(-5, 3, 33), [3, 3, 1], 3.16.ac_bi_acr 
(3, -5, 33), [3, 3, 1], 3.16.ac_bi_acj 
(-1, -1, 17), [3, 3, 1], 3.16.ac_bi_abx 
(1, -3, 23), [1, 1, 3], 3.16.ac_bk_acv 
(3, -5, 35), [3, 3, 3], 3.16.ac_bk_acd 
(-1, -1, 19), [3, 3, 3], 3.16.ac_bk_abz 
(-3, 1, 23), [1, 1, 3], 3.16.ac_bk_abl 
(1, -3, 25), [1, 1, 1], 3.16.ac_bm_act 
(-1, -1, 21), [3, 3, 1], 3.16.ac_bm_acb 
(3, -5, 37), [3, 3, 1], 3.16.ac_bm_abx 
(-1, -1, 23), [3, 3, 3], 3.16.ac_bo_acd 
(-3, 1, 27), [1, 1, 3], 3.16.ac_bo_abx 
(-1, -1, 25), [3, 3, 1], 3.16.ac_bq_acf 
(-3, 1, 29), [1, 1, 1], 3.16.ac_bq_acd 
(1, -3, 31), [1, 1, 3], 3.16.ac_bs_acn 
(-3, 1, 31), [1, 1, 3], 3.16.ac_bs_acj 
(-1, -1, 27), [3, 3, 3], 3.16.ac_bs_ach 
(-1, 0, -29), [3, 0, 3], 3.16.ab_an_bd 
(-1, 0, -27), [3, 0, 1], 3.16.ab_al_bb 
(-1, 0, -25), [3, 0, 3], 3.16.ab_aj_z 
(-7, 6, 17), [1, 2, 1], 3.16.ab_aj_cv 
(7, -8, 33), [3, 0, 1], 3.16.ab_ah_az 
(-1, 0, -23), [3, 0, 1], 3.16.ab_ah_x 
(-7, 6, 19), [1, 2, 3], 3.16.ab_ah_ch 
(7, -8, 35), [3, 0, 3], 3.16.ab_af_al 
(-1, 0, -21), [3, 0, 3], 3.16.ab_af_v 
(-7, 6, 21), [1, 2, 1], 3.16.ab_af_bt 
(-3, 2, -15), [1, 2, 1], 3.16.ab_af_ef 
(7, -8, 37), [3, 0, 1], 3.16.ab_ad_d 
(-1, 0, -19), [3, 0, 1], 3.16.ab_ad_t 
(-7, 6, 23), [1, 2, 3], 3.16.ab_ad_bf 
(-3, 2, -13), [1, 2, 3], 3.16.ab_ad_dz 
(-5, 4, 1), [3, 0, 1], 3.16.ab_ad_et 
(1, -2, -15), [1, 2, 1], 3.16.ab_ab_adb 
(-3, 2, -11), [1, 2, 1], 3.16.ab_ab_dt 
(-5, 4, 3), [3, 0, 3], 3.16.ab_ab_ej 
(1, -2, -13), [1, 2, 3], 3.16.ab_b_acz 
(-7, 6, 27), [1, 2, 3], 3.16.ab_b_d 
(-1, 0, -15), [3, 0, 1], 3.16.ab_b_p 
(7, -8, 41), [3, 0, 1], 3.16.ab_b_bf 
(-3, 2, -9), [1, 2, 3], 3.16.ab_b_dn 
(-5, 4, 5), [3, 0, 1], 3.16.ab_b_dz 
(5, -6, 17), [1, 2, 1], 3.16.ab_d_aed 
(1, -2, -11), [1, 2, 1], 3.16.ab_d_acx 
(-7, 6, 29), [1, 2, 1], 3.16.ab_d_al 
(-1, 0, -13), [3, 0, 3], 3.16.ab_d_n 
(7, -8, 43), [3, 0, 3], 3.16.ab_d_bt 
(-3, 2, -7), [1, 2, 1], 3.16.ab_d_dh 
(-5, 4, 7), [3, 0, 3], 3.16.ab_d_dp 
(3, -4, 1), [3, 0, 1], 3.16.ab_f_aev 
(5, -6, 19), [1, 2, 3], 3.16.ab_f_adt 
(1, -2, -9), [1, 2, 3], 3.16.ab_f_acv 
(-7, 6, 31), [1, 2, 3], 3.16.ab_f_az 
(-1, 0, -11), [3, 0, 1], 3.16.ab_f_l 
(7, -8, 45), [3, 0, 1], 3.16.ab_f_ch 
(-3, 2, -5), [1, 2, 3], 3.16.ab_f_db 
(-5, 4, 9), [3, 0, 1], 3.16.ab_f_df 
(3, -4, 3), [3, 0, 3], 3.16.ab_h_aep 
(5, -6, 21), [1, 2, 1], 3.16.ab_h_adj 
(1, -2, -7), [1, 2, 1], 3.16.ab_h_act 
(-7, 6, 33), [1, 2, 1], 3.16.ab_h_abn 
(-1, 0, -9), [3, 0, 3], 3.16.ab_h_j 
(3, -4, 5), [3, 0, 1], 3.16.ab_j_aej 
(5, -6, 23), [1, 2, 3], 3.16.ab_j_acz 
(1, -2, -5), [1, 2, 3], 3.16.ab_j_acr 
(-7, 6, 35), [1, 2, 3], 3.16.ab_j_acb 
(-1, 0, -7), [3, 0, 1], 3.16.ab_j_h 
(-5, 4, 13), [3, 0, 1], 3.16.ab_j_cl 
(-3, 2, -1), [1, 2, 3], 3.16.ab_j_cp 
(3, -4, 7), [3, 0, 3], 3.16.ab_l_aed 
(-1, 0, -5), [3, 0, 3], 3.16.ab_l_f 
(-5, 4, 15), [3, 0, 3], 3.16.ab_l_cb 
(-3, 2, 1), [1, 2, 1], 3.16.ab_l_cj 
(3, -4, 9), [3, 0, 1], 3.16.ab_n_adx 
(-7, 6, 39), [1, 2, 3], 3.16.ab_n_add 
(1, -2, -1), [1, 2, 3], 3.16.ab_n_acn 
(5, -6, 27), [1, 2, 3], 3.16.ab_n_acf 
(-1, 0, -3), [3, 0, 1], 3.16.ab_n_d 
(-5, 4, 17), [3, 0, 1], 3.16.ab_n_br 
(-3, 2, 3), [1, 2, 3], 3.16.ab_n_cd 
(1, -2, 1), [1, 2, 1], 3.16.ab_p_acl 
(5, -6, 29), [1, 2, 1], 3.16.ab_p_abv 
(-1, 0, -1), [3, 0, 3], 3.16.ab_p_b 
(-5, 4, 19), [3, 0, 3], 3.16.ab_p_bh 
(-3, 2, 5), [1, 2, 1], 3.16.ab_p_bx 
(3, -4, 13), [3, 0, 1], 3.16.ab_r_adl 
(1, -2, 3), [1, 2, 3], 3.16.ab_r_acj 
(5, -6, 31), [1, 2, 3], 3.16.ab_r_abl 
(-1, 0, 1), [3, 0, 1], 3.16.ab_r_ab 
(-5, 4, 21), [3, 0, 1], 3.16.ab_r_x 
(-3, 2, 7), [1, 2, 3], 3.16.ab_r_br 
(3, -4, 15), [3, 0, 3], 3.16.ab_t_adf 
(1, -2, 5), [1, 2, 1], 3.16.ab_t_ach 
(5, -6, 33), [1, 2, 1], 3.16.ab_t_abb 
(-1, 0, 3), [3, 0, 3], 3.16.ab_t_ad 
(-5, 4, 23), [3, 0, 3], 3.16.ab_t_n 
(-3, 2, 9), [1, 2, 1], 3.16.ab_t_bl 
(3, -4, 17), [3, 0, 1], 3.16.ab_v_acz 
(1, -2, 7), [1, 2, 3], 3.16.ab_v_acf 
(5, -6, 35), [1, 2, 3], 3.16.ab_v_ar 
(-1, 0, 5), [3, 0, 1], 3.16.ab_v_af 
(-5, 4, 25), [3, 0, 1], 3.16.ab_v_d 
(-3, 2, 11), [1, 2, 3], 3.16.ab_v_bf 
(3, -4, 19), [3, 0, 3], 3.16.ab_x_act 
(1, -2, 9), [1, 2, 1], 3.16.ab_x_acd 
(-3, 2, 13), [1, 2, 1], 3.16.ab_x_z 
(3, -4, 21), [3, 0, 1], 3.16.ab_z_acn 
(1, -2, 11), [1, 2, 3], 3.16.ab_z_acb 
(-5, 4, 29), [3, 0, 1], 3.16.ab_z_ar 
(-1, 0, 9), [3, 0, 1], 3.16.ab_z_aj 
(5, -6, 39), [1, 2, 3], 3.16.ab_z_d 
(-3, 2, 15), [1, 2, 3], 3.16.ab_z_t 
(3, -4, 23), [3, 0, 3], 3.16.ab_bb_ach 
(1, -2, 13), [1, 2, 1], 3.16.ab_bb_abz 
(-5, 4, 31), [3, 0, 3], 3.16.ab_bb_abb 
(-1, 0, 11), [3, 0, 3], 3.16.ab_bb_al 
(3, -4, 25), [3, 0, 1], 3.16.ab_bd_acb 
(1, -2, 15), [1, 2, 3], 3.16.ab_bd_abx 
(-5, 4, 33), [3, 0, 1], 3.16.ab_bd_abl 
(-1, 0, 13), [3, 0, 1], 3.16.ab_bd_an 
(-3, 2, 19), [1, 2, 3], 3.16.ab_bd_h 
(-1, 0, 15), [3, 0, 3], 3.16.ab_bf_ap 
(-3, 2, 21), [1, 2, 1], 3.16.ab_bf_b 
(1, -2, 19), [1, 2, 3], 3.16.ab_bh_abt 
(3, -4, 29), [3, 0, 1], 3.16.ab_bh_abp 
(-1, 0, 17), [3, 0, 1], 3.16.ab_bh_ar 
(-3, 2, 23), [1, 2, 3], 3.16.ab_bh_af 
(1, -2, 21), [1, 2, 1], 3.16.ab_bj_abr 
(3, -4, 31), [3, 0, 3], 3.16.ab_bj_abj 
(-1, 0, 19), [3, 0, 3], 3.16.ab_bj_at 
(-3, 2, 25), [1, 2, 1], 3.16.ab_bj_al 
(1, -2, 23), [1, 2, 3], 3.16.ab_bl_abp 
(3, -4, 33), [3, 0, 1], 3.16.ab_bl_abd 
(-1, 0, 21), [3, 0, 1], 3.16.ab_bl_av 
(-3, 2, 27), [1, 2, 3], 3.16.ab_bl_ar 
(1, -2, 25), [1, 2, 1], 3.16.ab_bn_abn 
(1, -2, 27), [1, 2, 3], 3.16.ab_bp_abl 
(-3, 2, 31), [1, 2, 3], 3.16.ab_bp_abd 
(-1, 0, 25), [3, 0, 1], 3.16.ab_bp_az 
(-1, 0, 27), [3, 0, 3], 3.16.ab_br_abb 
(1, -2, 31), [1, 2, 3], 3.16.ab_bt_abh 
(-1, 0, 29), [3, 0, 1], 3.16.ab_bt_abd 
(1, -1, -23), [1, 3, 1], 3.16.a_ai_acd 
(7, -7, 25), [3, 1, 1], 3.16.a_ai_abx 
(-7, 7, 25), [1, 3, 1], 3.16.a_ai_bx 
(-1, 1, -23), [3, 1, 1], 3.16.a_ai_cd 
(1, -1, -21), [1, 3, 3], 3.16.a_ag_acb 
(7, -7, 27), [3, 1, 3], 3.16.a_ag_abj 
(-7, 7, 27), [1, 3, 3], 3.16.a_ag_bj 
(-1, 1, -21), [3, 1, 3], 3.16.a_ag_cb 
(1, -1, -19), [1, 3, 1], 3.16.a_ae_abz 
(7, -7, 29), [3, 1, 1], 3.16.a_ae_av 
(-7, 7, 29), [1, 3, 1], 3.16.a_ae_v 
(-1, 1, -19), [3, 1, 1], 3.16.a_ae_bz 
(1, -1, -17), [1, 3, 3], 3.16.a_ac_abx 
(7, -7, 31), [3, 1, 3], 3.16.a_ac_ah 
(-7, 7, 31), [1, 3, 3], 3.16.a_ac_h 
(-1, 1, -17), [3, 1, 3], 3.16.a_ac_bx 
(3, -3, -7), [3, 1, 1], 3.16.a_a_aen 
(5, -5, 9), [1, 3, 1], 3.16.a_a_ael 
(1, -1, -15), [1, 3, 1], 3.16.a_a_abv 
(-7, 7, 33), [1, 3, 1], 3.16.a_a_ah 
(7, -7, 33), [3, 1, 1], 3.16.a_a_h 
(-1, 1, -15), [3, 1, 1], 3.16.a_a_bv 
(-5, 5, 9), [3, 1, 1], 3.16.a_a_el 
(-3, 3, -7), [1, 3, 1], 3.16.a_a_en 
(3, -3, -5), [3, 1, 3], 3.16.a_c_aeh 
(5, -5, 11), [1, 3, 3], 3.16.a_c_aeb 
(1, -1, -13), [1, 3, 3], 3.16.a_c_abt 
(-7, 7, 35), [1, 3, 3], 3.16.a_c_av 
(7, -7, 35), [3, 1, 3], 3.16.a_c_v 
(-1, 1, -13), [3, 1, 3], 3.16.a_c_bt 
(-5, 5, 11), [3, 1, 3], 3.16.a_c_eb 
(-3, 3, -5), [1, 3, 3], 3.16.a_c_eh 
(3, -3, -3), [3, 1, 1], 3.16.a_e_aeb 
(5, -5, 13), [1, 3, 1], 3.16.a_e_adr 
(1, -1, -11), [1, 3, 1], 3.16.a_e_abr 
(-7, 7, 37), [1, 3, 1], 3.16.a_e_abj 
(7, -7, 37), [3, 1, 1], 3.16.a_e_bj 
(-1, 1, -11), [3, 1, 1], 3.16.a_e_br 
(-5, 5, 13), [3, 1, 1], 3.16.a_e_dr 
(-3, 3, -3), [1, 3, 1], 3.16.a_e_eb 
(3, -3, -1), [3, 1, 3], 3.16.a_g_adv 
(5, -5, 15), [1, 3, 3], 3.16.a_g_adh 
(-7, 7, 39), [1, 3, 3], 3.16.a_g_abx 
(1, -1, -9), [1, 3, 3], 3.16.a_g_abp 
(-1, 1, -9), [3, 1, 3], 3.16.a_g_bp 
(7, -7, 39), [3, 1, 3], 3.16.a_g_bx 
(-5, 5, 15), [3, 1, 3], 3.16.a_g_dh 
(-3, 3, -1), [1, 3, 3], 3.16.a_g_dv 
(3, -3, 1), [3, 1, 1], 3.16.a_i_adp 
(5, -5, 17), [1, 3, 1], 3.16.a_i_acx 
(-7, 7, 41), [1, 3, 1], 3.16.a_i_acl 
(1, -1, -7), [1, 3, 1], 3.16.a_i_abn 
(-1, 1, -7), [3, 1, 1], 3.16.a_i_bn 
(7, -7, 41), [3, 1, 1], 3.16.a_i_cl 
(-5, 5, 17), [3, 1, 1], 3.16.a_i_cx 
(-3, 3, 1), [1, 3, 1], 3.16.a_i_dp 
(3, -3, 3), [3, 1, 3], 3.16.a_k_adj 
(-7, 7, 43), [1, 3, 3], 3.16.a_k_acz 
(5, -5, 19), [1, 3, 3], 3.16.a_k_acn 
(1, -1, -5), [1, 3, 3], 3.16.a_k_abl 
(-1, 1, -5), [3, 1, 3], 3.16.a_k_bl 
(-5, 5, 19), [3, 1, 3], 3.16.a_k_cn 
(7, -7, 43), [3, 1, 3], 3.16.a_k_cz 
(-3, 3, 3), [1, 3, 3], 3.16.a_k_dj 
(3, -3, 5), [3, 1, 1], 3.16.a_m_add 
(5, -5, 21), [1, 3, 1], 3.16.a_m_acd 
(1, -1, -3), [1, 3, 1], 3.16.a_m_abj 
(-1, 1, -3), [3, 1, 1], 3.16.a_m_bj 
(-5, 5, 21), [3, 1, 1], 3.16.a_m_cd 
(-3, 3, 5), [1, 3, 1], 3.16.a_m_dd 
(3, -3, 7), [3, 1, 3], 3.16.a_o_acx 
(5, -5, 23), [1, 3, 3], 3.16.a_o_abt 
(1, -1, -1), [1, 3, 3], 3.16.a_o_abh 
(-1, 1, -1), [3, 1, 3], 3.16.a_o_bh 
(-5, 5, 23), [3, 1, 3], 3.16.a_o_bt 
(-3, 3, 7), [1, 3, 3], 3.16.a_o_cx 
(3, -3, 9), [3, 1, 1], 3.16.a_q_acr 
(5, -5, 25), [1, 3, 1], 3.16.a_q_abj 
(1, -1, 1), [1, 3, 1], 3.16.a_q_abf 
(-1, 1, 1), [3, 1, 1], 3.16.a_q_bf 
(-5, 5, 25), [3, 1, 1], 3.16.a_q_bj 
(-3, 3, 9), [1, 3, 1], 3.16.a_q_cr 
(3, -3, 11), [3, 1, 3], 3.16.a_s_acl 
(1, -1, 3), [1, 3, 3], 3.16.a_s_abd 
(5, -5, 27), [1, 3, 3], 3.16.a_s_az 
(-5, 5, 27), [3, 1, 3], 3.16.a_s_z 
(-1, 1, 3), [3, 1, 3], 3.16.a_s_bd 
(-3, 3, 11), [1, 3, 3], 3.16.a_s_cl 
(1, -1, 5), [1, 3, 1], 3.16.a_u_abb 
(5, -5, 29), [1, 3, 1], 3.16.a_u_ap 
(-5, 5, 29), [3, 1, 1], 3.16.a_u_p 
(-1, 1, 5), [3, 1, 1], 3.16.a_u_bb 
(1, -1, 7), [1, 3, 3], 3.16.a_w_az 
(5, -5, 31), [1, 3, 3], 3.16.a_w_af 
(-5, 5, 31), [3, 1, 3], 3.16.a_w_f 
(-1, 1, 7), [3, 1, 3], 3.16.a_w_z 
(3, -3, 17), [3, 1, 1], 3.16.a_y_abt 
(1, -1, 9), [1, 3, 1], 3.16.a_y_ax 
(-5, 5, 33), [3, 1, 1], 3.16.a_y_af 
(5, -5, 33), [1, 3, 1], 3.16.a_y_f 
(-1, 1, 9), [3, 1, 1], 3.16.a_y_x 
(-3, 3, 17), [1, 3, 1], 3.16.a_y_bt 
(3, -3, 19), [3, 1, 3], 3.16.a_ba_abn 
(1, -1, 11), [1, 3, 3], 3.16.a_ba_av 
(-5, 5, 35), [3, 1, 3], 3.16.a_ba_ap 
(5, -5, 35), [1, 3, 3], 3.16.a_ba_p 
(-1, 1, 11), [3, 1, 3], 3.16.a_ba_v 
(-3, 3, 19), [1, 3, 3], 3.16.a_ba_bn 
(3, -3, 21), [3, 1, 1], 3.16.a_bc_abh 
(-5, 5, 37), [3, 1, 1], 3.16.a_bc_az 
(1, -1, 13), [1, 3, 1], 3.16.a_bc_at 
(-1, 1, 13), [3, 1, 1], 3.16.a_bc_t 
(5, -5, 37), [1, 3, 1], 3.16.a_bc_z 
(-3, 3, 21), [1, 3, 1], 3.16.a_bc_bh 
(3, -3, 23), [3, 1, 3], 3.16.a_be_abb 
(1, -1, 15), [1, 3, 3], 3.16.a_be_ar 
(-1, 1, 15), [3, 1, 3], 3.16.a_be_r 
(-3, 3, 23), [1, 3, 3], 3.16.a_be_bb 
(3, -3, 25), [3, 1, 1], 3.16.a_bg_av 
(1, -1, 17), [1, 3, 1], 3.16.a_bg_ap 
(-1, 1, 17), [3, 1, 1], 3.16.a_bg_p 
(-3, 3, 25), [1, 3, 1], 3.16.a_bg_v 
(3, -3, 27), [3, 1, 3], 3.16.a_bi_ap 
(1, -1, 19), [1, 3, 3], 3.16.a_bi_an 
(-1, 1, 19), [3, 1, 3], 3.16.a_bi_n 
(-3, 3, 27), [1, 3, 3], 3.16.a_bi_p 
(1, -1, 21), [1, 3, 1], 3.16.a_bk_al 
(3, -3, 29), [3, 1, 1], 3.16.a_bk_aj 
(-3, 3, 29), [1, 3, 1], 3.16.a_bk_j 
(-1, 1, 21), [3, 1, 1], 3.16.a_bk_l 
(1, -1, 23), [1, 3, 3], 3.16.a_bm_aj 
(3, -3, 31), [3, 1, 3], 3.16.a_bm_ad 
(-3, 3, 31), [1, 3, 3], 3.16.a_bm_d 
(-1, 1, 23), [3, 1, 3], 3.16.a_bm_j 
(1, -1, 25), [1, 3, 1], 3.16.a_bo_ah 
(-3, 3, 33), [1, 3, 1], 3.16.a_bo_ad 
(3, -3, 33), [3, 1, 1], 3.16.a_bo_d 
(-1, 1, 25), [3, 1, 1], 3.16.a_bo_h 
(1, -1, 27), [1, 3, 3], 3.16.a_bq_af 
(-1, 1, 27), [3, 1, 3], 3.16.a_bq_f 
(1, 0, -29), [1, 0, 3], 3.16.b_an_abd 
(1, 0, -27), [1, 0, 1], 3.16.b_al_abb 
(7, -6, 17), [3, 2, 1], 3.16.b_aj_acv 
(1, 0, -25), [1, 0, 3], 3.16.b_aj_az 
(7, -6, 19), [3, 2, 3], 3.16.b_ah_ach 
(1, 0, -23), [1, 0, 1], 3.16.b_ah_ax 
(-7, 8, 33), [1, 0, 1], 3.16.b_ah_z 
(3, -2, -15), [3, 2, 1], 3.16.b_af_aef 
(7, -6, 21), [3, 2, 1], 3.16.b_af_abt 
(1, 0, -21), [1, 0, 3], 3.16.b_af_av 
(-7, 8, 35), [1, 0, 3], 3.16.b_af_l 
(5, -4, 1), [1, 0, 1], 3.16.b_ad_aet 
(3, -2, -13), [3, 2, 3], 3.16.b_ad_adz 
(7, -6, 23), [3, 2, 3], 3.16.b_ad_abf 
(1, 0, -19), [1, 0, 1], 3.16.b_ad_at 
(-7, 8, 37), [1, 0, 1], 3.16.b_ad_ad 
(5, -4, 3), [1, 0, 3], 3.16.b_ab_aej 
(3, -2, -11), [3, 2, 1], 3.16.b_ab_adt 
(-1, 2, -15), [3, 2, 1], 3.16.b_ab_db 
(5, -4, 5), [1, 0, 1], 3.16.b_b_adz 
(3, -2, -9), [3, 2, 3], 3.16.b_b_adn 
(-7, 8, 41), [1, 0, 1], 3.16.b_b_abf 
(1, 0, -15), [1, 0, 1], 3.16.b_b_ap 
(7, -6, 27), [3, 2, 3], 3.16.b_b_ad 
(-1, 2, -13), [3, 2, 3], 3.16.b_b_cz 
(5, -4, 7), [1, 0, 3], 3.16.b_d_adp 
(3, -2, -7), [3, 2, 1], 3.16.b_d_adh 
(-7, 8, 43), [1, 0, 3], 3.16.b_d_abt 
(1, 0, -13), [1, 0, 3], 3.16.b_d_an 
(7, -6, 29), [3, 2, 1], 3.16.b_d_l 
(-1, 2, -11), [3, 2, 1], 3.16.b_d_cx 
(-5, 6, 17), [3, 2, 1], 3.16.b_d_ed 
(5, -4, 9), [1, 0, 1], 3.16.b_f_adf 
(3, -2, -5), [3, 2, 3], 3.16.b_f_adb 
(-7, 8, 45), [1, 0, 1], 3.16.b_f_ach 
(1, 0, -11), [1, 0, 1], 3.16.b_f_al 
(7, -6, 31), [3, 2, 3], 3.16.b_f_z 
(-1, 2, -9), [3, 2, 3], 3.16.b_f_cv 
(-5, 6, 19), [3, 2, 3], 3.16.b_f_dt 
(-3, 4, 1), [1, 0, 1], 3.16.b_f_ev 
(1, 0, -9), [1, 0, 3], 3.16.b_h_aj 
(7, -6, 33), [3, 2, 1], 3.16.b_h_bn 
(-1, 2, -7), [3, 2, 1], 3.16.b_h_ct 
(-5, 6, 21), [3, 2, 1], 3.16.b_h_dj 
(-3, 4, 3), [1, 0, 3], 3.16.b_h_ep 
(3, -2, -1), [3, 2, 3], 3.16.b_j_acp 
(5, -4, 13), [1, 0, 1], 3.16.b_j_acl 
(1, 0, -7), [1, 0, 1], 3.16.b_j_ah 
(7, -6, 35), [3, 2, 3], 3.16.b_j_cb 
(-1, 2, -5), [3, 2, 3], 3.16.b_j_cr 
(-5, 6, 23), [3, 2, 3], 3.16.b_j_cz 
(-3, 4, 5), [1, 0, 1], 3.16.b_j_ej 
(3, -2, 1), [3, 2, 1], 3.16.b_l_acj 
(5, -4, 15), [1, 0, 3], 3.16.b_l_acb 
(1, 0, -5), [1, 0, 3], 3.16.b_l_af 
(-3, 4, 7), [1, 0, 3], 3.16.b_l_ed 
(3, -2, 3), [3, 2, 3], 3.16.b_n_acd 
(5, -4, 17), [1, 0, 1], 3.16.b_n_abr 
(1, 0, -3), [1, 0, 1], 3.16.b_n_ad 
(-5, 6, 27), [3, 2, 3], 3.16.b_n_cf 
(-1, 2, -1), [3, 2, 3], 3.16.b_n_cn 
(7, -6, 39), [3, 2, 3], 3.16.b_n_dd 
(-3, 4, 9), [1, 0, 1], 3.16.b_n_dx 
(3, -2, 5), [3, 2, 1], 3.16.b_p_abx 
(5, -4, 19), [1, 0, 3], 3.16.b_p_abh 
(1, 0, -1), [1, 0, 3], 3.16.b_p_ab 
(-5, 6, 29), [3, 2, 1], 3.16.b_p_bv 
(-1, 2, 1), [3, 2, 1], 3.16.b_p_cl 
(3, -2, 7), [3, 2, 3], 3.16.b_r_abr 
(5, -4, 21), [1, 0, 1], 3.16.b_r_ax 
(1, 0, 1), [1, 0, 1], 3.16.b_r_b 
(-5, 6, 31), [3, 2, 3], 3.16.b_r_bl 
(-1, 2, 3), [3, 2, 3], 3.16.b_r_cj 
(-3, 4, 13), [1, 0, 1], 3.16.b_r_dl 
(3, -2, 9), [3, 2, 1], 3.16.b_t_abl 
(5, -4, 23), [1, 0, 3], 3.16.b_t_an 
(1, 0, 3), [1, 0, 3], 3.16.b_t_d 
(-5, 6, 33), [3, 2, 1], 3.16.b_t_bb 
(-1, 2, 5), [3, 2, 1], 3.16.b_t_ch 
(-3, 4, 15), [1, 0, 3], 3.16.b_t_df 
(3, -2, 11), [3, 2, 3], 3.16.b_v_abf 
(5, -4, 25), [1, 0, 1], 3.16.b_v_ad 
(1, 0, 5), [1, 0, 1], 3.16.b_v_f 
(-5, 6, 35), [3, 2, 3], 3.16.b_v_r 
(-1, 2, 7), [3, 2, 3], 3.16.b_v_cf 
(-3, 4, 17), [1, 0, 1], 3.16.b_v_cz 
(3, -2, 13), [3, 2, 1], 3.16.b_x_az 
(-1, 2, 9), [3, 2, 1], 3.16.b_x_cd 
(-3, 4, 19), [1, 0, 3], 3.16.b_x_ct 
(3, -2, 15), [3, 2, 3], 3.16.b_z_at 
(-5, 6, 39), [3, 2, 3], 3.16.b_z_ad 
(1, 0, 9), [1, 0, 1], 3.16.b_z_j 
(5, -4, 29), [1, 0, 1], 3.16.b_z_r 
(-1, 2, 11), [3, 2, 3], 3.16.b_z_cb 
(-3, 4, 21), [1, 0, 1], 3.16.b_z_cn 
(1, 0, 11), [1, 0, 3], 3.16.b_bb_l 
(5, -4, 31), [1, 0, 3], 3.16.b_bb_bb 
(-1, 2, 13), [3, 2, 1], 3.16.b_bb_bz 
(-3, 4, 23), [1, 0, 3], 3.16.b_bb_ch 
(3, -2, 19), [3, 2, 3], 3.16.b_bd_ah 
(1, 0, 13), [1, 0, 1], 3.16.b_bd_n 
(5, -4, 33), [1, 0, 1], 3.16.b_bd_bl 
(-1, 2, 15), [3, 2, 3], 3.16.b_bd_bx 
(-3, 4, 25), [1, 0, 1], 3.16.b_bd_cb 
(3, -2, 21), [3, 2, 1], 3.16.b_bf_ab 
(1, 0, 15), [1, 0, 3], 3.16.b_bf_p 
(3, -2, 23), [3, 2, 3], 3.16.b_bh_f 
(1, 0, 17), [1, 0, 1], 3.16.b_bh_r 
(-3, 4, 29), [1, 0, 1], 3.16.b_bh_bp 
(-1, 2, 19), [3, 2, 3], 3.16.b_bh_bt 
(3, -2, 25), [3, 2, 1], 3.16.b_bj_l 
(1, 0, 19), [1, 0, 3], 3.16.b_bj_t 
(-3, 4, 31), [1, 0, 3], 3.16.b_bj_bj 
(-1, 2, 21), [3, 2, 1], 3.16.b_bj_br 
(3, -2, 27), [3, 2, 3], 3.16.b_bl_r 
(1, 0, 21), [1, 0, 1], 3.16.b_bl_v 
(-3, 4, 33), [1, 0, 1], 3.16.b_bl_bd 
(-1, 2, 23), [3, 2, 3], 3.16.b_bl_bp 
(-1, 2, 25), [3, 2, 1], 3.16.b_bn_bn 
(1, 0, 25), [1, 0, 1], 3.16.b_bp_z 
(3, -2, 31), [3, 2, 3], 3.16.b_bp_bd 
(-1, 2, 27), [3, 2, 3], 3.16.b_bp_bl 
(1, 0, 27), [1, 0, 3], 3.16.b_br_bb 
(1, 0, 29), [1, 0, 1], 3.16.b_bt_bd 
(-1, 2, 31), [3, 2, 3], 3.16.b_bt_bh 
(3, -1, -23), [3, 3, 1], 3.16.c_ak_adx 
(7, -5, 9), [3, 3, 1], 3.16.c_ak_adt 
(3, -1, -21), [3, 3, 3], 3.16.c_ai_adr 
(7, -5, 11), [3, 3, 3], 3.16.c_ai_adf 
(3, -1, -19), [3, 3, 1], 3.16.c_ag_adl 
(7, -5, 13), [3, 3, 1], 3.16.c_ag_acr 
(-7, 9, 41), [1, 1, 1], 3.16.c_ag_b 
(1, 1, -23), [1, 1, 1], 3.16.c_ag_j 
(5, -3, -5), [1, 1, 3], 3.16.c_ae_aer 
(3, -1, -17), [3, 3, 3], 3.16.c_ae_adf 
(7, -5, 15), [3, 3, 3], 3.16.c_ae_acd 
(-7, 9, 43), [1, 1, 3], 3.16.c_ae_an 
(1, 1, -21), [1, 1, 3], 3.16.c_ae_l 
(5, -3, -3), [1, 1, 1], 3.16.c_ac_aeh 
(3, -1, -15), [3, 3, 1], 3.16.c_ac_acz 
(7, -5, 17), [3, 3, 1], 3.16.c_ac_abp 
(-7, 9, 45), [1, 1, 1], 3.16.c_ac_abb 
(1, 1, -19), [1, 1, 1], 3.16.c_ac_n 
(5, -3, -1), [1, 1, 3], 3.16.c_a_adx 
(3, -1, -13), [3, 3, 3], 3.16.c_a_act 
(-7, 9, 47), [1, 1, 3], 3.16.c_a_abp 
(7, -5, 19), [3, 3, 3], 3.16.c_a_abb 
(1, 1, -17), [1, 1, 3], 3.16.c_a_p 
(5, -3, 1), [1, 1, 1], 3.16.c_c_adn 
(3, -1, -11), [3, 3, 1], 3.16.c_c_acn 
(-7, 9, 49), [1, 1, 1], 3.16.c_c_acd 
(7, -5, 21), [3, 3, 1], 3.16.c_c_an 
(1, 1, -15), [1, 1, 1], 3.16.c_c_r 
(5, -3, 3), [1, 1, 3], 3.16.c_e_add 
(-7, 9, 51), [1, 1, 3], 3.16.c_e_acr 
(3, -1, -9), [3, 3, 3], 3.16.c_e_ach 
(7, -5, 23), [3, 3, 3], 3.16.c_e_b 
(1, 1, -13), [1, 1, 3], 3.16.c_e_t 
(5, -3, 5), [1, 1, 1], 3.16.c_g_act 
(3, -1, -7), [3, 3, 1], 3.16.c_g_acb 
(7, -5, 25), [3, 3, 1], 3.16.c_g_p 
(1, 1, -11), [1, 1, 1], 3.16.c_g_v 
(-5, 7, 25), [3, 3, 1], 3.16.c_g_dv 
(-1, 3, -7), [3, 3, 1], 3.16.c_g_dz 
(5, -3, 7), [1, 1, 3], 3.16.c_i_acj 
(3, -1, -5), [3, 3, 3], 3.16.c_i_abv 
(1, 1, -9), [1, 1, 3], 3.16.c_i_x 
(7, -5, 27), [3, 3, 3], 3.16.c_i_bd 
(-5, 7, 27), [3, 3, 3], 3.16.c_i_dl 
(-1, 3, -5), [3, 3, 3], 3.16.c_i_dx 
(5, -3, 9), [1, 1, 1], 3.16.c_k_abz 
(3, -1, -3), [3, 3, 1], 3.16.c_k_abp 
(1, 1, -7), [1, 1, 1], 3.16.c_k_z 
(7, -5, 29), [3, 3, 1], 3.16.c_k_br 
(-5, 7, 29), [3, 3, 1], 3.16.c_k_db 
(-1, 3, -3), [3, 3, 1], 3.16.c_k_dv 
(5, -3, 11), [1, 1, 3], 3.16.c_m_abp 
(3, -1, -1), [3, 3, 3], 3.16.c_m_abj 
(1, 1, -5), [1, 1, 3], 3.16.c_m_bb 
(7, -5, 31), [3, 3, 3], 3.16.c_m_cf 
(-5, 7, 31), [3, 3, 3], 3.16.c_m_cr 
(-1, 3, -1), [3, 3, 3], 3.16.c_m_dt 
(5, -3, 13), [1, 1, 1], 3.16.c_o_abf 
(3, -1, 1), [3, 3, 1], 3.16.c_o_abd 
(1, 1, -3), [1, 1, 1], 3.16.c_o_bd 
(-5, 7, 33), [3, 3, 1], 3.16.c_o_ch 
(7, -5, 33), [3, 3, 1], 3.16.c_o_ct 
(-1, 3, 1), [3, 3, 1], 3.16.c_o_dr 
(3, -1, 3), [3, 3, 3], 3.16.c_q_ax 
(5, -3, 15), [1, 1, 3], 3.16.c_q_av 
(1, 1, -1), [1, 1, 3], 3.16.c_q_bf 
(-5, 7, 35), [3, 3, 3], 3.16.c_q_bx 
(7, -5, 35), [3, 3, 3], 3.16.c_q_dh 
(-1, 3, 3), [3, 3, 3], 3.16.c_q_dp 
(-3, 5, 15), [1, 1, 3], 3.16.c_q_el 
(3, -1, 5), [3, 3, 1], 3.16.c_s_ar 
(5, -3, 17), [1, 1, 1], 3.16.c_s_al 
(1, 1, 1), [1, 1, 1], 3.16.c_s_bh 
(-5, 7, 37), [3, 3, 1], 3.16.c_s_bn 
(-1, 3, 5), [3, 3, 1], 3.16.c_s_dn 
(7, -5, 37), [3, 3, 1], 3.16.c_s_dv 
(-3, 5, 17), [1, 1, 1], 3.16.c_s_ef 
(3, -1, 7), [3, 3, 3], 3.16.c_u_al 
(5, -3, 19), [1, 1, 3], 3.16.c_u_ab 
(-5, 7, 39), [3, 3, 3], 3.16.c_u_bd 
(1, 1, 3), [1, 1, 3], 3.16.c_u_bj 
(-1, 3, 7), [3, 3, 3], 3.16.c_u_dl 
(-3, 5, 19), [1, 1, 3], 3.16.c_u_dz 
(3, -1, 9), [3, 3, 1], 3.16.c_w_af 
(5, -3, 21), [1, 1, 1], 3.16.c_w_j 
(-5, 7, 41), [3, 3, 1], 3.16.c_w_t 
(1, 1, 5), [1, 1, 1], 3.16.c_w_bl 
(-1, 3, 9), [3, 3, 1], 3.16.c_w_dj 
(-3, 5, 21), [1, 1, 1], 3.16.c_w_dt 
(3, -1, 11), [3, 3, 3], 3.16.c_y_b 
(-5, 7, 43), [3, 3, 3], 3.16.c_y_j 
(5, -3, 23), [1, 1, 3], 3.16.c_y_t 
(1, 1, 7), [1, 1, 3], 3.16.c_y_bn 
(-1, 3, 11), [3, 3, 3], 3.16.c_y_dh 
(-3, 5, 23), [1, 1, 3], 3.16.c_y_dn 
(3, -1, 13), [3, 3, 1], 3.16.c_ba_h 
(5, -3, 25), [1, 1, 1], 3.16.c_ba_bd 
(1, 1, 9), [1, 1, 1], 3.16.c_ba_bp 
(-1, 3, 13), [3, 3, 1], 3.16.c_ba_df 
(-3, 5, 25), [1, 1, 1], 3.16.c_ba_dh 
(3, -1, 15), [3, 3, 3], 3.16.c_bc_n 
(5, -3, 27), [1, 1, 3], 3.16.c_bc_bn 
(1, 1, 11), [1, 1, 3], 3.16.c_bc_br 
(-3, 5, 27), [1, 1, 3], 3.16.c_bc_db 
(-1, 3, 15), [3, 3, 3], 3.16.c_bc_dd 
(3, -1, 17), [3, 3, 1], 3.16.c_be_t 
(1, 1, 13), [1, 1, 1], 3.16.c_be_bt 
(5, -3, 29), [1, 1, 1], 3.16.c_be_bx 
(-3, 5, 29), [1, 1, 1], 3.16.c_be_cv 
(-1, 3, 17), [3, 3, 1], 3.16.c_be_db 
(1, 1, 15), [1, 1, 3], 3.16.c_bg_bv 
(5, -3, 31), [1, 1, 3], 3.16.c_bg_ch 
(-3, 5, 31), [1, 1, 3], 3.16.c_bg_cp 
(-1, 3, 19), [3, 3, 3], 3.16.c_bg_cz 
(1, 1, 17), [1, 1, 1], 3.16.c_bi_bx 
(-3, 5, 33), [1, 1, 1], 3.16.c_bi_cj 
(5, -3, 33), [1, 1, 1], 3.16.c_bi_cr 
(-1, 3, 21), [3, 3, 1], 3.16.c_bi_cx 
(3, -1, 23), [3, 3, 3], 3.16.c_bk_bl 
(1, 1, 19), [1, 1, 3], 3.16.c_bk_bz 
(-3, 5, 35), [1, 1, 3], 3.16.c_bk_cd 
(-1, 3, 23), [3, 3, 3], 3.16.c_bk_cv 
(-3, 5, 37), [1, 1, 1], 3.16.c_bm_bx 
(1, 1, 21), [1, 1, 1], 3.16.c_bm_cb 
(-1, 3, 25), [3, 3, 1], 3.16.c_bm_ct 
(3, -1, 27), [3, 3, 3], 3.16.c_bo_bx 
(1, 1, 23), [1, 1, 3], 3.16.c_bo_cd 
(3, -1, 29), [3, 3, 1], 3.16.c_bq_cd 
(1, 1, 25), [1, 1, 1], 3.16.c_bq_cf 
(1, 1, 27), [1, 1, 3], 3.16.c_bs_ch 
(3, -1, 31), [3, 3, 3], 3.16.c_bs_cj 
(-1, 3, 31), [3, 3, 3], 3.16.c_bs_cn 
(3, 0, -29), [3, 0, 3], 3.16.d_an_adj 
(7, -4, 1), [3, 0, 1], 3.16.d_al_aer 
(3, 0, -27), [3, 0, 1], 3.16.d_al_add 
(5, -2, -15), [1, 2, 1], 3.16.d_aj_afj 
(7, -4, 3), [3, 0, 3], 3.16.d_aj_aed 
(3, 0, -25), [3, 0, 3], 3.16.d_aj_acx 
(5, -2, -13), [1, 2, 3], 3.16.d_ah_aez 
(7, -4, 5), [3, 0, 1], 3.16.d_ah_adp 
(3, 0, -23), [3, 0, 1], 3.16.d_ah_acr 
(5, -2, -11), [1, 2, 1], 3.16.d_af_aep 
(7, -4, 7), [3, 0, 3], 3.16.d_af_adb 
(3, 0, -21), [3, 0, 3], 3.16.d_af_acl 
(-7, 10, 49), [1, 2, 1], 3.16.d_af_ax 
(5, -2, -9), [1, 2, 3], 3.16.d_ad_aef 
(7, -4, 9), [3, 0, 1], 3.16.d_ad_acn 
(3, 0, -19), [3, 0, 1], 3.16.d_ad_acf 
(-7, 10, 51), [1, 2, 3], 3.16.d_ad_abl 
(5, -2, -7), [1, 2, 1], 3.16.d_ab_adv 
(-7, 10, 55), [1, 2, 3], 3.16.d_b_acn 
(3, 0, -15), [3, 0, 1], 3.16.d_b_abt 
(7, -4, 13), [3, 0, 1], 3.16.d_b_abl 
(3, 0, -13), [3, 0, 3], 3.16.d_d_abn 
(7, -4, 15), [3, 0, 3], 3.16.d_d_ax 
(1, 2, -15), [1, 2, 1], 3.16.d_d_bx 
(3, 0, -11), [3, 0, 1], 3.16.d_f_abh 
(7, -4, 17), [3, 0, 1], 3.16.d_f_aj 
(1, 2, -13), [1, 2, 3], 3.16.d_f_bz 
(5, -2, 1), [1, 2, 1], 3.16.d_h_ach 
(3, 0, -9), [3, 0, 3], 3.16.d_h_abb 
(7, -4, 19), [3, 0, 3], 3.16.d_h_f 
(1, 2, -11), [1, 2, 1], 3.16.d_h_cb 
(5, -2, 3), [1, 2, 3], 3.16.d_j_abx 
(3, 0, -7), [3, 0, 1], 3.16.d_j_av 
(7, -4, 21), [3, 0, 1], 3.16.d_j_t 
(1, 2, -9), [1, 2, 3], 3.16.d_j_cd 
(-5, 8, 33), [3, 0, 1], 3.16.d_j_dn 
(5, -2, 5), [1, 2, 1], 3.16.d_l_abn 
(3, 0, -5), [3, 0, 3], 3.16.d_l_ap 
(7, -4, 23), [3, 0, 3], 3.16.d_l_bh 
(1, 2, -7), [1, 2, 1], 3.16.d_l_cf 
(-5, 8, 35), [3, 0, 3], 3.16.d_l_dd 
(5, -2, 7), [1, 2, 3], 3.16.d_n_abd 
(3, 0, -3), [3, 0, 1], 3.16.d_n_aj 
(7, -4, 25), [3, 0, 1], 3.16.d_n_bv 
(1, 2, -5), [1, 2, 3], 3.16.d_n_ch 
(-5, 8, 37), [3, 0, 1], 3.16.d_n_ct 
(-1, 4, 1), [3, 0, 1], 3.16.d_n_ex 
(5, -2, 9), [1, 2, 1], 3.16.d_p_at 
(3, 0, -1), [3, 0, 3], 3.16.d_p_ad 
(-1, 4, 3), [3, 0, 3], 3.16.d_p_ev 
(-3, 6, 17), [1, 2, 1], 3.16.d_p_fl 
(5, -2, 11), [1, 2, 3], 3.16.d_r_aj 
(3, 0, 1), [3, 0, 1], 3.16.d_r_d 
(-5, 8, 41), [3, 0, 1], 3.16.d_r_bz 
(1, 2, -1), [1, 2, 3], 3.16.d_r_cl 
(7, -4, 29), [3, 0, 1], 3.16.d_r_cx 
(-1, 4, 5), [3, 0, 1], 3.16.d_r_et 
(-3, 6, 19), [1, 2, 3], 3.16.d_r_ff 
(5, -2, 13), [1, 2, 1], 3.16.d_t_b 
(3, 0, 3), [3, 0, 3], 3.16.d_t_j 
(-5, 8, 43), [3, 0, 3], 3.16.d_t_bp 
(1, 2, 1), [1, 2, 1], 3.16.d_t_cn 
(7, -4, 31), [3, 0, 3], 3.16.d_t_dl 
(-1, 4, 7), [3, 0, 3], 3.16.d_t_er 
(-3, 6, 21), [1, 2, 1], 3.16.d_t_ez 
(5, -2, 15), [1, 2, 3], 3.16.d_v_l 
(3, 0, 5), [3, 0, 1], 3.16.d_v_p 
(-5, 8, 45), [3, 0, 1], 3.16.d_v_bf 
(1, 2, 3), [1, 2, 3], 3.16.d_v_cp 
(7, -4, 33), [3, 0, 1], 3.16.d_v_dz 
(-1, 4, 9), [3, 0, 1], 3.16.d_v_ep 
(-3, 6, 23), [1, 2, 3], 3.16.d_v_et 
(1, 2, 5), [1, 2, 1], 3.16.d_x_cr 
(3, 0, 9), [3, 0, 1], 3.16.d_z_bb 
(5, -2, 19), [1, 2, 3], 3.16.d_z_bf 
(1, 2, 7), [1, 2, 3], 3.16.d_z_ct 
(-3, 6, 27), [1, 2, 3], 3.16.d_z_eh 
(-1, 4, 13), [3, 0, 1], 3.16.d_z_el 
(3, 0, 11), [3, 0, 3], 3.16.d_bb_bh 
(5, -2, 21), [1, 2, 1], 3.16.d_bb_bp 
(1, 2, 9), [1, 2, 1], 3.16.d_bb_cv 
(-3, 6, 29), [1, 2, 1], 3.16.d_bb_eb 
(-1, 4, 15), [3, 0, 3], 3.16.d_bb_ej 
(3, 0, 13), [3, 0, 1], 3.16.d_bd_bn 
(5, -2, 23), [1, 2, 3], 3.16.d_bd_bz 
(1, 2, 11), [1, 2, 3], 3.16.d_bd_cx 
(-3, 6, 31), [1, 2, 3], 3.16.d_bd_dv 
(-1, 4, 17), [3, 0, 1], 3.16.d_bd_eh 
(3, 0, 15), [3, 0, 3], 3.16.d_bf_bt 
(5, -2, 25), [1, 2, 1], 3.16.d_bf_cj 
(1, 2, 13), [1, 2, 1], 3.16.d_bf_cz 
(-3, 6, 33), [1, 2, 1], 3.16.d_bf_dp 
(-1, 4, 19), [3, 0, 3], 3.16.d_bf_ef 
(3, 0, 17), [3, 0, 1], 3.16.d_bh_bz 
(5, -2, 27), [1, 2, 3], 3.16.d_bh_ct 
(1, 2, 15), [1, 2, 3], 3.16.d_bh_db 
(-3, 6, 35), [1, 2, 3], 3.16.d_bh_dj 
(-1, 4, 21), [3, 0, 1], 3.16.d_bh_ed 
(3, 0, 19), [3, 0, 3], 3.16.d_bj_cf 
(-1, 4, 23), [3, 0, 3], 3.16.d_bj_eb 
(3, 0, 21), [3, 0, 1], 3.16.d_bl_cl 
(-3, 6, 39), [1, 2, 3], 3.16.d_bl_cx 
(1, 2, 19), [1, 2, 3], 3.16.d_bl_df 
(5, -2, 31), [1, 2, 3], 3.16.d_bl_dn 
(-1, 4, 25), [3, 0, 1], 3.16.d_bl_dz 
(1, 2, 21), [1, 2, 1], 3.16.d_bn_dh 
(1, 2, 23), [1, 2, 3], 3.16.d_bp_dj 
(-1, 4, 29), [3, 0, 1], 3.16.d_bp_dv 
(3, 0, 27), [3, 0, 3], 3.16.d_br_dd 
(1, 2, 25), [1, 2, 1], 3.16.d_br_dl 
(-1, 4, 31), [3, 0, 3], 3.16.d_br_dt 
(3, 0, 29), [3, 0, 1], 3.16.d_bt_dj 
(1, 2, 27), [1, 2, 3], 3.16.d_bt_dn 
(-1, 4, 33), [3, 0, 1], 3.16.d_bt_dr 
(1, 2, 31), [1, 2, 3], 3.16.d_bx_dr 
(5, -1, -23), [1, 3, 1], 3.16.e_am_afr 
(5, -1, -21), [1, 3, 3], 3.16.e_ak_afh 
(7, -3, -5), [3, 1, 3], 3.16.e_ak_afb 
(5, -1, -19), [1, 3, 1], 3.16.e_ai_aex 
(7, -3, -3), [3, 1, 1], 3.16.e_ai_aen 
(5, -1, -17), [1, 3, 3], 3.16.e_ag_aen 
(7, -3, -1), [3, 1, 3], 3.16.e_ag_adz 
(5, -1, -15), [1, 3, 1], 3.16.e_ae_aed 
(7, -3, 1), [3, 1, 1], 3.16.e_ae_adl 
(-7, 11, 57), [1, 3, 1], 3.16.e_ae_abv 
(3, 1, -23), [3, 1, 1], 3.16.e_ae_abl 
(5, -1, -13), [1, 3, 3], 3.16.e_ac_adt 
(7, -3, 3), [3, 1, 3], 3.16.e_ac_acx 
(-7, 11, 59), [1, 3, 3], 3.16.e_ac_acj 
(3, 1, -21), [3, 1, 3], 3.16.e_ac_abf 
(5, -1, -11), [1, 3, 1], 3.16.e_a_adj 
(-7, 11, 61), [1, 3, 1], 3.16.e_a_acx 
(7, -3, 5), [3, 1, 1], 3.16.e_a_acj 
(3, 1, -19), [3, 1, 1], 3.16.e_a_az 
(5, -1, -9), [1, 3, 3], 3.16.e_c_acz 
(7, -3, 7), [3, 1, 3], 3.16.e_c_abv 
(3, 1, -17), [3, 1, 3], 3.16.e_c_at 
(5, -1, -7), [1, 3, 1], 3.16.e_e_acp 
(7, -3, 9), [3, 1, 1], 3.16.e_e_abh 
(3, 1, -15), [3, 1, 1], 3.16.e_e_an 
(5, -1, -5), [1, 3, 3], 3.16.e_g_acf 
(7, -3, 11), [3, 1, 3], 3.16.e_g_at 
(3, 1, -13), [3, 1, 3], 3.16.e_g_ah 
(5, -1, -3), [1, 3, 1], 3.16.e_i_abv 
(7, -3, 13), [3, 1, 1], 3.16.e_i_af 
(3, 1, -11), [3, 1, 1], 3.16.e_i_ab 
(5, -1, -1), [1, 3, 3], 3.16.e_k_abl 
(3, 1, -9), [3, 1, 3], 3.16.e_k_f 
(7, -3, 15), [3, 1, 3], 3.16.e_k_j 
(3, 1, -7), [3, 1, 1], 3.16.e_m_l 
(7, -3, 17), [3, 1, 1], 3.16.e_m_x 
(-5, 9, 41), [3, 1, 1], 3.16.e_m_df 
(1, 3, -7), [1, 3, 1], 3.16.e_m_dl 
(3, 1, -5), [3, 1, 3], 3.16.e_o_r 
(7, -3, 19), [3, 1, 3], 3.16.e_o_bl 
(-5, 9, 43), [3, 1, 3], 3.16.e_o_cv 
(1, 3, -5), [1, 3, 3], 3.16.e_o_dn 
(5, -1, 5), [1, 3, 1], 3.16.e_q_ah 
(3, 1, -3), [3, 1, 1], 3.16.e_q_x 
(7, -3, 21), [3, 1, 1], 3.16.e_q_bz 
(-5, 9, 45), [3, 1, 1], 3.16.e_q_cl 
(1, 3, -3), [1, 3, 1], 3.16.e_q_dp 
(5, -1, 7), [1, 3, 3], 3.16.e_s_d 
(3, 1, -1), [3, 1, 3], 3.16.e_s_bd 
(-5, 9, 47), [3, 1, 3], 3.16.e_s_cb 
(7, -3, 23), [3, 1, 3], 3.16.e_s_cn 
(1, 3, -1), [1, 3, 3], 3.16.e_s_dr 
(5, -1, 9), [1, 3, 1], 3.16.e_u_n 
(3, 1, 1), [3, 1, 1], 3.16.e_u_bj 
(-5, 9, 49), [3, 1, 1], 3.16.e_u_br 
(7, -3, 25), [3, 1, 1], 3.16.e_u_db 
(1, 3, 1), [1, 3, 1], 3.16.e_u_dt 
(-3, 7, 25), [1, 3, 1], 3.16.e_u_ft 
(-1, 5, 9), [3, 1, 1], 3.16.e_u_fv 
(5, -1, 11), [1, 3, 3], 3.16.e_w_x 
(-5, 9, 51), [3, 1, 3], 3.16.e_w_bh 
(3, 1, 3), [3, 1, 3], 3.16.e_w_bp 
(7, -3, 27), [3, 1, 3], 3.16.e_w_dp 
(1, 3, 3), [1, 3, 3], 3.16.e_w_dv 
(-3, 7, 27), [1, 3, 3], 3.16.e_w_fn 
(-1, 5, 11), [3, 1, 3], 3.16.e_w_ft 
(5, -1, 13), [1, 3, 1], 3.16.e_y_bh 
(3, 1, 5), [3, 1, 1], 3.16.e_y_bv 
(1, 3, 5), [1, 3, 1], 3.16.e_y_dx 
(7, -3, 29), [3, 1, 1], 3.16.e_y_ed 
(-3, 7, 29), [1, 3, 1], 3.16.e_y_fh 
(-1, 5, 13), [3, 1, 1], 3.16.e_y_fr 
(5, -1, 15), [1, 3, 3], 3.16.e_ba_br 
(3, 1, 7), [3, 1, 3], 3.16.e_ba_cb 
(1, 3, 7), [1, 3, 3], 3.16.e_ba_dz 
(7, -3, 31), [3, 1, 3], 3.16.e_ba_er 
(-3, 7, 31), [1, 3, 3], 3.16.e_ba_fb 
(-1, 5, 15), [3, 1, 3], 3.16.e_ba_fp 
(5, -1, 17), [1, 3, 1], 3.16.e_bc_cb 
(3, 1, 9), [3, 1, 1], 3.16.e_bc_ch 
(1, 3, 9), [1, 3, 1], 3.16.e_bc_eb 
(-3, 7, 33), [1, 3, 1], 3.16.e_bc_ev 
(7, -3, 33), [3, 1, 1], 3.16.e_bc_ff 
(-1, 5, 17), [3, 1, 1], 3.16.e_bc_fn 
(5, -1, 19), [1, 3, 3], 3.16.e_be_cl 
(3, 1, 11), [3, 1, 3], 3.16.e_be_cn 
(1, 3, 11), [1, 3, 3], 3.16.e_be_ed 
(-3, 7, 35), [1, 3, 3], 3.16.e_be_ep 
(-1, 5, 19), [3, 1, 3], 3.16.e_be_fl 
(3, 1, 13), [3, 1, 1], 3.16.e_bg_ct 
(5, -1, 21), [1, 3, 1], 3.16.e_bg_cv 
(1, 3, 13), [1, 3, 1], 3.16.e_bg_ef 
(-3, 7, 37), [1, 3, 1], 3.16.e_bg_ej 
(-1, 5, 21), [3, 1, 1], 3.16.e_bg_fj 
(3, 1, 15), [3, 1, 3], 3.16.e_bi_cz 
(5, -1, 23), [1, 3, 3], 3.16.e_bi_df 
(-3, 7, 39), [1, 3, 3], 3.16.e_bi_ed 
(1, 3, 15), [1, 3, 3], 3.16.e_bi_eh 
(-1, 5, 23), [3, 1, 3], 3.16.e_bi_fh 
(3, 1, 17), [3, 1, 1], 3.16.e_bk_df 
(5, -1, 25), [1, 3, 1], 3.16.e_bk_dp 
(-3, 7, 41), [1, 3, 1], 3.16.e_bk_dx 
(1, 3, 17), [1, 3, 1], 3.16.e_bk_ej 
(3, 1, 19), [3, 1, 3], 3.16.e_bm_dl 
(-3, 7, 43), [1, 3, 3], 3.16.e_bm_dr 
(5, -1, 27), [1, 3, 3], 3.16.e_bm_dz 
(1, 3, 19), [1, 3, 3], 3.16.e_bm_el 
(3, 1, 21), [3, 1, 1], 3.16.e_bo_dr 
(5, -1, 29), [1, 3, 1], 3.16.e_bo_ej 
(1, 3, 21), [1, 3, 1], 3.16.e_bo_en 
(-1, 5, 29), [3, 1, 1], 3.16.e_bo_fb 
(3, 1, 23), [3, 1, 3], 3.16.e_bq_dx 
(1, 3, 23), [1, 3, 3], 3.16.e_bq_ep 
(5, -1, 31), [1, 3, 3], 3.16.e_bq_et 
(-1, 5, 31), [3, 1, 3], 3.16.e_bq_ez 
(1, 3, 25), [1, 3, 1], 3.16.e_bs_er 
(-1, 5, 33), [3, 1, 1], 3.16.e_bs_ex 
(1, 3, 27), [1, 3, 3], 3.16.e_bu_et 
(-1, 5, 35), [3, 1, 3], 3.16.e_bu_ev 
(3, 1, 29), [3, 1, 1], 3.16.e_bw_ep 
(-1, 5, 37), [3, 1, 1], 3.16.e_bw_et 
(1, 3, 29), [1, 3, 1], 3.16.e_bw_ev 
(3, 1, 31), [3, 1, 3], 3.16.e_by_ev 
(1, 3, 31), [1, 3, 3], 3.16.e_by_ex 
(7, -2, -15), [3, 2, 1], 3.16.f_an_agn 
(5, 0, -29), [1, 0, 3], 3.16.f_an_afp 
(7, -2, -13), [3, 2, 3], 3.16.f_al_afz 
(5, 0, -27), [1, 0, 1], 3.16.f_al_aff 
(7, -2, -11), [3, 2, 1], 3.16.f_aj_afl 
(5, 0, -25), [1, 0, 3], 3.16.f_aj_aev 
(7, -2, -9), [3, 2, 3], 3.16.f_ah_aex 
(5, 0, -23), [1, 0, 1], 3.16.f_ah_ael 
(7, -2, -7), [3, 2, 1], 3.16.f_af_aej 
(5, 0, -21), [1, 0, 3], 3.16.f_af_aeb 
(7, -2, -5), [3, 2, 3], 3.16.f_ad_adv 
(5, 0, -19), [1, 0, 1], 3.16.f_ad_adr 
(-7, 12, 65), [1, 0, 1], 3.16.f_ad_act 
(5, 0, -15), [1, 0, 1], 3.16.f_b_acx 
(7, -2, -1), [3, 2, 3], 3.16.f_b_act 
(5, 0, -13), [1, 0, 3], 3.16.f_d_acn 
(7, -2, 1), [3, 2, 1], 3.16.f_d_acf 
(5, 0, -11), [1, 0, 1], 3.16.f_f_acd 
(7, -2, 3), [3, 2, 3], 3.16.f_f_abr 
(5, 0, -9), [1, 0, 3], 3.16.f_h_abt 
(7, -2, 5), [3, 2, 1], 3.16.f_h_abd 
(3, 2, -15), [3, 2, 1], 3.16.f_h_t 
(5, 0, -7), [1, 0, 1], 3.16.f_j_abj 
(7, -2, 7), [3, 2, 3], 3.16.f_j_ap 
(3, 2, -13), [3, 2, 3], 3.16.f_j_z 
(5, 0, -5), [1, 0, 3], 3.16.f_l_az 
(7, -2, 9), [3, 2, 1], 3.16.f_l_ab 
(3, 2, -11), [3, 2, 1], 3.16.f_l_bf 
(5, 0, -3), [1, 0, 1], 3.16.f_n_ap 
(7, -2, 11), [3, 2, 3], 3.16.f_n_n 
(3, 2, -9), [3, 2, 3], 3.16.f_n_bl 
(5, 0, -1), [1, 0, 3], 3.16.f_p_af 
(7, -2, 13), [3, 2, 1], 3.16.f_p_bb 
(3, 2, -7), [3, 2, 1], 3.16.f_p_br 
(-5, 10, 49), [3, 2, 1], 3.16.f_p_cx 
(5, 0, 1), [1, 0, 1], 3.16.f_r_f 
(7, -2, 15), [3, 2, 3], 3.16.f_r_bp 
(3, 2, -5), [3, 2, 3], 3.16.f_r_bx 
(-5, 10, 51), [3, 2, 3], 3.16.f_r_cn 
(5, 0, 3), [1, 0, 3], 3.16.f_t_p 
(5, 0, 5), [1, 0, 1], 3.16.f_v_z 
(-5, 10, 55), [3, 2, 3], 3.16.f_v_bt 
(3, 2, -1), [3, 2, 3], 3.16.f_v_cj 
(7, -2, 19), [3, 2, 3], 3.16.f_v_cr 
(1, 4, 1), [1, 0, 1], 3.16.f_v_ez 
(3, 2, 1), [3, 2, 1], 3.16.f_x_cp 
(7, -2, 21), [3, 2, 1], 3.16.f_x_df 
(1, 4, 3), [1, 0, 3], 3.16.f_x_fb 
(5, 0, 9), [1, 0, 1], 3.16.f_z_bt 
(3, 2, 3), [3, 2, 3], 3.16.f_z_cv 
(7, -2, 23), [3, 2, 3], 3.16.f_z_dt 
(1, 4, 5), [1, 0, 1], 3.16.f_z_fd 
(-3, 8, 33), [1, 0, 1], 3.16.f_z_gb 
(5, 0, 11), [1, 0, 3], 3.16.f_bb_cd 
(3, 2, 5), [3, 2, 1], 3.16.f_bb_db 
(7, -2, 25), [3, 2, 1], 3.16.f_bb_eh 
(1, 4, 7), [1, 0, 3], 3.16.f_bb_ff 
(-3, 8, 35), [1, 0, 3], 3.16.f_bb_fv 
(-1, 6, 17), [3, 2, 1], 3.16.f_bb_gt 
(5, 0, 13), [1, 0, 1], 3.16.f_bd_cn 
(3, 2, 7), [3, 2, 3], 3.16.f_bd_dh 
(7, -2, 27), [3, 2, 3], 3.16.f_bd_ev 
(1, 4, 9), [1, 0, 1], 3.16.f_bd_fh 
(-3, 8, 37), [1, 0, 1], 3.16.f_bd_fp 
(-1, 6, 19), [3, 2, 3], 3.16.f_bd_gr 
(5, 0, 15), [1, 0, 3], 3.16.f_bf_cx 
(3, 2, 9), [3, 2, 1], 3.16.f_bf_dn 
(-1, 6, 21), [3, 2, 1], 3.16.f_bf_gp 
(5, 0, 17), [1, 0, 1], 3.16.f_bh_dh 
(3, 2, 11), [3, 2, 3], 3.16.f_bh_dt 
(-3, 8, 41), [1, 0, 1], 3.16.f_bh_fd 
(1, 4, 13), [1, 0, 1], 3.16.f_bh_fl 
(7, -2, 31), [3, 2, 3], 3.16.f_bh_fx 
(-1, 6, 23), [3, 2, 3], 3.16.f_bh_gn 
(5, 0, 19), [1, 0, 3], 3.16.f_bj_dr 
(3, 2, 13), [3, 2, 1], 3.16.f_bj_dz 
(-3, 8, 43), [1, 0, 3], 3.16.f_bj_ex 
(1, 4, 15), [1, 0, 3], 3.16.f_bj_fn 
(5, 0, 21), [1, 0, 1], 3.16.f_bl_eb 
(3, 2, 15), [3, 2, 3], 3.16.f_bl_ef 
(-3, 8, 45), [1, 0, 1], 3.16.f_bl_er 
(1, 4, 17), [1, 0, 1], 3.16.f_bl_fp 
(-1, 6, 27), [3, 2, 3], 3.16.f_bl_gj 
(1, 4, 19), [1, 0, 3], 3.16.f_bn_fr 
(-1, 6, 29), [3, 2, 1], 3.16.f_bn_gh 
(3, 2, 19), [3, 2, 3], 3.16.f_bp_er 
(5, 0, 25), [1, 0, 1], 3.16.f_bp_ev 
(1, 4, 21), [1, 0, 1], 3.16.f_bp_ft 
(-1, 6, 31), [3, 2, 3], 3.16.f_bp_gf 
(3, 2, 21), [3, 2, 1], 3.16.f_br_ex 
(5, 0, 27), [1, 0, 3], 3.16.f_br_ff 
(1, 4, 23), [1, 0, 3], 3.16.f_br_fv 
(-1, 6, 33), [3, 2, 1], 3.16.f_br_gd 
(3, 2, 23), [3, 2, 3], 3.16.f_bt_fd 
(5, 0, 29), [1, 0, 1], 3.16.f_bt_fp 
(1, 4, 25), [1, 0, 1], 3.16.f_bt_fx 
(-1, 6, 35), [3, 2, 3], 3.16.f_bt_gb 
(3, 2, 25), [3, 2, 1], 3.16.f_bv_fj 
(3, 2, 27), [3, 2, 3], 3.16.f_bx_fp 
(-1, 6, 39), [3, 2, 3], 3.16.f_bx_fx 
(1, 4, 29), [1, 0, 1], 3.16.f_bx_gb 
(1, 4, 31), [1, 0, 3], 3.16.f_bz_gd 
(3, 2, 31), [3, 2, 3], 3.16.f_cb_gb 
(7, -1, -21), [3, 3, 3], 3.16.g_am_agx 
(7, -1, -19), [3, 3, 1], 3.16.g_ak_agj 
(7, -1, -17), [3, 3, 3], 3.16.g_ai_afv 
(7, -1, -15), [3, 3, 1], 3.16.g_ag_afh 
(7, -1, -13), [3, 3, 3], 3.16.g_ae_aet 
(7, -1, -11), [3, 3, 1], 3.16.g_ac_aef 
(-7, 13, 73), [1, 1, 1], 3.16.g_ac_adr 
(5, 1, -23), [1, 1, 1], 3.16.g_ac_adf 
(7, -1, -9), [3, 3, 3], 3.16.g_a_adr 
(5, 1, -21), [1, 1, 3], 3.16.g_a_acv 
(7, -1, -7), [3, 3, 1], 3.16.g_c_add 
(5, 1, -19), [1, 1, 1], 3.16.g_c_acl 
(7, -1, -5), [3, 3, 3], 3.16.g_e_acp 
(5, 1, -17), [1, 1, 3], 3.16.g_e_acb 
(7, -1, -3), [3, 3, 1], 3.16.g_g_acb 
(5, 1, -15), [1, 1, 1], 3.16.g_g_abr 
(7, -1, -1), [3, 3, 3], 3.16.g_i_abn 
(5, 1, -13), [1, 1, 3], 3.16.g_i_abh 
(7, -1, 1), [3, 3, 1], 3.16.g_k_az 
(5, 1, -11), [1, 1, 1], 3.16.g_k_ax 
(5, 1, -9), [1, 1, 3], 3.16.g_m_an 
(7, -1, 3), [3, 3, 3], 3.16.g_m_al 
(5, 1, -7), [1, 1, 1], 3.16.g_o_ad 
(7, -1, 5), [3, 3, 1], 3.16.g_o_d 
(5, 1, -5), [1, 1, 3], 3.16.g_q_h 
(7, -1, 7), [3, 3, 3], 3.16.g_q_r 
(5, 1, -3), [1, 1, 1], 3.16.g_s_r 
(7, -1, 9), [3, 3, 1], 3.16.g_s_bf 
(-5, 11, 57), [3, 3, 1], 3.16.g_s_cp 
(3, 3, -7), [3, 3, 1], 3.16.g_s_cx 
(5, 1, -1), [1, 1, 3], 3.16.g_u_bb 
(7, -1, 11), [3, 3, 3], 3.16.g_u_bt 
(-5, 11, 59), [3, 3, 3], 3.16.g_u_cf 
(3, 3, -5), [3, 3, 3], 3.16.g_u_dd 
(5, 1, 1), [1, 1, 1], 3.16.g_w_bl 
(-5, 11, 61), [3, 3, 1], 3.16.g_w_bv 
(7, -1, 13), [3, 3, 1], 3.16.g_w_ch 
(3, 3, -3), [3, 3, 1], 3.16.g_w_dj 
(5, 1, 3), [1, 1, 3], 3.16.g_y_bv 
(7, -1, 15), [3, 3, 3], 3.16.g_y_cv 
(3, 3, -1), [3, 3, 3], 3.16.g_y_dp 
(5, 1, 5), [1, 1, 1], 3.16.g_ba_cf 
(7, -1, 17), [3, 3, 1], 3.16.g_ba_dj 
(3, 3, 1), [3, 3, 1], 3.16.g_ba_dv 
(5, 1, 7), [1, 1, 3], 3.16.g_bc_cp 
(7, -1, 19), [3, 3, 3], 3.16.g_bc_dx 
(3, 3, 3), [3, 3, 3], 3.16.g_bc_eb 
(5, 1, 9), [1, 1, 1], 3.16.g_be_cz 
(3, 3, 5), [3, 3, 1], 3.16.g_be_eh 
(7, -1, 21), [3, 3, 1], 3.16.g_be_el 
(-3, 9, 41), [1, 1, 1], 3.16.g_be_gj 
(1, 5, 9), [1, 1, 1], 3.16.g_be_gn 
(3, 3, 7), [3, 3, 3], 3.16.g_bg_en 
(7, -1, 23), [3, 3, 3], 3.16.g_bg_ez 
(-3, 9, 43), [1, 1, 3], 3.16.g_bg_gd 
(1, 5, 11), [1, 1, 3], 3.16.g_bg_gp 
(3, 3, 9), [3, 3, 1], 3.16.g_bi_et 
(7, -1, 25), [3, 3, 1], 3.16.g_bi_fn 
(-3, 9, 45), [1, 1, 1], 3.16.g_bi_fx 
(1, 5, 13), [1, 1, 1], 3.16.g_bi_gr 
(3, 3, 11), [3, 3, 3], 3.16.g_bk_ez 
(-3, 9, 47), [1, 1, 3], 3.16.g_bk_fr 
(7, -1, 27), [3, 3, 3], 3.16.g_bk_gb 
(1, 5, 15), [1, 1, 3], 3.16.g_bk_gt 
(-1, 7, 27), [3, 3, 3], 3.16.g_bk_hp 
(5, 1, 17), [1, 1, 1], 3.16.g_bm_en 
(3, 3, 13), [3, 3, 1], 3.16.g_bm_ff 
(-3, 9, 49), [1, 1, 1], 3.16.g_bm_fl 
(7, -1, 29), [3, 3, 1], 3.16.g_bm_gp 
(1, 5, 17), [1, 1, 1], 3.16.g_bm_gv 
(-1, 7, 29), [3, 3, 1], 3.16.g_bm_hn 
(5, 1, 19), [1, 1, 3], 3.16.g_bo_ex 
(-3, 9, 51), [1, 1, 3], 3.16.g_bo_ff 
(3, 3, 15), [3, 3, 3], 3.16.g_bo_fl 
(1, 5, 19), [1, 1, 3], 3.16.g_bo_gx 
(7, -1, 31), [3, 3, 3], 3.16.g_bo_hd 
(-1, 7, 31), [3, 3, 3], 3.16.g_bo_hl 
(5, 1, 21), [1, 1, 1], 3.16.g_bq_fh 
(3, 3, 17), [3, 3, 1], 3.16.g_bq_fr 
(1, 5, 21), [1, 1, 1], 3.16.g_bq_gz 
(-1, 7, 33), [3, 3, 1], 3.16.g_bq_hj 
(5, 1, 23), [1, 1, 3], 3.16.g_bs_fr 
(3, 3, 19), [3, 3, 3], 3.16.g_bs_fx 
(1, 5, 23), [1, 1, 3], 3.16.g_bs_hb 
(5, 1, 25), [1, 1, 1], 3.16.g_bu_gb 
(3, 3, 21), [3, 3, 1], 3.16.g_bu_gd 
(1, 5, 25), [1, 1, 1], 3.16.g_bu_hd 
(-1, 7, 37), [3, 3, 1], 3.16.g_bu_hf 
(3, 3, 23), [3, 3, 3], 3.16.g_bw_gj 
(5, 1, 27), [1, 1, 3], 3.16.g_bw_gl 
(-1, 7, 39), [3, 3, 3], 3.16.g_bw_hd 
(1, 5, 27), [1, 1, 3], 3.16.g_bw_hf 
(3, 3, 25), [3, 3, 1], 3.16.g_by_gp 
(5, 1, 29), [1, 1, 1], 3.16.g_by_gv 
(-1, 7, 41), [3, 3, 1], 3.16.g_by_hb 
(1, 5, 29), [1, 1, 1], 3.16.g_by_hh 
(3, 3, 27), [3, 3, 3], 3.16.g_ca_gv 
(-1, 7, 43), [3, 3, 3], 3.16.g_ca_gz 
(5, 1, 31), [1, 1, 3], 3.16.g_ca_hf 
(1, 5, 31), [1, 1, 3], 3.16.g_ca_hj 
(7, 0, -29), [3, 0, 3], 3.16.h_an_ahv 
(7, 0, -27), [3, 0, 1], 3.16.h_al_ahh 
(7, 0, -25), [3, 0, 3], 3.16.h_aj_agt 
(7, 0, -23), [3, 0, 1], 3.16.h_ah_agf 
(7, 0, -21), [3, 0, 3], 3.16.h_af_afr 
(7, 0, -15), [3, 0, 1], 3.16.h_b_aeb 
(7, 0, -13), [3, 0, 3], 3.16.h_d_adn 
(7, 0, -11), [3, 0, 1], 3.16.h_f_acz 
(7, 0, -9), [3, 0, 3], 3.16.h_h_acl 
(7, 0, -7), [3, 0, 1], 3.16.h_j_abx 
(7, 0, -5), [3, 0, 3], 3.16.h_l_abj 
(5, 2, -15), [1, 2, 1], 3.16.h_l_al 
(7, 0, -3), [3, 0, 1], 3.16.h_n_av 
(5, 2, -13), [1, 2, 3], 3.16.h_n_ab 
(7, 0, -1), [3, 0, 3], 3.16.h_p_ah 
(5, 2, -11), [1, 2, 1], 3.16.h_p_j 
(7, 0, 1), [3, 0, 1], 3.16.h_r_h 
(5, 2, -9), [1, 2, 3], 3.16.h_r_t 
(7, 0, 3), [3, 0, 3], 3.16.h_t_v 
(5, 2, -7), [1, 2, 1], 3.16.h_t_bd 
(7, 0, 5), [3, 0, 1], 3.16.h_v_bj 
(5, 2, -5), [1, 2, 3], 3.16.h_v_bn 
(-5, 12, 65), [3, 0, 1], 3.16.h_v_ch 
(5, 2, -1), [1, 2, 3], 3.16.h_z_ch 
(7, 0, 9), [3, 0, 1], 3.16.h_z_cl 
(5, 2, 1), [1, 2, 1], 3.16.h_bb_cr 
(7, 0, 11), [3, 0, 3], 3.16.h_bb_cz 
(5, 2, 3), [1, 2, 3], 3.16.h_bd_db 
(7, 0, 13), [3, 0, 1], 3.16.h_bd_dn 
(3, 4, 1), [3, 0, 1], 3.16.h_bd_fb 
(5, 2, 5), [1, 2, 1], 3.16.h_bf_dl 
(7, 0, 15), [3, 0, 3], 3.16.h_bf_eb 
(3, 4, 3), [3, 0, 3], 3.16.h_bf_fh 
(5, 2, 7), [1, 2, 3], 3.16.h_bh_dv 
(7, 0, 17), [3, 0, 1], 3.16.h_bh_ep 
(3, 4, 5), [3, 0, 1], 3.16.h_bh_fn 
(5, 2, 9), [1, 2, 1], 3.16.h_bj_ef 
(7, 0, 19), [3, 0, 3], 3.16.h_bj_fd 
(3, 4, 7), [3, 0, 3], 3.16.h_bj_ft 
(-3, 10, 49), [1, 2, 1], 3.16.h_bj_gr 
(5, 2, 11), [1, 2, 3], 3.16.h_bl_ep 
(7, 0, 21), [3, 0, 1], 3.16.h_bl_fr 
(3, 4, 9), [3, 0, 1], 3.16.h_bl_fz 
(-3, 10, 51), [1, 2, 3], 3.16.h_bl_gl 
(5, 2, 13), [1, 2, 1], 3.16.h_bn_ez 
(1, 6, 17), [1, 2, 1], 3.16.h_bn_ib 
(5, 2, 15), [1, 2, 3], 3.16.h_bp_fj 
(-3, 10, 55), [1, 2, 3], 3.16.h_bp_fz 
(3, 4, 13), [3, 0, 1], 3.16.h_bp_gl 
(7, 0, 25), [3, 0, 1], 3.16.h_bp_gt 
(1, 6, 19), [1, 2, 3], 3.16.h_bp_id 
(-1, 8, 33), [3, 0, 1], 3.16.h_bp_ip 
(3, 4, 15), [3, 0, 3], 3.16.h_br_gr 
(7, 0, 27), [3, 0, 3], 3.16.h_br_hh 
(1, 6, 21), [1, 2, 1], 3.16.h_br_if 
(-1, 8, 35), [3, 0, 3], 3.16.h_br_in 
(5, 2, 19), [1, 2, 3], 3.16.h_bt_gd 
(3, 4, 17), [3, 0, 1], 3.16.h_bt_gx 
(7, 0, 29), [3, 0, 1], 3.16.h_bt_hv 
(1, 6, 23), [1, 2, 3], 3.16.h_bt_ih 
(-1, 8, 37), [3, 0, 1], 3.16.h_bt_il 
(5, 2, 21), [1, 2, 1], 3.16.h_bv_gn 
(3, 4, 19), [3, 0, 3], 3.16.h_bv_hd 
(5, 2, 23), [1, 2, 3], 3.16.h_bx_gx 
(3, 4, 21), [3, 0, 1], 3.16.h_bx_hj 
(-1, 8, 41), [3, 0, 1], 3.16.h_bx_ih 
(1, 6, 27), [1, 2, 3], 3.16.h_bx_il 
(5, 2, 25), [1, 2, 1], 3.16.h_bz_hh 
(3, 4, 23), [3, 0, 3], 3.16.h_bz_hp 
(-1, 8, 43), [3, 0, 3], 3.16.h_bz_if 
(1, 6, 29), [1, 2, 1], 3.16.h_bz_in 
(5, 2, 27), [1, 2, 3], 3.16.h_cb_hr 
(3, 4, 25), [3, 0, 1], 3.16.h_cb_hv 
(-1, 8, 45), [3, 0, 1], 3.16.h_cb_id 
(1, 6, 31), [1, 2, 3], 3.16.h_cb_ip 
(1, 6, 33), [1, 2, 1], 3.16.h_cd_ir 
(3, 4, 29), [3, 0, 1], 3.16.h_cf_ih 
(5, 2, 31), [1, 2, 3], 3.16.h_cf_il 
(1, 6, 35), [1, 2, 3], 3.16.h_cf_it 
(3, 4, 31), [3, 0, 3], 3.16.h_ch_in 
(3, 4, 33), [3, 0, 1], 3.16.h_cj_it 
(1, 6, 39), [1, 2, 3], 3.16.h_cj_ix 
(7, 1, -21), [3, 1, 3], 3.16.i_c_ael 
(7, 1, -19), [3, 1, 1], 3.16.i_e_adx 
(7, 1, -17), [3, 1, 3], 3.16.i_g_adj 
(7, 1, -15), [3, 1, 1], 3.16.i_i_acv 
(7, 1, -7), [3, 1, 1], 3.16.i_q_ar 
(7, 1, -5), [3, 1, 3], 3.16.i_s_ad 
(7, 1, -3), [3, 1, 1], 3.16.i_u_l 
(7, 1, -1), [3, 1, 3], 3.16.i_w_z 
(7, 1, 1), [3, 1, 1], 3.16.i_y_bn 
(-5, 13, 73), [3, 1, 1], 3.16.i_y_bz 
(5, 3, -7), [1, 3, 1], 3.16.i_y_cj 
(7, 1, 3), [3, 1, 3], 3.16.i_ba_cb 
(5, 3, -5), [1, 3, 3], 3.16.i_ba_ct 
(7, 1, 5), [3, 1, 1], 3.16.i_bc_cp 
(5, 3, -3), [1, 3, 1], 3.16.i_bc_dd 
(7, 1, 7), [3, 1, 3], 3.16.i_be_dd 
(5, 3, -1), [1, 3, 3], 3.16.i_be_dn 
(7, 1, 9), [3, 1, 1], 3.16.i_bg_dr 
(5, 3, 1), [1, 3, 1], 3.16.i_bg_dx 
(7, 1, 11), [3, 1, 3], 3.16.i_bi_ef 
(5, 3, 3), [1, 3, 3], 3.16.i_bi_eh 
(5, 3, 5), [1, 3, 1], 3.16.i_bk_er 
(7, 1, 13), [3, 1, 1], 3.16.i_bk_et 
(5, 3, 7), [1, 3, 3], 3.16.i_bm_fb 
(7, 1, 15), [3, 1, 3], 3.16.i_bm_fh 
(5, 3, 9), [1, 3, 1], 3.16.i_bo_fl 
(7, 1, 17), [3, 1, 1], 3.16.i_bo_fv 
(-3, 11, 57), [1, 3, 1], 3.16.i_bo_gz 
(3, 5, 9), [3, 1, 1], 3.16.i_bo_hf 
(5, 3, 11), [1, 3, 3], 3.16.i_bq_fv 
(7, 1, 19), [3, 1, 3], 3.16.i_bq_gj 
(-3, 11, 59), [1, 3, 3], 3.16.i_bq_gt 
(3, 5, 11), [3, 1, 3], 3.16.i_bq_hl 
(5, 3, 13), [1, 3, 1], 3.16.i_bs_gf 
(-3, 11, 61), [1, 3, 1], 3.16.i_bs_gn 
(7, 1, 21), [3, 1, 1], 3.16.i_bs_gx 
(3, 5, 13), [3, 1, 1], 3.16.i_bs_hr 
(5, 3, 15), [1, 3, 3], 3.16.i_bu_gp 
(7, 1, 23), [3, 1, 3], 3.16.i_bu_hl 
(3, 5, 15), [3, 1, 3], 3.16.i_bu_hx 
(5, 3, 17), [1, 3, 1], 3.16.i_bw_gz 
(7, 1, 25), [3, 1, 1], 3.16.i_bw_hz 
(3, 5, 17), [3, 1, 1], 3.16.i_bw_id 
(-1, 9, 41), [3, 1, 1], 3.16.i_bw_jn 
(1, 7, 25), [1, 3, 1], 3.16.i_bw_jp 
(5, 3, 19), [1, 3, 3], 3.16.i_by_hj 
(3, 5, 19), [3, 1, 3], 3.16.i_by_ij 
(7, 1, 27), [3, 1, 3], 3.16.i_by_in 
(-1, 9, 43), [3, 1, 3], 3.16.i_by_jl 
(1, 7, 27), [1, 3, 3], 3.16.i_by_jr 
(3, 5, 21), [3, 1, 1], 3.16.i_ca_ip 
(7, 1, 29), [3, 1, 1], 3.16.i_ca_jb 
(-1, 9, 45), [3, 1, 1], 3.16.i_ca_jj 
(1, 7, 29), [1, 3, 1], 3.16.i_ca_jt 
(3, 5, 23), [3, 1, 3], 3.16.i_cc_iv 
(-1, 9, 47), [3, 1, 3], 3.16.i_cc_jh 
(7, 1, 31), [3, 1, 3], 3.16.i_cc_jp 
(1, 7, 31), [1, 3, 3], 3.16.i_cc_jv 
(5, 3, 25), [1, 3, 1], 3.16.i_ce_in 
(3, 5, 25), [3, 1, 1], 3.16.i_ce_jb 
(-1, 9, 49), [3, 1, 1], 3.16.i_ce_jf 
(1, 7, 33), [1, 3, 1], 3.16.i_ce_jx 
(5, 3, 27), [1, 3, 3], 3.16.i_cg_ix 
(-1, 9, 51), [3, 1, 3], 3.16.i_cg_jd 
(3, 5, 27), [3, 1, 3], 3.16.i_cg_jh 
(5, 3, 29), [1, 3, 1], 3.16.i_ci_jh 
(3, 5, 29), [3, 1, 1], 3.16.i_ci_jn 
(5, 3, 31), [1, 3, 3], 3.16.i_ck_jr 
(3, 5, 33), [3, 1, 1], 3.16.i_cm_jz 
(5, 3, 33), [1, 3, 1], 3.16.i_cm_kb 
(3, 5, 35), [3, 1, 3], 3.16.i_co_kf 
(1, 7, 43), [1, 3, 3], 3.16.i_co_kh 
(7, 2, -15), [3, 2, 1], 3.16.j_p_abp 
(7, 2, -13), [3, 2, 3], 3.16.j_r_abb 
(7, 2, -11), [3, 2, 1], 3.16.j_t_an 
(7, 2, -9), [3, 2, 3], 3.16.j_v_b 
(7, 2, -7), [3, 2, 1], 3.16.j_x_p 
(7, 2, -5), [3, 2, 3], 3.16.j_z_bd 
(7, 2, -1), [3, 2, 3], 3.16.j_bd_cf 
(7, 2, 1), [3, 2, 1], 3.16.j_bf_ct 
(7, 2, 3), [3, 2, 3], 3.16.j_bh_dh 
(7, 2, 5), [3, 2, 1], 3.16.j_bj_dv 
(7, 2, 7), [3, 2, 3], 3.16.j_bl_ej 
(5, 4, 1), [1, 0, 1], 3.16.j_bl_fd 
(7, 2, 9), [3, 2, 1], 3.16.j_bn_ex 
(5, 4, 3), [1, 0, 3], 3.16.j_bn_fn 
(7, 2, 11), [3, 2, 3], 3.16.j_bp_fl 
(5, 4, 5), [1, 0, 1], 3.16.j_bp_fx 
(7, 2, 13), [3, 2, 1], 3.16.j_br_fz 
(5, 4, 7), [1, 0, 3], 3.16.j_br_gh 
(7, 2, 15), [3, 2, 3], 3.16.j_bt_gn 
(5, 4, 9), [1, 0, 1], 3.16.j_bt_gr 
(-3, 12, 65), [1, 0, 1], 3.16.j_bt_hh 
(5, 4, 13), [1, 0, 1], 3.16.j_bx_hl 
(7, 2, 19), [3, 2, 3], 3.16.j_bx_hp 
(5, 4, 15), [1, 0, 3], 3.16.j_bz_hv 
(7, 2, 21), [3, 2, 1], 3.16.j_bz_id 
(3, 6, 17), [3, 2, 1], 3.16.j_bz_jj 
(5, 4, 17), [1, 0, 1], 3.16.j_cb_if 
(7, 2, 23), [3, 2, 3], 3.16.j_cb_ir 
(3, 6, 19), [3, 2, 3], 3.16.j_cb_jp 
(5, 4, 19), [1, 0, 3], 3.16.j_cd_ip 
(7, 2, 25), [3, 2, 1], 3.16.j_cd_jf 
(3, 6, 21), [3, 2, 1], 3.16.j_cd_jv 
(-1, 10, 49), [3, 2, 1], 3.16.j_cd_kl 
(5, 4, 21), [1, 0, 1], 3.16.j_cf_iz 
(7, 2, 27), [3, 2, 3], 3.16.j_cf_jt 
(3, 6, 23), [3, 2, 3], 3.16.j_cf_kb 
(-1, 10, 51), [3, 2, 3], 3.16.j_cf_kj 
(1, 8, 33), [1, 0, 1], 3.16.j_cf_ld 
(5, 4, 23), [1, 0, 3], 3.16.j_ch_jj 
(1, 8, 35), [1, 0, 3], 3.16.j_ch_lf 
(5, 4, 25), [1, 0, 1], 3.16.j_cj_jt 
(-1, 10, 55), [3, 2, 3], 3.16.j_cj_kf 
(3, 6, 27), [3, 2, 3], 3.16.j_cj_kn 
(7, 2, 31), [3, 2, 3], 3.16.j_cj_kv 
(1, 8, 37), [1, 0, 1], 3.16.j_cj_lh 
(3, 6, 29), [3, 2, 1], 3.16.j_cl_kt 
(5, 4, 29), [1, 0, 1], 3.16.j_cn_kn 
(3, 6, 31), [3, 2, 3], 3.16.j_cn_kz 
(1, 8, 41), [1, 0, 1], 3.16.j_cn_ll 
(5, 4, 31), [1, 0, 3], 3.16.j_cp_kx 
(3, 6, 33), [3, 2, 1], 3.16.j_cp_lf 
(1, 8, 43), [1, 0, 3], 3.16.j_cp_ln 
(5, 4, 33), [1, 0, 1], 3.16.j_cr_lh 
(3, 6, 35), [3, 2, 3], 3.16.j_cr_ll 
(1, 8, 45), [1, 0, 1], 3.16.j_cr_lp 
(3, 6, 39), [3, 2, 3], 3.16.j_cv_lx 
(7, 3, -7), [3, 3, 1], 3.16.k_be_bv 
(7, 3, -5), [3, 3, 3], 3.16.k_bg_cj 
(7, 3, -3), [3, 3, 1], 3.16.k_bi_cx 
(7, 3, 7), [3, 3, 3], 3.16.k_bs_fp 
(7, 3, 9), [3, 3, 1], 3.16.k_bu_gd 
(7, 3, 11), [3, 3, 3], 3.16.k_bw_gr 
(7, 3, 13), [3, 3, 1], 3.16.k_by_hf 
(-3, 13, 73), [1, 1, 1], 3.16.k_by_hp 
(5, 5, 9), [1, 1, 1], 3.16.k_by_hx 
(7, 3, 15), [3, 3, 3], 3.16.k_ca_ht 
(5, 5, 11), [1, 1, 3], 3.16.k_ca_ih 
(7, 3, 17), [3, 3, 1], 3.16.k_cc_ih 
(5, 5, 13), [1, 1, 1], 3.16.k_cc_ir 
(7, 3, 19), [3, 3, 3], 3.16.k_ce_iv 
(5, 5, 15), [1, 1, 3], 3.16.k_ce_jb 
(7, 3, 21), [3, 3, 1], 3.16.k_cg_jj 
(5, 5, 17), [1, 1, 1], 3.16.k_cg_jl 
(5, 5, 19), [1, 1, 3], 3.16.k_ci_jv 
(7, 3, 23), [3, 3, 3], 3.16.k_ci_jx 
(5, 5, 21), [1, 1, 1], 3.16.k_ck_kf 
(7, 3, 25), [3, 3, 1], 3.16.k_ck_kl 
(-1, 11, 57), [3, 3, 1], 3.16.k_ck_lj 
(3, 7, 25), [3, 3, 1], 3.16.k_ck_ln 
(5, 5, 23), [1, 1, 3], 3.16.k_cm_kp 
(7, 3, 27), [3, 3, 3], 3.16.k_cm_kz 
(-1, 11, 59), [3, 3, 3], 3.16.k_cm_lh 
(3, 7, 27), [3, 3, 3], 3.16.k_cm_lt 
(5, 5, 25), [1, 1, 1], 3.16.k_co_kz 
(-1, 11, 61), [3, 3, 1], 3.16.k_co_lf 
(7, 3, 29), [3, 3, 1], 3.16.k_co_ln 
(3, 7, 29), [3, 3, 1], 3.16.k_co_lz 
(5, 5, 27), [1, 1, 3], 3.16.k_cq_lj 
(7, 3, 31), [3, 3, 3], 3.16.k_cq_mb 
(3, 7, 31), [3, 3, 3], 3.16.k_cq_mf 
(1, 9, 43), [1, 1, 3], 3.16.k_cq_mt 
(5, 5, 29), [1, 1, 1], 3.16.k_cs_lt 
(7, 3, 33), [3, 3, 1], 3.16.k_cs_mp 
(1, 9, 45), [1, 1, 1], 3.16.k_cs_mv 
(3, 7, 35), [3, 3, 3], 3.16.k_cu_mr 
(1, 9, 47), [1, 1, 3], 3.16.k_cu_mx 
(3, 7, 37), [3, 3, 1], 3.16.k_cw_mx 
(1, 9, 49), [1, 1, 1], 3.16.k_cw_mz 
(5, 5, 35), [1, 1, 3], 3.16.k_cy_mx 
(1, 9, 51), [1, 1, 3], 3.16.k_cy_nb 
(3, 7, 39), [3, 3, 3], 3.16.k_cy_nd 
(5, 5, 37), [1, 1, 1], 3.16.k_da_nh 
(3, 7, 41), [3, 3, 1], 3.16.k_da_nj 
(7, 4, 1), [3, 0, 1], 3.16.l_bt_ff 
(7, 4, 3), [3, 0, 3], 3.16.l_bv_ft 
(7, 4, 5), [3, 0, 1], 3.16.l_bx_gh 
(7, 4, 7), [3, 0, 3], 3.16.l_bz_gv 
(7, 4, 9), [3, 0, 1], 3.16.l_cb_hj 
(7, 4, 15), [3, 0, 3], 3.16.l_ch_iz 
(7, 4, 17), [3, 0, 1], 3.16.l_cj_jn 
(7, 4, 19), [3, 0, 3], 3.16.l_cl_kb 
(5, 6, 17), [1, 2, 1], 3.16.l_cl_kr 
(7, 4, 21), [3, 0, 1], 3.16.l_cn_kp 
(5, 6, 19), [1, 2, 3], 3.16.l_cn_lb 
(7, 4, 23), [3, 0, 3], 3.16.l_cp_ld 
(5, 6, 21), [1, 2, 1], 3.16.l_cp_ll 
(7, 4, 25), [3, 0, 1], 3.16.l_cr_lr 
(5, 6, 23), [1, 2, 3], 3.16.l_cr_lv 
(-1, 12, 65), [3, 0, 1], 3.16.l_cr_mh 
(5, 6, 27), [1, 2, 3], 3.16.l_cv_mp 
(7, 4, 29), [3, 0, 1], 3.16.l_cv_mt 
(3, 8, 33), [3, 0, 1], 3.16.l_cv_nr 
(5, 6, 29), [1, 2, 1], 3.16.l_cx_mz 
(7, 4, 31), [3, 0, 3], 3.16.l_cx_nh 
(3, 8, 35), [3, 0, 3], 3.16.l_cx_nx 
(1, 10, 49), [1, 2, 1], 3.16.l_cx_of 
(5, 6, 31), [1, 2, 3], 3.16.l_cz_nj 
(7, 4, 33), [3, 0, 1], 3.16.l_cz_nv 
(3, 8, 37), [3, 0, 1], 3.16.l_cz_od 
(1, 10, 51), [1, 2, 3], 3.16.l_cz_oh 
(5, 6, 33), [1, 2, 1], 3.16.l_db_nt 
(5, 6, 35), [1, 2, 3], 3.16.l_dd_od 
(1, 10, 55), [1, 2, 3], 3.16.l_dd_ol 
(3, 8, 41), [3, 0, 1], 3.16.l_dd_op 
(3, 8, 43), [3, 0, 3], 3.16.l_df_ov 
(5, 6, 39), [1, 2, 3], 3.16.l_dh_ox 
(3, 8, 45), [3, 0, 1], 3.16.l_dh_pb 
(7, 5, 9), [3, 1, 1], 3.16.m_ci_ip 
(7, 5, 13), [3, 1, 1], 3.16.m_cm_jr 
(7, 5, 15), [3, 1, 3], 3.16.m_co_kf 
(7, 5, 25), [3, 1, 1], 3.16.m_cy_mx 
(-1, 13, 73), [3, 1, 1], 3.16.m_cy_nf 
(5, 7, 25), [1, 3, 1], 3.16.m_cy_nl 
(7, 5, 27), [3, 1, 3], 3.16.m_da_nl 
(5, 7, 27), [1, 3, 3], 3.16.m_da_nv 
(7, 5, 29), [3, 1, 1], 3.16.m_dc_nz 
(5, 7, 29), [1, 3, 1], 3.16.m_dc_of 
(7, 5, 31), [3, 1, 3], 3.16.m_de_on 
(5, 7, 31), [1, 3, 3], 3.16.m_de_op 
(7, 5, 33), [3, 1, 1], 3.16.m_dg_pb 
(1, 11, 57), [1, 3, 1], 3.16.m_dg_pt 
(3, 9, 41), [3, 1, 1], 3.16.m_dg_pv 
(5, 7, 35), [1, 3, 3], 3.16.m_di_pj 
(7, 5, 35), [3, 1, 3], 3.16.m_di_pp 
(3, 9, 43), [3, 1, 3], 3.16.m_di_qb 
(5, 7, 37), [1, 3, 1], 3.16.m_dk_pt 
(1, 11, 61), [1, 3, 1], 3.16.m_dk_px 
(7, 5, 37), [3, 1, 1], 3.16.m_dk_qd 
(3, 9, 45), [3, 1, 1], 3.16.m_dk_qh 
(5, 7, 39), [1, 3, 3], 3.16.m_dm_qd 
(3, 9, 47), [3, 1, 3], 3.16.m_dm_qn 
(7, 6, 17), [3, 2, 1], 3.16.n_cx_lz 
(7, 6, 19), [3, 2, 3], 3.16.n_cz_mn 
(7, 6, 21), [3, 2, 1], 3.16.n_db_nb 
(7, 6, 23), [3, 2, 3], 3.16.n_dd_np 
(7, 6, 27), [3, 2, 3], 3.16.n_dh_or 
(7, 6, 29), [3, 2, 1], 3.16.n_dj_pf 
(7, 6, 31), [3, 2, 3], 3.16.n_dl_pt 
(5, 8, 33), [1, 0, 1], 3.16.n_dl_qf 
(7, 6, 33), [3, 2, 1], 3.16.n_dn_qh 
(5, 8, 35), [1, 0, 3], 3.16.n_dn_qp 
(7, 6, 35), [3, 2, 3], 3.16.n_dp_qv 
(5, 8, 37), [1, 0, 1], 3.16.n_dp_qz 
(1, 12, 65), [1, 0, 1], 3.16.n_dp_rh 
(3, 10, 49), [3, 2, 1], 3.16.n_dr_rz 
(5, 8, 41), [1, 0, 1], 3.16.n_dt_rt 
(7, 6, 39), [3, 2, 3], 3.16.n_dt_rx 
(3, 10, 51), [3, 2, 3], 3.16.n_dt_sf 
(5, 8, 43), [1, 0, 3], 3.16.n_dv_sd 
(5, 8, 45), [1, 0, 1], 3.16.n_dx_sn 
(3, 10, 55), [3, 2, 3], 3.16.n_dx_sr 
(7, 7, 27), [3, 3, 3], 3.16.o_do_px 
(7, 7, 35), [3, 3, 3], 3.16.o_dw_sb 
(7, 7, 37), [3, 3, 1], 3.16.o_dy_sp 
(1, 13, 73), [1, 1, 1], 3.16.o_dy_sv 
(5, 9, 41), [1, 1, 1], 3.16.o_dy_sz 
(5, 9, 43), [1, 1, 3], 3.16.o_ea_tj 
(5, 9, 45), [1, 1, 1], 3.16.o_ec_tt 
(5, 9, 49), [1, 1, 1], 3.16.o_eg_un 
(3, 11, 61), [3, 3, 1], 3.16.o_eg_up 
(7, 8, 43), [3, 0, 3], 3.16.p_el_vl 
(5, 10, 49), [1, 2, 1], 3.16.p_el_vt 
(7, 8, 45), [3, 0, 1], 3.16.p_en_vz 
(5, 10, 51), [1, 2, 3], 3.16.p_en_wd 
(3, 12, 65), [3, 0, 1], 3.16.p_en_wh 
(7, 9, 49), [3, 1, 1], 3.16.q_ey_yh 
(7, 10, 49), [3, 2, 1], 3.16.r_ff_zn 
(7, 10, 51), [3, 2, 3], 3.16.r_fh_bab 
