(-9, -17, 121), [16, 8, 21] 
(-9, -16, 111), [16, 9, 11] 
(-9, -16, 112), [16, 9, 12] 
(-8, -17, 121), [17, 8, 21] 
(-9, -15, 101), [16, 10, 1] 
(-9, -15, 102), [16, 10, 2] 
(-9, -15, 103), [16, 10, 3] 
(-8, -16, 111), [17, 9, 11] 
(-7, -17, 121), [18, 8, 21] 
(-8, -16, 112), [17, 9, 12] 
(-9, -14, 91), [16, 11, 16] 
(-9, -14, 92), [16, 11, 17] 
(-9, -14, 93), [16, 11, 18] 
(-9, -14, 94), [16, 11, 19] 
(-8, -15, 101), [17, 10, 1] 
(-8, -15, 102), [17, 10, 2] 
(-9, -14, 96), [16, 11, 21] 
(-7, -16, 111), [18, 9, 11] 
(-6, -17, 121), [19, 8, 21] 
(-8, -15, 103), [17, 10, 3] 
(-9, -14, 97), [16, 11, 22] 
(-7, -16, 112), [18, 9, 12] 
(-9, -13, 82), [16, 12, 7] 
(-9, -13, 83), [16, 12, 8] 
(-9, -13, 84), [16, 12, 9] 
(-8, -14, 91), [17, 11, 16] 
(-9, -13, 87), [16, 12, 12] 
(-8, -14, 93), [17, 11, 18] 
(-7, -15, 101), [18, 10, 1] 
(-9, -13, 89), [16, 12, 14] 
(-6, -16, 111), [19, 9, 11] 
(-6, -16, 112), [19, 9, 12] 
(-7, -15, 103), [18, 10, 3] 
(-9, -13, 91), [16, 12, 16] 
(-8, -14, 97), [17, 11, 22] 
(-9, -12, 71), [16, 13, 21] 
(-9, -12, 72), [16, 13, 22] 
(-9, -12, 73), [16, 13, 23] 
(-9, -12, 74), [16, 13, 24] 
(-9, -12, 76), [16, 13, 1] 
(-8, -13, 81), [17, 12, 6] 
(-8, -13, 82), [17, 12, 7] 
(-9, -12, 78), [16, 13, 3] 
(-8, -13, 83), [17, 12, 8] 
(-9, -12, 79), [16, 13, 4] 
(-7, -14, 91), [18, 11, 16] 
(-9, -12, 81), [16, 13, 6] 
(-7, -14, 92), [18, 11, 17] 
(-6, -15, 101), [19, 10, 1] 
(-7, -14, 93), [18, 11, 18] 
(-9, -12, 83), [16, 13, 8] 
(-8, -13, 87), [17, 12, 12] 
(-6, -15, 102), [19, 10, 2] 
(-7, -14, 94), [18, 11, 19] 
(-9, -12, 84), [16, 13, 9] 
(-8, -13, 88), [17, 12, 13] 
(-6, -15, 103), [19, 10, 3] 
(-8, -13, 89), [17, 12, 14] 
(-7, -14, 96), [18, 11, 21] 
(-7, -14, 97), [18, 11, 22] 
(-8, -13, 91), [17, 12, 16] 
(-9, -11, 61), [16, 14, 11] 
(-9, -11, 63), [16, 14, 13] 
(-9, -11, 67), [16, 14, 17] 
(-8, -12, 71), [17, 13, 21] 
(-9, -11, 69), [16, 14, 19] 
(-9, -11, 71), [16, 14, 21] 
(-9, -11, 73), [16, 14, 23] 
(-7, -13, 83), [18, 12, 8] 
(-6, -14, 91), [19, 11, 16] 
(-8, -12, 79), [17, 13, 4] 
(-9, -11, 77), [16, 14, 2] 
(-8, -12, 81), [17, 13, 6] 
(-8, -12, 83), [17, 13, 8] 
(-7, -13, 89), [18, 12, 14] 
(-6, -14, 97), [19, 11, 22] 
(-7, -13, 91), [18, 12, 16] 
(-9, -10, 51), [16, 15, 1] 
(-9, -10, 52), [16, 15, 2] 
(-9, -10, 53), [16, 15, 3] 
(-9, -10, 56), [16, 15, 6] 
(-9, -10, 57), [16, 15, 7] 
(-9, -10, 58), [16, 15, 8] 
(-9, -10, 61), [16, 15, 11] 
(-9, -10, 62), [16, 15, 12] 
(-9, -10, 63), [16, 15, 13] 
(-9, -10, 64), [16, 15, 14] 
(-7, -12, 71), [18, 13, 21] 
(-7, -12, 72), [18, 13, 22] 
(-7, -12, 73), [18, 13, 23] 
(-9, -10, 67), [16, 15, 17] 
(-9, -10, 68), [16, 15, 18] 
(-3, -16, 111), [22, 9, 11] 
(-9, -10, 69), [16, 15, 19] 
(-8, -11, 71), [17, 14, 21] 
(-3, -16, 112), [22, 9, 12] 
(-8, -11, 72), [17, 14, 22] 
(-4, -15, 101), [21, 10, 1] 
(-8, -11, 73), [17, 14, 23] 
(-9, -10, 72), [16, 15, 22] 
(-9, -10, 73), [16, 15, 23] 
(-7, -12, 79), [18, 13, 4] 
(-8, -11, 76), [17, 14, 1] 
(-7, -12, 81), [18, 13, 6] 
(-8, -11, 77), [17, 14, 2] 
(-6, -13, 88), [19, 12, 13] 
(-6, -13, 89), [19, 12, 14] 
(-7, -12, 83), [18, 13, 8] 
(-7, -12, 84), [18, 13, 9] 
(-6, -13, 91), [19, 12, 16] 
(-9, -9, 41), [16, 16, 16] 
(-9, -9, 43), [16, 16, 18] 
(-9, -9, 47), [16, 16, 22] 
(-9, -9, 49), [16, 16, 24] 
(-9, -9, 51), [16, 16, 1] 
(-9, -9, 53), [16, 16, 3] 
(-4, -14, 91), [21, 11, 16] 
(-8, -10, 67), [17, 15, 17] 
(-4, -14, 92), [21, 11, 17] 
(-7, -11, 71), [18, 14, 21] 
(-4, -14, 93), [21, 11, 18] 
(-7, -11, 73), [18, 14, 23] 
(-8, -10, 73), [17, 15, 23] 
(-7, -11, 77), [18, 14, 2] 
(-7, -11, 79), [18, 14, 4] 
(-9, -8, 31), [16, 17, 6] 
(-9, -8, 33), [16, 17, 8] 
(-9, -8, 36), [16, 17, 11] 
(-9, -8, 37), [16, 17, 12] 
(-9, -8, 38), [16, 17, 13] 
(-9, -8, 39), [16, 17, 14] 
(-9, -8, 42), [16, 17, 17] 
(-9, -8, 43), [16, 17, 18] 
(-9, -8, 44), [16, 17, 19] 
(-9, -8, 47), [16, 17, 22] 
(-7, -10, 51), [18, 15, 1] 
(-9, -8, 49), [16, 17, 24] 
(-7, -10, 53), [18, 15, 3] 
(-9, -8, 51), [16, 17, 1] 
(-9, -8, 53), [16, 17, 3] 
(-8, -9, 54), [17, 16, 4] 
(-1, -16, 111), [24, 9, 11] 
(-7, -10, 57), [18, 15, 7] 
(-8, -9, 56), [17, 16, 6] 
(-8, -9, 57), [17, 16, 7] 
(-9, -8, 59), [16, 17, 9] 
(-7, -10, 61), [18, 15, 11] 
(-8, -9, 59), [17, 16, 9] 
(-4, -13, 81), [21, 12, 6] 
(-3, -14, 91), [22, 11, 16] 
(-9, -8, 61), [16, 17, 11] 
(-7, -10, 63), [18, 15, 13] 
(-8, -9, 61), [17, 16, 11] 
(-4, -13, 82), [21, 12, 7] 
(-3, -14, 92), [22, 11, 17] 
(-8, -9, 62), [17, 16, 12] 
(-4, -13, 83), [21, 12, 8] 
(-3, -14, 93), [22, 11, 18] 
(-9, -8, 63), [16, 17, 13] 
(-4, -13, 84), [21, 12, 9] 
(-7, -10, 67), [18, 15, 17] 
(-7, -10, 68), [18, 15, 18] 
(-4, -13, 87), [21, 12, 12] 
(-3, -14, 97), [22, 11, 22] 
(-7, -10, 69), [18, 15, 19] 
(-4, -13, 88), [21, 12, 13] 
(-4, -13, 89), [21, 12, 14] 
(-6, -11, 76), [19, 14, 1] 
(-7, -10, 72), [18, 15, 22] 
(-6, -11, 77), [19, 14, 2] 
(-7, -10, 73), [18, 15, 23] 
(-6, -11, 79), [19, 14, 4] 
(-9, -7, 21), [16, 18, 21] 
(-9, -7, 22), [16, 18, 22] 
(-9, -7, 26), [16, 18, 1] 
(-9, -7, 27), [16, 18, 2] 
(-9, -7, 29), [16, 18, 4] 
(-9, -7, 31), [16, 18, 6] 
(-8, -8, 31), [17, 17, 6] 
(-9, -7, 33), [16, 18, 8] 
(-9, -7, 34), [16, 18, 9] 
(-8, -8, 49), [17, 17, 24] 
(-8, -8, 51), [17, 17, 1] 
(-3, -13, 81), [22, 12, 6] 
(-3, -13, 82), [22, 12, 7] 
(-3, -13, 83), [22, 12, 8] 
(-7, -9, 61), [18, 16, 11] 
(-7, -9, 63), [18, 16, 13] 
(-4, -12, 79), [21, 13, 4] 
(-4, -12, 81), [21, 13, 6] 
(-3, -13, 91), [22, 12, 16] 
(-7, -9, 67), [18, 16, 17] 
(-4, -12, 83), [21, 13, 8] 
(-6, -10, 72), [19, 15, 22] 
(-6, -10, 73), [19, 15, 23] 
(-9, -6, 11), [16, 19, 11] 
(-9, -6, 13), [16, 19, 13] 
(-9, -6, 16), [16, 19, 16] 
(-9, -6, 17), [16, 19, 17] 
(-9, -6, 19), [16, 19, 19] 
(-9, -6, 21), [16, 19, 21] 
(-9, -6, 22), [16, 19, 22] 
(-9, -6, 24), [16, 19, 24] 
(-9, -6, 26), [16, 19, 1] 
(-9, -6, 27), [16, 19, 2] 
(-9, -6, 29), [16, 19, 4] 
(-9, -6, 31), [16, 19, 6] 
(-7, -8, 31), [18, 17, 6] 
(-9, -6, 33), [16, 19, 8] 
(-7, -8, 33), [18, 17, 8] 
(-9, -6, 37), [16, 19, 12] 
(-7, -8, 37), [18, 17, 12] 
(-9, -6, 39), [16, 19, 14] 
(1, -16, 111), [1, 9, 11] 
(-7, -8, 39), [18, 17, 14] 
(-9, -6, 41), [16, 19, 16] 
(-8, -7, 39), [17, 18, 14] 
(-8, -7, 41), [17, 18, 16] 
(-7, -8, 43), [18, 17, 18] 
(-8, -7, 43), [17, 18, 18] 
(-8, -7, 44), [17, 18, 19] 
(-9, -6, 47), [16, 19, 22] 
(-9, -6, 49), [16, 19, 24] 
(-7, -8, 47), [18, 17, 22] 
(-1, -14, 91), [24, 11, 16] 
(-9, -6, 51), [16, 19, 1] 
(-7, -8, 49), [18, 17, 24] 
(-3, -12, 71), [22, 13, 21] 
(-1, -14, 93), [24, 11, 18] 
(-9, -6, 53), [16, 19, 3] 
(-7, -8, 51), [18, 17, 1] 
(-3, -12, 72), [22, 13, 22] 
(-3, -12, 73), [22, 13, 23] 
(-2, -13, 83), [23, 12, 8] 
(-7, -8, 53), [18, 17, 3] 
(-3, -12, 74), [22, 13, 24] 
(-7, -8, 54), [18, 17, 4] 
(-9, -6, 57), [16, 19, 7] 
(-1, -14, 97), [24, 11, 22] 
(-3, -12, 76), [22, 13, 1] 
(-7, -8, 56), [18, 17, 6] 
(-3, -12, 78), [22, 13, 3] 
(-7, -8, 58), [18, 17, 8] 
(-3, -12, 79), [22, 13, 4] 
(-7, -8, 59), [18, 17, 9] 
(-3, -12, 81), [22, 13, 6] 
(-7, -8, 61), [18, 17, 11] 
(-3, -12, 83), [22, 13, 8] 
(-7, -8, 63), [18, 17, 13] 
(-4, -11, 76), [21, 14, 1] 
(-3, -12, 84), [22, 13, 9] 
(-6, -9, 66), [19, 16, 16] 
(-4, -11, 77), [21, 14, 2] 
(-6, -9, 67), [19, 16, 17] 
(-4, -11, 79), [21, 14, 4] 
(-6, -9, 69), [19, 16, 19] 
(-9, -5, 11), [16, 20, 11] 
(-9, -5, 13), [16, 20, 13] 
(-9, -5, 17), [16, 20, 17] 
(-9, -5, 19), [16, 20, 19] 
(-8, -6, 31), [17, 19, 6] 
(-8, -6, 33), [17, 19, 8] 
(-8, -6, 37), [17, 19, 12] 
(-2, -12, 71), [23, 13, 21] 
(-7, -7, 47), [18, 18, 22] 
(-7, -7, 49), [18, 18, 24] 
(-7, -7, 51), [18, 18, 1] 
(-7, -7, 53), [18, 18, 3] 
(-3, -11, 71), [22, 14, 21] 
(-3, -11, 73), [22, 14, 23] 
(-4, -10, 67), [21, 15, 17] 
(-4, -10, 69), [21, 15, 19] 
(-6, -8, 61), [19, 17, 11] 
(-3, -11, 77), [22, 14, 2] 
(-6, -8, 63), [19, 17, 13] 
(-4, -10, 72), [21, 15, 22] 
(-3, -11, 79), [22, 14, 4] 
(-4, -10, 73), [21, 15, 23] 
(-9, -4, -9), [16, 21, 16] 
(-9, -4, -7), [16, 21, 18] 
(-9, -4, -3), [16, 21, 22] 
(-9, -4, -1), [16, 21, 24] 
(-9, -4, 1), [16, 21, 1] 
(-9, -4, 2), [16, 21, 2] 
(-9, -4, 3), [16, 21, 3] 
(-9, -4, 4), [16, 21, 4] 
(-9, -4, 6), [16, 21, 6] 
(-9, -4, 7), [16, 21, 7] 
(-9, -4, 8), [16, 21, 8] 
(-9, -4, 9), [16, 21, 9] 
(-9, -4, 11), [16, 21, 11] 
(-9, -4, 13), [16, 21, 13] 
(-7, -6, 11), [18, 19, 11] 
(-9, -4, 17), [16, 21, 17] 
(-7, -6, 13), [18, 19, 13] 
(-9, -4, 19), [16, 21, 19] 
(-9, -4, 21), [16, 21, 21] 
(-7, -6, 17), [18, 19, 17] 
(-9, -4, 23), [16, 21, 23] 
(-7, -6, 19), [18, 19, 19] 
(3, -16, 111), [3, 9, 11] 
(-7, -6, 21), [18, 19, 21] 
(-9, -4, 27), [16, 21, 2] 
(-8, -5, 23), [17, 20, 23] 
(-8, -5, 24), [17, 20, 24] 
(-9, -4, 31), [16, 21, 6] 
(-8, -5, 27), [17, 20, 2] 
(-8, -5, 28), [17, 20, 3] 
(-9, -4, 33), [16, 21, 8] 
(-7, -6, 27), [18, 19, 2] 
(-8, -5, 29), [17, 20, 4] 
(-7, -6, 29), [18, 19, 4] 
(-9, -4, 37), [16, 21, 12] 
(-7, -6, 31), [18, 19, 6] 
(-9, -4, 39), [16, 21, 14] 
(-7, -6, 33), [18, 19, 8] 
(1, -14, 91), [1, 11, 16] 
(-9, -4, 41), [16, 21, 16] 
(1, -14, 93), [1, 11, 18] 
(-9, -4, 43), [16, 21, 18] 
(-7, -6, 37), [18, 19, 12] 
(-3, -10, 51), [22, 15, 1] 
(-7, -6, 39), [18, 19, 14] 
(-1, -12, 71), [24, 13, 21] 
(-3, -10, 53), [22, 15, 3] 
(-9, -4, 47), [16, 21, 22] 
(1, -14, 97), [1, 11, 22] 
(-7, -6, 41), [18, 19, 16] 
(-7, -6, 42), [18, 19, 17] 
(-1, -12, 73), [24, 13, 23] 
(-9, -4, 49), [16, 21, 24] 
(-7, -6, 44), [18, 19, 19] 
(-3, -10, 57), [22, 15, 7] 
(-9, -4, 51), [16, 21, 1] 
(-2, -11, 66), [23, 14, 16] 
(-7, -6, 46), [18, 19, 21] 
(-2, -11, 67), [23, 14, 17] 
(-7, -6, 47), [18, 19, 22] 
(-2, -11, 69), [23, 14, 19] 
(-3, -10, 61), [22, 15, 11] 
(-1, -12, 79), [24, 13, 4] 
(-7, -6, 49), [18, 19, 24] 
(-2, -11, 71), [23, 14, 21] 
(-3, -10, 63), [22, 15, 13] 
(-1, -12, 81), [24, 13, 6] 
(-7, -6, 51), [18, 19, 1] 
(-1, -12, 83), [24, 13, 8] 
(-7, -6, 53), [18, 19, 3] 
(-6, -7, 53), [19, 18, 3] 
(-6, -7, 54), [19, 18, 4] 
(-3, -10, 67), [22, 15, 17] 
(-3, -10, 68), [22, 15, 18] 
(-3, -10, 69), [22, 15, 19] 
(-7, -6, 57), [18, 19, 7] 
(-6, -7, 57), [19, 18, 7] 
(-6, -7, 58), [19, 18, 8] 
(-6, -7, 59), [19, 18, 9] 
(-3, -10, 72), [22, 15, 22] 
(-3, -10, 73), [22, 15, 23] 
(-4, -9, 67), [21, 16, 17] 
(-6, -7, 61), [19, 18, 11] 
(-4, -9, 69), [21, 16, 19] 
(-9, -3, -18), [16, 22, 7] 
(-9, -3, -7), [16, 22, 18] 
(-9, -3, -3), [16, 22, 22] 
(-9, -3, -1), [16, 22, 24] 
(-9, -3, 11), [16, 22, 11] 
(-8, -4, 17), [17, 21, 17] 
(-8, -4, 19), [17, 21, 19] 
(-8, -4, 23), [17, 21, 23] 
(-7, -5, 33), [18, 20, 8] 
(-1, -11, 61), [24, 14, 11] 
(-7, -5, 37), [18, 20, 12] 
(-1, -11, 62), [24, 14, 12] 
(-7, -5, 38), [18, 20, 13] 
(-1, -11, 63), [24, 14, 13] 
(-7, -5, 39), [18, 20, 14] 
(-6, -6, 49), [19, 19, 24] 
(-2, -10, 67), [23, 15, 17] 
(-6, -6, 51), [19, 19, 1] 
(-3, -9, 67), [22, 16, 17] 
(-3, -9, 69), [22, 16, 19] 
(-9, -2, -29), [16, 23, 21] 
(-9, -2, -27), [16, 23, 23] 
(-9, -2, -23), [16, 23, 2] 
(-9, -2, -21), [16, 23, 4] 
(-9, -2, -19), [16, 23, 6] 
(-9, -2, -17), [16, 23, 8] 
(-9, -2, -16), [16, 23, 9] 
(-9, -2, -14), [16, 23, 11] 
(-9, -2, -12), [16, 23, 13] 
(-9, -2, -11), [16, 23, 14] 
(-9, -2, -9), [16, 23, 16] 
(-9, -2, -7), [16, 23, 18] 
(-9, -2, -3), [16, 23, 22] 
(-9, -2, -1), [16, 23, 24] 
(-7, -4, -9), [18, 21, 16] 
(-9, -2, 1), [16, 23, 1] 
(-7, -4, -7), [18, 21, 18] 
(-9, -2, 3), [16, 23, 3] 
(-7, -4, -3), [18, 21, 22] 
(-9, -2, 7), [16, 23, 7] 
(-7, -4, -1), [18, 21, 24] 
(-9, -2, 9), [16, 23, 9] 
(-7, -4, 1), [18, 21, 1] 
(-9, -2, 11), [16, 23, 11] 
(-7, -4, 3), [18, 21, 3] 
(-9, -2, 13), [16, 23, 13] 
(-8, -3, 7), [17, 22, 7] 
(-8, -3, 8), [17, 22, 8] 
(-8, -3, 9), [17, 22, 9] 
(-9, -2, 17), [16, 23, 17] 
(-7, -4, 7), [18, 21, 7] 
(-8, -3, 11), [17, 22, 11] 
(-8, -3, 12), [17, 22, 12] 
(-9, -2, 19), [16, 23, 19] 
(-7, -4, 9), [18, 21, 9] 
(-8, -3, 13), [17, 22, 13] 
(-9, -2, 21), [16, 23, 21] 
(-7, -4, 11), [18, 21, 11] 
(-9, -2, 23), [16, 23, 23] 
(-7, -4, 13), [18, 21, 13] 
(-9, -2, 27), [16, 23, 2] 
(-7, -4, 17), [18, 21, 17] 
(-9, -2, 29), [16, 23, 4] 
(-7, -4, 19), [18, 21, 19] 
(3, -14, 91), [3, 11, 16] 
(-9, -2, 31), [16, 23, 6] 
(-7, -4, 21), [18, 21, 21] 
(3, -14, 93), [3, 11, 18] 
(-9, -2, 33), [16, 23, 8] 
(-7, -4, 23), [18, 21, 23] 
(-7, -4, 26), [18, 21, 1] 
(-3, -8, 31), [22, 17, 6] 
(-9, -2, 37), [16, 23, 12] 
(3, -14, 97), [3, 11, 22] 
(-7, -4, 27), [18, 21, 2] 
(-7, -4, 28), [18, 21, 3] 
(-3, -8, 33), [22, 17, 8] 
(-9, -2, 39), [16, 23, 14] 
(1, -12, 71), [1, 13, 21] 
(-9, -2, 41), [16, 23, 16] 
(-7, -4, 31), [18, 21, 6] 
(-7, -4, 32), [18, 21, 7] 
(-1, -10, 51), [24, 15, 1] 
(1, -12, 73), [1, 13, 23] 
(-3, -8, 37), [22, 17, 12] 
(-9, -2, 43), [16, 23, 18] 
(-7, -4, 33), [18, 21, 8] 
(-1, -10, 53), [24, 15, 3] 
(-3, -8, 39), [22, 17, 14] 
(-7, -4, 37), [18, 21, 12] 
(-1, -10, 56), [24, 15, 6] 
(-1, -10, 57), [24, 15, 7] 
(-9, -2, 49), [16, 23, 24] 
(-3, -8, 43), [22, 17, 18] 
(1, -12, 79), [1, 13, 4] 
(-7, -4, 39), [18, 21, 14] 
(-1, -10, 58), [24, 15, 8] 
(1, -12, 81), [1, 13, 6] 
(-7, -4, 41), [18, 21, 16] 
(-1, -10, 61), [24, 15, 11] 
(-3, -8, 47), [22, 17, 22] 
(1, -12, 83), [1, 13, 8] 
(-7, -4, 43), [18, 21, 18] 
(-6, -5, 41), [19, 20, 16] 
(-1, -10, 62), [24, 15, 12] 
(-6, -5, 42), [19, 20, 17] 
(-1, -10, 63), [24, 15, 13] 
(-3, -8, 49), [22, 17, 24] 
(-6, -5, 43), [19, 20, 18] 
(-3, -8, 51), [22, 17, 1] 
(-7, -4, 47), [18, 21, 22] 
(-6, -5, 46), [19, 20, 21] 
(-1, -10, 67), [24, 15, 17] 
(-3, -8, 53), [22, 17, 3] 
(-7, -4, 49), [18, 21, 24] 
(-6, -5, 47), [19, 20, 22] 
(-2, -9, 61), [23, 16, 11] 
(-1, -10, 69), [24, 15, 19] 
(-7, -4, 51), [18, 21, 1] 
(-2, -9, 62), [23, 16, 12] 
(-2, -9, 63), [23, 16, 13] 
(-3, -8, 59), [22, 17, 9] 
(-1, -10, 73), [24, 15, 23] 
(-2, -9, 66), [23, 16, 16] 
(-2, -9, 67), [23, 16, 17] 
(-3, -8, 61), [22, 17, 11] 
(-3, -8, 63), [22, 17, 13] 
(-4, -7, 59), [21, 18, 9] 
(-3, -8, 64), [22, 17, 14] 
(-4, -7, 61), [21, 18, 11] 
(-9, -1, -39), [16, 24, 11] 
(-9, -1, -38), [16, 24, 12] 
(-9, -1, -34), [16, 24, 16] 
(-9, -1, -29), [16, 24, 21] 
(-9, -1, -23), [16, 24, 2] 
(-9, -1, -21), [16, 24, 4] 
(-9, -1, -19), [16, 24, 6] 
(-9, -1, -9), [16, 24, 16] 
(-8, -2, 1), [17, 23, 1] 
(-8, -2, 3), [17, 23, 3] 
(-7, -3, 19), [18, 22, 19] 
(-7, -3, 21), [18, 22, 21] 
(-7, -3, 23), [18, 22, 23] 
(-1, -9, 41), [24, 16, 16] 
(-6, -4, 37), [19, 21, 12] 
(-6, -4, 39), [19, 21, 14] 
(-1, -9, 57), [24, 16, 7] 
(-1, -9, 59), [24, 16, 9] 
(-1, -9, 61), [24, 16, 11] 
(-2, -8, 61), [23, 17, 11] 
(-2, -8, 63), [23, 17, 13] 
(-2, -8, 64), [23, 17, 14] 
(-3, -7, 59), [22, 18, 9] 
(-4, -6, 57), [21, 19, 7] 
(-3, -7, 61), [22, 18, 11] 
(-9, 0, -49), [16, 0, 1] 
(-9, 0, -48), [16, 0, 2] 
(-9, 0, -47), [16, 0, 3] 
(-9, 0, -44), [16, 0, 6] 
(-9, 0, -43), [16, 0, 7] 
(-9, 0, -41), [16, 0, 9] 
(-9, 0, -39), [16, 0, 11] 
(-9, 0, -37), [16, 0, 13] 
(-9, 0, -36), [16, 0, 14] 
(-9, 0, -34), [16, 0, 16] 
(-9, 0, -33), [16, 0, 17] 
(-9, 0, -32), [16, 0, 18] 
(-9, 0, -29), [16, 0, 21] 
(-9, 0, -28), [16, 0, 22] 
(-9, 0, -27), [16, 0, 23] 
(-9, 0, -24), [16, 0, 1] 
(-9, 0, -23), [16, 0, 2] 
(-9, 0, -21), [16, 0, 4] 
(-9, 0, -19), [16, 0, 6] 
(-9, 0, -17), [16, 0, 8] 
(-7, -2, -29), [18, 23, 21] 
(-7, -2, -27), [18, 23, 23] 
(-9, 0, -13), [16, 0, 12] 
(-9, 0, -11), [16, 0, 14] 
(-7, -2, -23), [18, 23, 2] 
(-9, 0, -9), [16, 0, 16] 
(-7, -2, -21), [18, 23, 4] 
(-9, 0, -7), [16, 0, 18] 
(-7, -2, -19), [18, 23, 6] 
(-7, -2, -17), [18, 23, 8] 
(-9, 0, -3), [16, 0, 22] 
(7, -16, 111), [7, 9, 11] 
(-9, 0, -1), [16, 0, 24] 
(-8, -1, -9), [17, 24, 16] 
(-8, -1, -8), [17, 24, 17] 
(-8, -1, -7), [17, 24, 18] 
(-9, 0, 3), [16, 0, 3] 
(-7, -2, -11), [18, 23, 14] 
(-8, -1, -4), [17, 24, 21] 
(-7, -2, -9), [18, 23, 16] 
(-8, -1, -3), [17, 24, 22] 
(-9, 0, 7), [16, 0, 7] 
(-7, -2, -7), [18, 23, 18] 
(-9, 0, 9), [16, 0, 9] 
(-9, 0, 11), [16, 0, 11] 
(-7, -2, -3), [18, 23, 22] 
(-9, 0, 13), [16, 0, 13] 
(-7, -2, -1), [18, 23, 24] 
(-7, -2, 1), [18, 23, 1] 
(-9, 0, 17), [16, 0, 17] 
(-7, -2, 3), [18, 23, 3] 
(-9, 0, 19), [16, 0, 19] 
(-9, 0, 21), [16, 0, 21] 
(-7, -2, 7), [18, 23, 7] 
(-9, 0, 23), [16, 0, 23] 
(-7, -2, 9), [18, 23, 9] 
(-7, -2, 11), [18, 23, 11] 
(-7, -2, 12), [18, 23, 12] 
(-9, 0, 27), [16, 0, 2] 
(-7, -2, 13), [18, 23, 13] 
(-7, -2, 14), [18, 23, 14] 
(-3, -6, 11), [22, 19, 11] 
(-9, 0, 29), [16, 0, 4] 
(-7, -2, 16), [18, 23, 16] 
(-3, -6, 13), [22, 19, 13] 
(-9, 0, 31), [16, 0, 6] 
(-7, -2, 17), [18, 23, 17] 
(-7, -2, 18), [18, 23, 18] 
(-9, 0, 33), [16, 0, 8] 
(-7, -2, 19), [18, 23, 19] 
(3, -12, 71), [3, 13, 21] 
(-3, -6, 17), [22, 19, 17] 
(-7, -2, 21), [18, 23, 21] 
(3, -12, 73), [3, 13, 23] 
(-3, -6, 19), [22, 19, 19] 
(-9, 0, 37), [16, 0, 12] 
(-7, -2, 23), [18, 23, 23] 
(-1, -8, 31), [24, 17, 6] 
(-3, -6, 21), [22, 19, 21] 
(-9, 0, 39), [16, 0, 14] 
(1, -10, 51), [1, 15, 1] 
(-1, -8, 33), [24, 17, 8] 
(-7, -2, 27), [18, 23, 2] 
(1, -10, 53), [1, 15, 3] 
(-9, 0, 43), [16, 0, 18] 
(3, -12, 79), [3, 13, 4] 
(-7, -2, 29), [18, 23, 4] 
(-1, -8, 37), [24, 17, 12] 
(-3, -6, 27), [22, 19, 2] 
(3, -12, 81), [3, 13, 6] 
(-7, -2, 31), [18, 23, 6] 
(1, -10, 57), [1, 15, 7] 
(-1, -8, 39), [24, 17, 14] 
(-9, 0, 47), [16, 0, 22] 
(-3, -6, 29), [22, 19, 4] 
(3, -12, 83), [3, 13, 8] 
(-7, -2, 33), [18, 23, 8] 
(-6, -3, 29), [19, 22, 4] 
(-3, -6, 31), [22, 19, 6] 
(-6, -3, 31), [19, 22, 6] 
(-1, -8, 43), [24, 17, 18] 
(1, -10, 61), [1, 15, 11] 
(-3, -6, 33), [22, 19, 8] 
(-7, -2, 37), [18, 23, 12] 
(-6, -3, 33), [19, 22, 8] 
(-6, -3, 34), [19, 22, 9] 
(1, -10, 63), [1, 15, 13] 
(-7, -2, 39), [18, 23, 14] 
(-1, -8, 47), [24, 17, 22] 
(-3, -6, 37), [22, 19, 12] 
(-7, -2, 41), [18, 23, 16] 
(-1, -8, 49), [24, 17, 24] 
(1, -10, 67), [1, 15, 17] 
(-3, -6, 39), [22, 19, 14] 
(-7, -2, 43), [18, 23, 18] 
(-1, -8, 51), [24, 17, 1] 
(1, -10, 69), [1, 15, 19] 
(-3, -6, 41), [22, 19, 16] 
(-1, -8, 53), [24, 17, 3] 
(-1, -8, 54), [24, 17, 4] 
(-7, -2, 49), [18, 23, 24] 
(1, -10, 73), [1, 15, 23] 
(-1, -8, 56), [24, 17, 6] 
(-3, -6, 47), [22, 19, 22] 
(-1, -8, 58), [24, 17, 8] 
(-1, -8, 59), [24, 17, 9] 
(-3, -6, 49), [22, 19, 24] 
(-1, -8, 61), [24, 17, 11] 
(-3, -6, 51), [22, 19, 1] 
(-2, -7, 57), [23, 18, 7] 
(-1, -8, 63), [24, 17, 13] 
(-3, -6, 53), [22, 19, 3] 
(-4, -5, 51), [21, 20, 1] 
(-2, -7, 58), [23, 18, 8] 
(-4, -5, 52), [21, 20, 2] 
(-2, -7, 59), [23, 18, 9] 
(-4, -5, 53), [21, 20, 3] 
(-3, -6, 56), [22, 19, 6] 
(-2, -7, 61), [23, 18, 11] 
(-3, -6, 57), [22, 19, 7] 
(-9, 1, -39), [16, 1, 11] 
(-9, 1, -38), [16, 1, 12] 
(-9, 1, -37), [16, 1, 13] 
(-9, 1, -34), [16, 1, 16] 
(-8, 0, -17), [17, 0, 8] 
(-8, 0, -13), [17, 0, 12] 
(-7, -1, 7), [18, 24, 7] 
(-7, -1, 9), [18, 24, 9] 
(-7, -1, 11), [18, 24, 11] 
(1, -9, 41), [1, 16, 16] 
(1, -9, 43), [1, 16, 18] 
(1, -9, 46), [1, 16, 21] 
(-6, -2, 27), [19, 23, 2] 
(-1, -7, 53), [24, 18, 3] 
(-1, -7, 57), [24, 18, 7] 
(-4, -4, 49), [21, 21, 24] 
(-1, -7, 59), [24, 18, 9] 
(-4, -4, 51), [21, 21, 1] 
(-3, -5, 53), [22, 20, 3] 
(-2, -6, 57), [23, 19, 7] 
(-7, 0, -49), [18, 0, 1] 
(-7, 0, -48), [18, 0, 2] 
(-7, 0, -47), [18, 0, 3] 
(-9, 2, -29), [16, 2, 21] 
(-9, 2, -27), [16, 2, 23] 
(-7, 0, -43), [18, 0, 7] 
(-7, 0, -41), [18, 0, 9] 
(-9, 2, -23), [16, 2, 2] 
(-7, 0, -39), [18, 0, 11] 
(-9, 2, -21), [16, 2, 4] 
(-7, 0, -37), [18, 0, 13] 
(-9, 2, -19), [16, 2, 6] 
(-9, 2, -17), [16, 2, 8] 
(9, -16, 111), [9, 9, 11] 
(-7, 0, -33), [18, 0, 17] 
(-7, 0, -32), [18, 0, 18] 
(-8, 1, -24), [17, 1, 1] 
(-8, 1, -23), [17, 1, 2] 
(-9, 2, -11), [16, 2, 14] 
(-7, 0, -29), [18, 0, 21] 
(-8, 1, -21), [17, 1, 4] 
(-9, 2, -9), [16, 2, 16] 
(-7, 0, -27), [18, 0, 23] 
(-8, 1, -19), [17, 1, 6] 
(-9, 2, -7), [16, 2, 18] 
(-7, 0, -23), [18, 0, 2] 
(-9, 2, -3), [16, 2, 22] 
(-7, 0, -21), [18, 0, 4] 
(-9, 2, -1), [16, 2, 24] 
(-7, 0, -19), [18, 0, 6] 
(-9, 2, 1), [16, 2, 1] 
(-7, 0, -17), [18, 0, 8] 
(-9, 2, 3), [16, 2, 3] 
(-7, 0, -13), [18, 0, 12] 
(-9, 2, 7), [16, 2, 7] 
(-7, 0, -11), [18, 0, 14] 
(-9, 2, 9), [16, 2, 9] 
(-7, 0, -9), [18, 0, 16] 
(7, -14, 91), [7, 11, 16] 
(-9, 2, 11), [16, 2, 11] 
(-7, 0, -7), [18, 0, 18] 
(7, -14, 93), [7, 11, 18] 
(-9, 2, 13), [16, 2, 13] 
(-7, 0, -3), [18, 0, 22] 
(-7, 0, -2), [18, 0, 23] 
(-9, 2, 17), [16, 2, 17] 
(7, -14, 97), [7, 11, 22] 
(-7, 0, -1), [18, 0, 24] 
(-9, 2, 19), [16, 2, 19] 
(-7, 0, 2), [18, 0, 2] 
(-3, -4, -9), [22, 21, 16] 
(-9, 2, 21), [16, 2, 21] 
(-7, 0, 3), [18, 0, 3] 
(-7, 0, 4), [18, 0, 4] 
(-3, -4, -7), [22, 21, 18] 
(-9, 2, 23), [16, 2, 23] 
(-7, 0, 7), [18, 0, 7] 
(-3, -4, -3), [22, 21, 22] 
(-9, 2, 27), [16, 2, 2] 
(-7, 0, 9), [18, 0, 9] 
(-3, -4, -1), [22, 21, 24] 
(-9, 2, 29), [16, 2, 4] 
(-7, 0, 11), [18, 0, 11] 
(-3, -4, 1), [22, 21, 1] 
(-9, 2, 31), [16, 2, 6] 
(-7, 0, 13), [18, 0, 13] 
(-3, -4, 3), [22, 21, 3] 
(-9, 2, 33), [16, 2, 8] 
(-1, -6, 11), [24, 19, 11] 
(-7, 0, 17), [18, 0, 17] 
(-1, -6, 13), [24, 19, 13] 
(-9, 2, 37), [16, 2, 12] 
(-3, -4, 7), [22, 21, 7] 
(-7, 0, 19), [18, 0, 19] 
(3, -10, 51), [3, 15, 1] 
(-9, 2, 39), [16, 2, 14] 
(-3, -4, 9), [22, 21, 9] 
(-7, 0, 21), [18, 0, 21] 
(1, -8, 31), [1, 17, 6] 
(3, -10, 53), [3, 15, 3] 
(-1, -6, 17), [24, 19, 17] 
(-9, 2, 41), [16, 2, 16] 
(-3, -4, 11), [22, 21, 11] 
(-7, 0, 23), [18, 0, 23] 
(-6, -1, 17), [19, 24, 17] 
(-6, -1, 18), [19, 24, 18] 
(1, -8, 33), [1, 17, 8] 
(-1, -6, 19), [24, 19, 19] 
(-9, 2, 43), [16, 2, 18] 
(-3, -4, 13), [22, 21, 13] 
(-6, -1, 19), [19, 24, 19] 
(3, -10, 57), [3, 15, 7] 
(-1, -6, 21), [24, 19, 21] 
(-7, 0, 27), [18, 0, 2] 
(-6, -1, 21), [19, 24, 21] 
(-6, -1, 22), [19, 24, 22] 
(1, -8, 37), [1, 17, 12] 
(-3, -4, 17), [22, 21, 17] 
(-7, 0, 29), [18, 0, 4] 
(-6, -1, 23), [19, 24, 23] 
(1, -8, 38), [1, 17, 13] 
(1, -8, 39), [1, 17, 14] 
(-9, 2, 49), [16, 2, 24] 
(3, -10, 61), [3, 15, 11] 
(-3, -4, 19), [22, 21, 19] 
(-7, 0, 31), [18, 0, 6] 
(-1, -6, 27), [24, 19, 2] 
(3, -10, 63), [3, 15, 13] 
(-3, -4, 21), [22, 21, 21] 
(-7, 0, 33), [18, 0, 8] 
(1, -8, 42), [1, 17, 17] 
(1, -8, 43), [1, 17, 18] 
(-1, -6, 29), [24, 19, 4] 
(-3, -4, 23), [22, 21, 23] 
(1, -8, 44), [1, 17, 19] 
(-1, -6, 31), [24, 19, 6] 
(3, -10, 67), [3, 15, 17] 
(-7, 0, 37), [18, 0, 12] 
(1, -8, 47), [1, 17, 22] 
(-1, -6, 33), [24, 19, 8] 
(3, -10, 69), [3, 15, 19] 
(-3, -4, 27), [22, 21, 2] 
(-7, 0, 39), [18, 0, 14] 
(1, -8, 49), [1, 17, 24] 
(1, -8, 51), [1, 17, 1] 
(-1, -6, 37), [24, 19, 12] 
(-7, 0, 43), [18, 0, 18] 
(-3, -4, 31), [22, 21, 6] 
(3, -10, 73), [3, 15, 23] 
(1, -8, 53), [1, 17, 3] 
(-1, -6, 39), [24, 19, 14] 
(-3, -4, 33), [22, 21, 8] 
(-1, -6, 41), [24, 19, 16] 
(-7, 0, 47), [18, 0, 22] 
(-3, -4, 37), [22, 21, 12] 
(1, -8, 59), [1, 17, 9] 
(-3, -4, 39), [22, 21, 14] 
(-1, -6, 47), [24, 19, 22] 
(1, -8, 61), [1, 17, 11] 
(-3, -4, 41), [22, 21, 16] 
(-1, -6, 49), [24, 19, 24] 
(1, -8, 63), [1, 17, 13] 
(-3, -4, 43), [22, 21, 18] 
(-4, -3, 43), [21, 22, 18] 
(-4, -3, 44), [21, 22, 19] 
(-1, -6, 51), [24, 19, 1] 
(-1, -6, 52), [24, 19, 2] 
(-1, -6, 53), [24, 19, 3] 
(-3, -4, 47), [22, 21, 22] 
(-4, -3, 47), [21, 22, 22] 
(-1, -6, 54), [24, 19, 4] 
(-4, -3, 48), [21, 22, 23] 
(-3, -4, 49), [22, 21, 24] 
(-4, -3, 49), [21, 22, 24] 
(-1, -6, 56), [24, 19, 6] 
(-1, -6, 57), [24, 19, 7] 
(-2, -5, 53), [23, 20, 3] 
(-3, -4, 51), [22, 21, 1] 
(-3, -4, 52), [22, 21, 2] 
(-8, 2, -29), [17, 2, 21] 
(-8, 2, -27), [17, 2, 23] 
(-7, 1, -13), [18, 1, 12] 
(-7, 1, -9), [18, 1, 16] 
(-7, 1, -7), [18, 1, 18] 
(-7, 1, -3), [18, 1, 22] 
(-6, 0, 13), [19, 0, 13] 
(2, -8, 31), [2, 17, 6] 
(1, -7, 39), [1, 18, 14] 
(1, -7, 41), [1, 18, 16] 
(1, -7, 43), [1, 18, 18] 
(1, -7, 49), [1, 18, 24] 
(-4, -2, 41), [21, 23, 16] 
(-4, -2, 43), [21, 23, 18] 
(-1, -5, 51), [24, 20, 1] 
(-3, -3, 47), [22, 22, 22] 
(-4, -2, 49), [21, 23, 24] 
(-1, -5, 53), [24, 20, 3] 
(-3, -3, 49), [22, 22, 24] 
(-3, -3, 51), [22, 22, 1] 
(-9, 4, -9), [16, 4, 16] 
(-9, 4, -7), [16, 4, 18] 
(-7, 2, -29), [18, 2, 21] 
(-7, 2, -27), [18, 2, 23] 
(-9, 4, -3), [16, 4, 22] 
(-9, 4, -1), [16, 4, 24] 
(-7, 2, -23), [18, 2, 2] 
(9, -14, 91), [9, 11, 16] 
(-9, 4, 1), [16, 4, 1] 
(-7, 2, -21), [18, 2, 4] 
(9, -14, 93), [9, 11, 18] 
(-9, 4, 3), [16, 4, 3] 
(-7, 2, -19), [18, 2, 6] 
(-7, 2, -17), [18, 2, 8] 
(-7, 2, -16), [18, 2, 9] 
(-9, 4, 7), [16, 4, 7] 
(9, -14, 97), [9, 11, 22] 
(-7, 2, -14), [18, 2, 11] 
(-9, 4, 9), [16, 4, 9] 
(-7, 2, -12), [18, 2, 13] 
(-9, 4, 11), [16, 4, 11] 
(-7, 2, -11), [18, 2, 14] 
(-3, -2, -29), [22, 23, 21] 
(-9, 4, 13), [16, 4, 13] 
(-7, 2, -9), [18, 2, 16] 
(-3, -2, -27), [22, 23, 23] 
(-7, 2, -7), [18, 2, 18] 
(-9, 4, 17), [16, 4, 17] 
(-3, -2, -23), [22, 23, 2] 
(-9, 4, 19), [16, 4, 19] 
(-7, 2, -3), [18, 2, 22] 
(-3, -2, -21), [22, 23, 4] 
(-9, 4, 21), [16, 4, 21] 
(-7, 2, -1), [18, 2, 24] 
(7, -12, 71), [7, 13, 21] 
(-3, -2, -19), [22, 23, 6] 
(-9, 4, 23), [16, 4, 23] 
(-7, 2, 1), [18, 2, 1] 
(7, -12, 73), [7, 13, 23] 
(-3, -2, -17), [22, 23, 8] 
(-7, 2, 3), [18, 2, 3] 
(-9, 4, 27), [16, 4, 2] 
(-7, 2, 7), [18, 2, 7] 
(-1, -4, -9), [24, 21, 16] 
(-9, 4, 31), [16, 4, 6] 
(-3, -2, -11), [22, 23, 14] 
(7, -12, 79), [7, 13, 4] 
(-7, 2, 9), [18, 2, 9] 
(-1, -4, -7), [24, 21, 18] 
(-9, 4, 33), [16, 4, 8] 
(-3, -2, -9), [22, 23, 16] 
(7, -12, 81), [7, 13, 6] 
(-7, 2, 11), [18, 2, 11] 
(-3, -2, -7), [22, 23, 18] 
(7, -12, 83), [7, 13, 8] 
(-7, 2, 13), [18, 2, 13] 
(-6, 1, 6), [19, 1, 6] 
(-1, -4, -3), [24, 21, 22] 
(-9, 4, 37), [16, 4, 12] 
(-6, 1, 7), [19, 1, 7] 
(-1, -4, -1), [24, 21, 24] 
(-9, 4, 39), [16, 4, 14] 
(-3, -2, -3), [22, 23, 22] 
(-7, 2, 17), [18, 2, 17] 
(-6, 1, 9), [19, 1, 9] 
(1, -6, 11), [1, 19, 11] 
(-1, -4, 1), [24, 21, 1] 
(-9, 4, 41), [16, 4, 16] 
(-3, -2, -1), [22, 23, 24] 
(-7, 2, 19), [18, 2, 19] 
(-6, 1, 11), [19, 1, 11] 
(3, -8, 31), [3, 17, 6] 
(1, -6, 13), [1, 19, 13] 
(-1, -4, 3), [24, 21, 3] 
(-9, 4, 43), [16, 4, 18] 
(-3, -2, 1), [22, 23, 1] 
(-7, 2, 21), [18, 2, 21] 
(3, -8, 33), [3, 17, 8] 
(-3, -2, 3), [22, 23, 3] 
(-7, 2, 23), [18, 2, 23] 
(1, -6, 17), [1, 19, 17] 
(-9, 4, 47), [16, 4, 22] 
(-1, -4, 7), [24, 21, 7] 
(3, -8, 37), [3, 17, 12] 
(1, -6, 19), [1, 19, 19] 
(-9, 4, 49), [16, 4, 24] 
(-1, -4, 9), [24, 21, 9] 
(-3, -2, 7), [22, 23, 7] 
(-7, 2, 27), [18, 2, 2] 
(2, -7, 29), [2, 18, 4] 
(3, -8, 39), [3, 17, 14] 
(1, -6, 21), [1, 19, 21] 
(-9, 4, 51), [16, 4, 1] 
(-1, -4, 11), [24, 21, 11] 
(-3, -2, 9), [22, 23, 9] 
(-7, 2, 29), [18, 2, 4] 
(2, -7, 31), [2, 18, 6] 
(-1, -4, 13), [24, 21, 13] 
(-3, -2, 11), [22, 23, 11] 
(-7, 2, 31), [18, 2, 6] 
(2, -7, 33), [2, 18, 8] 
(3, -8, 43), [3, 17, 18] 
(-3, -2, 13), [22, 23, 13] 
(-7, 2, 33), [18, 2, 8] 
(2, -7, 34), [2, 18, 9] 
(1, -6, 27), [1, 19, 2] 
(-1, -4, 17), [24, 21, 17] 
(1, -6, 29), [1, 19, 4] 
(3, -8, 47), [3, 17, 22] 
(-1, -4, 19), [24, 21, 19] 
(-7, 2, 37), [18, 2, 12] 
(-3, -2, 17), [22, 23, 17] 
(1, -6, 31), [1, 19, 6] 
(3, -8, 49), [3, 17, 24] 
(-1, -4, 21), [24, 21, 21] 
(-7, 2, 39), [18, 2, 14] 
(-3, -2, 19), [22, 23, 19] 
(1, -6, 33), [1, 19, 8] 
(3, -8, 51), [3, 17, 1] 
(-1, -4, 23), [24, 21, 23] 
(-7, 2, 41), [18, 2, 16] 
(-3, -2, 21), [22, 23, 21] 
(3, -8, 53), [3, 17, 3] 
(-7, 2, 43), [18, 2, 18] 
(-3, -2, 23), [22, 23, 23] 
(1, -6, 37), [1, 19, 12] 
(-1, -4, 27), [24, 21, 2] 
(1, -6, 39), [1, 19, 14] 
(-3, -2, 27), [22, 23, 2] 
(1, -6, 41), [1, 19, 16] 
(-7, 2, 49), [18, 2, 24] 
(-1, -4, 31), [24, 21, 6] 
(3, -8, 59), [3, 17, 9] 
(-3, -2, 29), [22, 23, 4] 
(1, -6, 42), [1, 19, 17] 
(-1, -4, 33), [24, 21, 8] 
(3, -8, 61), [3, 17, 11] 
(-3, -2, 31), [22, 23, 6] 
(1, -6, 44), [1, 19, 19] 
(3, -8, 63), [3, 17, 13] 
(-3, -2, 33), [22, 23, 8] 
(1, -6, 46), [1, 19, 21] 
(-4, -1, 36), [21, 24, 11] 
(1, -6, 47), [1, 19, 22] 
(-1, -4, 37), [24, 21, 12] 
(-4, -1, 37), [21, 24, 12] 
(1, -6, 49), [1, 19, 24] 
(-1, -4, 39), [24, 21, 14] 
(-3, -2, 37), [22, 23, 12] 
(-4, -1, 39), [21, 24, 14] 
(1, -6, 51), [1, 19, 1] 
(-1, -4, 41), [24, 21, 16] 
(-3, -2, 39), [22, 23, 14] 
(-4, -1, 41), [21, 24, 16] 
(1, -6, 53), [1, 19, 3] 
(-1, -4, 43), [24, 21, 18] 
(-3, -2, 41), [22, 23, 16] 
(-3, -2, 43), [22, 23, 18] 
(-3, -2, 44), [22, 23, 19] 
(-1, -4, 47), [24, 21, 22] 
(1, -6, 57), [1, 19, 7] 
(-3, -2, 46), [22, 23, 21] 
(-1, -4, 49), [24, 21, 24] 
(-3, -2, 48), [22, 23, 23] 
(-1, -4, 51), [24, 21, 1] 
(-2, -3, 49), [23, 22, 24] 
(-3, -2, 49), [22, 23, 24] 
(-1, -4, 52), [24, 21, 2] 
(-2, -3, 51), [23, 22, 1] 
(-4, 0, -49), [21, 0, 1] 
(-7, 3, -19), [18, 3, 6] 
(-7, 3, -17), [18, 3, 8] 
(-6, 2, 1), [19, 2, 1] 
(-6, 2, 3), [19, 2, 3] 
(-6, 2, 4), [19, 2, 4] 
(3, -7, 21), [3, 18, 21] 
(3, -7, 23), [3, 18, 23] 
(2, -6, 33), [2, 19, 8] 
(-4, 0, 33), [21, 0, 8] 
(1, -5, 41), [1, 20, 16] 
(1, -5, 43), [1, 20, 18] 
(1, -5, 47), [1, 20, 22] 
(-3, -1, 41), [22, 24, 16] 
(-3, -1, 42), [22, 24, 17] 
(-3, -1, 43), [22, 24, 18] 
(-3, -1, 46), [22, 24, 21] 
(-3, -1, 47), [22, 24, 22] 
(-1, -3, 49), [24, 22, 24] 
(-2, -2, 49), [23, 23, 24] 
(-1, -3, 51), [24, 22, 1] 
(-3, 0, -49), [22, 0, 1] 
(-3, 0, -48), [22, 0, 2] 
(-3, 0, -47), [22, 0, 3] 
(-3, 0, -43), [22, 0, 7] 
(-9, 6, 11), [16, 6, 11] 
(-3, 0, -41), [22, 0, 9] 
(-9, 6, 13), [16, 6, 13] 
(-3, 0, -39), [22, 0, 11] 
(9, -12, 71), [9, 13, 21] 
(-3, 0, -37), [22, 0, 13] 
(-9, 6, 17), [16, 6, 17] 
(-7, 4, -9), [18, 4, 16] 
(9, -12, 73), [9, 13, 23] 
(-9, 6, 19), [16, 6, 19] 
(-7, 4, -7), [18, 4, 18] 
(-3, 0, -33), [22, 0, 17] 
(-9, 6, 21), [16, 6, 21] 
(-3, 0, -32), [22, 0, 18] 
(-7, 4, -3), [18, 4, 22] 
(-3, 0, -29), [22, 0, 21] 
(9, -12, 79), [9, 13, 4] 
(-7, 4, -1), [18, 4, 24] 
(-1, -2, -29), [24, 23, 21] 
(-9, 6, 27), [16, 6, 2] 
(-3, 0, -27), [22, 0, 23] 
(9, -12, 81), [9, 13, 6] 
(-7, 4, 1), [18, 4, 1] 
(-6, 3, -8), [19, 3, 17] 
(-1, -2, -27), [24, 23, 23] 
(-9, 6, 29), [16, 6, 4] 
(9, -12, 83), [9, 13, 8] 
(-7, 4, 3), [18, 4, 3] 
(-6, 3, -7), [19, 3, 18] 
(-6, 3, -6), [19, 3, 19] 
(-9, 6, 31), [16, 6, 6] 
(-3, 0, -23), [22, 0, 2] 
(-1, -2, -23), [24, 23, 2] 
(-9, 6, 33), [16, 6, 8] 
(-3, 0, -21), [22, 0, 4] 
(-7, 4, 7), [18, 4, 7] 
(-6, 3, -3), [19, 3, 22] 
(-6, 3, -2), [19, 3, 23] 
(7, -10, 51), [7, 15, 1] 
(-1, -2, -21), [24, 23, 4] 
(-3, 0, -19), [22, 0, 6] 
(-7, 4, 9), [18, 4, 9] 
(-6, 3, -1), [19, 3, 24] 
(7, -10, 53), [7, 15, 3] 
(-1, -2, -19), [24, 23, 6] 
(-9, 6, 37), [16, 6, 12] 
(-3, 0, -17), [22, 0, 8] 
(-7, 4, 11), [18, 4, 11] 
(-1, -2, -17), [24, 23, 8] 
(-9, 6, 39), [16, 6, 14] 
(-7, 4, 13), [18, 4, 13] 
(1, -4, -9), [1, 21, 16] 
(7, -10, 57), [7, 15, 7] 
(-9, 6, 41), [16, 6, 16] 
(-3, 0, -13), [22, 0, 12] 
(1, -4, -7), [1, 21, 18] 
(-3, 0, -11), [22, 0, 14] 
(-7, 4, 17), [18, 4, 17] 
(-1, -2, -11), [24, 23, 14] 
(7, -10, 61), [7, 15, 11] 
(-3, 0, -9), [22, 0, 16] 
(-7, 4, 19), [18, 4, 19] 
(3, -6, 11), [3, 19, 11] 
(1, -4, -3), [1, 21, 22] 
(-9, 6, 47), [16, 6, 22] 
(-1, -2, -9), [24, 23, 16] 
(7, -10, 63), [7, 15, 13] 
(-3, 0, -7), [22, 0, 18] 
(-7, 4, 21), [18, 4, 21] 
(3, -6, 13), [3, 19, 13] 
(1, -4, -1), [1, 21, 24] 
(-9, 6, 49), [16, 6, 24] 
(-1, -2, -7), [24, 23, 18] 
(-7, 4, 23), [18, 4, 23] 
(1, -4, 1), [1, 21, 1] 
(-9, 6, 51), [16, 6, 1] 
(7, -10, 67), [7, 15, 17] 
(-3, 0, -3), [22, 0, 22] 
(3, -6, 17), [3, 19, 17] 
(1, -4, 3), [1, 21, 3] 
(-9, 6, 53), [16, 6, 3] 
(-1, -2, -3), [24, 23, 22] 
(7, -10, 69), [7, 15, 19] 
(-3, 0, -1), [22, 0, 24] 
(-7, 4, 27), [18, 4, 2] 
(3, -6, 19), [3, 19, 19] 
(-1, -2, -1), [24, 23, 24] 
(3, -6, 21), [3, 19, 21] 
(-9, 6, 57), [16, 6, 7] 
(1, -4, 7), [1, 21, 7] 
(-1, -2, 1), [24, 23, 1] 
(-7, 4, 31), [18, 4, 6] 
(-3, 0, 3), [22, 0, 3] 
(7, -10, 73), [7, 15, 23] 
(3, -6, 22), [3, 19, 22] 
(1, -4, 9), [1, 21, 9] 
(-1, -2, 3), [24, 23, 3] 
(-7, 4, 33), [18, 4, 8] 
(3, -6, 24), [3, 19, 24] 
(1, -4, 11), [1, 21, 11] 
(-3, 0, 7), [22, 0, 7] 
(3, -6, 26), [3, 19, 1] 
(3, -6, 27), [3, 19, 2] 
(1, -4, 13), [1, 21, 13] 
(-1, -2, 7), [24, 23, 7] 
(-7, 4, 37), [18, 4, 12] 
(-3, 0, 9), [22, 0, 9] 
(3, -6, 29), [3, 19, 4] 
(-1, -2, 9), [24, 23, 9] 
(-7, 4, 39), [18, 4, 14] 
(-3, 0, 11), [22, 0, 11] 
(3, -6, 31), [3, 19, 6] 
(1, -4, 17), [1, 21, 17] 
(-1, -2, 11), [24, 23, 11] 
(-7, 4, 41), [18, 4, 16] 
(-3, 0, 13), [22, 0, 13] 
(3, -6, 33), [3, 19, 8] 
(1, -4, 19), [1, 21, 19] 
(-1, -2, 13), [24, 23, 13] 
(-7, 4, 43), [18, 4, 18] 
(1, -4, 21), [1, 21, 21] 
(-3, 0, 17), [22, 0, 17] 
(3, -6, 37), [3, 19, 12] 
(1, -4, 23), [1, 21, 23] 
(-7, 4, 47), [18, 4, 22] 
(-1, -2, 17), [24, 23, 17] 
(-3, 0, 19), [22, 0, 19] 
(3, -6, 39), [3, 19, 14] 
(-7, 4, 49), [18, 4, 24] 
(-1, -2, 19), [24, 23, 19] 
(-3, 0, 21), [22, 0, 21] 
(2, -5, 33), [2, 20, 8] 
(3, -6, 41), [3, 19, 16] 
(1, -4, 27), [1, 21, 2] 
(-7, 4, 51), [18, 4, 1] 
(-1, -2, 21), [24, 23, 21] 
(-3, 0, 23), [22, 0, 23] 
(-4, 1, 27), [21, 1, 2] 
(2, -5, 34), [2, 20, 9] 
(-4, 1, 28), [21, 1, 3] 
(-1, -2, 23), [24, 23, 23] 
(-4, 1, 29), [21, 1, 4] 
(2, -5, 37), [2, 20, 12] 
(1, -4, 31), [1, 21, 6] 
(-3, 0, 27), [22, 0, 2] 
(-4, 1, 31), [21, 1, 6] 
(2, -5, 38), [2, 20, 13] 
(-4, 1, 32), [21, 1, 7] 
(2, -5, 39), [2, 20, 14] 
(1, -4, 33), [1, 21, 8] 
(3, -6, 47), [3, 19, 22] 
(-1, -2, 27), [24, 23, 2] 
(-3, 0, 29), [22, 0, 4] 
(-4, 1, 33), [21, 1, 8] 
(3, -6, 49), [3, 19, 24] 
(-1, -2, 29), [24, 23, 4] 
(-3, 0, 31), [22, 0, 6] 
(1, -4, 37), [1, 21, 12] 
(3, -6, 51), [3, 19, 1] 
(-1, -2, 31), [24, 23, 6] 
(-3, 0, 33), [22, 0, 8] 
(1, -4, 39), [1, 21, 14] 
(3, -6, 53), [3, 19, 3] 
(-1, -2, 33), [24, 23, 8] 
(1, -4, 41), [1, 21, 16] 
(-3, 0, 37), [22, 0, 12] 
(1, -4, 42), [1, 21, 17] 
(-3, 0, 38), [22, 0, 13] 
(1, -4, 43), [1, 21, 18] 
(-1, -2, 37), [24, 23, 12] 
(3, -6, 57), [3, 19, 7] 
(-3, 0, 39), [22, 0, 14] 
(1, -4, 44), [1, 21, 19] 
(-1, -2, 39), [24, 23, 14] 
(1, -4, 46), [1, 21, 21] 
(-3, 0, 42), [22, 0, 17] 
(1, -4, 47), [1, 21, 22] 
(-1, -2, 41), [24, 23, 16] 
(-3, 0, 43), [22, 0, 18] 
(1, -4, 48), [1, 21, 23] 
(-3, 0, 44), [22, 0, 19] 
(1, -4, 49), [1, 21, 24] 
(-1, -2, 43), [24, 23, 18] 
(1, -4, 51), [1, 21, 1] 
(-3, 0, 47), [22, 0, 22] 
(-2, -1, 46), [23, 24, 21] 
(-2, -1, 47), [23, 24, 22] 
(-1, -2, 48), [24, 23, 23] 
(-1, -2, 49), [24, 23, 24] 
(-2, -1, 49), [23, 24, 24] 
(-2, 0, -49), [23, 0, 1] 
(-6, 4, -9), [19, 4, 16] 
(4, -6, 11), [4, 19, 11] 
(3, -5, 23), [3, 20, 23] 
(3, -5, 27), [3, 20, 2] 
(3, -5, 29), [3, 20, 4] 
(-4, 2, 27), [21, 2, 2] 
(-3, 1, 31), [22, 1, 6] 
(2, -4, 37), [2, 21, 12] 
(2, -4, 39), [2, 21, 14] 
(-3, 1, 37), [22, 1, 12] 
(-3, 1, 39), [22, 1, 14] 
(-3, 1, 41), [22, 1, 16] 
(1, -3, 43), [1, 22, 18] 
(1, -3, 47), [1, 22, 22] 
(-3, 1, 47), [22, 1, 22] 
(1, -3, 49), [1, 22, 24] 
(-2, 0, 47), [23, 0, 22] 
(1, -3, 51), [1, 22, 1] 
(-1, -1, 47), [24, 24, 22] 
(-1, -1, 49), [24, 24, 24] 
(-1, 0, -49), [24, 0, 1] 
(-1, 0, -48), [24, 0, 2] 
(-1, 0, -47), [24, 0, 3] 
(-1, 0, -43), [24, 0, 7] 
(-1, 0, -41), [24, 0, 9] 
(-9, 8, 31), [16, 8, 6] 
(9, -10, 51), [9, 15, 1] 
(-1, 0, -39), [24, 0, 11] 
(-9, 8, 33), [16, 8, 8] 
(9, -10, 53), [9, 15, 3] 
(-1, 0, -37), [24, 0, 13] 
(-9, 8, 37), [16, 8, 12] 
(-3, 2, -29), [22, 2, 21] 
(9, -10, 57), [9, 15, 7] 
(-1, 0, -33), [24, 0, 17] 
(-9, 8, 39), [16, 8, 14] 
(-3, 2, -27), [22, 2, 23] 
(-1, 0, -32), [24, 0, 18] 
(1, -2, -29), [1, 23, 21] 
(-7, 6, 11), [18, 6, 11] 
(1, -2, -27), [1, 23, 23] 
(-9, 8, 43), [16, 8, 18] 
(-1, 0, -29), [24, 0, 21] 
(9, -10, 61), [9, 15, 11] 
(-3, 2, -23), [22, 2, 2] 
(-7, 6, 13), [18, 6, 13] 
(-1, 0, -27), [24, 0, 23] 
(9, -10, 63), [9, 15, 13] 
(-3, 2, -21), [22, 2, 4] 
(7, -8, 31), [7, 17, 6] 
(1, -2, -23), [1, 23, 2] 
(-9, 8, 47), [16, 8, 22] 
(-3, 2, -19), [22, 2, 6] 
(-7, 6, 17), [18, 6, 17] 
(7, -8, 33), [7, 17, 8] 
(1, -2, -21), [1, 23, 4] 
(-9, 8, 49), [16, 8, 24] 
(-1, 0, -23), [24, 0, 2] 
(9, -10, 67), [9, 15, 17] 
(-3, 2, -17), [22, 2, 8] 
(-7, 6, 19), [18, 6, 19] 
(3, -4, -9), [3, 21, 16] 
(1, -2, -19), [1, 23, 6] 
(-9, 8, 51), [16, 8, 1] 
(-1, 0, -21), [24, 0, 4] 
(9, -10, 69), [9, 15, 19] 
(-7, 6, 21), [18, 6, 21] 
(3, -4, -7), [3, 21, 18] 
(7, -8, 37), [7, 17, 12] 
(1, -2, -17), [1, 23, 8] 
(-9, 8, 53), [16, 8, 3] 
(-1, 0, -19), [24, 0, 6] 
(7, -8, 39), [7, 17, 14] 
(-1, 0, -17), [24, 0, 8] 
(-3, 2, -11), [22, 2, 14] 
(9, -10, 73), [9, 15, 23] 
(3, -4, -3), [3, 21, 22] 
(-7, 6, 27), [18, 6, 2] 
(-3, 2, -9), [22, 2, 16] 
(3, -4, -1), [3, 21, 24] 
(-9, 8, 59), [16, 8, 9] 
(1, -2, -11), [1, 23, 14] 
(7, -8, 43), [7, 17, 18] 
(-1, 0, -13), [24, 0, 12] 
(-7, 6, 29), [18, 6, 4] 
(-3, 2, -7), [22, 2, 18] 
(3, -4, 1), [3, 21, 1] 
(-9, 8, 61), [16, 8, 11] 
(1, -2, -9), [1, 23, 16] 
(-1, 0, -11), [24, 0, 14] 
(-7, 6, 31), [18, 6, 6] 
(4, -5, 11), [4, 20, 11] 
(3, -4, 3), [3, 21, 3] 
(-9, 8, 63), [16, 8, 13] 
(1, -2, -7), [1, 23, 18] 
(7, -8, 47), [7, 17, 22] 
(-1, 0, -9), [24, 0, 16] 
(-7, 6, 33), [18, 6, 8] 
(-3, 2, -3), [22, 2, 22] 
(4, -5, 12), [4, 20, 12] 
(4, -5, 13), [4, 20, 13] 
(7, -8, 49), [7, 17, 24] 
(-1, 0, -7), [24, 0, 18] 
(-3, 2, -1), [22, 2, 24] 
(3, -4, 7), [3, 21, 7] 
(1, -2, -3), [1, 23, 22] 
(7, -8, 51), [7, 17, 1] 
(-7, 6, 37), [18, 6, 12] 
(-3, 2, 1), [22, 2, 1] 
(4, -5, 16), [4, 20, 16] 
(4, -5, 17), [4, 20, 17] 
(3, -4, 9), [3, 21, 9] 
(1, -2, -1), [1, 23, 24] 
(7, -8, 53), [7, 17, 3] 
(-1, 0, -3), [24, 0, 22] 
(-7, 6, 39), [18, 6, 14] 
(-3, 2, 3), [22, 2, 3] 
(3, -4, 11), [3, 21, 11] 
(1, -2, 1), [1, 23, 1] 
(-1, 0, -1), [24, 0, 24] 
(-7, 6, 41), [18, 6, 16] 
(3, -4, 13), [3, 21, 13] 
(1, -2, 3), [1, 23, 3] 
(-3, 2, 7), [22, 2, 7] 
(-1, 0, 3), [24, 0, 3] 
(7, -8, 59), [7, 17, 9] 
(-3, 2, 9), [22, 2, 9] 
(3, -4, 17), [3, 21, 17] 
(1, -2, 7), [1, 23, 7] 
(-7, 6, 47), [18, 6, 22] 
(7, -8, 61), [7, 17, 11] 
(-3, 2, 11), [22, 2, 11] 
(3, -4, 19), [3, 21, 19] 
(1, -2, 9), [1, 23, 9] 
(-7, 6, 49), [18, 6, 24] 
(-1, 0, 7), [24, 0, 7] 
(7, -8, 63), [7, 17, 13] 
(-3, 2, 13), [22, 2, 13] 
(-4, 3, 19), [21, 3, 19] 
(3, -4, 21), [3, 21, 21] 
(1, -2, 11), [1, 23, 11] 
(-7, 6, 51), [18, 6, 1] 
(-1, 0, 9), [24, 0, 9] 
(-4, 3, 21), [21, 3, 21] 
(3, -4, 23), [3, 21, 23] 
(1, -2, 13), [1, 23, 13] 
(-7, 6, 53), [18, 6, 3] 
(-1, 0, 11), [24, 0, 11] 
(-3, 2, 17), [22, 2, 17] 
(-4, 3, 23), [21, 3, 23] 
(-4, 3, 24), [21, 3, 24] 
(-1, 0, 13), [24, 0, 13] 
(-3, 2, 19), [22, 2, 19] 
(3, -4, 26), [3, 21, 1] 
(3, -4, 27), [3, 21, 2] 
(-7, 6, 57), [18, 6, 7] 
(1, -2, 17), [1, 23, 17] 
(-3, 2, 21), [22, 2, 21] 
(3, -4, 28), [3, 21, 3] 
(1, -2, 19), [1, 23, 19] 
(-1, 0, 17), [24, 0, 17] 
(-3, 2, 23), [22, 2, 23] 
(3, -4, 31), [3, 21, 6] 
(1, -2, 21), [1, 23, 21] 
(-1, 0, 19), [24, 0, 19] 
(3, -4, 32), [3, 21, 7] 
(3, -4, 33), [3, 21, 8] 
(1, -2, 23), [1, 23, 23] 
(-1, 0, 21), [24, 0, 21] 
(-3, 2, 27), [22, 2, 2] 
(-1, 0, 23), [24, 0, 23] 
(-3, 2, 29), [22, 2, 4] 
(3, -4, 37), [3, 21, 12] 
(1, -2, 27), [1, 23, 2] 
(-3, 2, 31), [22, 2, 6] 
(-3, 2, 32), [22, 2, 7] 
(3, -4, 39), [3, 21, 14] 
(1, -2, 29), [1, 23, 4] 
(-1, 0, 27), [24, 0, 2] 
(-3, 2, 33), [22, 2, 8] 
(-3, 2, 34), [22, 2, 9] 
(3, -4, 41), [3, 21, 16] 
(1, -2, 31), [1, 23, 6] 
(-1, 0, 29), [24, 0, 4] 
(-3, 2, 36), [22, 2, 11] 
(2, -3, 37), [2, 22, 12] 
(3, -4, 43), [3, 21, 18] 
(1, -2, 33), [1, 23, 8] 
(-1, 0, 31), [24, 0, 6] 
(-3, 2, 37), [22, 2, 12] 
(2, -3, 38), [2, 22, 13] 
(-3, 2, 38), [22, 2, 13] 
(2, -3, 39), [2, 22, 14] 
(-1, 0, 33), [24, 0, 8] 
(-3, 2, 39), [22, 2, 14] 
(2, -3, 41), [2, 22, 16] 
(1, -2, 37), [1, 23, 12] 
(3, -4, 47), [3, 21, 22] 
(-3, 2, 41), [22, 2, 16] 
(2, -3, 42), [2, 22, 17] 
(2, -3, 43), [2, 22, 18] 
(1, -2, 39), [1, 23, 14] 
(3, -4, 49), [3, 21, 24] 
(-1, 0, 37), [24, 0, 12] 
(-3, 2, 43), [22, 2, 18] 
(1, -2, 41), [1, 23, 16] 
(3, -4, 51), [3, 21, 1] 
(-1, 0, 39), [24, 0, 14] 
(-2, 1, 41), [23, 1, 16] 
(-2, 1, 42), [23, 1, 17] 
(1, -2, 43), [1, 23, 18] 
(-2, 1, 43), [23, 1, 18] 
(1, -2, 44), [1, 23, 19] 
(-3, 2, 49), [22, 2, 24] 
(-1, 0, 43), [24, 0, 18] 
(1, -2, 46), [1, 23, 21] 
(-2, 1, 46), [23, 1, 21] 
(-2, 1, 47), [23, 1, 22] 
(1, -2, 48), [1, 23, 23] 
(1, -2, 49), [1, 23, 24] 
(-1, 0, 47), [24, 0, 22] 
(-1, 0, 48), [24, 0, 23] 
(4, -4, 17), [4, 21, 17] 
(-4, 4, 17), [21, 4, 17] 
(4, -4, 19), [4, 21, 19] 
(-4, 4, 19), [21, 4, 19] 
(3, -3, 29), [3, 22, 4] 
(-3, 3, 29), [22, 3, 4] 
(3, -3, 31), [3, 22, 6] 
(-3, 3, 31), [22, 3, 6] 
(3, -3, 33), [3, 22, 8] 
(-3, 3, 33), [22, 3, 8] 
(2, -2, 41), [2, 23, 16] 
(-2, 2, 41), [23, 2, 16] 
(2, -2, 43), [2, 23, 18] 
(-2, 2, 43), [23, 2, 18] 
(1, -1, 47), [1, 24, 22] 
(-1, 1, 47), [24, 1, 22] 
(1, -1, 49), [1, 24, 24] 
(-1, 1, 49), [24, 1, 24] 
(1, 0, -49), [1, 0, 1] 
(1, 0, -48), [1, 0, 2] 
(1, 0, -47), [1, 0, 3] 
(1, 0, -43), [1, 0, 7] 
(9, -8, 31), [9, 17, 6] 
(1, 0, -41), [1, 0, 9] 
(9, -8, 33), [9, 17, 8] 
(1, 0, -39), [1, 0, 11] 
(-9, 10, 51), [16, 10, 1] 
(1, 0, -37), [1, 0, 13] 
(-9, 10, 53), [16, 10, 3] 
(3, -2, -29), [3, 23, 21] 
(9, -8, 37), [9, 17, 12] 
(3, -2, -27), [3, 23, 23] 
(9, -8, 39), [9, 17, 14] 
(1, 0, -33), [1, 0, 17] 
(-9, 10, 57), [16, 10, 7] 
(1, 0, -32), [1, 0, 18] 
(7, -6, 11), [7, 19, 11] 
(-1, 2, -29), [24, 2, 21] 
(7, -6, 13), [7, 19, 13] 
(3, -2, -23), [3, 23, 2] 
(-9, 10, 61), [16, 10, 11] 
(1, 0, -29), [1, 0, 21] 
(9, -8, 43), [9, 17, 18] 
(-1, 2, -27), [24, 2, 23] 
(3, -2, -21), [3, 23, 4] 
(-9, 10, 63), [16, 10, 13] 
(1, 0, -27), [1, 0, 23] 
(7, -6, 17), [7, 19, 17] 
(3, -2, -19), [3, 23, 6] 
(9, -8, 47), [9, 17, 22] 
(-1, 2, -23), [24, 2, 2] 
(-7, 8, 31), [18, 8, 6] 
(7, -6, 19), [7, 19, 19] 
(3, -2, -17), [3, 23, 8] 
(-9, 10, 67), [16, 10, 17] 
(1, 0, -23), [1, 0, 2] 
(9, -8, 49), [9, 17, 24] 
(-1, 2, -21), [24, 2, 4] 
(-7, 8, 33), [18, 8, 8] 
(7, -6, 21), [7, 19, 21] 
(-9, 10, 69), [16, 10, 19] 
(1, 0, -21), [1, 0, 4] 
(9, -8, 51), [9, 17, 1] 
(-1, 2, -19), [24, 2, 6] 
(-3, 4, -9), [22, 4, 16] 
(1, 0, -19), [1, 0, 6] 
(9, -8, 53), [9, 17, 3] 
(-1, 2, -17), [24, 2, 8] 
(-7, 8, 37), [18, 8, 12] 
(-3, 4, -7), [22, 4, 18] 
(-9, 10, 73), [16, 10, 23] 
(3, -2, -11), [3, 23, 14] 
(1, 0, -17), [1, 0, 8] 
(-7, 8, 39), [18, 8, 14] 
(3, -2, -9), [3, 23, 16] 
(7, -6, 27), [7, 19, 2] 
(-3, 4, -3), [22, 4, 22] 
(3, -2, -7), [3, 23, 18] 
(7, -6, 29), [7, 19, 4] 
(1, 0, -13), [1, 0, 12] 
(-7, 8, 43), [18, 8, 18] 
(-1, 2, -11), [24, 2, 14] 
(9, -8, 59), [9, 17, 9] 
(-3, 4, -1), [22, 4, 24] 
(7, -6, 31), [7, 19, 6] 
(1, 0, -11), [1, 0, 14] 
(-1, 2, -9), [24, 2, 16] 
(9, -8, 61), [9, 17, 11] 
(-3, 4, 1), [22, 4, 1] 
(3, -2, -3), [3, 23, 22] 
(7, -6, 33), [7, 19, 8] 
(1, 0, -9), [1, 0, 16] 
(-7, 8, 47), [18, 8, 22] 
(-1, 2, -7), [24, 2, 18] 
(9, -8, 63), [9, 17, 13] 
(-3, 4, 3), [22, 4, 3] 
(-4, 5, 11), [21, 5, 11] 
(-4, 5, 12), [21, 5, 12] 
(3, -2, -1), [3, 23, 24] 
(1, 0, -7), [1, 0, 18] 
(-7, 8, 49), [18, 8, 24] 
(-4, 5, 13), [21, 5, 13] 
(3, -2, 1), [3, 23, 1] 
(7, -6, 37), [7, 19, 12] 
(-7, 8, 51), [18, 8, 1] 
(-1, 2, -3), [24, 2, 22] 
(-3, 4, 7), [22, 4, 7] 
(-4, 5, 16), [21, 5, 16] 
(3, -2, 3), [3, 23, 3] 
(7, -6, 39), [7, 19, 14] 
(1, 0, -3), [1, 0, 22] 
(-7, 8, 53), [18, 8, 3] 
(-1, 2, -1), [24, 2, 24] 
(-3, 4, 9), [22, 4, 9] 
(-4, 5, 17), [21, 5, 17] 
(7, -6, 41), [7, 19, 16] 
(1, 0, -1), [1, 0, 24] 
(-1, 2, 1), [24, 2, 1] 
(-3, 4, 11), [22, 4, 11] 
(3, -2, 7), [3, 23, 7] 
(-1, 2, 3), [24, 2, 3] 
(-3, 4, 13), [22, 4, 13] 
(3, -2, 9), [3, 23, 9] 
(-7, 8, 59), [18, 8, 9] 
(1, 0, 3), [1, 0, 3] 
(3, -2, 11), [3, 23, 11] 
(-7, 8, 61), [18, 8, 11] 
(7, -6, 47), [7, 19, 22] 
(-1, 2, 7), [24, 2, 7] 
(-3, 4, 17), [22, 4, 17] 
(4, -3, 19), [4, 22, 19] 
(3, -2, 13), [3, 23, 13] 
(-7, 8, 63), [18, 8, 13] 
(1, 0, 7), [1, 0, 7] 
(7, -6, 49), [7, 19, 24] 
(-1, 2, 9), [24, 2, 9] 
(-3, 4, 19), [22, 4, 19] 
(4, -3, 21), [4, 22, 21] 
(1, 0, 9), [1, 0, 9] 
(7, -6, 51), [7, 19, 1] 
(-1, 2, 11), [24, 2, 11] 
(-3, 4, 21), [22, 4, 21] 
(4, -3, 23), [4, 22, 23] 
(3, -2, 17), [3, 23, 17] 
(1, 0, 11), [1, 0, 11] 
(7, -6, 53), [7, 19, 3] 
(-1, 2, 13), [24, 2, 13] 
(-3, 4, 23), [22, 4, 23] 
(4, -3, 24), [4, 22, 24] 
(3, -2, 19), [3, 23, 19] 
(1, 0, 13), [1, 0, 13] 
(-3, 4, 26), [22, 4, 1] 
(3, -2, 21), [3, 23, 21] 
(-1, 2, 17), [24, 2, 17] 
(7, -6, 57), [7, 19, 7] 
(-3, 4, 27), [22, 4, 2] 
(-3, 4, 28), [22, 4, 3] 
(3, -2, 23), [3, 23, 23] 
(1, 0, 17), [1, 0, 17] 
(-1, 2, 19), [24, 2, 19] 
(1, 0, 19), [1, 0, 19] 
(-1, 2, 21), [24, 2, 21] 
(-3, 4, 31), [22, 4, 6] 
(-3, 4, 32), [22, 4, 7] 
(3, -2, 27), [3, 23, 2] 
(1, 0, 21), [1, 0, 21] 
(-1, 2, 23), [24, 2, 23] 
(-3, 4, 33), [22, 4, 8] 
(3, -2, 29), [3, 23, 4] 
(1, 0, 23), [1, 0, 23] 
(3, -2, 31), [3, 23, 6] 
(-1, 2, 27), [24, 2, 2] 
(-3, 4, 37), [22, 4, 12] 
(3, -2, 32), [3, 23, 7] 
(3, -2, 33), [3, 23, 8] 
(1, 0, 27), [1, 0, 2] 
(-1, 2, 29), [24, 2, 4] 
(-3, 4, 39), [22, 4, 14] 
(3, -2, 34), [3, 23, 9] 
(1, 0, 29), [1, 0, 4] 
(-1, 2, 31), [24, 2, 6] 
(-3, 4, 41), [22, 4, 16] 
(3, -2, 36), [3, 23, 11] 
(3, -2, 37), [3, 23, 12] 
(1, 0, 31), [1, 0, 6] 
(-1, 2, 33), [24, 2, 8] 
(-3, 4, 43), [22, 4, 18] 
(-2, 3, 37), [23, 3, 12] 
(3, -2, 38), [3, 23, 13] 
(-2, 3, 38), [23, 3, 13] 
(3, -2, 39), [3, 23, 14] 
(1, 0, 33), [1, 0, 8] 
(-2, 3, 39), [23, 3, 14] 
(3, -2, 41), [3, 23, 16] 
(-3, 4, 47), [22, 4, 22] 
(-1, 2, 37), [24, 2, 12] 
(-2, 3, 41), [23, 3, 16] 
(-2, 3, 42), [23, 3, 17] 
(3, -2, 43), [3, 23, 18] 
(1, 0, 37), [1, 0, 12] 
(-3, 4, 49), [22, 4, 24] 
(-1, 2, 39), [24, 2, 14] 
(-2, 3, 43), [23, 3, 18] 
(2, -1, 41), [2, 24, 16] 
(1, 0, 39), [1, 0, 14] 
(-3, 4, 51), [22, 4, 1] 
(-1, 2, 41), [24, 2, 16] 
(2, -1, 42), [2, 24, 17] 
(2, -1, 43), [2, 24, 18] 
(-1, 2, 43), [24, 2, 18] 
(-1, 2, 44), [24, 2, 19] 
(1, 0, 43), [1, 0, 18] 
(3, -2, 49), [3, 23, 24] 
(2, -1, 46), [2, 24, 21] 
(-1, 2, 46), [24, 2, 21] 
(2, -1, 47), [2, 24, 22] 
(-1, 2, 48), [24, 2, 23] 
(1, 0, 47), [1, 0, 22] 
(-1, 2, 49), [24, 2, 24] 
(1, 0, 48), [1, 0, 23] 
(2, 0, -49), [2, 0, 1] 
(6, -4, -9), [6, 21, 16] 
(-4, 6, 11), [21, 6, 11] 
(-3, 5, 23), [22, 5, 23] 
(-3, 5, 27), [22, 5, 2] 
(-3, 5, 29), [22, 5, 4] 
(4, -2, 27), [4, 23, 2] 
(3, -1, 31), [3, 24, 6] 
(-2, 4, 37), [23, 4, 12] 
(-2, 4, 39), [23, 4, 14] 
(3, -1, 37), [3, 24, 12] 
(3, -1, 39), [3, 24, 14] 
(3, -1, 41), [3, 24, 16] 
(-1, 3, 43), [24, 3, 18] 
(3, -1, 47), [3, 24, 22] 
(-1, 3, 47), [24, 3, 22] 
(-1, 3, 49), [24, 3, 24] 
(2, 0, 47), [2, 0, 22] 
(1, 1, 47), [1, 1, 22] 
(-1, 3, 51), [24, 3, 1] 
(1, 1, 49), [1, 1, 24] 
(3, 0, -49), [3, 0, 1] 
(3, 0, -48), [3, 0, 2] 
(3, 0, -47), [3, 0, 3] 
(9, -6, 11), [9, 19, 11] 
(3, 0, -43), [3, 0, 7] 
(9, -6, 13), [9, 19, 13] 
(3, 0, -41), [3, 0, 9] 
(3, 0, -39), [3, 0, 11] 
(7, -4, -9), [7, 21, 16] 
(9, -6, 17), [9, 19, 17] 
(3, 0, -37), [3, 0, 13] 
(-9, 12, 71), [16, 12, 21] 
(7, -4, -7), [7, 21, 18] 
(9, -6, 19), [9, 19, 19] 
(-9, 12, 73), [16, 12, 23] 
(9, -6, 21), [9, 19, 21] 
(3, 0, -33), [3, 0, 17] 
(3, 0, -32), [3, 0, 18] 
(7, -4, -3), [7, 21, 22] 
(7, -4, -1), [7, 21, 24] 
(-9, 12, 79), [16, 12, 4] 
(3, 0, -29), [3, 0, 21] 
(7, -4, 1), [7, 21, 1] 
(-9, 12, 81), [16, 12, 6] 
(3, 0, -27), [3, 0, 23] 
(9, -6, 27), [9, 19, 2] 
(1, 2, -29), [1, 2, 21] 
(6, -3, -8), [6, 22, 17] 
(6, -3, -7), [6, 22, 18] 
(7, -4, 3), [7, 21, 3] 
(-9, 12, 83), [16, 12, 8] 
(9, -6, 29), [9, 19, 4] 
(1, 2, -27), [1, 2, 23] 
(6, -3, -6), [6, 22, 19] 
(3, 0, -23), [3, 0, 2] 
(9, -6, 31), [9, 19, 6] 
(6, -3, -3), [6, 22, 22] 
(7, -4, 7), [7, 21, 7] 
(3, 0, -21), [3, 0, 4] 
(9, -6, 33), [9, 19, 8] 
(1, 2, -23), [1, 2, 2] 
(6, -3, -2), [6, 22, 23] 
(6, -3, -1), [6, 22, 24] 
(7, -4, 9), [7, 21, 9] 
(3, 0, -19), [3, 0, 6] 
(1, 2, -21), [1, 2, 4] 
(-7, 10, 51), [18, 10, 1] 
(7, -4, 11), [7, 21, 11] 
(3, 0, -17), [3, 0, 8] 
(9, -6, 37), [9, 19, 12] 
(1, 2, -19), [1, 2, 6] 
(-7, 10, 53), [18, 10, 3] 
(7, -4, 13), [7, 21, 13] 
(9, -6, 39), [9, 19, 14] 
(1, 2, -17), [1, 2, 8] 
(3, 0, -13), [3, 0, 12] 
(9, -6, 41), [9, 19, 16] 
(-7, 10, 57), [18, 10, 7] 
(-1, 4, -9), [24, 4, 16] 
(7, -4, 17), [7, 21, 17] 
(3, 0, -11), [3, 0, 14] 
(-1, 4, -7), [24, 4, 18] 
(7, -4, 19), [7, 21, 19] 
(3, 0, -9), [3, 0, 16] 
(-7, 10, 61), [18, 10, 11] 
(1, 2, -11), [1, 2, 14] 
(7, -4, 21), [7, 21, 21] 
(3, 0, -7), [3, 0, 18] 
(-7, 10, 63), [18, 10, 13] 
(1, 2, -9), [1, 2, 16] 
(9, -6, 47), [9, 19, 22] 
(-1, 4, -3), [24, 4, 22] 
(-3, 6, 11), [22, 6, 11] 
(7, -4, 23), [7, 21, 23] 
(1, 2, -7), [1, 2, 18] 
(9, -6, 49), [9, 19, 24] 
(-1, 4, -1), [24, 4, 24] 
(-3, 6, 13), [22, 6, 13] 
(3, 0, -3), [3, 0, 22] 
(-7, 10, 67), [18, 10, 17] 
(9, -6, 51), [9, 19, 1] 
(-1, 4, 1), [24, 4, 1] 
(7, -4, 27), [7, 21, 2] 
(3, 0, -1), [3, 0, 24] 
(-7, 10, 69), [18, 10, 19] 
(1, 2, -3), [1, 2, 22] 
(9, -6, 53), [9, 19, 3] 
(-1, 4, 3), [24, 4, 3] 
(-3, 6, 17), [22, 6, 17] 
(1, 2, -1), [1, 2, 24] 
(-3, 6, 19), [22, 6, 19] 
(-7, 10, 73), [18, 10, 23] 
(3, 0, 3), [3, 0, 3] 
(7, -4, 31), [7, 21, 6] 
(1, 2, 1), [1, 2, 1] 
(-1, 4, 7), [24, 4, 7] 
(9, -6, 57), [9, 19, 7] 
(-3, 6, 21), [22, 6, 21] 
(-3, 6, 22), [22, 6, 22] 
(7, -4, 33), [7, 21, 8] 
(1, 2, 3), [1, 2, 3] 
(-1, 4, 9), [24, 4, 9] 
(-3, 6, 24), [22, 6, 24] 
(3, 0, 7), [3, 0, 7] 
(-1, 4, 11), [24, 4, 11] 
(-3, 6, 26), [22, 6, 1] 
(3, 0, 9), [3, 0, 9] 
(7, -4, 37), [7, 21, 12] 
(1, 2, 7), [1, 2, 7] 
(-1, 4, 13), [24, 4, 13] 
(-3, 6, 27), [22, 6, 2] 
(3, 0, 11), [3, 0, 11] 
(7, -4, 39), [7, 21, 14] 
(1, 2, 9), [1, 2, 9] 
(-3, 6, 29), [22, 6, 4] 
(3, 0, 13), [3, 0, 13] 
(7, -4, 41), [7, 21, 16] 
(1, 2, 11), [1, 2, 11] 
(-1, 4, 17), [24, 4, 17] 
(-3, 6, 31), [22, 6, 6] 
(7, -4, 43), [7, 21, 18] 
(1, 2, 13), [1, 2, 13] 
(-1, 4, 19), [24, 4, 19] 
(-3, 6, 33), [22, 6, 8] 
(3, 0, 17), [3, 0, 17] 
(-1, 4, 21), [24, 4, 21] 
(3, 0, 19), [3, 0, 19] 
(1, 2, 17), [1, 2, 17] 
(7, -4, 47), [7, 21, 22] 
(-1, 4, 23), [24, 4, 23] 
(-3, 6, 37), [22, 6, 12] 
(3, 0, 21), [3, 0, 21] 
(1, 2, 19), [1, 2, 19] 
(7, -4, 49), [7, 21, 24] 
(-3, 6, 39), [22, 6, 14] 
(4, -1, 27), [4, 24, 2] 
(3, 0, 23), [3, 0, 23] 
(1, 2, 21), [1, 2, 21] 
(7, -4, 51), [7, 21, 1] 
(-1, 4, 27), [24, 4, 2] 
(-3, 6, 41), [22, 6, 16] 
(-2, 5, 33), [23, 5, 8] 
(4, -1, 28), [4, 24, 3] 
(-2, 5, 34), [23, 5, 9] 
(4, -1, 29), [4, 24, 4] 
(1, 2, 23), [1, 2, 23] 
(4, -1, 31), [4, 24, 6] 
(3, 0, 27), [3, 0, 2] 
(-1, 4, 31), [24, 4, 6] 
(-2, 5, 37), [23, 5, 12] 
(4, -1, 32), [4, 24, 7] 
(-2, 5, 38), [23, 5, 13] 
(4, -1, 33), [4, 24, 8] 
(3, 0, 29), [3, 0, 4] 
(1, 2, 27), [1, 2, 2] 
(-3, 6, 47), [22, 6, 22] 
(-1, 4, 33), [24, 4, 8] 
(-2, 5, 39), [23, 5, 14] 
(3, 0, 31), [3, 0, 6] 
(1, 2, 29), [1, 2, 4] 
(-3, 6, 49), [22, 6, 24] 
(3, 0, 33), [3, 0, 8] 
(1, 2, 31), [1, 2, 6] 
(-3, 6, 51), [22, 6, 1] 
(-1, 4, 37), [24, 4, 12] 
(1, 2, 33), [1, 2, 8] 
(-3, 6, 53), [22, 6, 3] 
(-1, 4, 39), [24, 4, 14] 
(3, 0, 37), [3, 0, 12] 
(-1, 4, 41), [24, 4, 16] 
(3, 0, 38), [3, 0, 13] 
(-1, 4, 42), [24, 4, 17] 
(3, 0, 39), [3, 0, 14] 
(-3, 6, 57), [22, 6, 7] 
(1, 2, 37), [1, 2, 12] 
(-1, 4, 43), [24, 4, 18] 
(-1, 4, 44), [24, 4, 19] 
(1, 2, 39), [1, 2, 14] 
(3, 0, 42), [3, 0, 17] 
(-1, 4, 46), [24, 4, 21] 
(3, 0, 43), [3, 0, 18] 
(1, 2, 41), [1, 2, 16] 
(-1, 4, 47), [24, 4, 22] 
(3, 0, 44), [3, 0, 19] 
(-1, 4, 48), [24, 4, 23] 
(1, 2, 43), [1, 2, 18] 
(-1, 4, 49), [24, 4, 24] 
(3, 0, 47), [3, 0, 22] 
(-1, 4, 51), [24, 4, 1] 
(2, 1, 46), [2, 1, 21] 
(2, 1, 47), [2, 1, 22] 
(1, 2, 48), [1, 2, 23] 
(2, 1, 49), [2, 1, 24] 
(1, 2, 49), [1, 2, 24] 
(4, 0, -49), [4, 0, 1] 
(7, -3, -19), [7, 22, 6] 
(7, -3, -17), [7, 22, 8] 
(6, -2, 1), [6, 23, 1] 
(6, -2, 3), [6, 23, 3] 
(6, -2, 4), [6, 23, 4] 
(-3, 7, 21), [22, 7, 21] 
(-3, 7, 23), [22, 7, 23] 
(-2, 6, 33), [23, 6, 8] 
(4, 0, 33), [4, 0, 8] 
(-1, 5, 41), [24, 5, 16] 
(-1, 5, 43), [24, 5, 18] 
(-1, 5, 47), [24, 5, 22] 
(3, 1, 41), [3, 1, 16] 
(3, 1, 42), [3, 1, 17] 
(3, 1, 43), [3, 1, 18] 
(3, 1, 46), [3, 1, 21] 
(3, 1, 47), [3, 1, 22] 
(1, 3, 49), [1, 3, 24] 
(2, 2, 49), [2, 2, 24] 
(1, 3, 51), [1, 3, 1] 
(9, -4, -9), [9, 21, 16] 
(7, -2, -29), [7, 23, 21] 
(9, -4, -7), [9, 21, 18] 
(7, -2, -27), [7, 23, 23] 
(9, -4, -3), [9, 21, 22] 
(7, -2, -23), [7, 23, 2] 
(9, -4, -1), [9, 21, 24] 
(7, -2, -21), [7, 23, 4] 
(9, -4, 1), [9, 21, 1] 
(-9, 14, 91), [16, 14, 16] 
(7, -2, -19), [7, 23, 6] 
(9, -4, 3), [9, 21, 3] 
(-9, 14, 93), [16, 14, 18] 
(7, -2, -17), [7, 23, 8] 
(7, -2, -16), [7, 23, 9] 
(-9, 14, 97), [16, 14, 22] 
(9, -4, 7), [9, 21, 7] 
(7, -2, -14), [7, 23, 11] 
(9, -4, 9), [9, 21, 9] 
(7, -2, -12), [7, 23, 13] 
(7, -2, -11), [7, 23, 14] 
(9, -4, 11), [9, 21, 11] 
(7, -2, -9), [7, 23, 16] 
(9, -4, 13), [9, 21, 13] 
(3, 2, -29), [3, 2, 21] 
(7, -2, -7), [7, 23, 18] 
(3, 2, -27), [3, 2, 23] 
(9, -4, 17), [9, 21, 17] 
(7, -2, -3), [7, 23, 22] 
(9, -4, 19), [9, 21, 19] 
(3, 2, -23), [3, 2, 2] 
(7, -2, -1), [7, 23, 24] 
(9, -4, 21), [9, 21, 21] 
(3, 2, -21), [3, 2, 4] 
(7, -2, 1), [7, 23, 1] 
(9, -4, 23), [9, 21, 23] 
(3, 2, -19), [3, 2, 6] 
(-7, 12, 71), [18, 12, 21] 
(7, -2, 3), [7, 23, 3] 
(3, 2, -17), [3, 2, 8] 
(-7, 12, 73), [18, 12, 23] 
(9, -4, 27), [9, 21, 2] 
(7, -2, 7), [7, 23, 7] 
(7, -2, 9), [7, 23, 9] 
(-7, 12, 79), [18, 12, 4] 
(3, 2, -11), [3, 2, 14] 
(9, -4, 31), [9, 21, 6] 
(1, 4, -9), [1, 4, 16] 
(7, -2, 11), [7, 23, 11] 
(-7, 12, 81), [18, 12, 6] 
(3, 2, -9), [3, 2, 16] 
(9, -4, 33), [9, 21, 8] 
(1, 4, -7), [1, 4, 18] 
(7, -2, 13), [7, 23, 13] 
(-7, 12, 83), [18, 12, 8] 
(3, 2, -7), [3, 2, 18] 
(6, -1, 6), [6, 24, 6] 
(6, -1, 7), [6, 24, 7] 
(9, -4, 37), [9, 21, 12] 
(1, 4, -3), [1, 4, 22] 
(6, -1, 9), [6, 24, 9] 
(7, -2, 17), [7, 23, 17] 
(3, 2, -3), [3, 2, 22] 
(9, -4, 39), [9, 21, 14] 
(1, 4, -1), [1, 4, 24] 
(6, -1, 11), [6, 24, 11] 
(7, -2, 19), [7, 23, 19] 
(3, 2, -1), [3, 2, 24] 
(9, -4, 41), [9, 21, 16] 
(1, 4, 1), [1, 4, 1] 
(-1, 6, 11), [24, 6, 11] 
(7, -2, 21), [7, 23, 21] 
(3, 2, 1), [3, 2, 1] 
(9, -4, 43), [9, 21, 18] 
(1, 4, 3), [1, 4, 3] 
(-1, 6, 13), [24, 6, 13] 
(-3, 8, 31), [22, 8, 6] 
(7, -2, 23), [7, 23, 23] 
(3, 2, 3), [3, 2, 3] 
(-3, 8, 33), [22, 8, 8] 
(1, 4, 7), [1, 4, 7] 
(9, -4, 47), [9, 21, 22] 
(-1, 6, 17), [24, 6, 17] 
(7, -2, 27), [7, 23, 2] 
(3, 2, 7), [3, 2, 7] 
(1, 4, 9), [1, 4, 9] 
(9, -4, 49), [9, 21, 24] 
(-1, 6, 19), [24, 6, 19] 
(-3, 8, 37), [22, 8, 12] 
(7, -2, 29), [7, 23, 4] 
(3, 2, 9), [3, 2, 9] 
(1, 4, 11), [1, 4, 11] 
(9, -4, 51), [9, 21, 1] 
(-1, 6, 21), [24, 6, 21] 
(-3, 8, 39), [22, 8, 14] 
(-2, 7, 29), [23, 7, 4] 
(7, -2, 31), [7, 23, 6] 
(3, 2, 11), [3, 2, 11] 
(1, 4, 13), [1, 4, 13] 
(-2, 7, 31), [23, 7, 6] 
(7, -2, 33), [7, 23, 8] 
(3, 2, 13), [3, 2, 13] 
(-3, 8, 43), [22, 8, 18] 
(-2, 7, 33), [23, 7, 8] 
(-2, 7, 34), [23, 7, 9] 
(1, 4, 17), [1, 4, 17] 
(-1, 6, 27), [24, 6, 2] 
(3, 2, 17), [3, 2, 17] 
(7, -2, 37), [7, 23, 12] 
(1, 4, 19), [1, 4, 19] 
(-3, 8, 47), [22, 8, 22] 
(-1, 6, 29), [24, 6, 4] 
(3, 2, 19), [3, 2, 19] 
(7, -2, 39), [7, 23, 14] 
(1, 4, 21), [1, 4, 21] 
(-3, 8, 49), [22, 8, 24] 
(-1, 6, 31), [24, 6, 6] 
(3, 2, 21), [3, 2, 21] 
(7, -2, 41), [7, 23, 16] 
(1, 4, 23), [1, 4, 23] 
(-3, 8, 51), [22, 8, 1] 
(-1, 6, 33), [24, 6, 8] 
(3, 2, 23), [3, 2, 23] 
(7, -2, 43), [7, 23, 18] 
(-3, 8, 53), [22, 8, 3] 
(1, 4, 27), [1, 4, 2] 
(-1, 6, 37), [24, 6, 12] 
(3, 2, 27), [3, 2, 2] 
(-1, 6, 39), [24, 6, 14] 
(3, 2, 29), [3, 2, 4] 
(-3, 8, 59), [22, 8, 9] 
(1, 4, 31), [1, 4, 6] 
(7, -2, 49), [7, 23, 24] 
(-1, 6, 41), [24, 6, 16] 
(-1, 6, 42), [24, 6, 17] 
(3, 2, 31), [3, 2, 6] 
(-3, 8, 61), [22, 8, 11] 
(1, 4, 33), [1, 4, 8] 
(-1, 6, 44), [24, 6, 19] 
(3, 2, 33), [3, 2, 8] 
(-3, 8, 63), [22, 8, 13] 
(4, 1, 36), [4, 1, 11] 
(-1, 6, 46), [24, 6, 21] 
(4, 1, 37), [4, 1, 12] 
(1, 4, 37), [1, 4, 12] 
(-1, 6, 47), [24, 6, 22] 
(4, 1, 39), [4, 1, 14] 
(3, 2, 37), [3, 2, 12] 
(1, 4, 39), [1, 4, 14] 
(-1, 6, 49), [24, 6, 24] 
(4, 1, 41), [4, 1, 16] 
(3, 2, 39), [3, 2, 14] 
(1, 4, 41), [1, 4, 16] 
(-1, 6, 51), [24, 6, 1] 
(3, 2, 41), [3, 2, 16] 
(1, 4, 43), [1, 4, 18] 
(-1, 6, 53), [24, 6, 3] 
(3, 2, 43), [3, 2, 18] 
(3, 2, 44), [3, 2, 19] 
(-1, 6, 57), [24, 6, 7] 
(1, 4, 47), [1, 4, 22] 
(3, 2, 46), [3, 2, 21] 
(1, 4, 49), [1, 4, 24] 
(3, 2, 48), [3, 2, 23] 
(3, 2, 49), [3, 2, 24] 
(2, 3, 49), [2, 3, 24] 
(1, 4, 51), [1, 4, 1] 
(1, 4, 52), [1, 4, 2] 
(2, 3, 51), [2, 3, 1] 
(8, -2, -29), [8, 23, 21] 
(8, -2, -27), [8, 23, 23] 
(7, -1, -13), [7, 24, 12] 
(7, -1, -9), [7, 24, 16] 
(7, -1, -7), [7, 24, 18] 
(7, -1, -3), [7, 24, 22] 
(6, 0, 13), [6, 0, 13] 
(-2, 8, 31), [23, 8, 6] 
(-1, 7, 39), [24, 7, 14] 
(-1, 7, 41), [24, 7, 16] 
(-1, 7, 43), [24, 7, 18] 
(-1, 7, 49), [24, 7, 24] 
(4, 2, 41), [4, 2, 16] 
(4, 2, 43), [4, 2, 18] 
(3, 3, 47), [3, 3, 22] 
(1, 5, 51), [1, 5, 1] 
(4, 2, 49), [4, 2, 24] 
(3, 3, 49), [3, 3, 24] 
(1, 5, 53), [1, 5, 3] 
(3, 3, 51), [3, 3, 1] 
(7, 0, -49), [7, 0, 1] 
(7, 0, -48), [7, 0, 2] 
(9, -2, -29), [9, 23, 21] 
(7, 0, -47), [7, 0, 3] 
(9, -2, -27), [9, 23, 23] 
(7, 0, -43), [7, 0, 7] 
(9, -2, -23), [9, 23, 2] 
(7, 0, -41), [7, 0, 9] 
(9, -2, -21), [9, 23, 4] 
(7, 0, -39), [7, 0, 11] 
(9, -2, -19), [9, 23, 6] 
(7, 0, -37), [7, 0, 13] 
(9, -2, -17), [9, 23, 8] 
(7, 0, -33), [7, 0, 17] 
(-9, 16, 111), [16, 16, 11] 
(8, -1, -24), [8, 24, 1] 
(7, 0, -32), [7, 0, 18] 
(8, -1, -23), [8, 24, 2] 
(8, -1, -21), [8, 24, 4] 
(7, 0, -29), [7, 0, 21] 
(9, -2, -11), [9, 23, 14] 
(8, -1, -19), [8, 24, 6] 
(7, 0, -27), [7, 0, 23] 
(9, -2, -9), [9, 23, 16] 
(9, -2, -7), [9, 23, 18] 
(7, 0, -23), [7, 0, 2] 
(7, 0, -21), [7, 0, 4] 
(9, -2, -3), [9, 23, 22] 
(7, 0, -19), [7, 0, 6] 
(9, -2, -1), [9, 23, 24] 
(7, 0, -17), [7, 0, 8] 
(9, -2, 1), [9, 23, 1] 
(9, -2, 3), [9, 23, 3] 
(7, 0, -13), [7, 0, 12] 
(7, 0, -11), [7, 0, 14] 
(9, -2, 7), [9, 23, 7] 
(7, 0, -9), [7, 0, 16] 
(9, -2, 9), [9, 23, 9] 
(7, 0, -7), [7, 0, 18] 
(9, -2, 11), [9, 23, 11] 
(-7, 14, 91), [18, 14, 16] 
(9, -2, 13), [9, 23, 13] 
(-7, 14, 93), [18, 14, 18] 
(7, 0, -3), [7, 0, 22] 
(7, 0, -2), [7, 0, 23] 
(7, 0, -1), [7, 0, 24] 
(-7, 14, 97), [18, 14, 22] 
(9, -2, 17), [9, 23, 17] 
(9, -2, 19), [9, 23, 19] 
(7, 0, 2), [7, 0, 2] 
(7, 0, 3), [7, 0, 3] 
(9, -2, 21), [9, 23, 21] 
(3, 4, -9), [3, 4, 16] 
(7, 0, 4), [7, 0, 4] 
(9, -2, 23), [9, 23, 23] 
(3, 4, -7), [3, 4, 18] 
(7, 0, 7), [7, 0, 7] 
(7, 0, 9), [7, 0, 9] 
(9, -2, 27), [9, 23, 2] 
(3, 4, -3), [3, 4, 22] 
(7, 0, 11), [7, 0, 11] 
(9, -2, 29), [9, 23, 4] 
(3, 4, -1), [3, 4, 24] 
(7, 0, 13), [7, 0, 13] 
(9, -2, 31), [9, 23, 6] 
(3, 4, 1), [3, 4, 1] 
(9, -2, 33), [9, 23, 8] 
(3, 4, 3), [3, 4, 3] 
(7, 0, 17), [7, 0, 17] 
(1, 6, 11), [1, 6, 11] 
(7, 0, 19), [7, 0, 19] 
(3, 4, 7), [3, 4, 7] 
(9, -2, 37), [9, 23, 12] 
(1, 6, 13), [1, 6, 13] 
(7, 0, 21), [7, 0, 21] 
(3, 4, 9), [3, 4, 9] 
(9, -2, 39), [9, 23, 14] 
(-3, 10, 51), [22, 10, 1] 
(6, 1, 17), [6, 1, 17] 
(7, 0, 23), [7, 0, 23] 
(3, 4, 11), [3, 4, 11] 
(9, -2, 41), [9, 23, 16] 
(1, 6, 17), [1, 6, 17] 
(-3, 10, 53), [22, 10, 3] 
(-1, 8, 31), [24, 8, 6] 
(6, 1, 18), [6, 1, 18] 
(6, 1, 19), [6, 1, 19] 
(3, 4, 13), [3, 4, 13] 
(9, -2, 43), [9, 23, 18] 
(1, 6, 19), [1, 6, 19] 
(-1, 8, 33), [24, 8, 8] 
(6, 1, 21), [6, 1, 21] 
(7, 0, 27), [7, 0, 2] 
(1, 6, 21), [1, 6, 21] 
(-3, 10, 57), [22, 10, 7] 
(6, 1, 22), [6, 1, 22] 
(6, 1, 23), [6, 1, 23] 
(7, 0, 29), [7, 0, 4] 
(3, 4, 17), [3, 4, 17] 
(-1, 8, 37), [24, 8, 12] 
(-1, 8, 38), [24, 8, 13] 
(7, 0, 31), [7, 0, 6] 
(3, 4, 19), [3, 4, 19] 
(-3, 10, 61), [22, 10, 11] 
(9, -2, 49), [9, 23, 24] 
(-1, 8, 39), [24, 8, 14] 
(7, 0, 33), [7, 0, 8] 
(3, 4, 21), [3, 4, 21] 
(-3, 10, 63), [22, 10, 13] 
(1, 6, 27), [1, 6, 2] 
(-1, 8, 42), [24, 8, 17] 
(3, 4, 23), [3, 4, 23] 
(1, 6, 29), [1, 6, 4] 
(-1, 8, 43), [24, 8, 18] 
(-1, 8, 44), [24, 8, 19] 
(7, 0, 37), [7, 0, 12] 
(-3, 10, 67), [22, 10, 17] 
(1, 6, 31), [1, 6, 6] 
(7, 0, 39), [7, 0, 14] 
(3, 4, 27), [3, 4, 2] 
(-3, 10, 69), [22, 10, 19] 
(1, 6, 33), [1, 6, 8] 
(-1, 8, 47), [24, 8, 22] 
(-1, 8, 49), [24, 8, 24] 
(-3, 10, 73), [22, 10, 23] 
(3, 4, 31), [3, 4, 6] 
(7, 0, 43), [7, 0, 18] 
(1, 6, 37), [1, 6, 12] 
(-1, 8, 51), [24, 8, 1] 
(3, 4, 33), [3, 4, 8] 
(1, 6, 39), [1, 6, 14] 
(-1, 8, 53), [24, 8, 3] 
(7, 0, 47), [7, 0, 22] 
(1, 6, 41), [1, 6, 16] 
(3, 4, 37), [3, 4, 12] 
(3, 4, 39), [3, 4, 14] 
(-1, 8, 59), [24, 8, 9] 
(3, 4, 41), [3, 4, 16] 
(-1, 8, 61), [24, 8, 11] 
(1, 6, 47), [1, 6, 22] 
(4, 3, 43), [4, 3, 18] 
(3, 4, 43), [3, 4, 18] 
(-1, 8, 63), [24, 8, 13] 
(1, 6, 49), [1, 6, 24] 
(4, 3, 44), [4, 3, 19] 
(1, 6, 51), [1, 6, 1] 
(1, 6, 52), [1, 6, 2] 
(4, 3, 47), [4, 3, 22] 
(3, 4, 47), [3, 4, 22] 
(1, 6, 53), [1, 6, 3] 
(4, 3, 48), [4, 3, 23] 
(1, 6, 54), [1, 6, 4] 
(4, 3, 49), [4, 3, 24] 
(3, 4, 49), [3, 4, 24] 
(1, 6, 56), [1, 6, 6] 
(3, 4, 51), [3, 4, 1] 
(2, 5, 53), [2, 5, 3] 
(1, 6, 57), [1, 6, 7] 
(3, 4, 52), [3, 4, 2] 
(9, -1, -39), [9, 24, 11] 
(9, -1, -38), [9, 24, 12] 
(9, -1, -37), [9, 24, 13] 
(9, -1, -34), [9, 24, 16] 
(8, 0, -17), [8, 0, 8] 
(8, 0, -13), [8, 0, 12] 
(7, 1, 7), [7, 1, 7] 
(7, 1, 9), [7, 1, 9] 
(7, 1, 11), [7, 1, 11] 
(-1, 9, 41), [24, 9, 16] 
(-1, 9, 43), [24, 9, 18] 
(-1, 9, 46), [24, 9, 21] 
(6, 2, 27), [6, 2, 2] 
(1, 7, 53), [1, 7, 3] 
(1, 7, 57), [1, 7, 7] 
(4, 4, 49), [4, 4, 24] 
(1, 7, 59), [1, 7, 9] 
(4, 4, 51), [4, 4, 1] 
(3, 5, 53), [3, 5, 3] 
(2, 6, 57), [2, 6, 7] 
(9, 0, -49), [9, 0, 1] 
(9, 0, -48), [9, 0, 2] 
(9, 0, -47), [9, 0, 3] 
(9, 0, -44), [9, 0, 6] 
(9, 0, -43), [9, 0, 7] 
(9, 0, -41), [9, 0, 9] 
(9, 0, -39), [9, 0, 11] 
(9, 0, -37), [9, 0, 13] 
(9, 0, -36), [9, 0, 14] 
(9, 0, -34), [9, 0, 16] 
(9, 0, -33), [9, 0, 17] 
(9, 0, -32), [9, 0, 18] 
(9, 0, -29), [9, 0, 21] 
(9, 0, -28), [9, 0, 22] 
(9, 0, -27), [9, 0, 23] 
(9, 0, -24), [9, 0, 1] 
(9, 0, -23), [9, 0, 2] 
(9, 0, -21), [9, 0, 4] 
(9, 0, -19), [9, 0, 6] 
(9, 0, -17), [9, 0, 8] 
(7, 2, -29), [7, 2, 21] 
(9, 0, -13), [9, 0, 12] 
(7, 2, -27), [7, 2, 23] 
(9, 0, -11), [9, 0, 14] 
(9, 0, -9), [9, 0, 16] 
(7, 2, -23), [7, 2, 2] 
(9, 0, -7), [9, 0, 18] 
(7, 2, -21), [7, 2, 4] 
(7, 2, -19), [7, 2, 6] 
(9, 0, -3), [9, 0, 22] 
(7, 2, -17), [7, 2, 8] 
(8, 1, -9), [8, 1, 16] 
(9, 0, -1), [9, 0, 24] 
(-7, 16, 111), [18, 16, 11] 
(8, 1, -8), [8, 1, 17] 
(8, 1, -7), [8, 1, 18] 
(7, 2, -11), [7, 2, 14] 
(9, 0, 3), [9, 0, 3] 
(8, 1, -4), [8, 1, 21] 
(8, 1, -3), [8, 1, 22] 
(7, 2, -9), [7, 2, 16] 
(7, 2, -7), [7, 2, 18] 
(9, 0, 7), [9, 0, 7] 
(9, 0, 9), [9, 0, 9] 
(7, 2, -3), [7, 2, 22] 
(9, 0, 11), [9, 0, 11] 
(7, 2, -1), [7, 2, 24] 
(9, 0, 13), [9, 0, 13] 
(7, 2, 1), [7, 2, 1] 
(7, 2, 3), [7, 2, 3] 
(9, 0, 17), [9, 0, 17] 
(9, 0, 19), [9, 0, 19] 
(7, 2, 7), [7, 2, 7] 
(9, 0, 21), [9, 0, 21] 
(7, 2, 9), [7, 2, 9] 
(9, 0, 23), [9, 0, 23] 
(7, 2, 11), [7, 2, 11] 
(7, 2, 12), [7, 2, 12] 
(7, 2, 13), [7, 2, 13] 
(9, 0, 27), [9, 0, 2] 
(7, 2, 14), [7, 2, 14] 
(9, 0, 29), [9, 0, 4] 
(3, 6, 11), [3, 6, 11] 
(7, 2, 16), [7, 2, 16] 
(7, 2, 17), [7, 2, 17] 
(9, 0, 31), [9, 0, 6] 
(3, 6, 13), [3, 6, 13] 
(7, 2, 18), [7, 2, 18] 
(7, 2, 19), [7, 2, 19] 
(9, 0, 33), [9, 0, 8] 
(7, 2, 21), [7, 2, 21] 
(3, 6, 17), [3, 6, 17] 
(-3, 12, 71), [22, 12, 21] 
(7, 2, 23), [7, 2, 23] 
(9, 0, 37), [9, 0, 12] 
(3, 6, 19), [3, 6, 19] 
(-3, 12, 73), [22, 12, 23] 
(9, 0, 39), [9, 0, 14] 
(3, 6, 21), [3, 6, 21] 
(1, 8, 31), [1, 8, 6] 
(7, 2, 27), [7, 2, 2] 
(1, 8, 33), [1, 8, 8] 
(-1, 10, 51), [24, 10, 1] 
(7, 2, 29), [7, 2, 4] 
(-3, 12, 79), [22, 12, 4] 
(9, 0, 43), [9, 0, 18] 
(-1, 10, 53), [24, 10, 3] 
(7, 2, 31), [7, 2, 6] 
(-3, 12, 81), [22, 12, 6] 
(3, 6, 27), [3, 6, 2] 
(1, 8, 37), [1, 8, 12] 
(6, 3, 29), [6, 3, 4] 
(7, 2, 33), [7, 2, 8] 
(-3, 12, 83), [22, 12, 8] 
(3, 6, 29), [3, 6, 4] 
(9, 0, 47), [9, 0, 22] 
(1, 8, 39), [1, 8, 14] 
(-1, 10, 57), [24, 10, 7] 
(6, 3, 31), [6, 3, 6] 
(3, 6, 31), [3, 6, 6] 
(6, 3, 33), [6, 3, 8] 
(7, 2, 37), [7, 2, 12] 
(3, 6, 33), [3, 6, 8] 
(-1, 10, 61), [24, 10, 11] 
(1, 8, 43), [1, 8, 18] 
(6, 3, 34), [6, 3, 9] 
(7, 2, 39), [7, 2, 14] 
(-1, 10, 63), [24, 10, 13] 
(7, 2, 41), [7, 2, 16] 
(3, 6, 37), [3, 6, 12] 
(1, 8, 47), [1, 8, 22] 
(7, 2, 43), [7, 2, 18] 
(3, 6, 39), [3, 6, 14] 
(-1, 10, 67), [24, 10, 17] 
(1, 8, 49), [1, 8, 24] 
(3, 6, 41), [3, 6, 16] 
(-1, 10, 69), [24, 10, 19] 
(1, 8, 51), [1, 8, 1] 
(1, 8, 53), [1, 8, 3] 
(1, 8, 54), [1, 8, 4] 
(-1, 10, 73), [24, 10, 23] 
(7, 2, 49), [7, 2, 24] 
(1, 8, 56), [1, 8, 6] 
(3, 6, 47), [3, 6, 22] 
(1, 8, 58), [1, 8, 8] 
(3, 6, 49), [3, 6, 24] 
(1, 8, 59), [1, 8, 9] 
(3, 6, 51), [3, 6, 1] 
(1, 8, 61), [1, 8, 11] 
(4, 5, 51), [4, 5, 1] 
(3, 6, 53), [3, 6, 3] 
(1, 8, 63), [1, 8, 13] 
(2, 7, 57), [2, 7, 7] 
(4, 5, 52), [4, 5, 2] 
(2, 7, 58), [2, 7, 8] 
(4, 5, 53), [4, 5, 3] 
(2, 7, 59), [2, 7, 9] 
(3, 6, 56), [3, 6, 6] 
(3, 6, 57), [3, 6, 7] 
(2, 7, 61), [2, 7, 11] 
(9, 1, -39), [9, 1, 11] 
(9, 1, -38), [9, 1, 12] 
(9, 1, -34), [9, 1, 16] 
(9, 1, -29), [9, 1, 21] 
(9, 1, -23), [9, 1, 2] 
(9, 1, -21), [9, 1, 4] 
(9, 1, -19), [9, 1, 6] 
(9, 1, -9), [9, 1, 16] 
(8, 2, 1), [8, 2, 1] 
(8, 2, 3), [8, 2, 3] 
(7, 3, 19), [7, 3, 19] 
(7, 3, 21), [7, 3, 21] 
(7, 3, 23), [7, 3, 23] 
(1, 9, 41), [1, 9, 16] 
(6, 4, 37), [6, 4, 12] 
(6, 4, 39), [6, 4, 14] 
(1, 9, 57), [1, 9, 7] 
(1, 9, 59), [1, 9, 9] 
(1, 9, 61), [1, 9, 11] 
(2, 8, 61), [2, 8, 11] 
(2, 8, 63), [2, 8, 13] 
(3, 7, 59), [3, 7, 9] 
(2, 8, 64), [2, 8, 14] 
(4, 6, 57), [4, 6, 7] 
(3, 7, 61), [3, 7, 11] 
(9, 2, -29), [9, 2, 21] 
(9, 2, -27), [9, 2, 23] 
(9, 2, -23), [9, 2, 2] 
(9, 2, -21), [9, 2, 4] 
(9, 2, -19), [9, 2, 6] 
(9, 2, -17), [9, 2, 8] 
(9, 2, -16), [9, 2, 9] 
(9, 2, -14), [9, 2, 11] 
(9, 2, -12), [9, 2, 13] 
(9, 2, -11), [9, 2, 14] 
(9, 2, -9), [9, 2, 16] 
(9, 2, -7), [9, 2, 18] 
(9, 2, -3), [9, 2, 22] 
(9, 2, -1), [9, 2, 24] 
(9, 2, 1), [9, 2, 1] 
(7, 4, -9), [7, 4, 16] 
(9, 2, 3), [9, 2, 3] 
(7, 4, -7), [7, 4, 18] 
(9, 2, 7), [9, 2, 7] 
(7, 4, -3), [7, 4, 22] 
(9, 2, 9), [9, 2, 9] 
(7, 4, -1), [7, 4, 24] 
(9, 2, 11), [9, 2, 11] 
(7, 4, 1), [7, 4, 1] 
(8, 3, 7), [8, 3, 7] 
(9, 2, 13), [9, 2, 13] 
(7, 4, 3), [7, 4, 3] 
(8, 3, 8), [8, 3, 8] 
(8, 3, 9), [8, 3, 9] 
(8, 3, 11), [8, 3, 11] 
(7, 4, 7), [7, 4, 7] 
(9, 2, 17), [9, 2, 17] 
(8, 3, 12), [8, 3, 12] 
(8, 3, 13), [8, 3, 13] 
(7, 4, 9), [7, 4, 9] 
(9, 2, 19), [9, 2, 19] 
(7, 4, 11), [7, 4, 11] 
(9, 2, 21), [9, 2, 21] 
(7, 4, 13), [7, 4, 13] 
(9, 2, 23), [9, 2, 23] 
(7, 4, 17), [7, 4, 17] 
(9, 2, 27), [9, 2, 2] 
(7, 4, 19), [7, 4, 19] 
(9, 2, 29), [9, 2, 4] 
(7, 4, 21), [7, 4, 21] 
(9, 2, 31), [9, 2, 6] 
(-3, 14, 91), [22, 14, 16] 
(7, 4, 23), [7, 4, 23] 
(9, 2, 33), [9, 2, 8] 
(-3, 14, 93), [22, 14, 18] 
(7, 4, 26), [7, 4, 1] 
(7, 4, 27), [7, 4, 2] 
(-3, 14, 97), [22, 14, 22] 
(9, 2, 37), [9, 2, 12] 
(3, 8, 31), [3, 8, 6] 
(7, 4, 28), [7, 4, 3] 
(9, 2, 39), [9, 2, 14] 
(3, 8, 33), [3, 8, 8] 
(7, 4, 31), [7, 4, 6] 
(9, 2, 41), [9, 2, 16] 
(-1, 12, 71), [24, 12, 21] 
(7, 4, 32), [7, 4, 7] 
(7, 4, 33), [7, 4, 8] 
(9, 2, 43), [9, 2, 18] 
(3, 8, 37), [3, 8, 12] 
(-1, 12, 73), [24, 12, 23] 
(1, 10, 51), [1, 10, 1] 
(3, 8, 39), [3, 8, 14] 
(1, 10, 53), [1, 10, 3] 
(7, 4, 37), [7, 4, 12] 
(1, 10, 56), [1, 10, 6] 
(7, 4, 39), [7, 4, 14] 
(-1, 12, 79), [24, 12, 4] 
(3, 8, 43), [3, 8, 18] 
(9, 2, 49), [9, 2, 24] 
(1, 10, 57), [1, 10, 7] 
(1, 10, 58), [1, 10, 8] 
(7, 4, 41), [7, 4, 16] 
(-1, 12, 81), [24, 12, 6] 
(6, 5, 41), [6, 5, 16] 
(7, 4, 43), [7, 4, 18] 
(-1, 12, 83), [24, 12, 8] 
(3, 8, 47), [3, 8, 22] 
(1, 10, 61), [1, 10, 11] 
(6, 5, 42), [6, 5, 17] 
(1, 10, 62), [1, 10, 12] 
(6, 5, 43), [6, 5, 18] 
(3, 8, 49), [3, 8, 24] 
(1, 10, 63), [1, 10, 13] 
(7, 4, 47), [7, 4, 22] 
(3, 8, 51), [3, 8, 1] 
(6, 5, 46), [6, 5, 21] 
(6, 5, 47), [6, 5, 22] 
(7, 4, 49), [7, 4, 24] 
(3, 8, 53), [3, 8, 3] 
(1, 10, 67), [1, 10, 17] 
(7, 4, 51), [7, 4, 1] 
(1, 10, 69), [1, 10, 19] 
(2, 9, 61), [2, 9, 11] 
(2, 9, 62), [2, 9, 12] 
(2, 9, 63), [2, 9, 13] 
(1, 10, 73), [1, 10, 23] 
(3, 8, 59), [3, 8, 9] 
(2, 9, 66), [2, 9, 16] 
(3, 8, 61), [3, 8, 11] 
(2, 9, 67), [2, 9, 17] 
(4, 7, 59), [4, 7, 9] 
(3, 8, 63), [3, 8, 13] 
(3, 8, 64), [3, 8, 14] 
(4, 7, 61), [4, 7, 11] 
(9, 3, -18), [9, 3, 7] 
(9, 3, -7), [9, 3, 18] 
(9, 3, -3), [9, 3, 22] 
(9, 3, -1), [9, 3, 24] 
(9, 3, 11), [9, 3, 11] 
(8, 4, 17), [8, 4, 17] 
(8, 4, 19), [8, 4, 19] 
(8, 4, 23), [8, 4, 23] 
(7, 5, 33), [7, 5, 8] 
(7, 5, 37), [7, 5, 12] 
(1, 11, 61), [1, 11, 11] 
(7, 5, 38), [7, 5, 13] 
(1, 11, 62), [1, 11, 12] 
(7, 5, 39), [7, 5, 14] 
(1, 11, 63), [1, 11, 13] 
(6, 6, 49), [6, 6, 24] 
(6, 6, 51), [6, 6, 1] 
(2, 10, 67), [2, 10, 17] 
(3, 9, 67), [3, 9, 17] 
(3, 9, 69), [3, 9, 19] 
(9, 4, -9), [9, 4, 16] 
(9, 4, -7), [9, 4, 18] 
(9, 4, -3), [9, 4, 22] 
(9, 4, -1), [9, 4, 24] 
(9, 4, 1), [9, 4, 1] 
(9, 4, 2), [9, 4, 2] 
(9, 4, 3), [9, 4, 3] 
(9, 4, 4), [9, 4, 4] 
(9, 4, 6), [9, 4, 6] 
(9, 4, 7), [9, 4, 7] 
(9, 4, 8), [9, 4, 8] 
(9, 4, 9), [9, 4, 9] 
(9, 4, 11), [9, 4, 11] 
(9, 4, 13), [9, 4, 13] 
(9, 4, 17), [9, 4, 17] 
(7, 6, 11), [7, 6, 11] 
(9, 4, 19), [9, 4, 19] 
(7, 6, 13), [7, 6, 13] 
(9, 4, 21), [9, 4, 21] 
(9, 4, 23), [9, 4, 23] 
(7, 6, 17), [7, 6, 17] 
(7, 6, 19), [7, 6, 19] 
(8, 5, 23), [8, 5, 23] 
(9, 4, 27), [9, 4, 2] 
(7, 6, 21), [7, 6, 21] 
(-3, 16, 111), [22, 16, 11] 
(8, 5, 24), [8, 5, 24] 
(8, 5, 27), [8, 5, 2] 
(9, 4, 31), [9, 4, 6] 
(8, 5, 28), [8, 5, 3] 
(8, 5, 29), [8, 5, 4] 
(7, 6, 27), [7, 6, 2] 
(9, 4, 33), [9, 4, 8] 
(7, 6, 29), [7, 6, 4] 
(7, 6, 31), [7, 6, 6] 
(9, 4, 37), [9, 4, 12] 
(7, 6, 33), [7, 6, 8] 
(9, 4, 39), [9, 4, 14] 
(9, 4, 41), [9, 4, 16] 
(-1, 14, 91), [24, 14, 16] 
(7, 6, 37), [7, 6, 12] 
(9, 4, 43), [9, 4, 18] 
(-1, 14, 93), [24, 14, 18] 
(7, 6, 39), [7, 6, 14] 
(3, 10, 51), [3, 10, 1] 
(7, 6, 41), [7, 6, 16] 
(-1, 14, 97), [24, 14, 22] 
(9, 4, 47), [9, 4, 22] 
(3, 10, 53), [3, 10, 3] 
(1, 12, 71), [1, 12, 21] 
(7, 6, 42), [7, 6, 17] 
(9, 4, 49), [9, 4, 24] 
(1, 12, 73), [1, 12, 23] 
(7, 6, 44), [7, 6, 19] 
(9, 4, 51), [9, 4, 1] 
(3, 10, 57), [3, 10, 7] 
(7, 6, 46), [7, 6, 21] 
(2, 11, 66), [2, 11, 16] 
(7, 6, 47), [7, 6, 22] 
(2, 11, 67), [2, 11, 17] 
(7, 6, 49), [7, 6, 24] 
(1, 12, 79), [1, 12, 4] 
(3, 10, 61), [3, 10, 11] 
(2, 11, 69), [2, 11, 19] 
(7, 6, 51), [7, 6, 1] 
(1, 12, 81), [1, 12, 6] 
(3, 10, 63), [3, 10, 13] 
(2, 11, 71), [2, 11, 21] 
(6, 7, 53), [6, 7, 3] 
(7, 6, 53), [7, 6, 3] 
(1, 12, 83), [1, 12, 8] 
(6, 7, 54), [6, 7, 4] 
(3, 10, 67), [3, 10, 17] 
(3, 10, 68), [3, 10, 18] 
(6, 7, 57), [6, 7, 7] 
(7, 6, 57), [7, 6, 7] 
(3, 10, 69), [3, 10, 19] 
(6, 7, 58), [6, 7, 8] 
(6, 7, 59), [6, 7, 9] 
(3, 10, 72), [3, 10, 22] 
(6, 7, 61), [6, 7, 11] 
(4, 9, 67), [4, 9, 17] 
(3, 10, 73), [3, 10, 23] 
(4, 9, 69), [4, 9, 19] 
(9, 5, 11), [9, 5, 11] 
(9, 5, 13), [9, 5, 13] 
(9, 5, 17), [9, 5, 17] 
(9, 5, 19), [9, 5, 19] 
(8, 6, 31), [8, 6, 6] 
(8, 6, 33), [8, 6, 8] 
(8, 6, 37), [8, 6, 12] 
(2, 12, 71), [2, 12, 21] 
(7, 7, 47), [7, 7, 22] 
(7, 7, 49), [7, 7, 24] 
(7, 7, 51), [7, 7, 1] 
(7, 7, 53), [7, 7, 3] 
(3, 11, 71), [3, 11, 21] 
(3, 11, 73), [3, 11, 23] 
(4, 10, 67), [4, 10, 17] 
(6, 8, 61), [6, 8, 11] 
(4, 10, 69), [4, 10, 19] 
(3, 11, 77), [3, 11, 2] 
(6, 8, 63), [6, 8, 13] 
(3, 11, 79), [3, 11, 4] 
(4, 10, 72), [4, 10, 22] 
(4, 10, 73), [4, 10, 23] 
(9, 6, 11), [9, 6, 11] 
(9, 6, 13), [9, 6, 13] 
(9, 6, 16), [9, 6, 16] 
(9, 6, 17), [9, 6, 17] 
(9, 6, 19), [9, 6, 19] 
(9, 6, 21), [9, 6, 21] 
(9, 6, 22), [9, 6, 22] 
(9, 6, 24), [9, 6, 24] 
(9, 6, 26), [9, 6, 1] 
(9, 6, 27), [9, 6, 2] 
(9, 6, 29), [9, 6, 4] 
(9, 6, 31), [9, 6, 6] 
(9, 6, 33), [9, 6, 8] 
(7, 8, 31), [7, 8, 6] 
(7, 8, 33), [7, 8, 8] 
(9, 6, 37), [9, 6, 12] 
(9, 6, 39), [9, 6, 14] 
(7, 8, 37), [7, 8, 12] 
(8, 7, 39), [8, 7, 14] 
(9, 6, 41), [9, 6, 16] 
(7, 8, 39), [7, 8, 14] 
(-1, 16, 111), [24, 16, 11] 
(8, 7, 41), [8, 7, 16] 
(8, 7, 43), [8, 7, 18] 
(7, 8, 43), [7, 8, 18] 
(8, 7, 44), [8, 7, 19] 
(9, 6, 47), [9, 6, 22] 
(7, 8, 47), [7, 8, 22] 
(9, 6, 49), [9, 6, 24] 
(7, 8, 49), [7, 8, 24] 
(9, 6, 51), [9, 6, 1] 
(1, 14, 91), [1, 14, 16] 
(7, 8, 51), [7, 8, 1] 
(9, 6, 53), [9, 6, 3] 
(1, 14, 93), [1, 14, 18] 
(3, 12, 71), [3, 12, 21] 
(3, 12, 72), [3, 12, 22] 
(7, 8, 53), [7, 8, 3] 
(2, 13, 83), [2, 13, 8] 
(3, 12, 73), [3, 12, 23] 
(7, 8, 54), [7, 8, 4] 
(3, 12, 74), [3, 12, 24] 
(1, 14, 97), [1, 14, 22] 
(9, 6, 57), [9, 6, 7] 
(7, 8, 56), [7, 8, 6] 
(3, 12, 76), [3, 12, 1] 
(7, 8, 58), [7, 8, 8] 
(3, 12, 78), [3, 12, 3] 
(7, 8, 59), [7, 8, 9] 
(3, 12, 79), [3, 12, 4] 
(7, 8, 61), [7, 8, 11] 
(3, 12, 81), [3, 12, 6] 
(7, 8, 63), [7, 8, 13] 
(3, 12, 83), [3, 12, 8] 
(6, 9, 66), [6, 9, 16] 
(3, 12, 84), [3, 12, 9] 
(4, 11, 76), [4, 11, 1] 
(6, 9, 67), [6, 9, 17] 
(4, 11, 77), [4, 11, 2] 
(6, 9, 69), [6, 9, 19] 
(4, 11, 79), [4, 11, 4] 
(9, 7, 21), [9, 7, 21] 
(9, 7, 22), [9, 7, 22] 
(9, 7, 26), [9, 7, 1] 
(9, 7, 27), [9, 7, 2] 
(9, 7, 29), [9, 7, 4] 
(9, 7, 31), [9, 7, 6] 
(8, 8, 31), [8, 8, 6] 
(9, 7, 33), [9, 7, 8] 
(9, 7, 34), [9, 7, 9] 
(8, 8, 49), [8, 8, 24] 
(8, 8, 51), [8, 8, 1] 
(3, 13, 81), [3, 13, 6] 
(3, 13, 82), [3, 13, 7] 
(3, 13, 83), [3, 13, 8] 
(7, 9, 61), [7, 9, 11] 
(7, 9, 63), [7, 9, 13] 
(4, 12, 79), [4, 12, 4] 
(4, 12, 81), [4, 12, 6] 
(7, 9, 67), [7, 9, 17] 
(3, 13, 91), [3, 13, 16] 
(4, 12, 83), [4, 12, 8] 
(6, 10, 72), [6, 10, 22] 
(6, 10, 73), [6, 10, 23] 
(9, 8, 31), [9, 8, 6] 
(9, 8, 33), [9, 8, 8] 
(9, 8, 36), [9, 8, 11] 
(9, 8, 37), [9, 8, 12] 
(9, 8, 38), [9, 8, 13] 
(9, 8, 39), [9, 8, 14] 
(9, 8, 42), [9, 8, 17] 
(9, 8, 43), [9, 8, 18] 
(9, 8, 44), [9, 8, 19] 
(9, 8, 47), [9, 8, 22] 
(9, 8, 49), [9, 8, 24] 
(7, 10, 51), [7, 10, 1] 
(9, 8, 51), [9, 8, 1] 
(7, 10, 53), [7, 10, 3] 
(9, 8, 53), [9, 8, 3] 
(8, 9, 54), [8, 9, 4] 
(7, 10, 57), [7, 10, 7] 
(1, 16, 111), [1, 16, 11] 
(8, 9, 56), [8, 9, 6] 
(8, 9, 57), [8, 9, 7] 
(8, 9, 59), [8, 9, 9] 
(7, 10, 61), [7, 10, 11] 
(9, 8, 59), [9, 8, 9] 
(8, 9, 61), [8, 9, 11] 
(7, 10, 63), [7, 10, 13] 
(9, 8, 61), [9, 8, 11] 
(3, 14, 91), [3, 14, 16] 
(4, 13, 81), [4, 13, 6] 
(8, 9, 62), [8, 9, 12] 
(3, 14, 92), [3, 14, 17] 
(4, 13, 82), [4, 13, 7] 
(9, 8, 63), [9, 8, 13] 
(3, 14, 93), [3, 14, 18] 
(4, 13, 83), [4, 13, 8] 
(4, 13, 84), [4, 13, 9] 
(7, 10, 67), [7, 10, 17] 
(7, 10, 68), [7, 10, 18] 
(7, 10, 69), [7, 10, 19] 
(3, 14, 97), [3, 14, 22] 
(4, 13, 87), [4, 13, 12] 
(4, 13, 88), [4, 13, 13] 
(4, 13, 89), [4, 13, 14] 
(7, 10, 72), [7, 10, 22] 
(6, 11, 76), [6, 11, 1] 
(7, 10, 73), [7, 10, 23] 
(6, 11, 77), [6, 11, 2] 
(6, 11, 79), [6, 11, 4] 
(9, 9, 41), [9, 9, 16] 
(9, 9, 43), [9, 9, 18] 
(9, 9, 47), [9, 9, 22] 
(9, 9, 49), [9, 9, 24] 
(9, 9, 51), [9, 9, 1] 
(9, 9, 53), [9, 9, 3] 
(8, 10, 67), [8, 10, 17] 
(4, 14, 91), [4, 14, 16] 
(7, 11, 71), [7, 11, 21] 
(4, 14, 92), [4, 14, 17] 
(4, 14, 93), [4, 14, 18] 
(7, 11, 73), [7, 11, 23] 
(8, 10, 73), [8, 10, 23] 
(7, 11, 77), [7, 11, 2] 
(7, 11, 79), [7, 11, 4] 
(9, 10, 51), [9, 10, 1] 
(9, 10, 52), [9, 10, 2] 
(9, 10, 53), [9, 10, 3] 
(9, 10, 56), [9, 10, 6] 
(9, 10, 57), [9, 10, 7] 
(9, 10, 58), [9, 10, 8] 
(9, 10, 61), [9, 10, 11] 
(9, 10, 62), [9, 10, 12] 
(9, 10, 63), [9, 10, 13] 
(9, 10, 64), [9, 10, 14] 
(7, 12, 71), [7, 12, 21] 
(7, 12, 72), [7, 12, 22] 
(9, 10, 67), [9, 10, 17] 
(7, 12, 73), [7, 12, 23] 
(9, 10, 68), [9, 10, 18] 
(8, 11, 71), [8, 11, 21] 
(9, 10, 69), [9, 10, 19] 
(3, 16, 111), [3, 16, 11] 
(8, 11, 72), [8, 11, 22] 
(3, 16, 112), [3, 16, 12] 
(8, 11, 73), [8, 11, 23] 
(4, 15, 101), [4, 15, 1] 
(9, 10, 72), [9, 10, 22] 
(7, 12, 79), [7, 12, 4] 
(9, 10, 73), [9, 10, 23] 
(8, 11, 76), [8, 11, 1] 
(8, 11, 77), [8, 11, 2] 
(7, 12, 81), [7, 12, 6] 
(6, 13, 88), [6, 13, 13] 
(7, 12, 83), [7, 12, 8] 
(6, 13, 89), [6, 13, 14] 
(7, 12, 84), [7, 12, 9] 
(6, 13, 91), [6, 13, 16] 
(9, 11, 61), [9, 11, 11] 
(9, 11, 63), [9, 11, 13] 
(9, 11, 67), [9, 11, 17] 
(8, 12, 71), [8, 12, 21] 
(9, 11, 69), [9, 11, 19] 
(9, 11, 71), [9, 11, 21] 
(9, 11, 73), [9, 11, 23] 
(7, 13, 83), [7, 13, 8] 
(8, 12, 79), [8, 12, 4] 
(6, 14, 91), [6, 14, 16] 
(9, 11, 77), [9, 11, 2] 
(8, 12, 81), [8, 12, 6] 
(8, 12, 83), [8, 12, 8] 
(7, 13, 89), [7, 13, 14] 
(6, 14, 97), [6, 14, 22] 
(7, 13, 91), [7, 13, 16] 
(9, 12, 71), [9, 12, 21] 
(9, 12, 72), [9, 12, 22] 
(9, 12, 73), [9, 12, 23] 
(9, 12, 74), [9, 12, 24] 
(9, 12, 76), [9, 12, 1] 
(8, 13, 81), [8, 13, 6] 
(9, 12, 78), [9, 12, 3] 
(8, 13, 82), [8, 13, 7] 
(9, 12, 79), [9, 12, 4] 
(8, 13, 83), [8, 13, 8] 
(9, 12, 81), [9, 12, 6] 
(7, 14, 91), [7, 14, 16] 
(7, 14, 92), [7, 14, 17] 
(8, 13, 87), [8, 13, 12] 
(9, 12, 83), [9, 12, 8] 
(7, 14, 93), [7, 14, 18] 
(6, 15, 101), [6, 15, 1] 
(8, 13, 88), [8, 13, 13] 
(9, 12, 84), [9, 12, 9] 
(7, 14, 94), [7, 14, 19] 
(6, 15, 102), [6, 15, 2] 
(8, 13, 89), [8, 13, 14] 
(6, 15, 103), [6, 15, 3] 
(7, 14, 96), [7, 14, 21] 
(8, 13, 91), [8, 13, 16] 
(7, 14, 97), [7, 14, 22] 
(9, 13, 82), [9, 13, 7] 
(9, 13, 83), [9, 13, 8] 
(9, 13, 84), [9, 13, 9] 
(8, 14, 91), [8, 14, 16] 
(9, 13, 87), [9, 13, 12] 
(8, 14, 93), [8, 14, 18] 
(9, 13, 89), [9, 13, 14] 
(7, 15, 101), [7, 15, 1] 
(6, 16, 111), [6, 16, 11] 
(9, 13, 91), [9, 13, 16] 
(7, 15, 103), [7, 15, 3] 
(6, 16, 112), [6, 16, 12] 
(8, 14, 97), [8, 14, 22] 
(9, 14, 91), [9, 14, 16] 
(9, 14, 92), [9, 14, 17] 
(9, 14, 93), [9, 14, 18] 
(9, 14, 94), [9, 14, 19] 
(8, 15, 101), [8, 15, 1] 
(9, 14, 96), [9, 14, 21] 
(8, 15, 102), [8, 15, 2] 
(9, 14, 97), [9, 14, 22] 
(8, 15, 103), [8, 15, 3] 
(6, 17, 121), [6, 17, 21] 
(7, 16, 111), [7, 16, 11] 
(7, 16, 112), [7, 16, 12] 
(9, 15, 101), [9, 15, 1] 
(9, 15, 102), [9, 15, 2] 
(9, 15, 103), [9, 15, 3] 
(8, 16, 111), [8, 16, 11] 
(8, 16, 112), [8, 16, 12] 
(7, 17, 121), [7, 17, 21] 
(9, 16, 111), [9, 16, 11] 
(9, 16, 112), [9, 16, 12] 
(8, 17, 121), [8, 17, 21] 
(9, 17, 121), [9, 17, 21] 
