(-7, -10, 49), [9, 6, 1] 
(-7, -10, 51), [9, 6, 3] 
(-7, -9, 49), [9, 7, 1] 
(-5, -10, 49), [11, 6, 1] 
(-7, -8, 43), [9, 8, 11] 
(-3, -12, 65), [13, 4, 1] 
(-5, -10, 51), [11, 6, 3] 
(-7, -8, 45), [9, 8, 13] 
(-7, -7, 27), [9, 9, 11] 
(-7, -7, 35), [9, 9, 3] 
(-5, -9, 41), [11, 7, 9] 
(-1, -13, 73), [15, 3, 9] 
(-7, -7, 37), [9, 9, 5] 
(-5, -9, 43), [11, 7, 11] 
(-5, -9, 45), [11, 7, 13] 
(-3, -11, 61), [13, 5, 13] 
(-5, -9, 49), [11, 7, 1] 
(-7, -6, 17), [9, 10, 1] 
(-7, -6, 19), [9, 10, 3] 
(-7, -6, 21), [9, 10, 5] 
(-7, -6, 23), [9, 10, 7] 
(-7, -6, 27), [9, 10, 11] 
(-7, -6, 29), [9, 10, 13] 
(-5, -8, 33), [11, 8, 1] 
(-7, -6, 31), [9, 10, 15] 
(-5, -8, 35), [11, 8, 3] 
(-7, -6, 33), [9, 10, 1] 
(-1, -12, 65), [15, 4, 1] 
(-5, -8, 37), [11, 8, 5] 
(-7, -6, 35), [9, 10, 3] 
(-3, -10, 49), [13, 6, 1] 
(-3, -10, 51), [13, 6, 3] 
(-7, -6, 39), [9, 10, 7] 
(-5, -8, 41), [11, 8, 9] 
(-5, -8, 43), [11, 8, 11] 
(-3, -10, 55), [13, 6, 7] 
(-5, -8, 45), [11, 8, 13] 
(-7, -5, 9), [9, 11, 9] 
(-7, -5, 13), [9, 11, 13] 
(-7, -5, 15), [9, 11, 15] 
(-5, -7, 25), [11, 9, 9] 
(1, -13, 73), [1, 3, 9] 
(-7, -5, 25), [9, 11, 9] 
(-5, -7, 27), [11, 9, 11] 
(-7, -5, 27), [9, 11, 11] 
(-5, -7, 29), [11, 9, 13] 
(-7, -5, 29), [9, 11, 13] 
(-5, -7, 31), [11, 9, 15] 
(-7, -5, 31), [9, 11, 15] 
(-3, -9, 41), [13, 7, 9] 
(-1, -11, 57), [15, 5, 9] 
(-7, -5, 33), [9, 11, 1] 
(-3, -9, 43), [13, 7, 11] 
(-7, -5, 35), [9, 11, 3] 
(-5, -7, 35), [11, 9, 3] 
(-3, -9, 45), [13, 7, 13] 
(-7, -5, 37), [9, 11, 5] 
(-1, -11, 61), [15, 5, 13] 
(-5, -7, 37), [11, 9, 5] 
(-3, -9, 47), [13, 7, 15] 
(-5, -7, 39), [11, 9, 7] 
(-7, -4, 1), [9, 12, 1] 
(-7, -4, 3), [9, 12, 3] 
(-7, -4, 5), [9, 12, 5] 
(-7, -4, 7), [9, 12, 7] 
(-7, -4, 9), [9, 12, 9] 
(-7, -4, 15), [9, 12, 15] 
(-7, -4, 17), [9, 12, 1] 
(-5, -6, 17), [11, 10, 1] 
(-7, -4, 19), [9, 12, 3] 
(-5, -6, 19), [11, 10, 3] 
(-7, -4, 21), [9, 12, 5] 
(-5, -6, 21), [11, 10, 5] 
(-7, -4, 23), [9, 12, 7] 
(1, -12, 65), [1, 4, 1] 
(-5, -6, 23), [11, 10, 7] 
(-7, -4, 25), [9, 12, 9] 
(-3, -8, 33), [13, 8, 1] 
(-7, -4, 29), [9, 12, 13] 
(-5, -6, 27), [11, 10, 11] 
(-1, -10, 49), [15, 6, 1] 
(-3, -8, 35), [13, 8, 3] 
(-7, -4, 31), [9, 12, 15] 
(-5, -6, 29), [11, 10, 13] 
(-1, -10, 51), [15, 6, 3] 
(-3, -8, 37), [13, 8, 5] 
(-7, -4, 33), [9, 12, 1] 
(-5, -6, 31), [11, 10, 15] 
(-5, -6, 33), [11, 10, 1] 
(-3, -8, 41), [13, 8, 9] 
(-1, -10, 55), [15, 6, 7] 
(-5, -6, 35), [11, 10, 3] 
(-3, -8, 43), [13, 8, 11] 
(-3, -8, 45), [13, 8, 13] 
(-5, -6, 39), [11, 10, 7] 
(-7, -3, -7), [9, 13, 9] 
(-7, -3, -5), [9, 13, 11] 
(-7, -3, -3), [9, 13, 13] 
(-7, -3, 7), [9, 13, 7] 
(-7, -3, 9), [9, 13, 9] 
(-7, -3, 11), [9, 13, 11] 
(-5, -5, 9), [11, 11, 9] 
(3, -13, 73), [3, 3, 9] 
(-7, -3, 13), [9, 13, 13] 
(-5, -5, 11), [11, 11, 11] 
(-7, -3, 15), [9, 13, 15] 
(-5, -5, 13), [11, 11, 13] 
(-7, -3, 17), [9, 13, 1] 
(-5, -5, 15), [11, 11, 15] 
(-7, -3, 19), [9, 13, 3] 
(-5, -5, 17), [11, 11, 1] 
(-7, -3, 21), [9, 13, 5] 
(-7, -3, 23), [9, 13, 7] 
(-5, -5, 19), [11, 11, 3] 
(-3, -7, 25), [13, 9, 9] 
(1, -11, 57), [1, 5, 9] 
(-7, -3, 25), [9, 13, 9] 
(-5, -5, 21), [11, 11, 5] 
(-3, -7, 27), [13, 9, 11] 
(1, -11, 59), [1, 5, 11] 
(-7, -3, 27), [9, 13, 11] 
(-5, -5, 23), [11, 11, 7] 
(-3, -7, 29), [13, 9, 13] 
(-7, -3, 29), [9, 13, 13] 
(1, -11, 61), [1, 5, 13] 
(-5, -5, 25), [11, 11, 9] 
(-1, -9, 43), [15, 7, 11] 
(-3, -7, 31), [13, 9, 15] 
(-7, -3, 31), [9, 13, 15] 
(-5, -5, 27), [11, 11, 11] 
(-1, -9, 45), [15, 7, 13] 
(-7, -3, 33), [9, 13, 1] 
(-5, -5, 29), [11, 11, 13] 
(-1, -9, 47), [15, 7, 15] 
(-3, -7, 35), [13, 9, 3] 
(-1, -9, 49), [15, 7, 1] 
(-3, -7, 37), [13, 9, 5] 
(-3, -7, 39), [13, 9, 7] 
(-1, -9, 51), [15, 7, 3] 
(-5, -5, 35), [11, 11, 3] 
(-3, -7, 41), [13, 9, 9] 
(-5, -5, 37), [11, 11, 5] 
(-7, -2, -15), [9, 14, 1] 
(-7, -2, -13), [9, 14, 3] 
(-7, -2, -11), [9, 14, 5] 
(-7, -2, -9), [9, 14, 7] 
(-7, -2, -7), [9, 14, 9] 
(-7, -2, -5), [9, 14, 11] 
(-7, -2, -1), [9, 14, 15] 
(-7, -2, 1), [9, 14, 1] 
(-7, -2, 3), [9, 14, 3] 
(-7, -2, 5), [9, 14, 5] 
(-5, -4, 1), [11, 12, 1] 
(-7, -2, 7), [9, 14, 7] 
(-5, -4, 3), [11, 12, 3] 
(-7, -2, 9), [9, 14, 9] 
(-5, -4, 5), [11, 12, 5] 
(-7, -2, 11), [9, 14, 11] 
(-5, -4, 7), [11, 12, 7] 
(-7, -2, 13), [9, 14, 13] 
(3, -12, 65), [3, 4, 1] 
(-5, -4, 9), [11, 12, 9] 
(-7, -2, 15), [9, 14, 15] 
(-7, -2, 19), [9, 14, 3] 
(-5, -4, 13), [11, 12, 13] 
(-3, -6, 17), [13, 10, 1] 
(-7, -2, 21), [9, 14, 5] 
(-5, -4, 15), [11, 12, 15] 
(-3, -6, 19), [13, 10, 3] 
(-7, -2, 23), [9, 14, 7] 
(-5, -4, 17), [11, 12, 1] 
(1, -10, 49), [1, 6, 1] 
(-3, -6, 21), [13, 10, 5] 
(-7, -2, 25), [9, 14, 9] 
(-5, -4, 19), [11, 12, 3] 
(-1, -8, 33), [15, 8, 1] 
(1, -10, 51), [1, 6, 3] 
(-3, -6, 23), [13, 10, 7] 
(-7, -2, 27), [9, 14, 11] 
(-5, -4, 21), [11, 12, 5] 
(-1, -8, 35), [15, 8, 3] 
(-5, -4, 23), [11, 12, 7] 
(-1, -8, 37), [15, 8, 5] 
(-7, -2, 31), [9, 14, 15] 
(-3, -6, 27), [13, 10, 11] 
(1, -10, 55), [1, 6, 7] 
(-5, -4, 25), [11, 12, 9] 
(-3, -6, 29), [13, 10, 13] 
(-1, -8, 41), [15, 8, 9] 
(-3, -6, 31), [13, 10, 15] 
(-5, -4, 29), [11, 12, 13] 
(-1, -8, 43), [15, 8, 11] 
(-3, -6, 33), [13, 10, 1] 
(-5, -4, 31), [11, 12, 15] 
(-1, -8, 45), [15, 8, 13] 
(-3, -6, 35), [13, 10, 3] 
(-5, -4, 33), [11, 12, 1] 
(-3, -6, 39), [13, 10, 7] 
(-7, -1, -21), [9, 15, 11] 
(-7, -1, -19), [9, 15, 13] 
(-7, -1, -17), [9, 15, 15] 
(-7, -1, -15), [9, 15, 1] 
(-7, -1, -7), [9, 15, 9] 
(-7, -1, -5), [9, 15, 11] 
(-7, -1, -3), [9, 15, 13] 
(-7, -1, -1), [9, 15, 15] 
(-5, -3, -7), [11, 13, 9] 
(5, -13, 73), [5, 3, 9] 
(-7, -1, 1), [9, 15, 1] 
(-5, -3, -5), [11, 13, 11] 
(-7, -1, 3), [9, 15, 3] 
(-5, -3, -3), [11, 13, 13] 
(-7, -1, 5), [9, 15, 5] 
(-5, -3, -1), [11, 13, 15] 
(-7, -1, 7), [9, 15, 7] 
(-5, -3, 1), [11, 13, 1] 
(-7, -1, 9), [9, 15, 9] 
(-5, -3, 3), [11, 13, 3] 
(-7, -1, 11), [9, 15, 11] 
(-7, -1, 13), [9, 15, 13] 
(-5, -3, 5), [11, 13, 5] 
(-7, -1, 15), [9, 15, 15] 
(-5, -3, 7), [11, 13, 7] 
(-3, -5, 9), [13, 11, 9] 
(3, -11, 57), [3, 5, 9] 
(-7, -1, 17), [9, 15, 1] 
(-5, -3, 9), [11, 13, 9] 
(-3, -5, 11), [13, 11, 11] 
(3, -11, 59), [3, 5, 11] 
(-7, -1, 19), [9, 15, 3] 
(-5, -3, 11), [11, 13, 11] 
(-3, -5, 13), [13, 11, 13] 
(-7, -1, 21), [9, 15, 5] 
(3, -11, 61), [3, 5, 13] 
(-5, -3, 13), [11, 13, 13] 
(-3, -5, 15), [13, 11, 15] 
(-7, -1, 23), [9, 15, 7] 
(-5, -3, 15), [11, 13, 15] 
(-1, -7, 25), [15, 9, 9] 
(1, -9, 41), [1, 7, 9] 
(-3, -5, 17), [13, 11, 1] 
(-7, -1, 25), [9, 15, 9] 
(-5, -3, 17), [11, 13, 1] 
(-1, -7, 27), [15, 9, 11] 
(1, -9, 43), [1, 7, 11] 
(-7, -1, 27), [9, 15, 11] 
(-3, -5, 19), [13, 11, 3] 
(-5, -3, 19), [11, 13, 3] 
(-1, -7, 29), [15, 9, 13] 
(1, -9, 45), [1, 7, 13] 
(-7, -1, 29), [9, 15, 13] 
(-3, -5, 21), [13, 11, 5] 
(-1, -7, 31), [15, 9, 15] 
(-7, -1, 31), [9, 15, 15] 
(1, -9, 47), [1, 7, 15] 
(-3, -5, 23), [13, 11, 7] 
(-1, -7, 33), [15, 9, 1] 
(1, -9, 49), [1, 7, 1] 
(-3, -5, 25), [13, 11, 9] 
(-5, -3, 25), [11, 13, 9] 
(-3, -5, 27), [13, 11, 11] 
(1, -9, 51), [1, 7, 3] 
(-5, -3, 27), [11, 13, 11] 
(-3, -5, 29), [13, 11, 13] 
(-5, -3, 29), [11, 13, 13] 
(-5, -3, 31), [11, 13, 15] 
(-5, -3, 33), [11, 13, 1] 
(-3, -5, 33), [13, 11, 1] 
(-1, -7, 43), [15, 9, 11] 
(-3, -5, 35), [13, 11, 3] 
(-7, 0, -29), [9, 0, 3] 
(-7, 0, -27), [9, 0, 5] 
(-7, 0, -25), [9, 0, 7] 
(-7, 0, -23), [9, 0, 9] 
(-7, 0, -21), [9, 0, 11] 
(-7, 0, -15), [9, 0, 1] 
(-7, 0, -13), [9, 0, 3] 
(-7, 0, -11), [9, 0, 5] 
(-7, 0, -9), [9, 0, 7] 
(-7, 0, -7), [9, 0, 9] 
(-5, -2, -15), [11, 14, 1] 
(-7, 0, -5), [9, 0, 11] 
(-5, -2, -13), [11, 14, 3] 
(-7, 0, -3), [9, 0, 13] 
(-5, -2, -11), [11, 14, 5] 
(-7, 0, -1), [9, 0, 15] 
(-5, -2, -9), [11, 14, 7] 
(-7, 0, 1), [9, 0, 1] 
(-5, -2, -7), [11, 14, 9] 
(-7, 0, 3), [9, 0, 3] 
(5, -12, 65), [5, 4, 1] 
(-5, -2, -5), [11, 14, 11] 
(-7, 0, 5), [9, 0, 5] 
(-7, 0, 9), [9, 0, 9] 
(-5, -2, -1), [11, 14, 15] 
(-7, 0, 11), [9, 0, 11] 
(-5, -2, 1), [11, 14, 1] 
(-3, -4, 1), [13, 12, 1] 
(-7, 0, 13), [9, 0, 13] 
(-5, -2, 3), [11, 14, 3] 
(-3, -4, 3), [13, 12, 3] 
(-7, 0, 15), [9, 0, 15] 
(-5, -2, 5), [11, 14, 5] 
(-3, -4, 5), [13, 12, 5] 
(-7, 0, 17), [9, 0, 1] 
(-5, -2, 7), [11, 14, 7] 
(3, -10, 49), [3, 6, 1] 
(-3, -4, 7), [13, 12, 7] 
(-7, 0, 19), [9, 0, 3] 
(-5, -2, 9), [11, 14, 9] 
(3, -10, 51), [3, 6, 3] 
(-3, -4, 9), [13, 12, 9] 
(-7, 0, 21), [9, 0, 5] 
(-5, -2, 11), [11, 14, 11] 
(-1, -6, 17), [15, 10, 1] 
(-5, -2, 13), [11, 14, 13] 
(1, -8, 33), [1, 8, 1] 
(-1, -6, 19), [15, 10, 3] 
(-7, 0, 25), [9, 0, 9] 
(-3, -4, 13), [13, 12, 13] 
(3, -10, 55), [3, 6, 7] 
(-5, -2, 15), [11, 14, 15] 
(1, -8, 35), [1, 8, 3] 
(-1, -6, 21), [15, 10, 5] 
(-7, 0, 27), [9, 0, 11] 
(-3, -4, 15), [13, 12, 15] 
(1, -8, 37), [1, 8, 5] 
(-1, -6, 23), [15, 10, 7] 
(-7, 0, 29), [9, 0, 13] 
(-3, -4, 17), [13, 12, 1] 
(-5, -2, 19), [11, 14, 3] 
(-3, -4, 19), [13, 12, 3] 
(-5, -2, 21), [11, 14, 5] 
(-1, -6, 27), [15, 10, 11] 
(1, -8, 41), [1, 8, 9] 
(-3, -4, 21), [13, 12, 5] 
(-5, -2, 23), [11, 14, 7] 
(-1, -6, 29), [15, 10, 13] 
(1, -8, 43), [1, 8, 11] 
(-3, -4, 23), [13, 12, 7] 
(-5, -2, 25), [11, 14, 9] 
(-1, -6, 31), [15, 10, 15] 
(1, -8, 45), [1, 8, 13] 
(-3, -4, 25), [13, 12, 9] 
(-5, -2, 27), [11, 14, 11] 
(-1, -6, 33), [15, 10, 1] 
(-1, -6, 35), [15, 10, 3] 
(-5, -2, 31), [11, 14, 15] 
(-3, -4, 29), [13, 12, 13] 
(-3, -4, 31), [13, 12, 15] 
(-1, -6, 39), [15, 10, 7] 
(-3, -4, 33), [13, 12, 1] 
(-7, 1, -21), [9, 1, 11] 
(-7, 1, -19), [9, 1, 13] 
(-7, 1, -17), [9, 1, 15] 
(-7, 1, -15), [9, 1, 1] 
(-7, 1, -13), [9, 1, 3] 
(-5, -1, -23), [11, 15, 9] 
(7, -13, 73), [7, 3, 9] 
(-7, 1, -11), [9, 1, 5] 
(-5, -1, -21), [11, 15, 11] 
(-7, 1, -9), [9, 1, 7] 
(-5, -1, -19), [11, 15, 13] 
(-7, 1, -7), [9, 1, 9] 
(-5, -1, -17), [11, 15, 15] 
(-7, 1, -5), [9, 1, 11] 
(-5, -1, -15), [11, 15, 1] 
(-7, 1, -3), [9, 1, 13] 
(-5, -1, -13), [11, 15, 3] 
(-7, 1, -1), [9, 1, 15] 
(-5, -1, -11), [11, 15, 5] 
(-7, 1, 1), [9, 1, 1] 
(-7, 1, 3), [9, 1, 3] 
(-5, -1, -9), [11, 15, 7] 
(-7, 1, 5), [9, 1, 5] 
(-5, -1, -7), [11, 15, 9] 
(-7, 1, 7), [9, 1, 7] 
(-5, -1, -5), [11, 15, 11] 
(-3, -3, -7), [13, 13, 9] 
(5, -11, 57), [5, 5, 9] 
(-7, 1, 9), [9, 1, 9] 
(-5, -1, -3), [11, 15, 13] 
(-3, -3, -5), [13, 13, 11] 
(5, -11, 59), [5, 5, 11] 
(-7, 1, 11), [9, 1, 11] 
(-5, -1, -1), [11, 15, 15] 
(-3, -3, -3), [13, 13, 13] 
(-7, 1, 13), [9, 1, 13] 
(5, -11, 61), [5, 5, 13] 
(-5, -1, 1), [11, 15, 1] 
(-3, -3, -1), [13, 13, 15] 
(-7, 1, 15), [9, 1, 15] 
(-5, -1, 3), [11, 15, 3] 
(-3, -3, 1), [13, 13, 1] 
(-7, 1, 17), [9, 1, 1] 
(-5, -1, 5), [11, 15, 5] 
(-3, -3, 3), [13, 13, 3] 
(-7, 1, 19), [9, 1, 3] 
(-5, -1, 7), [11, 15, 7] 
(-1, -5, 9), [15, 11, 9] 
(3, -9, 41), [3, 7, 9] 
(-7, 1, 21), [9, 1, 5] 
(-3, -3, 5), [13, 13, 5] 
(-5, -1, 9), [11, 15, 9] 
(-1, -5, 11), [15, 11, 11] 
(3, -9, 43), [3, 7, 11] 
(-7, 1, 23), [9, 1, 7] 
(-3, -3, 7), [13, 13, 7] 
(-1, -5, 13), [15, 11, 13] 
(3, -9, 45), [3, 7, 13] 
(-7, 1, 25), [9, 1, 9] 
(-3, -3, 9), [13, 13, 9] 
(1, -7, 27), [1, 9, 11] 
(-1, -5, 15), [15, 11, 15] 
(-7, 1, 27), [9, 1, 11] 
(3, -9, 47), [3, 7, 15] 
(-3, -3, 11), [13, 13, 11] 
(1, -7, 29), [1, 9, 13] 
(-1, -5, 17), [15, 11, 1] 
(-7, 1, 29), [9, 1, 13] 
(3, -9, 49), [3, 7, 1] 
(-3, -3, 13), [13, 13, 13] 
(-5, -1, 17), [11, 15, 1] 
(1, -7, 31), [1, 9, 15] 
(-7, 1, 31), [9, 1, 15] 
(-1, -5, 19), [15, 11, 3] 
(-3, -3, 15), [13, 13, 15] 
(3, -9, 51), [3, 7, 3] 
(-5, -1, 19), [11, 15, 3] 
(1, -7, 33), [1, 9, 1] 
(-1, -5, 21), [15, 11, 5] 
(-3, -3, 17), [13, 13, 1] 
(-5, -1, 21), [11, 15, 5] 
(-1, -5, 23), [15, 11, 7] 
(-3, -3, 19), [13, 13, 3] 
(-5, -1, 23), [11, 15, 7] 
(1, -7, 37), [1, 9, 5] 
(-1, -5, 25), [15, 11, 9] 
(-3, -3, 21), [13, 13, 5] 
(-5, -1, 25), [11, 15, 9] 
(-1, -5, 27), [15, 11, 11] 
(1, -7, 39), [1, 9, 7] 
(-5, -1, 27), [11, 15, 11] 
(-3, -3, 23), [13, 13, 7] 
(-1, -5, 29), [15, 11, 13] 
(1, -7, 41), [1, 9, 9] 
(-5, -1, 29), [11, 15, 13] 
(-3, -3, 25), [13, 13, 9] 
(-1, -5, 31), [15, 11, 15] 
(-5, -1, 31), [11, 15, 15] 
(1, -7, 43), [1, 9, 11] 
(-3, -3, 27), [13, 13, 11] 
(-5, 0, -29), [11, 0, 3] 
(-7, 2, -15), [9, 2, 1] 
(-5, 0, -27), [11, 0, 5] 
(-7, 2, -13), [9, 2, 3] 
(-5, 0, -25), [11, 0, 7] 
(-7, 2, -11), [9, 2, 5] 
(-5, 0, -23), [11, 0, 9] 
(-7, 2, -9), [9, 2, 7] 
(-5, 0, -21), [11, 0, 11] 
(-7, 2, -7), [9, 2, 9] 
(7, -12, 65), [7, 4, 1] 
(-5, 0, -19), [11, 0, 13] 
(-7, 2, -5), [9, 2, 11] 
(-7, 2, -1), [9, 2, 15] 
(-5, 0, -15), [11, 0, 1] 
(-7, 2, 1), [9, 2, 1] 
(-5, 0, -13), [11, 0, 3] 
(-7, 2, 3), [9, 2, 3] 
(-5, 0, -11), [11, 0, 5] 
(-3, -2, -15), [13, 14, 1] 
(-7, 2, 5), [9, 2, 5] 
(-5, 0, -9), [11, 0, 7] 
(-3, -2, -13), [13, 14, 3] 
(-7, 2, 7), [9, 2, 7] 
(-5, 0, -7), [11, 0, 9] 
(-3, -2, -11), [13, 14, 5] 
(-7, 2, 9), [9, 2, 9] 
(-5, 0, -5), [11, 0, 11] 
(-3, -2, -9), [13, 14, 7] 
(-7, 2, 11), [9, 2, 11] 
(-5, 0, -3), [11, 0, 13] 
(5, -10, 49), [5, 6, 1] 
(-3, -2, -7), [13, 14, 9] 
(-7, 2, 13), [9, 2, 13] 
(-5, 0, -1), [11, 0, 15] 
(5, -10, 51), [5, 6, 3] 
(-3, -2, -5), [13, 14, 11] 
(-7, 2, 15), [9, 2, 15] 
(-5, 0, 1), [11, 0, 1] 
(-5, 0, 3), [11, 0, 3] 
(-1, -4, 1), [15, 12, 1] 
(-7, 2, 19), [9, 2, 3] 
(-3, -2, -1), [13, 14, 15] 
(5, -10, 55), [5, 6, 7] 
(-5, 0, 5), [11, 0, 5] 
(-1, -4, 3), [15, 12, 3] 
(-7, 2, 21), [9, 2, 5] 
(-3, -2, 1), [13, 14, 1] 
(3, -8, 33), [3, 8, 1] 
(-1, -4, 5), [15, 12, 5] 
(-7, 2, 23), [9, 2, 7] 
(-3, -2, 3), [13, 14, 3] 
(-5, 0, 9), [11, 0, 9] 
(1, -6, 17), [1, 10, 1] 
(3, -8, 35), [3, 8, 3] 
(-1, -4, 7), [15, 12, 7] 
(-7, 2, 25), [9, 2, 9] 
(-3, -2, 5), [13, 14, 5] 
(-5, 0, 11), [11, 0, 11] 
(1, -6, 19), [1, 10, 3] 
(3, -8, 37), [3, 8, 5] 
(-1, -4, 9), [15, 12, 9] 
(-7, 2, 27), [9, 2, 11] 
(-3, -2, 7), [13, 14, 7] 
(-5, 0, 13), [11, 0, 13] 
(1, -6, 21), [1, 10, 5] 
(-3, -2, 9), [13, 14, 9] 
(-5, 0, 15), [11, 0, 15] 
(1, -6, 23), [1, 10, 7] 
(-7, 2, 31), [9, 2, 15] 
(-1, -4, 13), [15, 12, 13] 
(3, -8, 41), [3, 8, 9] 
(-3, -2, 11), [13, 14, 11] 
(-5, 0, 17), [11, 0, 1] 
(-1, -4, 15), [15, 12, 15] 
(3, -8, 43), [3, 8, 11] 
(-3, -2, 13), [13, 14, 13] 
(-5, 0, 19), [11, 0, 3] 
(1, -6, 27), [1, 10, 11] 
(-1, -4, 17), [15, 12, 1] 
(3, -8, 45), [3, 8, 13] 
(-3, -2, 15), [13, 14, 15] 
(-5, 0, 21), [11, 0, 5] 
(1, -6, 29), [1, 10, 13] 
(-1, -4, 19), [15, 12, 3] 
(1, -6, 31), [1, 10, 15] 
(-1, -4, 21), [15, 12, 5] 
(-5, 0, 25), [11, 0, 9] 
(-3, -2, 19), [13, 14, 3] 
(1, -6, 33), [1, 10, 1] 
(-1, -4, 23), [15, 12, 7] 
(-5, 0, 27), [11, 0, 11] 
(-3, -2, 21), [13, 14, 5] 
(1, -6, 35), [1, 10, 3] 
(-1, -4, 25), [15, 12, 9] 
(-5, 0, 29), [11, 0, 13] 
(-3, -2, 23), [13, 14, 7] 
(-3, -2, 25), [13, 14, 9] 
(-1, -4, 29), [15, 12, 13] 
(1, -6, 39), [1, 10, 7] 
(-3, -2, 27), [13, 14, 11] 
(-1, -4, 31), [15, 12, 15] 
(-3, -2, 31), [13, 14, 15] 
(-5, 1, -23), [11, 1, 9] 
(-7, 3, -5), [9, 3, 11] 
(-5, 1, -21), [11, 1, 11] 
(-7, 3, -3), [9, 3, 13] 
(-5, 1, -19), [11, 1, 13] 
(-7, 3, -1), [9, 3, 15] 
(-5, 1, -17), [11, 1, 15] 
(-3, -1, -23), [13, 15, 9] 
(7, -11, 57), [7, 5, 9] 
(-7, 3, 1), [9, 3, 1] 
(-5, 1, -15), [11, 1, 1] 
(-3, -1, -21), [13, 15, 11] 
(7, -11, 59), [7, 5, 11] 
(-7, 3, 3), [9, 3, 3] 
(-5, 1, -13), [11, 1, 3] 
(-3, -1, -19), [13, 15, 13] 
(-7, 3, 5), [9, 3, 5] 
(7, -11, 61), [7, 5, 13] 
(-5, 1, -11), [11, 1, 5] 
(-3, -1, -17), [13, 15, 15] 
(-7, 3, 7), [9, 3, 7] 
(-5, 1, -9), [11, 1, 7] 
(-3, -1, -15), [13, 15, 1] 
(-7, 3, 9), [9, 3, 9] 
(-5, 1, -7), [11, 1, 9] 
(-3, -1, -13), [13, 15, 3] 
(-7, 3, 11), [9, 3, 11] 
(-5, 1, -5), [11, 1, 11] 
(-3, -1, -11), [13, 15, 5] 
(-7, 3, 13), [9, 3, 13] 
(-5, 1, -3), [11, 1, 13] 
(-7, 3, 15), [9, 3, 15] 
(-3, -1, -9), [13, 15, 7] 
(-5, 1, -1), [11, 1, 15] 
(-1, -3, -7), [15, 13, 9] 
(5, -9, 41), [5, 7, 9] 
(-7, 3, 17), [9, 3, 1] 
(-3, -1, -7), [13, 15, 9] 
(-1, -3, -5), [15, 13, 11] 
(5, -9, 43), [5, 7, 11] 
(-7, 3, 19), [9, 3, 3] 
(-3, -1, -5), [13, 15, 11] 
(-1, -3, -3), [15, 13, 13] 
(5, -9, 45), [5, 7, 13] 
(-7, 3, 21), [9, 3, 5] 
(-3, -1, -3), [13, 15, 13] 
(-5, 1, 5), [11, 1, 5] 
(-1, -3, -1), [15, 13, 15] 
(-7, 3, 23), [9, 3, 7] 
(5, -9, 47), [5, 7, 15] 
(-3, -1, -1), [13, 15, 15] 
(-5, 1, 7), [11, 1, 7] 
(1, -5, 9), [1, 11, 9] 
(3, -7, 25), [3, 9, 9] 
(-1, -3, 1), [15, 13, 1] 
(-7, 3, 25), [9, 3, 9] 
(5, -9, 49), [5, 7, 1] 
(-3, -1, 1), [13, 15, 1] 
(-5, 1, 9), [11, 1, 9] 
(1, -5, 11), [1, 11, 11] 
(3, -7, 27), [3, 9, 11] 
(-1, -3, 3), [15, 13, 3] 
(-7, 3, 27), [9, 3, 11] 
(-3, -1, 3), [13, 15, 3] 
(5, -9, 51), [5, 7, 3] 
(-5, 1, 11), [11, 1, 11] 
(1, -5, 13), [1, 11, 13] 
(3, -7, 29), [3, 9, 13] 
(-7, 3, 29), [9, 3, 13] 
(-1, -3, 5), [15, 13, 5] 
(-3, -1, 5), [13, 15, 5] 
(-5, 1, 13), [11, 1, 13] 
(1, -5, 15), [1, 11, 15] 
(3, -7, 31), [3, 9, 15] 
(-7, 3, 31), [9, 3, 15] 
(-1, -3, 7), [15, 13, 7] 
(-3, -1, 7), [13, 15, 7] 
(-5, 1, 15), [11, 1, 15] 
(1, -5, 17), [1, 11, 1] 
(-7, 3, 33), [9, 3, 1] 
(3, -7, 33), [3, 9, 1] 
(-1, -3, 9), [15, 13, 9] 
(-3, -1, 9), [13, 15, 9] 
(-5, 1, 17), [11, 1, 1] 
(1, -5, 19), [1, 11, 3] 
(3, -7, 35), [3, 9, 3] 
(-1, -3, 11), [15, 13, 11] 
(-3, -1, 11), [13, 15, 11] 
(-5, 1, 19), [11, 1, 3] 
(1, -5, 21), [1, 11, 5] 
(3, -7, 37), [3, 9, 5] 
(-1, -3, 13), [15, 13, 13] 
(-5, 1, 21), [11, 1, 5] 
(-3, -1, 13), [13, 15, 13] 
(1, -5, 23), [1, 11, 7] 
(-1, -3, 15), [15, 13, 15] 
(3, -7, 39), [3, 9, 7] 
(-5, 1, 23), [11, 1, 7] 
(-3, -1, 15), [13, 15, 15] 
(-1, -3, 17), [15, 13, 1] 
(3, -7, 41), [3, 9, 9] 
(-5, 1, 25), [11, 1, 9] 
(-3, -1, 17), [13, 15, 1] 
(-1, -3, 19), [15, 13, 3] 
(-5, 1, 27), [11, 1, 11] 
(3, -7, 43), [3, 9, 11] 
(-3, -1, 19), [13, 15, 3] 
(1, -5, 29), [1, 11, 13] 
(-1, -3, 21), [15, 13, 5] 
(-5, 1, 29), [11, 1, 13] 
(-3, -1, 21), [13, 15, 5] 
(1, -5, 31), [1, 11, 15] 
(-5, 1, 31), [11, 1, 15] 
(-1, -3, 23), [15, 13, 7] 
(-3, -1, 23), [13, 15, 7] 
(1, -5, 33), [1, 11, 1] 
(-1, -3, 25), [15, 13, 9] 
(1, -5, 35), [1, 11, 3] 
(-1, -3, 27), [15, 13, 11] 
(-1, -3, 29), [15, 13, 13] 
(1, -5, 37), [1, 11, 5] 
(-3, -1, 29), [13, 15, 13] 
(-1, -3, 31), [15, 13, 15] 
(-3, -1, 31), [13, 15, 15] 
(-3, 0, -29), [13, 0, 3] 
(-3, 0, -27), [13, 0, 5] 
(-7, 4, 1), [9, 4, 1] 
(-3, 0, -25), [13, 0, 7] 
(-7, 4, 3), [9, 4, 3] 
(-5, 2, -15), [11, 2, 1] 
(-3, 0, -23), [13, 0, 9] 
(-7, 4, 5), [9, 4, 5] 
(-5, 2, -13), [11, 2, 3] 
(7, -10, 49), [7, 6, 1] 
(-3, 0, -21), [13, 0, 11] 
(-7, 4, 7), [9, 4, 7] 
(-5, 2, -11), [11, 2, 5] 
(7, -10, 51), [7, 6, 3] 
(-3, 0, -19), [13, 0, 13] 
(-7, 4, 9), [9, 4, 9] 
(-5, 2, -9), [11, 2, 7] 
(-5, 2, -7), [11, 2, 9] 
(-7, 4, 13), [9, 4, 13] 
(-3, 0, -15), [13, 0, 1] 
(7, -10, 55), [7, 6, 7] 
(-1, -2, -15), [15, 14, 1] 
(-7, 4, 15), [9, 4, 15] 
(-3, 0, -13), [13, 0, 3] 
(-1, -2, -13), [15, 14, 3] 
(-7, 4, 17), [9, 4, 1] 
(-3, 0, -11), [13, 0, 5] 
(-1, -2, -11), [15, 14, 5] 
(-7, 4, 19), [9, 4, 3] 
(-3, 0, -9), [13, 0, 7] 
(-5, 2, 1), [11, 2, 1] 
(5, -8, 33), [5, 8, 1] 
(-1, -2, -9), [15, 14, 7] 
(-7, 4, 21), [9, 4, 5] 
(-3, 0, -7), [13, 0, 9] 
(-5, 2, 3), [11, 2, 3] 
(5, -8, 35), [5, 8, 3] 
(-1, -2, -7), [15, 14, 9] 
(-7, 4, 23), [9, 4, 7] 
(-3, 0, -5), [13, 0, 11] 
(-5, 2, 5), [11, 2, 5] 
(1, -4, 1), [1, 12, 1] 
(5, -8, 37), [5, 8, 5] 
(-1, -2, -5), [15, 14, 11] 
(-7, 4, 25), [9, 4, 9] 
(-3, 0, -3), [13, 0, 13] 
(-5, 2, 7), [11, 2, 7] 
(3, -6, 17), [3, 10, 1] 
(1, -4, 3), [1, 12, 3] 
(-3, 0, -1), [13, 0, 15] 
(-5, 2, 9), [11, 2, 9] 
(3, -6, 19), [3, 10, 3] 
(1, -4, 5), [1, 12, 5] 
(-7, 4, 29), [9, 4, 13] 
(-1, -2, -1), [15, 14, 15] 
(5, -8, 41), [5, 8, 9] 
(-3, 0, 1), [13, 0, 1] 
(-5, 2, 11), [11, 2, 11] 
(3, -6, 21), [3, 10, 5] 
(1, -4, 7), [1, 12, 7] 
(-7, 4, 31), [9, 4, 15] 
(-1, -2, 1), [15, 14, 1] 
(5, -8, 43), [5, 8, 11] 
(-3, 0, 3), [13, 0, 3] 
(-5, 2, 13), [11, 2, 13] 
(3, -6, 23), [3, 10, 7] 
(1, -4, 9), [1, 12, 9] 
(-7, 4, 33), [9, 4, 1] 
(-1, -2, 3), [15, 14, 3] 
(5, -8, 45), [5, 8, 13] 
(-3, 0, 5), [13, 0, 5] 
(-5, 2, 15), [11, 2, 15] 
(-1, -2, 5), [15, 14, 5] 
(1, -4, 13), [1, 12, 13] 
(3, -6, 27), [3, 10, 11] 
(-1, -2, 7), [15, 14, 7] 
(-5, 2, 19), [11, 2, 3] 
(-3, 0, 9), [13, 0, 9] 
(1, -4, 15), [1, 12, 15] 
(3, -6, 29), [3, 10, 13] 
(-1, -2, 9), [15, 14, 9] 
(-5, 2, 21), [11, 2, 5] 
(-3, 0, 11), [13, 0, 11] 
(1, -4, 17), [1, 12, 1] 
(3, -6, 31), [3, 10, 15] 
(-1, -2, 11), [15, 14, 11] 
(-5, 2, 23), [11, 2, 7] 
(-3, 0, 13), [13, 0, 13] 
(1, -4, 19), [1, 12, 3] 
(3, -6, 33), [3, 10, 1] 
(-1, -2, 13), [15, 14, 13] 
(-5, 2, 25), [11, 2, 9] 
(-3, 0, 15), [13, 0, 15] 
(1, -4, 21), [1, 12, 5] 
(3, -6, 35), [3, 10, 3] 
(-1, -2, 15), [15, 14, 15] 
(-5, 2, 27), [11, 2, 11] 
(-3, 0, 17), [13, 0, 1] 
(1, -4, 23), [1, 12, 7] 
(-3, 0, 19), [13, 0, 3] 
(1, -4, 25), [1, 12, 9] 
(-5, 2, 31), [11, 2, 15] 
(-1, -2, 19), [15, 14, 3] 
(3, -6, 39), [3, 10, 7] 
(-3, 0, 21), [13, 0, 5] 
(-1, -2, 21), [15, 14, 5] 
(1, -4, 29), [1, 12, 13] 
(-1, -2, 23), [15, 14, 7] 
(1, -4, 31), [1, 12, 15] 
(-1, -2, 25), [15, 14, 9] 
(-3, 0, 27), [13, 0, 11] 
(1, -4, 33), [1, 12, 1] 
(-1, -2, 27), [15, 14, 11] 
(-3, 0, 29), [13, 0, 13] 
(-1, -2, 31), [15, 14, 15] 
(-7, 5, 9), [9, 5, 9] 
(-3, 1, -23), [13, 1, 9] 
(-7, 5, 11), [9, 5, 11] 
(-3, 1, -21), [13, 1, 11] 
(-1, -1, -23), [15, 15, 9] 
(7, -9, 41), [7, 7, 9] 
(-7, 5, 13), [9, 5, 13] 
(-3, 1, -19), [13, 1, 13] 
(-1, -1, -21), [15, 15, 11] 
(7, -9, 43), [7, 7, 11] 
(-7, 5, 15), [9, 5, 15] 
(-3, 1, -17), [13, 1, 15] 
(-5, 3, -5), [11, 3, 11] 
(-1, -1, -19), [15, 15, 13] 
(7, -9, 45), [7, 7, 13] 
(-7, 5, 17), [9, 5, 1] 
(-3, 1, -15), [13, 1, 1] 
(-5, 3, -3), [11, 3, 13] 
(-1, -1, -17), [15, 15, 15] 
(-7, 5, 19), [9, 5, 3] 
(7, -9, 47), [7, 7, 15] 
(-3, 1, -13), [13, 1, 3] 
(-5, 3, -1), [11, 3, 15] 
(-1, -1, -15), [15, 15, 1] 
(-7, 5, 21), [9, 5, 5] 
(7, -9, 49), [7, 7, 1] 
(-3, 1, -11), [13, 1, 5] 
(-5, 3, 1), [11, 3, 1] 
(-1, -1, -13), [15, 15, 3] 
(-7, 5, 23), [9, 5, 7] 
(-3, 1, -9), [13, 1, 7] 
(7, -9, 51), [7, 7, 3] 
(-5, 3, 3), [11, 3, 3] 
(1, -3, -7), [1, 13, 9] 
(5, -7, 25), [5, 9, 9] 
(-1, -1, -11), [15, 15, 5] 
(-7, 5, 25), [9, 5, 9] 
(-3, 1, -7), [13, 1, 9] 
(-5, 3, 5), [11, 3, 5] 
(1, -3, -5), [1, 13, 11] 
(5, -7, 27), [5, 9, 11] 
(-7, 5, 27), [9, 5, 11] 
(-1, -1, -9), [15, 15, 7] 
(-3, 1, -5), [13, 1, 11] 
(-5, 3, 7), [11, 3, 7] 
(1, -3, -3), [1, 13, 13] 
(5, -7, 29), [5, 9, 13] 
(-7, 5, 29), [9, 5, 13] 
(-1, -1, -7), [15, 15, 9] 
(-3, 1, -3), [13, 1, 13] 
(-5, 3, 9), [11, 3, 9] 
(1, -3, -1), [1, 13, 15] 
(5, -7, 31), [5, 9, 15] 
(-7, 5, 31), [9, 5, 15] 
(-1, -1, -5), [15, 15, 11] 
(-3, 1, -1), [13, 1, 15] 
(-5, 3, 11), [11, 3, 11] 
(1, -3, 1), [1, 13, 1] 
(-7, 5, 33), [9, 5, 1] 
(5, -7, 33), [5, 9, 1] 
(-1, -1, -3), [15, 15, 13] 
(-3, 1, 1), [13, 1, 1] 
(-5, 3, 13), [11, 3, 13] 
(3, -5, 15), [3, 11, 15] 
(1, -3, 3), [1, 13, 3] 
(-7, 5, 35), [9, 5, 3] 
(5, -7, 35), [5, 9, 3] 
(-1, -1, -1), [15, 15, 15] 
(-5, 3, 15), [11, 3, 15] 
(-3, 1, 3), [13, 1, 3] 
(3, -5, 17), [3, 11, 1] 
(-7, 5, 37), [9, 5, 5] 
(1, -3, 5), [1, 13, 5] 
(5, -7, 37), [5, 9, 5] 
(-1, -1, 1), [15, 15, 1] 
(-5, 3, 17), [11, 3, 1] 
(-3, 1, 5), [13, 1, 5] 
(3, -5, 19), [3, 11, 3] 
(1, -3, 7), [1, 13, 7] 
(-1, -1, 3), [15, 15, 3] 
(5, -7, 39), [5, 9, 7] 
(-5, 3, 19), [11, 3, 3] 
(-3, 1, 7), [13, 1, 7] 
(3, -5, 21), [3, 11, 5] 
(1, -3, 9), [1, 13, 9] 
(-1, -1, 5), [15, 15, 5] 
(5, -7, 41), [5, 9, 9] 
(-5, 3, 21), [11, 3, 5] 
(-3, 1, 9), [13, 1, 9] 
(3, -5, 23), [3, 11, 7] 
(1, -3, 11), [1, 13, 11] 
(-1, -1, 7), [15, 15, 7] 
(-5, 3, 23), [11, 3, 7] 
(5, -7, 43), [5, 9, 11] 
(-3, 1, 11), [13, 1, 11] 
(3, -5, 25), [3, 11, 9] 
(1, -3, 13), [1, 13, 13] 
(-1, -1, 9), [15, 15, 9] 
(-5, 3, 25), [11, 3, 9] 
(-3, 1, 13), [13, 1, 13] 
(1, -3, 15), [1, 13, 15] 
(3, -5, 27), [3, 11, 11] 
(-1, -1, 11), [15, 15, 11] 
(-5, 3, 27), [11, 3, 11] 
(-3, 1, 15), [13, 1, 15] 
(1, -3, 17), [1, 13, 1] 
(3, -5, 29), [3, 11, 13] 
(-5, 3, 29), [11, 3, 13] 
(-1, -1, 13), [15, 15, 13] 
(-3, 1, 17), [13, 1, 1] 
(1, -3, 19), [1, 13, 3] 
(3, -5, 31), [3, 11, 15] 
(-5, 3, 31), [11, 3, 15] 
(-1, -1, 15), [15, 15, 15] 
(1, -3, 21), [1, 13, 5] 
(-5, 3, 33), [11, 3, 1] 
(3, -5, 33), [3, 11, 1] 
(-1, -1, 17), [15, 15, 1] 
(1, -3, 23), [1, 13, 7] 
(3, -5, 35), [3, 11, 3] 
(-1, -1, 19), [15, 15, 3] 
(-3, 1, 23), [13, 1, 7] 
(1, -3, 25), [1, 13, 9] 
(-1, -1, 21), [15, 15, 5] 
(3, -5, 37), [3, 11, 5] 
(-1, -1, 23), [15, 15, 7] 
(-3, 1, 27), [13, 1, 11] 
(-1, -1, 25), [15, 15, 9] 
(-3, 1, 29), [13, 1, 13] 
(1, -3, 31), [1, 13, 15] 
(-3, 1, 31), [13, 1, 15] 
(-1, -1, 27), [15, 15, 11] 
(-1, 0, -29), [15, 0, 3] 
(-1, 0, -27), [15, 0, 5] 
(-1, 0, -25), [15, 0, 7] 
(-7, 6, 17), [9, 6, 1] 
(7, -8, 33), [7, 8, 1] 
(-1, 0, -23), [15, 0, 9] 
(-7, 6, 19), [9, 6, 3] 
(7, -8, 35), [7, 8, 3] 
(-1, 0, -21), [15, 0, 11] 
(-7, 6, 21), [9, 6, 5] 
(-3, 2, -15), [13, 2, 1] 
(7, -8, 37), [7, 8, 5] 
(-1, 0, -19), [15, 0, 13] 
(-7, 6, 23), [9, 6, 7] 
(-3, 2, -13), [13, 2, 3] 
(-5, 4, 1), [11, 4, 1] 
(1, -2, -15), [1, 14, 1] 
(-3, 2, -11), [13, 2, 5] 
(-5, 4, 3), [11, 4, 3] 
(1, -2, -13), [1, 14, 3] 
(-7, 6, 27), [9, 6, 11] 
(-1, 0, -15), [15, 0, 1] 
(7, -8, 41), [7, 8, 9] 
(-3, 2, -9), [13, 2, 7] 
(-5, 4, 5), [11, 4, 5] 
(5, -6, 17), [5, 10, 1] 
(1, -2, -11), [1, 14, 5] 
(-7, 6, 29), [9, 6, 13] 
(-1, 0, -13), [15, 0, 3] 
(7, -8, 43), [7, 8, 11] 
(-3, 2, -7), [13, 2, 9] 
(-5, 4, 7), [11, 4, 7] 
(3, -4, 1), [3, 12, 1] 
(5, -6, 19), [5, 10, 3] 
(1, -2, -9), [1, 14, 7] 
(-7, 6, 31), [9, 6, 15] 
(-1, 0, -11), [15, 0, 5] 
(7, -8, 45), [7, 8, 13] 
(-3, 2, -5), [13, 2, 11] 
(-5, 4, 9), [11, 4, 9] 
(3, -4, 3), [3, 12, 3] 
(5, -6, 21), [5, 10, 5] 
(1, -2, -7), [1, 14, 9] 
(-7, 6, 33), [9, 6, 1] 
(-1, 0, -9), [15, 0, 7] 
(3, -4, 5), [3, 12, 5] 
(5, -6, 23), [5, 10, 7] 
(1, -2, -5), [1, 14, 11] 
(-7, 6, 35), [9, 6, 3] 
(-1, 0, -7), [15, 0, 9] 
(-5, 4, 13), [11, 4, 13] 
(-3, 2, -1), [13, 2, 15] 
(3, -4, 7), [3, 12, 7] 
(-1, 0, -5), [15, 0, 11] 
(-5, 4, 15), [11, 4, 15] 
(-3, 2, 1), [13, 2, 1] 
(3, -4, 9), [3, 12, 9] 
(-7, 6, 39), [9, 6, 7] 
(1, -2, -1), [1, 14, 15] 
(5, -6, 27), [5, 10, 11] 
(-1, 0, -3), [15, 0, 13] 
(-5, 4, 17), [11, 4, 1] 
(-3, 2, 3), [13, 2, 3] 
(1, -2, 1), [1, 14, 1] 
(5, -6, 29), [5, 10, 13] 
(-1, 0, -1), [15, 0, 15] 
(-5, 4, 19), [11, 4, 3] 
(-3, 2, 5), [13, 2, 5] 
(3, -4, 13), [3, 12, 13] 
(1, -2, 3), [1, 14, 3] 
(5, -6, 31), [5, 10, 15] 
(-1, 0, 1), [15, 0, 1] 
(-5, 4, 21), [11, 4, 5] 
(-3, 2, 7), [13, 2, 7] 
(3, -4, 15), [3, 12, 15] 
(1, -2, 5), [1, 14, 5] 
(5, -6, 33), [5, 10, 1] 
(-1, 0, 3), [15, 0, 3] 
(-5, 4, 23), [11, 4, 7] 
(-3, 2, 9), [13, 2, 9] 
(3, -4, 17), [3, 12, 1] 
(1, -2, 7), [1, 14, 7] 
(5, -6, 35), [5, 10, 3] 
(-1, 0, 5), [15, 0, 5] 
(-5, 4, 25), [11, 4, 9] 
(-3, 2, 11), [13, 2, 11] 
(3, -4, 19), [3, 12, 3] 
(1, -2, 9), [1, 14, 9] 
(-3, 2, 13), [13, 2, 13] 
(3, -4, 21), [3, 12, 5] 
(1, -2, 11), [1, 14, 11] 
(-5, 4, 29), [11, 4, 13] 
(-1, 0, 9), [15, 0, 9] 
(5, -6, 39), [5, 10, 7] 
(-3, 2, 15), [13, 2, 15] 
(3, -4, 23), [3, 12, 7] 
(1, -2, 13), [1, 14, 13] 
(-5, 4, 31), [11, 4, 15] 
(-1, 0, 11), [15, 0, 11] 
(3, -4, 25), [3, 12, 9] 
(1, -2, 15), [1, 14, 15] 
(-5, 4, 33), [11, 4, 1] 
(-1, 0, 13), [15, 0, 13] 
(-3, 2, 19), [13, 2, 3] 
(-1, 0, 15), [15, 0, 15] 
(-3, 2, 21), [13, 2, 5] 
(1, -2, 19), [1, 14, 3] 
(3, -4, 29), [3, 12, 13] 
(-1, 0, 17), [15, 0, 1] 
(-3, 2, 23), [13, 2, 7] 
(1, -2, 21), [1, 14, 5] 
(3, -4, 31), [3, 12, 15] 
(-1, 0, 19), [15, 0, 3] 
(-3, 2, 25), [13, 2, 9] 
(1, -2, 23), [1, 14, 7] 
(3, -4, 33), [3, 12, 1] 
(-1, 0, 21), [15, 0, 5] 
(-3, 2, 27), [13, 2, 11] 
(1, -2, 25), [1, 14, 9] 
(1, -2, 27), [1, 14, 11] 
(-3, 2, 31), [13, 2, 15] 
(-1, 0, 25), [15, 0, 9] 
(-1, 0, 27), [15, 0, 11] 
(1, -2, 31), [1, 14, 15] 
(-1, 0, 29), [15, 0, 13] 
(1, -1, -23), [1, 15, 9] 
(7, -7, 25), [7, 9, 9] 
(-7, 7, 25), [9, 7, 9] 
(-1, 1, -23), [15, 1, 9] 
(1, -1, -21), [1, 15, 11] 
(7, -7, 27), [7, 9, 11] 
(-7, 7, 27), [9, 7, 11] 
(-1, 1, -21), [15, 1, 11] 
(1, -1, -19), [1, 15, 13] 
(7, -7, 29), [7, 9, 13] 
(-7, 7, 29), [9, 7, 13] 
(-1, 1, -19), [15, 1, 13] 
(1, -1, -17), [1, 15, 15] 
(7, -7, 31), [7, 9, 15] 
(-7, 7, 31), [9, 7, 15] 
(-1, 1, -17), [15, 1, 15] 
(3, -3, -7), [3, 13, 9] 
(5, -5, 9), [5, 11, 9] 
(1, -1, -15), [1, 15, 1] 
(-7, 7, 33), [9, 7, 1] 
(7, -7, 33), [7, 9, 1] 
(-1, 1, -15), [15, 1, 1] 
(-5, 5, 9), [11, 5, 9] 
(-3, 3, -7), [13, 3, 9] 
(3, -3, -5), [3, 13, 11] 
(5, -5, 11), [5, 11, 11] 
(1, -1, -13), [1, 15, 3] 
(-7, 7, 35), [9, 7, 3] 
(7, -7, 35), [7, 9, 3] 
(-1, 1, -13), [15, 1, 3] 
(-5, 5, 11), [11, 5, 11] 
(-3, 3, -5), [13, 3, 11] 
(3, -3, -3), [3, 13, 13] 
(5, -5, 13), [5, 11, 13] 
(1, -1, -11), [1, 15, 5] 
(-7, 7, 37), [9, 7, 5] 
(7, -7, 37), [7, 9, 5] 
(-1, 1, -11), [15, 1, 5] 
(-5, 5, 13), [11, 5, 13] 
(-3, 3, -3), [13, 3, 13] 
(3, -3, -1), [3, 13, 15] 
(5, -5, 15), [5, 11, 15] 
(-7, 7, 39), [9, 7, 7] 
(1, -1, -9), [1, 15, 7] 
(-1, 1, -9), [15, 1, 7] 
(7, -7, 39), [7, 9, 7] 
(-5, 5, 15), [11, 5, 15] 
(-3, 3, -1), [13, 3, 15] 
(3, -3, 1), [3, 13, 1] 
(5, -5, 17), [5, 11, 1] 
(-7, 7, 41), [9, 7, 9] 
(1, -1, -7), [1, 15, 9] 
(-1, 1, -7), [15, 1, 9] 
(7, -7, 41), [7, 9, 9] 
(-5, 5, 17), [11, 5, 1] 
(-3, 3, 1), [13, 3, 1] 
(3, -3, 3), [3, 13, 3] 
(-7, 7, 43), [9, 7, 11] 
(5, -5, 19), [5, 11, 3] 
(1, -1, -5), [1, 15, 11] 
(-1, 1, -5), [15, 1, 11] 
(-5, 5, 19), [11, 5, 3] 
(7, -7, 43), [7, 9, 11] 
(-3, 3, 3), [13, 3, 3] 
(3, -3, 5), [3, 13, 5] 
(5, -5, 21), [5, 11, 5] 
(1, -1, -3), [1, 15, 13] 
(-1, 1, -3), [15, 1, 13] 
(-5, 5, 21), [11, 5, 5] 
(-3, 3, 5), [13, 3, 5] 
(3, -3, 7), [3, 13, 7] 
(5, -5, 23), [5, 11, 7] 
(1, -1, -1), [1, 15, 15] 
(-1, 1, -1), [15, 1, 15] 
(-5, 5, 23), [11, 5, 7] 
(-3, 3, 7), [13, 3, 7] 
(3, -3, 9), [3, 13, 9] 
(5, -5, 25), [5, 11, 9] 
(1, -1, 1), [1, 15, 1] 
(-1, 1, 1), [15, 1, 1] 
(-5, 5, 25), [11, 5, 9] 
(-3, 3, 9), [13, 3, 9] 
(3, -3, 11), [3, 13, 11] 
(1, -1, 3), [1, 15, 3] 
(5, -5, 27), [5, 11, 11] 
(-5, 5, 27), [11, 5, 11] 
(-1, 1, 3), [15, 1, 3] 
(-3, 3, 11), [13, 3, 11] 
(1, -1, 5), [1, 15, 5] 
(5, -5, 29), [5, 11, 13] 
(-5, 5, 29), [11, 5, 13] 
(-1, 1, 5), [15, 1, 5] 
(1, -1, 7), [1, 15, 7] 
(5, -5, 31), [5, 11, 15] 
(-5, 5, 31), [11, 5, 15] 
(-1, 1, 7), [15, 1, 7] 
(3, -3, 17), [3, 13, 1] 
(1, -1, 9), [1, 15, 9] 
(-5, 5, 33), [11, 5, 1] 
(5, -5, 33), [5, 11, 1] 
(-1, 1, 9), [15, 1, 9] 
(-3, 3, 17), [13, 3, 1] 
(3, -3, 19), [3, 13, 3] 
(1, -1, 11), [1, 15, 11] 
(-5, 5, 35), [11, 5, 3] 
(5, -5, 35), [5, 11, 3] 
(-1, 1, 11), [15, 1, 11] 
(-3, 3, 19), [13, 3, 3] 
(3, -3, 21), [3, 13, 5] 
(-5, 5, 37), [11, 5, 5] 
(1, -1, 13), [1, 15, 13] 
(-1, 1, 13), [15, 1, 13] 
(5, -5, 37), [5, 11, 5] 
(-3, 3, 21), [13, 3, 5] 
(3, -3, 23), [3, 13, 7] 
(1, -1, 15), [1, 15, 15] 
(-1, 1, 15), [15, 1, 15] 
(-3, 3, 23), [13, 3, 7] 
(3, -3, 25), [3, 13, 9] 
(1, -1, 17), [1, 15, 1] 
(-1, 1, 17), [15, 1, 1] 
(-3, 3, 25), [13, 3, 9] 
(3, -3, 27), [3, 13, 11] 
(1, -1, 19), [1, 15, 3] 
(-1, 1, 19), [15, 1, 3] 
(-3, 3, 27), [13, 3, 11] 
(1, -1, 21), [1, 15, 5] 
(3, -3, 29), [3, 13, 13] 
(-3, 3, 29), [13, 3, 13] 
(-1, 1, 21), [15, 1, 5] 
(1, -1, 23), [1, 15, 7] 
(3, -3, 31), [3, 13, 15] 
(-3, 3, 31), [13, 3, 15] 
(-1, 1, 23), [15, 1, 7] 
(1, -1, 25), [1, 15, 9] 
(-3, 3, 33), [13, 3, 1] 
(3, -3, 33), [3, 13, 1] 
(-1, 1, 25), [15, 1, 9] 
(1, -1, 27), [1, 15, 11] 
(-1, 1, 27), [15, 1, 11] 
(1, 0, -29), [1, 0, 3] 
(1, 0, -27), [1, 0, 5] 
(7, -6, 17), [7, 10, 1] 
(1, 0, -25), [1, 0, 7] 
(7, -6, 19), [7, 10, 3] 
(1, 0, -23), [1, 0, 9] 
(-7, 8, 33), [9, 8, 1] 
(3, -2, -15), [3, 14, 1] 
(7, -6, 21), [7, 10, 5] 
(1, 0, -21), [1, 0, 11] 
(-7, 8, 35), [9, 8, 3] 
(5, -4, 1), [5, 12, 1] 
(3, -2, -13), [3, 14, 3] 
(7, -6, 23), [7, 10, 7] 
(1, 0, -19), [1, 0, 13] 
(-7, 8, 37), [9, 8, 5] 
(5, -4, 3), [5, 12, 3] 
(3, -2, -11), [3, 14, 5] 
(-1, 2, -15), [15, 2, 1] 
(5, -4, 5), [5, 12, 5] 
(3, -2, -9), [3, 14, 7] 
(-7, 8, 41), [9, 8, 9] 
(1, 0, -15), [1, 0, 1] 
(7, -6, 27), [7, 10, 11] 
(-1, 2, -13), [15, 2, 3] 
(5, -4, 7), [5, 12, 7] 
(3, -2, -7), [3, 14, 9] 
(-7, 8, 43), [9, 8, 11] 
(1, 0, -13), [1, 0, 3] 
(7, -6, 29), [7, 10, 13] 
(-1, 2, -11), [15, 2, 5] 
(-5, 6, 17), [11, 6, 1] 
(5, -4, 9), [5, 12, 9] 
(3, -2, -5), [3, 14, 11] 
(-7, 8, 45), [9, 8, 13] 
(1, 0, -11), [1, 0, 5] 
(7, -6, 31), [7, 10, 15] 
(-1, 2, -9), [15, 2, 7] 
(-5, 6, 19), [11, 6, 3] 
(-3, 4, 1), [13, 4, 1] 
(1, 0, -9), [1, 0, 7] 
(7, -6, 33), [7, 10, 1] 
(-1, 2, -7), [15, 2, 9] 
(-5, 6, 21), [11, 6, 5] 
(-3, 4, 3), [13, 4, 3] 
(3, -2, -1), [3, 14, 15] 
(5, -4, 13), [5, 12, 13] 
(1, 0, -7), [1, 0, 9] 
(7, -6, 35), [7, 10, 3] 
(-1, 2, -5), [15, 2, 11] 
(-5, 6, 23), [11, 6, 7] 
(-3, 4, 5), [13, 4, 5] 
(3, -2, 1), [3, 14, 1] 
(5, -4, 15), [5, 12, 15] 
(1, 0, -5), [1, 0, 11] 
(-3, 4, 7), [13, 4, 7] 
(3, -2, 3), [3, 14, 3] 
(5, -4, 17), [5, 12, 1] 
(1, 0, -3), [1, 0, 13] 
(-5, 6, 27), [11, 6, 11] 
(-1, 2, -1), [15, 2, 15] 
(7, -6, 39), [7, 10, 7] 
(-3, 4, 9), [13, 4, 9] 
(3, -2, 5), [3, 14, 5] 
(5, -4, 19), [5, 12, 3] 
(1, 0, -1), [1, 0, 15] 
(-5, 6, 29), [11, 6, 13] 
(-1, 2, 1), [15, 2, 1] 
(3, -2, 7), [3, 14, 7] 
(5, -4, 21), [5, 12, 5] 
(1, 0, 1), [1, 0, 1] 
(-5, 6, 31), [11, 6, 15] 
(-1, 2, 3), [15, 2, 3] 
(-3, 4, 13), [13, 4, 13] 
(3, -2, 9), [3, 14, 9] 
(5, -4, 23), [5, 12, 7] 
(1, 0, 3), [1, 0, 3] 
(-5, 6, 33), [11, 6, 1] 
(-1, 2, 5), [15, 2, 5] 
(-3, 4, 15), [13, 4, 15] 
(3, -2, 11), [3, 14, 11] 
(5, -4, 25), [5, 12, 9] 
(1, 0, 5), [1, 0, 5] 
(-5, 6, 35), [11, 6, 3] 
(-1, 2, 7), [15, 2, 7] 
(-3, 4, 17), [13, 4, 1] 
(3, -2, 13), [3, 14, 13] 
(-1, 2, 9), [15, 2, 9] 
(-3, 4, 19), [13, 4, 3] 
(3, -2, 15), [3, 14, 15] 
(-5, 6, 39), [11, 6, 7] 
(1, 0, 9), [1, 0, 9] 
(5, -4, 29), [5, 12, 13] 
(-1, 2, 11), [15, 2, 11] 
(-3, 4, 21), [13, 4, 5] 
(1, 0, 11), [1, 0, 11] 
(5, -4, 31), [5, 12, 15] 
(-1, 2, 13), [15, 2, 13] 
(-3, 4, 23), [13, 4, 7] 
(3, -2, 19), [3, 14, 3] 
(1, 0, 13), [1, 0, 13] 
(5, -4, 33), [5, 12, 1] 
(-1, 2, 15), [15, 2, 15] 
(-3, 4, 25), [13, 4, 9] 
(3, -2, 21), [3, 14, 5] 
(1, 0, 15), [1, 0, 15] 
(3, -2, 23), [3, 14, 7] 
(1, 0, 17), [1, 0, 1] 
(-3, 4, 29), [13, 4, 13] 
(-1, 2, 19), [15, 2, 3] 
(3, -2, 25), [3, 14, 9] 
(1, 0, 19), [1, 0, 3] 
(-3, 4, 31), [13, 4, 15] 
(-1, 2, 21), [15, 2, 5] 
(3, -2, 27), [3, 14, 11] 
(1, 0, 21), [1, 0, 5] 
(-3, 4, 33), [13, 4, 1] 
(-1, 2, 23), [15, 2, 7] 
(-1, 2, 25), [15, 2, 9] 
(1, 0, 25), [1, 0, 9] 
(3, -2, 31), [3, 14, 15] 
(-1, 2, 27), [15, 2, 11] 
(1, 0, 27), [1, 0, 11] 
(1, 0, 29), [1, 0, 13] 
(-1, 2, 31), [15, 2, 15] 
(3, -1, -23), [3, 15, 9] 
(7, -5, 9), [7, 11, 9] 
(3, -1, -21), [3, 15, 11] 
(7, -5, 11), [7, 11, 11] 
(3, -1, -19), [3, 15, 13] 
(7, -5, 13), [7, 11, 13] 
(-7, 9, 41), [9, 9, 9] 
(1, 1, -23), [1, 1, 9] 
(5, -3, -5), [5, 13, 11] 
(3, -1, -17), [3, 15, 15] 
(7, -5, 15), [7, 11, 15] 
(-7, 9, 43), [9, 9, 11] 
(1, 1, -21), [1, 1, 11] 
(5, -3, -3), [5, 13, 13] 
(3, -1, -15), [3, 15, 1] 
(7, -5, 17), [7, 11, 1] 
(-7, 9, 45), [9, 9, 13] 
(1, 1, -19), [1, 1, 13] 
(5, -3, -1), [5, 13, 15] 
(3, -1, -13), [3, 15, 3] 
(-7, 9, 47), [9, 9, 15] 
(7, -5, 19), [7, 11, 3] 
(1, 1, -17), [1, 1, 15] 
(5, -3, 1), [5, 13, 1] 
(3, -1, -11), [3, 15, 5] 
(-7, 9, 49), [9, 9, 1] 
(7, -5, 21), [7, 11, 5] 
(1, 1, -15), [1, 1, 1] 
(5, -3, 3), [5, 13, 3] 
(-7, 9, 51), [9, 9, 3] 
(3, -1, -9), [3, 15, 7] 
(7, -5, 23), [7, 11, 7] 
(1, 1, -13), [1, 1, 3] 
(5, -3, 5), [5, 13, 5] 
(3, -1, -7), [3, 15, 9] 
(7, -5, 25), [7, 11, 9] 
(1, 1, -11), [1, 1, 5] 
(-5, 7, 25), [11, 7, 9] 
(-1, 3, -7), [15, 3, 9] 
(5, -3, 7), [5, 13, 7] 
(3, -1, -5), [3, 15, 11] 
(1, 1, -9), [1, 1, 7] 
(7, -5, 27), [7, 11, 11] 
(-5, 7, 27), [11, 7, 11] 
(-1, 3, -5), [15, 3, 11] 
(5, -3, 9), [5, 13, 9] 
(3, -1, -3), [3, 15, 13] 
(1, 1, -7), [1, 1, 9] 
(7, -5, 29), [7, 11, 13] 
(-5, 7, 29), [11, 7, 13] 
(-1, 3, -3), [15, 3, 13] 
(5, -3, 11), [5, 13, 11] 
(3, -1, -1), [3, 15, 15] 
(1, 1, -5), [1, 1, 11] 
(7, -5, 31), [7, 11, 15] 
(-5, 7, 31), [11, 7, 15] 
(-1, 3, -1), [15, 3, 15] 
(5, -3, 13), [5, 13, 13] 
(3, -1, 1), [3, 15, 1] 
(1, 1, -3), [1, 1, 13] 
(-5, 7, 33), [11, 7, 1] 
(7, -5, 33), [7, 11, 1] 
(-1, 3, 1), [15, 3, 1] 
(3, -1, 3), [3, 15, 3] 
(5, -3, 15), [5, 13, 15] 
(1, 1, -1), [1, 1, 15] 
(-5, 7, 35), [11, 7, 3] 
(7, -5, 35), [7, 11, 3] 
(-1, 3, 3), [15, 3, 3] 
(-3, 5, 15), [13, 5, 15] 
(3, -1, 5), [3, 15, 5] 
(5, -3, 17), [5, 13, 1] 
(1, 1, 1), [1, 1, 1] 
(-5, 7, 37), [11, 7, 5] 
(-1, 3, 5), [15, 3, 5] 
(7, -5, 37), [7, 11, 5] 
(-3, 5, 17), [13, 5, 1] 
(3, -1, 7), [3, 15, 7] 
(5, -3, 19), [5, 13, 3] 
(-5, 7, 39), [11, 7, 7] 
(1, 1, 3), [1, 1, 3] 
(-1, 3, 7), [15, 3, 7] 
(-3, 5, 19), [13, 5, 3] 
(3, -1, 9), [3, 15, 9] 
(5, -3, 21), [5, 13, 5] 
(-5, 7, 41), [11, 7, 9] 
(1, 1, 5), [1, 1, 5] 
(-1, 3, 9), [15, 3, 9] 
(-3, 5, 21), [13, 5, 5] 
(3, -1, 11), [3, 15, 11] 
(-5, 7, 43), [11, 7, 11] 
(5, -3, 23), [5, 13, 7] 
(1, 1, 7), [1, 1, 7] 
(-1, 3, 11), [15, 3, 11] 
(-3, 5, 23), [13, 5, 7] 
(3, -1, 13), [3, 15, 13] 
(5, -3, 25), [5, 13, 9] 
(1, 1, 9), [1, 1, 9] 
(-1, 3, 13), [15, 3, 13] 
(-3, 5, 25), [13, 5, 9] 
(3, -1, 15), [3, 15, 15] 
(5, -3, 27), [5, 13, 11] 
(1, 1, 11), [1, 1, 11] 
(-3, 5, 27), [13, 5, 11] 
(-1, 3, 15), [15, 3, 15] 
(3, -1, 17), [3, 15, 1] 
(1, 1, 13), [1, 1, 13] 
(5, -3, 29), [5, 13, 13] 
(-3, 5, 29), [13, 5, 13] 
(-1, 3, 17), [15, 3, 1] 
(1, 1, 15), [1, 1, 15] 
(5, -3, 31), [5, 13, 15] 
(-3, 5, 31), [13, 5, 15] 
(-1, 3, 19), [15, 3, 3] 
(1, 1, 17), [1, 1, 1] 
(-3, 5, 33), [13, 5, 1] 
(5, -3, 33), [5, 13, 1] 
(-1, 3, 21), [15, 3, 5] 
(3, -1, 23), [3, 15, 7] 
(1, 1, 19), [1, 1, 3] 
(-3, 5, 35), [13, 5, 3] 
(-1, 3, 23), [15, 3, 7] 
(-3, 5, 37), [13, 5, 5] 
(1, 1, 21), [1, 1, 5] 
(-1, 3, 25), [15, 3, 9] 
(3, -1, 27), [3, 15, 11] 
(1, 1, 23), [1, 1, 7] 
(3, -1, 29), [3, 15, 13] 
(1, 1, 25), [1, 1, 9] 
(1, 1, 27), [1, 1, 11] 
(3, -1, 31), [3, 15, 15] 
(-1, 3, 31), [15, 3, 15] 
(3, 0, -29), [3, 0, 3] 
(7, -4, 1), [7, 12, 1] 
(3, 0, -27), [3, 0, 5] 
(5, -2, -15), [5, 14, 1] 
(7, -4, 3), [7, 12, 3] 
(3, 0, -25), [3, 0, 7] 
(5, -2, -13), [5, 14, 3] 
(7, -4, 5), [7, 12, 5] 
(3, 0, -23), [3, 0, 9] 
(5, -2, -11), [5, 14, 5] 
(7, -4, 7), [7, 12, 7] 
(3, 0, -21), [3, 0, 11] 
(-7, 10, 49), [9, 10, 1] 
(5, -2, -9), [5, 14, 7] 
(7, -4, 9), [7, 12, 9] 
(3, 0, -19), [3, 0, 13] 
(-7, 10, 51), [9, 10, 3] 
(5, -2, -7), [5, 14, 9] 
(-7, 10, 55), [9, 10, 7] 
(3, 0, -15), [3, 0, 1] 
(7, -4, 13), [7, 12, 13] 
(3, 0, -13), [3, 0, 3] 
(7, -4, 15), [7, 12, 15] 
(1, 2, -15), [1, 2, 1] 
(3, 0, -11), [3, 0, 5] 
(7, -4, 17), [7, 12, 1] 
(1, 2, -13), [1, 2, 3] 
(5, -2, 1), [5, 14, 1] 
(3, 0, -9), [3, 0, 7] 
(7, -4, 19), [7, 12, 3] 
(1, 2, -11), [1, 2, 5] 
(5, -2, 3), [5, 14, 3] 
(3, 0, -7), [3, 0, 9] 
(7, -4, 21), [7, 12, 5] 
(1, 2, -9), [1, 2, 7] 
(-5, 8, 33), [11, 8, 1] 
(5, -2, 5), [5, 14, 5] 
(3, 0, -5), [3, 0, 11] 
(7, -4, 23), [7, 12, 7] 
(1, 2, -7), [1, 2, 9] 
(-5, 8, 35), [11, 8, 3] 
(5, -2, 7), [5, 14, 7] 
(3, 0, -3), [3, 0, 13] 
(7, -4, 25), [7, 12, 9] 
(1, 2, -5), [1, 2, 11] 
(-5, 8, 37), [11, 8, 5] 
(-1, 4, 1), [15, 4, 1] 
(5, -2, 9), [5, 14, 9] 
(3, 0, -1), [3, 0, 15] 
(-1, 4, 3), [15, 4, 3] 
(-3, 6, 17), [13, 6, 1] 
(5, -2, 11), [5, 14, 11] 
(3, 0, 1), [3, 0, 1] 
(-5, 8, 41), [11, 8, 9] 
(1, 2, -1), [1, 2, 15] 
(7, -4, 29), [7, 12, 13] 
(-1, 4, 5), [15, 4, 5] 
(-3, 6, 19), [13, 6, 3] 
(5, -2, 13), [5, 14, 13] 
(3, 0, 3), [3, 0, 3] 
(-5, 8, 43), [11, 8, 11] 
(1, 2, 1), [1, 2, 1] 
(7, -4, 31), [7, 12, 15] 
(-1, 4, 7), [15, 4, 7] 
(-3, 6, 21), [13, 6, 5] 
(5, -2, 15), [5, 14, 15] 
(3, 0, 5), [3, 0, 5] 
(-5, 8, 45), [11, 8, 13] 
(1, 2, 3), [1, 2, 3] 
(7, -4, 33), [7, 12, 1] 
(-1, 4, 9), [15, 4, 9] 
(-3, 6, 23), [13, 6, 7] 
(1, 2, 5), [1, 2, 5] 
(3, 0, 9), [3, 0, 9] 
(5, -2, 19), [5, 14, 3] 
(1, 2, 7), [1, 2, 7] 
(-3, 6, 27), [13, 6, 11] 
(-1, 4, 13), [15, 4, 13] 
(3, 0, 11), [3, 0, 11] 
(5, -2, 21), [5, 14, 5] 
(1, 2, 9), [1, 2, 9] 
(-3, 6, 29), [13, 6, 13] 
(-1, 4, 15), [15, 4, 15] 
(3, 0, 13), [3, 0, 13] 
(5, -2, 23), [5, 14, 7] 
(1, 2, 11), [1, 2, 11] 
(-3, 6, 31), [13, 6, 15] 
(-1, 4, 17), [15, 4, 1] 
(3, 0, 15), [3, 0, 15] 
(5, -2, 25), [5, 14, 9] 
(1, 2, 13), [1, 2, 13] 
(-3, 6, 33), [13, 6, 1] 
(-1, 4, 19), [15, 4, 3] 
(3, 0, 17), [3, 0, 1] 
(5, -2, 27), [5, 14, 11] 
(1, 2, 15), [1, 2, 15] 
(-3, 6, 35), [13, 6, 3] 
(-1, 4, 21), [15, 4, 5] 
(3, 0, 19), [3, 0, 3] 
(-1, 4, 23), [15, 4, 7] 
(3, 0, 21), [3, 0, 5] 
(-3, 6, 39), [13, 6, 7] 
(1, 2, 19), [1, 2, 3] 
(5, -2, 31), [5, 14, 15] 
(-1, 4, 25), [15, 4, 9] 
(1, 2, 21), [1, 2, 5] 
(1, 2, 23), [1, 2, 7] 
(-1, 4, 29), [15, 4, 13] 
(3, 0, 27), [3, 0, 11] 
(1, 2, 25), [1, 2, 9] 
(-1, 4, 31), [15, 4, 15] 
(3, 0, 29), [3, 0, 13] 
(1, 2, 27), [1, 2, 11] 
(-1, 4, 33), [15, 4, 1] 
(1, 2, 31), [1, 2, 15] 
(5, -1, -23), [5, 15, 9] 
(5, -1, -21), [5, 15, 11] 
(7, -3, -5), [7, 13, 11] 
(5, -1, -19), [5, 15, 13] 
(7, -3, -3), [7, 13, 13] 
(5, -1, -17), [5, 15, 15] 
(7, -3, -1), [7, 13, 15] 
(5, -1, -15), [5, 15, 1] 
(7, -3, 1), [7, 13, 1] 
(-7, 11, 57), [9, 11, 9] 
(3, 1, -23), [3, 1, 9] 
(5, -1, -13), [5, 15, 3] 
(7, -3, 3), [7, 13, 3] 
(-7, 11, 59), [9, 11, 11] 
(3, 1, -21), [3, 1, 11] 
(5, -1, -11), [5, 15, 5] 
(-7, 11, 61), [9, 11, 13] 
(7, -3, 5), [7, 13, 5] 
(3, 1, -19), [3, 1, 13] 
(5, -1, -9), [5, 15, 7] 
(7, -3, 7), [7, 13, 7] 
(3, 1, -17), [3, 1, 15] 
(5, -1, -7), [5, 15, 9] 
(7, -3, 9), [7, 13, 9] 
(3, 1, -15), [3, 1, 1] 
(5, -1, -5), [5, 15, 11] 
(7, -3, 11), [7, 13, 11] 
(3, 1, -13), [3, 1, 3] 
(5, -1, -3), [5, 15, 13] 
(7, -3, 13), [7, 13, 13] 
(3, 1, -11), [3, 1, 5] 
(5, -1, -1), [5, 15, 15] 
(3, 1, -9), [3, 1, 7] 
(7, -3, 15), [7, 13, 15] 
(3, 1, -7), [3, 1, 9] 
(7, -3, 17), [7, 13, 1] 
(-5, 9, 41), [11, 9, 9] 
(1, 3, -7), [1, 3, 9] 
(3, 1, -5), [3, 1, 11] 
(7, -3, 19), [7, 13, 3] 
(-5, 9, 43), [11, 9, 11] 
(1, 3, -5), [1, 3, 11] 
(5, -1, 5), [5, 15, 5] 
(3, 1, -3), [3, 1, 13] 
(7, -3, 21), [7, 13, 5] 
(-5, 9, 45), [11, 9, 13] 
(1, 3, -3), [1, 3, 13] 
(5, -1, 7), [5, 15, 7] 
(3, 1, -1), [3, 1, 15] 
(-5, 9, 47), [11, 9, 15] 
(7, -3, 23), [7, 13, 7] 
(1, 3, -1), [1, 3, 15] 
(5, -1, 9), [5, 15, 9] 
(3, 1, 1), [3, 1, 1] 
(-5, 9, 49), [11, 9, 1] 
(7, -3, 25), [7, 13, 9] 
(1, 3, 1), [1, 3, 1] 
(-3, 7, 25), [13, 7, 9] 
(-1, 5, 9), [15, 5, 9] 
(5, -1, 11), [5, 15, 11] 
(-5, 9, 51), [11, 9, 3] 
(3, 1, 3), [3, 1, 3] 
(7, -3, 27), [7, 13, 11] 
(1, 3, 3), [1, 3, 3] 
(-3, 7, 27), [13, 7, 11] 
(-1, 5, 11), [15, 5, 11] 
(5, -1, 13), [5, 15, 13] 
(3, 1, 5), [3, 1, 5] 
(1, 3, 5), [1, 3, 5] 
(7, -3, 29), [7, 13, 13] 
(-3, 7, 29), [13, 7, 13] 
(-1, 5, 13), [15, 5, 13] 
(5, -1, 15), [5, 15, 15] 
(3, 1, 7), [3, 1, 7] 
(1, 3, 7), [1, 3, 7] 
(7, -3, 31), [7, 13, 15] 
(-3, 7, 31), [13, 7, 15] 
(-1, 5, 15), [15, 5, 15] 
(5, -1, 17), [5, 15, 1] 
(3, 1, 9), [3, 1, 9] 
(1, 3, 9), [1, 3, 9] 
(-3, 7, 33), [13, 7, 1] 
(7, -3, 33), [7, 13, 1] 
(-1, 5, 17), [15, 5, 1] 
(5, -1, 19), [5, 15, 3] 
(3, 1, 11), [3, 1, 11] 
(1, 3, 11), [1, 3, 11] 
(-3, 7, 35), [13, 7, 3] 
(-1, 5, 19), [15, 5, 3] 
(3, 1, 13), [3, 1, 13] 
(5, -1, 21), [5, 15, 5] 
(1, 3, 13), [1, 3, 13] 
(-3, 7, 37), [13, 7, 5] 
(-1, 5, 21), [15, 5, 5] 
(3, 1, 15), [3, 1, 15] 
(5, -1, 23), [5, 15, 7] 
(-3, 7, 39), [13, 7, 7] 
(1, 3, 15), [1, 3, 15] 
(-1, 5, 23), [15, 5, 7] 
(3, 1, 17), [3, 1, 1] 
(5, -1, 25), [5, 15, 9] 
(-3, 7, 41), [13, 7, 9] 
(1, 3, 17), [1, 3, 1] 
(3, 1, 19), [3, 1, 3] 
(-3, 7, 43), [13, 7, 11] 
(5, -1, 27), [5, 15, 11] 
(1, 3, 19), [1, 3, 3] 
(3, 1, 21), [3, 1, 5] 
(5, -1, 29), [5, 15, 13] 
(1, 3, 21), [1, 3, 5] 
(-1, 5, 29), [15, 5, 13] 
(3, 1, 23), [3, 1, 7] 
(1, 3, 23), [1, 3, 7] 
(5, -1, 31), [5, 15, 15] 
(-1, 5, 31), [15, 5, 15] 
(1, 3, 25), [1, 3, 9] 
(-1, 5, 33), [15, 5, 1] 
(1, 3, 27), [1, 3, 11] 
(-1, 5, 35), [15, 5, 3] 
(3, 1, 29), [3, 1, 13] 
(-1, 5, 37), [15, 5, 5] 
(1, 3, 29), [1, 3, 13] 
(3, 1, 31), [3, 1, 15] 
(1, 3, 31), [1, 3, 15] 
(7, -2, -15), [7, 14, 1] 
(5, 0, -29), [5, 0, 3] 
(7, -2, -13), [7, 14, 3] 
(5, 0, -27), [5, 0, 5] 
(7, -2, -11), [7, 14, 5] 
(5, 0, -25), [5, 0, 7] 
(7, -2, -9), [7, 14, 7] 
(5, 0, -23), [5, 0, 9] 
(7, -2, -7), [7, 14, 9] 
(5, 0, -21), [5, 0, 11] 
(7, -2, -5), [7, 14, 11] 
(5, 0, -19), [5, 0, 13] 
(-7, 12, 65), [9, 12, 1] 
(5, 0, -15), [5, 0, 1] 
(7, -2, -1), [7, 14, 15] 
(5, 0, -13), [5, 0, 3] 
(7, -2, 1), [7, 14, 1] 
(5, 0, -11), [5, 0, 5] 
(7, -2, 3), [7, 14, 3] 
(5, 0, -9), [5, 0, 7] 
(7, -2, 5), [7, 14, 5] 
(3, 2, -15), [3, 2, 1] 
(5, 0, -7), [5, 0, 9] 
(7, -2, 7), [7, 14, 7] 
(3, 2, -13), [3, 2, 3] 
(5, 0, -5), [5, 0, 11] 
(7, -2, 9), [7, 14, 9] 
(3, 2, -11), [3, 2, 5] 
(5, 0, -3), [5, 0, 13] 
(7, -2, 11), [7, 14, 11] 
(3, 2, -9), [3, 2, 7] 
(5, 0, -1), [5, 0, 15] 
(7, -2, 13), [7, 14, 13] 
(3, 2, -7), [3, 2, 9] 
(-5, 10, 49), [11, 10, 1] 
(5, 0, 1), [5, 0, 1] 
(7, -2, 15), [7, 14, 15] 
(3, 2, -5), [3, 2, 11] 
(-5, 10, 51), [11, 10, 3] 
(5, 0, 3), [5, 0, 3] 
(5, 0, 5), [5, 0, 5] 
(-5, 10, 55), [11, 10, 7] 
(3, 2, -1), [3, 2, 15] 
(7, -2, 19), [7, 14, 3] 
(1, 4, 1), [1, 4, 1] 
(3, 2, 1), [3, 2, 1] 
(7, -2, 21), [7, 14, 5] 
(1, 4, 3), [1, 4, 3] 
(5, 0, 9), [5, 0, 9] 
(3, 2, 3), [3, 2, 3] 
(7, -2, 23), [7, 14, 7] 
(1, 4, 5), [1, 4, 5] 
(-3, 8, 33), [13, 8, 1] 
(5, 0, 11), [5, 0, 11] 
(3, 2, 5), [3, 2, 5] 
(7, -2, 25), [7, 14, 9] 
(1, 4, 7), [1, 4, 7] 
(-3, 8, 35), [13, 8, 3] 
(-1, 6, 17), [15, 6, 1] 
(5, 0, 13), [5, 0, 13] 
(3, 2, 7), [3, 2, 7] 
(7, -2, 27), [7, 14, 11] 
(1, 4, 9), [1, 4, 9] 
(-3, 8, 37), [13, 8, 5] 
(-1, 6, 19), [15, 6, 3] 
(5, 0, 15), [5, 0, 15] 
(3, 2, 9), [3, 2, 9] 
(-1, 6, 21), [15, 6, 5] 
(5, 0, 17), [5, 0, 1] 
(3, 2, 11), [3, 2, 11] 
(-3, 8, 41), [13, 8, 9] 
(1, 4, 13), [1, 4, 13] 
(7, -2, 31), [7, 14, 15] 
(-1, 6, 23), [15, 6, 7] 
(5, 0, 19), [5, 0, 3] 
(3, 2, 13), [3, 2, 13] 
(-3, 8, 43), [13, 8, 11] 
(1, 4, 15), [1, 4, 15] 
(5, 0, 21), [5, 0, 5] 
(3, 2, 15), [3, 2, 15] 
(-3, 8, 45), [13, 8, 13] 
(1, 4, 17), [1, 4, 1] 
(-1, 6, 27), [15, 6, 11] 
(1, 4, 19), [1, 4, 3] 
(-1, 6, 29), [15, 6, 13] 
(3, 2, 19), [3, 2, 3] 
(5, 0, 25), [5, 0, 9] 
(1, 4, 21), [1, 4, 5] 
(-1, 6, 31), [15, 6, 15] 
(3, 2, 21), [3, 2, 5] 
(5, 0, 27), [5, 0, 11] 
(1, 4, 23), [1, 4, 7] 
(-1, 6, 33), [15, 6, 1] 
(3, 2, 23), [3, 2, 7] 
(5, 0, 29), [5, 0, 13] 
(1, 4, 25), [1, 4, 9] 
(-1, 6, 35), [15, 6, 3] 
(3, 2, 25), [3, 2, 9] 
(3, 2, 27), [3, 2, 11] 
(-1, 6, 39), [15, 6, 7] 
(1, 4, 29), [1, 4, 13] 
(1, 4, 31), [1, 4, 15] 
(3, 2, 31), [3, 2, 15] 
(7, -1, -21), [7, 15, 11] 
(7, -1, -19), [7, 15, 13] 
(7, -1, -17), [7, 15, 15] 
(7, -1, -15), [7, 15, 1] 
(7, -1, -13), [7, 15, 3] 
(7, -1, -11), [7, 15, 5] 
(-7, 13, 73), [9, 13, 9] 
(5, 1, -23), [5, 1, 9] 
(7, -1, -9), [7, 15, 7] 
(5, 1, -21), [5, 1, 11] 
(7, -1, -7), [7, 15, 9] 
(5, 1, -19), [5, 1, 13] 
(7, -1, -5), [7, 15, 11] 
(5, 1, -17), [5, 1, 15] 
(7, -1, -3), [7, 15, 13] 
(5, 1, -15), [5, 1, 1] 
(7, -1, -1), [7, 15, 15] 
(5, 1, -13), [5, 1, 3] 
(7, -1, 1), [7, 15, 1] 
(5, 1, -11), [5, 1, 5] 
(5, 1, -9), [5, 1, 7] 
(7, -1, 3), [7, 15, 3] 
(5, 1, -7), [5, 1, 9] 
(7, -1, 5), [7, 15, 5] 
(5, 1, -5), [5, 1, 11] 
(7, -1, 7), [7, 15, 7] 
(5, 1, -3), [5, 1, 13] 
(7, -1, 9), [7, 15, 9] 
(-5, 11, 57), [11, 11, 9] 
(3, 3, -7), [3, 3, 9] 
(5, 1, -1), [5, 1, 15] 
(7, -1, 11), [7, 15, 11] 
(-5, 11, 59), [11, 11, 11] 
(3, 3, -5), [3, 3, 11] 
(5, 1, 1), [5, 1, 1] 
(-5, 11, 61), [11, 11, 13] 
(7, -1, 13), [7, 15, 13] 
(3, 3, -3), [3, 3, 13] 
(5, 1, 3), [5, 1, 3] 
(7, -1, 15), [7, 15, 15] 
(3, 3, -1), [3, 3, 15] 
(5, 1, 5), [5, 1, 5] 
(7, -1, 17), [7, 15, 1] 
(3, 3, 1), [3, 3, 1] 
(5, 1, 7), [5, 1, 7] 
(7, -1, 19), [7, 15, 3] 
(3, 3, 3), [3, 3, 3] 
(5, 1, 9), [5, 1, 9] 
(3, 3, 5), [3, 3, 5] 
(7, -1, 21), [7, 15, 5] 
(-3, 9, 41), [13, 9, 9] 
(1, 5, 9), [1, 5, 9] 
(3, 3, 7), [3, 3, 7] 
(7, -1, 23), [7, 15, 7] 
(-3, 9, 43), [13, 9, 11] 
(1, 5, 11), [1, 5, 11] 
(3, 3, 9), [3, 3, 9] 
(7, -1, 25), [7, 15, 9] 
(-3, 9, 45), [13, 9, 13] 
(1, 5, 13), [1, 5, 13] 
(3, 3, 11), [3, 3, 11] 
(-3, 9, 47), [13, 9, 15] 
(7, -1, 27), [7, 15, 11] 
(1, 5, 15), [1, 5, 15] 
(-1, 7, 27), [15, 7, 11] 
(5, 1, 17), [5, 1, 1] 
(3, 3, 13), [3, 3, 13] 
(-3, 9, 49), [13, 9, 1] 
(7, -1, 29), [7, 15, 13] 
(1, 5, 17), [1, 5, 1] 
(-1, 7, 29), [15, 7, 13] 
(5, 1, 19), [5, 1, 3] 
(-3, 9, 51), [13, 9, 3] 
(3, 3, 15), [3, 3, 15] 
(1, 5, 19), [1, 5, 3] 
(7, -1, 31), [7, 15, 15] 
(-1, 7, 31), [15, 7, 15] 
(5, 1, 21), [5, 1, 5] 
(3, 3, 17), [3, 3, 1] 
(1, 5, 21), [1, 5, 5] 
(-1, 7, 33), [15, 7, 1] 
(5, 1, 23), [5, 1, 7] 
(3, 3, 19), [3, 3, 3] 
(1, 5, 23), [1, 5, 7] 
(5, 1, 25), [5, 1, 9] 
(3, 3, 21), [3, 3, 5] 
(1, 5, 25), [1, 5, 9] 
(-1, 7, 37), [15, 7, 5] 
(3, 3, 23), [3, 3, 7] 
(5, 1, 27), [5, 1, 11] 
(-1, 7, 39), [15, 7, 7] 
(1, 5, 27), [1, 5, 11] 
(3, 3, 25), [3, 3, 9] 
(5, 1, 29), [5, 1, 13] 
(-1, 7, 41), [15, 7, 9] 
(1, 5, 29), [1, 5, 13] 
(3, 3, 27), [3, 3, 11] 
(-1, 7, 43), [15, 7, 11] 
(5, 1, 31), [5, 1, 15] 
(1, 5, 31), [1, 5, 15] 
(7, 0, -29), [7, 0, 3] 
(7, 0, -27), [7, 0, 5] 
(7, 0, -25), [7, 0, 7] 
(7, 0, -23), [7, 0, 9] 
(7, 0, -21), [7, 0, 11] 
(7, 0, -15), [7, 0, 1] 
(7, 0, -13), [7, 0, 3] 
(7, 0, -11), [7, 0, 5] 
(7, 0, -9), [7, 0, 7] 
(7, 0, -7), [7, 0, 9] 
(7, 0, -5), [7, 0, 11] 
(5, 2, -15), [5, 2, 1] 
(7, 0, -3), [7, 0, 13] 
(5, 2, -13), [5, 2, 3] 
(7, 0, -1), [7, 0, 15] 
(5, 2, -11), [5, 2, 5] 
(7, 0, 1), [7, 0, 1] 
(5, 2, -9), [5, 2, 7] 
(7, 0, 3), [7, 0, 3] 
(5, 2, -7), [5, 2, 9] 
(7, 0, 5), [7, 0, 5] 
(5, 2, -5), [5, 2, 11] 
(-5, 12, 65), [11, 12, 1] 
(5, 2, -1), [5, 2, 15] 
(7, 0, 9), [7, 0, 9] 
(5, 2, 1), [5, 2, 1] 
(7, 0, 11), [7, 0, 11] 
(5, 2, 3), [5, 2, 3] 
(7, 0, 13), [7, 0, 13] 
(3, 4, 1), [3, 4, 1] 
(5, 2, 5), [5, 2, 5] 
(7, 0, 15), [7, 0, 15] 
(3, 4, 3), [3, 4, 3] 
(5, 2, 7), [5, 2, 7] 
(7, 0, 17), [7, 0, 1] 
(3, 4, 5), [3, 4, 5] 
(5, 2, 9), [5, 2, 9] 
(7, 0, 19), [7, 0, 3] 
(3, 4, 7), [3, 4, 7] 
(-3, 10, 49), [13, 10, 1] 
(5, 2, 11), [5, 2, 11] 
(7, 0, 21), [7, 0, 5] 
(3, 4, 9), [3, 4, 9] 
(-3, 10, 51), [13, 10, 3] 
(5, 2, 13), [5, 2, 13] 
(1, 6, 17), [1, 6, 1] 
(5, 2, 15), [5, 2, 15] 
(-3, 10, 55), [13, 10, 7] 
(3, 4, 13), [3, 4, 13] 
(7, 0, 25), [7, 0, 9] 
(1, 6, 19), [1, 6, 3] 
(-1, 8, 33), [15, 8, 1] 
(3, 4, 15), [3, 4, 15] 
(7, 0, 27), [7, 0, 11] 
(1, 6, 21), [1, 6, 5] 
(-1, 8, 35), [15, 8, 3] 
(5, 2, 19), [5, 2, 3] 
(3, 4, 17), [3, 4, 1] 
(7, 0, 29), [7, 0, 13] 
(1, 6, 23), [1, 6, 7] 
(-1, 8, 37), [15, 8, 5] 
(5, 2, 21), [5, 2, 5] 
(3, 4, 19), [3, 4, 3] 
(5, 2, 23), [5, 2, 7] 
(3, 4, 21), [3, 4, 5] 
(-1, 8, 41), [15, 8, 9] 
(1, 6, 27), [1, 6, 11] 
(5, 2, 25), [5, 2, 9] 
(3, 4, 23), [3, 4, 7] 
(-1, 8, 43), [15, 8, 11] 
(1, 6, 29), [1, 6, 13] 
(5, 2, 27), [5, 2, 11] 
(3, 4, 25), [3, 4, 9] 
(-1, 8, 45), [15, 8, 13] 
(1, 6, 31), [1, 6, 15] 
(1, 6, 33), [1, 6, 1] 
(3, 4, 29), [3, 4, 13] 
(5, 2, 31), [5, 2, 15] 
(1, 6, 35), [1, 6, 3] 
(3, 4, 31), [3, 4, 15] 
(3, 4, 33), [3, 4, 1] 
(1, 6, 39), [1, 6, 7] 
(7, 1, -21), [7, 1, 11] 
(7, 1, -19), [7, 1, 13] 
(7, 1, -17), [7, 1, 15] 
(7, 1, -15), [7, 1, 1] 
(7, 1, -7), [7, 1, 9] 
(7, 1, -5), [7, 1, 11] 
(7, 1, -3), [7, 1, 13] 
(7, 1, -1), [7, 1, 15] 
(7, 1, 1), [7, 1, 1] 
(-5, 13, 73), [11, 13, 9] 
(5, 3, -7), [5, 3, 9] 
(7, 1, 3), [7, 1, 3] 
(5, 3, -5), [5, 3, 11] 
(7, 1, 5), [7, 1, 5] 
(5, 3, -3), [5, 3, 13] 
(7, 1, 7), [7, 1, 7] 
(5, 3, -1), [5, 3, 15] 
(7, 1, 9), [7, 1, 9] 
(5, 3, 1), [5, 3, 1] 
(7, 1, 11), [7, 1, 11] 
(5, 3, 3), [5, 3, 3] 
(5, 3, 5), [5, 3, 5] 
(7, 1, 13), [7, 1, 13] 
(5, 3, 7), [5, 3, 7] 
(7, 1, 15), [7, 1, 15] 
(5, 3, 9), [5, 3, 9] 
(7, 1, 17), [7, 1, 1] 
(-3, 11, 57), [13, 11, 9] 
(3, 5, 9), [3, 5, 9] 
(5, 3, 11), [5, 3, 11] 
(7, 1, 19), [7, 1, 3] 
(-3, 11, 59), [13, 11, 11] 
(3, 5, 11), [3, 5, 11] 
(5, 3, 13), [5, 3, 13] 
(-3, 11, 61), [13, 11, 13] 
(7, 1, 21), [7, 1, 5] 
(3, 5, 13), [3, 5, 13] 
(5, 3, 15), [5, 3, 15] 
(7, 1, 23), [7, 1, 7] 
(3, 5, 15), [3, 5, 15] 
(5, 3, 17), [5, 3, 1] 
(7, 1, 25), [7, 1, 9] 
(3, 5, 17), [3, 5, 1] 
(-1, 9, 41), [15, 9, 9] 
(1, 7, 25), [1, 7, 9] 
(5, 3, 19), [5, 3, 3] 
(3, 5, 19), [3, 5, 3] 
(7, 1, 27), [7, 1, 11] 
(-1, 9, 43), [15, 9, 11] 
(1, 7, 27), [1, 7, 11] 
(3, 5, 21), [3, 5, 5] 
(7, 1, 29), [7, 1, 13] 
(-1, 9, 45), [15, 9, 13] 
(1, 7, 29), [1, 7, 13] 
(3, 5, 23), [3, 5, 7] 
(-1, 9, 47), [15, 9, 15] 
(7, 1, 31), [7, 1, 15] 
(1, 7, 31), [1, 7, 15] 
(5, 3, 25), [5, 3, 9] 
(3, 5, 25), [3, 5, 9] 
(-1, 9, 49), [15, 9, 1] 
(1, 7, 33), [1, 7, 1] 
(5, 3, 27), [5, 3, 11] 
(-1, 9, 51), [15, 9, 3] 
(3, 5, 27), [3, 5, 11] 
(5, 3, 29), [5, 3, 13] 
(3, 5, 29), [3, 5, 13] 
(5, 3, 31), [5, 3, 15] 
(3, 5, 33), [3, 5, 1] 
(5, 3, 33), [5, 3, 1] 
(3, 5, 35), [3, 5, 3] 
(1, 7, 43), [1, 7, 11] 
(7, 2, -15), [7, 2, 1] 
(7, 2, -13), [7, 2, 3] 
(7, 2, -11), [7, 2, 5] 
(7, 2, -9), [7, 2, 7] 
(7, 2, -7), [7, 2, 9] 
(7, 2, -5), [7, 2, 11] 
(7, 2, -1), [7, 2, 15] 
(7, 2, 1), [7, 2, 1] 
(7, 2, 3), [7, 2, 3] 
(7, 2, 5), [7, 2, 5] 
(7, 2, 7), [7, 2, 7] 
(5, 4, 1), [5, 4, 1] 
(7, 2, 9), [7, 2, 9] 
(5, 4, 3), [5, 4, 3] 
(7, 2, 11), [7, 2, 11] 
(5, 4, 5), [5, 4, 5] 
(7, 2, 13), [7, 2, 13] 
(5, 4, 7), [5, 4, 7] 
(7, 2, 15), [7, 2, 15] 
(5, 4, 9), [5, 4, 9] 
(-3, 12, 65), [13, 12, 1] 
(5, 4, 13), [5, 4, 13] 
(7, 2, 19), [7, 2, 3] 
(5, 4, 15), [5, 4, 15] 
(7, 2, 21), [7, 2, 5] 
(3, 6, 17), [3, 6, 1] 
(5, 4, 17), [5, 4, 1] 
(7, 2, 23), [7, 2, 7] 
(3, 6, 19), [3, 6, 3] 
(5, 4, 19), [5, 4, 3] 
(7, 2, 25), [7, 2, 9] 
(3, 6, 21), [3, 6, 5] 
(-1, 10, 49), [15, 10, 1] 
(5, 4, 21), [5, 4, 5] 
(7, 2, 27), [7, 2, 11] 
(3, 6, 23), [3, 6, 7] 
(-1, 10, 51), [15, 10, 3] 
(1, 8, 33), [1, 8, 1] 
(5, 4, 23), [5, 4, 7] 
(1, 8, 35), [1, 8, 3] 
(5, 4, 25), [5, 4, 9] 
(-1, 10, 55), [15, 10, 7] 
(3, 6, 27), [3, 6, 11] 
(7, 2, 31), [7, 2, 15] 
(1, 8, 37), [1, 8, 5] 
(3, 6, 29), [3, 6, 13] 
(5, 4, 29), [5, 4, 13] 
(3, 6, 31), [3, 6, 15] 
(1, 8, 41), [1, 8, 9] 
(5, 4, 31), [5, 4, 15] 
(3, 6, 33), [3, 6, 1] 
(1, 8, 43), [1, 8, 11] 
(5, 4, 33), [5, 4, 1] 
(3, 6, 35), [3, 6, 3] 
(1, 8, 45), [1, 8, 13] 
(3, 6, 39), [3, 6, 7] 
(7, 3, -7), [7, 3, 9] 
(7, 3, -5), [7, 3, 11] 
(7, 3, -3), [7, 3, 13] 
(7, 3, 7), [7, 3, 7] 
(7, 3, 9), [7, 3, 9] 
(7, 3, 11), [7, 3, 11] 
(7, 3, 13), [7, 3, 13] 
(-3, 13, 73), [13, 13, 9] 
(5, 5, 9), [5, 5, 9] 
(7, 3, 15), [7, 3, 15] 
(5, 5, 11), [5, 5, 11] 
(7, 3, 17), [7, 3, 1] 
(5, 5, 13), [5, 5, 13] 
(7, 3, 19), [7, 3, 3] 
(5, 5, 15), [5, 5, 15] 
(7, 3, 21), [7, 3, 5] 
(5, 5, 17), [5, 5, 1] 
(5, 5, 19), [5, 5, 3] 
(7, 3, 23), [7, 3, 7] 
(5, 5, 21), [5, 5, 5] 
(7, 3, 25), [7, 3, 9] 
(-1, 11, 57), [15, 11, 9] 
(3, 7, 25), [3, 7, 9] 
(5, 5, 23), [5, 5, 7] 
(7, 3, 27), [7, 3, 11] 
(-1, 11, 59), [15, 11, 11] 
(3, 7, 27), [3, 7, 11] 
(5, 5, 25), [5, 5, 9] 
(-1, 11, 61), [15, 11, 13] 
(7, 3, 29), [7, 3, 13] 
(3, 7, 29), [3, 7, 13] 
(5, 5, 27), [5, 5, 11] 
(7, 3, 31), [7, 3, 15] 
(3, 7, 31), [3, 7, 15] 
(1, 9, 43), [1, 9, 11] 
(5, 5, 29), [5, 5, 13] 
(7, 3, 33), [7, 3, 1] 
(1, 9, 45), [1, 9, 13] 
(3, 7, 35), [3, 7, 3] 
(1, 9, 47), [1, 9, 15] 
(3, 7, 37), [3, 7, 5] 
(1, 9, 49), [1, 9, 1] 
(5, 5, 35), [5, 5, 3] 
(1, 9, 51), [1, 9, 3] 
(3, 7, 39), [3, 7, 7] 
(5, 5, 37), [5, 5, 5] 
(3, 7, 41), [3, 7, 9] 
(7, 4, 1), [7, 4, 1] 
(7, 4, 3), [7, 4, 3] 
(7, 4, 5), [7, 4, 5] 
(7, 4, 7), [7, 4, 7] 
(7, 4, 9), [7, 4, 9] 
(7, 4, 15), [7, 4, 15] 
(7, 4, 17), [7, 4, 1] 
(7, 4, 19), [7, 4, 3] 
(5, 6, 17), [5, 6, 1] 
(7, 4, 21), [7, 4, 5] 
(5, 6, 19), [5, 6, 3] 
(7, 4, 23), [7, 4, 7] 
(5, 6, 21), [5, 6, 5] 
(7, 4, 25), [7, 4, 9] 
(5, 6, 23), [5, 6, 7] 
(-1, 12, 65), [15, 12, 1] 
(5, 6, 27), [5, 6, 11] 
(7, 4, 29), [7, 4, 13] 
(3, 8, 33), [3, 8, 1] 
(5, 6, 29), [5, 6, 13] 
(7, 4, 31), [7, 4, 15] 
(3, 8, 35), [3, 8, 3] 
(1, 10, 49), [1, 10, 1] 
(5, 6, 31), [5, 6, 15] 
(7, 4, 33), [7, 4, 1] 
(3, 8, 37), [3, 8, 5] 
(1, 10, 51), [1, 10, 3] 
(5, 6, 33), [5, 6, 1] 
(5, 6, 35), [5, 6, 3] 
(1, 10, 55), [1, 10, 7] 
(3, 8, 41), [3, 8, 9] 
(3, 8, 43), [3, 8, 11] 
(5, 6, 39), [5, 6, 7] 
(3, 8, 45), [3, 8, 13] 
(7, 5, 9), [7, 5, 9] 
(7, 5, 13), [7, 5, 13] 
(7, 5, 15), [7, 5, 15] 
(7, 5, 25), [7, 5, 9] 
(-1, 13, 73), [15, 13, 9] 
(5, 7, 25), [5, 7, 9] 
(7, 5, 27), [7, 5, 11] 
(5, 7, 27), [5, 7, 11] 
(7, 5, 29), [7, 5, 13] 
(5, 7, 29), [5, 7, 13] 
(7, 5, 31), [7, 5, 15] 
(5, 7, 31), [5, 7, 15] 
(7, 5, 33), [7, 5, 1] 
(1, 11, 57), [1, 11, 9] 
(3, 9, 41), [3, 9, 9] 
(5, 7, 35), [5, 7, 3] 
(7, 5, 35), [7, 5, 3] 
(3, 9, 43), [3, 9, 11] 
(5, 7, 37), [5, 7, 5] 
(1, 11, 61), [1, 11, 13] 
(7, 5, 37), [7, 5, 5] 
(3, 9, 45), [3, 9, 13] 
(5, 7, 39), [5, 7, 7] 
(3, 9, 47), [3, 9, 15] 
(7, 6, 17), [7, 6, 1] 
(7, 6, 19), [7, 6, 3] 
(7, 6, 21), [7, 6, 5] 
(7, 6, 23), [7, 6, 7] 
(7, 6, 27), [7, 6, 11] 
(7, 6, 29), [7, 6, 13] 
(7, 6, 31), [7, 6, 15] 
(5, 8, 33), [5, 8, 1] 
(7, 6, 33), [7, 6, 1] 
(5, 8, 35), [5, 8, 3] 
(7, 6, 35), [7, 6, 3] 
(5, 8, 37), [5, 8, 5] 
(1, 12, 65), [1, 12, 1] 
(3, 10, 49), [3, 10, 1] 
(5, 8, 41), [5, 8, 9] 
(7, 6, 39), [7, 6, 7] 
(3, 10, 51), [3, 10, 3] 
(5, 8, 43), [5, 8, 11] 
(5, 8, 45), [5, 8, 13] 
(3, 10, 55), [3, 10, 7] 
(7, 7, 27), [7, 7, 11] 
(7, 7, 35), [7, 7, 3] 
(7, 7, 37), [7, 7, 5] 
(1, 13, 73), [1, 13, 9] 
(5, 9, 41), [5, 9, 9] 
(5, 9, 43), [5, 9, 11] 
(5, 9, 45), [5, 9, 13] 
(5, 9, 49), [5, 9, 1] 
(3, 11, 61), [3, 11, 13] 
(7, 8, 43), [7, 8, 11] 
(5, 10, 49), [5, 10, 1] 
(7, 8, 45), [7, 8, 13] 
(5, 10, 51), [5, 10, 3] 
(3, 12, 65), [3, 12, 1] 
(7, 9, 49), [7, 9, 1] 
(7, 10, 49), [7, 10, 1] 
(7, 10, 51), [7, 10, 3] 
