(-7, 28, -84), [1, -7, 28, -84, 196, -343, 343], 3.7.ah_bc_adg 
(0, 0, -28), [1, 0, 0, -28, 0, 0, 343], 3.7.a_a_abc 
(0, 0, -14), [1, 0, 0, -14, 0, 0, 343], 3.7.a_a_ao 
(0, 0, 14), [1, 0, 0, 14, 0, 0, 343], 3.7.a_a_o 
(0, 0, 28), [1, 0, 0, 28, 0, 0, 343], 3.7.a_a_bc 
(0, 7, -14), [1, 0, 7, -14, 49, 0, 343], 3.7.a_h_ao 
(0, 7, -7), [1, 0, 7, -7, 49, 0, 343], 3.7.a_h_ah 
(0, 7, 7), [1, 0, 7, 7, 49, 0, 343], 3.7.a_h_h 
(0, 7, 14), [1, 0, 7, 14, 49, 0, 343], 3.7.a_h_o 
(7, 28, 84), [1, 7, 28, 84, 196, 343, 343], 3.7.h_bc_dg 
