1,-23,232,-1314,4408,-8303,6859
1,-23,233,-1322,4427,-8303,6859
1,-22,216,-1212,4104,-7942,6859
1,-22,217,-1221,4123,-7942,6859
1,-22,217,-1220,4123,-7942,6859
1,-22,218,-1228,4142,-7942,6859
1,-21,200,-1110,3800,-7581,6859
1,-21,201,-1118,3819,-7581,6859
1,-21,202,-1128,3838,-7581,6859
1,-21,202,-1127,3838,-7581,6859
1,-21,202,-1126,3838,-7581,6859
1,-20,182,-992,3458,-7220,6859
1,-20,183,-1000,3477,-7220,6859
1,-20,184,-1008,3496,-7220,6859
1,-20,186,-1024,3534,-7220,6859
1,-20,187,-1035,3553,-7220,6859
1,-20,187,-1033,3553,-7220,6859
1,-20,188,-1042,3572,-7220,6859
1,-20,189,-1047,3591,-7220,6859
1,-20,190,-1054,3610,-7220,6859
1,-19,165,-882,3135,-6859,6859
1,-19,166,-890,3154,-6859,6859
1,-19,167,-898,3173,-6859,6859
1,-19,168,-906,3192,-6859,6859
1,-19,169,-914,3211,-6859,6859
1,-19,170,-925,3230,-6859,6859
1,-19,170,-922,3230,-6859,6859
1,-19,171,-932,3249,-6859,6859
1,-19,171,-930,3249,-6859,6859
1,-19,172,-942,3268,-6859,6859
1,-19,172,-939,3268,-6859,6859
1,-19,172,-938,3268,-6859,6859
1,-19,174,-957,3306,-6859,6859
1,-19,174,-956,3306,-6859,6859
1,-19,174,-954,3306,-6859,6859
1,-19,174,-953,3306,-6859,6859
1,-19,175,-960,3325,-6859,6859
1,-19,176,-968,3344,-6859,6859
1,-19,176,-967,3344,-6859,6859
1,-19,177,-974,3363,-6859,6859
1,-18,152,-804,2888,-6498,6859
1,-18,154,-820,2926,-6498,6859
1,-18,155,-828,2945,-6498,6859
1,-18,156,-838,2964,-6498,6859
1,-18,157,-849,2983,-6498,6859
1,-18,157,-845,2983,-6498,6859
1,-18,158,-858,3002,-6498,6859
1,-18,159,-859,3021,-6498,6859
1,-18,160,-870,3040,-6498,6859
1,-18,160,-868,3040,-6498,6859
1,-18,160,-866,3040,-6498,6859
1,-18,161,-879,3059,-6498,6859
1,-18,161,-873,3059,-6498,6859
1,-18,162,-882,3078,-6498,6859
1,-18,163,-889,3097,-6498,6859
1,-18,163,-888,3097,-6498,6859
1,-18,163,-887,3097,-6498,6859
1,-17,132,-670,2508,-6137,6859
1,-17,133,-678,2527,-6137,6859
1,-17,134,-686,2546,-6137,6859
1,-17,135,-694,2565,-6137,6859
1,-17,136,-702,2584,-6137,6859
1,-17,138,-718,2622,-6137,6859
1,-17,139,-730,2641,-6137,6859
1,-17,139,-726,2641,-6137,6859
1,-17,140,-737,2660,-6137,6859
1,-17,140,-734,2660,-6137,6859
1,-17,141,-744,2679,-6137,6859
1,-17,141,-742,2679,-6137,6859
1,-17,142,-751,2698,-6137,6859
1,-17,142,-750,2698,-6137,6859
1,-17,143,-766,2717,-6137,6859
1,-17,144,-772,2736,-6137,6859
1,-17,144,-765,2736,-6137,6859
1,-17,145,-772,2755,-6137,6859
1,-17,146,-791,2774,-6137,6859
1,-17,146,-787,2774,-6137,6859
1,-17,147,-786,2793,-6137,6859
1,-17,148,-802,2812,-6137,6859
1,-17,148,-801,2812,-6137,6859
1,-17,148,-793,2812,-6137,6859
1,-17,149,-802,2831,-6137,6859
1,-17,149,-800,2831,-6137,6859
1,-17,150,-811,2850,-6137,6859
1,-17,150,-810,2850,-6137,6859
1,-17,150,-808,2850,-6137,6859
1,-17,150,-807,2850,-6137,6859
1,-17,151,-816,2869,-6137,6859
1,-17,152,-821,2888,-6137,6859
1,-17,152,-820,2888,-6137,6859
1,-17,153,-826,2907,-6137,6859
1,-16,118,-584,2242,-5776,6859
1,-16,120,-600,2280,-5776,6859
1,-16,122,-616,2318,-5776,6859
1,-16,124,-632,2356,-5776,6859
1,-16,130,-686,2470,-5776,6859
1,-16,131,-685,2489,-5776,6859
1,-16,133,-699,2527,-5776,6859
1,-16,134,-712,2546,-5776,6859
1,-16,134,-710,2546,-5776,6859
1,-16,135,-728,2565,-5776,6859
1,-16,135,-725,2565,-5776,6859
1,-16,135,-713,2565,-5776,6859
1,-16,136,-732,2584,-5776,6859
1,-16,137,-727,2603,-5776,6859
1,-16,138,-740,2622,-5776,6859
1,-16,139,-743,2641,-5776,6859
1,-16,139,-740,2641,-5776,6859
1,-16,140,-746,2660,-5776,6859
1,-16,141,-753,2679,-5776,6859
1,-16,142,-758,2698,-5776,6859
1,-15,101,-474,1919,-5415,6859
1,-15,102,-482,1938,-5415,6859
1,-15,103,-490,1957,-5415,6859
1,-15,104,-498,1976,-5415,6859
1,-15,106,-514,2014,-5415,6859
1,-15,107,-522,2033,-5415,6859
1,-15,108,-535,2052,-5415,6859
1,-15,108,-530,2052,-5415,6859
1,-15,109,-538,2071,-5415,6859
1,-15,110,-549,2090,-5415,6859
1,-15,112,-563,2128,-5415,6859
1,-15,114,-577,2166,-5415,6859
1,-15,116,-591,2204,-5415,6859
1,-15,117,-598,2223,-5415,6859
1,-15,118,-617,2242,-5415,6859
1,-15,118,-605,2242,-5415,6859
1,-15,119,-612,2261,-5415,6859
1,-15,120,-635,2280,-5415,6859
1,-15,120,-619,2280,-5415,6859
1,-15,121,-650,2299,-5415,6859
1,-15,121,-626,2299,-5415,6859
1,-15,122,-657,2318,-5415,6859
1,-15,122,-648,2318,-5415,6859
1,-15,122,-645,2318,-5415,6859
1,-15,122,-633,2318,-5415,6859
1,-15,123,-660,2337,-5415,6859
1,-15,123,-640,2337,-5415,6859
1,-15,124,-663,2356,-5415,6859
1,-15,124,-655,2356,-5415,6859
1,-15,124,-647,2356,-5415,6859
1,-15,126,-670,2394,-5415,6859
1,-15,126,-669,2394,-5415,6859
1,-15,126,-661,2394,-5415,6859
1,-15,126,-660,2394,-5415,6859
1,-15,127,-674,2413,-5415,6859
1,-15,127,-666,2413,-5415,6859
1,-15,128,-678,2432,-5415,6859
1,-15,128,-672,2432,-5415,6859
1,-15,129,-682,2451,-5415,6859
1,-15,129,-680,2451,-5415,6859
1,-15,129,-678,2451,-5415,6859
1,-15,130,-686,2470,-5415,6859
1,-15,130,-685,2470,-5415,6859
1,-14,84,-364,1596,-5054,6859
1,-14,88,-396,1672,-5054,6859
1,-14,90,-412,1710,-5054,6859
1,-14,92,-428,1748,-5054,6859
1,-14,103,-511,1957,-5054,6859
1,-14,105,-525,1995,-5054,6859
1,-14,106,-538,2014,-5054,6859
1,-14,107,-539,2033,-5054,6859
1,-14,109,-553,2071,-5054,6859
1,-14,110,-590,2090,-5054,6859
1,-14,111,-595,2109,-5054,6859
1,-14,113,-601,2147,-5054,6859
1,-14,114,-586,2166,-5054,6859
1,-14,115,-607,2185,-5054,6859
1,-14,116,-610,2204,-5054,6859
1,-14,116,-598,2204,-5054,6859
1,-14,117,-613,2223,-5054,6859
1,-14,118,-610,2242,-5054,6859
1,-14,119,-619,2261,-5054,6859
1,-14,119,-617,2261,-5054,6859
1,-14,120,-624,2280,-5054,6859
1,-14,121,-628,2299,-5054,6859
1,-14,122,-632,2318,-5054,6859
1,-13,70,-278,1330,-4693,6859
1,-13,71,-286,1349,-4693,6859
1,-13,72,-294,1368,-4693,6859
1,-13,74,-310,1406,-4693,6859
1,-13,75,-318,1425,-4693,6859
1,-13,76,-333,1444,-4693,6859
1,-13,76,-326,1444,-4693,6859
1,-13,78,-347,1482,-4693,6859
1,-13,82,-375,1558,-4693,6859
1,-13,82,-374,1558,-4693,6859
1,-13,84,-389,1596,-4693,6859
1,-13,86,-403,1634,-4693,6859
1,-13,88,-417,1672,-4693,6859
1,-13,89,-424,1691,-4693,6859
1,-13,90,-447,1710,-4693,6859
1,-13,90,-431,1710,-4693,6859
1,-13,91,-438,1729,-4693,6859
1,-13,92,-469,1748,-4693,6859
1,-13,92,-445,1748,-4693,6859
1,-13,93,-452,1767,-4693,6859
1,-13,94,-479,1786,-4693,6859
1,-13,94,-459,1786,-4693,6859
1,-13,95,-466,1805,-4693,6859
1,-13,96,-506,1824,-4693,6859
1,-13,96,-489,1824,-4693,6859
1,-13,96,-473,1824,-4693,6859
1,-13,98,-523,1862,-4693,6859
1,-13,98,-499,1862,-4693,6859
1,-13,98,-487,1862,-4693,6859
1,-13,99,-534,1881,-4693,6859
1,-13,99,-530,1881,-4693,6859
1,-13,100,-536,1900,-4693,6859
1,-13,100,-533,1900,-4693,6859
1,-13,100,-525,1900,-4693,6859
1,-13,100,-509,1900,-4693,6859
1,-13,100,-501,1900,-4693,6859
1,-13,101,-538,1919,-4693,6859
1,-13,101,-506,1919,-4693,6859
1,-13,102,-539,1938,-4693,6859
1,-13,102,-527,1938,-4693,6859
1,-13,102,-519,1938,-4693,6859
1,-13,102,-515,1938,-4693,6859
1,-13,102,-512,1938,-4693,6859
1,-13,103,-518,1957,-4693,6859
1,-13,104,-545,1976,-4693,6859
1,-13,104,-524,1976,-4693,6859
1,-13,105,-548,1995,-4693,6859
1,-13,106,-543,2014,-4693,6859
1,-13,106,-539,2014,-4693,6859
1,-13,106,-536,2014,-4693,6859
1,-13,107,-554,2033,-4693,6859
1,-13,107,-542,2033,-4693,6859
1,-13,108,-557,2052,-4693,6859
1,-13,108,-549,2052,-4693,6859
1,-13,108,-548,2052,-4693,6859
1,-13,109,-560,2071,-4693,6859
1,-13,110,-563,2090,-4693,6859
1,-13,110,-562,2090,-4693,6859
1,-13,110,-559,2090,-4693,6859
1,-13,111,-564,2109,-4693,6859
1,-13,112,-569,2128,-4693,6859
1,-13,113,-574,2147,-4693,6859
1,-12,56,-192,1064,-4332,6859
1,-12,58,-208,1102,-4332,6859
1,-12,75,-337,1425,-4332,6859
1,-12,77,-351,1463,-4332,6859
1,-12,79,-365,1501,-4332,6859
1,-12,81,-379,1539,-4332,6859
1,-12,92,-486,1748,-4332,6859
1,-12,92,-450,1748,-4332,6859
1,-12,94,-490,1786,-4332,6859
1,-12,94,-462,1786,-4332,6859
1,-12,99,-501,1881,-4332,6859
1,-12,99,-491,1881,-4332,6859
1,-12,101,-507,1919,-4332,6859
1,-12,101,-501,1919,-4332,6859
1,-12,103,-511,1957,-4332,6859
1,-11,37,-66,703,-3971,6859
1,-11,38,-74,722,-3971,6859
1,-11,39,-82,741,-3971,6859
1,-11,40,-90,760,-3971,6859
1,-11,42,-106,798,-3971,6859
1,-11,44,-131,836,-3971,6859
1,-11,44,-122,836,-3971,6859
1,-11,46,-145,874,-3971,6859
1,-11,48,-159,912,-3971,6859
1,-11,50,-173,950,-3971,6859
1,-11,52,-187,988,-3971,6859
1,-11,54,-201,1026,-3971,6859
1,-11,56,-215,1064,-3971,6859
1,-11,58,-229,1102,-3971,6859
1,-11,60,-243,1140,-3971,6859
1,-11,61,-250,1159,-3971,6859
1,-11,62,-277,1178,-3971,6859
1,-11,62,-257,1178,-3971,6859
1,-11,63,-264,1197,-3971,6859
1,-11,64,-303,1216,-3971,6859
1,-11,64,-271,1216,-3971,6859
1,-11,65,-278,1235,-3971,6859
1,-11,66,-313,1254,-3971,6859
1,-11,67,-292,1273,-3971,6859
1,-11,68,-299,1292,-3971,6859
1,-11,70,-333,1330,-3971,6859
1,-11,70,-313,1330,-3971,6859
1,-11,72,-343,1368,-3971,6859
1,-11,72,-327,1368,-3971,6859
1,-11,74,-389,1406,-3971,6859
1,-11,74,-353,1406,-3971,6859
1,-11,74,-341,1406,-3971,6859
1,-11,76,-403,1444,-3971,6859
1,-11,76,-387,1444,-3971,6859
1,-11,76,-363,1444,-3971,6859
1,-11,76,-355,1444,-3971,6859
1,-11,78,-424,1482,-3971,6859
1,-11,78,-409,1482,-3971,6859
1,-11,78,-385,1482,-3971,6859
1,-11,78,-373,1482,-3971,6859
1,-11,78,-369,1482,-3971,6859
1,-11,78,-364,1482,-3971,6859
1,-11,79,-430,1501,-3971,6859
1,-11,79,-370,1501,-3971,6859
1,-11,80,-431,1520,-3971,6859
1,-11,80,-415,1520,-3971,6859
1,-11,80,-376,1520,-3971,6859
1,-11,82,-433,1558,-3971,6859
1,-11,82,-421,1558,-3971,6859
1,-11,82,-397,1558,-3971,6859
1,-11,82,-393,1558,-3971,6859
1,-11,82,-388,1558,-3971,6859
1,-11,83,-394,1577,-3971,6859
1,-11,84,-435,1596,-3971,6859
1,-11,84,-427,1596,-3971,6859
1,-11,84,-411,1596,-3971,6859
1,-11,84,-403,1596,-3971,6859
1,-11,84,-400,1596,-3971,6859
1,-11,86,-440,1634,-3971,6859
1,-11,86,-433,1634,-3971,6859
1,-11,86,-425,1634,-3971,6859
1,-11,86,-413,1634,-3971,6859
1,-11,87,-442,1653,-3971,6859
1,-11,88,-444,1672,-3971,6859
1,-11,88,-423,1672,-3971,6859
1,-11,89,-428,1691,-3971,6859
1,-11,90,-448,1710,-3971,6859
1,-11,90,-445,1710,-3971,6859
1,-11,90,-441,1710,-3971,6859
1,-11,90,-433,1710,-3971,6859
1,-11,91,-450,1729,-3971,6859
1,-11,91,-438,1729,-3971,6859
1,-11,92,-452,1748,-3971,6859
1,-11,92,-451,1748,-3971,6859
1,-11,92,-443,1748,-3971,6859
1,-11,93,-448,1767,-3971,6859
1,-11,94,-457,1786,-3971,6859
1,-11,94,-454,1786,-3971,6859
1,-11,94,-453,1786,-3971,6859
1,-11,95,-460,1805,-3971,6859
1,-11,96,-463,1824,-3971,6859
1,-11,96,-462,1824,-3971,6859
1,-11,97,-466,1843,-3971,6859
1,-10,23,20,437,-3610,6859
1,-10,24,12,456,-3610,6859
1,-10,26,-4,494,-3610,6859
1,-10,27,-12,513,-3610,6859
1,-10,29,-37,551,-3610,6859
1,-10,45,-149,855,-3610,6859
1,-10,47,-163,893,-3610,6859
1,-10,49,-177,931,-3610,6859
1,-10,51,-191,969,-3610,6859
1,-10,53,-205,1007,-3610,6859
1,-10,68,-302,1292,-3610,6859
1,-10,70,-314,1330,-3610,6859
1,-10,71,-385,1349,-3610,6859
1,-10,73,-387,1387,-3610,6859
1,-10,74,-338,1406,-3610,6859
1,-10,75,-389,1425,-3610,6859
1,-10,77,-391,1463,-3610,6859
1,-10,79,-365,1501,-3610,6859
1,-10,81,-375,1539,-3610,6859
1,-10,82,-398,1558,-3610,6859
1,-10,83,-385,1577,-3610,6859
1,-10,84,-402,1596,-3610,6859
1,-10,85,-395,1615,-3610,6859
1,-10,86,-406,1634,-3610,6859
1,-10,87,-407,1653,-3610,6859
1,-10,87,-405,1653,-3610,6859
1,-10,88,-408,1672,-3610,6859
1,-10,89,-413,1691,-3610,6859
1,-10,89,-412,1691,-3610,6859
1,-10,90,-416,1710,-3610,6859
1,-9,-2,194,-38,-3249,6859
1,-9,6,130,114,-3249,6859
1,-9,7,122,133,-3249,6859
1,-9,10,98,190,-3249,6859
1,-9,11,90,209,-3249,6859
1,-9,12,82,228,-3249,6859
1,-9,13,74,247,-3249,6859
1,-9,16,43,304,-3249,6859
1,-9,18,29,342,-3249,6859
1,-9,20,15,380,-3249,6859
1,-9,22,1,418,-3249,6859
1,-9,24,-13,456,-3249,6859
1,-9,26,-27,494,-3249,6859
1,-9,28,-41,532,-3249,6859
1,-9,30,-55,570,-3249,6859
1,-9,32,-69,608,-3249,6859
1,-9,34,-107,646,-3249,6859
1,-9,34,-83,646,-3249,6859
1,-9,35,-90,665,-3249,6859
1,-9,36,-137,684,-3249,6859
1,-9,36,-97,684,-3249,6859
1,-9,37,-104,703,-3249,6859
1,-9,38,-147,722,-3249,6859
1,-9,38,-111,722,-3249,6859
1,-9,39,-118,741,-3249,6859
1,-9,40,-157,760,-3249,6859
1,-9,40,-125,760,-3249,6859
1,-9,42,-167,798,-3249,6859
1,-9,42,-139,798,-3249,6859
1,-9,44,-177,836,-3249,6859
1,-9,44,-153,836,-3249,6859
1,-9,46,-187,874,-3249,6859
1,-9,46,-167,874,-3249,6859
1,-9,48,-197,912,-3249,6859
1,-9,48,-181,912,-3249,6859
1,-9,50,-255,950,-3249,6859
1,-9,50,-207,950,-3249,6859
1,-9,50,-195,950,-3249,6859
1,-9,52,-273,988,-3249,6859
1,-9,52,-249,988,-3249,6859
1,-9,52,-217,988,-3249,6859
1,-9,54,-279,1026,-3249,6859
1,-9,54,-243,1026,-3249,6859
1,-9,54,-227,1026,-3249,6859
1,-9,54,-223,1026,-3249,6859
1,-9,54,-216,1026,-3249,6859
1,-9,55,-222,1045,-3249,6859
1,-9,58,-291,1102,-3249,6859
1,-9,58,-251,1102,-3249,6859
1,-9,58,-240,1102,-3249,6859
1,-9,59,-246,1121,-3249,6859
1,-9,60,-337,1140,-3249,6859
1,-9,60,-329,1140,-3249,6859
1,-9,60,-297,1140,-3249,6859
1,-9,60,-265,1140,-3249,6859
1,-9,60,-257,1140,-3249,6859
1,-9,60,-252,1140,-3249,6859
1,-9,62,-339,1178,-3249,6859
1,-9,62,-327,1178,-3249,6859
1,-9,62,-303,1178,-3249,6859
1,-9,62,-279,1178,-3249,6859
1,-9,62,-267,1178,-3249,6859
1,-9,64,-341,1216,-3249,6859
1,-9,64,-325,1216,-3249,6859
1,-9,64,-309,1216,-3249,6859
1,-9,64,-293,1216,-3249,6859
1,-9,64,-277,1216,-3249,6859
1,-9,66,-343,1254,-3249,6859
1,-9,66,-315,1254,-3249,6859
1,-9,66,-307,1254,-3249,6859
1,-9,66,-287,1254,-3249,6859
1,-9,68,-345,1292,-3249,6859
1,-9,68,-297,1292,-3249,6859
1,-9,69,-346,1311,-3249,6859
1,-9,69,-302,1311,-3249,6859
1,-9,70,-347,1330,-3249,6859
1,-9,70,-335,1330,-3249,6859
1,-9,70,-327,1330,-3249,6859
1,-9,70,-319,1330,-3249,6859
1,-9,70,-307,1330,-3249,6859
1,-9,71,-348,1349,-3249,6859
1,-9,71,-312,1349,-3249,6859
1,-9,72,-349,1368,-3249,6859
1,-9,72,-333,1368,-3249,6859
1,-9,72,-317,1368,-3249,6859
1,-9,73,-350,1387,-3249,6859
1,-9,73,-322,1387,-3249,6859
1,-9,74,-351,1406,-3249,6859
1,-9,74,-339,1406,-3249,6859
1,-9,74,-327,1406,-3249,6859
1,-9,75,-352,1425,-3249,6859
1,-9,75,-332,1425,-3249,6859
1,-9,76,-353,1444,-3249,6859
1,-9,76,-345,1444,-3249,6859
1,-9,76,-337,1444,-3249,6859
1,-9,78,-356,1482,-3249,6859
1,-9,78,-355,1482,-3249,6859
1,-9,78,-351,1482,-3249,6859
1,-9,78,-347,1482,-3249,6859
1,-9,78,-346,1482,-3249,6859
1,-9,79,-358,1501,-3249,6859
1,-9,79,-350,1501,-3249,6859
1,-9,80,-360,1520,-3249,6859
1,-9,80,-354,1520,-3249,6859
1,-9,81,-362,1539,-3249,6859
1,-9,81,-360,1539,-3249,6859
1,-9,81,-358,1539,-3249,6859
1,-9,82,-364,1558,-3249,6859
1,-9,82,-363,1558,-3249,6859
1,-9,82,-362,1558,-3249,6859
1,-8,-18,296,-342,-2888,6859
1,-8,-17,288,-323,-2888,6859
1,-8,-16,280,-304,-2888,6859
1,-8,-10,232,-190,-2888,6859
1,-8,-9,224,-171,-2888,6859
1,-8,-8,216,-152,-2888,6859
1,-8,-6,200,-114,-2888,6859
1,-8,-5,192,-95,-2888,6859
1,-8,-2,168,-38,-2888,6859
1,-8,19,11,361,-2888,6859
1,-8,21,-3,399,-2888,6859
1,-8,23,-17,437,-2888,6859
1,-8,25,-31,475,-2888,6859
1,-8,44,-154,836,-2888,6859
1,-8,46,-166,874,-2888,6859
1,-8,51,-301,969,-2888,6859
1,-8,59,-239,1121,-2888,6859
1,-8,61,-249,1159,-2888,6859
1,-8,63,-259,1197,-2888,6859
1,-8,65,-269,1235,-2888,6859
1,-8,67,-307,1273,-2888,6859
1,-8,69,-309,1311,-2888,6859
1,-8,71,-311,1349,-2888,6859
1,-8,72,-300,1368,-2888,6859
1,-8,73,-313,1387,-2888,6859
1,-8,74,-308,1406,-2888,6859
1,-8,75,-313,1425,-2888,6859
1,-8,76,-318,1444,-2888,6859
1,-8,77,-319,1463,-2888,6859
1,-8,78,-322,1482,-2888,6859
1,-7,-18,259,-342,-2527,6859
1,-7,-18,270,-342,-2527,6859
1,-7,-17,252,-323,-2527,6859
1,-7,-16,245,-304,-2527,6859
1,-7,-14,231,-266,-2527,6859
1,-7,-12,217,-228,-2527,6859
1,-7,-10,203,-190,-2527,6859
1,-7,-8,189,-152,-2527,6859
1,-7,-6,175,-114,-2527,6859
1,-7,-4,136,-76,-2527,6859
1,-7,-4,161,-76,-2527,6859
1,-7,-3,154,-57,-2527,6859
1,-7,-2,147,-38,-2527,6859
1,-7,-1,140,-19,-2527,6859
1,-7,2,119,38,-2527,6859
1,-7,4,105,76,-2527,6859
1,-7,5,98,95,-2527,6859
1,-7,6,63,114,-2527,6859
1,-7,6,91,114,-2527,6859
1,-7,7,84,133,-2527,6859
1,-7,8,77,152,-2527,6859
1,-7,9,70,171,-2527,6859
1,-7,10,63,190,-2527,6859
1,-7,11,56,209,-2527,6859
1,-7,12,9,228,-2527,6859
1,-7,12,49,228,-2527,6859
1,-7,14,-1,266,-2527,6859
1,-7,14,35,266,-2527,6859
1,-7,16,-11,304,-2527,6859
1,-7,16,21,304,-2527,6859
1,-7,18,-21,342,-2527,6859
1,-7,18,7,342,-2527,6859
1,-7,20,-31,380,-2527,6859
1,-7,20,-7,380,-2527,6859
1,-7,22,-41,418,-2527,6859
1,-7,22,-21,418,-2527,6859
1,-7,24,-51,456,-2527,6859
1,-7,24,-35,456,-2527,6859
1,-7,26,-121,494,-2527,6859
1,-7,26,-61,494,-2527,6859
1,-7,26,-49,494,-2527,6859
1,-7,28,-143,532,-2527,6859
1,-7,28,-111,532,-2527,6859
1,-7,28,-71,532,-2527,6859
1,-7,28,-63,532,-2527,6859
1,-7,30,-149,570,-2527,6859
1,-7,30,-101,570,-2527,6859
1,-7,30,-81,570,-2527,6859
1,-7,30,-77,570,-2527,6859
1,-7,30,-68,570,-2527,6859
1,-7,31,-74,589,-2527,6859
1,-7,32,-155,608,-2527,6859
1,-7,32,-80,608,-2527,6859
1,-7,34,-161,646,-2527,6859
1,-7,34,-105,646,-2527,6859
1,-7,34,-101,646,-2527,6859
1,-7,34,-92,646,-2527,6859
1,-7,35,-98,665,-2527,6859
1,-7,36,-167,684,-2527,6859
1,-7,36,-119,684,-2527,6859
1,-7,36,-111,684,-2527,6859
1,-7,36,-104,684,-2527,6859
1,-7,38,-173,722,-2527,6859
1,-7,38,-121,722,-2527,6859
1,-7,40,-243,760,-2527,6859
1,-7,40,-227,760,-2527,6859
1,-7,40,-179,760,-2527,6859
1,-7,40,-147,760,-2527,6859
1,-7,40,-131,760,-2527,6859
1,-7,42,-245,798,-2527,6859
1,-7,42,-221,798,-2527,6859
1,-7,42,-185,798,-2527,6859
1,-7,42,-161,798,-2527,6859
1,-7,42,-141,798,-2527,6859
1,-7,43,-272,817,-2527,6859
1,-7,44,-271,836,-2527,6859
1,-7,44,-215,836,-2527,6859
1,-7,44,-191,836,-2527,6859
1,-7,44,-175,836,-2527,6859
1,-7,44,-151,836,-2527,6859
1,-7,46,-269,874,-2527,6859
1,-7,46,-249,874,-2527,6859
1,-7,46,-197,874,-2527,6859
1,-7,46,-189,874,-2527,6859
1,-7,46,-161,874,-2527,6859
1,-7,48,-267,912,-2527,6859
1,-7,48,-251,912,-2527,6859
1,-7,49,-176,931,-2527,6859
1,-7,50,-265,950,-2527,6859
1,-7,50,-253,950,-2527,6859
1,-7,50,-217,950,-2527,6859
1,-7,50,-197,950,-2527,6859
1,-7,50,-181,950,-2527,6859
1,-7,51,-186,969,-2527,6859
1,-7,52,-263,988,-2527,6859
1,-7,52,-255,988,-2527,6859
1,-7,52,-231,988,-2527,6859
1,-7,52,-215,988,-2527,6859
1,-7,52,-191,988,-2527,6859
1,-7,53,-196,1007,-2527,6859
1,-7,54,-261,1026,-2527,6859
1,-7,54,-257,1026,-2527,6859
1,-7,54,-245,1026,-2527,6859
1,-7,54,-221,1026,-2527,6859
1,-7,54,-201,1026,-2527,6859
1,-7,55,-206,1045,-2527,6859
1,-7,56,-227,1064,-2527,6859
1,-7,56,-211,1064,-2527,6859
1,-7,58,-261,1102,-2527,6859
1,-7,58,-257,1102,-2527,6859
1,-7,58,-233,1102,-2527,6859
1,-7,58,-221,1102,-2527,6859
1,-7,60,-263,1140,-2527,6859
1,-7,60,-255,1140,-2527,6859
1,-7,60,-239,1140,-2527,6859
1,-7,60,-231,1140,-2527,6859
1,-7,62,-265,1178,-2527,6859
1,-7,62,-253,1178,-2527,6859
1,-7,62,-245,1178,-2527,6859
1,-7,62,-241,1178,-2527,6859
1,-7,62,-238,1178,-2527,6859
1,-7,63,-242,1197,-2527,6859
1,-7,64,-267,1216,-2527,6859
1,-7,64,-246,1216,-2527,6859
1,-7,65,-268,1235,-2527,6859
1,-7,66,-269,1254,-2527,6859
1,-7,66,-261,1254,-2527,6859
1,-7,66,-257,1254,-2527,6859
1,-7,66,-254,1254,-2527,6859
1,-7,67,-270,1273,-2527,6859
1,-7,67,-258,1273,-2527,6859
1,-7,68,-271,1292,-2527,6859
1,-7,68,-263,1292,-2527,6859
1,-7,68,-262,1292,-2527,6859
1,-7,69,-272,1311,-2527,6859
1,-7,70,-273,1330,-2527,6859
1,-7,70,-272,1330,-2527,6859
1,-7,70,-269,1330,-2527,6859
1,-7,71,-272,1349,-2527,6859
1,-7,72,-276,1368,-2527,6859
1,-7,72,-275,1368,-2527,6859
1,-7,73,-278,1387,-2527,6859
1,-6,-17,236,-323,-2166,6859
1,-6,-17,241,-323,-2166,6859
1,-6,-13,213,-247,-2166,6859
1,-6,-12,206,-228,-2166,6859
1,-6,-11,199,-209,-2166,6859
1,-6,-9,185,-171,-2166,6859
1,-6,-5,157,-95,-2166,6859
1,-6,-3,143,-57,-2166,6859
1,-6,20,-6,380,-2166,6859
1,-6,22,-18,418,-2166,6859
1,-6,39,-239,741,-2166,6859
1,-6,39,-113,741,-2166,6859
1,-6,40,-238,760,-2166,6859
1,-6,41,-237,779,-2166,6859
1,-6,41,-123,779,-2166,6859
1,-6,43,-235,817,-2166,6859
1,-6,45,-233,855,-2166,6859
1,-6,45,-143,855,-2166,6859
1,-6,56,-192,1064,-2166,6859
1,-6,58,-200,1102,-2166,6859
1,-6,63,-229,1197,-2166,6859
1,-6,63,-219,1197,-2166,6859
1,-6,65,-231,1235,-2166,6859
1,-6,65,-225,1235,-2166,6859
1,-6,66,-230,1254,-2166,6859
1,-6,67,-233,1273,-2166,6859
1,-6,67,-231,1273,-2166,6859
1,-5,-18,185,-342,-1805,6859
1,-5,-17,180,-323,-1805,6859
1,-5,-16,175,-304,-1805,6859
1,-5,-16,212,-304,-1805,6859
1,-5,-15,216,-285,-1805,6859
1,-5,-14,165,-266,-1805,6859
1,-5,-12,155,-228,-1805,6859
1,-5,-12,195,-228,-1805,6859
1,-5,-10,145,-190,-1805,6859
1,-5,-10,181,-190,-1805,6859
1,-5,-8,135,-152,-1805,6859
1,-5,-8,167,-152,-1805,6859
1,-5,-6,125,-114,-1805,6859
1,-5,-6,153,-114,-1805,6859
1,-5,-4,115,-76,-1805,6859
1,-5,-4,139,-76,-1805,6859
1,-5,-2,105,-38,-1805,6859
1,-5,-2,125,-38,-1805,6859
1,-5,-1,100,-19,-1805,6859
1,-5,0,111,0,-1805,6859
1,-5,2,13,38,-1805,6859
1,-5,2,85,38,-1805,6859
1,-5,2,97,38,-1805,6859
1,-5,4,27,76,-1805,6859
1,-5,4,75,76,-1805,6859
1,-5,4,83,76,-1805,6859
1,-5,6,41,114,-1805,6859
1,-5,6,65,114,-1805,6859
1,-5,6,69,114,-1805,6859
1,-5,6,80,114,-1805,6859
1,-5,7,74,133,-1805,6859
1,-5,8,-25,152,-1805,6859
1,-5,8,68,152,-1805,6859
1,-5,10,-31,190,-1805,6859
1,-5,10,41,190,-1805,6859
1,-5,10,45,190,-1805,6859
1,-5,10,56,190,-1805,6859
1,-5,11,50,209,-1805,6859
1,-5,12,-37,228,-1805,6859
1,-5,12,27,228,-1805,6859
1,-5,12,35,228,-1805,6859
1,-5,12,44,228,-1805,6859
1,-5,14,-43,266,-1805,6859
1,-5,14,13,266,-1805,6859
1,-5,14,25,266,-1805,6859
1,-5,16,-49,304,-1805,6859
1,-5,16,-1,304,-1805,6859
1,-5,16,15,304,-1805,6859
1,-5,18,-55,342,-1805,6859
1,-5,18,-15,342,-1805,6859
1,-5,18,5,342,-1805,6859
1,-5,20,-149,380,-1805,6859
1,-5,20,-125,380,-1805,6859
1,-5,20,-61,380,-1805,6859
1,-5,20,-29,380,-1805,6859
1,-5,20,-5,380,-1805,6859
1,-5,22,-151,418,-1805,6859
1,-5,22,-115,418,-1805,6859
1,-5,22,-67,418,-1805,6859
1,-5,22,-43,418,-1805,6859
1,-5,22,-15,418,-1805,6859
1,-5,24,-153,456,-1805,6859
1,-5,24,-105,456,-1805,6859
1,-5,24,-73,456,-1805,6859
1,-5,24,-25,456,-1805,6859
1,-5,26,-155,494,-1805,6859
1,-5,26,-79,494,-1805,6859
1,-5,26,-71,494,-1805,6859
1,-5,26,-35,494,-1805,6859
1,-5,28,-213,532,-1805,6859
1,-5,28,-205,532,-1805,6859
1,-5,28,-157,532,-1805,6859
1,-5,28,-45,532,-1805,6859
1,-5,29,-50,551,-1805,6859
1,-5,30,-211,570,-1805,6859
1,-5,30,-199,570,-1805,6859
1,-5,30,-159,570,-1805,6859
1,-5,30,-99,570,-1805,6859
1,-5,30,-91,570,-1805,6859
1,-5,30,-75,570,-1805,6859
1,-5,30,-55,570,-1805,6859
1,-5,31,-60,589,-1805,6859
1,-5,32,-193,608,-1805,6859
1,-5,32,-161,608,-1805,6859
1,-5,32,-113,608,-1805,6859
1,-5,32,-97,608,-1805,6859
1,-5,32,-65,608,-1805,6859
1,-5,33,-70,627,-1805,6859
1,-5,34,-207,646,-1805,6859
1,-5,34,-187,646,-1805,6859
1,-5,34,-163,646,-1805,6859
1,-5,34,-127,646,-1805,6859
1,-5,34,-103,646,-1805,6859
1,-5,34,-75,646,-1805,6859
1,-5,35,-80,665,-1805,6859
1,-5,36,-205,684,-1805,6859
1,-5,36,-181,684,-1805,6859
1,-5,36,-165,684,-1805,6859
1,-5,36,-141,684,-1805,6859
1,-5,36,-109,684,-1805,6859
1,-5,36,-85,684,-1805,6859
1,-5,38,-203,722,-1805,6859
1,-5,38,-175,722,-1805,6859
1,-5,38,-167,722,-1805,6859
1,-5,38,-155,722,-1805,6859
1,-5,38,-115,722,-1805,6859
1,-5,40,-201,760,-1805,6859
1,-5,40,-121,760,-1805,6859
1,-5,40,-105,760,-1805,6859
1,-5,41,-200,779,-1805,6859
1,-5,42,-199,798,-1805,6859
1,-5,42,-183,798,-1805,6859
1,-5,42,-163,798,-1805,6859
1,-5,42,-127,798,-1805,6859
1,-5,42,-115,798,-1805,6859
1,-5,43,-198,817,-1805,6859
1,-5,44,-197,836,-1805,6859
1,-5,44,-173,836,-1805,6859
1,-5,44,-157,836,-1805,6859
1,-5,44,-125,836,-1805,6859
1,-5,45,-196,855,-1805,6859
1,-5,46,-195,874,-1805,6859
1,-5,46,-175,874,-1805,6859
1,-5,46,-151,874,-1805,6859
1,-5,46,-139,874,-1805,6859
1,-5,46,-135,874,-1805,6859
1,-5,46,-130,874,-1805,6859
1,-5,47,-194,893,-1805,6859
1,-5,47,-134,893,-1805,6859
1,-5,48,-193,912,-1805,6859
1,-5,48,-177,912,-1805,6859
1,-5,48,-138,912,-1805,6859
1,-5,50,-191,950,-1805,6859
1,-5,50,-179,950,-1805,6859
1,-5,50,-155,950,-1805,6859
1,-5,50,-151,950,-1805,6859
1,-5,50,-146,950,-1805,6859
1,-5,51,-150,969,-1805,6859
1,-5,52,-189,988,-1805,6859
1,-5,52,-181,988,-1805,6859
1,-5,52,-165,988,-1805,6859
1,-5,52,-157,988,-1805,6859
1,-5,52,-154,988,-1805,6859
1,-5,54,-187,1026,-1805,6859
1,-5,54,-183,1026,-1805,6859
1,-5,54,-175,1026,-1805,6859
1,-5,54,-163,1026,-1805,6859
1,-5,56,-169,1064,-1805,6859
1,-5,57,-172,1083,-1805,6859
1,-5,58,-187,1102,-1805,6859
1,-5,58,-183,1102,-1805,6859
1,-5,58,-175,1102,-1805,6859
1,-5,59,-178,1121,-1805,6859
1,-5,60,-189,1140,-1805,6859
1,-5,60,-181,1140,-1805,6859
1,-5,61,-184,1159,-1805,6859
1,-5,62,-191,1178,-1805,6859
1,-5,62,-188,1178,-1805,6859
1,-5,62,-187,1178,-1805,6859
1,-5,63,-192,1197,-1805,6859
1,-5,64,-193,1216,-1805,6859
1,-5,64,-192,1216,-1805,6859
1,-5,65,-194,1235,-1805,6859
1,-4,-18,148,-342,-1444,6859
1,-4,-7,49,-133,-1444,6859
1,-4,-4,142,-76,-1444,6859
1,-4,-2,130,-38,-1444,6859
1,-4,0,118,0,-1444,6859
1,-4,19,13,361,-1444,6859
1,-4,21,3,399,-1444,6859
1,-4,23,-7,437,-1444,6859
1,-4,24,-194,456,-1444,6859
1,-4,25,-17,475,-1444,6859
1,-4,28,-186,532,-1444,6859
1,-4,30,-182,570,-1444,6859
1,-4,30,-44,570,-1444,6859
1,-4,32,-178,608,-1444,6859
1,-4,39,-80,741,-1444,6859
1,-4,40,-84,760,-1444,6859
1,-4,42,-92,798,-1444,6859
1,-4,43,-161,817,-1444,6859
1,-4,45,-159,855,-1444,6859
1,-4,47,-157,893,-1444,6859
1,-4,49,-155,931,-1444,6859
1,-4,51,-153,969,-1444,6859
1,-4,51,-125,969,-1444,6859
1,-4,53,-131,1007,-1444,6859
1,-4,55,-137,1045,-1444,6859
1,-4,57,-149,1083,-1444,6859
1,-4,57,-143,1083,-1444,6859
1,-4,59,-151,1121,-1444,6859
1,-4,60,-150,1140,-1444,6859
1,-4,61,-153,1159,-1444,6859
1,-4,62,-154,1178,-1444,6859
1,-3,-18,111,-342,-1083,6859
1,-3,-16,105,-304,-1083,6859
1,-3,-14,99,-266,-1083,6859
1,-3,-12,93,-228,-1083,6859
1,-3,-12,173,-228,-1083,6859
1,-3,-10,87,-190,-1083,6859
1,-3,-10,159,-190,-1083,6859
1,-3,-10,180,-190,-1083,6859
1,-3,-8,81,-152,-1083,6859
1,-3,-8,145,-152,-1083,6859
1,-3,-8,161,-152,-1083,6859
1,-3,-6,75,-114,-1083,6859
1,-3,-6,131,-114,-1083,6859
1,-3,-6,151,-114,-1083,6859
1,-3,-4,69,-76,-1083,6859
1,-3,-4,117,-76,-1083,6859
1,-3,-4,141,-76,-1083,6859
1,-3,-2,63,-38,-1083,6859
1,-3,-2,103,-38,-1083,6859
1,-3,-2,131,-38,-1083,6859
1,-3,0,-23,0,-1083,6859
1,-3,0,89,0,-1083,6859
1,-3,0,121,0,-1083,6859
1,-3,2,-9,38,-1083,6859
1,-3,2,51,38,-1083,6859
1,-3,2,75,38,-1083,6859
1,-3,2,111,38,-1083,6859
1,-3,4,-59,76,-1083,6859
1,-3,4,5,76,-1083,6859
1,-3,4,45,76,-1083,6859
1,-3,4,61,76,-1083,6859
1,-3,4,101,76,-1083,6859
1,-3,6,-61,114,-1083,6859
1,-3,6,39,114,-1083,6859
1,-3,6,47,114,-1083,6859
1,-3,6,91,114,-1083,6859
1,-3,8,-63,152,-1083,6859
1,-3,8,81,152,-1083,6859
1,-3,10,-65,190,-1083,6859
1,-3,10,27,190,-1083,6859
1,-3,10,47,190,-1083,6859
1,-3,10,71,190,-1083,6859
1,-3,11,66,209,-1083,6859
1,-3,12,-155,228,-1083,6859
1,-3,12,-139,228,-1083,6859
1,-3,12,-67,228,-1083,6859
1,-3,12,5,228,-1083,6859
1,-3,12,21,228,-1083,6859
1,-3,12,61,228,-1083,6859
1,-3,13,56,247,-1083,6859
1,-3,14,-153,266,-1083,6859
1,-3,14,-129,266,-1083,6859
1,-3,14,-69,266,-1083,6859
1,-3,14,-9,266,-1083,6859
1,-3,14,15,266,-1083,6859
1,-3,14,51,266,-1083,6859
1,-3,15,46,285,-1083,6859
1,-3,16,-183,304,-1083,6859
1,-3,16,-151,304,-1083,6859
1,-3,16,-119,304,-1083,6859
1,-3,16,-71,304,-1083,6859
1,-3,16,-23,304,-1083,6859
1,-3,16,9,304,-1083,6859
1,-3,16,41,304,-1083,6859
1,-3,18,-177,342,-1083,6859
1,-3,18,-149,342,-1083,6859
1,-3,18,-109,342,-1083,6859
1,-3,18,-73,342,-1083,6859
1,-3,18,-37,342,-1083,6859
1,-3,18,3,342,-1083,6859
1,-3,18,31,342,-1083,6859
1,-3,20,-147,380,-1083,6859
1,-3,20,-99,380,-1083,6859
1,-3,20,-75,380,-1083,6859
1,-3,20,-51,380,-1083,6859
1,-3,20,-3,380,-1083,6859
1,-3,20,21,380,-1083,6859
1,-3,22,-165,418,-1083,6859
1,-3,22,-145,418,-1083,6859
1,-3,22,-89,418,-1083,6859
1,-3,22,-77,418,-1083,6859
1,-3,22,-65,418,-1083,6859
1,-3,22,-9,418,-1083,6859
1,-3,22,11,418,-1083,6859
1,-3,24,-159,456,-1083,6859
1,-3,24,-143,456,-1083,6859
1,-3,24,-15,456,-1083,6859
1,-3,24,1,456,-1083,6859
1,-3,26,-153,494,-1083,6859
1,-3,26,-141,494,-1083,6859
1,-3,26,-93,494,-1083,6859
1,-3,26,-81,494,-1083,6859
1,-3,26,-69,494,-1083,6859
1,-3,26,-21,494,-1083,6859
1,-3,26,-9,494,-1083,6859
1,-3,28,-147,532,-1083,6859
1,-3,28,-139,532,-1083,6859
1,-3,28,-107,532,-1083,6859
1,-3,28,-83,532,-1083,6859
1,-3,28,-59,532,-1083,6859
1,-3,28,-27,532,-1083,6859
1,-3,30,-148,570,-1083,6859
1,-3,30,-141,570,-1083,6859
1,-3,30,-137,570,-1083,6859
1,-3,30,-121,570,-1083,6859
1,-3,30,-85,570,-1083,6859
1,-3,30,-49,570,-1083,6859
1,-3,30,-33,570,-1083,6859
1,-3,30,-29,570,-1083,6859
1,-3,30,-22,570,-1083,6859
1,-3,31,-146,589,-1083,6859
1,-3,31,-26,589,-1083,6859
1,-3,32,-144,608,-1083,6859
1,-3,32,-87,608,-1083,6859
1,-3,32,-30,608,-1083,6859
1,-3,34,-140,646,-1083,6859
1,-3,34,-129,646,-1083,6859
1,-3,34,-89,646,-1083,6859
1,-3,34,-49,646,-1083,6859
1,-3,34,-45,646,-1083,6859
1,-3,35,-138,665,-1083,6859
1,-3,35,-42,665,-1083,6859
1,-3,36,-136,684,-1083,6859
1,-3,36,-131,684,-1083,6859
1,-3,36,-123,684,-1083,6859
1,-3,36,-91,684,-1083,6859
1,-3,36,-59,684,-1083,6859
1,-3,36,-51,684,-1083,6859
1,-3,36,-46,684,-1083,6859
1,-3,38,-129,722,-1083,6859
1,-3,38,-117,722,-1083,6859
1,-3,38,-93,722,-1083,6859
1,-3,38,-69,722,-1083,6859
1,-3,40,-127,760,-1083,6859
1,-3,40,-111,760,-1083,6859
1,-3,40,-79,760,-1083,6859
1,-3,40,-63,760,-1083,6859
1,-3,42,-125,798,-1083,6859
1,-3,42,-105,798,-1083,6859
1,-3,42,-97,798,-1083,6859
1,-3,42,-89,798,-1083,6859
1,-3,42,-69,798,-1083,6859
1,-3,44,-123,836,-1083,6859
1,-3,44,-75,836,-1083,6859
1,-3,45,-122,855,-1083,6859
1,-3,45,-78,855,-1083,6859
1,-3,46,-121,874,-1083,6859
1,-3,46,-109,874,-1083,6859
1,-3,46,-101,874,-1083,6859
1,-3,46,-93,874,-1083,6859
1,-3,46,-81,874,-1083,6859
1,-3,47,-120,893,-1083,6859
1,-3,47,-84,893,-1083,6859
1,-3,48,-119,912,-1083,6859
1,-3,48,-103,912,-1083,6859
1,-3,48,-87,912,-1083,6859
1,-3,49,-118,931,-1083,6859
1,-3,49,-90,931,-1083,6859
1,-3,50,-117,950,-1083,6859
1,-3,50,-105,950,-1083,6859
1,-3,50,-93,950,-1083,6859
1,-3,51,-116,969,-1083,6859
1,-3,51,-96,969,-1083,6859
1,-3,52,-115,988,-1083,6859
1,-3,52,-107,988,-1083,6859
1,-3,52,-99,988,-1083,6859
1,-3,54,-113,1026,-1083,6859
1,-3,54,-109,1026,-1083,6859
1,-3,54,-105,1026,-1083,6859
1,-3,54,-104,1026,-1083,6859
1,-3,55,-106,1045,-1083,6859
1,-3,56,-108,1064,-1083,6859
1,-3,57,-112,1083,-1083,6859
1,-3,57,-110,1083,-1083,6859
1,-3,58,-113,1102,-1083,6859
1,-3,58,-112,1102,-1083,6859
1,-2,-18,74,-342,-722,6859
1,-2,-8,170,-152,-722,6859
1,-2,-5,159,-95,-722,6859
1,-2,-1,139,-19,-722,6859
1,-2,1,129,19,-722,6859
1,-2,3,119,57,-722,6859
1,-2,5,109,95,-722,6859
1,-2,6,26,114,-722,6859
1,-2,13,-163,247,-722,6859
1,-2,15,-157,285,-722,6859
1,-2,17,-151,323,-722,6859
1,-2,19,-145,361,-722,6859
1,-2,20,-142,380,-722,6859
1,-2,21,-139,399,-722,6859
1,-2,24,24,456,-722,6859
1,-2,26,16,494,-722,6859
1,-2,30,-22,570,-722,6859
1,-2,36,-102,684,-722,6859
1,-2,38,-98,722,-722,6859
1,-2,39,-31,741,-722,6859
1,-2,41,-37,779,-722,6859
1,-2,43,-43,817,-722,6859
1,-2,45,-49,855,-722,6859
1,-2,47,-83,893,-722,6859
1,-2,49,-81,931,-722,6859
1,-2,51,-79,969,-722,6859
1,-2,52,-66,988,-722,6859
1,-2,53,-77,1007,-722,6859
1,-2,54,-70,1026,-722,6859
1,-2,55,-73,1045,-722,6859
1,-2,57,-75,1083,-722,6859
1,-1,-18,37,-342,-361,6859
1,-1,-17,36,-323,-361,6859
1,-1,-16,35,-304,-361,6859
1,-1,-14,33,-266,-361,6859
1,-1,-12,31,-228,-361,6859
1,-1,-10,29,-190,-361,6859
1,-1,-8,27,-152,-361,6859
1,-1,-8,123,-152,-361,6859
1,-1,-6,25,-114,-361,6859
1,-1,-6,109,-114,-361,6859
1,-1,-4,-73,-76,-361,6859
1,-1,-4,23,-76,-361,6859
1,-1,-4,127,-76,-361,6859
1,-1,-4,167,-76,-361,6859
1,-1,-3,22,-57,-361,6859
1,-1,-2,-59,-38,-361,6859
1,-1,-2,21,-38,-361,6859
1,-1,-2,81,-38,-361,6859
1,-1,-2,121,-38,-361,6859
1,-1,-2,157,-38,-361,6859
1,-1,-1,20,-19,-361,6859
1,-1,0,-93,0,-361,6859
1,-1,0,-45,0,-361,6859
1,-1,0,67,0,-361,6859
1,-1,0,115,0,-361,6859
1,-1,0,147,0,-361,6859
1,-1,2,-91,38,-361,6859
1,-1,2,-31,38,-361,6859
1,-1,2,17,38,-361,6859
1,-1,2,53,38,-361,6859
1,-1,2,109,38,-361,6859
1,-1,2,137,38,-361,6859
1,-1,4,-161,76,-361,6859
1,-1,4,-153,76,-361,6859
1,-1,4,-89,76,-361,6859
1,-1,4,-17,76,-361,6859
1,-1,4,15,76,-361,6859
1,-1,4,39,76,-361,6859
1,-1,4,103,76,-361,6859
1,-1,4,127,76,-361,6859
1,-1,6,-155,114,-361,6859
1,-1,6,-143,114,-361,6859
1,-1,6,-87,114,-361,6859
1,-1,6,-3,114,-361,6859
1,-1,6,13,114,-361,6859
1,-1,6,25,114,-361,6859
1,-1,6,97,114,-361,6859
1,-1,6,117,114,-361,6859
1,-1,8,-149,152,-361,6859
1,-1,8,-85,152,-361,6859
1,-1,8,91,152,-361,6859
1,-1,8,107,152,-361,6859
1,-1,10,-143,190,-361,6859
1,-1,10,-123,190,-361,6859
1,-1,10,-83,190,-361,6859
1,-1,10,-3,190,-361,6859
1,-1,10,9,190,-361,6859
1,-1,10,25,190,-361,6859
1,-1,10,85,190,-361,6859
1,-1,10,97,190,-361,6859
1,-1,12,-137,228,-361,6859
1,-1,12,-113,228,-361,6859
1,-1,12,-81,228,-361,6859
1,-1,12,-17,228,-361,6859
1,-1,12,7,228,-361,6859
1,-1,12,39,228,-361,6859
1,-1,12,79,228,-361,6859
1,-1,12,87,228,-361,6859
1,-1,14,-131,266,-361,6859
1,-1,14,-103,266,-361,6859
1,-1,14,-79,266,-361,6859
1,-1,14,-31,266,-361,6859
1,-1,14,5,266,-361,6859
1,-1,14,53,266,-361,6859
1,-1,14,73,266,-361,6859
1,-1,14,77,266,-361,6859
1,-1,14,86,266,-361,6859
1,-1,15,82,285,-361,6859
1,-1,16,-125,304,-361,6859
1,-1,16,-93,304,-361,6859
1,-1,16,-77,304,-361,6859
1,-1,16,-45,304,-361,6859
1,-1,16,3,304,-361,6859
1,-1,16,78,304,-361,6859
1,-1,18,-119,342,-361,6859
1,-1,18,-83,342,-361,6859
1,-1,18,-75,342,-361,6859
1,-1,18,-59,342,-361,6859
1,-1,18,1,342,-361,6859
1,-1,18,61,342,-361,6859
1,-1,18,70,342,-361,6859
1,-1,19,66,361,-361,6859
1,-1,20,-113,380,-361,6859
1,-1,20,-1,380,-361,6859
1,-1,20,47,380,-361,6859
1,-1,20,55,380,-361,6859
1,-1,20,62,380,-361,6859
1,-1,21,-110,399,-361,6859
1,-1,22,-107,418,-361,6859
1,-1,22,-87,418,-361,6859
1,-1,22,-71,418,-361,6859
1,-1,22,-63,418,-361,6859
1,-1,22,-3,418,-361,6859
1,-1,22,37,418,-361,6859
1,-1,22,49,418,-361,6859
1,-1,23,-104,437,-361,6859
1,-1,24,-101,456,-361,6859
1,-1,24,-69,456,-361,6859
1,-1,24,-53,456,-361,6859
1,-1,24,-5,456,-361,6859
1,-1,24,27,456,-361,6859
1,-1,24,43,456,-361,6859
1,-1,25,-98,475,-361,6859
1,-1,26,-67,494,-361,6859
1,-1,26,-43,494,-361,6859
1,-1,26,-7,494,-361,6859
1,-1,26,17,494,-361,6859
1,-1,26,37,494,-361,6859
1,-1,27,-92,513,-361,6859
1,-1,28,-89,532,-361,6859
1,-1,28,-65,532,-361,6859
1,-1,28,-33,532,-361,6859
1,-1,28,-9,532,-361,6859
1,-1,28,7,532,-361,6859
1,-1,28,31,532,-361,6859
1,-1,30,-83,570,-361,6859
1,-1,30,-63,570,-361,6859
1,-1,30,-23,570,-361,6859
1,-1,30,-11,570,-361,6859
1,-1,30,-3,570,-361,6859
1,-1,30,25,570,-361,6859
1,-1,32,-77,608,-361,6859
1,-1,32,-61,608,-361,6859
1,-1,33,16,627,-361,6859
1,-1,34,-71,646,-361,6859
1,-1,34,-59,646,-361,6859
1,-1,34,-23,646,-361,6859
1,-1,34,-15,646,-361,6859
1,-1,34,-3,646,-361,6859
1,-1,34,13,646,-361,6859
1,-1,35,10,665,-361,6859
1,-1,36,-65,684,-361,6859
1,-1,36,-33,684,-361,6859
1,-1,36,-17,684,-361,6859
1,-1,36,7,684,-361,6859
1,-1,37,4,703,-361,6859
1,-1,38,-64,722,-361,6859
1,-1,38,-59,722,-361,6859
1,-1,38,-55,722,-361,6859
1,-1,38,-43,722,-361,6859
1,-1,38,1,722,-361,6859
1,-1,39,-62,741,-361,6859
1,-1,39,-2,741,-361,6859
1,-1,40,-60,760,-361,6859
1,-1,40,-21,760,-361,6859
1,-1,40,-5,760,-361,6859
1,-1,42,-56,798,-361,6859
1,-1,42,-51,798,-361,6859
1,-1,42,-47,798,-361,6859
1,-1,42,-23,798,-361,6859
1,-1,42,-11,798,-361,6859
1,-1,43,-54,817,-361,6859
1,-1,44,-52,836,-361,6859
1,-1,44,-49,836,-361,6859
1,-1,44,-41,836,-361,6859
1,-1,44,-25,836,-361,6859
1,-1,44,-17,836,-361,6859
1,-1,46,-47,874,-361,6859
1,-1,46,-35,874,-361,6859
1,-1,46,-27,874,-361,6859
1,-1,46,-23,874,-361,6859
1,-1,46,-20,874,-361,6859
1,-1,47,-22,893,-361,6859
1,-1,48,-45,912,-361,6859
1,-1,48,-24,912,-361,6859
1,-1,49,-44,931,-361,6859
1,-1,50,-43,950,-361,6859
1,-1,50,-35,950,-361,6859
1,-1,50,-31,950,-361,6859
1,-1,50,-28,950,-361,6859
1,-1,51,-42,969,-361,6859
1,-1,51,-30,969,-361,6859
1,-1,52,-41,988,-361,6859
1,-1,52,-33,988,-361,6859
1,-1,52,-32,988,-361,6859
1,-1,53,-40,1007,-361,6859
1,-1,54,-39,1026,-361,6859
1,-1,54,-35,1026,-361,6859
1,-1,55,-36,1045,-361,6859
1,-1,56,-37,1064,-361,6859
1,0,8,-132,152,0,6859
1,0,8,132,152,0,6859
1,0,10,-124,190,0,6859
1,0,10,124,190,0,6859
1,0,11,-120,209,0,6859
1,0,11,120,209,0,6859
1,0,27,-63,513,0,6859
1,0,27,63,513,0,6859
1,0,31,-51,589,0,6859
1,0,31,51,589,0,6859
1,0,33,-45,627,0,6859
1,0,33,45,627,0,6859
1,0,44,-18,836,0,6859
1,0,44,18,836,0,6859
1,0,46,-14,874,0,6859
1,0,46,14,874,0,6859
1,0,48,-10,912,0,6859
1,0,48,10,912,0,6859
1,0,51,-5,969,0,6859
1,0,51,5,969,0,6859
1,0,53,-3,1007,0,6859
1,0,53,3,1007,0,6859
1,0,55,-1,1045,0,6859
1,0,55,1,1045,0,6859
1,1,-18,-37,-342,361,6859
1,1,-17,-36,-323,361,6859
1,1,-16,-35,-304,361,6859
1,1,-14,-33,-266,361,6859
1,1,-12,-31,-228,361,6859
1,1,-10,-29,-190,361,6859
1,1,-8,-123,-152,361,6859
1,1,-8,-27,-152,361,6859
1,1,-6,-109,-114,361,6859
1,1,-6,-25,-114,361,6859
1,1,-4,-167,-76,361,6859
1,1,-4,-127,-76,361,6859
1,1,-4,-23,-76,361,6859
1,1,-4,73,-76,361,6859
1,1,-3,-22,-57,361,6859
1,1,-2,-157,-38,361,6859
1,1,-2,-121,-38,361,6859
1,1,-2,-81,-38,361,6859
1,1,-2,-21,-38,361,6859
1,1,-2,59,-38,361,6859
1,1,-1,-20,-19,361,6859
1,1,0,-147,0,361,6859
1,1,0,-115,0,361,6859
1,1,0,-67,0,361,6859
1,1,0,45,0,361,6859
1,1,0,93,0,361,6859
1,1,2,-137,38,361,6859
1,1,2,-109,38,361,6859
1,1,2,-53,38,361,6859
1,1,2,-17,38,361,6859
1,1,2,31,38,361,6859
1,1,2,91,38,361,6859
1,1,4,-127,76,361,6859
1,1,4,-103,76,361,6859
1,1,4,-39,76,361,6859
1,1,4,-15,76,361,6859
1,1,4,17,76,361,6859
1,1,4,89,76,361,6859
1,1,4,153,76,361,6859
1,1,4,161,76,361,6859
1,1,6,-117,114,361,6859
1,1,6,-97,114,361,6859
1,1,6,-25,114,361,6859
1,1,6,-13,114,361,6859
1,1,6,3,114,361,6859
1,1,6,87,114,361,6859
1,1,6,143,114,361,6859
1,1,6,155,114,361,6859
1,1,8,-107,152,361,6859
1,1,8,-91,152,361,6859
1,1,8,85,152,361,6859
1,1,8,149,152,361,6859
1,1,10,-97,190,361,6859
1,1,10,-85,190,361,6859
1,1,10,-25,190,361,6859
1,1,10,-9,190,361,6859
1,1,10,3,190,361,6859
1,1,10,83,190,361,6859
1,1,10,123,190,361,6859
1,1,10,143,190,361,6859
1,1,12,-87,228,361,6859
1,1,12,-79,228,361,6859
1,1,12,-39,228,361,6859
1,1,12,-7,228,361,6859
1,1,12,17,228,361,6859
1,1,12,81,228,361,6859
1,1,12,113,228,361,6859
1,1,12,137,228,361,6859
1,1,14,-86,266,361,6859
1,1,14,-77,266,361,6859
1,1,14,-73,266,361,6859
1,1,14,-53,266,361,6859
1,1,14,-5,266,361,6859
1,1,14,31,266,361,6859
1,1,14,79,266,361,6859
1,1,14,103,266,361,6859
1,1,14,131,266,361,6859
1,1,15,-82,285,361,6859
1,1,16,-78,304,361,6859
1,1,16,-3,304,361,6859
1,1,16,45,304,361,6859
1,1,16,77,304,361,6859
1,1,16,93,304,361,6859
1,1,16,125,304,361,6859
1,1,18,-70,342,361,6859
1,1,18,-61,342,361,6859
1,1,18,-1,342,361,6859
1,1,18,59,342,361,6859
1,1,18,75,342,361,6859
1,1,18,83,342,361,6859
1,1,18,119,342,361,6859
1,1,19,-66,361,361,6859
1,1,20,-62,380,361,6859
1,1,20,-55,380,361,6859
1,1,20,-47,380,361,6859
1,1,20,1,380,361,6859
1,1,20,113,380,361,6859
1,1,21,110,399,361,6859
1,1,22,-49,418,361,6859
1,1,22,-37,418,361,6859
1,1,22,3,418,361,6859
1,1,22,63,418,361,6859
1,1,22,71,418,361,6859
1,1,22,87,418,361,6859
1,1,22,107,418,361,6859
1,1,23,104,437,361,6859
1,1,24,-43,456,361,6859
1,1,24,-27,456,361,6859
1,1,24,5,456,361,6859
1,1,24,53,456,361,6859
1,1,24,69,456,361,6859
1,1,24,101,456,361,6859
1,1,25,98,475,361,6859
1,1,26,-37,494,361,6859
1,1,26,-17,494,361,6859
1,1,26,7,494,361,6859
1,1,26,43,494,361,6859
1,1,26,67,494,361,6859
1,1,27,92,513,361,6859
1,1,28,-31,532,361,6859
1,1,28,-7,532,361,6859
1,1,28,9,532,361,6859
1,1,28,33,532,361,6859
1,1,28,65,532,361,6859
1,1,28,89,532,361,6859
1,1,30,-25,570,361,6859
1,1,30,3,570,361,6859
1,1,30,11,570,361,6859
1,1,30,23,570,361,6859
1,1,30,63,570,361,6859
1,1,30,83,570,361,6859
1,1,32,61,608,361,6859
1,1,32,77,608,361,6859
1,1,33,-16,627,361,6859
1,1,34,-13,646,361,6859
1,1,34,3,646,361,6859
1,1,34,15,646,361,6859
1,1,34,23,646,361,6859
1,1,34,59,646,361,6859
1,1,34,71,646,361,6859
1,1,35,-10,665,361,6859
1,1,36,-7,684,361,6859
1,1,36,17,684,361,6859
1,1,36,33,684,361,6859
1,1,36,65,684,361,6859
1,1,37,-4,703,361,6859
1,1,38,-1,722,361,6859
1,1,38,43,722,361,6859
1,1,38,55,722,361,6859
1,1,38,59,722,361,6859
1,1,38,64,722,361,6859
1,1,39,2,741,361,6859
1,1,39,62,741,361,6859
1,1,40,5,760,361,6859
1,1,40,21,760,361,6859
1,1,40,60,760,361,6859
1,1,42,11,798,361,6859
1,1,42,23,798,361,6859
1,1,42,47,798,361,6859
1,1,42,51,798,361,6859
1,1,42,56,798,361,6859
1,1,43,54,817,361,6859
1,1,44,17,836,361,6859
1,1,44,25,836,361,6859
1,1,44,41,836,361,6859
1,1,44,49,836,361,6859
1,1,44,52,836,361,6859
1,1,46,20,874,361,6859
1,1,46,23,874,361,6859
1,1,46,27,874,361,6859
1,1,46,35,874,361,6859
1,1,46,47,874,361,6859
1,1,47,22,893,361,6859
1,1,48,24,912,361,6859
1,1,48,45,912,361,6859
1,1,49,44,931,361,6859
1,1,50,28,950,361,6859
1,1,50,31,950,361,6859
1,1,50,35,950,361,6859
1,1,50,43,950,361,6859
1,1,51,30,969,361,6859
1,1,51,42,969,361,6859
1,1,52,32,988,361,6859
1,1,52,33,988,361,6859
1,1,52,41,988,361,6859
1,1,53,40,1007,361,6859
1,1,54,35,1026,361,6859
1,1,54,39,1026,361,6859
1,1,55,36,1045,361,6859
1,1,56,37,1064,361,6859
1,2,-18,-74,-342,722,6859
1,2,-8,-170,-152,722,6859
1,2,-5,-159,-95,722,6859
1,2,-1,-139,-19,722,6859
1,2,1,-129,19,722,6859
1,2,3,-119,57,722,6859
1,2,5,-109,95,722,6859
1,2,6,-26,114,722,6859
1,2,13,163,247,722,6859
1,2,15,157,285,722,6859
1,2,17,151,323,722,6859
1,2,19,145,361,722,6859
1,2,20,142,380,722,6859
1,2,21,139,399,722,6859
1,2,24,-24,456,722,6859
1,2,26,-16,494,722,6859
1,2,30,22,570,722,6859
1,2,36,102,684,722,6859
1,2,38,98,722,722,6859
1,2,39,31,741,722,6859
1,2,41,37,779,722,6859
1,2,43,43,817,722,6859
1,2,45,49,855,722,6859
1,2,47,83,893,722,6859
1,2,49,81,931,722,6859
1,2,51,79,969,722,6859
1,2,52,66,988,722,6859
1,2,53,77,1007,722,6859
1,2,54,70,1026,722,6859
1,2,55,73,1045,722,6859
1,2,57,75,1083,722,6859
1,3,-18,-111,-342,1083,6859
1,3,-16,-105,-304,1083,6859
1,3,-14,-99,-266,1083,6859
1,3,-12,-173,-228,1083,6859
1,3,-12,-93,-228,1083,6859
1,3,-10,-180,-190,1083,6859
1,3,-10,-159,-190,1083,6859
1,3,-10,-87,-190,1083,6859
1,3,-8,-161,-152,1083,6859
1,3,-8,-145,-152,1083,6859
1,3,-8,-81,-152,1083,6859
1,3,-6,-151,-114,1083,6859
1,3,-6,-131,-114,1083,6859
1,3,-6,-75,-114,1083,6859
1,3,-4,-141,-76,1083,6859
1,3,-4,-117,-76,1083,6859
1,3,-4,-69,-76,1083,6859
1,3,-2,-131,-38,1083,6859
1,3,-2,-103,-38,1083,6859
1,3,-2,-63,-38,1083,6859
1,3,0,-121,0,1083,6859
1,3,0,-89,0,1083,6859
1,3,0,23,0,1083,6859
1,3,2,-111,38,1083,6859
1,3,2,-75,38,1083,6859
1,3,2,-51,38,1083,6859
1,3,2,9,38,1083,6859
1,3,4,-101,76,1083,6859
1,3,4,-61,76,1083,6859
1,3,4,-45,76,1083,6859
1,3,4,-5,76,1083,6859
1,3,4,59,76,1083,6859
1,3,6,-91,114,1083,6859
1,3,6,-47,114,1083,6859
1,3,6,-39,114,1083,6859
1,3,6,61,114,1083,6859
1,3,8,-81,152,1083,6859
1,3,8,63,152,1083,6859
1,3,10,-71,190,1083,6859
1,3,10,-47,190,1083,6859
1,3,10,-27,190,1083,6859
1,3,10,65,190,1083,6859
1,3,11,-66,209,1083,6859
1,3,12,-61,228,1083,6859
1,3,12,-21,228,1083,6859
1,3,12,-5,228,1083,6859
1,3,12,67,228,1083,6859
1,3,12,139,228,1083,6859
1,3,12,155,228,1083,6859
1,3,13,-56,247,1083,6859
1,3,14,-51,266,1083,6859
1,3,14,-15,266,1083,6859
1,3,14,9,266,1083,6859
1,3,14,69,266,1083,6859
1,3,14,129,266,1083,6859
1,3,14,153,266,1083,6859
1,3,15,-46,285,1083,6859
1,3,16,-41,304,1083,6859
1,3,16,-9,304,1083,6859
1,3,16,23,304,1083,6859
1,3,16,71,304,1083,6859
1,3,16,119,304,1083,6859
1,3,16,151,304,1083,6859
1,3,16,183,304,1083,6859
1,3,18,-31,342,1083,6859
1,3,18,-3,342,1083,6859
1,3,18,37,342,1083,6859
1,3,18,73,342,1083,6859
1,3,18,109,342,1083,6859
1,3,18,149,342,1083,6859
1,3,18,177,342,1083,6859
1,3,20,-21,380,1083,6859
1,3,20,3,380,1083,6859
1,3,20,51,380,1083,6859
1,3,20,75,380,1083,6859
1,3,20,99,380,1083,6859
1,3,20,147,380,1083,6859
1,3,22,-11,418,1083,6859
1,3,22,9,418,1083,6859
1,3,22,65,418,1083,6859
1,3,22,77,418,1083,6859
1,3,22,89,418,1083,6859
1,3,22,145,418,1083,6859
1,3,22,165,418,1083,6859
1,3,24,-1,456,1083,6859
1,3,24,15,456,1083,6859
1,3,24,143,456,1083,6859
1,3,24,159,456,1083,6859
1,3,26,9,494,1083,6859
1,3,26,21,494,1083,6859
1,3,26,69,494,1083,6859
1,3,26,81,494,1083,6859
1,3,26,93,494,1083,6859
1,3,26,141,494,1083,6859
1,3,26,153,494,1083,6859
1,3,28,27,532,1083,6859
1,3,28,59,532,1083,6859
1,3,28,83,532,1083,6859
1,3,28,107,532,1083,6859
1,3,28,139,532,1083,6859
1,3,28,147,532,1083,6859
1,3,30,22,570,1083,6859
1,3,30,29,570,1083,6859
1,3,30,33,570,1083,6859
1,3,30,49,570,1083,6859
1,3,30,85,570,1083,6859
1,3,30,121,570,1083,6859
1,3,30,137,570,1083,6859
1,3,30,141,570,1083,6859
1,3,30,148,570,1083,6859
1,3,31,26,589,1083,6859
1,3,31,146,589,1083,6859
1,3,32,30,608,1083,6859
1,3,32,87,608,1083,6859
1,3,32,144,608,1083,6859
1,3,34,45,646,1083,6859
1,3,34,49,646,1083,6859
1,3,34,89,646,1083,6859
1,3,34,129,646,1083,6859
1,3,34,140,646,1083,6859
1,3,35,42,665,1083,6859
1,3,35,138,665,1083,6859
1,3,36,46,684,1083,6859
1,3,36,51,684,1083,6859
1,3,36,59,684,1083,6859
1,3,36,91,684,1083,6859
1,3,36,123,684,1083,6859
1,3,36,131,684,1083,6859
1,3,36,136,684,1083,6859
1,3,38,69,722,1083,6859
1,3,38,93,722,1083,6859
1,3,38,117,722,1083,6859
1,3,38,129,722,1083,6859
1,3,40,63,760,1083,6859
1,3,40,79,760,1083,6859
1,3,40,111,760,1083,6859
1,3,40,127,760,1083,6859
1,3,42,69,798,1083,6859
1,3,42,89,798,1083,6859
1,3,42,97,798,1083,6859
1,3,42,105,798,1083,6859
1,3,42,125,798,1083,6859
1,3,44,75,836,1083,6859
1,3,44,123,836,1083,6859
1,3,45,78,855,1083,6859
1,3,45,122,855,1083,6859
1,3,46,81,874,1083,6859
1,3,46,93,874,1083,6859
1,3,46,101,874,1083,6859
1,3,46,109,874,1083,6859
1,3,46,121,874,1083,6859
1,3,47,84,893,1083,6859
1,3,47,120,893,1083,6859
1,3,48,87,912,1083,6859
1,3,48,103,912,1083,6859
1,3,48,119,912,1083,6859
1,3,49,90,931,1083,6859
1,3,49,118,931,1083,6859
1,3,50,93,950,1083,6859
1,3,50,105,950,1083,6859
1,3,50,117,950,1083,6859
1,3,51,96,969,1083,6859
1,3,51,116,969,1083,6859
1,3,52,99,988,1083,6859
1,3,52,107,988,1083,6859
1,3,52,115,988,1083,6859
1,3,54,104,1026,1083,6859
1,3,54,105,1026,1083,6859
1,3,54,109,1026,1083,6859
1,3,54,113,1026,1083,6859
1,3,55,106,1045,1083,6859
1,3,56,108,1064,1083,6859
1,3,57,110,1083,1083,6859
1,3,57,112,1083,1083,6859
1,3,58,112,1102,1083,6859
1,3,58,113,1102,1083,6859
1,4,-18,-148,-342,1444,6859
1,4,-7,-49,-133,1444,6859
1,4,-4,-142,-76,1444,6859
1,4,-2,-130,-38,1444,6859
1,4,0,-118,0,1444,6859
1,4,19,-13,361,1444,6859
1,4,21,-3,399,1444,6859
1,4,23,7,437,1444,6859
1,4,24,194,456,1444,6859
1,4,25,17,475,1444,6859
1,4,28,186,532,1444,6859
1,4,30,44,570,1444,6859
1,4,30,182,570,1444,6859
1,4,32,178,608,1444,6859
1,4,39,80,741,1444,6859
1,4,40,84,760,1444,6859
1,4,42,92,798,1444,6859
1,4,43,161,817,1444,6859
1,4,45,159,855,1444,6859
1,4,47,157,893,1444,6859
1,4,49,155,931,1444,6859
1,4,51,125,969,1444,6859
1,4,51,153,969,1444,6859
1,4,53,131,1007,1444,6859
1,4,55,137,1045,1444,6859
1,4,57,143,1083,1444,6859
1,4,57,149,1083,1444,6859
1,4,59,151,1121,1444,6859
1,4,60,150,1140,1444,6859
1,4,61,153,1159,1444,6859
1,4,62,154,1178,1444,6859
1,5,-18,-185,-342,1805,6859
1,5,-17,-180,-323,1805,6859
1,5,-16,-212,-304,1805,6859
1,5,-16,-175,-304,1805,6859
1,5,-15,-216,-285,1805,6859
1,5,-14,-165,-266,1805,6859
1,5,-12,-195,-228,1805,6859
1,5,-12,-155,-228,1805,6859
1,5,-10,-181,-190,1805,6859
1,5,-10,-145,-190,1805,6859
1,5,-8,-167,-152,1805,6859
1,5,-8,-135,-152,1805,6859
1,5,-6,-153,-114,1805,6859
1,5,-6,-125,-114,1805,6859
1,5,-4,-139,-76,1805,6859
1,5,-4,-115,-76,1805,6859
1,5,-2,-125,-38,1805,6859
1,5,-2,-105,-38,1805,6859
1,5,-1,-100,-19,1805,6859
1,5,0,-111,0,1805,6859
1,5,2,-97,38,1805,6859
1,5,2,-85,38,1805,6859
1,5,2,-13,38,1805,6859
1,5,4,-83,76,1805,6859
1,5,4,-75,76,1805,6859
1,5,4,-27,76,1805,6859
1,5,6,-80,114,1805,6859
1,5,6,-69,114,1805,6859
1,5,6,-65,114,1805,6859
1,5,6,-41,114,1805,6859
1,5,7,-74,133,1805,6859
1,5,8,-68,152,1805,6859
1,5,8,25,152,1805,6859
1,5,10,-56,190,1805,6859
1,5,10,-45,190,1805,6859
1,5,10,-41,190,1805,6859
1,5,10,31,190,1805,6859
1,5,11,-50,209,1805,6859
1,5,12,-44,228,1805,6859
1,5,12,-35,228,1805,6859
1,5,12,-27,228,1805,6859
1,5,12,37,228,1805,6859
1,5,14,-25,266,1805,6859
1,5,14,-13,266,1805,6859
1,5,14,43,266,1805,6859
1,5,16,-15,304,1805,6859
1,5,16,1,304,1805,6859
1,5,16,49,304,1805,6859
1,5,18,-5,342,1805,6859
1,5,18,15,342,1805,6859
1,5,18,55,342,1805,6859
1,5,20,5,380,1805,6859
1,5,20,29,380,1805,6859
1,5,20,61,380,1805,6859
1,5,20,125,380,1805,6859
1,5,20,149,380,1805,6859
1,5,22,15,418,1805,6859
1,5,22,43,418,1805,6859
1,5,22,67,418,1805,6859
1,5,22,115,418,1805,6859
1,5,22,151,418,1805,6859
1,5,24,25,456,1805,6859
1,5,24,73,456,1805,6859
1,5,24,105,456,1805,6859
1,5,24,153,456,1805,6859
1,5,26,35,494,1805,6859
1,5,26,71,494,1805,6859
1,5,26,79,494,1805,6859
1,5,26,155,494,1805,6859
1,5,28,45,532,1805,6859
1,5,28,157,532,1805,6859
1,5,28,205,532,1805,6859
1,5,28,213,532,1805,6859
1,5,29,50,551,1805,6859
1,5,30,55,570,1805,6859
1,5,30,75,570,1805,6859
1,5,30,91,570,1805,6859
1,5,30,99,570,1805,6859
1,5,30,159,570,1805,6859
1,5,30,199,570,1805,6859
1,5,30,211,570,1805,6859
1,5,31,60,589,1805,6859
1,5,32,65,608,1805,6859
1,5,32,97,608,1805,6859
1,5,32,113,608,1805,6859
1,5,32,161,608,1805,6859
1,5,32,193,608,1805,6859
1,5,33,70,627,1805,6859
1,5,34,75,646,1805,6859
1,5,34,103,646,1805,6859
1,5,34,127,646,1805,6859
1,5,34,163,646,1805,6859
1,5,34,187,646,1805,6859
1,5,34,207,646,1805,6859
1,5,35,80,665,1805,6859
1,5,36,85,684,1805,6859
1,5,36,109,684,1805,6859
1,5,36,141,684,1805,6859
1,5,36,165,684,1805,6859
1,5,36,181,684,1805,6859
1,5,36,205,684,1805,6859
1,5,38,115,722,1805,6859
1,5,38,155,722,1805,6859
1,5,38,167,722,1805,6859
1,5,38,175,722,1805,6859
1,5,38,203,722,1805,6859
1,5,40,105,760,1805,6859
1,5,40,121,760,1805,6859
1,5,40,201,760,1805,6859
1,5,41,200,779,1805,6859
1,5,42,115,798,1805,6859
1,5,42,127,798,1805,6859
1,5,42,163,798,1805,6859
1,5,42,183,798,1805,6859
1,5,42,199,798,1805,6859
1,5,43,198,817,1805,6859
1,5,44,125,836,1805,6859
1,5,44,157,836,1805,6859
1,5,44,173,836,1805,6859
1,5,44,197,836,1805,6859
1,5,45,196,855,1805,6859
1,5,46,130,874,1805,6859
1,5,46,135,874,1805,6859
1,5,46,139,874,1805,6859
1,5,46,151,874,1805,6859
1,5,46,175,874,1805,6859
1,5,46,195,874,1805,6859
1,5,47,134,893,1805,6859
1,5,47,194,893,1805,6859
1,5,48,138,912,1805,6859
1,5,48,177,912,1805,6859
1,5,48,193,912,1805,6859
1,5,50,146,950,1805,6859
1,5,50,151,950,1805,6859
1,5,50,155,950,1805,6859
1,5,50,179,950,1805,6859
1,5,50,191,950,1805,6859
1,5,51,150,969,1805,6859
1,5,52,154,988,1805,6859
1,5,52,157,988,1805,6859
1,5,52,165,988,1805,6859
1,5,52,181,988,1805,6859
1,5,52,189,988,1805,6859
1,5,54,163,1026,1805,6859
1,5,54,175,1026,1805,6859
1,5,54,183,1026,1805,6859
1,5,54,187,1026,1805,6859
1,5,56,169,1064,1805,6859
1,5,57,172,1083,1805,6859
1,5,58,175,1102,1805,6859
1,5,58,183,1102,1805,6859
1,5,58,187,1102,1805,6859
1,5,59,178,1121,1805,6859
1,5,60,181,1140,1805,6859
1,5,60,189,1140,1805,6859
1,5,61,184,1159,1805,6859
1,5,62,187,1178,1805,6859
1,5,62,188,1178,1805,6859
1,5,62,191,1178,1805,6859
1,5,63,192,1197,1805,6859
1,5,64,192,1216,1805,6859
1,5,64,193,1216,1805,6859
1,5,65,194,1235,1805,6859
1,6,-17,-241,-323,2166,6859
1,6,-17,-236,-323,2166,6859
1,6,-13,-213,-247,2166,6859
1,6,-12,-206,-228,2166,6859
1,6,-11,-199,-209,2166,6859
1,6,-9,-185,-171,2166,6859
1,6,-5,-157,-95,2166,6859
1,6,-3,-143,-57,2166,6859
1,6,20,6,380,2166,6859
1,6,22,18,418,2166,6859
1,6,39,113,741,2166,6859
1,6,39,239,741,2166,6859
1,6,40,238,760,2166,6859
1,6,41,123,779,2166,6859
1,6,41,237,779,2166,6859
1,6,43,235,817,2166,6859
1,6,45,143,855,2166,6859
1,6,45,233,855,2166,6859
1,6,56,192,1064,2166,6859
1,6,58,200,1102,2166,6859
1,6,63,219,1197,2166,6859
1,6,63,229,1197,2166,6859
1,6,65,225,1235,2166,6859
1,6,65,231,1235,2166,6859
1,6,66,230,1254,2166,6859
1,6,67,231,1273,2166,6859
1,6,67,233,1273,2166,6859
1,7,-18,-270,-342,2527,6859
1,7,-18,-259,-342,2527,6859
1,7,-17,-252,-323,2527,6859
1,7,-16,-245,-304,2527,6859
1,7,-14,-231,-266,2527,6859
1,7,-12,-217,-228,2527,6859
1,7,-10,-203,-190,2527,6859
1,7,-8,-189,-152,2527,6859
1,7,-6,-175,-114,2527,6859
1,7,-4,-161,-76,2527,6859
1,7,-4,-136,-76,2527,6859
1,7,-3,-154,-57,2527,6859
1,7,-2,-147,-38,2527,6859
1,7,-1,-140,-19,2527,6859
1,7,2,-119,38,2527,6859
1,7,4,-105,76,2527,6859
1,7,5,-98,95,2527,6859
1,7,6,-91,114,2527,6859
1,7,6,-63,114,2527,6859
1,7,7,-84,133,2527,6859
1,7,8,-77,152,2527,6859
1,7,9,-70,171,2527,6859
1,7,10,-63,190,2527,6859
1,7,11,-56,209,2527,6859
1,7,12,-49,228,2527,6859
1,7,12,-9,228,2527,6859
1,7,14,-35,266,2527,6859
1,7,14,1,266,2527,6859
1,7,16,-21,304,2527,6859
1,7,16,11,304,2527,6859
1,7,18,-7,342,2527,6859
1,7,18,21,342,2527,6859
1,7,20,7,380,2527,6859
1,7,20,31,380,2527,6859
1,7,22,21,418,2527,6859
1,7,22,41,418,2527,6859
1,7,24,35,456,2527,6859
1,7,24,51,456,2527,6859
1,7,26,49,494,2527,6859
1,7,26,61,494,2527,6859
1,7,26,121,494,2527,6859
1,7,28,63,532,2527,6859
1,7,28,71,532,2527,6859
1,7,28,111,532,2527,6859
1,7,28,143,532,2527,6859
1,7,30,68,570,2527,6859
1,7,30,77,570,2527,6859
1,7,30,81,570,2527,6859
1,7,30,101,570,2527,6859
1,7,30,149,570,2527,6859
1,7,31,74,589,2527,6859
1,7,32,80,608,2527,6859
1,7,32,155,608,2527,6859
1,7,34,92,646,2527,6859
1,7,34,101,646,2527,6859
1,7,34,105,646,2527,6859
1,7,34,161,646,2527,6859
1,7,35,98,665,2527,6859
1,7,36,104,684,2527,6859
1,7,36,111,684,2527,6859
1,7,36,119,684,2527,6859
1,7,36,167,684,2527,6859
1,7,38,121,722,2527,6859
1,7,38,173,722,2527,6859
1,7,40,131,760,2527,6859
1,7,40,147,760,2527,6859
1,7,40,179,760,2527,6859
1,7,40,227,760,2527,6859
1,7,40,243,760,2527,6859
1,7,42,141,798,2527,6859
1,7,42,161,798,2527,6859
1,7,42,185,798,2527,6859
1,7,42,221,798,2527,6859
1,7,42,245,798,2527,6859
1,7,43,272,817,2527,6859
1,7,44,151,836,2527,6859
1,7,44,175,836,2527,6859
1,7,44,191,836,2527,6859
1,7,44,215,836,2527,6859
1,7,44,271,836,2527,6859
1,7,46,161,874,2527,6859
1,7,46,189,874,2527,6859
1,7,46,197,874,2527,6859
1,7,46,249,874,2527,6859
1,7,46,269,874,2527,6859
1,7,48,251,912,2527,6859
1,7,48,267,912,2527,6859
1,7,49,176,931,2527,6859
1,7,50,181,950,2527,6859
1,7,50,197,950,2527,6859
1,7,50,217,950,2527,6859
1,7,50,253,950,2527,6859
1,7,50,265,950,2527,6859
1,7,51,186,969,2527,6859
1,7,52,191,988,2527,6859
1,7,52,215,988,2527,6859
1,7,52,231,988,2527,6859
1,7,52,255,988,2527,6859
1,7,52,263,988,2527,6859
1,7,53,196,1007,2527,6859
1,7,54,201,1026,2527,6859
1,7,54,221,1026,2527,6859
1,7,54,245,1026,2527,6859
1,7,54,257,1026,2527,6859
1,7,54,261,1026,2527,6859
1,7,55,206,1045,2527,6859
1,7,56,211,1064,2527,6859
1,7,56,227,1064,2527,6859
1,7,58,221,1102,2527,6859
1,7,58,233,1102,2527,6859
1,7,58,257,1102,2527,6859
1,7,58,261,1102,2527,6859
1,7,60,231,1140,2527,6859
1,7,60,239,1140,2527,6859
1,7,60,255,1140,2527,6859
1,7,60,263,1140,2527,6859
1,7,62,238,1178,2527,6859
1,7,62,241,1178,2527,6859
1,7,62,245,1178,2527,6859
1,7,62,253,1178,2527,6859
1,7,62,265,1178,2527,6859
1,7,63,242,1197,2527,6859
1,7,64,246,1216,2527,6859
1,7,64,267,1216,2527,6859
1,7,65,268,1235,2527,6859
1,7,66,254,1254,2527,6859
1,7,66,257,1254,2527,6859
1,7,66,261,1254,2527,6859
1,7,66,269,1254,2527,6859
1,7,67,258,1273,2527,6859
1,7,67,270,1273,2527,6859
1,7,68,262,1292,2527,6859
1,7,68,263,1292,2527,6859
1,7,68,271,1292,2527,6859
1,7,69,272,1311,2527,6859
1,7,70,269,1330,2527,6859
1,7,70,272,1330,2527,6859
1,7,70,273,1330,2527,6859
1,7,71,272,1349,2527,6859
1,7,72,275,1368,2527,6859
1,7,72,276,1368,2527,6859
1,7,73,278,1387,2527,6859
1,8,-18,-296,-342,2888,6859
1,8,-17,-288,-323,2888,6859
1,8,-16,-280,-304,2888,6859
1,8,-10,-232,-190,2888,6859
1,8,-9,-224,-171,2888,6859
1,8,-8,-216,-152,2888,6859
1,8,-6,-200,-114,2888,6859
1,8,-5,-192,-95,2888,6859
1,8,-2,-168,-38,2888,6859
1,8,19,-11,361,2888,6859
1,8,21,3,399,2888,6859
1,8,23,17,437,2888,6859
1,8,25,31,475,2888,6859
1,8,44,154,836,2888,6859
1,8,46,166,874,2888,6859
1,8,51,301,969,2888,6859
1,8,59,239,1121,2888,6859
1,8,61,249,1159,2888,6859
1,8,63,259,1197,2888,6859
1,8,65,269,1235,2888,6859
1,8,67,307,1273,2888,6859
1,8,69,309,1311,2888,6859
1,8,71,311,1349,2888,6859
1,8,72,300,1368,2888,6859
1,8,73,313,1387,2888,6859
1,8,74,308,1406,2888,6859
1,8,75,313,1425,2888,6859
1,8,76,318,1444,2888,6859
1,8,77,319,1463,2888,6859
1,8,78,322,1482,2888,6859
1,9,-2,-194,-38,3249,6859
1,9,6,-130,114,3249,6859
1,9,7,-122,133,3249,6859
1,9,10,-98,190,3249,6859
1,9,11,-90,209,3249,6859
1,9,12,-82,228,3249,6859
1,9,13,-74,247,3249,6859
1,9,16,-43,304,3249,6859
1,9,18,-29,342,3249,6859
1,9,20,-15,380,3249,6859
1,9,22,-1,418,3249,6859
1,9,24,13,456,3249,6859
1,9,26,27,494,3249,6859
1,9,28,41,532,3249,6859
1,9,30,55,570,3249,6859
1,9,32,69,608,3249,6859
1,9,34,83,646,3249,6859
1,9,34,107,646,3249,6859
1,9,35,90,665,3249,6859
1,9,36,97,684,3249,6859
1,9,36,137,684,3249,6859
1,9,37,104,703,3249,6859
1,9,38,111,722,3249,6859
1,9,38,147,722,3249,6859
1,9,39,118,741,3249,6859
1,9,40,125,760,3249,6859
1,9,40,157,760,3249,6859
1,9,42,139,798,3249,6859
1,9,42,167,798,3249,6859
1,9,44,153,836,3249,6859
1,9,44,177,836,3249,6859
1,9,46,167,874,3249,6859
1,9,46,187,874,3249,6859
1,9,48,181,912,3249,6859
1,9,48,197,912,3249,6859
1,9,50,195,950,3249,6859
1,9,50,207,950,3249,6859
1,9,50,255,950,3249,6859
1,9,52,217,988,3249,6859
1,9,52,249,988,3249,6859
1,9,52,273,988,3249,6859
1,9,54,216,1026,3249,6859
1,9,54,223,1026,3249,6859
1,9,54,227,1026,3249,6859
1,9,54,243,1026,3249,6859
1,9,54,279,1026,3249,6859
1,9,55,222,1045,3249,6859
1,9,58,240,1102,3249,6859
1,9,58,251,1102,3249,6859
1,9,58,291,1102,3249,6859
1,9,59,246,1121,3249,6859
1,9,60,252,1140,3249,6859
1,9,60,257,1140,3249,6859
1,9,60,265,1140,3249,6859
1,9,60,297,1140,3249,6859
1,9,60,329,1140,3249,6859
1,9,60,337,1140,3249,6859
1,9,62,267,1178,3249,6859
1,9,62,279,1178,3249,6859
1,9,62,303,1178,3249,6859
1,9,62,327,1178,3249,6859
1,9,62,339,1178,3249,6859
1,9,64,277,1216,3249,6859
1,9,64,293,1216,3249,6859
1,9,64,309,1216,3249,6859
1,9,64,325,1216,3249,6859
1,9,64,341,1216,3249,6859
1,9,66,287,1254,3249,6859
1,9,66,307,1254,3249,6859
1,9,66,315,1254,3249,6859
1,9,66,343,1254,3249,6859
1,9,68,297,1292,3249,6859
1,9,68,345,1292,3249,6859
1,9,69,302,1311,3249,6859
1,9,69,346,1311,3249,6859
1,9,70,307,1330,3249,6859
1,9,70,319,1330,3249,6859
1,9,70,327,1330,3249,6859
1,9,70,335,1330,3249,6859
1,9,70,347,1330,3249,6859
1,9,71,312,1349,3249,6859
1,9,71,348,1349,3249,6859
1,9,72,317,1368,3249,6859
1,9,72,333,1368,3249,6859
1,9,72,349,1368,3249,6859
1,9,73,322,1387,3249,6859
1,9,73,350,1387,3249,6859
1,9,74,327,1406,3249,6859
1,9,74,339,1406,3249,6859
1,9,74,351,1406,3249,6859
1,9,75,332,1425,3249,6859
1,9,75,352,1425,3249,6859
1,9,76,337,1444,3249,6859
1,9,76,345,1444,3249,6859
1,9,76,353,1444,3249,6859
1,9,78,346,1482,3249,6859
1,9,78,347,1482,3249,6859
1,9,78,351,1482,3249,6859
1,9,78,355,1482,3249,6859
1,9,78,356,1482,3249,6859
1,9,79,350,1501,3249,6859
1,9,79,358,1501,3249,6859
1,9,80,354,1520,3249,6859
1,9,80,360,1520,3249,6859
1,9,81,358,1539,3249,6859
1,9,81,360,1539,3249,6859
1,9,81,362,1539,3249,6859
1,9,82,362,1558,3249,6859
1,9,82,363,1558,3249,6859
1,9,82,364,1558,3249,6859
1,10,23,-20,437,3610,6859
1,10,24,-12,456,3610,6859
1,10,26,4,494,3610,6859
1,10,27,12,513,3610,6859
1,10,29,37,551,3610,6859
1,10,45,149,855,3610,6859
1,10,47,163,893,3610,6859
1,10,49,177,931,3610,6859
1,10,51,191,969,3610,6859
1,10,53,205,1007,3610,6859
1,10,68,302,1292,3610,6859
1,10,70,314,1330,3610,6859
1,10,71,385,1349,3610,6859
1,10,73,387,1387,3610,6859
1,10,74,338,1406,3610,6859
1,10,75,389,1425,3610,6859
1,10,77,391,1463,3610,6859
1,10,79,365,1501,3610,6859
1,10,81,375,1539,3610,6859
1,10,82,398,1558,3610,6859
1,10,83,385,1577,3610,6859
1,10,84,402,1596,3610,6859
1,10,85,395,1615,3610,6859
1,10,86,406,1634,3610,6859
1,10,87,405,1653,3610,6859
1,10,87,407,1653,3610,6859
1,10,88,408,1672,3610,6859
1,10,89,412,1691,3610,6859
1,10,89,413,1691,3610,6859
1,10,90,416,1710,3610,6859
1,11,37,66,703,3971,6859
1,11,38,74,722,3971,6859
1,11,39,82,741,3971,6859
1,11,40,90,760,3971,6859
1,11,42,106,798,3971,6859
1,11,44,122,836,3971,6859
1,11,44,131,836,3971,6859
1,11,46,145,874,3971,6859
1,11,48,159,912,3971,6859
1,11,50,173,950,3971,6859
1,11,52,187,988,3971,6859
1,11,54,201,1026,3971,6859
1,11,56,215,1064,3971,6859
1,11,58,229,1102,3971,6859
1,11,60,243,1140,3971,6859
1,11,61,250,1159,3971,6859
1,11,62,257,1178,3971,6859
1,11,62,277,1178,3971,6859
1,11,63,264,1197,3971,6859
1,11,64,271,1216,3971,6859
1,11,64,303,1216,3971,6859
1,11,65,278,1235,3971,6859
1,11,66,313,1254,3971,6859
1,11,67,292,1273,3971,6859
1,11,68,299,1292,3971,6859
1,11,70,313,1330,3971,6859
1,11,70,333,1330,3971,6859
1,11,72,327,1368,3971,6859
1,11,72,343,1368,3971,6859
1,11,74,341,1406,3971,6859
1,11,74,353,1406,3971,6859
1,11,74,389,1406,3971,6859
1,11,76,355,1444,3971,6859
1,11,76,363,1444,3971,6859
1,11,76,387,1444,3971,6859
1,11,76,403,1444,3971,6859
1,11,78,364,1482,3971,6859
1,11,78,369,1482,3971,6859
1,11,78,373,1482,3971,6859
1,11,78,385,1482,3971,6859
1,11,78,409,1482,3971,6859
1,11,78,424,1482,3971,6859
1,11,79,370,1501,3971,6859
1,11,79,430,1501,3971,6859
1,11,80,376,1520,3971,6859
1,11,80,415,1520,3971,6859
1,11,80,431,1520,3971,6859
1,11,82,388,1558,3971,6859
1,11,82,393,1558,3971,6859
1,11,82,397,1558,3971,6859
1,11,82,421,1558,3971,6859
1,11,82,433,1558,3971,6859
1,11,83,394,1577,3971,6859
1,11,84,400,1596,3971,6859
1,11,84,403,1596,3971,6859
1,11,84,411,1596,3971,6859
1,11,84,427,1596,3971,6859
1,11,84,435,1596,3971,6859
1,11,86,413,1634,3971,6859
1,11,86,425,1634,3971,6859
1,11,86,433,1634,3971,6859
1,11,86,440,1634,3971,6859
1,11,87,442,1653,3971,6859
1,11,88,423,1672,3971,6859
1,11,88,444,1672,3971,6859
1,11,89,428,1691,3971,6859
1,11,90,433,1710,3971,6859
1,11,90,441,1710,3971,6859
1,11,90,445,1710,3971,6859
1,11,90,448,1710,3971,6859
1,11,91,438,1729,3971,6859
1,11,91,450,1729,3971,6859
1,11,92,443,1748,3971,6859
1,11,92,451,1748,3971,6859
1,11,92,452,1748,3971,6859
1,11,93,448,1767,3971,6859
1,11,94,453,1786,3971,6859
1,11,94,454,1786,3971,6859
1,11,94,457,1786,3971,6859
1,11,95,460,1805,3971,6859
1,11,96,462,1824,3971,6859
1,11,96,463,1824,3971,6859
1,11,97,466,1843,3971,6859
1,12,56,192,1064,4332,6859
1,12,58,208,1102,4332,6859
1,12,75,337,1425,4332,6859
1,12,77,351,1463,4332,6859
1,12,79,365,1501,4332,6859
1,12,81,379,1539,4332,6859
1,12,92,450,1748,4332,6859
1,12,92,486,1748,4332,6859
1,12,94,462,1786,4332,6859
1,12,94,490,1786,4332,6859
1,12,99,491,1881,4332,6859
1,12,99,501,1881,4332,6859
1,12,101,501,1919,4332,6859
1,12,101,507,1919,4332,6859
1,12,103,511,1957,4332,6859
1,13,70,278,1330,4693,6859
1,13,71,286,1349,4693,6859
1,13,72,294,1368,4693,6859
1,13,74,310,1406,4693,6859
1,13,75,318,1425,4693,6859
1,13,76,326,1444,4693,6859
1,13,76,333,1444,4693,6859
1,13,78,347,1482,4693,6859
1,13,82,374,1558,4693,6859
1,13,82,375,1558,4693,6859
1,13,84,389,1596,4693,6859
1,13,86,403,1634,4693,6859
1,13,88,417,1672,4693,6859
1,13,89,424,1691,4693,6859
1,13,90,431,1710,4693,6859
1,13,90,447,1710,4693,6859
1,13,91,438,1729,4693,6859
1,13,92,445,1748,4693,6859
1,13,92,469,1748,4693,6859
1,13,93,452,1767,4693,6859
1,13,94,459,1786,4693,6859
1,13,94,479,1786,4693,6859
1,13,95,466,1805,4693,6859
1,13,96,473,1824,4693,6859
1,13,96,489,1824,4693,6859
1,13,96,506,1824,4693,6859
1,13,98,487,1862,4693,6859
1,13,98,499,1862,4693,6859
1,13,98,523,1862,4693,6859
1,13,99,530,1881,4693,6859
1,13,99,534,1881,4693,6859
1,13,100,501,1900,4693,6859
1,13,100,509,1900,4693,6859
1,13,100,525,1900,4693,6859
1,13,100,533,1900,4693,6859
1,13,100,536,1900,4693,6859
1,13,101,506,1919,4693,6859
1,13,101,538,1919,4693,6859
1,13,102,512,1938,4693,6859
1,13,102,515,1938,4693,6859
1,13,102,519,1938,4693,6859
1,13,102,527,1938,4693,6859
1,13,102,539,1938,4693,6859
1,13,103,518,1957,4693,6859
1,13,104,524,1976,4693,6859
1,13,104,545,1976,4693,6859
1,13,105,548,1995,4693,6859
1,13,106,536,2014,4693,6859
1,13,106,539,2014,4693,6859
1,13,106,543,2014,4693,6859
1,13,107,542,2033,4693,6859
1,13,107,554,2033,4693,6859
1,13,108,548,2052,4693,6859
1,13,108,549,2052,4693,6859
1,13,108,557,2052,4693,6859
1,13,109,560,2071,4693,6859
1,13,110,559,2090,4693,6859
1,13,110,562,2090,4693,6859
1,13,110,563,2090,4693,6859
1,13,111,564,2109,4693,6859
1,13,112,569,2128,4693,6859
1,13,113,574,2147,4693,6859
1,14,84,364,1596,5054,6859
1,14,88,396,1672,5054,6859
1,14,90,412,1710,5054,6859
1,14,92,428,1748,5054,6859
1,14,103,511,1957,5054,6859
1,14,105,525,1995,5054,6859
1,14,106,538,2014,5054,6859
1,14,107,539,2033,5054,6859
1,14,109,553,2071,5054,6859
1,14,110,590,2090,5054,6859
1,14,111,595,2109,5054,6859
1,14,113,601,2147,5054,6859
1,14,114,586,2166,5054,6859
1,14,115,607,2185,5054,6859
1,14,116,598,2204,5054,6859
1,14,116,610,2204,5054,6859
1,14,117,613,2223,5054,6859
1,14,118,610,2242,5054,6859
1,14,119,617,2261,5054,6859
1,14,119,619,2261,5054,6859
1,14,120,624,2280,5054,6859
1,14,121,628,2299,5054,6859
1,14,122,632,2318,5054,6859
1,15,101,474,1919,5415,6859
1,15,102,482,1938,5415,6859
1,15,103,490,1957,5415,6859
1,15,104,498,1976,5415,6859
1,15,106,514,2014,5415,6859
1,15,107,522,2033,5415,6859
1,15,108,530,2052,5415,6859
1,15,108,535,2052,5415,6859
1,15,109,538,2071,5415,6859
1,15,110,549,2090,5415,6859
1,15,112,563,2128,5415,6859
1,15,114,577,2166,5415,6859
1,15,116,591,2204,5415,6859
1,15,117,598,2223,5415,6859
1,15,118,605,2242,5415,6859
1,15,118,617,2242,5415,6859
1,15,119,612,2261,5415,6859
1,15,120,619,2280,5415,6859
1,15,120,635,2280,5415,6859
1,15,121,626,2299,5415,6859
1,15,121,650,2299,5415,6859
1,15,122,633,2318,5415,6859
1,15,122,645,2318,5415,6859
1,15,122,648,2318,5415,6859
1,15,122,657,2318,5415,6859
1,15,123,640,2337,5415,6859
1,15,123,660,2337,5415,6859
1,15,124,647,2356,5415,6859
1,15,124,655,2356,5415,6859
1,15,124,663,2356,5415,6859
1,15,126,660,2394,5415,6859
1,15,126,661,2394,5415,6859
1,15,126,669,2394,5415,6859
1,15,126,670,2394,5415,6859
1,15,127,666,2413,5415,6859
1,15,127,674,2413,5415,6859
1,15,128,672,2432,5415,6859
1,15,128,678,2432,5415,6859
1,15,129,678,2451,5415,6859
1,15,129,680,2451,5415,6859
1,15,129,682,2451,5415,6859
1,15,130,685,2470,5415,6859
1,15,130,686,2470,5415,6859
1,16,118,584,2242,5776,6859
1,16,120,600,2280,5776,6859
1,16,122,616,2318,5776,6859
1,16,124,632,2356,5776,6859
1,16,130,686,2470,5776,6859
1,16,131,685,2489,5776,6859
1,16,133,699,2527,5776,6859
1,16,134,710,2546,5776,6859
1,16,134,712,2546,5776,6859
1,16,135,713,2565,5776,6859
1,16,135,725,2565,5776,6859
1,16,135,728,2565,5776,6859
1,16,136,732,2584,5776,6859
1,16,137,727,2603,5776,6859
1,16,138,740,2622,5776,6859
1,16,139,740,2641,5776,6859
1,16,139,743,2641,5776,6859
1,16,140,746,2660,5776,6859
1,16,141,753,2679,5776,6859
1,16,142,758,2698,5776,6859
1,17,132,670,2508,6137,6859
1,17,133,678,2527,6137,6859
1,17,134,686,2546,6137,6859
1,17,135,694,2565,6137,6859
1,17,136,702,2584,6137,6859
1,17,138,718,2622,6137,6859
1,17,139,726,2641,6137,6859
1,17,139,730,2641,6137,6859
1,17,140,734,2660,6137,6859
1,17,140,737,2660,6137,6859
1,17,141,742,2679,6137,6859
1,17,141,744,2679,6137,6859
1,17,142,750,2698,6137,6859
1,17,142,751,2698,6137,6859
1,17,143,766,2717,6137,6859
1,17,144,765,2736,6137,6859
1,17,144,772,2736,6137,6859
1,17,145,772,2755,6137,6859
1,17,146,787,2774,6137,6859
1,17,146,791,2774,6137,6859
1,17,147,786,2793,6137,6859
1,17,148,793,2812,6137,6859
1,17,148,801,2812,6137,6859
1,17,148,802,2812,6137,6859
1,17,149,800,2831,6137,6859
1,17,149,802,2831,6137,6859
1,17,150,807,2850,6137,6859
1,17,150,808,2850,6137,6859
1,17,150,810,2850,6137,6859
1,17,150,811,2850,6137,6859
1,17,151,816,2869,6137,6859
1,17,152,820,2888,6137,6859
1,17,152,821,2888,6137,6859
1,17,153,826,2907,6137,6859
1,18,152,804,2888,6498,6859
1,18,154,820,2926,6498,6859
1,18,155,828,2945,6498,6859
1,18,156,838,2964,6498,6859
1,18,157,845,2983,6498,6859
1,18,157,849,2983,6498,6859
1,18,158,858,3002,6498,6859
1,18,159,859,3021,6498,6859
1,18,160,866,3040,6498,6859
1,18,160,868,3040,6498,6859
1,18,160,870,3040,6498,6859
1,18,161,873,3059,6498,6859
1,18,161,879,3059,6498,6859
1,18,162,882,3078,6498,6859
1,18,163,887,3097,6498,6859
1,18,163,888,3097,6498,6859
1,18,163,889,3097,6498,6859
1,19,165,882,3135,6859,6859
1,19,166,890,3154,6859,6859
1,19,167,898,3173,6859,6859
1,19,168,906,3192,6859,6859
1,19,169,914,3211,6859,6859
1,19,170,922,3230,6859,6859
1,19,170,925,3230,6859,6859
1,19,171,930,3249,6859,6859
1,19,171,932,3249,6859,6859
1,19,172,938,3268,6859,6859
1,19,172,939,3268,6859,6859
1,19,172,942,3268,6859,6859
1,19,174,953,3306,6859,6859
1,19,174,954,3306,6859,6859
1,19,174,956,3306,6859,6859
1,19,174,957,3306,6859,6859
1,19,175,960,3325,6859,6859
1,19,176,967,3344,6859,6859
1,19,176,968,3344,6859,6859
1,19,177,974,3363,6859,6859
1,20,182,992,3458,7220,6859
1,20,183,1000,3477,7220,6859
1,20,184,1008,3496,7220,6859
1,20,186,1024,3534,7220,6859
1,20,187,1033,3553,7220,6859
1,20,187,1035,3553,7220,6859
1,20,188,1042,3572,7220,6859
1,20,189,1047,3591,7220,6859
1,20,190,1054,3610,7220,6859
1,21,200,1110,3800,7581,6859
1,21,201,1118,3819,7581,6859
1,21,202,1126,3838,7581,6859
1,21,202,1127,3838,7581,6859
1,21,202,1128,3838,7581,6859
1,22,216,1212,4104,7942,6859
1,22,217,1220,4123,7942,6859
1,22,217,1221,4123,7942,6859
1,22,218,1228,4142,7942,6859
1,23,232,1314,4408,8303,6859
1,23,233,1322,4427,8303,6859
