1,-15,109,-527,1853,-4335,4913
1,-15,111,-544,1887,-4335,4913
1,-15,113,-561,1921,-4335,4913
1,-14,95,-442,1615,-4046,4913
1,-14,97,-459,1649,-4046,4913
1,-14,101,-493,1717,-4046,4913
1,-14,103,-510,1751,-4046,4913
1,-14,104,-510,1768,-4046,4913
1,-14,105,-527,1785,-4046,4913
1,-14,107,-527,1819,-4046,4913
1,-14,110,-544,1870,-4046,4913
1,-13,83,-374,1411,-3757,4913
1,-13,87,-408,1479,-3757,4913
1,-13,88,-408,1496,-3757,4913
1,-13,89,-425,1513,-3757,4913
1,-13,93,-459,1581,-3757,4913
1,-13,95,-476,1615,-3757,4913
1,-13,95,-459,1615,-3757,4913
1,-13,96,-476,1632,-3757,4913
1,-13,98,-476,1666,-3757,4913
1,-13,99,-493,1683,-3757,4913
1,-13,101,-493,1717,-3757,4913
1,-12,62,-238,1054,-3468,4913
1,-12,71,-306,1207,-3468,4913
1,-12,73,-323,1241,-3468,4913
1,-12,74,-340,1258,-3468,4913
1,-12,75,-340,1275,-3468,4913
1,-12,76,-340,1292,-3468,4913
1,-12,77,-357,1309,-3468,4913
1,-12,78,-374,1326,-3468,4913
1,-12,79,-374,1343,-3468,4913
1,-12,80,-374,1360,-3468,4913
1,-12,81,-391,1377,-3468,4913
1,-12,81,-374,1377,-3468,4913
1,-12,83,-391,1411,-3468,4913
1,-12,87,-425,1479,-3468,4913
1,-12,89,-442,1513,-3468,4913
1,-12,89,-425,1513,-3468,4913
1,-12,90,-442,1530,-3468,4913
1,-12,91,-442,1547,-3468,4913
1,-12,92,-442,1564,-3468,4913
1,-11,43,-119,731,-3179,4913
1,-11,49,-170,833,-3179,4913
1,-11,50,-170,850,-3179,4913
1,-11,54,-204,918,-3179,4913
1,-11,57,-221,969,-3179,4913
1,-11,59,-238,1003,-3179,4913
1,-11,61,-255,1037,-3179,4913
1,-11,62,-272,1054,-3179,4913
1,-11,63,-272,1071,-3179,4913
1,-11,65,-289,1105,-3179,4913
1,-11,66,-306,1122,-3179,4913
1,-11,67,-306,1139,-3179,4913
1,-11,67,-289,1139,-3179,4913
1,-11,69,-323,1173,-3179,4913
1,-11,69,-306,1173,-3179,4913
1,-11,70,-340,1190,-3179,4913
1,-11,71,-340,1207,-3179,4913
1,-11,71,-323,1207,-3179,4913
1,-11,72,-340,1224,-3179,4913
1,-11,73,-357,1241,-3179,4913
1,-11,74,-340,1258,-3179,4913
1,-11,75,-357,1275,-3179,4913
1,-11,77,-391,1309,-3179,4913
1,-11,77,-357,1309,-3179,4913
1,-11,79,-391,1343,-3179,4913
1,-11,81,-391,1377,-3179,4913
1,-11,83,-391,1411,-3179,4913
1,-11,87,-408,1479,-3179,4913
1,-10,31,-51,527,-2890,4913
1,-10,35,-85,595,-2890,4913
1,-10,37,-102,629,-2890,4913
1,-10,39,-119,663,-2890,4913
1,-10,42,-136,714,-2890,4913
1,-10,43,-153,731,-2890,4913
1,-10,45,-170,765,-2890,4913
1,-10,45,-153,765,-2890,4913
1,-10,46,-170,782,-2890,4913
1,-10,47,-187,799,-2890,4913
1,-10,47,-170,799,-2890,4913
1,-10,49,-204,833,-2890,4913
1,-10,49,-187,833,-2890,4913
1,-10,52,-204,884,-2890,4913
1,-10,53,-221,901,-2890,4913
1,-10,54,-238,918,-2890,4913
1,-10,55,-238,935,-2890,4913
1,-10,56,-238,952,-2890,4913
1,-10,57,-255,969,-2890,4913
1,-10,57,-238,969,-2890,4913
1,-10,59,-272,1003,-2890,4913
1,-10,60,-272,1020,-2890,4913
1,-10,61,-289,1037,-2890,4913
1,-10,62,-306,1054,-2890,4913
1,-10,62,-272,1054,-2890,4913
1,-10,63,-306,1071,-2890,4913
1,-10,63,-289,1071,-2890,4913
1,-10,63,-272,1071,-2890,4913
1,-10,64,-306,1088,-2890,4913
1,-10,65,-323,1105,-2890,4913
1,-10,65,-306,1105,-2890,4913
1,-10,65,-289,1105,-2890,4913
1,-10,66,-306,1122,-2890,4913
1,-10,67,-323,1139,-2890,4913
1,-10,67,-306,1139,-2890,4913
1,-10,69,-323,1173,-2890,4913
1,-10,69,-306,1173,-2890,4913
1,-10,71,-323,1207,-2890,4913
1,-9,12,68,204,-2601,4913
1,-9,16,34,272,-2601,4913
1,-9,19,17,323,-2601,4913
1,-9,21,0,357,-2601,4913
1,-9,23,-17,391,-2601,4913
1,-9,26,-34,442,-2601,4913
1,-9,27,-51,459,-2601,4913
1,-9,29,-68,493,-2601,4913
1,-9,30,-68,510,-2601,4913
1,-9,31,-85,527,-2601,4913
1,-9,33,-102,561,-2601,4913
1,-9,33,-85,561,-2601,4913
1,-9,35,-119,595,-2601,4913
1,-9,37,-119,629,-2601,4913
1,-9,38,-136,646,-2601,4913
1,-9,39,-153,663,-2601,4913
1,-9,39,-136,663,-2601,4913
1,-9,40,-136,680,-2601,4913
1,-9,41,-170,697,-2601,4913
1,-9,41,-153,697,-2601,4913
1,-9,41,-136,697,-2601,4913
1,-9,43,-187,731,-2601,4913
1,-9,43,-170,731,-2601,4913
1,-9,43,-153,731,-2601,4913
1,-9,44,-170,748,-2601,4913
1,-9,45,-204,765,-2601,4913
1,-9,45,-187,765,-2601,4913
1,-9,45,-170,765,-2601,4913
1,-9,46,-204,782,-2601,4913
1,-9,46,-170,782,-2601,4913
1,-9,47,-221,799,-2601,4913
1,-9,47,-204,799,-2601,4913
1,-9,47,-187,799,-2601,4913
1,-9,48,-204,816,-2601,4913
1,-9,49,-238,833,-2601,4913
1,-9,49,-221,833,-2601,4913
1,-9,49,-187,833,-2601,4913
1,-9,50,-238,850,-2601,4913
1,-9,50,-204,850,-2601,4913
1,-9,52,-238,884,-2601,4913
1,-9,53,-255,901,-2601,4913
1,-9,53,-238,901,-2601,4913
1,-9,53,-221,901,-2601,4913
1,-9,54,-272,918,-2601,4913
1,-9,55,-272,935,-2601,4913
1,-9,55,-255,935,-2601,4913
1,-9,55,-238,935,-2601,4913
1,-9,56,-272,952,-2601,4913
1,-9,56,-238,952,-2601,4913
1,-9,57,-289,969,-2601,4913
1,-9,57,-272,969,-2601,4913
1,-9,57,-255,969,-2601,4913
1,-9,57,-238,969,-2601,4913
1,-9,58,-272,986,-2601,4913
1,-9,59,-289,1003,-2601,4913
1,-9,59,-272,1003,-2601,4913
1,-9,59,-255,1003,-2601,4913
1,-9,60,-272,1020,-2601,4913
1,-9,61,-289,1037,-2601,4913
1,-9,61,-272,1037,-2601,4913
1,-9,62,-272,1054,-2601,4913
1,-9,63,-289,1071,-2601,4913
1,-9,63,-272,1071,-2601,4913
1,-9,64,-272,1088,-2601,4913
1,-9,65,-289,1105,-2601,4913
1,-9,67,-289,1139,-2601,4913
1,-9,75,-323,1275,-2601,4913
1,-8,4,102,68,-2312,4913
1,-8,8,68,136,-2312,4913
1,-8,9,68,153,-2312,4913
1,-8,13,34,221,-2312,4913
1,-8,14,34,238,-2312,4913
1,-8,15,17,255,-2312,4913
1,-8,16,0,272,-2312,4913
1,-8,18,0,306,-2312,4913
1,-8,19,-17,323,-2312,4913
1,-8,19,0,323,-2312,4913
1,-8,21,-34,357,-2312,4913
1,-8,21,-17,357,-2312,4913
1,-8,22,-34,374,-2312,4913
1,-8,23,-51,391,-2312,4913
1,-8,23,-34,391,-2312,4913
1,-8,25,-68,425,-2312,4913
1,-8,25,-51,425,-2312,4913
1,-8,26,-68,442,-2312,4913
1,-8,27,-85,459,-2312,4913
1,-8,27,-68,459,-2312,4913
1,-8,28,-68,476,-2312,4913
1,-8,29,-102,493,-2312,4913
1,-8,29,-85,493,-2312,4913
1,-8,30,-102,510,-2312,4913
1,-8,31,-119,527,-2312,4913
1,-8,31,-102,527,-2312,4913
1,-8,31,-85,527,-2312,4913
1,-8,33,-119,561,-2312,4913
1,-8,33,-102,561,-2312,4913
1,-8,35,-153,595,-2312,4913
1,-8,35,-136,595,-2312,4913
1,-8,35,-119,595,-2312,4913
1,-8,36,-136,612,-2312,4913
1,-8,37,-170,629,-2312,4913
1,-8,37,-153,629,-2312,4913
1,-8,37,-119,629,-2312,4913
1,-8,38,-170,646,-2312,4913
1,-8,38,-136,646,-2312,4913
1,-8,39,-187,663,-2312,4913
1,-8,39,-170,663,-2312,4913
1,-8,39,-153,663,-2312,4913
1,-8,39,-136,663,-2312,4913
1,-8,40,-170,680,-2312,4913
1,-8,40,-136,680,-2312,4913
1,-8,41,-204,697,-2312,4913
1,-8,41,-187,697,-2312,4913
1,-8,41,-170,697,-2312,4913
1,-8,42,-204,714,-2312,4913
1,-8,42,-170,714,-2312,4913
1,-8,43,-221,731,-2312,4913
1,-8,43,-204,731,-2312,4913
1,-8,43,-187,731,-2312,4913
1,-8,43,-170,731,-2312,4913
1,-8,43,-153,731,-2312,4913
1,-8,44,-204,748,-2312,4913
1,-8,44,-170,748,-2312,4913
1,-8,45,-238,765,-2312,4913
1,-8,45,-221,765,-2312,4913
1,-8,45,-204,765,-2312,4913
1,-8,45,-187,765,-2312,4913
1,-8,45,-170,765,-2312,4913
1,-8,46,-204,782,-2312,4913
1,-8,47,-255,799,-2312,4913
1,-8,47,-238,799,-2312,4913
1,-8,47,-221,799,-2312,4913
1,-8,47,-204,799,-2312,4913
1,-8,47,-187,799,-2312,4913
1,-8,48,-204,816,-2312,4913
1,-8,49,-255,833,-2312,4913
1,-8,49,-238,833,-2312,4913
1,-8,49,-204,833,-2312,4913
1,-8,50,-238,850,-2312,4913
1,-8,52,-238,884,-2312,4913
1,-8,52,-204,884,-2312,4913
1,-8,53,-255,901,-2312,4913
1,-8,53,-238,901,-2312,4913
1,-8,53,-221,901,-2312,4913
1,-8,54,-238,918,-2312,4913
1,-8,55,-255,935,-2312,4913
1,-8,55,-238,935,-2312,4913
1,-8,55,-221,935,-2312,4913
1,-8,56,-238,952,-2312,4913
1,-8,57,-255,969,-2312,4913
1,-8,57,-238,969,-2312,4913
1,-8,58,-238,986,-2312,4913
1,-8,59,-238,1003,-2312,4913
1,-8,61,-255,1037,-2312,4913
1,-7,-12,204,-204,-2023,4913
1,-7,-5,153,-85,-2023,4913
1,-7,-4,136,-68,-2023,4913
1,-7,-3,136,-51,-2023,4913
1,-7,-1,119,-17,-2023,4913
1,-7,1,102,17,-2023,4913
1,-7,2,102,34,-2023,4913
1,-7,3,85,51,-2023,4913
1,-7,4,68,68,-2023,4913
1,-7,5,68,85,-2023,4913
1,-7,7,51,119,-2023,4913
1,-7,7,68,119,-2023,4913
1,-7,8,34,136,-2023,4913
1,-7,9,51,153,-2023,4913
1,-7,10,34,170,-2023,4913
1,-7,11,17,187,-2023,4913
1,-7,11,34,187,-2023,4913
1,-7,12,0,204,-2023,4913
1,-7,12,34,204,-2023,4913
1,-7,13,0,221,-2023,4913
1,-7,13,17,221,-2023,4913
1,-7,14,0,238,-2023,4913
1,-7,15,-17,255,-2023,4913
1,-7,15,0,255,-2023,4913
1,-7,15,17,255,-2023,4913
1,-7,16,-34,272,-2023,4913
1,-7,16,0,272,-2023,4913
1,-7,18,-34,306,-2023,4913
1,-7,19,-51,323,-2023,4913
1,-7,19,-34,323,-2023,4913
1,-7,19,-17,323,-2023,4913
1,-7,20,-34,340,-2023,4913
1,-7,21,-68,357,-2023,4913
1,-7,21,-51,357,-2023,4913
1,-7,21,-34,357,-2023,4913
1,-7,22,-68,374,-2023,4913
1,-7,22,-34,374,-2023,4913
1,-7,23,-85,391,-2023,4913
1,-7,23,-68,391,-2023,4913
1,-7,23,-51,391,-2023,4913
1,-7,24,-68,408,-2023,4913
1,-7,25,-102,425,-2023,4913
1,-7,25,-85,425,-2023,4913
1,-7,25,-51,425,-2023,4913
1,-7,26,-68,442,-2023,4913
1,-7,27,-119,459,-2023,4913
1,-7,27,-102,459,-2023,4913
1,-7,27,-85,459,-2023,4913
1,-7,28,-102,476,-2023,4913
1,-7,28,-68,476,-2023,4913
1,-7,29,-119,493,-2023,4913
1,-7,29,-85,493,-2023,4913
1,-7,30,-136,510,-2023,4913
1,-7,30,-102,510,-2023,4913
1,-7,31,-153,527,-2023,4913
1,-7,31,-136,527,-2023,4913
1,-7,31,-119,527,-2023,4913
1,-7,31,-102,527,-2023,4913
1,-7,31,-85,527,-2023,4913
1,-7,32,-136,544,-2023,4913
1,-7,32,-102,544,-2023,4913
1,-7,33,-170,561,-2023,4913
1,-7,33,-153,561,-2023,4913
1,-7,33,-136,561,-2023,4913
1,-7,33,-119,561,-2023,4913
1,-7,33,-102,561,-2023,4913
1,-7,35,-187,595,-2023,4913
1,-7,35,-170,595,-2023,4913
1,-7,35,-153,595,-2023,4913
1,-7,35,-136,595,-2023,4913
1,-7,35,-119,595,-2023,4913
1,-7,36,-170,612,-2023,4913
1,-7,36,-136,612,-2023,4913
1,-7,37,-204,629,-2023,4913
1,-7,37,-187,629,-2023,4913
1,-7,37,-170,629,-2023,4913
1,-7,37,-153,629,-2023,4913
1,-7,37,-136,629,-2023,4913
1,-7,37,-119,629,-2023,4913
1,-7,38,-204,646,-2023,4913
1,-7,38,-170,646,-2023,4913
1,-7,38,-136,646,-2023,4913
1,-7,39,-221,663,-2023,4913
1,-7,39,-204,663,-2023,4913
1,-7,39,-187,663,-2023,4913
1,-7,39,-170,663,-2023,4913
1,-7,39,-153,663,-2023,4913
1,-7,39,-136,663,-2023,4913
1,-7,40,-204,680,-2023,4913
1,-7,40,-170,680,-2023,4913
1,-7,41,-221,697,-2023,4913
1,-7,41,-204,697,-2023,4913
1,-7,41,-187,697,-2023,4913
1,-7,41,-170,697,-2023,4913
1,-7,41,-153,697,-2023,4913
1,-7,42,-204,714,-2023,4913
1,-7,42,-170,714,-2023,4913
1,-7,43,-221,731,-2023,4913
1,-7,43,-204,731,-2023,4913
1,-7,43,-187,731,-2023,4913
1,-7,43,-170,731,-2023,4913
1,-7,43,-153,731,-2023,4913
1,-7,44,-170,748,-2023,4913
1,-7,45,-221,765,-2023,4913
1,-7,45,-204,765,-2023,4913
1,-7,45,-187,765,-2023,4913
1,-7,45,-170,765,-2023,4913
1,-7,46,-204,782,-2023,4913
1,-7,47,-221,799,-2023,4913
1,-7,47,-204,799,-2023,4913
1,-7,47,-187,799,-2023,4913
1,-7,47,-170,799,-2023,4913
1,-7,48,-204,816,-2023,4913
1,-7,49,-221,833,-2023,4913
1,-7,49,-204,833,-2023,4913
1,-7,49,-187,833,-2023,4913
1,-7,52,-204,884,-2023,4913
1,-7,53,-221,901,-2023,4913
1,-7,53,-204,901,-2023,4913
1,-7,54,-204,918,-2023,4913
1,-7,55,-221,935,-2023,4913
1,-7,57,-221,969,-2023,4913
1,-6,-15,204,-255,-1734,4913
1,-6,-13,187,-221,-1734,4913
1,-6,-12,170,-204,-1734,4913
1,-6,-11,170,-187,-1734,4913
1,-6,-10,170,-170,-1734,4913
1,-6,-9,153,-153,-1734,4913
1,-6,-8,136,-136,-1734,4913
1,-6,-7,136,-119,-1734,4913
1,-6,-6,136,-102,-1734,4913
1,-6,-5,119,-85,-1734,4913
1,-6,-5,136,-85,-1734,4913
1,-6,-4,102,-68,-1734,4913
1,-6,-3,102,-51,-1734,4913
1,-6,-3,119,-51,-1734,4913
1,-6,-2,102,-34,-1734,4913
1,-6,-1,85,-17,-1734,4913
1,-6,-1,102,-17,-1734,4913
1,-6,1,85,17,-1734,4913
1,-6,2,68,34,-1734,4913
1,-6,3,51,51,-1734,4913
1,-6,3,68,51,-1734,4913
1,-6,4,34,68,-1734,4913
1,-6,4,68,68,-1734,4913
1,-6,5,34,85,-1734,4913
1,-6,5,68,85,-1734,4913
1,-6,6,34,102,-1734,4913
1,-6,7,17,119,-1734,4913
1,-6,7,34,119,-1734,4913
1,-6,7,51,119,-1734,4913
1,-6,8,34,136,-1734,4913
1,-6,9,0,153,-1734,4913
1,-6,9,17,153,-1734,4913
1,-6,9,34,153,-1734,4913
1,-6,10,0,170,-1734,4913
1,-6,11,-17,187,-1734,4913
1,-6,11,0,187,-1734,4913
1,-6,11,17,187,-1734,4913
1,-6,11,34,187,-1734,4913
1,-6,12,-34,204,-1734,4913
1,-6,12,0,204,-1734,4913
1,-6,13,-34,221,-1734,4913
1,-6,13,-17,221,-1734,4913
1,-6,13,17,221,-1734,4913
1,-6,14,-34,238,-1734,4913
1,-6,14,0,238,-1734,4913
1,-6,15,-51,255,-1734,4913
1,-6,15,-34,255,-1734,4913
1,-6,15,-17,255,-1734,4913
1,-6,15,0,255,-1734,4913
1,-6,16,-34,272,-1734,4913
1,-6,16,0,272,-1734,4913
1,-6,18,-34,306,-1734,4913
1,-6,19,-85,323,-1734,4913
1,-6,19,-68,323,-1734,4913
1,-6,19,-51,323,-1734,4913
1,-6,19,-34,323,-1734,4913
1,-6,19,-17,323,-1734,4913
1,-6,20,-68,340,-1734,4913
1,-6,20,-34,340,-1734,4913
1,-6,21,-102,357,-1734,4913
1,-6,21,-85,357,-1734,4913
1,-6,21,-68,357,-1734,4913
1,-6,21,-51,357,-1734,4913
1,-6,21,-34,357,-1734,4913
1,-6,22,-102,374,-1734,4913
1,-6,22,-68,374,-1734,4913
1,-6,23,-119,391,-1734,4913
1,-6,23,-102,391,-1734,4913
1,-6,23,-85,391,-1734,4913
1,-6,23,-68,391,-1734,4913
1,-6,23,-51,391,-1734,4913
1,-6,24,-102,408,-1734,4913
1,-6,24,-68,408,-1734,4913
1,-6,25,-119,425,-1734,4913
1,-6,25,-102,425,-1734,4913
1,-6,25,-85,425,-1734,4913
1,-6,25,-51,425,-1734,4913
1,-6,26,-136,442,-1734,4913
1,-6,26,-68,442,-1734,4913
1,-6,27,-153,459,-1734,4913
1,-6,27,-136,459,-1734,4913
1,-6,27,-119,459,-1734,4913
1,-6,27,-102,459,-1734,4913
1,-6,27,-68,459,-1734,4913
1,-6,28,-102,476,-1734,4913
1,-6,28,-68,476,-1734,4913
1,-6,29,-170,493,-1734,4913
1,-6,29,-153,493,-1734,4913
1,-6,29,-136,493,-1734,4913
1,-6,29,-119,493,-1734,4913
1,-6,29,-102,493,-1734,4913
1,-6,29,-85,493,-1734,4913
1,-6,29,-68,493,-1734,4913
1,-6,30,-170,510,-1734,4913
1,-6,30,-136,510,-1734,4913
1,-6,30,-102,510,-1734,4913
1,-6,31,-187,527,-1734,4913
1,-6,31,-170,527,-1734,4913
1,-6,31,-153,527,-1734,4913
1,-6,31,-136,527,-1734,4913
1,-6,31,-119,527,-1734,4913
1,-6,31,-102,527,-1734,4913
1,-6,31,-85,527,-1734,4913
1,-6,32,-170,544,-1734,4913
1,-6,32,-136,544,-1734,4913
1,-6,32,-102,544,-1734,4913
1,-6,33,-187,561,-1734,4913
1,-6,33,-170,561,-1734,4913
1,-6,33,-153,561,-1734,4913
1,-6,33,-136,561,-1734,4913
1,-6,33,-119,561,-1734,4913
1,-6,33,-102,561,-1734,4913
1,-6,35,-187,595,-1734,4913
1,-6,35,-170,595,-1734,4913
1,-6,35,-153,595,-1734,4913
1,-6,35,-136,595,-1734,4913
1,-6,35,-119,595,-1734,4913
1,-6,35,-102,595,-1734,4913
1,-6,36,-170,612,-1734,4913
1,-6,36,-136,612,-1734,4913
1,-6,37,-187,629,-1734,4913
1,-6,37,-170,629,-1734,4913
1,-6,37,-153,629,-1734,4913
1,-6,37,-136,629,-1734,4913
1,-6,37,-119,629,-1734,4913
1,-6,38,-170,646,-1734,4913
1,-6,38,-136,646,-1734,4913
1,-6,39,-170,663,-1734,4913
1,-6,39,-153,663,-1734,4913
1,-6,39,-136,663,-1734,4913
1,-6,40,-170,680,-1734,4913
1,-6,40,-136,680,-1734,4913
1,-6,41,-187,697,-1734,4913
1,-6,41,-170,697,-1734,4913
1,-6,41,-136,697,-1734,4913
1,-6,43,-187,731,-1734,4913
1,-6,43,-170,731,-1734,4913
1,-6,44,-170,748,-1734,4913
1,-6,45,-187,765,-1734,4913
1,-6,45,-170,765,-1734,4913
1,-6,45,-153,765,-1734,4913
1,-6,46,-170,782,-1734,4913
1,-6,47,-187,799,-1734,4913
1,-6,47,-170,799,-1734,4913
1,-6,48,-170,816,-1734,4913
1,-6,49,-187,833,-1734,4913
1,-6,49,-170,833,-1734,4913
1,-6,50,-170,850,-1734,4913
1,-6,53,-187,901,-1734,4913
1,-5,-15,170,-255,-1445,4913
1,-5,-14,170,-238,-1445,4913
1,-5,-13,153,-221,-1445,4913
1,-5,-13,170,-221,-1445,4913
1,-5,-12,136,-204,-1445,4913
1,-5,-12,170,-204,-1445,4913
1,-5,-11,136,-187,-1445,4913
1,-5,-11,153,-187,-1445,4913
1,-5,-10,136,-170,-1445,4913
1,-5,-9,119,-153,-1445,4913
1,-5,-9,136,-153,-1445,4913
1,-5,-9,153,-153,-1445,4913
1,-5,-8,102,-136,-1445,4913
1,-5,-8,136,-136,-1445,4913
1,-5,-7,119,-119,-1445,4913
1,-5,-7,136,-119,-1445,4913
1,-5,-6,102,-102,-1445,4913
1,-5,-5,85,-85,-1445,4913
1,-5,-5,102,-85,-1445,4913
1,-5,-5,119,-85,-1445,4913
1,-5,-4,68,-68,-1445,4913
1,-5,-4,102,-68,-1445,4913
1,-5,-3,68,-51,-1445,4913
1,-5,-3,85,-51,-1445,4913
1,-5,-3,102,-51,-1445,4913
1,-5,-2,68,-34,-1445,4913
1,-5,-2,102,-34,-1445,4913
1,-5,-1,51,-17,-1445,4913
1,-5,-1,68,-17,-1445,4913
1,-5,-1,85,-17,-1445,4913
1,-5,-1,102,-17,-1445,4913
1,-5,1,34,17,-1445,4913
1,-5,1,51,17,-1445,4913
1,-5,1,85,17,-1445,4913
1,-5,2,34,34,-1445,4913
1,-5,2,68,34,-1445,4913
1,-5,3,17,51,-1445,4913
1,-5,3,34,51,-1445,4913
1,-5,3,51,51,-1445,4913
1,-5,4,0,68,-1445,4913
1,-5,4,68,68,-1445,4913
1,-5,5,0,85,-1445,4913
1,-5,5,17,85,-1445,4913
1,-5,5,34,85,-1445,4913
1,-5,5,51,85,-1445,4913
1,-5,5,68,85,-1445,4913
1,-5,6,0,102,-1445,4913
1,-5,6,34,102,-1445,4913
1,-5,7,-17,119,-1445,4913
1,-5,7,0,119,-1445,4913
1,-5,7,17,119,-1445,4913
1,-5,7,34,119,-1445,4913
1,-5,7,51,119,-1445,4913
1,-5,8,-34,136,-1445,4913
1,-5,8,0,136,-1445,4913
1,-5,8,34,136,-1445,4913
1,-5,9,-34,153,-1445,4913
1,-5,9,-17,153,-1445,4913
1,-5,9,0,153,-1445,4913
1,-5,9,17,153,-1445,4913
1,-5,9,34,153,-1445,4913
1,-5,10,0,170,-1445,4913
1,-5,10,34,170,-1445,4913
1,-5,11,-51,187,-1445,4913
1,-5,11,-34,187,-1445,4913
1,-5,11,-17,187,-1445,4913
1,-5,11,0,187,-1445,4913
1,-5,11,17,187,-1445,4913
1,-5,12,-68,204,-1445,4913
1,-5,12,-34,204,-1445,4913
1,-5,12,0,204,-1445,4913
1,-5,13,-68,221,-1445,4913
1,-5,13,-51,221,-1445,4913
1,-5,13,-34,221,-1445,4913
1,-5,13,-17,221,-1445,4913
1,-5,13,0,221,-1445,4913
1,-5,13,17,221,-1445,4913
1,-5,14,-68,238,-1445,4913
1,-5,14,-34,238,-1445,4913
1,-5,14,0,238,-1445,4913
1,-5,15,-85,255,-1445,4913
1,-5,15,-68,255,-1445,4913
1,-5,15,-51,255,-1445,4913
1,-5,15,-34,255,-1445,4913
1,-5,15,-17,255,-1445,4913
1,-5,15,0,255,-1445,4913
1,-5,16,-68,272,-1445,4913
1,-5,16,-34,272,-1445,4913
1,-5,16,0,272,-1445,4913
1,-5,18,-102,306,-1445,4913
1,-5,18,-68,306,-1445,4913
1,-5,18,-34,306,-1445,4913
1,-5,19,-119,323,-1445,4913
1,-5,19,-102,323,-1445,4913
1,-5,19,-85,323,-1445,4913
1,-5,19,-68,323,-1445,4913
1,-5,19,-51,323,-1445,4913
1,-5,19,-34,323,-1445,4913
1,-5,19,-17,323,-1445,4913
1,-5,20,-102,340,-1445,4913
1,-5,20,-68,340,-1445,4913
1,-5,20,-34,340,-1445,4913
1,-5,21,-119,357,-1445,4913
1,-5,21,-102,357,-1445,4913
1,-5,21,-85,357,-1445,4913
1,-5,21,-68,357,-1445,4913
1,-5,21,-51,357,-1445,4913
1,-5,22,-136,374,-1445,4913
1,-5,22,-102,374,-1445,4913
1,-5,22,-68,374,-1445,4913
1,-5,22,-34,374,-1445,4913
1,-5,23,-153,391,-1445,4913
1,-5,23,-136,391,-1445,4913
1,-5,23,-119,391,-1445,4913
1,-5,23,-85,391,-1445,4913
1,-5,23,-51,391,-1445,4913
1,-5,23,-34,391,-1445,4913
1,-5,24,-136,408,-1445,4913
1,-5,24,-102,408,-1445,4913
1,-5,24,-68,408,-1445,4913
1,-5,25,-153,425,-1445,4913
1,-5,25,-136,425,-1445,4913
1,-5,25,-119,425,-1445,4913
1,-5,25,-102,425,-1445,4913
1,-5,25,-85,425,-1445,4913
1,-5,25,-68,425,-1445,4913
1,-5,25,-51,425,-1445,4913
1,-5,26,-136,442,-1445,4913
1,-5,26,-102,442,-1445,4913
1,-5,26,-68,442,-1445,4913
1,-5,27,-187,459,-1445,4913
1,-5,27,-153,459,-1445,4913
1,-5,27,-136,459,-1445,4913
1,-5,27,-119,459,-1445,4913
1,-5,27,-102,459,-1445,4913
1,-5,27,-85,459,-1445,4913
1,-5,27,-68,459,-1445,4913
1,-5,27,-51,459,-1445,4913
1,-5,28,-136,476,-1445,4913
1,-5,28,-102,476,-1445,4913
1,-5,29,-187,493,-1445,4913
1,-5,29,-153,493,-1445,4913
1,-5,29,-136,493,-1445,4913
1,-5,29,-119,493,-1445,4913
1,-5,29,-102,493,-1445,4913
1,-5,29,-85,493,-1445,4913
1,-5,29,-68,493,-1445,4913
1,-5,30,-136,510,-1445,4913
1,-5,30,-102,510,-1445,4913
1,-5,30,-68,510,-1445,4913
1,-5,31,-153,527,-1445,4913
1,-5,31,-136,527,-1445,4913
1,-5,31,-119,527,-1445,4913
1,-5,31,-102,527,-1445,4913
1,-5,31,-85,527,-1445,4913
1,-5,32,-136,544,-1445,4913
1,-5,33,-153,561,-1445,4913
1,-5,33,-136,561,-1445,4913
1,-5,33,-119,561,-1445,4913
1,-5,33,-102,561,-1445,4913
1,-5,33,-85,561,-1445,4913
1,-5,35,-153,595,-1445,4913
1,-5,35,-136,595,-1445,4913
1,-5,35,-119,595,-1445,4913
1,-5,35,-102,595,-1445,4913
1,-5,36,-136,612,-1445,4913
1,-5,36,-102,612,-1445,4913
1,-5,37,-153,629,-1445,4913
1,-5,37,-136,629,-1445,4913
1,-5,37,-119,629,-1445,4913
1,-5,37,-102,629,-1445,4913
1,-5,38,-136,646,-1445,4913
1,-5,39,-153,663,-1445,4913
1,-5,39,-136,663,-1445,4913
1,-5,39,-119,663,-1445,4913
1,-5,41,-153,697,-1445,4913
1,-5,41,-136,697,-1445,4913
1,-5,41,-119,697,-1445,4913
1,-5,42,-136,714,-1445,4913
1,-5,43,-153,731,-1445,4913
1,-5,43,-136,731,-1445,4913
1,-5,44,-136,748,-1445,4913
1,-5,45,-153,765,-1445,4913
1,-5,45,-136,765,-1445,4913
1,-5,46,-136,782,-1445,4913
1,-5,47,-153,799,-1445,4913
1,-5,49,-153,833,-1445,4913
1,-4,-16,136,-272,-1156,4913
1,-4,-14,136,-238,-1156,4913
1,-4,-13,119,-221,-1156,4913
1,-4,-13,136,-221,-1156,4913
1,-4,-13,153,-221,-1156,4913
1,-4,-12,102,-204,-1156,4913
1,-4,-12,136,-204,-1156,4913
1,-4,-11,102,-187,-1156,4913
1,-4,-11,119,-187,-1156,4913
1,-4,-11,153,-187,-1156,4913
1,-4,-10,102,-170,-1156,4913
1,-4,-10,136,-170,-1156,4913
1,-4,-9,85,-153,-1156,4913
1,-4,-9,102,-153,-1156,4913
1,-4,-9,119,-153,-1156,4913
1,-4,-9,136,-153,-1156,4913
1,-4,-8,68,-136,-1156,4913
1,-4,-8,102,-136,-1156,4913
1,-4,-8,136,-136,-1156,4913
1,-4,-7,68,-119,-1156,4913
1,-4,-7,85,-119,-1156,4913
1,-4,-7,102,-119,-1156,4913
1,-4,-7,119,-119,-1156,4913
1,-4,-7,136,-119,-1156,4913
1,-4,-6,68,-102,-1156,4913
1,-4,-6,102,-102,-1156,4913
1,-4,-5,51,-85,-1156,4913
1,-4,-5,68,-85,-1156,4913
1,-4,-5,85,-85,-1156,4913
1,-4,-5,102,-85,-1156,4913
1,-4,-4,34,-68,-1156,4913
1,-4,-4,68,-68,-1156,4913
1,-4,-3,34,-51,-1156,4913
1,-4,-3,51,-51,-1156,4913
1,-4,-3,68,-51,-1156,4913
1,-4,-3,85,-51,-1156,4913
1,-4,-3,102,-51,-1156,4913
1,-4,-2,34,-34,-1156,4913
1,-4,-2,68,-34,-1156,4913
1,-4,-2,102,-34,-1156,4913
1,-4,-1,17,-17,-1156,4913
1,-4,-1,34,-17,-1156,4913
1,-4,-1,51,-17,-1156,4913
1,-4,-1,68,-17,-1156,4913
1,-4,-1,85,-17,-1156,4913
1,-4,-1,102,-17,-1156,4913
1,-4,1,0,17,-1156,4913
1,-4,1,17,17,-1156,4913
1,-4,1,34,17,-1156,4913
1,-4,1,51,17,-1156,4913
1,-4,1,68,17,-1156,4913
1,-4,1,85,17,-1156,4913
1,-4,2,34,34,-1156,4913
1,-4,2,68,34,-1156,4913
1,-4,3,-17,51,-1156,4913
1,-4,3,0,51,-1156,4913
1,-4,3,34,51,-1156,4913
1,-4,3,51,51,-1156,4913
1,-4,3,68,51,-1156,4913
1,-4,4,0,68,-1156,4913
1,-4,4,34,68,-1156,4913
1,-4,4,68,68,-1156,4913
1,-4,5,-34,85,-1156,4913
1,-4,5,-17,85,-1156,4913
1,-4,5,0,85,-1156,4913
1,-4,5,17,85,-1156,4913
1,-4,5,34,85,-1156,4913
1,-4,5,51,85,-1156,4913
1,-4,6,-34,102,-1156,4913
1,-4,6,0,102,-1156,4913
1,-4,6,34,102,-1156,4913
1,-4,7,-51,119,-1156,4913
1,-4,7,-34,119,-1156,4913
1,-4,7,-17,119,-1156,4913
1,-4,7,0,119,-1156,4913
1,-4,7,17,119,-1156,4913
1,-4,7,34,119,-1156,4913
1,-4,7,51,119,-1156,4913
1,-4,8,-68,136,-1156,4913
1,-4,8,0,136,-1156,4913
1,-4,8,34,136,-1156,4913
1,-4,9,-68,153,-1156,4913
1,-4,9,-51,153,-1156,4913
1,-4,9,-34,153,-1156,4913
1,-4,9,-17,153,-1156,4913
1,-4,9,0,153,-1156,4913
1,-4,9,17,153,-1156,4913
1,-4,9,34,153,-1156,4913
1,-4,10,-68,170,-1156,4913
1,-4,10,-34,170,-1156,4913
1,-4,10,0,170,-1156,4913
1,-4,10,34,170,-1156,4913
1,-4,11,-85,187,-1156,4913
1,-4,11,-68,187,-1156,4913
1,-4,11,-51,187,-1156,4913
1,-4,11,-34,187,-1156,4913
1,-4,11,-17,187,-1156,4913
1,-4,11,0,187,-1156,4913
1,-4,11,17,187,-1156,4913
1,-4,11,34,187,-1156,4913
1,-4,12,-102,204,-1156,4913
1,-4,12,-68,204,-1156,4913
1,-4,12,-34,204,-1156,4913
1,-4,12,0,204,-1156,4913
1,-4,13,-102,221,-1156,4913
1,-4,13,-85,221,-1156,4913
1,-4,13,-68,221,-1156,4913
1,-4,13,-51,221,-1156,4913
1,-4,13,-34,221,-1156,4913
1,-4,13,0,221,-1156,4913
1,-4,13,17,221,-1156,4913
1,-4,14,-102,238,-1156,4913
1,-4,14,-68,238,-1156,4913
1,-4,14,-34,238,-1156,4913
1,-4,14,0,238,-1156,4913
1,-4,15,-119,255,-1156,4913
1,-4,15,-102,255,-1156,4913
1,-4,15,-85,255,-1156,4913
1,-4,15,-68,255,-1156,4913
1,-4,15,-51,255,-1156,4913
1,-4,15,-34,255,-1156,4913
1,-4,15,-17,255,-1156,4913
1,-4,15,0,255,-1156,4913
1,-4,15,17,255,-1156,4913
1,-4,16,-102,272,-1156,4913
1,-4,16,-68,272,-1156,4913
1,-4,16,-34,272,-1156,4913
1,-4,16,0,272,-1156,4913
1,-4,18,-102,306,-1156,4913
1,-4,18,-68,306,-1156,4913
1,-4,18,-34,306,-1156,4913
1,-4,18,0,306,-1156,4913
1,-4,19,-153,323,-1156,4913
1,-4,19,-119,323,-1156,4913
1,-4,19,-102,323,-1156,4913
1,-4,19,-85,323,-1156,4913
1,-4,19,-68,323,-1156,4913
1,-4,19,-51,323,-1156,4913
1,-4,19,-34,323,-1156,4913
1,-4,19,-17,323,-1156,4913
1,-4,20,-68,340,-1156,4913
1,-4,21,-170,357,-1156,4913
1,-4,21,-153,357,-1156,4913
1,-4,21,-119,357,-1156,4913
1,-4,21,-102,357,-1156,4913
1,-4,21,-85,357,-1156,4913
1,-4,21,-51,357,-1156,4913
1,-4,21,-34,357,-1156,4913
1,-4,21,-17,357,-1156,4913
1,-4,22,-102,374,-1156,4913
1,-4,22,-68,374,-1156,4913
1,-4,23,-153,391,-1156,4913
1,-4,23,-119,391,-1156,4913
1,-4,23,-102,391,-1156,4913
1,-4,23,-85,391,-1156,4913
1,-4,23,-68,391,-1156,4913
1,-4,23,-34,391,-1156,4913
1,-4,24,-102,408,-1156,4913
1,-4,24,-68,408,-1156,4913
1,-4,24,-34,408,-1156,4913
1,-4,25,-153,425,-1156,4913
1,-4,25,-119,425,-1156,4913
1,-4,25,-102,425,-1156,4913
1,-4,25,-85,425,-1156,4913
1,-4,25,-68,425,-1156,4913
1,-4,25,-51,425,-1156,4913
1,-4,25,-34,425,-1156,4913
1,-4,26,-102,442,-1156,4913
1,-4,26,-68,442,-1156,4913
1,-4,26,-34,442,-1156,4913
1,-4,27,-153,459,-1156,4913
1,-4,27,-119,459,-1156,4913
1,-4,27,-102,459,-1156,4913
1,-4,27,-85,459,-1156,4913
1,-4,27,-68,459,-1156,4913
1,-4,27,-51,459,-1156,4913
1,-4,28,-102,476,-1156,4913
1,-4,28,-68,476,-1156,4913
1,-4,29,-119,493,-1156,4913
1,-4,29,-102,493,-1156,4913
1,-4,29,-85,493,-1156,4913
1,-4,29,-68,493,-1156,4913
1,-4,30,-102,510,-1156,4913
1,-4,30,-68,510,-1156,4913
1,-4,31,-153,527,-1156,4913
1,-4,31,-119,527,-1156,4913
1,-4,31,-102,527,-1156,4913
1,-4,31,-85,527,-1156,4913
1,-4,31,-68,527,-1156,4913
1,-4,32,-102,544,-1156,4913
1,-4,32,-68,544,-1156,4913
1,-4,33,-119,561,-1156,4913
1,-4,33,-102,561,-1156,4913
1,-4,33,-85,561,-1156,4913
1,-4,33,-68,561,-1156,4913
1,-4,35,-119,595,-1156,4913
1,-4,35,-102,595,-1156,4913
1,-4,35,-85,595,-1156,4913
1,-4,36,-102,612,-1156,4913
1,-4,37,-102,629,-1156,4913
1,-4,39,-119,663,-1156,4913
1,-4,39,-102,663,-1156,4913
1,-4,40,-102,680,-1156,4913
1,-4,41,-119,697,-1156,4913
1,-4,41,-102,697,-1156,4913
1,-4,42,-102,714,-1156,4913
1,-4,43,-119,731,-1156,4913
1,-4,43,-102,731,-1156,4913
1,-4,45,-119,765,-1156,4913
1,-4,47,-119,799,-1156,4913
1,-3,-16,102,-272,-867,4913
1,-3,-15,102,-255,-867,4913
1,-3,-14,102,-238,-867,4913
1,-3,-13,85,-221,-867,4913
1,-3,-13,102,-221,-867,4913
1,-3,-13,119,-221,-867,4913
1,-3,-12,68,-204,-867,4913
1,-3,-12,102,-204,-867,4913
1,-3,-12,136,-204,-867,4913
1,-3,-11,68,-187,-867,4913
1,-3,-11,85,-187,-867,4913
1,-3,-11,102,-187,-867,4913
1,-3,-11,119,-187,-867,4913
1,-3,-10,68,-170,-867,4913
1,-3,-10,102,-170,-867,4913
1,-3,-10,136,-170,-867,4913
1,-3,-9,51,-153,-867,4913
1,-3,-9,68,-153,-867,4913
1,-3,-9,85,-153,-867,4913
1,-3,-9,102,-153,-867,4913
1,-3,-9,119,-153,-867,4913
1,-3,-9,136,-153,-867,4913
1,-3,-8,34,-136,-867,4913
1,-3,-8,68,-136,-867,4913
1,-3,-8,102,-136,-867,4913
1,-3,-8,136,-136,-867,4913
1,-3,-7,34,-119,-867,4913
1,-3,-7,51,-119,-867,4913
1,-3,-7,68,-119,-867,4913
1,-3,-7,85,-119,-867,4913
1,-3,-7,102,-119,-867,4913
1,-3,-7,119,-119,-867,4913
1,-3,-7,136,-119,-867,4913
1,-3,-6,68,-102,-867,4913
1,-3,-6,102,-102,-867,4913
1,-3,-5,17,-85,-867,4913
1,-3,-5,34,-85,-867,4913
1,-3,-5,51,-85,-867,4913
1,-3,-5,68,-85,-867,4913
1,-3,-5,85,-85,-867,4913
1,-3,-5,102,-85,-867,4913
1,-3,-5,119,-85,-867,4913
1,-3,-4,0,-68,-867,4913
1,-3,-4,34,-68,-867,4913
1,-3,-4,68,-68,-867,4913
1,-3,-3,0,-51,-867,4913
1,-3,-3,17,-51,-867,4913
1,-3,-3,34,-51,-867,4913
1,-3,-3,51,-51,-867,4913
1,-3,-3,68,-51,-867,4913
1,-3,-3,85,-51,-867,4913
1,-3,-3,102,-51,-867,4913
1,-3,-3,119,-51,-867,4913
1,-3,-2,0,-34,-867,4913
1,-3,-2,34,-34,-867,4913
1,-3,-2,68,-34,-867,4913
1,-3,-2,102,-34,-867,4913
1,-3,-1,-17,-17,-867,4913
1,-3,-1,0,-17,-867,4913
1,-3,-1,17,-17,-867,4913
1,-3,-1,34,-17,-867,4913
1,-3,-1,51,-17,-867,4913
1,-3,-1,68,-17,-867,4913
1,-3,-1,85,-17,-867,4913
1,-3,1,-34,17,-867,4913
1,-3,1,-17,17,-867,4913
1,-3,1,0,17,-867,4913
1,-3,1,17,17,-867,4913
1,-3,1,34,17,-867,4913
1,-3,1,51,17,-867,4913
1,-3,1,68,17,-867,4913
1,-3,1,85,17,-867,4913
1,-3,2,-34,34,-867,4913
1,-3,2,34,34,-867,4913
1,-3,2,68,34,-867,4913
1,-3,3,-51,51,-867,4913
1,-3,3,-34,51,-867,4913
1,-3,3,-17,51,-867,4913
1,-3,3,0,51,-867,4913
1,-3,3,17,51,-867,4913
1,-3,3,34,51,-867,4913
1,-3,3,51,51,-867,4913
1,-3,3,68,51,-867,4913
1,-3,3,85,51,-867,4913
1,-3,4,-68,68,-867,4913
1,-3,4,-34,68,-867,4913
1,-3,4,0,68,-867,4913
1,-3,4,34,68,-867,4913
1,-3,4,68,68,-867,4913
1,-3,5,-68,85,-867,4913
1,-3,5,-51,85,-867,4913
1,-3,5,-34,85,-867,4913
1,-3,5,-17,85,-867,4913
1,-3,5,0,85,-867,4913
1,-3,5,17,85,-867,4913
1,-3,5,34,85,-867,4913
1,-3,5,51,85,-867,4913
1,-3,5,68,85,-867,4913
1,-3,6,-68,102,-867,4913
1,-3,6,-34,102,-867,4913
1,-3,6,0,102,-867,4913
1,-3,6,34,102,-867,4913
1,-3,6,68,102,-867,4913
1,-3,7,-85,119,-867,4913
1,-3,7,-68,119,-867,4913
1,-3,7,-51,119,-867,4913
1,-3,7,-34,119,-867,4913
1,-3,7,-17,119,-867,4913
1,-3,7,0,119,-867,4913
1,-3,7,17,119,-867,4913
1,-3,7,34,119,-867,4913
1,-3,7,51,119,-867,4913
1,-3,8,-68,136,-867,4913
1,-3,8,-34,136,-867,4913
1,-3,8,0,136,-867,4913
1,-3,8,34,136,-867,4913
1,-3,9,-85,153,-867,4913
1,-3,9,-68,153,-867,4913
1,-3,9,-51,153,-867,4913
1,-3,9,-34,153,-867,4913
1,-3,9,-17,153,-867,4913
1,-3,9,0,153,-867,4913
1,-3,9,17,153,-867,4913
1,-3,9,34,153,-867,4913
1,-3,9,51,153,-867,4913
1,-3,10,-68,170,-867,4913
1,-3,10,-34,170,-867,4913
1,-3,10,0,170,-867,4913
1,-3,10,34,170,-867,4913
1,-3,11,-119,187,-867,4913
1,-3,11,-85,187,-867,4913
1,-3,11,-68,187,-867,4913
1,-3,11,-51,187,-867,4913
1,-3,11,-34,187,-867,4913
1,-3,11,-17,187,-867,4913
1,-3,11,0,187,-867,4913
1,-3,11,17,187,-867,4913
1,-3,11,34,187,-867,4913
1,-3,12,-68,204,-867,4913
1,-3,12,-34,204,-867,4913
1,-3,12,0,204,-867,4913
1,-3,12,34,204,-867,4913
1,-3,13,-119,221,-867,4913
1,-3,13,-85,221,-867,4913
1,-3,13,-68,221,-867,4913
1,-3,13,-51,221,-867,4913
1,-3,13,-34,221,-867,4913
1,-3,13,-17,221,-867,4913
1,-3,13,0,221,-867,4913
1,-3,13,17,221,-867,4913
1,-3,14,-136,238,-867,4913
1,-3,14,-68,238,-867,4913
1,-3,14,-34,238,-867,4913
1,-3,14,34,238,-867,4913
1,-3,15,-153,255,-867,4913
1,-3,15,-136,255,-867,4913
1,-3,15,-119,255,-867,4913
1,-3,15,-85,255,-867,4913
1,-3,15,-68,255,-867,4913
1,-3,15,-51,255,-867,4913
1,-3,15,-34,255,-867,4913
1,-3,15,-17,255,-867,4913
1,-3,15,0,255,-867,4913
1,-3,15,17,255,-867,4913
1,-3,16,-136,272,-867,4913
1,-3,16,-68,272,-867,4913
1,-3,16,-34,272,-867,4913
1,-3,18,-136,306,-867,4913
1,-3,18,-68,306,-867,4913
1,-3,18,-34,306,-867,4913
1,-3,18,0,306,-867,4913
1,-3,19,-136,323,-867,4913
1,-3,19,-119,323,-867,4913
1,-3,19,-85,323,-867,4913
1,-3,19,-51,323,-867,4913
1,-3,19,-17,323,-867,4913
1,-3,19,0,323,-867,4913
1,-3,20,-136,340,-867,4913
1,-3,20,-68,340,-867,4913
1,-3,20,-34,340,-867,4913
1,-3,20,0,340,-867,4913
1,-3,21,-136,357,-867,4913
1,-3,21,-119,357,-867,4913
1,-3,21,-85,357,-867,4913
1,-3,21,-68,357,-867,4913
1,-3,21,-51,357,-867,4913
1,-3,21,-34,357,-867,4913
1,-3,21,-17,357,-867,4913
1,-3,21,0,357,-867,4913
1,-3,22,-136,374,-867,4913
1,-3,22,-68,374,-867,4913
1,-3,22,-34,374,-867,4913
1,-3,23,-136,391,-867,4913
1,-3,23,-119,391,-867,4913
1,-3,23,-85,391,-867,4913
1,-3,23,-68,391,-867,4913
1,-3,23,-51,391,-867,4913
1,-3,23,-34,391,-867,4913
1,-3,23,-17,391,-867,4913
1,-3,24,-68,408,-867,4913
1,-3,24,-34,408,-867,4913
1,-3,25,-119,425,-867,4913
1,-3,25,-85,425,-867,4913
1,-3,25,-68,425,-867,4913
1,-3,25,-51,425,-867,4913
1,-3,25,-34,425,-867,4913
1,-3,25,-17,425,-867,4913
1,-3,26,-68,442,-867,4913
1,-3,26,-34,442,-867,4913
1,-3,27,-119,459,-867,4913
1,-3,27,-85,459,-867,4913
1,-3,27,-68,459,-867,4913
1,-3,27,-51,459,-867,4913
1,-3,27,-34,459,-867,4913
1,-3,28,-68,476,-867,4913
1,-3,28,-34,476,-867,4913
1,-3,29,-119,493,-867,4913
1,-3,29,-85,493,-867,4913
1,-3,29,-68,493,-867,4913
1,-3,29,-51,493,-867,4913
1,-3,29,-34,493,-867,4913
1,-3,30,-68,510,-867,4913
1,-3,31,-119,527,-867,4913
1,-3,31,-85,527,-867,4913
1,-3,31,-68,527,-867,4913
1,-3,31,-51,527,-867,4913
1,-3,32,-68,544,-867,4913
1,-3,33,-85,561,-867,4913
1,-3,33,-68,561,-867,4913
1,-3,33,-51,561,-867,4913
1,-3,35,-85,595,-867,4913
1,-3,35,-68,595,-867,4913
1,-3,37,-85,629,-867,4913
1,-3,37,-68,629,-867,4913
1,-3,38,-68,646,-867,4913
1,-3,39,-85,663,-867,4913
1,-3,39,-68,663,-867,4913
1,-3,41,-85,697,-867,4913
1,-3,43,-85,731,-867,4913
1,-3,45,-85,765,-867,4913
1,-2,-16,68,-272,-578,4913
1,-2,-15,68,-255,-578,4913
1,-2,-13,51,-221,-578,4913
1,-2,-13,68,-221,-578,4913
1,-2,-13,85,-221,-578,4913
1,-2,-12,34,-204,-578,4913
1,-2,-12,102,-204,-578,4913
1,-2,-11,34,-187,-578,4913
1,-2,-11,51,-187,-578,4913
1,-2,-11,68,-187,-578,4913
1,-2,-11,85,-187,-578,4913
1,-2,-11,102,-187,-578,4913
1,-2,-10,34,-170,-578,4913
1,-2,-10,68,-170,-578,4913
1,-2,-10,102,-170,-578,4913
1,-2,-9,17,-153,-578,4913
1,-2,-9,34,-153,-578,4913
1,-2,-9,51,-153,-578,4913
1,-2,-9,68,-153,-578,4913
1,-2,-9,85,-153,-578,4913
1,-2,-9,102,-153,-578,4913
1,-2,-9,119,-153,-578,4913
1,-2,-8,0,-136,-578,4913
1,-2,-8,34,-136,-578,4913
1,-2,-8,68,-136,-578,4913
1,-2,-8,102,-136,-578,4913
1,-2,-7,0,-119,-578,4913
1,-2,-7,17,-119,-578,4913
1,-2,-7,34,-119,-578,4913
1,-2,-7,51,-119,-578,4913
1,-2,-7,68,-119,-578,4913
1,-2,-7,85,-119,-578,4913
1,-2,-7,102,-119,-578,4913
1,-2,-7,119,-119,-578,4913
1,-2,-6,0,-102,-578,4913
1,-2,-6,34,-102,-578,4913
1,-2,-6,68,-102,-578,4913
1,-2,-6,102,-102,-578,4913
1,-2,-6,136,-102,-578,4913
1,-2,-5,-17,-85,-578,4913
1,-2,-5,0,-85,-578,4913
1,-2,-5,17,-85,-578,4913
1,-2,-5,34,-85,-578,4913
1,-2,-5,51,-85,-578,4913
1,-2,-5,68,-85,-578,4913
1,-2,-5,85,-85,-578,4913
1,-2,-5,102,-85,-578,4913
1,-2,-5,119,-85,-578,4913
1,-2,-5,136,-85,-578,4913
1,-2,-4,-34,-68,-578,4913
1,-2,-4,0,-68,-578,4913
1,-2,-4,34,-68,-578,4913
1,-2,-4,68,-68,-578,4913
1,-2,-4,102,-68,-578,4913
1,-2,-3,-34,-51,-578,4913
1,-2,-3,-17,-51,-578,4913
1,-2,-3,0,-51,-578,4913
1,-2,-3,17,-51,-578,4913
1,-2,-3,34,-51,-578,4913
1,-2,-3,51,-51,-578,4913
1,-2,-3,68,-51,-578,4913
1,-2,-3,102,-51,-578,4913
1,-2,-3,119,-51,-578,4913
1,-2,-2,-34,-34,-578,4913
1,-2,-2,0,-34,-578,4913
1,-2,-2,34,-34,-578,4913
1,-2,-2,68,-34,-578,4913
1,-2,-2,102,-34,-578,4913
1,-2,-1,-51,-17,-578,4913
1,-2,-1,-34,-17,-578,4913
1,-2,-1,-17,-17,-578,4913
1,-2,-1,0,-17,-578,4913
1,-2,-1,17,-17,-578,4913
1,-2,-1,34,-17,-578,4913
1,-2,-1,68,-17,-578,4913
1,-2,-1,85,-17,-578,4913
1,-2,-1,102,-17,-578,4913
1,-2,1,-51,17,-578,4913
1,-2,1,-34,17,-578,4913
1,-2,1,0,17,-578,4913
1,-2,1,17,17,-578,4913
1,-2,1,34,17,-578,4913
1,-2,1,51,17,-578,4913
1,-2,1,68,17,-578,4913
1,-2,1,85,17,-578,4913
1,-2,1,102,17,-578,4913
1,-2,2,-34,34,-578,4913
1,-2,2,0,34,-578,4913
1,-2,2,34,34,-578,4913
1,-2,2,68,34,-578,4913
1,-2,3,-85,51,-578,4913
1,-2,3,-51,51,-578,4913
1,-2,3,-34,51,-578,4913
1,-2,3,-17,51,-578,4913
1,-2,3,0,51,-578,4913
1,-2,3,17,51,-578,4913
1,-2,3,34,51,-578,4913
1,-2,3,51,51,-578,4913
1,-2,3,68,51,-578,4913
1,-2,3,85,51,-578,4913
1,-2,4,-102,68,-578,4913
1,-2,4,-34,68,-578,4913
1,-2,4,0,68,-578,4913
1,-2,4,34,68,-578,4913
1,-2,4,68,68,-578,4913
1,-2,5,-102,85,-578,4913
1,-2,5,-85,85,-578,4913
1,-2,5,-51,85,-578,4913
1,-2,5,-34,85,-578,4913
1,-2,5,-17,85,-578,4913
1,-2,5,0,85,-578,4913
1,-2,5,17,85,-578,4913
1,-2,5,34,85,-578,4913
1,-2,5,68,85,-578,4913
1,-2,5,85,85,-578,4913
1,-2,6,-102,102,-578,4913
1,-2,6,-34,102,-578,4913
1,-2,6,0,102,-578,4913
1,-2,6,34,102,-578,4913
1,-2,6,68,102,-578,4913
1,-2,7,-119,119,-578,4913
1,-2,7,-102,119,-578,4913
1,-2,7,-85,119,-578,4913
1,-2,7,-51,119,-578,4913
1,-2,7,-34,119,-578,4913
1,-2,7,-17,119,-578,4913
1,-2,7,0,119,-578,4913
1,-2,7,17,119,-578,4913
1,-2,7,34,119,-578,4913
1,-2,7,51,119,-578,4913
1,-2,7,68,119,-578,4913
1,-2,8,-136,136,-578,4913
1,-2,8,-102,136,-578,4913
1,-2,8,-34,136,-578,4913
1,-2,8,0,136,-578,4913
1,-2,8,34,136,-578,4913
1,-2,8,68,136,-578,4913
1,-2,9,-119,153,-578,4913
1,-2,9,-102,153,-578,4913
1,-2,9,-85,153,-578,4913
1,-2,9,-51,153,-578,4913
1,-2,9,-34,153,-578,4913
1,-2,9,-17,153,-578,4913
1,-2,9,0,153,-578,4913
1,-2,9,17,153,-578,4913
1,-2,9,34,153,-578,4913
1,-2,9,51,153,-578,4913
1,-2,10,-102,170,-578,4913
1,-2,10,-34,170,-578,4913
1,-2,10,0,170,-578,4913
1,-2,11,-136,187,-578,4913
1,-2,11,-119,187,-578,4913
1,-2,11,-102,187,-578,4913
1,-2,11,-85,187,-578,4913
1,-2,11,-51,187,-578,4913
1,-2,11,-34,187,-578,4913
1,-2,11,-17,187,-578,4913
1,-2,11,0,187,-578,4913
1,-2,11,17,187,-578,4913
1,-2,11,34,187,-578,4913
1,-2,11,51,187,-578,4913
1,-2,12,-136,204,-578,4913
1,-2,12,-102,204,-578,4913
1,-2,12,-34,204,-578,4913
1,-2,12,0,204,-578,4913
1,-2,12,34,204,-578,4913
1,-2,13,-136,221,-578,4913
1,-2,13,-119,221,-578,4913
1,-2,13,-102,221,-578,4913
1,-2,13,-85,221,-578,4913
1,-2,13,-51,221,-578,4913
1,-2,13,-34,221,-578,4913
1,-2,13,-17,221,-578,4913
1,-2,13,0,221,-578,4913
1,-2,13,17,221,-578,4913
1,-2,13,34,221,-578,4913
1,-2,13,51,221,-578,4913
1,-2,14,-34,238,-578,4913
1,-2,14,0,238,-578,4913
1,-2,15,-119,255,-578,4913
1,-2,15,-102,255,-578,4913
1,-2,15,-85,255,-578,4913
1,-2,15,-51,255,-578,4913
1,-2,15,-34,255,-578,4913
1,-2,15,-17,255,-578,4913
1,-2,15,0,255,-578,4913
1,-2,15,17,255,-578,4913
1,-2,15,34,255,-578,4913
1,-2,16,-102,272,-578,4913
1,-2,16,-34,272,-578,4913
1,-2,16,0,272,-578,4913
1,-2,16,34,272,-578,4913
1,-2,18,-102,306,-578,4913
1,-2,18,0,306,-578,4913
1,-2,19,-102,323,-578,4913
1,-2,19,-85,323,-578,4913
1,-2,19,-51,323,-578,4913
1,-2,19,-34,323,-578,4913
1,-2,19,-17,323,-578,4913
1,-2,19,0,323,-578,4913
1,-2,20,-102,340,-578,4913
1,-2,20,-34,340,-578,4913
1,-2,20,0,340,-578,4913
1,-2,21,-102,357,-578,4913
1,-2,21,-85,357,-578,4913
1,-2,21,-51,357,-578,4913
1,-2,21,-34,357,-578,4913
1,-2,21,-17,357,-578,4913
1,-2,21,0,357,-578,4913
1,-2,21,17,357,-578,4913
1,-2,22,-102,374,-578,4913
1,-2,22,-34,374,-578,4913
1,-2,22,0,374,-578,4913
1,-2,23,-102,391,-578,4913
1,-2,23,-85,391,-578,4913
1,-2,23,-51,391,-578,4913
1,-2,23,-34,391,-578,4913
1,-2,23,-17,391,-578,4913
1,-2,23,0,391,-578,4913
1,-2,24,-102,408,-578,4913
1,-2,24,-34,408,-578,4913
1,-2,24,0,408,-578,4913
1,-2,25,-102,425,-578,4913
1,-2,25,-85,425,-578,4913
1,-2,25,-51,425,-578,4913
1,-2,25,-34,425,-578,4913
1,-2,25,-17,425,-578,4913
1,-2,25,0,425,-578,4913
1,-2,26,-34,442,-578,4913
1,-2,27,-85,459,-578,4913
1,-2,27,-51,459,-578,4913
1,-2,27,-34,459,-578,4913
1,-2,27,-17,459,-578,4913
1,-2,28,-34,476,-578,4913
1,-2,29,-85,493,-578,4913
1,-2,29,-51,493,-578,4913
1,-2,29,-34,493,-578,4913
1,-2,29,-17,493,-578,4913
1,-2,30,-34,510,-578,4913
1,-2,31,-51,527,-578,4913
1,-2,31,-34,527,-578,4913
1,-2,32,-34,544,-578,4913
1,-2,33,-85,561,-578,4913
1,-2,33,-51,561,-578,4913
1,-2,33,-34,561,-578,4913
1,-2,35,-34,595,-578,4913
1,-2,36,-34,612,-578,4913
1,-2,37,-51,629,-578,4913
1,-2,39,-51,663,-578,4913
1,-2,41,-51,697,-578,4913
1,-1,-16,34,-272,-289,4913
1,-1,-15,34,-255,-289,4913
1,-1,-14,34,-238,-289,4913
1,-1,-13,17,-221,-289,4913
1,-1,-13,34,-221,-289,4913
1,-1,-13,51,-221,-289,4913
1,-1,-12,0,-204,-289,4913
1,-1,-12,34,-204,-289,4913
1,-1,-12,68,-204,-289,4913
1,-1,-11,0,-187,-289,4913
1,-1,-11,17,-187,-289,4913
1,-1,-11,34,-187,-289,4913
1,-1,-11,51,-187,-289,4913
1,-1,-11,68,-187,-289,4913
1,-1,-10,0,-170,-289,4913
1,-1,-10,34,-170,-289,4913
1,-1,-10,68,-170,-289,4913
1,-1,-9,-17,-153,-289,4913
1,-1,-9,0,-153,-289,4913
1,-1,-9,17,-153,-289,4913
1,-1,-9,34,-153,-289,4913
1,-1,-9,51,-153,-289,4913
1,-1,-9,68,-153,-289,4913
1,-1,-9,85,-153,-289,4913
1,-1,-8,0,-136,-289,4913
1,-1,-8,34,-136,-289,4913
1,-1,-8,68,-136,-289,4913
1,-1,-8,102,-136,-289,4913
1,-1,-7,-17,-119,-289,4913
1,-1,-7,0,-119,-289,4913
1,-1,-7,17,-119,-289,4913
1,-1,-7,34,-119,-289,4913
1,-1,-7,51,-119,-289,4913
1,-1,-7,68,-119,-289,4913
1,-1,-7,85,-119,-289,4913
1,-1,-7,102,-119,-289,4913
1,-1,-6,0,-102,-289,4913
1,-1,-6,34,-102,-289,4913
1,-1,-6,68,-102,-289,4913
1,-1,-6,102,-102,-289,4913
1,-1,-5,-51,-85,-289,4913
1,-1,-5,-17,-85,-289,4913
1,-1,-5,0,-85,-289,4913
1,-1,-5,17,-85,-289,4913
1,-1,-5,34,-85,-289,4913
1,-1,-5,51,-85,-289,4913
1,-1,-5,68,-85,-289,4913
1,-1,-5,85,-85,-289,4913
1,-1,-5,102,-85,-289,4913
1,-1,-5,119,-85,-289,4913
1,-1,-4,-68,-68,-289,4913
1,-1,-4,0,-68,-289,4913
1,-1,-4,34,-68,-289,4913
1,-1,-4,68,-68,-289,4913
1,-1,-3,-68,-51,-289,4913
1,-1,-3,-51,-51,-289,4913
1,-1,-3,-17,-51,-289,4913
1,-1,-3,0,-51,-289,4913
1,-1,-3,17,-51,-289,4913
1,-1,-3,34,-51,-289,4913
1,-1,-3,51,-51,-289,4913
1,-1,-3,68,-51,-289,4913
1,-1,-3,85,-51,-289,4913
1,-1,-3,102,-51,-289,4913
1,-1,-3,119,-51,-289,4913
1,-1,-2,-68,-34,-289,4913
1,-1,-2,0,-34,-289,4913
1,-1,-2,34,-34,-289,4913
1,-1,-2,102,-34,-289,4913
1,-1,-1,-85,-17,-289,4913
1,-1,-1,-68,-17,-289,4913
1,-1,-1,-51,-17,-289,4913
1,-1,-1,-17,-17,-289,4913
1,-1,-1,0,-17,-289,4913
1,-1,-1,17,-17,-289,4913
1,-1,-1,34,-17,-289,4913
1,-1,-1,51,-17,-289,4913
1,-1,-1,68,-17,-289,4913
1,-1,-1,85,-17,-289,4913
1,-1,-1,102,-17,-289,4913
1,-1,-1,119,-17,-289,4913
1,-1,1,-102,17,-289,4913
1,-1,1,-85,17,-289,4913
1,-1,1,-68,17,-289,4913
1,-1,1,-51,17,-289,4913
1,-1,1,-17,17,-289,4913
1,-1,1,0,17,-289,4913
1,-1,1,17,17,-289,4913
1,-1,1,34,17,-289,4913
1,-1,1,51,17,-289,4913
1,-1,1,68,17,-289,4913
1,-1,1,85,17,-289,4913
1,-1,1,102,17,-289,4913
1,-1,1,119,17,-289,4913
1,-1,2,-102,34,-289,4913
1,-1,2,-68,34,-289,4913
1,-1,2,0,34,-289,4913
1,-1,2,34,34,-289,4913
1,-1,2,68,34,-289,4913
1,-1,2,102,34,-289,4913
1,-1,3,-119,51,-289,4913
1,-1,3,-102,51,-289,4913
1,-1,3,-85,51,-289,4913
1,-1,3,-68,51,-289,4913
1,-1,3,-51,51,-289,4913
1,-1,3,-17,51,-289,4913
1,-1,3,0,51,-289,4913
1,-1,3,17,51,-289,4913
1,-1,3,34,51,-289,4913
1,-1,3,51,51,-289,4913
1,-1,3,68,51,-289,4913
1,-1,3,85,51,-289,4913
1,-1,3,102,51,-289,4913
1,-1,4,-136,68,-289,4913
1,-1,4,-102,68,-289,4913
1,-1,4,-68,68,-289,4913
1,-1,4,0,68,-289,4913
1,-1,4,34,68,-289,4913
1,-1,4,102,68,-289,4913
1,-1,5,-119,85,-289,4913
1,-1,5,-102,85,-289,4913
1,-1,5,-85,85,-289,4913
1,-1,5,-68,85,-289,4913
1,-1,5,-51,85,-289,4913
1,-1,5,-17,85,-289,4913
1,-1,5,0,85,-289,4913
1,-1,5,17,85,-289,4913
1,-1,5,34,85,-289,4913
1,-1,5,51,85,-289,4913
1,-1,5,68,85,-289,4913
1,-1,5,85,85,-289,4913
1,-1,6,-136,102,-289,4913
1,-1,6,-102,102,-289,4913
1,-1,6,-68,102,-289,4913
1,-1,6,0,102,-289,4913
1,-1,6,34,102,-289,4913
1,-1,6,68,102,-289,4913
1,-1,7,-119,119,-289,4913
1,-1,7,-102,119,-289,4913
1,-1,7,-85,119,-289,4913
1,-1,7,-68,119,-289,4913
1,-1,7,-51,119,-289,4913
1,-1,7,-17,119,-289,4913
1,-1,7,0,119,-289,4913
1,-1,7,17,119,-289,4913
1,-1,7,34,119,-289,4913
1,-1,7,51,119,-289,4913
1,-1,7,68,119,-289,4913
1,-1,7,85,119,-289,4913
1,-1,8,-102,136,-289,4913
1,-1,8,-68,136,-289,4913
1,-1,8,0,136,-289,4913
1,-1,8,34,136,-289,4913
1,-1,8,68,136,-289,4913
1,-1,9,-119,153,-289,4913
1,-1,9,-102,153,-289,4913
1,-1,9,-85,153,-289,4913
1,-1,9,-68,153,-289,4913
1,-1,9,-51,153,-289,4913
1,-1,9,-17,153,-289,4913
1,-1,9,0,153,-289,4913
1,-1,9,17,153,-289,4913
1,-1,9,34,153,-289,4913
1,-1,9,51,153,-289,4913
1,-1,9,68,153,-289,4913
1,-1,9,85,153,-289,4913
1,-1,10,-102,170,-289,4913
1,-1,10,-68,170,-289,4913
1,-1,10,0,170,-289,4913
1,-1,10,34,170,-289,4913
1,-1,10,68,170,-289,4913
1,-1,11,-119,187,-289,4913
1,-1,11,-85,187,-289,4913
1,-1,11,-68,187,-289,4913
1,-1,11,-51,187,-289,4913
1,-1,11,-17,187,-289,4913
1,-1,11,0,187,-289,4913
1,-1,11,17,187,-289,4913
1,-1,11,34,187,-289,4913
1,-1,11,51,187,-289,4913
1,-1,12,-102,204,-289,4913
1,-1,12,-68,204,-289,4913
1,-1,12,0,204,-289,4913
1,-1,12,34,204,-289,4913
1,-1,12,68,204,-289,4913
1,-1,13,-102,221,-289,4913
1,-1,13,-85,221,-289,4913
1,-1,13,-68,221,-289,4913
1,-1,13,-51,221,-289,4913
1,-1,13,-17,221,-289,4913
1,-1,13,0,221,-289,4913
1,-1,13,17,221,-289,4913
1,-1,13,34,221,-289,4913
1,-1,13,51,221,-289,4913
1,-1,13,68,221,-289,4913
1,-1,14,-68,238,-289,4913
1,-1,14,0,238,-289,4913
1,-1,14,34,238,-289,4913
1,-1,15,-102,255,-289,4913
1,-1,15,-85,255,-289,4913
1,-1,15,-51,255,-289,4913
1,-1,15,-17,255,-289,4913
1,-1,15,0,255,-289,4913
1,-1,15,17,255,-289,4913
1,-1,15,51,255,-289,4913
1,-1,16,-102,272,-289,4913
1,-1,16,-68,272,-289,4913
1,-1,16,0,272,-289,4913
1,-1,16,34,272,-289,4913
1,-1,18,-68,306,-289,4913
1,-1,18,0,306,-289,4913
1,-1,18,34,306,-289,4913
1,-1,19,-85,323,-289,4913
1,-1,19,-68,323,-289,4913
1,-1,19,-51,323,-289,4913
1,-1,19,-17,323,-289,4913
1,-1,19,0,323,-289,4913
1,-1,19,17,323,-289,4913
1,-1,19,34,323,-289,4913
1,-1,20,-68,340,-289,4913
1,-1,20,0,340,-289,4913
1,-1,20,34,340,-289,4913
1,-1,21,-85,357,-289,4913
1,-1,21,-68,357,-289,4913
1,-1,21,-51,357,-289,4913
1,-1,21,-17,357,-289,4913
1,-1,21,0,357,-289,4913
1,-1,21,17,357,-289,4913
1,-1,21,34,357,-289,4913
1,-1,22,-68,374,-289,4913
1,-1,22,0,374,-289,4913
1,-1,23,-68,391,-289,4913
1,-1,23,-51,391,-289,4913
1,-1,23,-17,391,-289,4913
1,-1,23,0,391,-289,4913
1,-1,23,17,391,-289,4913
1,-1,24,-68,408,-289,4913
1,-1,24,0,408,-289,4913
1,-1,25,-68,425,-289,4913
1,-1,25,-51,425,-289,4913
1,-1,25,-17,425,-289,4913
1,-1,25,0,425,-289,4913
1,-1,25,17,425,-289,4913
1,-1,26,-68,442,-289,4913
1,-1,26,0,442,-289,4913
1,-1,27,-68,459,-289,4913
1,-1,27,-51,459,-289,4913
1,-1,27,-17,459,-289,4913
1,-1,27,0,459,-289,4913
1,-1,27,17,459,-289,4913
1,-1,28,0,476,-289,4913
1,-1,29,-51,493,-289,4913
1,-1,29,-17,493,-289,4913
1,-1,29,0,493,-289,4913
1,-1,30,0,510,-289,4913
1,-1,31,-51,527,-289,4913
1,-1,31,-17,527,-289,4913
1,-1,31,0,527,-289,4913
1,-1,33,-51,561,-289,4913
1,-1,33,-17,561,-289,4913
1,-1,33,0,561,-289,4913
1,-1,35,-51,595,-289,4913
1,-1,35,-17,595,-289,4913
1,-1,37,-17,629,-289,4913
1,-1,39,-17,663,-289,4913
1,0,-13,-17,-221,0,4913
1,0,-13,17,-221,0,4913
1,0,-12,-34,-204,0,4913
1,0,-12,34,-204,0,4913
1,0,-11,-34,-187,0,4913
1,0,-11,-17,-187,0,4913
1,0,-11,17,-187,0,4913
1,0,-11,34,-187,0,4913
1,0,-10,-34,-170,0,4913
1,0,-10,34,-170,0,4913
1,0,-9,-51,-153,0,4913
1,0,-9,-34,-153,0,4913
1,0,-9,-17,-153,0,4913
1,0,-9,17,-153,0,4913
1,0,-9,34,-153,0,4913
1,0,-9,51,-153,0,4913
1,0,-8,-68,-136,0,4913
1,0,-8,-34,-136,0,4913
1,0,-8,34,-136,0,4913
1,0,-8,68,-136,0,4913
1,0,-7,-68,-119,0,4913
1,0,-7,-51,-119,0,4913
1,0,-7,-34,-119,0,4913
1,0,-7,-17,-119,0,4913
1,0,-7,17,-119,0,4913
1,0,-7,34,-119,0,4913
1,0,-7,51,-119,0,4913
1,0,-7,68,-119,0,4913
1,0,-6,-68,-102,0,4913
1,0,-6,-34,-102,0,4913
1,0,-6,34,-102,0,4913
1,0,-6,68,-102,0,4913
1,0,-5,-85,-85,0,4913
1,0,-5,-68,-85,0,4913
1,0,-5,-51,-85,0,4913
1,0,-5,-34,-85,0,4913
1,0,-5,-17,-85,0,4913
1,0,-5,17,-85,0,4913
1,0,-5,34,-85,0,4913
1,0,-5,51,-85,0,4913
1,0,-5,68,-85,0,4913
1,0,-5,85,-85,0,4913
1,0,-4,-68,-68,0,4913
1,0,-4,-34,-68,0,4913
1,0,-4,34,-68,0,4913
1,0,-4,68,-68,0,4913
1,0,-3,-102,-51,0,4913
1,0,-3,-85,-51,0,4913
1,0,-3,-68,-51,0,4913
1,0,-3,-51,-51,0,4913
1,0,-3,-34,-51,0,4913
1,0,-3,-17,-51,0,4913
1,0,-3,17,-51,0,4913
1,0,-3,34,-51,0,4913
1,0,-3,51,-51,0,4913
1,0,-3,68,-51,0,4913
1,0,-3,85,-51,0,4913
1,0,-3,102,-51,0,4913
1,0,-2,-68,-34,0,4913
1,0,-2,-34,-34,0,4913
1,0,-2,34,-34,0,4913
1,0,-2,68,-34,0,4913
1,0,-1,-119,-17,0,4913
1,0,-1,-102,-17,0,4913
1,0,-1,-85,-17,0,4913
1,0,-1,-68,-17,0,4913
1,0,-1,-34,-17,0,4913
1,0,-1,-17,-17,0,4913
1,0,-1,17,-17,0,4913
1,0,-1,34,-17,0,4913
1,0,-1,68,-17,0,4913
1,0,-1,85,-17,0,4913
1,0,-1,102,-17,0,4913
1,0,-1,119,-17,0,4913
1,0,1,-119,17,0,4913
1,0,1,-102,17,0,4913
1,0,1,-85,17,0,4913
1,0,1,-68,17,0,4913
1,0,1,-51,17,0,4913
1,0,1,-34,17,0,4913
1,0,1,-17,17,0,4913
1,0,1,17,17,0,4913
1,0,1,34,17,0,4913
1,0,1,51,17,0,4913
1,0,1,68,17,0,4913
1,0,1,85,17,0,4913
1,0,1,102,17,0,4913
1,0,1,119,17,0,4913
1,0,2,-102,34,0,4913
1,0,2,-68,34,0,4913
1,0,2,-34,34,0,4913
1,0,2,34,34,0,4913
1,0,2,68,34,0,4913
1,0,2,102,34,0,4913
1,0,3,-119,51,0,4913
1,0,3,-102,51,0,4913
1,0,3,-85,51,0,4913
1,0,3,-68,51,0,4913
1,0,3,-51,51,0,4913
1,0,3,-34,51,0,4913
1,0,3,-17,51,0,4913
1,0,3,17,51,0,4913
1,0,3,34,51,0,4913
1,0,3,51,51,0,4913
1,0,3,68,51,0,4913
1,0,3,85,51,0,4913
1,0,3,102,51,0,4913
1,0,3,119,51,0,4913
1,0,4,-102,68,0,4913
1,0,4,-68,68,0,4913
1,0,4,-34,68,0,4913
1,0,4,34,68,0,4913
1,0,4,68,68,0,4913
1,0,4,102,68,0,4913
1,0,5,-119,85,0,4913
1,0,5,-102,85,0,4913
1,0,5,-85,85,0,4913
1,0,5,-68,85,0,4913
1,0,5,-51,85,0,4913
1,0,5,-34,85,0,4913
1,0,5,-17,85,0,4913
1,0,5,17,85,0,4913
1,0,5,34,85,0,4913
1,0,5,51,85,0,4913
1,0,5,68,85,0,4913
1,0,5,85,85,0,4913
1,0,5,102,85,0,4913
1,0,5,119,85,0,4913
1,0,6,-102,102,0,4913
1,0,6,-68,102,0,4913
1,0,6,-34,102,0,4913
1,0,6,34,102,0,4913
1,0,6,68,102,0,4913
1,0,6,102,102,0,4913
1,0,7,-102,119,0,4913
1,0,7,-85,119,0,4913
1,0,7,-68,119,0,4913
1,0,7,-51,119,0,4913
1,0,7,-34,119,0,4913
1,0,7,-17,119,0,4913
1,0,7,17,119,0,4913
1,0,7,34,119,0,4913
1,0,7,51,119,0,4913
1,0,7,68,119,0,4913
1,0,7,85,119,0,4913
1,0,7,102,119,0,4913
1,0,8,-68,136,0,4913
1,0,8,-34,136,0,4913
1,0,8,34,136,0,4913
1,0,8,68,136,0,4913
1,0,9,-102,153,0,4913
1,0,9,-68,153,0,4913
1,0,9,-51,153,0,4913
1,0,9,-34,153,0,4913
1,0,9,-17,153,0,4913
1,0,9,17,153,0,4913
1,0,9,34,153,0,4913
1,0,9,51,153,0,4913
1,0,9,68,153,0,4913
1,0,9,102,153,0,4913
1,0,10,-68,170,0,4913
1,0,10,-34,170,0,4913
1,0,10,34,170,0,4913
1,0,10,68,170,0,4913
1,0,11,-85,187,0,4913
1,0,11,-68,187,0,4913
1,0,11,-51,187,0,4913
1,0,11,-34,187,0,4913
1,0,11,-17,187,0,4913
1,0,11,17,187,0,4913
1,0,11,34,187,0,4913
1,0,11,51,187,0,4913
1,0,11,68,187,0,4913
1,0,11,85,187,0,4913
1,0,12,-68,204,0,4913
1,0,12,-34,204,0,4913
1,0,12,34,204,0,4913
1,0,12,68,204,0,4913
1,0,13,-85,221,0,4913
1,0,13,-51,221,0,4913
1,0,13,-34,221,0,4913
1,0,13,-17,221,0,4913
1,0,13,17,221,0,4913
1,0,13,34,221,0,4913
1,0,13,51,221,0,4913
1,0,13,85,221,0,4913
1,0,14,-68,238,0,4913
1,0,14,-34,238,0,4913
1,0,14,34,238,0,4913
1,0,14,68,238,0,4913
1,0,15,-68,255,0,4913
1,0,15,-51,255,0,4913
1,0,15,-34,255,0,4913
1,0,15,-17,255,0,4913
1,0,15,17,255,0,4913
1,0,15,34,255,0,4913
1,0,15,51,255,0,4913
1,0,15,68,255,0,4913
1,0,16,-68,272,0,4913
1,0,16,68,272,0,4913
1,0,18,-34,306,0,4913
1,0,18,34,306,0,4913
1,0,19,-68,323,0,4913
1,0,19,-51,323,0,4913
1,0,19,-34,323,0,4913
1,0,19,-17,323,0,4913
1,0,19,17,323,0,4913
1,0,19,34,323,0,4913
1,0,19,51,323,0,4913
1,0,19,68,323,0,4913
1,0,20,-34,340,0,4913
1,0,20,34,340,0,4913
1,0,21,-51,357,0,4913
1,0,21,-34,357,0,4913
1,0,21,-17,357,0,4913
1,0,21,17,357,0,4913
1,0,21,34,357,0,4913
1,0,21,51,357,0,4913
1,0,22,-34,374,0,4913
1,0,22,34,374,0,4913
1,0,23,-51,391,0,4913
1,0,23,-34,391,0,4913
1,0,23,-17,391,0,4913
1,0,23,17,391,0,4913
1,0,23,34,391,0,4913
1,0,23,51,391,0,4913
1,0,24,-34,408,0,4913
1,0,24,34,408,0,4913
1,0,25,-34,425,0,4913
1,0,25,-17,425,0,4913
1,0,25,17,425,0,4913
1,0,25,34,425,0,4913
1,0,26,-34,442,0,4913
1,0,26,34,442,0,4913
1,0,27,-34,459,0,4913
1,0,27,-17,459,0,4913
1,0,27,17,459,0,4913
1,0,27,34,459,0,4913
1,0,28,-34,476,0,4913
1,0,28,34,476,0,4913
1,0,29,-34,493,0,4913
1,0,29,-17,493,0,4913
1,0,29,17,493,0,4913
1,0,29,34,493,0,4913
1,0,31,-34,527,0,4913
1,0,31,-17,527,0,4913
1,0,31,17,527,0,4913
1,0,31,34,527,0,4913
1,0,35,-17,595,0,4913
1,0,35,17,595,0,4913
1,0,37,-17,629,0,4913
1,0,37,17,629,0,4913
1,1,-16,-34,-272,289,4913
1,1,-15,-34,-255,289,4913
1,1,-14,-34,-238,289,4913
1,1,-13,-51,-221,289,4913
1,1,-13,-34,-221,289,4913
1,1,-13,-17,-221,289,4913
1,1,-12,-68,-204,289,4913
1,1,-12,-34,-204,289,4913
1,1,-12,0,-204,289,4913
1,1,-11,-68,-187,289,4913
1,1,-11,-51,-187,289,4913
1,1,-11,-34,-187,289,4913
1,1,-11,-17,-187,289,4913
1,1,-11,0,-187,289,4913
1,1,-10,-68,-170,289,4913
1,1,-10,-34,-170,289,4913
1,1,-10,0,-170,289,4913
1,1,-9,-85,-153,289,4913
1,1,-9,-68,-153,289,4913
1,1,-9,-51,-153,289,4913
1,1,-9,-34,-153,289,4913
1,1,-9,-17,-153,289,4913
1,1,-9,0,-153,289,4913
1,1,-9,17,-153,289,4913
1,1,-8,-102,-136,289,4913
1,1,-8,-68,-136,289,4913
1,1,-8,-34,-136,289,4913
1,1,-8,0,-136,289,4913
1,1,-7,-102,-119,289,4913
1,1,-7,-85,-119,289,4913
1,1,-7,-68,-119,289,4913
1,1,-7,-51,-119,289,4913
1,1,-7,-34,-119,289,4913
1,1,-7,-17,-119,289,4913
1,1,-7,0,-119,289,4913
1,1,-7,17,-119,289,4913
1,1,-6,-102,-102,289,4913
1,1,-6,-68,-102,289,4913
1,1,-6,-34,-102,289,4913
1,1,-6,0,-102,289,4913
1,1,-5,-119,-85,289,4913
1,1,-5,-102,-85,289,4913
1,1,-5,-85,-85,289,4913
1,1,-5,-68,-85,289,4913
1,1,-5,-51,-85,289,4913
1,1,-5,-34,-85,289,4913
1,1,-5,-17,-85,289,4913
1,1,-5,0,-85,289,4913
1,1,-5,17,-85,289,4913
1,1,-5,51,-85,289,4913
1,1,-4,-68,-68,289,4913
1,1,-4,-34,-68,289,4913
1,1,-4,0,-68,289,4913
1,1,-4,68,-68,289,4913
1,1,-3,-119,-51,289,4913
1,1,-3,-102,-51,289,4913
1,1,-3,-85,-51,289,4913
1,1,-3,-68,-51,289,4913
1,1,-3,-51,-51,289,4913
1,1,-3,-34,-51,289,4913
1,1,-3,-17,-51,289,4913
1,1,-3,0,-51,289,4913
1,1,-3,17,-51,289,4913
1,1,-3,51,-51,289,4913
1,1,-3,68,-51,289,4913
1,1,-2,-102,-34,289,4913
1,1,-2,-34,-34,289,4913
1,1,-2,0,-34,289,4913
1,1,-2,68,-34,289,4913
1,1,-1,-119,-17,289,4913
1,1,-1,-102,-17,289,4913
1,1,-1,-85,-17,289,4913
1,1,-1,-68,-17,289,4913
1,1,-1,-51,-17,289,4913
1,1,-1,-34,-17,289,4913
1,1,-1,-17,-17,289,4913
1,1,-1,0,-17,289,4913
1,1,-1,17,-17,289,4913
1,1,-1,51,-17,289,4913
1,1,-1,68,-17,289,4913
1,1,-1,85,-17,289,4913
1,1,1,-119,17,289,4913
1,1,1,-102,17,289,4913
1,1,1,-85,17,289,4913
1,1,1,-68,17,289,4913
1,1,1,-51,17,289,4913
1,1,1,-34,17,289,4913
1,1,1,-17,17,289,4913
1,1,1,0,17,289,4913
1,1,1,17,17,289,4913
1,1,1,51,17,289,4913
1,1,1,68,17,289,4913
1,1,1,85,17,289,4913
1,1,1,102,17,289,4913
1,1,2,-102,34,289,4913
1,1,2,-68,34,289,4913
1,1,2,-34,34,289,4913
1,1,2,0,34,289,4913
1,1,2,68,34,289,4913
1,1,2,102,34,289,4913
1,1,3,-102,51,289,4913
1,1,3,-85,51,289,4913
1,1,3,-68,51,289,4913
1,1,3,-51,51,289,4913
1,1,3,-34,51,289,4913
1,1,3,-17,51,289,4913
1,1,3,0,51,289,4913
1,1,3,17,51,289,4913
1,1,3,51,51,289,4913
1,1,3,68,51,289,4913
1,1,3,85,51,289,4913
1,1,3,102,51,289,4913
1,1,3,119,51,289,4913
1,1,4,-102,68,289,4913
1,1,4,-34,68,289,4913
1,1,4,0,68,289,4913
1,1,4,68,68,289,4913
1,1,4,102,68,289,4913
1,1,4,136,68,289,4913
1,1,5,-85,85,289,4913
1,1,5,-68,85,289,4913
1,1,5,-51,85,289,4913
1,1,5,-34,85,289,4913
1,1,5,-17,85,289,4913
1,1,5,0,85,289,4913
1,1,5,17,85,289,4913
1,1,5,51,85,289,4913
1,1,5,68,85,289,4913
1,1,5,85,85,289,4913
1,1,5,102,85,289,4913
1,1,5,119,85,289,4913
1,1,6,-68,102,289,4913
1,1,6,-34,102,289,4913
1,1,6,0,102,289,4913
1,1,6,68,102,289,4913
1,1,6,102,102,289,4913
1,1,6,136,102,289,4913
1,1,7,-85,119,289,4913
1,1,7,-68,119,289,4913
1,1,7,-51,119,289,4913
1,1,7,-34,119,289,4913
1,1,7,-17,119,289,4913
1,1,7,0,119,289,4913
1,1,7,17,119,289,4913
1,1,7,51,119,289,4913
1,1,7,68,119,289,4913
1,1,7,85,119,289,4913
1,1,7,102,119,289,4913
1,1,7,119,119,289,4913
1,1,8,-68,136,289,4913
1,1,8,-34,136,289,4913
1,1,8,0,136,289,4913
1,1,8,68,136,289,4913
1,1,8,102,136,289,4913
1,1,9,-85,153,289,4913
1,1,9,-68,153,289,4913
1,1,9,-51,153,289,4913
1,1,9,-34,153,289,4913
1,1,9,-17,153,289,4913
1,1,9,0,153,289,4913
1,1,9,17,153,289,4913
1,1,9,51,153,289,4913
1,1,9,68,153,289,4913
1,1,9,85,153,289,4913
1,1,9,102,153,289,4913
1,1,9,119,153,289,4913
1,1,10,-68,170,289,4913
1,1,10,-34,170,289,4913
1,1,10,0,170,289,4913
1,1,10,68,170,289,4913
1,1,10,102,170,289,4913
1,1,11,-51,187,289,4913
1,1,11,-34,187,289,4913
1,1,11,-17,187,289,4913
1,1,11,0,187,289,4913
1,1,11,17,187,289,4913
1,1,11,51,187,289,4913
1,1,11,68,187,289,4913
1,1,11,85,187,289,4913
1,1,11,119,187,289,4913
1,1,12,-68,204,289,4913
1,1,12,-34,204,289,4913
1,1,12,0,204,289,4913
1,1,12,68,204,289,4913
1,1,12,102,204,289,4913
1,1,13,-68,221,289,4913
1,1,13,-51,221,289,4913
1,1,13,-34,221,289,4913
1,1,13,-17,221,289,4913
1,1,13,0,221,289,4913
1,1,13,17,221,289,4913
1,1,13,51,221,289,4913
1,1,13,68,221,289,4913
1,1,13,85,221,289,4913
1,1,13,102,221,289,4913
1,1,14,-34,238,289,4913
1,1,14,0,238,289,4913
1,1,14,68,238,289,4913
1,1,15,-51,255,289,4913
1,1,15,-17,255,289,4913
1,1,15,0,255,289,4913
1,1,15,17,255,289,4913
1,1,15,51,255,289,4913
1,1,15,85,255,289,4913
1,1,15,102,255,289,4913
1,1,16,-34,272,289,4913
1,1,16,0,272,289,4913
1,1,16,68,272,289,4913
1,1,16,102,272,289,4913
1,1,18,-34,306,289,4913
1,1,18,0,306,289,4913
1,1,18,68,306,289,4913
1,1,19,-34,323,289,4913
1,1,19,-17,323,289,4913
1,1,19,0,323,289,4913
1,1,19,17,323,289,4913
1,1,19,51,323,289,4913
1,1,19,68,323,289,4913
1,1,19,85,323,289,4913
1,1,20,-34,340,289,4913
1,1,20,0,340,289,4913
1,1,20,68,340,289,4913
1,1,21,-34,357,289,4913
1,1,21,-17,357,289,4913
1,1,21,0,357,289,4913
1,1,21,17,357,289,4913
1,1,21,51,357,289,4913
1,1,21,68,357,289,4913
1,1,21,85,357,289,4913
1,1,22,0,374,289,4913
1,1,22,68,374,289,4913
1,1,23,-17,391,289,4913
1,1,23,0,391,289,4913
1,1,23,17,391,289,4913
1,1,23,51,391,289,4913
1,1,23,68,391,289,4913
1,1,24,0,408,289,4913
1,1,24,68,408,289,4913
1,1,25,-17,425,289,4913
1,1,25,0,425,289,4913
1,1,25,17,425,289,4913
1,1,25,51,425,289,4913
1,1,25,68,425,289,4913
1,1,26,0,442,289,4913
1,1,26,68,442,289,4913
1,1,27,-17,459,289,4913
1,1,27,0,459,289,4913
1,1,27,17,459,289,4913
1,1,27,51,459,289,4913
1,1,27,68,459,289,4913
1,1,28,0,476,289,4913
1,1,29,0,493,289,4913
1,1,29,17,493,289,4913
1,1,29,51,493,289,4913
1,1,30,0,510,289,4913
1,1,31,0,527,289,4913
1,1,31,17,527,289,4913
1,1,31,51,527,289,4913
1,1,33,0,561,289,4913
1,1,33,17,561,289,4913
1,1,33,51,561,289,4913
1,1,35,17,595,289,4913
1,1,35,51,595,289,4913
1,1,37,17,629,289,4913
1,1,39,17,663,289,4913
1,2,-16,-68,-272,578,4913
1,2,-15,-68,-255,578,4913
1,2,-13,-85,-221,578,4913
1,2,-13,-68,-221,578,4913
1,2,-13,-51,-221,578,4913
1,2,-12,-102,-204,578,4913
1,2,-12,-34,-204,578,4913
1,2,-11,-102,-187,578,4913
1,2,-11,-85,-187,578,4913
1,2,-11,-68,-187,578,4913
1,2,-11,-51,-187,578,4913
1,2,-11,-34,-187,578,4913
1,2,-10,-102,-170,578,4913
1,2,-10,-68,-170,578,4913
1,2,-10,-34,-170,578,4913
1,2,-9,-119,-153,578,4913
1,2,-9,-102,-153,578,4913
1,2,-9,-85,-153,578,4913
1,2,-9,-68,-153,578,4913
1,2,-9,-51,-153,578,4913
1,2,-9,-34,-153,578,4913
1,2,-9,-17,-153,578,4913
1,2,-8,-102,-136,578,4913
1,2,-8,-68,-136,578,4913
1,2,-8,-34,-136,578,4913
1,2,-8,0,-136,578,4913
1,2,-7,-119,-119,578,4913
1,2,-7,-102,-119,578,4913
1,2,-7,-85,-119,578,4913
1,2,-7,-68,-119,578,4913
1,2,-7,-51,-119,578,4913
1,2,-7,-34,-119,578,4913
1,2,-7,-17,-119,578,4913
1,2,-7,0,-119,578,4913
1,2,-6,-136,-102,578,4913
1,2,-6,-102,-102,578,4913
1,2,-6,-68,-102,578,4913
1,2,-6,-34,-102,578,4913
1,2,-6,0,-102,578,4913
1,2,-5,-136,-85,578,4913
1,2,-5,-119,-85,578,4913
1,2,-5,-102,-85,578,4913
1,2,-5,-85,-85,578,4913
1,2,-5,-68,-85,578,4913
1,2,-5,-51,-85,578,4913
1,2,-5,-34,-85,578,4913
1,2,-5,-17,-85,578,4913
1,2,-5,0,-85,578,4913
1,2,-5,17,-85,578,4913
1,2,-4,-102,-68,578,4913
1,2,-4,-68,-68,578,4913
1,2,-4,-34,-68,578,4913
1,2,-4,0,-68,578,4913
1,2,-4,34,-68,578,4913
1,2,-3,-119,-51,578,4913
1,2,-3,-102,-51,578,4913
1,2,-3,-68,-51,578,4913
1,2,-3,-51,-51,578,4913
1,2,-3,-34,-51,578,4913
1,2,-3,-17,-51,578,4913
1,2,-3,0,-51,578,4913
1,2,-3,17,-51,578,4913
1,2,-3,34,-51,578,4913
1,2,-2,-102,-34,578,4913
1,2,-2,-68,-34,578,4913
1,2,-2,-34,-34,578,4913
1,2,-2,0,-34,578,4913
1,2,-2,34,-34,578,4913
1,2,-1,-102,-17,578,4913
1,2,-1,-85,-17,578,4913
1,2,-1,-68,-17,578,4913
1,2,-1,-34,-17,578,4913
1,2,-1,-17,-17,578,4913
1,2,-1,0,-17,578,4913
1,2,-1,17,-17,578,4913
1,2,-1,34,-17,578,4913
1,2,-1,51,-17,578,4913
1,2,1,-102,17,578,4913
1,2,1,-85,17,578,4913
1,2,1,-68,17,578,4913
1,2,1,-51,17,578,4913
1,2,1,-34,17,578,4913
1,2,1,-17,17,578,4913
1,2,1,0,17,578,4913
1,2,1,34,17,578,4913
1,2,1,51,17,578,4913
1,2,2,-68,34,578,4913
1,2,2,-34,34,578,4913
1,2,2,0,34,578,4913
1,2,2,34,34,578,4913
1,2,3,-85,51,578,4913
1,2,3,-68,51,578,4913
1,2,3,-51,51,578,4913
1,2,3,-34,51,578,4913
1,2,3,-17,51,578,4913
1,2,3,0,51,578,4913
1,2,3,17,51,578,4913
1,2,3,34,51,578,4913
1,2,3,51,51,578,4913
1,2,3,85,51,578,4913
1,2,4,-68,68,578,4913
1,2,4,-34,68,578,4913
1,2,4,0,68,578,4913
1,2,4,34,68,578,4913
1,2,4,102,68,578,4913
1,2,5,-85,85,578,4913
1,2,5,-68,85,578,4913
1,2,5,-34,85,578,4913
1,2,5,-17,85,578,4913
1,2,5,0,85,578,4913
1,2,5,17,85,578,4913
1,2,5,34,85,578,4913
1,2,5,51,85,578,4913
1,2,5,85,85,578,4913
1,2,5,102,85,578,4913
1,2,6,-68,102,578,4913
1,2,6,-34,102,578,4913
1,2,6,0,102,578,4913
1,2,6,34,102,578,4913
1,2,6,102,102,578,4913
1,2,7,-68,119,578,4913
1,2,7,-51,119,578,4913
1,2,7,-34,119,578,4913
1,2,7,-17,119,578,4913
1,2,7,0,119,578,4913
1,2,7,17,119,578,4913
1,2,7,34,119,578,4913
1,2,7,51,119,578,4913
1,2,7,85,119,578,4913
1,2,7,102,119,578,4913
1,2,7,119,119,578,4913
1,2,8,-68,136,578,4913
1,2,8,-34,136,578,4913
1,2,8,0,136,578,4913
1,2,8,34,136,578,4913
1,2,8,102,136,578,4913
1,2,8,136,136,578,4913
1,2,9,-51,153,578,4913
1,2,9,-34,153,578,4913
1,2,9,-17,153,578,4913
1,2,9,0,153,578,4913
1,2,9,17,153,578,4913
1,2,9,34,153,578,4913
1,2,9,51,153,578,4913
1,2,9,85,153,578,4913
1,2,9,102,153,578,4913
1,2,9,119,153,578,4913
1,2,10,0,170,578,4913
1,2,10,34,170,578,4913
1,2,10,102,170,578,4913
1,2,11,-51,187,578,4913
1,2,11,-34,187,578,4913
1,2,11,-17,187,578,4913
1,2,11,0,187,578,4913
1,2,11,17,187,578,4913
1,2,11,34,187,578,4913
1,2,11,51,187,578,4913
1,2,11,85,187,578,4913
1,2,11,102,187,578,4913
1,2,11,119,187,578,4913
1,2,11,136,187,578,4913
1,2,12,-34,204,578,4913
1,2,12,0,204,578,4913
1,2,12,34,204,578,4913
1,2,12,102,204,578,4913
1,2,12,136,204,578,4913
1,2,13,-51,221,578,4913
1,2,13,-34,221,578,4913
1,2,13,-17,221,578,4913
1,2,13,0,221,578,4913
1,2,13,17,221,578,4913
1,2,13,34,221,578,4913
1,2,13,51,221,578,4913
1,2,13,85,221,578,4913
1,2,13,102,221,578,4913
1,2,13,119,221,578,4913
1,2,13,136,221,578,4913
1,2,14,0,238,578,4913
1,2,14,34,238,578,4913
1,2,15,-34,255,578,4913
1,2,15,-17,255,578,4913
1,2,15,0,255,578,4913
1,2,15,17,255,578,4913
1,2,15,34,255,578,4913
1,2,15,51,255,578,4913
1,2,15,85,255,578,4913
1,2,15,102,255,578,4913
1,2,15,119,255,578,4913
1,2,16,-34,272,578,4913
1,2,16,0,272,578,4913
1,2,16,34,272,578,4913
1,2,16,102,272,578,4913
1,2,18,0,306,578,4913
1,2,18,102,306,578,4913
1,2,19,0,323,578,4913
1,2,19,17,323,578,4913
1,2,19,34,323,578,4913
1,2,19,51,323,578,4913
1,2,19,85,323,578,4913
1,2,19,102,323,578,4913
1,2,20,0,340,578,4913
1,2,20,34,340,578,4913
1,2,20,102,340,578,4913
1,2,21,-17,357,578,4913
1,2,21,0,357,578,4913
1,2,21,17,357,578,4913
1,2,21,34,357,578,4913
1,2,21,51,357,578,4913
1,2,21,85,357,578,4913
1,2,21,102,357,578,4913
1,2,22,0,374,578,4913
1,2,22,34,374,578,4913
1,2,22,102,374,578,4913
1,2,23,0,391,578,4913
1,2,23,17,391,578,4913
1,2,23,34,391,578,4913
1,2,23,51,391,578,4913
1,2,23,85,391,578,4913
1,2,23,102,391,578,4913
1,2,24,0,408,578,4913
1,2,24,34,408,578,4913
1,2,24,102,408,578,4913
1,2,25,0,425,578,4913
1,2,25,17,425,578,4913
1,2,25,34,425,578,4913
1,2,25,51,425,578,4913
1,2,25,85,425,578,4913
1,2,25,102,425,578,4913
1,2,26,34,442,578,4913
1,2,27,17,459,578,4913
1,2,27,34,459,578,4913
1,2,27,51,459,578,4913
1,2,27,85,459,578,4913
1,2,28,34,476,578,4913
1,2,29,17,493,578,4913
1,2,29,34,493,578,4913
1,2,29,51,493,578,4913
1,2,29,85,493,578,4913
1,2,30,34,510,578,4913
1,2,31,34,527,578,4913
1,2,31,51,527,578,4913
1,2,32,34,544,578,4913
1,2,33,34,561,578,4913
1,2,33,51,561,578,4913
1,2,33,85,561,578,4913
1,2,35,34,595,578,4913
1,2,36,34,612,578,4913
1,2,37,51,629,578,4913
1,2,39,51,663,578,4913
1,2,41,51,697,578,4913
1,3,-16,-102,-272,867,4913
1,3,-15,-102,-255,867,4913
1,3,-14,-102,-238,867,4913
1,3,-13,-119,-221,867,4913
1,3,-13,-102,-221,867,4913
1,3,-13,-85,-221,867,4913
1,3,-12,-136,-204,867,4913
1,3,-12,-102,-204,867,4913
1,3,-12,-68,-204,867,4913
1,3,-11,-119,-187,867,4913
1,3,-11,-102,-187,867,4913
1,3,-11,-85,-187,867,4913
1,3,-11,-68,-187,867,4913
1,3,-10,-136,-170,867,4913
1,3,-10,-102,-170,867,4913
1,3,-10,-68,-170,867,4913
1,3,-9,-136,-153,867,4913
1,3,-9,-119,-153,867,4913
1,3,-9,-102,-153,867,4913
1,3,-9,-85,-153,867,4913
1,3,-9,-68,-153,867,4913
1,3,-9,-51,-153,867,4913
1,3,-8,-136,-136,867,4913
1,3,-8,-102,-136,867,4913
1,3,-8,-68,-136,867,4913
1,3,-8,-34,-136,867,4913
1,3,-7,-136,-119,867,4913
1,3,-7,-119,-119,867,4913
1,3,-7,-102,-119,867,4913
1,3,-7,-85,-119,867,4913
1,3,-7,-68,-119,867,4913
1,3,-7,-51,-119,867,4913
1,3,-7,-34,-119,867,4913
1,3,-6,-102,-102,867,4913
1,3,-6,-68,-102,867,4913
1,3,-5,-119,-85,867,4913
1,3,-5,-102,-85,867,4913
1,3,-5,-85,-85,867,4913
1,3,-5,-68,-85,867,4913
1,3,-5,-51,-85,867,4913
1,3,-5,-34,-85,867,4913
1,3,-5,-17,-85,867,4913
1,3,-4,-68,-68,867,4913
1,3,-4,-34,-68,867,4913
1,3,-4,0,-68,867,4913
1,3,-3,-119,-51,867,4913
1,3,-3,-102,-51,867,4913
1,3,-3,-85,-51,867,4913
1,3,-3,-68,-51,867,4913
1,3,-3,-51,-51,867,4913
1,3,-3,-34,-51,867,4913
1,3,-3,-17,-51,867,4913
1,3,-3,0,-51,867,4913
1,3,-2,-102,-34,867,4913
1,3,-2,-68,-34,867,4913
1,3,-2,-34,-34,867,4913
1,3,-2,0,-34,867,4913
1,3,-1,-85,-17,867,4913
1,3,-1,-68,-17,867,4913
1,3,-1,-51,-17,867,4913
1,3,-1,-34,-17,867,4913
1,3,-1,-17,-17,867,4913
1,3,-1,0,-17,867,4913
1,3,-1,17,-17,867,4913
1,3,1,-85,17,867,4913
1,3,1,-68,17,867,4913
1,3,1,-51,17,867,4913
1,3,1,-34,17,867,4913
1,3,1,-17,17,867,4913
1,3,1,0,17,867,4913
1,3,1,17,17,867,4913
1,3,1,34,17,867,4913
1,3,2,-68,34,867,4913
1,3,2,-34,34,867,4913
1,3,2,34,34,867,4913
1,3,3,-85,51,867,4913
1,3,3,-68,51,867,4913
1,3,3,-51,51,867,4913
1,3,3,-34,51,867,4913
1,3,3,-17,51,867,4913
1,3,3,0,51,867,4913
1,3,3,17,51,867,4913
1,3,3,34,51,867,4913
1,3,3,51,51,867,4913
1,3,4,-68,68,867,4913
1,3,4,-34,68,867,4913
1,3,4,0,68,867,4913
1,3,4,34,68,867,4913
1,3,4,68,68,867,4913
1,3,5,-68,85,867,4913
1,3,5,-51,85,867,4913
1,3,5,-34,85,867,4913
1,3,5,-17,85,867,4913
1,3,5,0,85,867,4913
1,3,5,17,85,867,4913
1,3,5,34,85,867,4913
1,3,5,51,85,867,4913
1,3,5,68,85,867,4913
1,3,6,-68,102,867,4913
1,3,6,-34,102,867,4913
1,3,6,0,102,867,4913
1,3,6,34,102,867,4913
1,3,6,68,102,867,4913
1,3,7,-51,119,867,4913
1,3,7,-34,119,867,4913
1,3,7,-17,119,867,4913
1,3,7,0,119,867,4913
1,3,7,17,119,867,4913
1,3,7,34,119,867,4913
1,3,7,51,119,867,4913
1,3,7,68,119,867,4913
1,3,7,85,119,867,4913
1,3,8,-34,136,867,4913
1,3,8,0,136,867,4913
1,3,8,34,136,867,4913
1,3,8,68,136,867,4913
1,3,9,-51,153,867,4913
1,3,9,-34,153,867,4913
1,3,9,-17,153,867,4913
1,3,9,0,153,867,4913
1,3,9,17,153,867,4913
1,3,9,34,153,867,4913
1,3,9,51,153,867,4913
1,3,9,68,153,867,4913
1,3,9,85,153,867,4913
1,3,10,-34,170,867,4913
1,3,10,0,170,867,4913
1,3,10,34,170,867,4913
1,3,10,68,170,867,4913
1,3,11,-34,187,867,4913
1,3,11,-17,187,867,4913
1,3,11,0,187,867,4913
1,3,11,17,187,867,4913
1,3,11,34,187,867,4913
1,3,11,51,187,867,4913
1,3,11,68,187,867,4913
1,3,11,85,187,867,4913
1,3,11,119,187,867,4913
1,3,12,-34,204,867,4913
1,3,12,0,204,867,4913
1,3,12,34,204,867,4913
1,3,12,68,204,867,4913
1,3,13,-17,221,867,4913
1,3,13,0,221,867,4913
1,3,13,17,221,867,4913
1,3,13,34,221,867,4913
1,3,13,51,221,867,4913
1,3,13,68,221,867,4913
1,3,13,85,221,867,4913
1,3,13,119,221,867,4913
1,3,14,-34,238,867,4913
1,3,14,34,238,867,4913
1,3,14,68,238,867,4913
1,3,14,136,238,867,4913
1,3,15,-17,255,867,4913
1,3,15,0,255,867,4913
1,3,15,17,255,867,4913
1,3,15,34,255,867,4913
1,3,15,51,255,867,4913
1,3,15,68,255,867,4913
1,3,15,85,255,867,4913
1,3,15,119,255,867,4913
1,3,15,136,255,867,4913
1,3,15,153,255,867,4913
1,3,16,34,272,867,4913
1,3,16,68,272,867,4913
1,3,16,136,272,867,4913
1,3,18,0,306,867,4913
1,3,18,34,306,867,4913
1,3,18,68,306,867,4913
1,3,18,136,306,867,4913
1,3,19,0,323,867,4913
1,3,19,17,323,867,4913
1,3,19,51,323,867,4913
1,3,19,85,323,867,4913
1,3,19,119,323,867,4913
1,3,19,136,323,867,4913
1,3,20,0,340,867,4913
1,3,20,34,340,867,4913
1,3,20,68,340,867,4913
1,3,20,136,340,867,4913
1,3,21,0,357,867,4913
1,3,21,17,357,867,4913
1,3,21,34,357,867,4913
1,3,21,51,357,867,4913
1,3,21,68,357,867,4913
1,3,21,85,357,867,4913
1,3,21,119,357,867,4913
1,3,21,136,357,867,4913
1,3,22,34,374,867,4913
1,3,22,68,374,867,4913
1,3,22,136,374,867,4913
1,3,23,17,391,867,4913
1,3,23,34,391,867,4913
1,3,23,51,391,867,4913
1,3,23,68,391,867,4913
1,3,23,85,391,867,4913
1,3,23,119,391,867,4913
1,3,23,136,391,867,4913
1,3,24,34,408,867,4913
1,3,24,68,408,867,4913
1,3,25,17,425,867,4913
1,3,25,34,425,867,4913
1,3,25,51,425,867,4913
1,3,25,68,425,867,4913
1,3,25,85,425,867,4913
1,3,25,119,425,867,4913
1,3,26,34,442,867,4913
1,3,26,68,442,867,4913
1,3,27,34,459,867,4913
1,3,27,51,459,867,4913
1,3,27,68,459,867,4913
1,3,27,85,459,867,4913
1,3,27,119,459,867,4913
1,3,28,34,476,867,4913
1,3,28,68,476,867,4913
1,3,29,34,493,867,4913
1,3,29,51,493,867,4913
1,3,29,68,493,867,4913
1,3,29,85,493,867,4913
1,3,29,119,493,867,4913
1,3,30,68,510,867,4913
1,3,31,51,527,867,4913
1,3,31,68,527,867,4913
1,3,31,85,527,867,4913
1,3,31,119,527,867,4913
1,3,32,68,544,867,4913
1,3,33,51,561,867,4913
1,3,33,68,561,867,4913
1,3,33,85,561,867,4913
1,3,35,68,595,867,4913
1,3,35,85,595,867,4913
1,3,37,68,629,867,4913
1,3,37,85,629,867,4913
1,3,38,68,646,867,4913
1,3,39,68,663,867,4913
1,3,39,85,663,867,4913
1,3,41,85,697,867,4913
1,3,43,85,731,867,4913
1,3,45,85,765,867,4913
1,4,-16,-136,-272,1156,4913
1,4,-14,-136,-238,1156,4913
1,4,-13,-153,-221,1156,4913
1,4,-13,-136,-221,1156,4913
1,4,-13,-119,-221,1156,4913
1,4,-12,-136,-204,1156,4913
1,4,-12,-102,-204,1156,4913
1,4,-11,-153,-187,1156,4913
1,4,-11,-119,-187,1156,4913
1,4,-11,-102,-187,1156,4913
1,4,-10,-136,-170,1156,4913
1,4,-10,-102,-170,1156,4913
1,4,-9,-136,-153,1156,4913
1,4,-9,-119,-153,1156,4913
1,4,-9,-102,-153,1156,4913
1,4,-9,-85,-153,1156,4913
1,4,-8,-136,-136,1156,4913
1,4,-8,-102,-136,1156,4913
1,4,-8,-68,-136,1156,4913
1,4,-7,-136,-119,1156,4913
1,4,-7,-119,-119,1156,4913
1,4,-7,-102,-119,1156,4913
1,4,-7,-85,-119,1156,4913
1,4,-7,-68,-119,1156,4913
1,4,-6,-102,-102,1156,4913
1,4,-6,-68,-102,1156,4913
1,4,-5,-102,-85,1156,4913
1,4,-5,-85,-85,1156,4913
1,4,-5,-68,-85,1156,4913
1,4,-5,-51,-85,1156,4913
1,4,-4,-68,-68,1156,4913
1,4,-4,-34,-68,1156,4913
1,4,-3,-102,-51,1156,4913
1,4,-3,-85,-51,1156,4913
1,4,-3,-68,-51,1156,4913
1,4,-3,-51,-51,1156,4913
1,4,-3,-34,-51,1156,4913
1,4,-2,-102,-34,1156,4913
1,4,-2,-68,-34,1156,4913
1,4,-2,-34,-34,1156,4913
1,4,-1,-102,-17,1156,4913
1,4,-1,-85,-17,1156,4913
1,4,-1,-68,-17,1156,4913
1,4,-1,-51,-17,1156,4913
1,4,-1,-34,-17,1156,4913
1,4,-1,-17,-17,1156,4913
1,4,1,-85,17,1156,4913
1,4,1,-68,17,1156,4913
1,4,1,-51,17,1156,4913
1,4,1,-34,17,1156,4913
1,4,1,-17,17,1156,4913
1,4,1,0,17,1156,4913
1,4,2,-68,34,1156,4913
1,4,2,-34,34,1156,4913
1,4,3,-68,51,1156,4913
1,4,3,-51,51,1156,4913
1,4,3,-34,51,1156,4913
1,4,3,0,51,1156,4913
1,4,3,17,51,1156,4913
1,4,4,-68,68,1156,4913
1,4,4,-34,68,1156,4913
1,4,4,0,68,1156,4913
1,4,5,-51,85,1156,4913
1,4,5,-34,85,1156,4913
1,4,5,-17,85,1156,4913
1,4,5,0,85,1156,4913
1,4,5,17,85,1156,4913
1,4,5,34,85,1156,4913
1,4,6,-34,102,1156,4913
1,4,6,0,102,1156,4913
1,4,6,34,102,1156,4913
1,4,7,-51,119,1156,4913
1,4,7,-34,119,1156,4913
1,4,7,-17,119,1156,4913
1,4,7,0,119,1156,4913
1,4,7,17,119,1156,4913
1,4,7,34,119,1156,4913
1,4,7,51,119,1156,4913
1,4,8,-34,136,1156,4913
1,4,8,0,136,1156,4913
1,4,8,68,136,1156,4913
1,4,9,-34,153,1156,4913
1,4,9,-17,153,1156,4913
1,4,9,0,153,1156,4913
1,4,9,17,153,1156,4913
1,4,9,34,153,1156,4913
1,4,9,51,153,1156,4913
1,4,9,68,153,1156,4913
1,4,10,-34,170,1156,4913
1,4,10,0,170,1156,4913
1,4,10,34,170,1156,4913
1,4,10,68,170,1156,4913
1,4,11,-34,187,1156,4913
1,4,11,-17,187,1156,4913
1,4,11,0,187,1156,4913
1,4,11,17,187,1156,4913
1,4,11,34,187,1156,4913
1,4,11,51,187,1156,4913
1,4,11,68,187,1156,4913
1,4,11,85,187,1156,4913
1,4,12,0,204,1156,4913
1,4,12,34,204,1156,4913
1,4,12,68,204,1156,4913
1,4,12,102,204,1156,4913
1,4,13,-17,221,1156,4913
1,4,13,0,221,1156,4913
1,4,13,34,221,1156,4913
1,4,13,51,221,1156,4913
1,4,13,68,221,1156,4913
1,4,13,85,221,1156,4913
1,4,13,102,221,1156,4913
1,4,14,0,238,1156,4913
1,4,14,34,238,1156,4913
1,4,14,68,238,1156,4913
1,4,14,102,238,1156,4913
1,4,15,-17,255,1156,4913
1,4,15,0,255,1156,4913
1,4,15,17,255,1156,4913
1,4,15,34,255,1156,4913
1,4,15,51,255,1156,4913
1,4,15,68,255,1156,4913
1,4,15,85,255,1156,4913
1,4,15,102,255,1156,4913
1,4,15,119,255,1156,4913
1,4,16,0,272,1156,4913
1,4,16,34,272,1156,4913
1,4,16,68,272,1156,4913
1,4,16,102,272,1156,4913
1,4,18,0,306,1156,4913
1,4,18,34,306,1156,4913
1,4,18,68,306,1156,4913
1,4,18,102,306,1156,4913
1,4,19,17,323,1156,4913
1,4,19,34,323,1156,4913
1,4,19,51,323,1156,4913
1,4,19,68,323,1156,4913
1,4,19,85,323,1156,4913
1,4,19,102,323,1156,4913
1,4,19,119,323,1156,4913
1,4,19,153,323,1156,4913
1,4,20,68,340,1156,4913
1,4,21,17,357,1156,4913
1,4,21,34,357,1156,4913
1,4,21,51,357,1156,4913
1,4,21,85,357,1156,4913
1,4,21,102,357,1156,4913
1,4,21,119,357,1156,4913
1,4,21,153,357,1156,4913
1,4,21,170,357,1156,4913
1,4,22,68,374,1156,4913
1,4,22,102,374,1156,4913
1,4,23,34,391,1156,4913
1,4,23,68,391,1156,4913
1,4,23,85,391,1156,4913
1,4,23,102,391,1156,4913
1,4,23,119,391,1156,4913
1,4,23,153,391,1156,4913
1,4,24,34,408,1156,4913
1,4,24,68,408,1156,4913
1,4,24,102,408,1156,4913
1,4,25,34,425,1156,4913
1,4,25,51,425,1156,4913
1,4,25,68,425,1156,4913
1,4,25,85,425,1156,4913
1,4,25,102,425,1156,4913
1,4,25,119,425,1156,4913
1,4,25,153,425,1156,4913
1,4,26,34,442,1156,4913
1,4,26,68,442,1156,4913
1,4,26,102,442,1156,4913
1,4,27,51,459,1156,4913
1,4,27,68,459,1156,4913
1,4,27,85,459,1156,4913
1,4,27,102,459,1156,4913
1,4,27,119,459,1156,4913
1,4,27,153,459,1156,4913
1,4,28,68,476,1156,4913
1,4,28,102,476,1156,4913
1,4,29,68,493,1156,4913
1,4,29,85,493,1156,4913
1,4,29,102,493,1156,4913
1,4,29,119,493,1156,4913
1,4,30,68,510,1156,4913
1,4,30,102,510,1156,4913
1,4,31,68,527,1156,4913
1,4,31,85,527,1156,4913
1,4,31,102,527,1156,4913
1,4,31,119,527,1156,4913
1,4,31,153,527,1156,4913
1,4,32,68,544,1156,4913
1,4,32,102,544,1156,4913
1,4,33,68,561,1156,4913
1,4,33,85,561,1156,4913
1,4,33,102,561,1156,4913
1,4,33,119,561,1156,4913
1,4,35,85,595,1156,4913
1,4,35,102,595,1156,4913
1,4,35,119,595,1156,4913
1,4,36,102,612,1156,4913
1,4,37,102,629,1156,4913
1,4,39,102,663,1156,4913
1,4,39,119,663,1156,4913
1,4,40,102,680,1156,4913
1,4,41,102,697,1156,4913
1,4,41,119,697,1156,4913
1,4,42,102,714,1156,4913
1,4,43,102,731,1156,4913
1,4,43,119,731,1156,4913
1,4,45,119,765,1156,4913
1,4,47,119,799,1156,4913
1,5,-15,-170,-255,1445,4913
1,5,-14,-170,-238,1445,4913
1,5,-13,-170,-221,1445,4913
1,5,-13,-153,-221,1445,4913
1,5,-12,-170,-204,1445,4913
1,5,-12,-136,-204,1445,4913
1,5,-11,-153,-187,1445,4913
1,5,-11,-136,-187,1445,4913
1,5,-10,-136,-170,1445,4913
1,5,-9,-153,-153,1445,4913
1,5,-9,-136,-153,1445,4913
1,5,-9,-119,-153,1445,4913
1,5,-8,-136,-136,1445,4913
1,5,-8,-102,-136,1445,4913
1,5,-7,-136,-119,1445,4913
1,5,-7,-119,-119,1445,4913
1,5,-6,-102,-102,1445,4913
1,5,-5,-119,-85,1445,4913
1,5,-5,-102,-85,1445,4913
1,5,-5,-85,-85,1445,4913
1,5,-4,-102,-68,1445,4913
1,5,-4,-68,-68,1445,4913
1,5,-3,-102,-51,1445,4913
1,5,-3,-85,-51,1445,4913
1,5,-3,-68,-51,1445,4913
1,5,-2,-102,-34,1445,4913
1,5,-2,-68,-34,1445,4913
1,5,-1,-102,-17,1445,4913
1,5,-1,-85,-17,1445,4913
1,5,-1,-68,-17,1445,4913
1,5,-1,-51,-17,1445,4913
1,5,1,-85,17,1445,4913
1,5,1,-51,17,1445,4913
1,5,1,-34,17,1445,4913
1,5,2,-68,34,1445,4913
1,5,2,-34,34,1445,4913
1,5,3,-51,51,1445,4913
1,5,3,-34,51,1445,4913
1,5,3,-17,51,1445,4913
1,5,4,-68,68,1445,4913
1,5,4,0,68,1445,4913
1,5,5,-68,85,1445,4913
1,5,5,-51,85,1445,4913
1,5,5,-34,85,1445,4913
1,5,5,-17,85,1445,4913
1,5,5,0,85,1445,4913
1,5,6,-34,102,1445,4913
1,5,6,0,102,1445,4913
1,5,7,-51,119,1445,4913
1,5,7,-34,119,1445,4913
1,5,7,-17,119,1445,4913
1,5,7,0,119,1445,4913
1,5,7,17,119,1445,4913
1,5,8,-34,136,1445,4913
1,5,8,0,136,1445,4913
1,5,8,34,136,1445,4913
1,5,9,-34,153,1445,4913
1,5,9,-17,153,1445,4913
1,5,9,0,153,1445,4913
1,5,9,17,153,1445,4913
1,5,9,34,153,1445,4913
1,5,10,-34,170,1445,4913
1,5,10,0,170,1445,4913
1,5,11,-17,187,1445,4913
1,5,11,0,187,1445,4913
1,5,11,17,187,1445,4913
1,5,11,34,187,1445,4913
1,5,11,51,187,1445,4913
1,5,12,0,204,1445,4913
1,5,12,34,204,1445,4913
1,5,12,68,204,1445,4913
1,5,13,-17,221,1445,4913
1,5,13,0,221,1445,4913
1,5,13,17,221,1445,4913
1,5,13,34,221,1445,4913
1,5,13,51,221,1445,4913
1,5,13,68,221,1445,4913
1,5,14,0,238,1445,4913
1,5,14,34,238,1445,4913
1,5,14,68,238,1445,4913
1,5,15,0,255,1445,4913
1,5,15,17,255,1445,4913
1,5,15,34,255,1445,4913
1,5,15,51,255,1445,4913
1,5,15,68,255,1445,4913
1,5,15,85,255,1445,4913
1,5,16,0,272,1445,4913
1,5,16,34,272,1445,4913
1,5,16,68,272,1445,4913
1,5,18,34,306,1445,4913
1,5,18,68,306,1445,4913
1,5,18,102,306,1445,4913
1,5,19,17,323,1445,4913
1,5,19,34,323,1445,4913
1,5,19,51,323,1445,4913
1,5,19,68,323,1445,4913
1,5,19,85,323,1445,4913
1,5,19,102,323,1445,4913
1,5,19,119,323,1445,4913
1,5,20,34,340,1445,4913
1,5,20,68,340,1445,4913
1,5,20,102,340,1445,4913
1,5,21,51,357,1445,4913
1,5,21,68,357,1445,4913
1,5,21,85,357,1445,4913
1,5,21,102,357,1445,4913
1,5,21,119,357,1445,4913
1,5,22,34,374,1445,4913
1,5,22,68,374,1445,4913
1,5,22,102,374,1445,4913
1,5,22,136,374,1445,4913
1,5,23,34,391,1445,4913
1,5,23,51,391,1445,4913
1,5,23,85,391,1445,4913
1,5,23,119,391,1445,4913
1,5,23,136,391,1445,4913
1,5,23,153,391,1445,4913
1,5,24,68,408,1445,4913
1,5,24,102,408,1445,4913
1,5,24,136,408,1445,4913
1,5,25,51,425,1445,4913
1,5,25,68,425,1445,4913
1,5,25,85,425,1445,4913
1,5,25,102,425,1445,4913
1,5,25,119,425,1445,4913
1,5,25,136,425,1445,4913
1,5,25,153,425,1445,4913
1,5,26,68,442,1445,4913
1,5,26,102,442,1445,4913
1,5,26,136,442,1445,4913
1,5,27,51,459,1445,4913
1,5,27,68,459,1445,4913
1,5,27,85,459,1445,4913
1,5,27,102,459,1445,4913
1,5,27,119,459,1445,4913
1,5,27,136,459,1445,4913
1,5,27,153,459,1445,4913
1,5,27,187,459,1445,4913
1,5,28,102,476,1445,4913
1,5,28,136,476,1445,4913
1,5,29,68,493,1445,4913
1,5,29,85,493,1445,4913
1,5,29,102,493,1445,4913
1,5,29,119,493,1445,4913
1,5,29,136,493,1445,4913
1,5,29,153,493,1445,4913
1,5,29,187,493,1445,4913
1,5,30,68,510,1445,4913
1,5,30,102,510,1445,4913
1,5,30,136,510,1445,4913
1,5,31,85,527,1445,4913
1,5,31,102,527,1445,4913
1,5,31,119,527,1445,4913
1,5,31,136,527,1445,4913
1,5,31,153,527,1445,4913
1,5,32,136,544,1445,4913
1,5,33,85,561,1445,4913
1,5,33,102,561,1445,4913
1,5,33,119,561,1445,4913
1,5,33,136,561,1445,4913
1,5,33,153,561,1445,4913
1,5,35,102,595,1445,4913
1,5,35,119,595,1445,4913
1,5,35,136,595,1445,4913
1,5,35,153,595,1445,4913
1,5,36,102,612,1445,4913
1,5,36,136,612,1445,4913
1,5,37,102,629,1445,4913
1,5,37,119,629,1445,4913
1,5,37,136,629,1445,4913
1,5,37,153,629,1445,4913
1,5,38,136,646,1445,4913
1,5,39,119,663,1445,4913
1,5,39,136,663,1445,4913
1,5,39,153,663,1445,4913
1,5,41,119,697,1445,4913
1,5,41,136,697,1445,4913
1,5,41,153,697,1445,4913
1,5,42,136,714,1445,4913
1,5,43,136,731,1445,4913
1,5,43,153,731,1445,4913
1,5,44,136,748,1445,4913
1,5,45,136,765,1445,4913
1,5,45,153,765,1445,4913
1,5,46,136,782,1445,4913
1,5,47,153,799,1445,4913
1,5,49,153,833,1445,4913
1,6,-15,-204,-255,1734,4913
1,6,-13,-187,-221,1734,4913
1,6,-12,-170,-204,1734,4913
1,6,-11,-170,-187,1734,4913
1,6,-10,-170,-170,1734,4913
1,6,-9,-153,-153,1734,4913
1,6,-8,-136,-136,1734,4913
1,6,-7,-136,-119,1734,4913
1,6,-6,-136,-102,1734,4913
1,6,-5,-136,-85,1734,4913
1,6,-5,-119,-85,1734,4913
1,6,-4,-102,-68,1734,4913
1,6,-3,-119,-51,1734,4913
1,6,-3,-102,-51,1734,4913
1,6,-2,-102,-34,1734,4913
1,6,-1,-102,-17,1734,4913
1,6,-1,-85,-17,1734,4913
1,6,1,-85,17,1734,4913
1,6,2,-68,34,1734,4913
1,6,3,-68,51,1734,4913
1,6,3,-51,51,1734,4913
1,6,4,-68,68,1734,4913
1,6,4,-34,68,1734,4913
1,6,5,-68,85,1734,4913
1,6,5,-34,85,1734,4913
1,6,6,-34,102,1734,4913
1,6,7,-51,119,1734,4913
1,6,7,-34,119,1734,4913
1,6,7,-17,119,1734,4913
1,6,8,-34,136,1734,4913
1,6,9,-34,153,1734,4913
1,6,9,-17,153,1734,4913
1,6,9,0,153,1734,4913
1,6,10,0,170,1734,4913
1,6,11,-34,187,1734,4913
1,6,11,-17,187,1734,4913
1,6,11,0,187,1734,4913
1,6,11,17,187,1734,4913
1,6,12,0,204,1734,4913
1,6,12,34,204,1734,4913
1,6,13,-17,221,1734,4913
1,6,13,17,221,1734,4913
1,6,13,34,221,1734,4913
1,6,14,0,238,1734,4913
1,6,14,34,238,1734,4913
1,6,15,0,255,1734,4913
1,6,15,17,255,1734,4913
1,6,15,34,255,1734,4913
1,6,15,51,255,1734,4913
1,6,16,0,272,1734,4913
1,6,16,34,272,1734,4913
1,6,18,34,306,1734,4913
1,6,19,17,323,1734,4913
1,6,19,34,323,1734,4913
1,6,19,51,323,1734,4913
1,6,19,68,323,1734,4913
1,6,19,85,323,1734,4913
1,6,20,34,340,1734,4913
1,6,20,68,340,1734,4913
1,6,21,34,357,1734,4913
1,6,21,51,357,1734,4913
1,6,21,68,357,1734,4913
1,6,21,85,357,1734,4913
1,6,21,102,357,1734,4913
1,6,22,68,374,1734,4913
1,6,22,102,374,1734,4913
1,6,23,51,391,1734,4913
1,6,23,68,391,1734,4913
1,6,23,85,391,1734,4913
1,6,23,102,391,1734,4913
1,6,23,119,391,1734,4913
1,6,24,68,408,1734,4913
1,6,24,102,408,1734,4913
1,6,25,51,425,1734,4913
1,6,25,85,425,1734,4913
1,6,25,102,425,1734,4913
1,6,25,119,425,1734,4913
1,6,26,68,442,1734,4913
1,6,26,136,442,1734,4913
1,6,27,68,459,1734,4913
1,6,27,102,459,1734,4913
1,6,27,119,459,1734,4913
1,6,27,136,459,1734,4913
1,6,27,153,459,1734,4913
1,6,28,68,476,1734,4913
1,6,28,102,476,1734,4913
1,6,29,68,493,1734,4913
1,6,29,85,493,1734,4913
1,6,29,102,493,1734,4913
1,6,29,119,493,1734,4913
1,6,29,136,493,1734,4913
1,6,29,153,493,1734,4913
1,6,29,170,493,1734,4913
1,6,30,102,510,1734,4913
1,6,30,136,510,1734,4913
1,6,30,170,510,1734,4913
1,6,31,85,527,1734,4913
1,6,31,102,527,1734,4913
1,6,31,119,527,1734,4913
1,6,31,136,527,1734,4913
1,6,31,153,527,1734,4913
1,6,31,170,527,1734,4913
1,6,31,187,527,1734,4913
1,6,32,102,544,1734,4913
1,6,32,136,544,1734,4913
1,6,32,170,544,1734,4913
1,6,33,102,561,1734,4913
1,6,33,119,561,1734,4913
1,6,33,136,561,1734,4913
1,6,33,153,561,1734,4913
1,6,33,170,561,1734,4913
1,6,33,187,561,1734,4913
1,6,35,102,595,1734,4913
1,6,35,119,595,1734,4913
1,6,35,136,595,1734,4913
1,6,35,153,595,1734,4913
1,6,35,170,595,1734,4913
1,6,35,187,595,1734,4913
1,6,36,136,612,1734,4913
1,6,36,170,612,1734,4913
1,6,37,119,629,1734,4913
1,6,37,136,629,1734,4913
1,6,37,153,629,1734,4913
1,6,37,170,629,1734,4913
1,6,37,187,629,1734,4913
1,6,38,136,646,1734,4913
1,6,38,170,646,1734,4913
1,6,39,136,663,1734,4913
1,6,39,153,663,1734,4913
1,6,39,170,663,1734,4913
1,6,40,136,680,1734,4913
1,6,40,170,680,1734,4913
1,6,41,136,697,1734,4913
1,6,41,170,697,1734,4913
1,6,41,187,697,1734,4913
1,6,43,170,731,1734,4913
1,6,43,187,731,1734,4913
1,6,44,170,748,1734,4913
1,6,45,153,765,1734,4913
1,6,45,170,765,1734,4913
1,6,45,187,765,1734,4913
1,6,46,170,782,1734,4913
1,6,47,170,799,1734,4913
1,6,47,187,799,1734,4913
1,6,48,170,816,1734,4913
1,6,49,170,833,1734,4913
1,6,49,187,833,1734,4913
1,6,50,170,850,1734,4913
1,6,53,187,901,1734,4913
1,7,-12,-204,-204,2023,4913
1,7,-5,-153,-85,2023,4913
1,7,-4,-136,-68,2023,4913
1,7,-3,-136,-51,2023,4913
1,7,-1,-119,-17,2023,4913
1,7,1,-102,17,2023,4913
1,7,2,-102,34,2023,4913
1,7,3,-85,51,2023,4913
1,7,4,-68,68,2023,4913
1,7,5,-68,85,2023,4913
1,7,7,-68,119,2023,4913
1,7,7,-51,119,2023,4913
1,7,8,-34,136,2023,4913
1,7,9,-51,153,2023,4913
1,7,10,-34,170,2023,4913
1,7,11,-34,187,2023,4913
1,7,11,-17,187,2023,4913
1,7,12,-34,204,2023,4913
1,7,12,0,204,2023,4913
1,7,13,-17,221,2023,4913
1,7,13,0,221,2023,4913
1,7,14,0,238,2023,4913
1,7,15,-17,255,2023,4913
1,7,15,0,255,2023,4913
1,7,15,17,255,2023,4913
1,7,16,0,272,2023,4913
1,7,16,34,272,2023,4913
1,7,18,34,306,2023,4913
1,7,19,17,323,2023,4913
1,7,19,34,323,2023,4913
1,7,19,51,323,2023,4913
1,7,20,34,340,2023,4913
1,7,21,34,357,2023,4913
1,7,21,51,357,2023,4913
1,7,21,68,357,2023,4913
1,7,22,34,374,2023,4913
1,7,22,68,374,2023,4913
1,7,23,51,391,2023,4913
1,7,23,68,391,2023,4913
1,7,23,85,391,2023,4913
1,7,24,68,408,2023,4913
1,7,25,51,425,2023,4913
1,7,25,85,425,2023,4913
1,7,25,102,425,2023,4913
1,7,26,68,442,2023,4913
1,7,27,85,459,2023,4913
1,7,27,102,459,2023,4913
1,7,27,119,459,2023,4913
1,7,28,68,476,2023,4913
1,7,28,102,476,2023,4913
1,7,29,85,493,2023,4913
1,7,29,119,493,2023,4913
1,7,30,102,510,2023,4913
1,7,30,136,510,2023,4913
1,7,31,85,527,2023,4913
1,7,31,102,527,2023,4913
1,7,31,119,527,2023,4913
1,7,31,136,527,2023,4913
1,7,31,153,527,2023,4913
1,7,32,102,544,2023,4913
1,7,32,136,544,2023,4913
1,7,33,102,561,2023,4913
1,7,33,119,561,2023,4913
1,7,33,136,561,2023,4913
1,7,33,153,561,2023,4913
1,7,33,170,561,2023,4913
1,7,35,119,595,2023,4913
1,7,35,136,595,2023,4913
1,7,35,153,595,2023,4913
1,7,35,170,595,2023,4913
1,7,35,187,595,2023,4913
1,7,36,136,612,2023,4913
1,7,36,170,612,2023,4913
1,7,37,119,629,2023,4913
1,7,37,136,629,2023,4913
1,7,37,153,629,2023,4913
1,7,37,170,629,2023,4913
1,7,37,187,629,2023,4913
1,7,37,204,629,2023,4913
1,7,38,136,646,2023,4913
1,7,38,170,646,2023,4913
1,7,38,204,646,2023,4913
1,7,39,136,663,2023,4913
1,7,39,153,663,2023,4913
1,7,39,170,663,2023,4913
1,7,39,187,663,2023,4913
1,7,39,204,663,2023,4913
1,7,39,221,663,2023,4913
1,7,40,170,680,2023,4913
1,7,40,204,680,2023,4913
1,7,41,153,697,2023,4913
1,7,41,170,697,2023,4913
1,7,41,187,697,2023,4913
1,7,41,204,697,2023,4913
1,7,41,221,697,2023,4913
1,7,42,170,714,2023,4913
1,7,42,204,714,2023,4913
1,7,43,153,731,2023,4913
1,7,43,170,731,2023,4913
1,7,43,187,731,2023,4913
1,7,43,204,731,2023,4913
1,7,43,221,731,2023,4913
1,7,44,170,748,2023,4913
1,7,45,170,765,2023,4913
1,7,45,187,765,2023,4913
1,7,45,204,765,2023,4913
1,7,45,221,765,2023,4913
1,7,46,204,782,2023,4913
1,7,47,170,799,2023,4913
1,7,47,187,799,2023,4913
1,7,47,204,799,2023,4913
1,7,47,221,799,2023,4913
1,7,48,204,816,2023,4913
1,7,49,187,833,2023,4913
1,7,49,204,833,2023,4913
1,7,49,221,833,2023,4913
1,7,52,204,884,2023,4913
1,7,53,204,901,2023,4913
1,7,53,221,901,2023,4913
1,7,54,204,918,2023,4913
1,7,55,221,935,2023,4913
1,7,57,221,969,2023,4913
1,8,4,-102,68,2312,4913
1,8,8,-68,136,2312,4913
1,8,9,-68,153,2312,4913
1,8,13,-34,221,2312,4913
1,8,14,-34,238,2312,4913
1,8,15,-17,255,2312,4913
1,8,16,0,272,2312,4913
1,8,18,0,306,2312,4913
1,8,19,0,323,2312,4913
1,8,19,17,323,2312,4913
1,8,21,17,357,2312,4913
1,8,21,34,357,2312,4913
1,8,22,34,374,2312,4913
1,8,23,34,391,2312,4913
1,8,23,51,391,2312,4913
1,8,25,51,425,2312,4913
1,8,25,68,425,2312,4913
1,8,26,68,442,2312,4913
1,8,27,68,459,2312,4913
1,8,27,85,459,2312,4913
1,8,28,68,476,2312,4913
1,8,29,85,493,2312,4913
1,8,29,102,493,2312,4913
1,8,30,102,510,2312,4913
1,8,31,85,527,2312,4913
1,8,31,102,527,2312,4913
1,8,31,119,527,2312,4913
1,8,33,102,561,2312,4913
1,8,33,119,561,2312,4913
1,8,35,119,595,2312,4913
1,8,35,136,595,2312,4913
1,8,35,153,595,2312,4913
1,8,36,136,612,2312,4913
1,8,37,119,629,2312,4913
1,8,37,153,629,2312,4913
1,8,37,170,629,2312,4913
1,8,38,136,646,2312,4913
1,8,38,170,646,2312,4913
1,8,39,136,663,2312,4913
1,8,39,153,663,2312,4913
1,8,39,170,663,2312,4913
1,8,39,187,663,2312,4913
1,8,40,136,680,2312,4913
1,8,40,170,680,2312,4913
1,8,41,170,697,2312,4913
1,8,41,187,697,2312,4913
1,8,41,204,697,2312,4913
1,8,42,170,714,2312,4913
1,8,42,204,714,2312,4913
1,8,43,153,731,2312,4913
1,8,43,170,731,2312,4913
1,8,43,187,731,2312,4913
1,8,43,204,731,2312,4913
1,8,43,221,731,2312,4913
1,8,44,170,748,2312,4913
1,8,44,204,748,2312,4913
1,8,45,170,765,2312,4913
1,8,45,187,765,2312,4913
1,8,45,204,765,2312,4913
1,8,45,221,765,2312,4913
1,8,45,238,765,2312,4913
1,8,46,204,782,2312,4913
1,8,47,187,799,2312,4913
1,8,47,204,799,2312,4913
1,8,47,221,799,2312,4913
1,8,47,238,799,2312,4913
1,8,47,255,799,2312,4913
1,8,48,204,816,2312,4913
1,8,49,204,833,2312,4913
1,8,49,238,833,2312,4913
1,8,49,255,833,2312,4913
1,8,50,238,850,2312,4913
1,8,52,204,884,2312,4913
1,8,52,238,884,2312,4913
1,8,53,221,901,2312,4913
1,8,53,238,901,2312,4913
1,8,53,255,901,2312,4913
1,8,54,238,918,2312,4913
1,8,55,221,935,2312,4913
1,8,55,238,935,2312,4913
1,8,55,255,935,2312,4913
1,8,56,238,952,2312,4913
1,8,57,238,969,2312,4913
1,8,57,255,969,2312,4913
1,8,58,238,986,2312,4913
1,8,59,238,1003,2312,4913
1,8,61,255,1037,2312,4913
1,9,12,-68,204,2601,4913
1,9,16,-34,272,2601,4913
1,9,19,-17,323,2601,4913
1,9,21,0,357,2601,4913
1,9,23,17,391,2601,4913
1,9,26,34,442,2601,4913
1,9,27,51,459,2601,4913
1,9,29,68,493,2601,4913
1,9,30,68,510,2601,4913
1,9,31,85,527,2601,4913
1,9,33,85,561,2601,4913
1,9,33,102,561,2601,4913
1,9,35,119,595,2601,4913
1,9,37,119,629,2601,4913
1,9,38,136,646,2601,4913
1,9,39,136,663,2601,4913
1,9,39,153,663,2601,4913
1,9,40,136,680,2601,4913
1,9,41,136,697,2601,4913
1,9,41,153,697,2601,4913
1,9,41,170,697,2601,4913
1,9,43,153,731,2601,4913
1,9,43,170,731,2601,4913
1,9,43,187,731,2601,4913
1,9,44,170,748,2601,4913
1,9,45,170,765,2601,4913
1,9,45,187,765,2601,4913
1,9,45,204,765,2601,4913
1,9,46,170,782,2601,4913
1,9,46,204,782,2601,4913
1,9,47,187,799,2601,4913
1,9,47,204,799,2601,4913
1,9,47,221,799,2601,4913
1,9,48,204,816,2601,4913
1,9,49,187,833,2601,4913
1,9,49,221,833,2601,4913
1,9,49,238,833,2601,4913
1,9,50,204,850,2601,4913
1,9,50,238,850,2601,4913
1,9,52,238,884,2601,4913
1,9,53,221,901,2601,4913
1,9,53,238,901,2601,4913
1,9,53,255,901,2601,4913
1,9,54,272,918,2601,4913
1,9,55,238,935,2601,4913
1,9,55,255,935,2601,4913
1,9,55,272,935,2601,4913
1,9,56,238,952,2601,4913
1,9,56,272,952,2601,4913
1,9,57,238,969,2601,4913
1,9,57,255,969,2601,4913
1,9,57,272,969,2601,4913
1,9,57,289,969,2601,4913
1,9,58,272,986,2601,4913
1,9,59,255,1003,2601,4913
1,9,59,272,1003,2601,4913
1,9,59,289,1003,2601,4913
1,9,60,272,1020,2601,4913
1,9,61,272,1037,2601,4913
1,9,61,289,1037,2601,4913
1,9,62,272,1054,2601,4913
1,9,63,272,1071,2601,4913
1,9,63,289,1071,2601,4913
1,9,64,272,1088,2601,4913
1,9,65,289,1105,2601,4913
1,9,67,289,1139,2601,4913
1,9,75,323,1275,2601,4913
1,10,31,51,527,2890,4913
1,10,35,85,595,2890,4913
1,10,37,102,629,2890,4913
1,10,39,119,663,2890,4913
1,10,42,136,714,2890,4913
1,10,43,153,731,2890,4913
1,10,45,153,765,2890,4913
1,10,45,170,765,2890,4913
1,10,46,170,782,2890,4913
1,10,47,170,799,2890,4913
1,10,47,187,799,2890,4913
1,10,49,187,833,2890,4913
1,10,49,204,833,2890,4913
1,10,52,204,884,2890,4913
1,10,53,221,901,2890,4913
1,10,54,238,918,2890,4913
1,10,55,238,935,2890,4913
1,10,56,238,952,2890,4913
1,10,57,238,969,2890,4913
1,10,57,255,969,2890,4913
1,10,59,272,1003,2890,4913
1,10,60,272,1020,2890,4913
1,10,61,289,1037,2890,4913
1,10,62,272,1054,2890,4913
1,10,62,306,1054,2890,4913
1,10,63,272,1071,2890,4913
1,10,63,289,1071,2890,4913
1,10,63,306,1071,2890,4913
1,10,64,306,1088,2890,4913
1,10,65,289,1105,2890,4913
1,10,65,306,1105,2890,4913
1,10,65,323,1105,2890,4913
1,10,66,306,1122,2890,4913
1,10,67,306,1139,2890,4913
1,10,67,323,1139,2890,4913
1,10,69,306,1173,2890,4913
1,10,69,323,1173,2890,4913
1,10,71,323,1207,2890,4913
1,11,43,119,731,3179,4913
1,11,49,170,833,3179,4913
1,11,50,170,850,3179,4913
1,11,54,204,918,3179,4913
1,11,57,221,969,3179,4913
1,11,59,238,1003,3179,4913
1,11,61,255,1037,3179,4913
1,11,62,272,1054,3179,4913
1,11,63,272,1071,3179,4913
1,11,65,289,1105,3179,4913
1,11,66,306,1122,3179,4913
1,11,67,289,1139,3179,4913
1,11,67,306,1139,3179,4913
1,11,69,306,1173,3179,4913
1,11,69,323,1173,3179,4913
1,11,70,340,1190,3179,4913
1,11,71,323,1207,3179,4913
1,11,71,340,1207,3179,4913
1,11,72,340,1224,3179,4913
1,11,73,357,1241,3179,4913
1,11,74,340,1258,3179,4913
1,11,75,357,1275,3179,4913
1,11,77,357,1309,3179,4913
1,11,77,391,1309,3179,4913
1,11,79,391,1343,3179,4913
1,11,81,391,1377,3179,4913
1,11,83,391,1411,3179,4913
1,11,87,408,1479,3179,4913
1,12,62,238,1054,3468,4913
1,12,71,306,1207,3468,4913
1,12,73,323,1241,3468,4913
1,12,74,340,1258,3468,4913
1,12,75,340,1275,3468,4913
1,12,76,340,1292,3468,4913
1,12,77,357,1309,3468,4913
1,12,78,374,1326,3468,4913
1,12,79,374,1343,3468,4913
1,12,80,374,1360,3468,4913
1,12,81,374,1377,3468,4913
1,12,81,391,1377,3468,4913
1,12,83,391,1411,3468,4913
1,12,87,425,1479,3468,4913
1,12,89,425,1513,3468,4913
1,12,89,442,1513,3468,4913
1,12,90,442,1530,3468,4913
1,12,91,442,1547,3468,4913
1,12,92,442,1564,3468,4913
1,13,83,374,1411,3757,4913
1,13,87,408,1479,3757,4913
1,13,88,408,1496,3757,4913
1,13,89,425,1513,3757,4913
1,13,93,459,1581,3757,4913
1,13,95,459,1615,3757,4913
1,13,95,476,1615,3757,4913
1,13,96,476,1632,3757,4913
1,13,98,476,1666,3757,4913
1,13,99,493,1683,3757,4913
1,13,101,493,1717,3757,4913
1,14,95,442,1615,4046,4913
1,14,97,459,1649,4046,4913
1,14,101,493,1717,4046,4913
1,14,103,510,1751,4046,4913
1,14,104,510,1768,4046,4913
1,14,105,527,1785,4046,4913
1,14,107,527,1819,4046,4913
1,14,110,544,1870,4046,4913
1,15,109,527,1853,4335,4913
1,15,111,544,1887,4335,4913
1,15,113,561,1921,4335,4913
