[1, -18, 150, -764, 2550, -5202, 4913], (-8, -10, 53)
[1, -18, 151, -773, 2567, -5202, 4913], (-7, -11, 57)
[1, -18, 151, -772, 2567, -5202, 4913], (-8, -10, 54)
[1, -18, 153, -788, 2601, -5202, 4913], (-8, -10, 56)
[1, -18, 153, -787, 2601, -5202, 4913], (-7, -11, 59)
[1, -18, 154, -798, 2618, -5202, 4913], (-6, -12, 65)
[1, -18, 154, -796, 2618, -5202, 4913], (-8, -10, 57)
[1, -18, 156, -810, 2652, -5202, 4913], (-6, -12, 67)
[1, -17, 133, -658, 2261, -4913, 4913], (-8, -9, 44)
[1, -17, 134, -666, 2278, -4913, 4913], (-8, -9, 45)
[1, -17, 135, -674, 2295, -4913, 4913], (-8, -9, 46)
[1, -17, 136, -683, 2312, -4913, 4913], (-7, -10, 49)
[1, -17, 136, -682, 2312, -4913, 4913], (-8, -9, 47)
[1, -17, 139, -706, 2363, -4913, 4913], (-8, -9, 50)
[1, -17, 139, -704, 2363, -4913, 4913], (-7, -10, 52)
[1, -17, 140, -716, 2380, -4913, 4913], (-6, -11, 57)
[1, -17, 140, -711, 2380, -4913, 4913], (-7, -10, 53)
[1, -17, 142, -733, 2414, -4913, 4913], (-5, -12, 65)
[1, -17, 142, -730, 2414, -4913, 4913], (-8, -9, 53)
[1, -17, 142, -728, 2414, -4913, 4913], (-6, -11, 59)
[1, -17, 143, -734, 2431, -4913, 4913], (-6, -11, 60)
[1, -17, 144, -743, 2448, -4913, 4913], (-5, -12, 67)
[1, -17, 144, -742, 2448, -4913, 4913], (-4, -13, 75)
[1, -17, 144, -740, 2448, -4913, 4913], (-6, -11, 61)
[1, -17, 144, -739, 2448, -4913, 4913], (-7, -10, 57)
[1, -16, 119, -576, 2023, -4624, 4913], (-8, -8, 38)
[1, -16, 120, -584, 2040, -4624, 4913], (-8, -8, 39)
[1, -16, 121, -592, 2057, -4624, 4913], (-8, -8, 40)
[1, -16, 124, -616, 2108, -4624, 4913], (-8, -8, 43)
[1, -16, 125, -624, 2125, -4624, 4913], (-8, -8, 44)
[1, -16, 125, -621, 2125, -4624, 4913], (-7, -9, 45)
[1, -16, 128, -648, 2176, -4624, 4913], (-8, -8, 47)
[1, -16, 129, -659, 2193, -4624, 4913], (-5, -11, 57)
[1, -16, 129, -656, 2193, -4624, 4913], (-8, -8, 48)
[1, -16, 130, -656, 2210, -4624, 4913], (-7, -9, 50)
[1, -16, 131, -669, 2227, -4624, 4913], (-5, -11, 59)
[1, -16, 131, -664, 2227, -4624, 4913], (-6, -10, 54)
[1, -16, 132, -674, 2244, -4624, 4913], (-5, -11, 60)
[1, -16, 133, -679, 2261, -4624, 4913], (-5, -11, 61)
[1, -16, 133, -677, 2261, -4624, 4913], (-7, -9, 53)
[1, -15, 97, -430, 1649, -4335, 4913], (-8, -7, 24)
[1, -15, 101, -462, 1717, -4335, 4913], (-8, -7, 28)
[1, -15, 102, -470, 1734, -4335, 4913], (-8, -7, 29)
[1, -15, 103, -478, 1751, -4335, 4913], (-8, -7, 30)
[1, -15, 104, -486, 1768, -4335, 4913], (-8, -7, 31)
[1, -15, 106, -503, 1802, -4335, 4913], (-7, -8, 33)
[1, -15, 108, -517, 1836, -4335, 4913], (-7, -8, 35)
[1, -15, 109, -524, 1853, -4335, 4913], (-7, -8, 36)
[1, -15, 110, -534, 1870, -4335, 4913], (-8, -7, 37)
[1, -15, 110, -531, 1870, -4335, 4913], (-7, -8, 37)
[1, -15, 111, -538, 1887, -4335, 4913], (-7, -8, 38)
[1, -15, 112, -545, 1904, -4335, 4913], (-7, -8, 39)
[1, -15, 116, -585, 1972, -4335, 4913], (-5, -10, 49)
[1, -15, 116, -576, 1972, -4335, 4913], (-6, -9, 45)
[1, -15, 116, -573, 1972, -4335, 4913], (-7, -8, 43)
[1, -15, 117, -582, 1989, -4335, 4913], (-6, -9, 46)
[1, -15, 117, -580, 1989, -4335, 4913], (-7, -8, 44)
[1, -15, 118, -603, 2006, -4335, 4913], (-3, -12, 65)
[1, -15, 118, -602, 2006, -4335, 4913], (-4, -11, 57)
[1, -15, 118, -598, 2006, -4335, 4913], (-8, -7, 45)
[1, -15, 118, -592, 2006, -4335, 4913], (-2, -13, 75)
[1, -15, 118, -587, 2006, -4335, 4913], (-7, -8, 45)
[1, -15, 120, -610, 2040, -4335, 4913], (-4, -11, 59)
[1, -15, 120, -609, 2040, -4335, 4913], (-3, -12, 67)
[1, -15, 120, -605, 2040, -4335, 4913], (-5, -10, 53)
[1, -15, 120, -601, 2040, -4335, 4913], (-7, -8, 47)
[1, -15, 120, -600, 2040, -4335, 4913], (-6, -9, 49)
[1, -15, 121, -614, 2057, -4335, 4913], (-4, -11, 60)
[1, -15, 121, -606, 2057, -4335, 4913], (-6, -9, 50)
[1, -15, 123, -620, 2091, -4335, 4913], (-5, -10, 56)
[1, -15, 124, -625, 2108, -4335, 4913], (-5, -10, 57)
[1, -14, 85, -364, 1445, -4046, 4913], (-8, -6, 20)
[1, -14, 86, -372, 1462, -4046, 4913], (-8, -6, 21)
[1, -14, 95, -441, 1615, -4046, 4913], (-7, -7, 29)
[1, -14, 97, -455, 1649, -4046, 4913], (-7, -7, 31)
[1, -14, 98, -468, 1666, -4046, 4913], (-8, -6, 33)
[1, -14, 103, -497, 1751, -4046, 4913], (-7, -7, 37)
[1, -14, 106, -536, 1802, -4046, 4913], (-4, -10, 49)
[1, -14, 106, -532, 1802, -4046, 4913], (-8, -6, 41)
[1, -14, 107, -525, 1819, -4046, 4913], (-7, -7, 41)
[1, -14, 110, -552, 1870, -4046, 4913], (-4, -10, 53)
[1, -14, 111, -557, 1887, -4046, 4913], (-3, -11, 61)
[1, -14, 111, -553, 1887, -4046, 4913], (-7, -7, 45)
[1, -13, 65, -234, 1105, -3757, 4913], (-8, -5, 8)
[1, -13, 69, -266, 1173, -3757, 4913], (-8, -5, 12)
[1, -13, 70, -274, 1190, -3757, 4913], (-8, -5, 13)
[1, -13, 71, -282, 1207, -3757, 4913], (-8, -5, 14)
[1, -13, 78, -337, 1326, -3757, 4913], (-7, -6, 19)
[1, -13, 80, -354, 1360, -3757, 4913], (-8, -5, 23)
[1, -13, 80, -351, 1360, -3757, 4913], (-7, -6, 21)
[1, -13, 82, -365, 1394, -3757, 4913], (-7, -6, 23)
[1, -13, 83, -372, 1411, -3757, 4913], (-7, -6, 24)
[1, -13, 84, -386, 1428, -3757, 4913], (-8, -5, 27)
[1, -13, 84, -379, 1428, -3757, 4913], (-7, -6, 25)
[1, -13, 88, -407, 1496, -3757, 4913], (-7, -6, 29)
[1, -13, 89, -414, 1513, -3757, 4913], (-7, -6, 30)
[1, -13, 90, -437, 1530, -3757, 4913], (-5, -8, 33)
[1, -13, 90, -434, 1530, -3757, 4913], (-8, -5, 33)
[1, -13, 90, -421, 1530, -3757, 4913], (-7, -6, 31)
[1, -13, 92, -447, 1564, -3757, 4913], (-5, -8, 35)
[1, -13, 92, -435, 1564, -3757, 4913], (-7, -6, 33)
[1, -13, 94, -473, 1598, -3757, 4913], (-1, -12, 65)
[1, -13, 94, -457, 1598, -3757, 4913], (-5, -8, 37)
[1, -13, 94, -449, 1598, -3757, 4913], (-7, -6, 35)
[1, -13, 96, -488, 1632, -3757, 4913], (-2, -11, 57)
[1, -13, 96, -487, 1632, -3757, 4913], (-3, -10, 49)
[1, -13, 96, -482, 1632, -3757, 4913], (-8, -5, 39)
[1, -13, 96, -475, 1632, -3757, 4913], (-1, -12, 67)
[1, -13, 96, -467, 1632, -3757, 4913], (-5, -8, 39)
[1, -13, 96, -463, 1632, -3757, 4913], (-7, -6, 37)
[1, -13, 96, -460, 1632, -3757, 4913], (-6, -7, 37)
[1, -13, 97, -466, 1649, -3757, 4913], (-6, -7, 38)
[1, -13, 98, -492, 1666, -3757, 4913], (-2, -11, 59)
[1, -13, 99, -496, 1683, -3757, 4913], (-3, -10, 52)
[1, -13, 99, -484, 1683, -3757, 4913], (-7, -6, 40)
[1, -13, 100, -499, 1700, -3757, 4913], (-3, -10, 53)
[1, -13, 100, -491, 1700, -3757, 4913], (-7, -6, 41)
[1, -13, 100, -487, 1700, -3757, 4913], (-5, -8, 43)
[1, -13, 101, -490, 1717, -3757, 4913], (-6, -7, 42)
[1, -13, 102, -497, 1734, -3757, 4913], (-5, -8, 45)
[1, -13, 102, -496, 1734, -3757, 4913], (-6, -7, 43)
[1, -13, 104, -511, 1768, -3757, 4913], (-3, -10, 57)
[1, -13, 104, -507, 1768, -3757, 4913], (-5, -8, 47)
[1, -12, 48, -128, 816, -3468, 4913], (-8, -4, -1)
[1, -12, 53, -168, 901, -3468, 4913], (-8, -4, 4)
[1, -12, 60, -224, 1020, -3468, 4913], (-8, -4, 11)
[1, -12, 75, -331, 1275, -3468, 4913], (-7, -5, 23)
[1, -12, 82, -404, 1394, -3468, 4913], (-4, -8, 33)
[1, -12, 85, -403, 1445, -3468, 4913], (-5, -7, 33)
[1, -12, 88, -428, 1496, -3468, 4913], (-4, -8, 39)
[1, -12, 89, -441, 1513, -3468, 4913], (-3, -9, 45)
[1, -12, 93, -453, 1581, -3468, 4913], (-3, -9, 49)
[1, -12, 93, -443, 1581, -3468, 4913], (-5, -7, 41)
[1, -12, 96, -460, 1632, -3468, 4913], (-4, -8, 47)
[1, -11, 32, -30, 544, -3179, 4913], (-8, -3, -9)
[1, -11, 33, -38, 561, -3179, 4913], (-8, -3, -8)
[1, -11, 37, -70, 629, -3179, 4913], (-8, -3, -4)
[1, -11, 38, -78, 646, -3179, 4913], (-8, -3, -3)
[1, -11, 44, -129, 748, -3179, 4913], (-7, -4, -1)
[1, -11, 46, -143, 782, -3179, 4913], (-7, -4, 1)
[1, -11, 48, -157, 816, -3179, 4913], (-7, -4, 3)
[1, -11, 50, -171, 850, -3179, 4913], (-7, -4, 5)
[1, -11, 52, -185, 884, -3179, 4913], (-7, -4, 7)
[1, -11, 54, -199, 918, -3179, 4913], (-7, -4, 9)
[1, -11, 55, -206, 935, -3179, 4913], (-7, -4, 10)
[1, -11, 56, -213, 952, -3179, 4913], (-7, -4, 11)
[1, -11, 60, -241, 1020, -3179, 4913], (-7, -4, 15)
[1, -11, 61, -248, 1037, -3179, 4913], (-7, -4, 16)
[1, -11, 64, -269, 1088, -3179, 4913], (-7, -4, 19)
[1, -11, 66, -299, 1122, -3179, 4913], (-5, -6, 19)
[1, -11, 66, -283, 1122, -3179, 4913], (-7, -4, 21)
[1, -11, 68, -309, 1156, -3179, 4913], (-5, -6, 21)
[1, -11, 68, -297, 1156, -3179, 4913], (-7, -4, 23)
[1, -11, 70, -343, 1190, -3179, 4913], (1, -12, 65)
[1, -11, 70, -319, 1190, -3179, 4913], (-5, -6, 23)
[1, -11, 70, -311, 1190, -3179, 4913], (-7, -4, 25)
[1, -11, 72, -341, 1224, -3179, 4913], (1, -12, 67)
[1, -11, 72, -329, 1224, -3179, 4913], (-5, -6, 25)
[1, -11, 72, -325, 1224, -3179, 4913], (-7, -4, 27)
[1, -11, 72, -320, 1224, -3179, 4913], (-6, -5, 25)
[1, -11, 73, -326, 1241, -3179, 4913], (-6, -5, 26)
[1, -11, 74, -371, 1258, -3179, 4913], (-3, -8, 33)
[1, -11, 76, -389, 1292, -3179, 4913], (-1, -10, 49)
[1, -11, 76, -377, 1292, -3179, 4913], (-3, -8, 35)
[1, -11, 76, -353, 1292, -3179, 4913], (-7, -4, 31)
[1, -11, 76, -349, 1292, -3179, 4913], (-5, -6, 29)
[1, -11, 77, -350, 1309, -3179, 4913], (-6, -5, 30)
[1, -11, 78, -383, 1326, -3179, 4913], (-3, -8, 37)
[1, -11, 78, -367, 1326, -3179, 4913], (-7, -4, 33)
[1, -11, 78, -359, 1326, -3179, 4913], (-5, -6, 31)
[1, -11, 78, -356, 1326, -3179, 4913], (-6, -5, 31)
[1, -11, 79, -394, 1343, -3179, 4913], (-2, -9, 44)
[1, -11, 79, -364, 1343, -3179, 4913], (-5, -6, 32)
[1, -11, 80, -396, 1360, -3179, 4913], (-2, -9, 45)
[1, -11, 80, -393, 1360, -3179, 4913], (-1, -10, 53)
[1, -11, 80, -389, 1360, -3179, 4913], (-3, -8, 39)
[1, -11, 80, -381, 1360, -3179, 4913], (-7, -4, 35)
[1, -11, 80, -369, 1360, -3179, 4913], (-5, -6, 33)
[1, -11, 81, -398, 1377, -3179, 4913], (-2, -9, 46)
[1, -11, 81, -394, 1377, -3179, 4913], (-1, -10, 54)
[1, -11, 82, -379, 1394, -3179, 4913], (-5, -6, 35)
[1, -11, 83, -384, 1411, -3179, 4913], (-5, -6, 36)
[1, -11, 84, -401, 1428, -3179, 4913], (-3, -8, 43)
[1, -11, 84, -397, 1428, -3179, 4913], (-1, -10, 57)
[1, -11, 84, -389, 1428, -3179, 4913], (-5, -6, 37)
[1, -11, 85, -406, 1445, -3179, 4913], (-2, -9, 50)
[1, -11, 86, -407, 1462, -3179, 4913], (-3, -8, 45)
[1, -11, 88, -413, 1496, -3179, 4913], (-3, -8, 47)
[1, -11, 88, -410, 1496, -3179, 4913], (-4, -7, 43)
[1, -11, 88, -409, 1496, -3179, 4913], (-5, -6, 41)
[1, -10, 17, 60, 289, -2890, 4913], (-8, -2, -16)
[1, -10, 22, 20, 374, -2890, 4913], (-8, -2, -11)
[1, -10, 24, 4, 408, -2890, 4913], (-8, -2, -9)
[1, -10, 41, -123, 697, -2890, 4913], (-7, -3, 3)
[1, -10, 47, -165, 799, -2890, 4913], (-7, -3, 9)
[1, -10, 60, -280, 1020, -2890, 4913], (-4, -6, 19)
[1, -10, 71, -351, 1207, -2890, 4913], (-1, -9, 45)
[1, -10, 73, -325, 1241, -2890, 4913], (-5, -5, 31)
[1, -10, 79, -359, 1343, -2890, 4913], (-1, -9, 53)
[1, -10, 79, -355, 1343, -2890, 4913], (-5, -5, 37)
[1, -10, 81, -367, 1377, -2890, 4913], (-3, -7, 43)
[1, -9, 0, 166, 0, -2601, 4913], (-8, -1, -25)
[1, -9, 1, 158, 17, -2601, 4913], (-8, -1, -24)
[1, -9, 5, 126, 85, -2601, 4913], (-8, -1, -20)
[1, -9, 6, 118, 102, -2601, 4913], (-8, -1, -19)
[1, -9, 12, 70, 204, -2601, 4913], (-8, -1, -13)
[1, -9, 16, 37, 272, -2601, 4913], (-7, -2, -15)
[1, -9, 18, 23, 306, -2601, 4913], (-7, -2, -13)
[1, -9, 19, 16, 323, -2601, 4913], (-7, -2, -12)
[1, -9, 20, 9, 340, -2601, 4913], (-7, -2, -11)
[1, -9, 22, -5, 374, -2601, 4913], (-7, -2, -9)
[1, -9, 24, -19, 408, -2601, 4913], (-7, -2, -7)
[1, -9, 26, -33, 442, -2601, 4913], (-7, -2, -5)
[1, -9, 27, -40, 459, -2601, 4913], (-7, -2, -4)
[1, -9, 28, -47, 476, -2601, 4913], (-7, -2, -3)
[1, -9, 32, -75, 544, -2601, 4913], (-7, -2, 1)
[1, -9, 33, -82, 561, -2601, 4913], (-7, -2, 2)
[1, -9, 34, -89, 578, -2601, 4913], (-7, -2, 3)
[1, -9, 36, -131, 612, -2601, 4913], (-5, -4, -1)
[1, -9, 36, -103, 612, -2601, 4913], (-7, -2, 5)
[1, -9, 38, -141, 646, -2601, 4913], (-5, -4, 1)
[1, -9, 38, -117, 646, -2601, 4913], (-7, -2, 7)
[1, -9, 40, -151, 680, -2601, 4913], (-5, -4, 3)
[1, -9, 40, -131, 680, -2601, 4913], (-7, -2, 9)
[1, -9, 42, -161, 714, -2601, 4913], (-5, -4, 5)
[1, -9, 42, -145, 714, -2601, 4913], (-7, -2, 11)
[1, -9, 44, -171, 748, -2601, 4913], (-5, -4, 7)
[1, -9, 44, -159, 748, -2601, 4913], (-7, -2, 13)
[1, -9, 46, -213, 782, -2601, 4913], (3, -12, 65)
[1, -9, 46, -181, 782, -2601, 4913], (-5, -4, 9)
[1, -9, 46, -173, 782, -2601, 4913], (-7, -2, 15)
[1, -9, 48, -207, 816, -2601, 4913], (3, -12, 67)
[1, -9, 48, -191, 816, -2601, 4913], (-5, -4, 11)
[1, -9, 48, -180, 816, -2601, 4913], (-6, -3, 13)
[1, -9, 49, -186, 833, -2601, 4913], (-6, -3, 14)
[1, -9, 52, -215, 884, -2601, 4913], (-7, -2, 21)
[1, -9, 52, -211, 884, -2601, 4913], (-5, -4, 15)
[1, -9, 53, -210, 901, -2601, 4913], (-6, -3, 18)
[1, -9, 54, -261, 918, -2601, 4913], (-3, -6, 19)
[1, -9, 54, -229, 918, -2601, 4913], (-7, -2, 23)
[1, -9, 54, -216, 918, -2601, 4913], (-6, -3, 19)
[1, -9, 56, -291, 952, -2601, 4913], (1, -10, 49)
[1, -9, 56, -267, 952, -2601, 4913], (-3, -6, 21)
[1, -9, 56, -243, 952, -2601, 4913], (-7, -2, 25)
[1, -9, 56, -231, 952, -2601, 4913], (-5, -4, 19)
[1, -9, 57, -304, 969, -2601, 4913], (-1, -8, 32)
[1, -9, 58, -305, 986, -2601, 4913], (-1, -8, 33)
[1, -9, 58, -273, 986, -2601, 4913], (-3, -6, 23)
[1, -9, 58, -257, 986, -2601, 4913], (-7, -2, 27)
[1, -9, 58, -241, 986, -2601, 4913], (-5, -4, 21)
[1, -9, 60, -307, 1020, -2601, 4913], (-1, -8, 35)
[1, -9, 60, -287, 1020, -2601, 4913], (1, -10, 53)
[1, -9, 60, -279, 1020, -2601, 4913], (-3, -6, 25)
[1, -9, 60, -271, 1020, -2601, 4913], (-7, -2, 29)
[1, -9, 60, -251, 1020, -2601, 4913], (-5, -4, 23)
[1, -9, 62, -309, 1054, -2601, 4913], (-1, -8, 37)
[1, -9, 62, -261, 1054, -2601, 4913], (-5, -4, 25)
[1, -9, 63, -310, 1071, -2601, 4913], (-1, -8, 38)
[1, -9, 63, -266, 1071, -2601, 4913], (-5, -4, 26)
[1, -9, 64, -311, 1088, -2601, 4913], (-1, -8, 39)
[1, -9, 64, -299, 1088, -2601, 4913], (-7, -2, 33)
[1, -9, 64, -291, 1088, -2601, 4913], (-3, -6, 29)
[1, -9, 64, -283, 1088, -2601, 4913], (1, -10, 57)
[1, -9, 64, -271, 1088, -2601, 4913], (-5, -4, 27)
[1, -9, 66, -297, 1122, -2601, 4913], (-3, -6, 31)
[1, -9, 68, -315, 1156, -2601, 4913], (-1, -8, 43)
[1, -9, 68, -303, 1156, -2601, 4913], (-3, -6, 33)
[1, -9, 68, -291, 1156, -2601, 4913], (-5, -4, 31)
[1, -9, 69, -316, 1173, -2601, 4913], (-1, -8, 44)
[1, -9, 69, -296, 1173, -2601, 4913], (-5, -4, 32)
[1, -9, 70, -317, 1190, -2601, 4913], (-1, -8, 45)
[1, -9, 70, -309, 1190, -2601, 4913], (-3, -6, 35)
[1, -9, 70, -302, 1190, -2601, 4913], (-4, -5, 33)
[1, -9, 70, -301, 1190, -2601, 4913], (-5, -4, 33)
[1, -9, 72, -320, 1224, -2601, 4913], (-2, -7, 41)
[1, -9, 72, -319, 1224, -2601, 4913], (-1, -8, 47)
[1, -9, 72, -315, 1224, -2601, 4913], (-3, -6, 37)
[1, -9, 72, -311, 1224, -2601, 4913], (-5, -4, 35)
[1, -9, 72, -310, 1224, -2601, 4913], (-4, -5, 35)
[1, -9, 73, -322, 1241, -2601, 4913], (-2, -7, 42)
[1, -9, 73, -320, 1241, -2601, 4913], (-1, -8, 48)
[1, -9, 73, -314, 1241, -2601, 4913], (-4, -5, 36)
[1, -9, 75, -324, 1275, -2601, 4913], (-3, -6, 40)
[1, -9, 76, -327, 1292, -2601, 4913], (-3, -6, 41)
[1, -8, -16, 264, -272, -2312, 4913], (-8, 0, -33)
[1, -8, -15, 256, -255, -2312, 4913], (-8, 0, -32)
[1, -8, -11, 224, -187, -2312, 4913], (-8, 0, -28)
[1, -8, -10, 216, -170, -2312, 4913], (-8, 0, -27)
[1, -8, -9, 208, -153, -2312, 4913], (-8, 0, -26)
[1, -8, -6, 184, -102, -2312, 4913], (-8, 0, -23)
[1, -8, -2, 152, -34, -2312, 4913], (-8, 0, -19)
[1, -8, 1, 127, 17, -2312, 4913], (-7, -1, -23)
[1, -8, 4, 104, 68, -2312, 4913], (-8, 0, -13)
[1, -8, 13, 43, 221, -2312, 4913], (-7, -1, -11)
[1, -8, 19, 1, 323, -2312, 4913], (-7, -1, -5)
[1, -8, 23, -27, 391, -2312, 4913], (-7, -1, -1)
[1, -8, 48, -242, 816, -2312, 4913], (-2, -6, 19)
[1, -8, 53, -207, 901, -2312, 4913], (-5, -3, 21)
[1, -8, 59, -237, 1003, -2312, 4913], (-5, -3, 27)
[1, -8, 61, -275, 1037, -2312, 4913], (-1, -7, 37)
[1, -8, 67, -281, 1139, -2312, 4913], (-1, -7, 43)
[1, -8, 69, -281, 1173, -2312, 4913], (-3, -5, 37)
[1, -7, -16, 231, -272, -2023, 4913], (-7, 0, -33)
[1, -7, -16, 234, -272, -2023, 4913], (-8, 1, -25)
[1, -7, -15, 224, -255, -2023, 4913], (-7, 0, -32)
[1, -7, -14, 217, -238, -2023, 4913], (-7, 0, -31)
[1, -7, -12, 202, -204, -2023, 4913], (-8, 1, -21)
[1, -7, -12, 203, -204, -2023, 4913], (-7, 0, -29)
[1, -7, -11, 196, -187, -2023, 4913], (-7, 0, -28)
[1, -7, -10, 189, -170, -2023, 4913], (-7, 0, -27)
[1, -7, -8, 175, -136, -2023, 4913], (-7, 0, -25)
[1, -7, -6, 161, -102, -2023, 4913], (-7, 0, -23)
[1, -7, -5, 154, -85, -2023, 4913], (-7, 0, -22)
[1, -7, -4, 147, -68, -2023, 4913], (-7, 0, -21)
[1, -7, -2, 133, -34, -2023, 4913], (-7, 0, -19)
[1, -7, -1, 126, -17, -2023, 4913], (-7, 0, -18)
[1, -7, 2, 90, 34, -2023, 4913], (-8, 1, -7)
[1, -7, 4, 91, 68, -2023, 4913], (-7, 0, -13)
[1, -7, 5, 84, 85, -2023, 4913], (-7, 0, -12)
[1, -7, 6, 77, 102, -2023, 4913], (-7, 0, -11)
[1, -7, 8, 63, 136, -2023, 4913], (-7, 0, -9)
[1, -7, 10, 49, 170, -2023, 4913], (-7, 0, -7)
[1, -7, 12, 7, 204, -2023, 4913], (-5, -2, -15)
[1, -7, 12, 35, 204, -2023, 4913], (-7, 0, -5)
[1, -7, 14, -3, 238, -2023, 4913], (-5, -2, -13)
[1, -7, 14, 21, 238, -2023, 4913], (-7, 0, -3)
[1, -7, 16, -13, 272, -2023, 4913], (-5, -2, -11)
[1, -7, 16, 7, 272, -2023, 4913], (-7, 0, -1)
[1, -7, 18, -23, 306, -2023, 4913], (-5, -2, -9)
[1, -7, 18, -7, 306, -2023, 4913], (-7, 0, 1)
[1, -7, 20, -33, 340, -2023, 4913], (-5, -2, -7)
[1, -7, 20, -21, 340, -2023, 4913], (-7, 0, 3)
[1, -7, 22, -83, 374, -2023, 4913], (5, -12, 65)
[1, -7, 22, -43, 374, -2023, 4913], (-5, -2, -5)
[1, -7, 22, -35, 374, -2023, 4913], (-7, 0, 5)
[1, -7, 24, -73, 408, -2023, 4913], (5, -12, 67)
[1, -7, 24, -53, 408, -2023, 4913], (-5, -2, -3)
[1, -7, 24, -49, 408, -2023, 4913], (-7, 0, 7)
[1, -7, 24, -40, 408, -2023, 4913], (-6, -1, 1)
[1, -7, 25, -46, 425, -2023, 4913], (-6, -1, 2)
[1, -7, 28, -133, 476, -2023, 4913], (-3, -4, -1)
[1, -7, 28, -77, 476, -2023, 4913], (-7, 0, 11)
[1, -7, 28, -73, 476, -2023, 4913], (-5, -2, 1)
[1, -7, 29, -70, 493, -2023, 4913], (-6, -1, 6)
[1, -7, 30, -139, 510, -2023, 4913], (-3, -4, 1)
[1, -7, 30, -91, 510, -2023, 4913], (-7, 0, 13)
[1, -7, 30, -83, 510, -2023, 4913], (-5, -2, 3)
[1, -7, 30, -76, 510, -2023, 4913], (-6, -1, 7)
[1, -7, 32, -145, 544, -2023, 4913], (-3, -4, 3)
[1, -7, 32, -105, 544, -2023, 4913], (-7, 0, 15)
[1, -7, 32, -93, 544, -2023, 4913], (-5, -2, 5)
[1, -7, 34, -151, 578, -2023, 4913], (-3, -4, 5)
[1, -7, 34, -103, 578, -2023, 4913], (-5, -2, 7)
[1, -7, 36, -193, 612, -2023, 4913], (3, -10, 49)
[1, -7, 36, -157, 612, -2023, 4913], (-3, -4, 7)
[1, -7, 36, -133, 612, -2023, 4913], (-7, 0, 19)
[1, -7, 36, -113, 612, -2023, 4913], (-5, -2, 9)
[1, -7, 38, -163, 646, -2023, 4913], (-3, -4, 9)
[1, -7, 38, -147, 646, -2023, 4913], (-7, 0, 21)
[1, -7, 38, -123, 646, -2023, 4913], (-5, -2, 11)
[1, -7, 40, -181, 680, -2023, 4913], (3, -10, 53)
[1, -7, 40, -169, 680, -2023, 4913], (-3, -4, 11)
[1, -7, 40, -161, 680, -2023, 4913], (-7, 0, 23)
[1, -7, 40, -133, 680, -2023, 4913], (-5, -2, 13)
[1, -7, 41, -240, 697, -2023, 4913], (1, -8, 32)
[1, -7, 42, -239, 714, -2023, 4913], (1, -8, 33)
[1, -7, 42, -223, 714, -2023, 4913], (-1, -6, 19)
[1, -7, 42, -143, 714, -2023, 4913], (-5, -2, 15)
[1, -7, 43, -148, 731, -2023, 4913], (-5, -2, 16)
[1, -7, 44, -237, 748, -2023, 4913], (1, -8, 35)
[1, -7, 44, -225, 748, -2023, 4913], (-1, -6, 21)
[1, -7, 44, -189, 748, -2023, 4913], (-7, 0, 27)
[1, -7, 44, -181, 748, -2023, 4913], (-3, -4, 15)
[1, -7, 44, -169, 748, -2023, 4913], (3, -10, 57)
[1, -7, 46, -235, 782, -2023, 4913], (1, -8, 37)
[1, -7, 46, -227, 782, -2023, 4913], (-1, -6, 23)
[1, -7, 46, -203, 782, -2023, 4913], (-7, 0, 29)
[1, -7, 48, -233, 816, -2023, 4913], (1, -8, 39)
[1, -7, 48, -229, 816, -2023, 4913], (-1, -6, 25)
[1, -7, 48, -217, 816, -2023, 4913], (-7, 0, 31)
[1, -7, 48, -193, 816, -2023, 4913], (-3, -4, 19)
[1, -7, 48, -173, 816, -2023, 4913], (-5, -2, 21)
[1, -7, 49, -178, 833, -2023, 4913], (-5, -2, 22)
[1, -7, 50, -199, 850, -2023, 4913], (-3, -4, 21)
[1, -7, 50, -183, 850, -2023, 4913], (-5, -2, 23)
[1, -7, 52, -233, 884, -2023, 4913], (-1, -6, 29)
[1, -7, 52, -229, 884, -2023, 4913], (1, -8, 43)
[1, -7, 52, -205, 884, -2023, 4913], (-3, -4, 23)
[1, -7, 52, -193, 884, -2023, 4913], (-5, -2, 25)
[1, -7, 54, -235, 918, -2023, 4913], (-1, -6, 31)
[1, -7, 54, -227, 918, -2023, 4913], (1, -8, 45)
[1, -7, 54, -211, 918, -2023, 4913], (-3, -4, 25)
[1, -7, 54, -203, 918, -2023, 4913], (-5, -2, 27)
[1, -7, 56, -237, 952, -2023, 4913], (-1, -6, 33)
[1, -7, 56, -225, 952, -2023, 4913], (1, -8, 47)
[1, -7, 56, -217, 952, -2023, 4913], (-3, -4, 27)
[1, -7, 56, -213, 952, -2023, 4913], (-5, -2, 29)
[1, -7, 56, -210, 952, -2023, 4913], (-4, -3, 27)
[1, -7, 57, -214, 969, -2023, 4913], (-4, -3, 28)
[1, -7, 58, -239, 986, -2023, 4913], (-1, -6, 35)
[1, -7, 59, -240, 1003, -2023, 4913], (-1, -6, 36)
[1, -7, 60, -241, 1020, -2023, 4913], (-1, -6, 37)
[1, -7, 60, -233, 1020, -2023, 4913], (-5, -2, 33)
[1, -7, 60, -229, 1020, -2023, 4913], (-3, -4, 31)
[1, -7, 61, -230, 1037, -2023, 4913], (-4, -3, 32)
[1, -7, 62, -235, 1054, -2023, 4913], (-3, -4, 33)
[1, -7, 62, -234, 1054, -2023, 4913], (-4, -3, 33)
[1, -7, 64, -245, 1088, -2023, 4913], (-1, -6, 41)
[1, -7, 64, -244, 1088, -2023, 4913], (-2, -5, 37)
[1, -7, 64, -241, 1088, -2023, 4913], (-3, -4, 35)
[1, -6, -16, 198, -272, -1734, 4913], (-6, 0, -33)
[1, -6, -15, 209, -255, -1734, 4913], (-7, 1, -25)
[1, -6, -14, 202, -238, -1734, 4913], (-7, 1, -24)
[1, -6, -9, 167, -153, -1734, 4913], (-7, 1, -19)
[1, -6, -8, 150, -136, -1734, 4913], (-6, 0, -25)
[1, -6, -5, 139, -85, -1734, 4913], (-7, 1, -15)
[1, -6, 8, 54, 136, -1734, 4913], (-6, 0, -9)
[1, -6, 33, -89, 561, -1734, 4913], (-5, -1, 11)
[1, -6, 39, -209, 663, -1734, 4913], (1, -7, 29)
[1, -6, 57, -205, 969, -1734, 4913], (-1, -5, 35)
[1, -6, 57, -195, 969, -1734, 4913], (-3, -3, 31)
[1, -5, -16, 165, -272, -1445, 4913], (-5, 0, -33)
[1, -5, -16, 174, -272, -1445, 4913], (-8, 3, -9)
[1, -5, -15, 160, -255, -1445, 4913], (-5, 0, -32)
[1, -5, -14, 155, -238, -1445, 4913], (-5, 0, -31)
[1, -5, -13, 180, -221, -1445, 4913], (-7, 2, -16)
[1, -5, -12, 145, -204, -1445, 4913], (-5, 0, -29)
[1, -5, -12, 173, -204, -1445, 4913], (-7, 2, -15)
[1, -5, -10, 135, -170, -1445, 4913], (-5, 0, -27)
[1, -5, -10, 159, -170, -1445, 4913], (-7, 2, -13)
[1, -5, -8, 125, -136, -1445, 4913], (-5, 0, -25)
[1, -5, -8, 145, -136, -1445, 4913], (-7, 2, -11)
[1, -5, -6, 115, -102, -1445, 4913], (-5, 0, -23)
[1, -5, -6, 131, -102, -1445, 4913], (-7, 2, -9)
[1, -5, -4, 105, -68, -1445, 4913], (-5, 0, -21)
[1, -5, -4, 117, -68, -1445, 4913], (-7, 2, -7)
[1, -5, -2, 47, -34, -1445, 4913], (7, -12, 65)
[1, -5, -2, 95, -34, -1445, 4913], (-5, 0, -19)
[1, -5, -2, 103, -34, -1445, 4913], (-7, 2, -5)
[1, -5, 0, 61, 0, -1445, 4913], (7, -12, 67)
[1, -5, 0, 89, 0, -1445, 4913], (-7, 2, -3)
[1, -5, 0, 100, 0, -1445, 4913], (-6, 1, -11)
[1, -5, 1, 80, 17, -1445, 4913], (-5, 0, -16)
[1, -5, 1, 94, 17, -1445, 4913], (-6, 1, -10)
[1, -5, 4, 61, 68, -1445, 4913], (-7, 2, 1)
[1, -5, 4, 65, 68, -1445, 4913], (-5, 0, -13)
[1, -5, 5, 70, 85, -1445, 4913], (-6, 1, -6)
[1, -5, 6, 47, 102, -1445, 4913], (-7, 2, 3)
[1, -5, 6, 55, 102, -1445, 4913], (-5, 0, -11)
[1, -5, 6, 64, 102, -1445, 4913], (-6, 1, -5)
[1, -5, 8, -23, 136, -1445, 4913], (-3, -2, -15)
[1, -5, 8, 33, 136, -1445, 4913], (-7, 2, 5)
[1, -5, 8, 45, 136, -1445, 4913], (-5, 0, -9)
[1, -5, 10, -29, 170, -1445, 4913], (-3, -2, -13)
[1, -5, 10, 19, 170, -1445, 4913], (-7, 2, 7)
[1, -5, 10, 35, 170, -1445, 4913], (-5, 0, -7)
[1, -5, 12, -35, 204, -1445, 4913], (-3, -2, -11)
[1, -5, 12, 5, 204, -1445, 4913], (-7, 2, 9)
[1, -5, 12, 25, 204, -1445, 4913], (-5, 0, -5)
[1, -5, 14, -41, 238, -1445, 4913], (-3, -2, -9)
[1, -5, 14, -9, 238, -1445, 4913], (-7, 2, 11)
[1, -5, 14, 15, 238, -1445, 4913], (-5, 0, -3)
[1, -5, 16, -95, 272, -1445, 4913], (5, -10, 49)
[1, -5, 16, -47, 272, -1445, 4913], (-3, -2, -7)
[1, -5, 16, -23, 272, -1445, 4913], (-7, 2, 13)
[1, -5, 16, 5, 272, -1445, 4913], (-5, 0, -1)
[1, -5, 18, -53, 306, -1445, 4913], (-3, -2, -5)
[1, -5, 18, -37, 306, -1445, 4913], (-7, 2, 15)
[1, -5, 18, -5, 306, -1445, 4913], (-5, 0, 1)
[1, -5, 20, -135, 340, -1445, 4913], (-1, -4, -1)
[1, -5, 20, -75, 340, -1445, 4913], (5, -10, 53)
[1, -5, 20, -59, 340, -1445, 4913], (-3, -2, -3)
[1, -5, 20, -15, 340, -1445, 4913], (-5, 0, 3)
[1, -5, 22, -137, 374, -1445, 4913], (-1, -4, 1)
[1, -5, 22, -25, 374, -1445, 4913], (-5, 0, 5)
[1, -5, 23, -30, 391, -1445, 4913], (-5, 0, 6)
[1, -5, 24, -139, 408, -1445, 4913], (-1, -4, 3)
[1, -5, 24, -79, 408, -1445, 4913], (-7, 2, 21)
[1, -5, 24, -71, 408, -1445, 4913], (-3, -2, 1)
[1, -5, 24, -55, 408, -1445, 4913], (5, -10, 57)
[1, -5, 24, -35, 408, -1445, 4913], (-5, 0, 7)
[1, -5, 25, -176, 425, -1445, 4913], (3, -8, 32)
[1, -5, 26, -173, 442, -1445, 4913], (3, -8, 33)
[1, -5, 26, -141, 442, -1445, 4913], (-1, -4, 5)
[1, -5, 26, -93, 442, -1445, 4913], (-7, 2, 23)
[1, -5, 26, -77, 442, -1445, 4913], (-3, -2, 3)
[1, -5, 28, -167, 476, -1445, 4913], (3, -8, 35)
[1, -5, 28, -143, 476, -1445, 4913], (-1, -4, 7)
[1, -5, 28, -107, 476, -1445, 4913], (-7, 2, 25)
[1, -5, 28, -83, 476, -1445, 4913], (-3, -2, 5)
[1, -5, 28, -55, 476, -1445, 4913], (-5, 0, 11)
[1, -5, 29, -60, 493, -1445, 4913], (-5, 0, 12)
[1, -5, 30, -185, 510, -1445, 4913], (1, -6, 19)
[1, -5, 30, -161, 510, -1445, 4913], (3, -8, 37)
[1, -5, 30, -145, 510, -1445, 4913], (-1, -4, 9)
[1, -5, 30, -121, 510, -1445, 4913], (-7, 2, 27)
[1, -5, 30, -89, 510, -1445, 4913], (-3, -2, 7)
[1, -5, 30, -65, 510, -1445, 4913], (-5, 0, 13)
[1, -5, 32, -183, 544, -1445, 4913], (1, -6, 21)
[1, -5, 32, -155, 544, -1445, 4913], (3, -8, 39)
[1, -5, 32, -147, 544, -1445, 4913], (-1, -4, 11)
[1, -5, 32, -135, 544, -1445, 4913], (-7, 2, 29)
[1, -5, 32, -95, 544, -1445, 4913], (-3, -2, 9)
[1, -5, 32, -75, 544, -1445, 4913], (-5, 0, 15)
[1, -5, 34, -181, 578, -1445, 4913], (1, -6, 23)
[1, -5, 34, -101, 578, -1445, 4913], (-3, -2, 11)
[1, -5, 35, -180, 595, -1445, 4913], (1, -6, 24)
[1, -5, 36, -179, 612, -1445, 4913], (1, -6, 25)
[1, -5, 36, -163, 612, -1445, 4913], (-7, 2, 33)
[1, -5, 36, -151, 612, -1445, 4913], (-1, -4, 15)
[1, -5, 36, -143, 612, -1445, 4913], (3, -8, 43)
[1, -5, 36, -107, 612, -1445, 4913], (-3, -2, 13)
[1, -5, 36, -95, 612, -1445, 4913], (-5, 0, 19)
[1, -5, 38, -137, 646, -1445, 4913], (3, -8, 45)
[1, -5, 38, -113, 646, -1445, 4913], (-3, -2, 15)
[1, -5, 38, -105, 646, -1445, 4913], (-5, 0, 21)
[1, -5, 40, -175, 680, -1445, 4913], (1, -6, 29)
[1, -5, 40, -155, 680, -1445, 4913], (-1, -4, 19)
[1, -5, 40, -131, 680, -1445, 4913], (3, -8, 47)
[1, -5, 40, -115, 680, -1445, 4913], (-5, 0, 23)
[1, -5, 40, -110, 680, -1445, 4913], (-4, -1, 19)
[1, -5, 41, -174, 697, -1445, 4913], (1, -6, 30)
[1, -5, 41, -114, 697, -1445, 4913], (-4, -1, 20)
[1, -5, 42, -173, 714, -1445, 4913], (1, -6, 31)
[1, -5, 42, -157, 714, -1445, 4913], (-1, -4, 21)
[1, -5, 43, -172, 731, -1445, 4913], (1, -6, 32)
[1, -5, 44, -171, 748, -1445, 4913], (1, -6, 33)
[1, -5, 44, -159, 748, -1445, 4913], (-1, -4, 23)
[1, -5, 44, -135, 748, -1445, 4913], (-5, 0, 27)
[1, -5, 44, -131, 748, -1445, 4913], (-3, -2, 21)
[1, -5, 45, -130, 765, -1445, 4913], (-4, -1, 24)
[1, -5, 46, -169, 782, -1445, 4913], (1, -6, 35)
[1, -5, 46, -161, 782, -1445, 4913], (-1, -4, 25)
[1, -5, 46, -145, 782, -1445, 4913], (-5, 0, 29)
[1, -5, 46, -137, 782, -1445, 4913], (-3, -2, 23)
[1, -5, 46, -134, 782, -1445, 4913], (-4, -1, 25)
[1, -5, 47, -168, 799, -1445, 4913], (1, -6, 36)
[1, -5, 48, -167, 816, -1445, 4913], (1, -6, 37)
[1, -5, 48, -163, 816, -1445, 4913], (-1, -4, 27)
[1, -5, 48, -155, 816, -1445, 4913], (-5, 0, 31)
[1, -5, 48, -143, 816, -1445, 4913], (-3, -2, 25)
[1, -5, 50, -149, 850, -1445, 4913], (-3, -2, 27)
[1, -5, 51, -152, 867, -1445, 4913], (-3, -2, 28)
[1, -5, 52, -167, 884, -1445, 4913], (-1, -4, 31)
[1, -5, 52, -163, 884, -1445, 4913], (1, -6, 41)
[1, -5, 52, -155, 884, -1445, 4913], (-3, -2, 29)
[1, -5, 54, -169, 918, -1445, 4913], (-1, -4, 33)
[1, -5, 55, -166, 935, -1445, 4913], (-2, -3, 32)
[1, -5, 56, -171, 952, -1445, 4913], (-1, -4, 35)
[1, -5, 56, -168, 952, -1445, 4913], (-2, -3, 33)
[1, -5, 56, -167, 952, -1445, 4913], (-3, -2, 33)
[1, -4, -16, 132, -272, -1156, 4913], (-4, 0, -33)
[1, -4, -16, 144, -272, -1156, 4913], (-8, 4, -1)
[1, -4, -8, 100, -136, -1156, 4913], (-4, 0, -25)
[1, -4, 9, 49, 153, -1156, 4913], (-5, 1, -3)
[1, -4, 11, 39, 187, -1156, 4913], (-5, 1, -1)
[1, -4, 13, 29, 221, -1156, 4913], (-5, 1, 1)
[1, -4, 18, 4, 306, -1156, 4913], (-5, 1, 6)
[1, -4, 19, -1, 323, -1156, 4913], (-5, 1, 7)
[1, -4, 32, -60, 544, -1156, 4913], (-4, 0, 15)
[1, -4, 33, -64, 561, -1156, 4913], (-4, 0, 16)
[1, -4, 35, -147, 595, -1156, 4913], (1, -5, 23)
[1, -4, 37, -145, 629, -1156, 4913], (1, -5, 25)
[1, -4, 43, -139, 731, -1156, 4913], (1, -5, 31)
[1, -4, 45, -109, 765, -1156, 4913], (-3, -1, 25)
[1, -4, 49, -131, 833, -1156, 4913], (-1, -3, 29)
[1, -4, 51, -127, 867, -1156, 4913], (-3, -1, 31)
[1, -4, 53, -135, 901, -1156, 4913], (-1, -3, 33)
[1, -3, -16, 99, -272, -867, 4913], (-3, 0, -33)
[1, -3, -15, 96, -255, -867, 4913], (-3, 0, -32)
[1, -3, -14, 93, -238, -867, 4913], (-3, 0, -31)
[1, -3, -12, 87, -204, -867, 4913], (-3, 0, -29)
[1, -3, -12, 143, -204, -867, 4913], (-7, 4, -1)
[1, -3, -10, 81, -170, -867, 4913], (-3, 0, -27)
[1, -3, -10, 129, -170, -867, 4913], (-7, 4, 1)
[1, -3, -10, 156, -170, -867, 4913], (-6, 3, -9)
[1, -3, -8, 75, -136, -867, 4913], (-3, 0, -25)
[1, -3, -8, 115, -136, -867, 4913], (-7, 4, 3)
[1, -3, -8, 143, -136, -867, 4913], (-5, 2, -15)
[1, -3, -6, 69, -102, -867, 4913], (-3, 0, -23)
[1, -3, -6, 101, -102, -867, 4913], (-7, 4, 5)
[1, -3, -6, 133, -102, -867, 4913], (-5, 2, -13)
[1, -3, -4, 3, -68, -867, 4913], (7, -10, 49)
[1, -3, -4, 63, -68, -867, 4913], (-3, 0, -21)
[1, -3, -4, 87, -68, -867, 4913], (-7, 4, 7)
[1, -3, -4, 123, -68, -867, 4913], (-5, 2, -11)
[1, -3, -2, 57, -34, -867, 4913], (-3, 0, -19)
[1, -3, -2, 73, -34, -867, 4913], (-7, 4, 9)
[1, -3, -2, 113, -34, -867, 4913], (-5, 2, -9)
[1, -3, 0, 31, 0, -867, 4913], (7, -10, 53)
[1, -3, 0, 59, 0, -867, 4913], (-7, 4, 11)
[1, -3, 0, 103, 0, -867, 4913], (-5, 2, -7)
[1, -3, 1, 48, 17, -867, 4913], (-3, 0, -16)
[1, -3, 2, 93, 34, -867, 4913], (-5, 2, -5)
[1, -3, 3, 88, 51, -867, 4913], (-5, 2, -4)
[1, -3, 4, -53, 68, -867, 4913], (-1, -2, -15)
[1, -3, 4, 31, 68, -867, 4913], (-7, 4, 15)
[1, -3, 4, 39, 68, -867, 4913], (-3, 0, -13)
[1, -3, 4, 59, 68, -867, 4913], (7, -10, 57)
[1, -3, 4, 83, 68, -867, 4913], (-5, 2, -3)
[1, -3, 6, -55, 102, -867, 4913], (-1, -2, -13)
[1, -3, 6, 33, 102, -867, 4913], (-3, 0, -11)
[1, -3, 8, -57, 136, -867, 4913], (-1, -2, -11)
[1, -3, 8, 3, 136, -867, 4913], (-7, 4, 19)
[1, -3, 8, 27, 136, -867, 4913], (-3, 0, -9)
[1, -3, 8, 63, 136, -867, 4913], (-5, 2, 1)
[1, -3, 9, 58, 153, -867, 4913], (-5, 2, 2)
[1, -3, 10, -107, 170, -867, 4913], (5, -8, 33)
[1, -3, 10, -59, 170, -867, 4913], (-1, -2, -9)
[1, -3, 10, -11, 170, -867, 4913], (-7, 4, 21)
[1, -3, 10, 21, 170, -867, 4913], (-3, 0, -7)
[1, -3, 10, 53, 170, -867, 4913], (-5, 2, 3)
[1, -3, 12, -137, 204, -867, 4913], (1, -4, -1)
[1, -3, 12, -97, 204, -867, 4913], (5, -8, 35)
[1, -3, 12, -61, 204, -867, 4913], (-1, -2, -7)
[1, -3, 12, -25, 204, -867, 4913], (-7, 4, 23)
[1, -3, 12, 15, 204, -867, 4913], (-3, 0, -5)
[1, -3, 12, 43, 204, -867, 4913], (-5, 2, 5)
[1, -3, 14, -135, 238, -867, 4913], (1, -4, 1)
[1, -3, 14, -87, 238, -867, 4913], (5, -8, 37)
[1, -3, 14, -63, 238, -867, 4913], (-1, -2, -5)
[1, -3, 14, -39, 238, -867, 4913], (-7, 4, 25)
[1, -3, 14, 9, 238, -867, 4913], (-3, 0, -3)
[1, -3, 14, 33, 238, -867, 4913], (-5, 2, 7)
[1, -3, 16, -133, 272, -867, 4913], (1, -4, 3)
[1, -3, 16, -77, 272, -867, 4913], (5, -8, 39)
[1, -3, 16, -65, 272, -867, 4913], (-1, -2, -3)
[1, -3, 16, -53, 272, -867, 4913], (-7, 4, 27)
[1, -3, 16, 3, 272, -867, 4913], (-3, 0, -1)
[1, -3, 16, 23, 272, -867, 4913], (-5, 2, 9)
[1, -3, 18, -147, 306, -867, 4913], (3, -6, 19)
[1, -3, 18, -131, 306, -867, 4913], (1, -4, 5)
[1, -3, 18, -3, 306, -867, 4913], (-3, 0, 1)
[1, -3, 18, 13, 306, -867, 4913], (-5, 2, 11)
[1, -3, 20, -141, 340, -867, 4913], (3, -6, 21)
[1, -3, 20, -129, 340, -867, 4913], (1, -4, 7)
[1, -3, 20, -81, 340, -867, 4913], (-7, 4, 31)
[1, -3, 20, -69, 340, -867, 4913], (-1, -2, 1)
[1, -3, 20, -57, 340, -867, 4913], (5, -8, 43)
[1, -3, 20, -9, 340, -867, 4913], (-3, 0, 3)
[1, -3, 20, 3, 340, -867, 4913], (-5, 2, 13)
[1, -3, 22, -135, 374, -867, 4913], (3, -6, 23)
[1, -3, 22, -127, 374, -867, 4913], (1, -4, 9)
[1, -3, 22, -95, 374, -867, 4913], (-7, 4, 33)
[1, -3, 22, -71, 374, -867, 4913], (-1, -2, 3)
[1, -3, 22, -47, 374, -867, 4913], (5, -8, 45)
[1, -3, 22, -15, 374, -867, 4913], (-3, 0, 5)
[1, -3, 22, -7, 374, -867, 4913], (-5, 2, 15)
[1, -3, 24, -129, 408, -867, 4913], (3, -6, 25)
[1, -3, 24, -125, 408, -867, 4913], (1, -4, 11)
[1, -3, 24, -109, 408, -867, 4913], (-7, 4, 35)
[1, -3, 24, -73, 408, -867, 4913], (-1, -2, 5)
[1, -3, 24, -37, 408, -867, 4913], (5, -8, 47)
[1, -3, 24, -21, 408, -867, 4913], (-3, 0, 7)
[1, -3, 24, -10, 408, -867, 4913], (-4, 1, 11)
[1, -3, 25, -134, 425, -867, 4913], (2, -5, 18)
[1, -3, 25, -14, 425, -867, 4913], (-4, 1, 12)
[1, -3, 26, -75, 442, -867, 4913], (-1, -2, 7)
[1, -3, 28, -121, 476, -867, 4913], (1, -4, 15)
[1, -3, 28, -117, 476, -867, 4913], (3, -6, 29)
[1, -3, 28, -77, 476, -867, 4913], (-1, -2, 9)
[1, -3, 28, -37, 476, -867, 4913], (-5, 2, 21)
[1, -3, 28, -33, 476, -867, 4913], (-3, 0, 11)
[1, -3, 29, -126, 493, -867, 4913], (2, -5, 22)
[1, -3, 29, -30, 493, -867, 4913], (-4, 1, 16)
[1, -3, 30, -124, 510, -867, 4913], (2, -5, 23)
[1, -3, 30, -111, 510, -867, 4913], (3, -6, 31)
[1, -3, 30, -79, 510, -867, 4913], (-1, -2, 11)
[1, -3, 30, -47, 510, -867, 4913], (-5, 2, 23)
[1, -3, 30, -39, 510, -867, 4913], (-3, 0, 13)
[1, -3, 32, -117, 544, -867, 4913], (1, -4, 19)
[1, -3, 32, -105, 544, -867, 4913], (3, -6, 33)
[1, -3, 32, -81, 544, -867, 4913], (-1, -2, 13)
[1, -3, 32, -57, 544, -867, 4913], (-5, 2, 25)
[1, -3, 32, -45, 544, -867, 4913], (-3, 0, 15)
[1, -3, 33, -48, 561, -867, 4913], (-3, 0, 16)
[1, -3, 34, -115, 578, -867, 4913], (1, -4, 21)
[1, -3, 34, -99, 578, -867, 4913], (3, -6, 35)
[1, -3, 34, -83, 578, -867, 4913], (-1, -2, 15)
[1, -3, 34, -67, 578, -867, 4913], (-5, 2, 27)
[1, -3, 36, -113, 612, -867, 4913], (1, -4, 23)
[1, -3, 36, -93, 612, -867, 4913], (3, -6, 37)
[1, -3, 36, -77, 612, -867, 4913], (-5, 2, 29)
[1, -3, 36, -57, 612, -867, 4913], (-3, 0, 19)
[1, -3, 38, -111, 646, -867, 4913], (1, -4, 25)
[1, -3, 38, -63, 646, -867, 4913], (-3, 0, 21)
[1, -3, 39, -110, 663, -867, 4913], (1, -4, 26)
[1, -3, 39, -66, 663, -867, 4913], (-3, 0, 22)
[1, -3, 40, -109, 680, -867, 4913], (1, -4, 27)
[1, -3, 40, -97, 680, -867, 4913], (-5, 2, 33)
[1, -3, 40, -89, 680, -867, 4913], (-1, -2, 21)
[1, -3, 40, -81, 680, -867, 4913], (3, -6, 41)
[1, -3, 40, -69, 680, -867, 4913], (-3, 0, 23)
[1, -3, 42, -91, 714, -867, 4913], (-1, -2, 23)
[1, -3, 44, -105, 748, -867, 4913], (1, -4, 31)
[1, -3, 44, -93, 748, -867, 4913], (-1, -2, 25)
[1, -3, 44, -81, 748, -867, 4913], (-3, 0, 27)
[1, -3, 45, -104, 765, -867, 4913], (1, -4, 32)
[1, -3, 45, -84, 765, -867, 4913], (-3, 0, 28)
[1, -3, 46, -103, 782, -867, 4913], (1, -4, 33)
[1, -3, 46, -95, 782, -867, 4913], (-1, -2, 27)
[1, -3, 46, -87, 782, -867, 4913], (-3, 0, 29)
[1, -3, 48, -101, 816, -867, 4913], (1, -4, 35)
[1, -3, 48, -97, 816, -867, 4913], (-1, -2, 29)
[1, -3, 48, -93, 816, -867, 4913], (-3, 0, 31)
[1, -3, 48, -92, 816, -867, 4913], (-2, -1, 29)
[1, -3, 49, -94, 833, -867, 4913], (-2, -1, 30)
[1, -3, 51, -100, 867, -867, 4913], (-1, -2, 32)
[1, -3, 52, -101, 884, -867, 4913], (-1, -2, 33)
[1, -2, -8, 142, -136, -578, 4913], (-6, 4, -1)
[1, -2, -7, -9, -119, -578, 4913], (-1, -1, -25)
[1, -2, -7, 147, -119, -578, 4913], (-5, 3, -9)
[1, -2, -1, 117, -17, -578, 4913], (-5, 3, -3)
[1, -2, 15, -131, 255, -578, 4913], (3, -5, 13)
[1, -2, 33, -23, 561, -578, 4913], (-3, 1, 19)
[1, -2, 39, -41, 663, -578, 4913], (-3, 1, 25)
[1, -2, 41, -75, 697, -578, 4913], (1, -3, 27)
[1, -2, 47, -69, 799, -578, 4913], (1, -3, 33)
[1, -2, 47, -63, 799, -578, 4913], (-1, -1, 29)
[1, -2, 49, -65, 833, -578, 4913], (-1, -1, 31)
[1, -2, 49, -64, 833, -578, 4913], (-2, 0, 32)
[1, -1, -16, 33, -272, -289, 4913], (-1, 0, -33)
[1, -1, -14, 31, -238, -289, 4913], (-1, 0, -31)
[1, -1, -12, 29, -204, -289, 4913], (-1, 0, -29)
[1, -1, -10, 27, -170, -289, 4913], (-1, 0, -27)
[1, -1, -8, 25, -136, -289, 4913], (-1, 0, -25)
[1, -1, -7, -48, -119, -289, 4913], (7, -8, 32)
[1, -1, -6, -41, -102, -289, 4913], (7, -8, 33)
[1, -1, -6, 23, -102, -289, 4913], (-1, 0, -23)
[1, -1, -6, 71, -102, -289, 4913], (-7, 6, 19)
[1, -1, -4, -27, -68, -289, 4913], (7, -8, 35)
[1, -1, -4, 21, -68, -289, 4913], (-1, 0, -21)
[1, -1, -4, 57, -68, -289, 4913], (-7, 6, 21)
[1, -1, -4, 113, -68, -289, 4913], (-3, 2, -15)
[1, -1, -4, 141, -68, -289, 4913], (-5, 4, -1)
[1, -1, -2, -13, -34, -289, 4913], (7, -8, 37)
[1, -1, -2, 19, -34, -289, 4913], (-1, 0, -19)
[1, -1, -2, 43, -34, -289, 4913], (-7, 6, 23)
[1, -1, -2, 107, -34, -289, 4913], (-3, 2, -13)
[1, -1, -2, 131, -34, -289, 4913], (-5, 4, 1)
[1, -1, 0, -83, 0, -289, 4913], (1, -2, -15)
[1, -1, 0, 1, 0, -289, 4913], (7, -8, 39)
[1, -1, 0, 29, 0, -289, 4913], (-7, 6, 25)
[1, -1, 0, 101, 0, -289, 4913], (-3, 2, -11)
[1, -1, 0, 121, 0, -289, 4913], (-5, 4, 3)
[1, -1, 2, -81, 34, -289, 4913], (1, -2, -13)
[1, -1, 2, 95, 34, -289, 4913], (-3, 2, -9)
[1, -1, 2, 111, 34, -289, 4913], (-5, 4, 5)
[1, -1, 4, -139, 68, -289, 4913], (3, -4, -1)
[1, -1, 4, -79, 68, -289, 4913], (1, -2, -11)
[1, -1, 4, 1, 68, -289, 4913], (-7, 6, 29)
[1, -1, 4, 13, 68, -289, 4913], (-1, 0, -13)
[1, -1, 4, 29, 68, -289, 4913], (7, -8, 43)
[1, -1, 4, 89, 68, -289, 4913], (-3, 2, -7)
[1, -1, 4, 101, 68, -289, 4913], (-5, 4, 7)
[1, -1, 5, 96, 85, -289, 4913], (-5, 4, 8)
[1, -1, 6, -133, 102, -289, 4913], (3, -4, 1)
[1, -1, 6, -109, 102, -289, 4913], (5, -6, 19)
[1, -1, 6, -77, 102, -289, 4913], (1, -2, -9)
[1, -1, 6, -13, 102, -289, 4913], (-7, 6, 31)
[1, -1, 6, 11, 102, -289, 4913], (-1, 0, -11)
[1, -1, 6, 43, 102, -289, 4913], (7, -8, 45)
[1, -1, 6, 83, 102, -289, 4913], (-3, 2, -5)
[1, -1, 6, 91, 102, -289, 4913], (-5, 4, 9)
[1, -1, 8, -127, 136, -289, 4913], (3, -4, 3)
[1, -1, 8, -99, 136, -289, 4913], (5, -6, 21)
[1, -1, 8, -75, 136, -289, 4913], (1, -2, -7)
[1, -1, 8, -27, 136, -289, 4913], (-7, 6, 33)
[1, -1, 8, 9, 136, -289, 4913], (-1, 0, -9)
[1, -1, 8, 57, 136, -289, 4913], (7, -8, 47)
[1, -1, 8, 77, 136, -289, 4913], (-3, 2, -3)
[1, -1, 8, 81, 136, -289, 4913], (-5, 4, 11)
[1, -1, 8, 90, 136, -289, 4913], (-4, 3, 3)
[1, -1, 9, 86, 153, -289, 4913], (-4, 3, 4)
[1, -1, 10, -121, 170, -289, 4913], (3, -4, 5)
[1, -1, 10, -89, 170, -289, 4913], (5, -6, 23)
[1, -1, 10, -73, 170, -289, 4913], (1, -2, -5)
[1, -1, 10, -41, 170, -289, 4913], (-7, 6, 35)
[1, -1, 10, 7, 170, -289, 4913], (-1, 0, -7)
[1, -1, 12, -115, 204, -289, 4913], (3, -4, 7)
[1, -1, 12, -79, 204, -289, 4913], (5, -6, 25)
[1, -1, 12, -71, 204, -289, 4913], (1, -2, -3)
[1, -1, 12, -55, 204, -289, 4913], (-7, 6, 37)
[1, -1, 12, 5, 204, -289, 4913], (-1, 0, -5)
[1, -1, 12, 61, 204, -289, 4913], (-5, 4, 15)
[1, -1, 12, 65, 204, -289, 4913], (-3, 2, 1)
[1, -1, 13, 70, 221, -289, 4913], (-4, 3, 8)
[1, -1, 14, -109, 238, -289, 4913], (3, -4, 9)
[1, -1, 14, 3, 238, -289, 4913], (-1, 0, -3)
[1, -1, 14, 59, 238, -289, 4913], (-3, 2, 3)
[1, -1, 14, 66, 238, -289, 4913], (-4, 3, 9)
[1, -1, 15, -106, 255, -289, 4913], (3, -4, 10)
[1, -1, 16, -103, 272, -289, 4913], (3, -4, 11)
[1, -1, 16, -83, 272, -289, 4913], (-7, 6, 41)
[1, -1, 16, -67, 272, -289, 4913], (1, -2, 1)
[1, -1, 16, -59, 272, -289, 4913], (5, -6, 29)
[1, -1, 16, 1, 272, -289, 4913], (-1, 0, -1)
[1, -1, 16, 41, 272, -289, 4913], (-5, 4, 19)
[1, -1, 16, 53, 272, -289, 4913], (-3, 2, 5)
[1, -1, 18, -65, 306, -289, 4913], (1, -2, 3)
[1, -1, 18, -49, 306, -289, 4913], (5, -6, 31)
[1, -1, 18, -1, 306, -289, 4913], (-1, 0, 1)
[1, -1, 18, 31, 306, -289, 4913], (-5, 4, 21)
[1, -1, 18, 47, 306, -289, 4913], (-3, 2, 7)
[1, -1, 20, -91, 340, -289, 4913], (3, -4, 15)
[1, -1, 20, -63, 340, -289, 4913], (1, -2, 5)
[1, -1, 20, -39, 340, -289, 4913], (5, -6, 33)
[1, -1, 20, -3, 340, -289, 4913], (-1, 0, 3)
[1, -1, 20, 21, 340, -289, 4913], (-5, 4, 23)
[1, -1, 20, 41, 340, -289, 4913], (-3, 2, 9)
[1, -1, 21, -88, 357, -289, 4913], (3, -4, 16)
[1, -1, 22, -61, 374, -289, 4913], (1, -2, 7)
[1, -1, 22, -29, 374, -289, 4913], (5, -6, 35)
[1, -1, 22, -5, 374, -289, 4913], (-1, 0, 5)
[1, -1, 22, 11, 374, -289, 4913], (-5, 4, 25)
[1, -1, 22, 35, 374, -289, 4913], (-3, 2, 11)
[1, -1, 24, -79, 408, -289, 4913], (3, -4, 19)
[1, -1, 24, -59, 408, -289, 4913], (1, -2, 9)
[1, -1, 24, -19, 408, -289, 4913], (5, -6, 37)
[1, -1, 24, -7, 408, -289, 4913], (-1, 0, 7)
[1, -1, 24, 1, 408, -289, 4913], (-5, 4, 27)
[1, -1, 24, 29, 408, -289, 4913], (-3, 2, 13)
[1, -1, 26, -73, 442, -289, 4913], (3, -4, 21)
[1, -1, 26, -57, 442, -289, 4913], (1, -2, 11)
[1, -1, 26, 23, 442, -289, 4913], (-3, 2, 15)
[1, -1, 27, 20, 459, -289, 4913], (-3, 2, 16)
[1, -1, 28, -67, 476, -289, 4913], (3, -4, 23)
[1, -1, 28, -55, 476, -289, 4913], (1, -2, 13)
[1, -1, 28, -19, 476, -289, 4913], (-5, 4, 31)
[1, -1, 28, -11, 476, -289, 4913], (-1, 0, 11)
[1, -1, 28, 1, 476, -289, 4913], (5, -6, 41)
[1, -1, 30, -61, 510, -289, 4913], (3, -4, 25)
[1, -1, 30, -53, 510, -289, 4913], (1, -2, 15)
[1, -1, 30, -29, 510, -289, 4913], (-5, 4, 33)
[1, -1, 30, -13, 510, -289, 4913], (-1, 0, 13)
[1, -1, 32, -60, 544, -289, 4913], (2, -3, 21)
[1, -1, 32, -55, 544, -289, 4913], (3, -4, 27)
[1, -1, 32, -39, 544, -289, 4913], (-5, 4, 35)
[1, -1, 32, -15, 544, -289, 4913], (-1, 0, 15)
[1, -1, 32, 5, 544, -289, 4913], (-3, 2, 21)
[1, -1, 33, -58, 561, -289, 4913], (2, -3, 22)
[1, -1, 33, -16, 561, -289, 4913], (-1, 0, 16)
[1, -1, 33, 2, 561, -289, 4913], (-3, 2, 22)
[1, -1, 34, -1, 578, -289, 4913], (-3, 2, 23)
[1, -1, 36, -47, 612, -289, 4913], (1, -2, 21)
[1, -1, 36, -43, 612, -289, 4913], (3, -4, 31)
[1, -1, 36, -19, 612, -289, 4913], (-1, 0, 19)
[1, -1, 36, -7, 612, -289, 4913], (-3, 2, 25)
[1, -1, 37, -50, 629, -289, 4913], (2, -3, 26)
[1, -1, 38, -48, 646, -289, 4913], (2, -3, 27)
[1, -1, 38, -45, 646, -289, 4913], (1, -2, 23)
[1, -1, 38, -37, 646, -289, 4913], (3, -4, 33)
[1, -1, 38, -21, 646, -289, 4913], (-1, 0, 21)
[1, -1, 38, -13, 646, -289, 4913], (-3, 2, 27)
[1, -1, 40, -43, 680, -289, 4913], (1, -2, 25)
[1, -1, 40, -31, 680, -289, 4913], (3, -4, 35)
[1, -1, 40, -23, 680, -289, 4913], (-1, 0, 23)
[1, -1, 40, -19, 680, -289, 4913], (-3, 2, 29)
[1, -1, 40, -16, 680, -289, 4913], (-2, 1, 25)
[1, -1, 41, -18, 697, -289, 4913], (-2, 1, 26)
[1, -1, 42, -41, 714, -289, 4913], (1, -2, 27)
[1, -1, 43, -40, 731, -289, 4913], (1, -2, 28)
[1, -1, 44, -39, 748, -289, 4913], (1, -2, 29)
[1, -1, 44, -31, 748, -289, 4913], (-3, 2, 33)
[1, -1, 44, -27, 748, -289, 4913], (-1, 0, 27)
[1, -1, 45, -26, 765, -289, 4913], (-2, 1, 30)
[1, -1, 46, -29, 782, -289, 4913], (-1, 0, 29)
[1, -1, 46, -28, 782, -289, 4913], (-2, 1, 31)
[1, -1, 48, -35, 816, -289, 4913], (1, -2, 33)
[1, -1, 48, -31, 816, -289, 4913], (-1, 0, 31)
[1, 0, 0, -140, 0, 0, 4913], (4, -4, -1)
[1, 0, 0, 140, 0, 0, 4913], (-4, 4, -1)
[1, 0, 21, -63, 357, 0, 4913], (3, -3, 13)
[1, 0, 21, 63, 357, 0, 4913], (-3, 3, 13)
[1, 0, 27, -45, 459, 0, 4913], (3, -3, 19)
[1, 0, 27, 45, 459, 0, 4913], (-3, 3, 19)
[1, 0, 45, -5, 765, 0, 4913], (1, -1, 29)
[1, 0, 45, 5, 765, 0, 4913], (-1, 1, 29)
[1, 1, -16, -33, -272, 289, 4913], (1, 0, -33)
[1, 1, -14, -31, -238, 289, 4913], (1, 0, -31)
[1, 1, -12, -29, -204, 289, 4913], (1, 0, -29)
[1, 1, -10, -27, -170, 289, 4913], (1, 0, -27)
[1, 1, -8, -25, -136, 289, 4913], (1, 0, -25)
[1, 1, -7, 48, -119, 289, 4913], (-7, 8, 32)
[1, 1, -6, -71, -102, 289, 4913], (7, -6, 19)
[1, 1, -6, -23, -102, 289, 4913], (1, 0, -23)
[1, 1, -6, 41, -102, 289, 4913], (-7, 8, 33)
[1, 1, -4, -141, -68, 289, 4913], (5, -4, -1)
[1, 1, -4, -113, -68, 289, 4913], (3, -2, -15)
[1, 1, -4, -57, -68, 289, 4913], (7, -6, 21)
[1, 1, -4, -21, -68, 289, 4913], (1, 0, -21)
[1, 1, -4, 27, -68, 289, 4913], (-7, 8, 35)
[1, 1, -2, -131, -34, 289, 4913], (5, -4, 1)
[1, 1, -2, -107, -34, 289, 4913], (3, -2, -13)
[1, 1, -2, -43, -34, 289, 4913], (7, -6, 23)
[1, 1, -2, -19, -34, 289, 4913], (1, 0, -19)
[1, 1, -2, 13, -34, 289, 4913], (-7, 8, 37)
[1, 1, 0, -121, 0, 289, 4913], (5, -4, 3)
[1, 1, 0, -101, 0, 289, 4913], (3, -2, -11)
[1, 1, 0, -29, 0, 289, 4913], (7, -6, 25)
[1, 1, 0, -1, 0, 289, 4913], (-7, 8, 39)
[1, 1, 0, 83, 0, 289, 4913], (-1, 2, -15)
[1, 1, 2, -111, 34, 289, 4913], (5, -4, 5)
[1, 1, 2, -95, 34, 289, 4913], (3, -2, -9)
[1, 1, 2, 81, 34, 289, 4913], (-1, 2, -13)
[1, 1, 4, -101, 68, 289, 4913], (5, -4, 7)
[1, 1, 4, -89, 68, 289, 4913], (3, -2, -7)
[1, 1, 4, -29, 68, 289, 4913], (-7, 8, 43)
[1, 1, 4, -13, 68, 289, 4913], (1, 0, -13)
[1, 1, 4, -1, 68, 289, 4913], (7, -6, 29)
[1, 1, 4, 79, 68, 289, 4913], (-1, 2, -11)
[1, 1, 4, 139, 68, 289, 4913], (-3, 4, -1)
[1, 1, 5, -96, 85, 289, 4913], (5, -4, 8)
[1, 1, 6, -91, 102, 289, 4913], (5, -4, 9)
[1, 1, 6, -83, 102, 289, 4913], (3, -2, -5)
[1, 1, 6, -43, 102, 289, 4913], (-7, 8, 45)
[1, 1, 6, -11, 102, 289, 4913], (1, 0, -11)
[1, 1, 6, 13, 102, 289, 4913], (7, -6, 31)
[1, 1, 6, 77, 102, 289, 4913], (-1, 2, -9)
[1, 1, 6, 109, 102, 289, 4913], (-5, 6, 19)
[1, 1, 6, 133, 102, 289, 4913], (-3, 4, 1)
[1, 1, 8, -90, 136, 289, 4913], (4, -3, 3)
[1, 1, 8, -81, 136, 289, 4913], (5, -4, 11)
[1, 1, 8, -77, 136, 289, 4913], (3, -2, -3)
[1, 1, 8, -57, 136, 289, 4913], (-7, 8, 47)
[1, 1, 8, -9, 136, 289, 4913], (1, 0, -9)
[1, 1, 8, 27, 136, 289, 4913], (7, -6, 33)
[1, 1, 8, 75, 136, 289, 4913], (-1, 2, -7)
[1, 1, 8, 99, 136, 289, 4913], (-5, 6, 21)
[1, 1, 8, 127, 136, 289, 4913], (-3, 4, 3)
[1, 1, 9, -86, 153, 289, 4913], (4, -3, 4)
[1, 1, 10, -7, 170, 289, 4913], (1, 0, -7)
[1, 1, 10, 41, 170, 289, 4913], (7, -6, 35)
[1, 1, 10, 73, 170, 289, 4913], (-1, 2, -5)
[1, 1, 10, 89, 170, 289, 4913], (-5, 6, 23)
[1, 1, 10, 121, 170, 289, 4913], (-3, 4, 5)
[1, 1, 12, -65, 204, 289, 4913], (3, -2, 1)
[1, 1, 12, -61, 204, 289, 4913], (5, -4, 15)
[1, 1, 12, -5, 204, 289, 4913], (1, 0, -5)
[1, 1, 12, 55, 204, 289, 4913], (7, -6, 37)
[1, 1, 12, 71, 204, 289, 4913], (-1, 2, -3)
[1, 1, 12, 79, 204, 289, 4913], (-5, 6, 25)
[1, 1, 12, 115, 204, 289, 4913], (-3, 4, 7)
[1, 1, 13, -70, 221, 289, 4913], (4, -3, 8)
[1, 1, 14, -66, 238, 289, 4913], (4, -3, 9)
[1, 1, 14, -59, 238, 289, 4913], (3, -2, 3)
[1, 1, 14, -3, 238, 289, 4913], (1, 0, -3)
[1, 1, 14, 109, 238, 289, 4913], (-3, 4, 9)
[1, 1, 15, 106, 255, 289, 4913], (-3, 4, 10)
[1, 1, 16, -53, 272, 289, 4913], (3, -2, 5)
[1, 1, 16, -41, 272, 289, 4913], (5, -4, 19)
[1, 1, 16, -1, 272, 289, 4913], (1, 0, -1)
[1, 1, 16, 59, 272, 289, 4913], (-5, 6, 29)
[1, 1, 16, 67, 272, 289, 4913], (-1, 2, 1)
[1, 1, 16, 83, 272, 289, 4913], (7, -6, 41)
[1, 1, 16, 103, 272, 289, 4913], (-3, 4, 11)
[1, 1, 18, -47, 306, 289, 4913], (3, -2, 7)
[1, 1, 18, -31, 306, 289, 4913], (5, -4, 21)
[1, 1, 18, 1, 306, 289, 4913], (1, 0, 1)
[1, 1, 18, 49, 306, 289, 4913], (-5, 6, 31)
[1, 1, 18, 65, 306, 289, 4913], (-1, 2, 3)
[1, 1, 20, -41, 340, 289, 4913], (3, -2, 9)
[1, 1, 20, -21, 340, 289, 4913], (5, -4, 23)
[1, 1, 20, 3, 340, 289, 4913], (1, 0, 3)
[1, 1, 20, 39, 340, 289, 4913], (-5, 6, 33)
[1, 1, 20, 63, 340, 289, 4913], (-1, 2, 5)
[1, 1, 20, 91, 340, 289, 4913], (-3, 4, 15)
[1, 1, 21, 88, 357, 289, 4913], (-3, 4, 16)
[1, 1, 22, -35, 374, 289, 4913], (3, -2, 11)
[1, 1, 22, -11, 374, 289, 4913], (5, -4, 25)
[1, 1, 22, 5, 374, 289, 4913], (1, 0, 5)
[1, 1, 22, 29, 374, 289, 4913], (-5, 6, 35)
[1, 1, 22, 61, 374, 289, 4913], (-1, 2, 7)
[1, 1, 24, -29, 408, 289, 4913], (3, -2, 13)
[1, 1, 24, -1, 408, 289, 4913], (5, -4, 27)
[1, 1, 24, 7, 408, 289, 4913], (1, 0, 7)
[1, 1, 24, 19, 408, 289, 4913], (-5, 6, 37)
[1, 1, 24, 59, 408, 289, 4913], (-1, 2, 9)
[1, 1, 24, 79, 408, 289, 4913], (-3, 4, 19)
[1, 1, 26, -23, 442, 289, 4913], (3, -2, 15)
[1, 1, 26, 57, 442, 289, 4913], (-1, 2, 11)
[1, 1, 26, 73, 442, 289, 4913], (-3, 4, 21)
[1, 1, 27, -20, 459, 289, 4913], (3, -2, 16)
[1, 1, 28, -1, 476, 289, 4913], (-5, 6, 41)
[1, 1, 28, 11, 476, 289, 4913], (1, 0, 11)
[1, 1, 28, 19, 476, 289, 4913], (5, -4, 31)
[1, 1, 28, 55, 476, 289, 4913], (-1, 2, 13)
[1, 1, 28, 67, 476, 289, 4913], (-3, 4, 23)
[1, 1, 30, 13, 510, 289, 4913], (1, 0, 13)
[1, 1, 30, 29, 510, 289, 4913], (5, -4, 33)
[1, 1, 30, 53, 510, 289, 4913], (-1, 2, 15)
[1, 1, 30, 61, 510, 289, 4913], (-3, 4, 25)
[1, 1, 32, -5, 544, 289, 4913], (3, -2, 21)
[1, 1, 32, 15, 544, 289, 4913], (1, 0, 15)
[1, 1, 32, 39, 544, 289, 4913], (5, -4, 35)
[1, 1, 32, 55, 544, 289, 4913], (-3, 4, 27)
[1, 1, 32, 60, 544, 289, 4913], (-2, 3, 21)
[1, 1, 33, -2, 561, 289, 4913], (3, -2, 22)
[1, 1, 33, 16, 561, 289, 4913], (1, 0, 16)
[1, 1, 33, 58, 561, 289, 4913], (-2, 3, 22)
[1, 1, 34, 1, 578, 289, 4913], (3, -2, 23)
[1, 1, 36, 7, 612, 289, 4913], (3, -2, 25)
[1, 1, 36, 19, 612, 289, 4913], (1, 0, 19)
[1, 1, 36, 43, 612, 289, 4913], (-3, 4, 31)
[1, 1, 36, 47, 612, 289, 4913], (-1, 2, 21)
[1, 1, 37, 50, 629, 289, 4913], (-2, 3, 26)
[1, 1, 38, 13, 646, 289, 4913], (3, -2, 27)
[1, 1, 38, 21, 646, 289, 4913], (1, 0, 21)
[1, 1, 38, 37, 646, 289, 4913], (-3, 4, 33)
[1, 1, 38, 45, 646, 289, 4913], (-1, 2, 23)
[1, 1, 38, 48, 646, 289, 4913], (-2, 3, 27)
[1, 1, 40, 16, 680, 289, 4913], (2, -1, 25)
[1, 1, 40, 19, 680, 289, 4913], (3, -2, 29)
[1, 1, 40, 23, 680, 289, 4913], (1, 0, 23)
[1, 1, 40, 31, 680, 289, 4913], (-3, 4, 35)
[1, 1, 40, 43, 680, 289, 4913], (-1, 2, 25)
[1, 1, 41, 18, 697, 289, 4913], (2, -1, 26)
[1, 1, 42, 41, 714, 289, 4913], (-1, 2, 27)
[1, 1, 43, 40, 731, 289, 4913], (-1, 2, 28)
[1, 1, 44, 27, 748, 289, 4913], (1, 0, 27)
[1, 1, 44, 31, 748, 289, 4913], (3, -2, 33)
[1, 1, 44, 39, 748, 289, 4913], (-1, 2, 29)
[1, 1, 45, 26, 765, 289, 4913], (2, -1, 30)
[1, 1, 46, 28, 782, 289, 4913], (2, -1, 31)
[1, 1, 46, 29, 782, 289, 4913], (1, 0, 29)
[1, 1, 48, 31, 816, 289, 4913], (1, 0, 31)
[1, 1, 48, 35, 816, 289, 4913], (-1, 2, 33)
[1, 2, -8, -142, -136, 578, 4913], (6, -4, -1)
[1, 2, -7, -147, -119, 578, 4913], (5, -3, -9)
[1, 2, -7, 9, -119, 578, 4913], (1, 1, -25)
[1, 2, -1, -117, -17, 578, 4913], (5, -3, -3)
[1, 2, 15, 131, 255, 578, 4913], (-3, 5, 13)
[1, 2, 33, 23, 561, 578, 4913], (3, -1, 19)
[1, 2, 39, 41, 663, 578, 4913], (3, -1, 25)
[1, 2, 41, 75, 697, 578, 4913], (-1, 3, 27)
[1, 2, 47, 63, 799, 578, 4913], (1, 1, 29)
[1, 2, 47, 69, 799, 578, 4913], (-1, 3, 33)
[1, 2, 49, 64, 833, 578, 4913], (2, 0, 32)
[1, 2, 49, 65, 833, 578, 4913], (1, 1, 31)
[1, 3, -16, -99, -272, 867, 4913], (3, 0, -33)
[1, 3, -15, -96, -255, 867, 4913], (3, 0, -32)
[1, 3, -14, -93, -238, 867, 4913], (3, 0, -31)
[1, 3, -12, -143, -204, 867, 4913], (7, -4, -1)
[1, 3, -12, -87, -204, 867, 4913], (3, 0, -29)
[1, 3, -10, -156, -170, 867, 4913], (6, -3, -9)
[1, 3, -10, -129, -170, 867, 4913], (7, -4, 1)
[1, 3, -10, -81, -170, 867, 4913], (3, 0, -27)
[1, 3, -8, -143, -136, 867, 4913], (5, -2, -15)
[1, 3, -8, -115, -136, 867, 4913], (7, -4, 3)
[1, 3, -8, -75, -136, 867, 4913], (3, 0, -25)
[1, 3, -6, -133, -102, 867, 4913], (5, -2, -13)
[1, 3, -6, -101, -102, 867, 4913], (7, -4, 5)
[1, 3, -6, -69, -102, 867, 4913], (3, 0, -23)
[1, 3, -4, -123, -68, 867, 4913], (5, -2, -11)
[1, 3, -4, -87, -68, 867, 4913], (7, -4, 7)
[1, 3, -4, -63, -68, 867, 4913], (3, 0, -21)
[1, 3, -4, -3, -68, 867, 4913], (-7, 10, 49)
[1, 3, -2, -113, -34, 867, 4913], (5, -2, -9)
[1, 3, -2, -73, -34, 867, 4913], (7, -4, 9)
[1, 3, -2, -57, -34, 867, 4913], (3, 0, -19)
[1, 3, 0, -103, 0, 867, 4913], (5, -2, -7)
[1, 3, 0, -59, 0, 867, 4913], (7, -4, 11)
[1, 3, 0, -31, 0, 867, 4913], (-7, 10, 53)
[1, 3, 1, -48, 17, 867, 4913], (3, 0, -16)
[1, 3, 2, -93, 34, 867, 4913], (5, -2, -5)
[1, 3, 3, -88, 51, 867, 4913], (5, -2, -4)
[1, 3, 4, -83, 68, 867, 4913], (5, -2, -3)
[1, 3, 4, -59, 68, 867, 4913], (-7, 10, 57)
[1, 3, 4, -39, 68, 867, 4913], (3, 0, -13)
[1, 3, 4, -31, 68, 867, 4913], (7, -4, 15)
[1, 3, 4, 53, 68, 867, 4913], (1, 2, -15)
[1, 3, 6, -33, 102, 867, 4913], (3, 0, -11)
[1, 3, 6, 55, 102, 867, 4913], (1, 2, -13)
[1, 3, 8, -63, 136, 867, 4913], (5, -2, 1)
[1, 3, 8, -27, 136, 867, 4913], (3, 0, -9)
[1, 3, 8, -3, 136, 867, 4913], (7, -4, 19)
[1, 3, 8, 57, 136, 867, 4913], (1, 2, -11)
[1, 3, 9, -58, 153, 867, 4913], (5, -2, 2)
[1, 3, 10, -53, 170, 867, 4913], (5, -2, 3)
[1, 3, 10, -21, 170, 867, 4913], (3, 0, -7)
[1, 3, 10, 11, 170, 867, 4913], (7, -4, 21)
[1, 3, 10, 59, 170, 867, 4913], (1, 2, -9)
[1, 3, 10, 107, 170, 867, 4913], (-5, 8, 33)
[1, 3, 12, -43, 204, 867, 4913], (5, -2, 5)
[1, 3, 12, -15, 204, 867, 4913], (3, 0, -5)
[1, 3, 12, 25, 204, 867, 4913], (7, -4, 23)
[1, 3, 12, 61, 204, 867, 4913], (1, 2, -7)
[1, 3, 12, 97, 204, 867, 4913], (-5, 8, 35)
[1, 3, 12, 137, 204, 867, 4913], (-1, 4, -1)
[1, 3, 14, -33, 238, 867, 4913], (5, -2, 7)
[1, 3, 14, -9, 238, 867, 4913], (3, 0, -3)
[1, 3, 14, 39, 238, 867, 4913], (7, -4, 25)
[1, 3, 14, 63, 238, 867, 4913], (1, 2, -5)
[1, 3, 14, 87, 238, 867, 4913], (-5, 8, 37)
[1, 3, 14, 135, 238, 867, 4913], (-1, 4, 1)
[1, 3, 16, -23, 272, 867, 4913], (5, -2, 9)
[1, 3, 16, -3, 272, 867, 4913], (3, 0, -1)
[1, 3, 16, 53, 272, 867, 4913], (7, -4, 27)
[1, 3, 16, 65, 272, 867, 4913], (1, 2, -3)
[1, 3, 16, 77, 272, 867, 4913], (-5, 8, 39)
[1, 3, 16, 133, 272, 867, 4913], (-1, 4, 3)
[1, 3, 18, -13, 306, 867, 4913], (5, -2, 11)
[1, 3, 18, 3, 306, 867, 4913], (3, 0, 1)
[1, 3, 18, 131, 306, 867, 4913], (-1, 4, 5)
[1, 3, 18, 147, 306, 867, 4913], (-3, 6, 19)
[1, 3, 20, -3, 340, 867, 4913], (5, -2, 13)
[1, 3, 20, 9, 340, 867, 4913], (3, 0, 3)
[1, 3, 20, 57, 340, 867, 4913], (-5, 8, 43)
[1, 3, 20, 69, 340, 867, 4913], (1, 2, 1)
[1, 3, 20, 81, 340, 867, 4913], (7, -4, 31)
[1, 3, 20, 129, 340, 867, 4913], (-1, 4, 7)
[1, 3, 20, 141, 340, 867, 4913], (-3, 6, 21)
[1, 3, 22, 7, 374, 867, 4913], (5, -2, 15)
[1, 3, 22, 15, 374, 867, 4913], (3, 0, 5)
[1, 3, 22, 47, 374, 867, 4913], (-5, 8, 45)
[1, 3, 22, 71, 374, 867, 4913], (1, 2, 3)
[1, 3, 22, 95, 374, 867, 4913], (7, -4, 33)
[1, 3, 22, 127, 374, 867, 4913], (-1, 4, 9)
[1, 3, 22, 135, 374, 867, 4913], (-3, 6, 23)
[1, 3, 24, 10, 408, 867, 4913], (4, -1, 11)
[1, 3, 24, 21, 408, 867, 4913], (3, 0, 7)
[1, 3, 24, 37, 408, 867, 4913], (-5, 8, 47)
[1, 3, 24, 73, 408, 867, 4913], (1, 2, 5)
[1, 3, 24, 109, 408, 867, 4913], (7, -4, 35)
[1, 3, 24, 125, 408, 867, 4913], (-1, 4, 11)
[1, 3, 24, 129, 408, 867, 4913], (-3, 6, 25)
[1, 3, 25, 14, 425, 867, 4913], (4, -1, 12)
[1, 3, 25, 134, 425, 867, 4913], (-2, 5, 18)
[1, 3, 26, 75, 442, 867, 4913], (1, 2, 7)
[1, 3, 28, 33, 476, 867, 4913], (3, 0, 11)
[1, 3, 28, 37, 476, 867, 4913], (5, -2, 21)
[1, 3, 28, 77, 476, 867, 4913], (1, 2, 9)
[1, 3, 28, 117, 476, 867, 4913], (-3, 6, 29)
[1, 3, 28, 121, 476, 867, 4913], (-1, 4, 15)
[1, 3, 29, 30, 493, 867, 4913], (4, -1, 16)
[1, 3, 29, 126, 493, 867, 4913], (-2, 5, 22)
[1, 3, 30, 39, 510, 867, 4913], (3, 0, 13)
[1, 3, 30, 47, 510, 867, 4913], (5, -2, 23)
[1, 3, 30, 79, 510, 867, 4913], (1, 2, 11)
[1, 3, 30, 111, 510, 867, 4913], (-3, 6, 31)
[1, 3, 30, 124, 510, 867, 4913], (-2, 5, 23)
[1, 3, 32, 45, 544, 867, 4913], (3, 0, 15)
[1, 3, 32, 57, 544, 867, 4913], (5, -2, 25)
[1, 3, 32, 81, 544, 867, 4913], (1, 2, 13)
[1, 3, 32, 105, 544, 867, 4913], (-3, 6, 33)
[1, 3, 32, 117, 544, 867, 4913], (-1, 4, 19)
[1, 3, 33, 48, 561, 867, 4913], (3, 0, 16)
[1, 3, 34, 67, 578, 867, 4913], (5, -2, 27)
[1, 3, 34, 83, 578, 867, 4913], (1, 2, 15)
[1, 3, 34, 99, 578, 867, 4913], (-3, 6, 35)
[1, 3, 34, 115, 578, 867, 4913], (-1, 4, 21)
[1, 3, 36, 57, 612, 867, 4913], (3, 0, 19)
[1, 3, 36, 77, 612, 867, 4913], (5, -2, 29)
[1, 3, 36, 93, 612, 867, 4913], (-3, 6, 37)
[1, 3, 36, 113, 612, 867, 4913], (-1, 4, 23)
[1, 3, 38, 63, 646, 867, 4913], (3, 0, 21)
[1, 3, 38, 111, 646, 867, 4913], (-1, 4, 25)
[1, 3, 39, 66, 663, 867, 4913], (3, 0, 22)
[1, 3, 39, 110, 663, 867, 4913], (-1, 4, 26)
[1, 3, 40, 69, 680, 867, 4913], (3, 0, 23)
[1, 3, 40, 81, 680, 867, 4913], (-3, 6, 41)
[1, 3, 40, 89, 680, 867, 4913], (1, 2, 21)
[1, 3, 40, 97, 680, 867, 4913], (5, -2, 33)
[1, 3, 40, 109, 680, 867, 4913], (-1, 4, 27)
[1, 3, 42, 91, 714, 867, 4913], (1, 2, 23)
[1, 3, 44, 81, 748, 867, 4913], (3, 0, 27)
[1, 3, 44, 93, 748, 867, 4913], (1, 2, 25)
[1, 3, 44, 105, 748, 867, 4913], (-1, 4, 31)
[1, 3, 45, 84, 765, 867, 4913], (3, 0, 28)
[1, 3, 45, 104, 765, 867, 4913], (-1, 4, 32)
[1, 3, 46, 87, 782, 867, 4913], (3, 0, 29)
[1, 3, 46, 95, 782, 867, 4913], (1, 2, 27)
[1, 3, 46, 103, 782, 867, 4913], (-1, 4, 33)
[1, 3, 48, 92, 816, 867, 4913], (2, 1, 29)
[1, 3, 48, 93, 816, 867, 4913], (3, 0, 31)
[1, 3, 48, 97, 816, 867, 4913], (1, 2, 29)
[1, 3, 48, 101, 816, 867, 4913], (-1, 4, 35)
[1, 3, 49, 94, 833, 867, 4913], (2, 1, 30)
[1, 3, 51, 100, 867, 867, 4913], (1, 2, 32)
[1, 3, 52, 101, 884, 867, 4913], (1, 2, 33)
[1, 4, -16, -144, -272, 1156, 4913], (8, -4, -1)
[1, 4, -16, -132, -272, 1156, 4913], (4, 0, -33)
[1, 4, -8, -100, -136, 1156, 4913], (4, 0, -25)
[1, 4, 9, -49, 153, 1156, 4913], (5, -1, -3)
[1, 4, 11, -39, 187, 1156, 4913], (5, -1, -1)
[1, 4, 13, -29, 221, 1156, 4913], (5, -1, 1)
[1, 4, 18, -4, 306, 1156, 4913], (5, -1, 6)
[1, 4, 19, 1, 323, 1156, 4913], (5, -1, 7)
[1, 4, 32, 60, 544, 1156, 4913], (4, 0, 15)
[1, 4, 33, 64, 561, 1156, 4913], (4, 0, 16)
[1, 4, 35, 147, 595, 1156, 4913], (-1, 5, 23)
[1, 4, 37, 145, 629, 1156, 4913], (-1, 5, 25)
[1, 4, 43, 139, 731, 1156, 4913], (-1, 5, 31)
[1, 4, 45, 109, 765, 1156, 4913], (3, 1, 25)
[1, 4, 49, 131, 833, 1156, 4913], (1, 3, 29)
[1, 4, 51, 127, 867, 1156, 4913], (3, 1, 31)
[1, 4, 53, 135, 901, 1156, 4913], (1, 3, 33)
[1, 5, -16, -174, -272, 1445, 4913], (8, -3, -9)
[1, 5, -16, -165, -272, 1445, 4913], (5, 0, -33)
[1, 5, -15, -160, -255, 1445, 4913], (5, 0, -32)
[1, 5, -14, -155, -238, 1445, 4913], (5, 0, -31)
[1, 5, -13, -180, -221, 1445, 4913], (7, -2, -16)
[1, 5, -12, -173, -204, 1445, 4913], (7, -2, -15)
[1, 5, -12, -145, -204, 1445, 4913], (5, 0, -29)
[1, 5, -10, -159, -170, 1445, 4913], (7, -2, -13)
[1, 5, -10, -135, -170, 1445, 4913], (5, 0, -27)
[1, 5, -8, -145, -136, 1445, 4913], (7, -2, -11)
[1, 5, -8, -125, -136, 1445, 4913], (5, 0, -25)
[1, 5, -6, -131, -102, 1445, 4913], (7, -2, -9)
[1, 5, -6, -115, -102, 1445, 4913], (5, 0, -23)
[1, 5, -4, -117, -68, 1445, 4913], (7, -2, -7)
[1, 5, -4, -105, -68, 1445, 4913], (5, 0, -21)
[1, 5, -2, -103, -34, 1445, 4913], (7, -2, -5)
[1, 5, -2, -95, -34, 1445, 4913], (5, 0, -19)
[1, 5, -2, -47, -34, 1445, 4913], (-7, 12, 65)
[1, 5, 0, -100, 0, 1445, 4913], (6, -1, -11)
[1, 5, 0, -89, 0, 1445, 4913], (7, -2, -3)
[1, 5, 0, -61, 0, 1445, 4913], (-7, 12, 67)
[1, 5, 1, -94, 17, 1445, 4913], (6, -1, -10)
[1, 5, 1, -80, 17, 1445, 4913], (5, 0, -16)
[1, 5, 4, -65, 68, 1445, 4913], (5, 0, -13)
[1, 5, 4, -61, 68, 1445, 4913], (7, -2, 1)
[1, 5, 5, -70, 85, 1445, 4913], (6, -1, -6)
[1, 5, 6, -64, 102, 1445, 4913], (6, -1, -5)
[1, 5, 6, -55, 102, 1445, 4913], (5, 0, -11)
[1, 5, 6, -47, 102, 1445, 4913], (7, -2, 3)
[1, 5, 8, -45, 136, 1445, 4913], (5, 0, -9)
[1, 5, 8, -33, 136, 1445, 4913], (7, -2, 5)
[1, 5, 8, 23, 136, 1445, 4913], (3, 2, -15)
[1, 5, 10, -35, 170, 1445, 4913], (5, 0, -7)
[1, 5, 10, -19, 170, 1445, 4913], (7, -2, 7)
[1, 5, 10, 29, 170, 1445, 4913], (3, 2, -13)
[1, 5, 12, -25, 204, 1445, 4913], (5, 0, -5)
[1, 5, 12, -5, 204, 1445, 4913], (7, -2, 9)
[1, 5, 12, 35, 204, 1445, 4913], (3, 2, -11)
[1, 5, 14, -15, 238, 1445, 4913], (5, 0, -3)
[1, 5, 14, 9, 238, 1445, 4913], (7, -2, 11)
[1, 5, 14, 41, 238, 1445, 4913], (3, 2, -9)
[1, 5, 16, -5, 272, 1445, 4913], (5, 0, -1)
[1, 5, 16, 23, 272, 1445, 4913], (7, -2, 13)
[1, 5, 16, 47, 272, 1445, 4913], (3, 2, -7)
[1, 5, 16, 95, 272, 1445, 4913], (-5, 10, 49)
[1, 5, 18, 5, 306, 1445, 4913], (5, 0, 1)
[1, 5, 18, 37, 306, 1445, 4913], (7, -2, 15)
[1, 5, 18, 53, 306, 1445, 4913], (3, 2, -5)
[1, 5, 20, 15, 340, 1445, 4913], (5, 0, 3)
[1, 5, 20, 59, 340, 1445, 4913], (3, 2, -3)
[1, 5, 20, 75, 340, 1445, 4913], (-5, 10, 53)
[1, 5, 20, 135, 340, 1445, 4913], (1, 4, -1)
[1, 5, 22, 25, 374, 1445, 4913], (5, 0, 5)
[1, 5, 22, 137, 374, 1445, 4913], (1, 4, 1)
[1, 5, 23, 30, 391, 1445, 4913], (5, 0, 6)
[1, 5, 24, 35, 408, 1445, 4913], (5, 0, 7)
[1, 5, 24, 55, 408, 1445, 4913], (-5, 10, 57)
[1, 5, 24, 71, 408, 1445, 4913], (3, 2, 1)
[1, 5, 24, 79, 408, 1445, 4913], (7, -2, 21)
[1, 5, 24, 139, 408, 1445, 4913], (1, 4, 3)
[1, 5, 25, 176, 425, 1445, 4913], (-3, 8, 32)
[1, 5, 26, 77, 442, 1445, 4913], (3, 2, 3)
[1, 5, 26, 93, 442, 1445, 4913], (7, -2, 23)
[1, 5, 26, 141, 442, 1445, 4913], (1, 4, 5)
[1, 5, 26, 173, 442, 1445, 4913], (-3, 8, 33)
[1, 5, 28, 55, 476, 1445, 4913], (5, 0, 11)
[1, 5, 28, 83, 476, 1445, 4913], (3, 2, 5)
[1, 5, 28, 107, 476, 1445, 4913], (7, -2, 25)
[1, 5, 28, 143, 476, 1445, 4913], (1, 4, 7)
[1, 5, 28, 167, 476, 1445, 4913], (-3, 8, 35)
[1, 5, 29, 60, 493, 1445, 4913], (5, 0, 12)
[1, 5, 30, 65, 510, 1445, 4913], (5, 0, 13)
[1, 5, 30, 89, 510, 1445, 4913], (3, 2, 7)
[1, 5, 30, 121, 510, 1445, 4913], (7, -2, 27)
[1, 5, 30, 145, 510, 1445, 4913], (1, 4, 9)
[1, 5, 30, 161, 510, 1445, 4913], (-3, 8, 37)
[1, 5, 30, 185, 510, 1445, 4913], (-1, 6, 19)
[1, 5, 32, 75, 544, 1445, 4913], (5, 0, 15)
[1, 5, 32, 95, 544, 1445, 4913], (3, 2, 9)
[1, 5, 32, 135, 544, 1445, 4913], (7, -2, 29)
[1, 5, 32, 147, 544, 1445, 4913], (1, 4, 11)
[1, 5, 32, 155, 544, 1445, 4913], (-3, 8, 39)
[1, 5, 32, 183, 544, 1445, 4913], (-1, 6, 21)
[1, 5, 34, 101, 578, 1445, 4913], (3, 2, 11)
[1, 5, 34, 181, 578, 1445, 4913], (-1, 6, 23)
[1, 5, 35, 180, 595, 1445, 4913], (-1, 6, 24)
[1, 5, 36, 95, 612, 1445, 4913], (5, 0, 19)
[1, 5, 36, 107, 612, 1445, 4913], (3, 2, 13)
[1, 5, 36, 143, 612, 1445, 4913], (-3, 8, 43)
[1, 5, 36, 151, 612, 1445, 4913], (1, 4, 15)
[1, 5, 36, 163, 612, 1445, 4913], (7, -2, 33)
[1, 5, 36, 179, 612, 1445, 4913], (-1, 6, 25)
[1, 5, 38, 105, 646, 1445, 4913], (5, 0, 21)
[1, 5, 38, 113, 646, 1445, 4913], (3, 2, 15)
[1, 5, 38, 137, 646, 1445, 4913], (-3, 8, 45)
[1, 5, 40, 110, 680, 1445, 4913], (4, 1, 19)
[1, 5, 40, 115, 680, 1445, 4913], (5, 0, 23)
[1, 5, 40, 131, 680, 1445, 4913], (-3, 8, 47)
[1, 5, 40, 155, 680, 1445, 4913], (1, 4, 19)
[1, 5, 40, 175, 680, 1445, 4913], (-1, 6, 29)
[1, 5, 41, 114, 697, 1445, 4913], (4, 1, 20)
[1, 5, 41, 174, 697, 1445, 4913], (-1, 6, 30)
[1, 5, 42, 157, 714, 1445, 4913], (1, 4, 21)
[1, 5, 42, 173, 714, 1445, 4913], (-1, 6, 31)
[1, 5, 43, 172, 731, 1445, 4913], (-1, 6, 32)
[1, 5, 44, 131, 748, 1445, 4913], (3, 2, 21)
[1, 5, 44, 135, 748, 1445, 4913], (5, 0, 27)
[1, 5, 44, 159, 748, 1445, 4913], (1, 4, 23)
[1, 5, 44, 171, 748, 1445, 4913], (-1, 6, 33)
[1, 5, 45, 130, 765, 1445, 4913], (4, 1, 24)
[1, 5, 46, 134, 782, 1445, 4913], (4, 1, 25)
[1, 5, 46, 137, 782, 1445, 4913], (3, 2, 23)
[1, 5, 46, 145, 782, 1445, 4913], (5, 0, 29)
[1, 5, 46, 161, 782, 1445, 4913], (1, 4, 25)
[1, 5, 46, 169, 782, 1445, 4913], (-1, 6, 35)
[1, 5, 47, 168, 799, 1445, 4913], (-1, 6, 36)
[1, 5, 48, 143, 816, 1445, 4913], (3, 2, 25)
[1, 5, 48, 155, 816, 1445, 4913], (5, 0, 31)
[1, 5, 48, 163, 816, 1445, 4913], (1, 4, 27)
[1, 5, 48, 167, 816, 1445, 4913], (-1, 6, 37)
[1, 5, 50, 149, 850, 1445, 4913], (3, 2, 27)
[1, 5, 51, 152, 867, 1445, 4913], (3, 2, 28)
[1, 5, 52, 155, 884, 1445, 4913], (3, 2, 29)
[1, 5, 52, 163, 884, 1445, 4913], (-1, 6, 41)
[1, 5, 52, 167, 884, 1445, 4913], (1, 4, 31)
[1, 5, 54, 169, 918, 1445, 4913], (1, 4, 33)
[1, 5, 55, 166, 935, 1445, 4913], (2, 3, 32)
[1, 5, 56, 167, 952, 1445, 4913], (3, 2, 33)
[1, 5, 56, 168, 952, 1445, 4913], (2, 3, 33)
[1, 5, 56, 171, 952, 1445, 4913], (1, 4, 35)
[1, 6, -16, -198, -272, 1734, 4913], (6, 0, -33)
[1, 6, -15, -209, -255, 1734, 4913], (7, -1, -25)
[1, 6, -14, -202, -238, 1734, 4913], (7, -1, -24)
[1, 6, -9, -167, -153, 1734, 4913], (7, -1, -19)
[1, 6, -8, -150, -136, 1734, 4913], (6, 0, -25)
[1, 6, -5, -139, -85, 1734, 4913], (7, -1, -15)
[1, 6, 8, -54, 136, 1734, 4913], (6, 0, -9)
[1, 6, 33, 89, 561, 1734, 4913], (5, 1, 11)
[1, 6, 39, 209, 663, 1734, 4913], (-1, 7, 29)
[1, 6, 57, 195, 969, 1734, 4913], (3, 3, 31)
[1, 6, 57, 205, 969, 1734, 4913], (1, 5, 35)
[1, 7, -16, -234, -272, 2023, 4913], (8, -1, -25)
[1, 7, -16, -231, -272, 2023, 4913], (7, 0, -33)
[1, 7, -15, -224, -255, 2023, 4913], (7, 0, -32)
[1, 7, -14, -217, -238, 2023, 4913], (7, 0, -31)
[1, 7, -12, -203, -204, 2023, 4913], (7, 0, -29)
[1, 7, -12, -202, -204, 2023, 4913], (8, -1, -21)
[1, 7, -11, -196, -187, 2023, 4913], (7, 0, -28)
[1, 7, -10, -189, -170, 2023, 4913], (7, 0, -27)
[1, 7, -8, -175, -136, 2023, 4913], (7, 0, -25)
[1, 7, -6, -161, -102, 2023, 4913], (7, 0, -23)
[1, 7, -5, -154, -85, 2023, 4913], (7, 0, -22)
[1, 7, -4, -147, -68, 2023, 4913], (7, 0, -21)
[1, 7, -2, -133, -34, 2023, 4913], (7, 0, -19)
[1, 7, -1, -126, -17, 2023, 4913], (7, 0, -18)
[1, 7, 2, -90, 34, 2023, 4913], (8, -1, -7)
[1, 7, 4, -91, 68, 2023, 4913], (7, 0, -13)
[1, 7, 5, -84, 85, 2023, 4913], (7, 0, -12)
[1, 7, 6, -77, 102, 2023, 4913], (7, 0, -11)
[1, 7, 8, -63, 136, 2023, 4913], (7, 0, -9)
[1, 7, 10, -49, 170, 2023, 4913], (7, 0, -7)
[1, 7, 12, -35, 204, 2023, 4913], (7, 0, -5)
[1, 7, 12, -7, 204, 2023, 4913], (5, 2, -15)
[1, 7, 14, -21, 238, 2023, 4913], (7, 0, -3)
[1, 7, 14, 3, 238, 2023, 4913], (5, 2, -13)
[1, 7, 16, -7, 272, 2023, 4913], (7, 0, -1)
[1, 7, 16, 13, 272, 2023, 4913], (5, 2, -11)
[1, 7, 18, 7, 306, 2023, 4913], (7, 0, 1)
[1, 7, 18, 23, 306, 2023, 4913], (5, 2, -9)
[1, 7, 20, 21, 340, 2023, 4913], (7, 0, 3)
[1, 7, 20, 33, 340, 2023, 4913], (5, 2, -7)
[1, 7, 22, 35, 374, 2023, 4913], (7, 0, 5)
[1, 7, 22, 43, 374, 2023, 4913], (5, 2, -5)
[1, 7, 22, 83, 374, 2023, 4913], (-5, 12, 65)
[1, 7, 24, 40, 408, 2023, 4913], (6, 1, 1)
[1, 7, 24, 49, 408, 2023, 4913], (7, 0, 7)
[1, 7, 24, 53, 408, 2023, 4913], (5, 2, -3)
[1, 7, 24, 73, 408, 2023, 4913], (-5, 12, 67)
[1, 7, 25, 46, 425, 2023, 4913], (6, 1, 2)
[1, 7, 28, 73, 476, 2023, 4913], (5, 2, 1)
[1, 7, 28, 77, 476, 2023, 4913], (7, 0, 11)
[1, 7, 28, 133, 476, 2023, 4913], (3, 4, -1)
[1, 7, 29, 70, 493, 2023, 4913], (6, 1, 6)
[1, 7, 30, 76, 510, 2023, 4913], (6, 1, 7)
[1, 7, 30, 83, 510, 2023, 4913], (5, 2, 3)
[1, 7, 30, 91, 510, 2023, 4913], (7, 0, 13)
[1, 7, 30, 139, 510, 2023, 4913], (3, 4, 1)
[1, 7, 32, 93, 544, 2023, 4913], (5, 2, 5)
[1, 7, 32, 105, 544, 2023, 4913], (7, 0, 15)
[1, 7, 32, 145, 544, 2023, 4913], (3, 4, 3)
[1, 7, 34, 103, 578, 2023, 4913], (5, 2, 7)
[1, 7, 34, 151, 578, 2023, 4913], (3, 4, 5)
[1, 7, 36, 113, 612, 2023, 4913], (5, 2, 9)
[1, 7, 36, 133, 612, 2023, 4913], (7, 0, 19)
[1, 7, 36, 157, 612, 2023, 4913], (3, 4, 7)
[1, 7, 36, 193, 612, 2023, 4913], (-3, 10, 49)
[1, 7, 38, 123, 646, 2023, 4913], (5, 2, 11)
[1, 7, 38, 147, 646, 2023, 4913], (7, 0, 21)
[1, 7, 38, 163, 646, 2023, 4913], (3, 4, 9)
[1, 7, 40, 133, 680, 2023, 4913], (5, 2, 13)
[1, 7, 40, 161, 680, 2023, 4913], (7, 0, 23)
[1, 7, 40, 169, 680, 2023, 4913], (3, 4, 11)
[1, 7, 40, 181, 680, 2023, 4913], (-3, 10, 53)
[1, 7, 41, 240, 697, 2023, 4913], (-1, 8, 32)
[1, 7, 42, 143, 714, 2023, 4913], (5, 2, 15)
[1, 7, 42, 223, 714, 2023, 4913], (1, 6, 19)
[1, 7, 42, 239, 714, 2023, 4913], (-1, 8, 33)
[1, 7, 43, 148, 731, 2023, 4913], (5, 2, 16)
[1, 7, 44, 169, 748, 2023, 4913], (-3, 10, 57)
[1, 7, 44, 181, 748, 2023, 4913], (3, 4, 15)
[1, 7, 44, 189, 748, 2023, 4913], (7, 0, 27)
[1, 7, 44, 225, 748, 2023, 4913], (1, 6, 21)
[1, 7, 44, 237, 748, 2023, 4913], (-1, 8, 35)
[1, 7, 46, 203, 782, 2023, 4913], (7, 0, 29)
[1, 7, 46, 227, 782, 2023, 4913], (1, 6, 23)
[1, 7, 46, 235, 782, 2023, 4913], (-1, 8, 37)
[1, 7, 48, 173, 816, 2023, 4913], (5, 2, 21)
[1, 7, 48, 193, 816, 2023, 4913], (3, 4, 19)
[1, 7, 48, 217, 816, 2023, 4913], (7, 0, 31)
[1, 7, 48, 229, 816, 2023, 4913], (1, 6, 25)
[1, 7, 48, 233, 816, 2023, 4913], (-1, 8, 39)
[1, 7, 49, 178, 833, 2023, 4913], (5, 2, 22)
[1, 7, 50, 183, 850, 2023, 4913], (5, 2, 23)
[1, 7, 50, 199, 850, 2023, 4913], (3, 4, 21)
[1, 7, 52, 193, 884, 2023, 4913], (5, 2, 25)
[1, 7, 52, 205, 884, 2023, 4913], (3, 4, 23)
[1, 7, 52, 229, 884, 2023, 4913], (-1, 8, 43)
[1, 7, 52, 233, 884, 2023, 4913], (1, 6, 29)
[1, 7, 54, 203, 918, 2023, 4913], (5, 2, 27)
[1, 7, 54, 211, 918, 2023, 4913], (3, 4, 25)
[1, 7, 54, 227, 918, 2023, 4913], (-1, 8, 45)
[1, 7, 54, 235, 918, 2023, 4913], (1, 6, 31)
[1, 7, 56, 210, 952, 2023, 4913], (4, 3, 27)
[1, 7, 56, 213, 952, 2023, 4913], (5, 2, 29)
[1, 7, 56, 217, 952, 2023, 4913], (3, 4, 27)
[1, 7, 56, 225, 952, 2023, 4913], (-1, 8, 47)
[1, 7, 56, 237, 952, 2023, 4913], (1, 6, 33)
[1, 7, 57, 214, 969, 2023, 4913], (4, 3, 28)
[1, 7, 58, 239, 986, 2023, 4913], (1, 6, 35)
[1, 7, 59, 240, 1003, 2023, 4913], (1, 6, 36)
[1, 7, 60, 229, 1020, 2023, 4913], (3, 4, 31)
[1, 7, 60, 233, 1020, 2023, 4913], (5, 2, 33)
[1, 7, 60, 241, 1020, 2023, 4913], (1, 6, 37)
[1, 7, 61, 230, 1037, 2023, 4913], (4, 3, 32)
[1, 7, 62, 234, 1054, 2023, 4913], (4, 3, 33)
[1, 7, 62, 235, 1054, 2023, 4913], (3, 4, 33)
[1, 7, 64, 241, 1088, 2023, 4913], (3, 4, 35)
[1, 7, 64, 244, 1088, 2023, 4913], (2, 5, 37)
[1, 7, 64, 245, 1088, 2023, 4913], (1, 6, 41)
[1, 8, -16, -264, -272, 2312, 4913], (8, 0, -33)
[1, 8, -15, -256, -255, 2312, 4913], (8, 0, -32)
[1, 8, -11, -224, -187, 2312, 4913], (8, 0, -28)
[1, 8, -10, -216, -170, 2312, 4913], (8, 0, -27)
[1, 8, -9, -208, -153, 2312, 4913], (8, 0, -26)
[1, 8, -6, -184, -102, 2312, 4913], (8, 0, -23)
[1, 8, -2, -152, -34, 2312, 4913], (8, 0, -19)
[1, 8, 1, -127, 17, 2312, 4913], (7, 1, -23)
[1, 8, 4, -104, 68, 2312, 4913], (8, 0, -13)
[1, 8, 13, -43, 221, 2312, 4913], (7, 1, -11)
[1, 8, 19, -1, 323, 2312, 4913], (7, 1, -5)
[1, 8, 23, 27, 391, 2312, 4913], (7, 1, -1)
[1, 8, 48, 242, 816, 2312, 4913], (2, 6, 19)
[1, 8, 53, 207, 901, 2312, 4913], (5, 3, 21)
[1, 8, 59, 237, 1003, 2312, 4913], (5, 3, 27)
[1, 8, 61, 275, 1037, 2312, 4913], (1, 7, 37)
[1, 8, 67, 281, 1139, 2312, 4913], (1, 7, 43)
[1, 8, 69, 281, 1173, 2312, 4913], (3, 5, 37)
[1, 9, 0, -166, 0, 2601, 4913], (8, 1, -25)
[1, 9, 1, -158, 17, 2601, 4913], (8, 1, -24)
[1, 9, 5, -126, 85, 2601, 4913], (8, 1, -20)
[1, 9, 6, -118, 102, 2601, 4913], (8, 1, -19)
[1, 9, 12, -70, 204, 2601, 4913], (8, 1, -13)
[1, 9, 16, -37, 272, 2601, 4913], (7, 2, -15)
[1, 9, 18, -23, 306, 2601, 4913], (7, 2, -13)
[1, 9, 19, -16, 323, 2601, 4913], (7, 2, -12)
[1, 9, 20, -9, 340, 2601, 4913], (7, 2, -11)
[1, 9, 22, 5, 374, 2601, 4913], (7, 2, -9)
[1, 9, 24, 19, 408, 2601, 4913], (7, 2, -7)
[1, 9, 26, 33, 442, 2601, 4913], (7, 2, -5)
[1, 9, 27, 40, 459, 2601, 4913], (7, 2, -4)
[1, 9, 28, 47, 476, 2601, 4913], (7, 2, -3)
[1, 9, 32, 75, 544, 2601, 4913], (7, 2, 1)
[1, 9, 33, 82, 561, 2601, 4913], (7, 2, 2)
[1, 9, 34, 89, 578, 2601, 4913], (7, 2, 3)
[1, 9, 36, 103, 612, 2601, 4913], (7, 2, 5)
[1, 9, 36, 131, 612, 2601, 4913], (5, 4, -1)
[1, 9, 38, 117, 646, 2601, 4913], (7, 2, 7)
[1, 9, 38, 141, 646, 2601, 4913], (5, 4, 1)
[1, 9, 40, 131, 680, 2601, 4913], (7, 2, 9)
[1, 9, 40, 151, 680, 2601, 4913], (5, 4, 3)
[1, 9, 42, 145, 714, 2601, 4913], (7, 2, 11)
[1, 9, 42, 161, 714, 2601, 4913], (5, 4, 5)
[1, 9, 44, 159, 748, 2601, 4913], (7, 2, 13)
[1, 9, 44, 171, 748, 2601, 4913], (5, 4, 7)
[1, 9, 46, 173, 782, 2601, 4913], (7, 2, 15)
[1, 9, 46, 181, 782, 2601, 4913], (5, 4, 9)
[1, 9, 46, 213, 782, 2601, 4913], (-3, 12, 65)
[1, 9, 48, 180, 816, 2601, 4913], (6, 3, 13)
[1, 9, 48, 191, 816, 2601, 4913], (5, 4, 11)
[1, 9, 48, 207, 816, 2601, 4913], (-3, 12, 67)
[1, 9, 49, 186, 833, 2601, 4913], (6, 3, 14)
[1, 9, 52, 211, 884, 2601, 4913], (5, 4, 15)
[1, 9, 52, 215, 884, 2601, 4913], (7, 2, 21)
[1, 9, 53, 210, 901, 2601, 4913], (6, 3, 18)
[1, 9, 54, 216, 918, 2601, 4913], (6, 3, 19)
[1, 9, 54, 229, 918, 2601, 4913], (7, 2, 23)
[1, 9, 54, 261, 918, 2601, 4913], (3, 6, 19)
[1, 9, 56, 231, 952, 2601, 4913], (5, 4, 19)
[1, 9, 56, 243, 952, 2601, 4913], (7, 2, 25)
[1, 9, 56, 267, 952, 2601, 4913], (3, 6, 21)
[1, 9, 56, 291, 952, 2601, 4913], (-1, 10, 49)
[1, 9, 57, 304, 969, 2601, 4913], (1, 8, 32)
[1, 9, 58, 241, 986, 2601, 4913], (5, 4, 21)
[1, 9, 58, 257, 986, 2601, 4913], (7, 2, 27)
[1, 9, 58, 273, 986, 2601, 4913], (3, 6, 23)
[1, 9, 58, 305, 986, 2601, 4913], (1, 8, 33)
[1, 9, 60, 251, 1020, 2601, 4913], (5, 4, 23)
[1, 9, 60, 271, 1020, 2601, 4913], (7, 2, 29)
[1, 9, 60, 279, 1020, 2601, 4913], (3, 6, 25)
[1, 9, 60, 287, 1020, 2601, 4913], (-1, 10, 53)
[1, 9, 60, 307, 1020, 2601, 4913], (1, 8, 35)
[1, 9, 62, 261, 1054, 2601, 4913], (5, 4, 25)
[1, 9, 62, 309, 1054, 2601, 4913], (1, 8, 37)
[1, 9, 63, 266, 1071, 2601, 4913], (5, 4, 26)
[1, 9, 63, 310, 1071, 2601, 4913], (1, 8, 38)
[1, 9, 64, 271, 1088, 2601, 4913], (5, 4, 27)
[1, 9, 64, 283, 1088, 2601, 4913], (-1, 10, 57)
[1, 9, 64, 291, 1088, 2601, 4913], (3, 6, 29)
[1, 9, 64, 299, 1088, 2601, 4913], (7, 2, 33)
[1, 9, 64, 311, 1088, 2601, 4913], (1, 8, 39)
[1, 9, 66, 297, 1122, 2601, 4913], (3, 6, 31)
[1, 9, 68, 291, 1156, 2601, 4913], (5, 4, 31)
[1, 9, 68, 303, 1156, 2601, 4913], (3, 6, 33)
[1, 9, 68, 315, 1156, 2601, 4913], (1, 8, 43)
[1, 9, 69, 296, 1173, 2601, 4913], (5, 4, 32)
[1, 9, 69, 316, 1173, 2601, 4913], (1, 8, 44)
[1, 9, 70, 301, 1190, 2601, 4913], (5, 4, 33)
[1, 9, 70, 302, 1190, 2601, 4913], (4, 5, 33)
[1, 9, 70, 309, 1190, 2601, 4913], (3, 6, 35)
[1, 9, 70, 317, 1190, 2601, 4913], (1, 8, 45)
[1, 9, 72, 310, 1224, 2601, 4913], (4, 5, 35)
[1, 9, 72, 311, 1224, 2601, 4913], (5, 4, 35)
[1, 9, 72, 315, 1224, 2601, 4913], (3, 6, 37)
[1, 9, 72, 319, 1224, 2601, 4913], (1, 8, 47)
[1, 9, 72, 320, 1224, 2601, 4913], (2, 7, 41)
[1, 9, 73, 314, 1241, 2601, 4913], (4, 5, 36)
[1, 9, 73, 320, 1241, 2601, 4913], (1, 8, 48)
[1, 9, 73, 322, 1241, 2601, 4913], (2, 7, 42)
[1, 9, 75, 324, 1275, 2601, 4913], (3, 6, 40)
[1, 9, 76, 327, 1292, 2601, 4913], (3, 6, 41)
[1, 10, 17, -60, 289, 2890, 4913], (8, 2, -16)
[1, 10, 22, -20, 374, 2890, 4913], (8, 2, -11)
[1, 10, 24, -4, 408, 2890, 4913], (8, 2, -9)
[1, 10, 41, 123, 697, 2890, 4913], (7, 3, 3)
[1, 10, 47, 165, 799, 2890, 4913], (7, 3, 9)
[1, 10, 60, 280, 1020, 2890, 4913], (4, 6, 19)
[1, 10, 71, 351, 1207, 2890, 4913], (1, 9, 45)
[1, 10, 73, 325, 1241, 2890, 4913], (5, 5, 31)
[1, 10, 79, 355, 1343, 2890, 4913], (5, 5, 37)
[1, 10, 79, 359, 1343, 2890, 4913], (1, 9, 53)
[1, 10, 81, 367, 1377, 2890, 4913], (3, 7, 43)
[1, 11, 32, 30, 544, 3179, 4913], (8, 3, -9)
[1, 11, 33, 38, 561, 3179, 4913], (8, 3, -8)
[1, 11, 37, 70, 629, 3179, 4913], (8, 3, -4)
[1, 11, 38, 78, 646, 3179, 4913], (8, 3, -3)
[1, 11, 44, 129, 748, 3179, 4913], (7, 4, -1)
[1, 11, 46, 143, 782, 3179, 4913], (7, 4, 1)
[1, 11, 48, 157, 816, 3179, 4913], (7, 4, 3)
[1, 11, 50, 171, 850, 3179, 4913], (7, 4, 5)
[1, 11, 52, 185, 884, 3179, 4913], (7, 4, 7)
[1, 11, 54, 199, 918, 3179, 4913], (7, 4, 9)
[1, 11, 55, 206, 935, 3179, 4913], (7, 4, 10)
[1, 11, 56, 213, 952, 3179, 4913], (7, 4, 11)
[1, 11, 60, 241, 1020, 3179, 4913], (7, 4, 15)
[1, 11, 61, 248, 1037, 3179, 4913], (7, 4, 16)
[1, 11, 64, 269, 1088, 3179, 4913], (7, 4, 19)
[1, 11, 66, 283, 1122, 3179, 4913], (7, 4, 21)
[1, 11, 66, 299, 1122, 3179, 4913], (5, 6, 19)
[1, 11, 68, 297, 1156, 3179, 4913], (7, 4, 23)
[1, 11, 68, 309, 1156, 3179, 4913], (5, 6, 21)
[1, 11, 70, 311, 1190, 3179, 4913], (7, 4, 25)
[1, 11, 70, 319, 1190, 3179, 4913], (5, 6, 23)
[1, 11, 70, 343, 1190, 3179, 4913], (-1, 12, 65)
[1, 11, 72, 320, 1224, 3179, 4913], (6, 5, 25)
[1, 11, 72, 325, 1224, 3179, 4913], (7, 4, 27)
[1, 11, 72, 329, 1224, 3179, 4913], (5, 6, 25)
[1, 11, 72, 341, 1224, 3179, 4913], (-1, 12, 67)
[1, 11, 73, 326, 1241, 3179, 4913], (6, 5, 26)
[1, 11, 74, 371, 1258, 3179, 4913], (3, 8, 33)
[1, 11, 76, 349, 1292, 3179, 4913], (5, 6, 29)
[1, 11, 76, 353, 1292, 3179, 4913], (7, 4, 31)
[1, 11, 76, 377, 1292, 3179, 4913], (3, 8, 35)
[1, 11, 76, 389, 1292, 3179, 4913], (1, 10, 49)
[1, 11, 77, 350, 1309, 3179, 4913], (6, 5, 30)
[1, 11, 78, 356, 1326, 3179, 4913], (6, 5, 31)
[1, 11, 78, 359, 1326, 3179, 4913], (5, 6, 31)
[1, 11, 78, 367, 1326, 3179, 4913], (7, 4, 33)
[1, 11, 78, 383, 1326, 3179, 4913], (3, 8, 37)
[1, 11, 79, 364, 1343, 3179, 4913], (5, 6, 32)
[1, 11, 79, 394, 1343, 3179, 4913], (2, 9, 44)
[1, 11, 80, 369, 1360, 3179, 4913], (5, 6, 33)
[1, 11, 80, 381, 1360, 3179, 4913], (7, 4, 35)
[1, 11, 80, 389, 1360, 3179, 4913], (3, 8, 39)
[1, 11, 80, 393, 1360, 3179, 4913], (1, 10, 53)
[1, 11, 80, 396, 1360, 3179, 4913], (2, 9, 45)
[1, 11, 81, 394, 1377, 3179, 4913], (1, 10, 54)
[1, 11, 81, 398, 1377, 3179, 4913], (2, 9, 46)
[1, 11, 82, 379, 1394, 3179, 4913], (5, 6, 35)
[1, 11, 83, 384, 1411, 3179, 4913], (5, 6, 36)
[1, 11, 84, 389, 1428, 3179, 4913], (5, 6, 37)
[1, 11, 84, 397, 1428, 3179, 4913], (1, 10, 57)
[1, 11, 84, 401, 1428, 3179, 4913], (3, 8, 43)
[1, 11, 85, 406, 1445, 3179, 4913], (2, 9, 50)
[1, 11, 86, 407, 1462, 3179, 4913], (3, 8, 45)
[1, 11, 88, 409, 1496, 3179, 4913], (5, 6, 41)
[1, 11, 88, 410, 1496, 3179, 4913], (4, 7, 43)
[1, 11, 88, 413, 1496, 3179, 4913], (3, 8, 47)
[1, 12, 48, 128, 816, 3468, 4913], (8, 4, -1)
[1, 12, 53, 168, 901, 3468, 4913], (8, 4, 4)
[1, 12, 60, 224, 1020, 3468, 4913], (8, 4, 11)
[1, 12, 75, 331, 1275, 3468, 4913], (7, 5, 23)
[1, 12, 82, 404, 1394, 3468, 4913], (4, 8, 33)
[1, 12, 85, 403, 1445, 3468, 4913], (5, 7, 33)
[1, 12, 88, 428, 1496, 3468, 4913], (4, 8, 39)
[1, 12, 89, 441, 1513, 3468, 4913], (3, 9, 45)
[1, 12, 93, 443, 1581, 3468, 4913], (5, 7, 41)
[1, 12, 93, 453, 1581, 3468, 4913], (3, 9, 49)
[1, 12, 96, 460, 1632, 3468, 4913], (4, 8, 47)
[1, 13, 65, 234, 1105, 3757, 4913], (8, 5, 8)
[1, 13, 69, 266, 1173, 3757, 4913], (8, 5, 12)
[1, 13, 70, 274, 1190, 3757, 4913], (8, 5, 13)
[1, 13, 71, 282, 1207, 3757, 4913], (8, 5, 14)
[1, 13, 78, 337, 1326, 3757, 4913], (7, 6, 19)
[1, 13, 80, 351, 1360, 3757, 4913], (7, 6, 21)
[1, 13, 80, 354, 1360, 3757, 4913], (8, 5, 23)
[1, 13, 82, 365, 1394, 3757, 4913], (7, 6, 23)
[1, 13, 83, 372, 1411, 3757, 4913], (7, 6, 24)
[1, 13, 84, 379, 1428, 3757, 4913], (7, 6, 25)
[1, 13, 84, 386, 1428, 3757, 4913], (8, 5, 27)
[1, 13, 88, 407, 1496, 3757, 4913], (7, 6, 29)
[1, 13, 89, 414, 1513, 3757, 4913], (7, 6, 30)
[1, 13, 90, 421, 1530, 3757, 4913], (7, 6, 31)
[1, 13, 90, 434, 1530, 3757, 4913], (8, 5, 33)
[1, 13, 90, 437, 1530, 3757, 4913], (5, 8, 33)
[1, 13, 92, 435, 1564, 3757, 4913], (7, 6, 33)
[1, 13, 92, 447, 1564, 3757, 4913], (5, 8, 35)
[1, 13, 94, 449, 1598, 3757, 4913], (7, 6, 35)
[1, 13, 94, 457, 1598, 3757, 4913], (5, 8, 37)
[1, 13, 94, 473, 1598, 3757, 4913], (1, 12, 65)
[1, 13, 96, 460, 1632, 3757, 4913], (6, 7, 37)
[1, 13, 96, 463, 1632, 3757, 4913], (7, 6, 37)
[1, 13, 96, 467, 1632, 3757, 4913], (5, 8, 39)
[1, 13, 96, 475, 1632, 3757, 4913], (1, 12, 67)
[1, 13, 96, 482, 1632, 3757, 4913], (8, 5, 39)
[1, 13, 96, 487, 1632, 3757, 4913], (3, 10, 49)
[1, 13, 96, 488, 1632, 3757, 4913], (2, 11, 57)
[1, 13, 97, 466, 1649, 3757, 4913], (6, 7, 38)
[1, 13, 98, 492, 1666, 3757, 4913], (2, 11, 59)
[1, 13, 99, 484, 1683, 3757, 4913], (7, 6, 40)
[1, 13, 99, 496, 1683, 3757, 4913], (3, 10, 52)
[1, 13, 100, 487, 1700, 3757, 4913], (5, 8, 43)
[1, 13, 100, 491, 1700, 3757, 4913], (7, 6, 41)
[1, 13, 100, 499, 1700, 3757, 4913], (3, 10, 53)
[1, 13, 101, 490, 1717, 3757, 4913], (6, 7, 42)
[1, 13, 102, 496, 1734, 3757, 4913], (6, 7, 43)
[1, 13, 102, 497, 1734, 3757, 4913], (5, 8, 45)
[1, 13, 104, 507, 1768, 3757, 4913], (5, 8, 47)
[1, 13, 104, 511, 1768, 3757, 4913], (3, 10, 57)
[1, 14, 85, 364, 1445, 4046, 4913], (8, 6, 20)
[1, 14, 86, 372, 1462, 4046, 4913], (8, 6, 21)
[1, 14, 95, 441, 1615, 4046, 4913], (7, 7, 29)
[1, 14, 97, 455, 1649, 4046, 4913], (7, 7, 31)
[1, 14, 98, 468, 1666, 4046, 4913], (8, 6, 33)
[1, 14, 103, 497, 1751, 4046, 4913], (7, 7, 37)
[1, 14, 106, 532, 1802, 4046, 4913], (8, 6, 41)
[1, 14, 106, 536, 1802, 4046, 4913], (4, 10, 49)
[1, 14, 107, 525, 1819, 4046, 4913], (7, 7, 41)
[1, 14, 110, 552, 1870, 4046, 4913], (4, 10, 53)
[1, 14, 111, 553, 1887, 4046, 4913], (7, 7, 45)
[1, 14, 111, 557, 1887, 4046, 4913], (3, 11, 61)
[1, 15, 97, 430, 1649, 4335, 4913], (8, 7, 24)
[1, 15, 101, 462, 1717, 4335, 4913], (8, 7, 28)
[1, 15, 102, 470, 1734, 4335, 4913], (8, 7, 29)
[1, 15, 103, 478, 1751, 4335, 4913], (8, 7, 30)
[1, 15, 104, 486, 1768, 4335, 4913], (8, 7, 31)
[1, 15, 106, 503, 1802, 4335, 4913], (7, 8, 33)
[1, 15, 108, 517, 1836, 4335, 4913], (7, 8, 35)
[1, 15, 109, 524, 1853, 4335, 4913], (7, 8, 36)
[1, 15, 110, 531, 1870, 4335, 4913], (7, 8, 37)
[1, 15, 110, 534, 1870, 4335, 4913], (8, 7, 37)
[1, 15, 111, 538, 1887, 4335, 4913], (7, 8, 38)
[1, 15, 112, 545, 1904, 4335, 4913], (7, 8, 39)
[1, 15, 116, 573, 1972, 4335, 4913], (7, 8, 43)
[1, 15, 116, 576, 1972, 4335, 4913], (6, 9, 45)
[1, 15, 116, 585, 1972, 4335, 4913], (5, 10, 49)
[1, 15, 117, 580, 1989, 4335, 4913], (7, 8, 44)
[1, 15, 117, 582, 1989, 4335, 4913], (6, 9, 46)
[1, 15, 118, 587, 2006, 4335, 4913], (7, 8, 45)
[1, 15, 118, 592, 2006, 4335, 4913], (2, 13, 75)
[1, 15, 118, 598, 2006, 4335, 4913], (8, 7, 45)
[1, 15, 118, 602, 2006, 4335, 4913], (4, 11, 57)
[1, 15, 118, 603, 2006, 4335, 4913], (3, 12, 65)
[1, 15, 120, 600, 2040, 4335, 4913], (6, 9, 49)
[1, 15, 120, 601, 2040, 4335, 4913], (7, 8, 47)
[1, 15, 120, 605, 2040, 4335, 4913], (5, 10, 53)
[1, 15, 120, 609, 2040, 4335, 4913], (3, 12, 67)
[1, 15, 120, 610, 2040, 4335, 4913], (4, 11, 59)
[1, 15, 121, 606, 2057, 4335, 4913], (6, 9, 50)
[1, 15, 121, 614, 2057, 4335, 4913], (4, 11, 60)
[1, 15, 123, 620, 2091, 4335, 4913], (5, 10, 56)
[1, 15, 124, 625, 2108, 4335, 4913], (5, 10, 57)
[1, 16, 119, 576, 2023, 4624, 4913], (8, 8, 38)
[1, 16, 120, 584, 2040, 4624, 4913], (8, 8, 39)
[1, 16, 121, 592, 2057, 4624, 4913], (8, 8, 40)
[1, 16, 124, 616, 2108, 4624, 4913], (8, 8, 43)
[1, 16, 125, 621, 2125, 4624, 4913], (7, 9, 45)
[1, 16, 125, 624, 2125, 4624, 4913], (8, 8, 44)
[1, 16, 128, 648, 2176, 4624, 4913], (8, 8, 47)
[1, 16, 129, 656, 2193, 4624, 4913], (8, 8, 48)
[1, 16, 129, 659, 2193, 4624, 4913], (5, 11, 57)
[1, 16, 130, 656, 2210, 4624, 4913], (7, 9, 50)
[1, 16, 131, 664, 2227, 4624, 4913], (6, 10, 54)
[1, 16, 131, 669, 2227, 4624, 4913], (5, 11, 59)
[1, 16, 132, 674, 2244, 4624, 4913], (5, 11, 60)
[1, 16, 133, 677, 2261, 4624, 4913], (7, 9, 53)
[1, 16, 133, 679, 2261, 4624, 4913], (5, 11, 61)
[1, 17, 133, 658, 2261, 4913, 4913], (8, 9, 44)
[1, 17, 134, 666, 2278, 4913, 4913], (8, 9, 45)
[1, 17, 135, 674, 2295, 4913, 4913], (8, 9, 46)
[1, 17, 136, 682, 2312, 4913, 4913], (8, 9, 47)
[1, 17, 136, 683, 2312, 4913, 4913], (7, 10, 49)
[1, 17, 139, 704, 2363, 4913, 4913], (7, 10, 52)
[1, 17, 139, 706, 2363, 4913, 4913], (8, 9, 50)
[1, 17, 140, 711, 2380, 4913, 4913], (7, 10, 53)
[1, 17, 140, 716, 2380, 4913, 4913], (6, 11, 57)
[1, 17, 142, 728, 2414, 4913, 4913], (6, 11, 59)
[1, 17, 142, 730, 2414, 4913, 4913], (8, 9, 53)
[1, 17, 142, 733, 2414, 4913, 4913], (5, 12, 65)
[1, 17, 143, 734, 2431, 4913, 4913], (6, 11, 60)
[1, 17, 144, 739, 2448, 4913, 4913], (7, 10, 57)
[1, 17, 144, 740, 2448, 4913, 4913], (6, 11, 61)
[1, 17, 144, 742, 2448, 4913, 4913], (4, 13, 75)
[1, 17, 144, 743, 2448, 4913, 4913], (5, 12, 67)
[1, 18, 150, 764, 2550, 5202, 4913], (8, 10, 53)
[1, 18, 151, 772, 2567, 5202, 4913], (8, 10, 54)
[1, 18, 151, 773, 2567, 5202, 4913], (7, 11, 57)
[1, 18, 153, 787, 2601, 5202, 4913], (7, 11, 59)
[1, 18, 153, 788, 2601, 5202, 4913], (8, 10, 56)
[1, 18, 154, 796, 2618, 5202, 4913], (8, 10, 57)
[1, 18, 154, 798, 2618, 5202, 4913], (6, 12, 65)
[1, 18, 156, 810, 2652, 5202, 4913], (6, 12, 67)
[1, 19, 165, 854, 2805, 5491, 4913], (8, 11, 60)
[1, 19, 166, 862, 2822, 5491, 4913], (8, 11, 61)
[1, 19, 166, 863, 2822, 5491, 4913], (7, 12, 65)
[1, 19, 168, 877, 2856, 5491, 4913], (7, 12, 67)
[1, 19, 168, 878, 2856, 5491, 4913], (8, 11, 63)
