(0, -8, 33), [1, -8, 44, -176, 484, -968, 1331], 3.11.ai_bs_agu 
(0, -7, 33), [1, -7, 44, -154, 484, -847, 1331], 3.11.ah_bs_afy 
(-6, 0, 0), [1, -6, 11, 0, 121, -726, 1331], 3.11.ag_l_a 
(-6, 0, 11), [1, -6, 22, -66, 242, -726, 1331], 3.11.ag_w_aco 
(-4, 0, -22), [1, -4, -11, 88, -121, -484, 1331], 3.11.ae_al_dk 
(-4, 0, -11), [1, -4, 0, 44, 0, -484, 1331], 3.11.ae_a_bs 
(-4, 0, 0), [1, -4, 11, 0, 121, -484, 1331], 3.11.ae_l_a 
(0, -4, 11), [1, -4, 22, -88, 242, -484, 1331], 3.11.ae_w_adk 
(-4, 0, 11), [1, -4, 22, -44, 242, -484, 1331], 3.11.ae_w_abs 
(0, -3, 0), [1, -3, 11, -66, 121, -363, 1331], 3.11.ad_l_aco 
(-3, 0, 0), [1, -3, 11, 0, 121, -363, 1331], 3.11.ad_l_a 
(0, -3, 11), [1, -3, 22, -66, 242, -363, 1331], 3.11.ad_w_aco 
(-2, 0, -11), [1, -2, 0, 22, 0, -242, 1331], 3.11.ac_a_w 
(0, -2, 0), [1, -2, 11, -44, 121, -242, 1331], 3.11.ac_l_abs 
(-2, 0, 0), [1, -2, 11, 0, 121, -242, 1331], 3.11.ac_l_a 
(0, -2, 11), [1, -2, 22, -44, 242, -242, 1331], 3.11.ac_w_abs 
(-2, 0, 11), [1, -2, 22, -22, 242, -242, 1331], 3.11.ac_w_aw 
(0, -1, -11), [1, -1, 0, -22, 0, -121, 1331], 3.11.ab_a_aw 
(0, -1, 0), [1, -1, 11, -22, 121, -121, 1331], 3.11.ab_l_aw 
(-1, 0, 0), [1, -1, 11, 0, 121, -121, 1331], 3.11.ab_l_a 
(0, -1, 11), [1, -1, 22, -22, 242, -121, 1331], 3.11.ab_w_aw 
(0, 1, -11), [1, 1, 0, 22, 0, 121, 1331], 3.11.b_a_w 
(1, 0, 0), [1, 1, 11, 0, 121, 121, 1331], 3.11.b_l_a 
(0, 1, 0), [1, 1, 11, 22, 121, 121, 1331], 3.11.b_l_w 
(0, 1, 11), [1, 1, 22, 22, 242, 121, 1331], 3.11.b_w_w 
(2, 0, -11), [1, 2, 0, -22, 0, 242, 1331], 3.11.c_a_aw 
(2, 0, 0), [1, 2, 11, 0, 121, 242, 1331], 3.11.c_l_a 
(0, 2, 0), [1, 2, 11, 44, 121, 242, 1331], 3.11.c_l_bs 
(2, 0, 11), [1, 2, 22, 22, 242, 242, 1331], 3.11.c_w_w 
(0, 2, 11), [1, 2, 22, 44, 242, 242, 1331], 3.11.c_w_bs 
(3, 0, 0), [1, 3, 11, 0, 121, 363, 1331], 3.11.d_l_a 
(0, 3, 0), [1, 3, 11, 66, 121, 363, 1331], 3.11.d_l_co 
(0, 3, 11), [1, 3, 22, 66, 242, 363, 1331], 3.11.d_w_co 
(4, 0, -22), [1, 4, -11, -88, -121, 484, 1331], 3.11.e_al_adk 
(4, 0, -11), [1, 4, 0, -44, 0, 484, 1331], 3.11.e_a_abs 
(4, 0, 0), [1, 4, 11, 0, 121, 484, 1331], 3.11.e_l_a 
(4, 0, 11), [1, 4, 22, 44, 242, 484, 1331], 3.11.e_w_bs 
(0, 4, 11), [1, 4, 22, 88, 242, 484, 1331], 3.11.e_w_dk 
(6, 0, 0), [1, 6, 11, 0, 121, 726, 1331], 3.11.g_l_a 
(6, 0, 11), [1, 6, 22, 66, 242, 726, 1331], 3.11.g_w_co 
(0, 7, 33), [1, 7, 44, 154, 484, 847, 1331], 3.11.h_bs_fy 
(0, 8, 33), [1, 8, 44, 176, 484, 968, 1331], 3.11.i_bs_gu 
