(-10, -13, 85), [1, -23, 240, -1500, 6000, -14375, 15625], 3.25.ax_jg_acfs 
(-10, -11, 65), [1, -21, 200, -1200, 5000, -13125, 15625], 3.25.av_hs_abue 
(-10, -11, 70), [1, -21, 205, -1250, 5125, -13125, 15625], 3.25.av_hx_abwc 
(-10, -9, 45), [1, -19, 160, -900, 4000, -11875, 15625], 3.25.at_ge_abiq 
(-10, -9, 55), [1, -19, 170, -1000, 4250, -11875, 15625], 3.25.at_go_abmm 
(-10, -9, 60), [1, -19, 175, -1050, 4375, -11875, 15625], 3.25.at_gt_abok 
(-10, -8, 35), [1, -18, 140, -750, 3500, -11250, 15625], 3.25.as_fk_abcw 
(-10, -8, 40), [1, -18, 145, -800, 3625, -11250, 15625], 3.25.as_fp_abeu 
(-10, -8, 45), [1, -18, 150, -850, 3750, -11250, 15625], 3.25.as_fu_abgs 
(-10, -8, 60), [1, -18, 165, -1000, 4125, -11250, 15625], 3.25.as_gj_abmm 
(-5, -13, 85), [1, -18, 175, -1075, 4375, -11250, 15625], 3.25.as_gt_abpj 
(-10, -7, 30), [1, -17, 125, -650, 3125, -10625, 15625], 3.25.ar_ev_aza 
(-10, -7, 35), [1, -17, 130, -700, 3250, -10625, 15625], 3.25.ar_fa_abay 
(-10, -7, 40), [1, -17, 135, -750, 3375, -10625, 15625], 3.25.ar_ff_abcw 
(-10, -7, 55), [1, -17, 150, -900, 3750, -10625, 15625], 3.25.ar_fu_abiq 
(-10, -6, 20), [1, -16, 105, -500, 2625, -10000, 15625], 3.25.aq_eb_atg 
(-10, -6, 30), [1, -16, 115, -600, 2875, -10000, 15625], 3.25.aq_el_axc 
(-10, -6, 40), [1, -16, 125, -700, 3125, -10000, 15625], 3.25.aq_ev_abay 
(-10, -6, 45), [1, -16, 130, -750, 3250, -10000, 15625], 3.25.aq_fa_abcw 
(-5, -11, 65), [1, -16, 145, -875, 3625, -10000, 15625], 3.25.aq_fp_abhr 
(-5, -11, 70), [1, -16, 150, -900, 3750, -10000, 15625], 3.25.aq_fu_abiq 
(-10, -4, -5), [1, -14, 60, -150, 1500, -8750, 15625], 3.25.ao_ci_afu 
(-10, -4, 20), [1, -14, 85, -400, 2125, -8750, 15625], 3.25.ao_dh_apk 
(-5, -9, 55), [1, -14, 125, -725, 3125, -8750, 15625], 3.25.ao_ev_abbx 
(-5, -9, 65), [1, -14, 135, -775, 3375, -8750, 15625], 3.25.ao_ff_abdv 
(-10, -3, -15), [1, -13, 40, 0, 1000, -8125, 15625], 3.25.an_bo_a 
(-10, -3, -10), [1, -13, 45, -50, 1125, -8125, 15625], 3.25.an_bt_aby 
(-10, -3, -5), [1, -13, 50, -100, 1250, -8125, 15625], 3.25.an_by_adw 
(-10, -3, 15), [1, -13, 70, -300, 1750, -8125, 15625], 3.25.an_cs_alo 
(-10, -3, 20), [1, -13, 75, -350, 1875, -8125, 15625], 3.25.an_cx_anm 
(-10, -3, 35), [1, -13, 90, -500, 2250, -8125, 15625], 3.25.an_dm_atg 
(-8, -5, 25), [1, -13, 90, -450, 2250, -8125, 15625], 3.25.an_dm_ari 
(-10, -3, 45), [1, -13, 100, -600, 2500, -8125, 15625], 3.25.an_dw_axc 
(-5, -8, 35), [1, -13, 100, -575, 2500, -8125, 15625], 3.25.an_dw_awd 
(-5, -8, 45), [1, -13, 110, -625, 2750, -8125, 15625], 3.25.an_eg_ayb 
(-5, -8, 55), [1, -13, 120, -675, 3000, -8125, 15625], 3.25.an_eq_azz 
(-5, -8, 60), [1, -13, 125, -700, 3125, -8125, 15625], 3.25.an_ev_abay 
(-10, -2, -20), [1, -12, 25, 100, 625, -7500, 15625], 3.25.am_z_dw 
(-10, -2, -15), [1, -12, 30, 50, 750, -7500, 15625], 3.25.am_be_by 
(-10, -2, -10), [1, -12, 35, 0, 875, -7500, 15625], 3.25.am_bj_a 
(-10, -2, 5), [1, -12, 50, -150, 1250, -7500, 15625], 3.25.am_by_afu 
(-10, -2, 30), [1, -12, 75, -400, 1875, -7500, 15625], 3.25.am_cx_apk 
(-10, -2, 40), [1, -12, 85, -500, 2125, -7500, 15625], 3.25.am_dh_atg 
(-5, -7, 45), [1, -12, 105, -575, 2625, -7500, 15625], 3.25.am_eb_awd 
(-5, -7, 55), [1, -12, 115, -625, 2875, -7500, 15625], 3.25.am_el_ayb 
(-10, -1, -35), [1, -11, 0, 300, 0, -6875, 15625], 3.25.al_a_lo 
(-10, -1, -30), [1, -11, 5, 250, 125, -6875, 15625], 3.25.al_f_jq 
(-10, -1, -20), [1, -11, 15, 150, 375, -6875, 15625], 3.25.al_p_fu 
(-10, -1, -10), [1, -11, 25, 50, 625, -6875, 15625], 3.25.al_z_by 
(-10, -1, -5), [1, -11, 30, 0, 750, -6875, 15625], 3.25.al_be_a 
(-10, -1, 5), [1, -11, 40, -100, 1000, -6875, 15625], 3.25.al_bo_adw 
(-10, -1, 15), [1, -11, 50, -200, 1250, -6875, 15625], 3.25.al_by_ahs 
(-10, -1, 40), [1, -11, 75, -450, 1875, -6875, 15625], 3.25.al_cx_ari 
(-10, -1, 45), [1, -11, 80, -500, 2000, -6875, 15625], 3.25.al_dc_atg 
(-5, -6, 35), [1, -11, 90, -475, 2250, -6875, 15625], 3.25.al_dm_ash 
(-5, -6, 40), [1, -11, 95, -500, 2375, -6875, 15625], 3.25.al_dr_atg 
(-5, -6, 45), [1, -11, 100, -525, 2500, -6875, 15625], 3.25.al_dw_auf 
(-10, 1, -30), [1, -9, -15, 350, -375, -5625, 15625], 3.25.aj_ap_nm 
(-10, 1, -20), [1, -9, -5, 250, -125, -5625, 15625], 3.25.aj_af_jq 
(-10, 1, -15), [1, -9, 0, 200, 0, -5625, 15625], 3.25.aj_a_hs 
(-9, 0, -25), [1, -9, 0, 225, 0, -5625, 15625], 3.25.aj_a_ir 
(-10, 1, -5), [1, -9, 10, 100, 250, -5625, 15625], 3.25.aj_k_dw 
(-10, 1, 5), [1, -9, 20, 0, 500, -5625, 15625], 3.25.aj_u_a 
(-10, 1, 10), [1, -9, 25, -50, 625, -5625, 15625], 3.25.aj_z_aby 
(-9, 0, 0), [1, -9, 25, 0, 625, -5625, 15625], 3.25.aj_z_a 
(-5, -4, -5), [1, -9, 40, -175, 1000, -5625, 15625], 3.25.aj_bo_agt 
(-10, 1, 35), [1, -9, 50, -300, 1250, -5625, 15625], 3.25.aj_by_alo 
(-5, -4, 10), [1, -9, 55, -250, 1375, -5625, 15625], 3.25.aj_cd_ajq 
(-10, 1, 45), [1, -9, 60, -400, 1500, -5625, 15625], 3.25.aj_ci_apk 
(-5, -4, 15), [1, -9, 60, -275, 1500, -5625, 15625], 3.25.aj_ci_akp 
(-5, -4, 30), [1, -9, 75, -350, 1875, -5625, 15625], 3.25.aj_cx_anm 
(-5, -4, 40), [1, -9, 85, -400, 2125, -5625, 15625], 3.25.aj_dh_apk 
(-10, 2, -15), [1, -8, -10, 250, -250, -5000, 15625], 3.25.ai_ak_jq 
(-10, 2, -10), [1, -8, -5, 200, -125, -5000, 15625], 3.25.ai_af_hs 
(-10, 2, -5), [1, -8, 0, 150, 0, -5000, 15625], 3.25.ai_a_fu 
(-8, 0, -25), [1, -8, 0, 200, 0, -5000, 15625], 3.25.ai_a_hs 
(-5, -3, -15), [1, -8, 25, -75, 625, -5000, 15625], 3.25.ai_z_acx 
(-5, -3, -5), [1, -8, 35, -125, 875, -5000, 15625], 3.25.ai_bj_aev 
(-10, 2, 40), [1, -8, 45, -300, 1125, -5000, 15625], 3.25.ai_bt_alo 
(-5, -3, 5), [1, -8, 45, -175, 1125, -5000, 15625], 3.25.ai_bt_agt 
(-10, 2, 45), [1, -8, 50, -350, 1250, -5000, 15625], 3.25.ai_by_anm 
(-5, -3, 30), [1, -8, 70, -300, 1750, -5000, 15625], 3.25.ai_cs_alo 
(-5, -3, 35), [1, -8, 75, -325, 1875, -5000, 15625], 3.25.ai_cx_amn 
(-5, -3, 45), [1, -8, 85, -375, 2125, -5000, 15625], 3.25.ai_dh_aol 
(-10, 3, -15), [1, -7, -20, 300, -500, -4375, 15625], 3.25.ah_au_lo 
(-10, 3, -10), [1, -7, -15, 250, -375, -4375, 15625], 3.25.ah_ap_jq 
(-10, 3, 5), [1, -7, 0, 100, 0, -4375, 15625], 3.25.ah_a_dw 
(-7, 0, -25), [1, -7, 0, 175, 0, -4375, 15625], 3.25.ah_a_gt 
(-10, 3, 15), [1, -7, 10, 0, 250, -4375, 15625], 3.25.ah_k_a 
(-5, -2, -15), [1, -7, 20, -25, 500, -4375, 15625], 3.25.ah_u_az 
(-10, 3, 30), [1, -7, 25, -150, 625, -4375, 15625], 3.25.ah_z_afu 
(-7, 0, 0), [1, -7, 25, 0, 625, -4375, 15625], 3.25.ah_z_a 
(-10, 3, 35), [1, -7, 30, -200, 750, -4375, 15625], 3.25.ah_be_ahs 
(-5, -2, -5), [1, -7, 30, -75, 750, -4375, 15625], 3.25.ah_be_acx 
(-5, -2, 5), [1, -7, 40, -125, 1000, -4375, 15625], 3.25.ah_bo_aev 
(-5, -2, 20), [1, -7, 55, -200, 1375, -4375, 15625], 3.25.ah_cd_ahs 
(-5, -2, 30), [1, -7, 65, -250, 1625, -4375, 15625], 3.25.ah_cn_ajq 
(-5, -2, 40), [1, -7, 75, -300, 1875, -4375, 15625], 3.25.ah_cx_alo 
(-5, -2, 45), [1, -7, 80, -325, 2000, -4375, 15625], 3.25.ah_dc_amn 
(-10, 4, -5), [1, -6, -20, 250, -500, -3750, 15625], 3.25.ag_au_jq 
(-5, -1, -35), [1, -6, -5, 125, -125, -3750, 15625], 3.25.ag_af_ev 
(-10, 4, 15), [1, -6, 0, 50, 0, -3750, 15625], 3.25.ag_a_by 
(-10, 4, 20), [1, -6, 5, 0, 125, -3750, 15625], 3.25.ag_f_a 
(-5, -1, -10), [1, -6, 20, 0, 500, -3750, 15625], 3.25.ag_u_a 
(-10, 4, 40), [1, -6, 25, -200, 625, -3750, 15625], 3.25.ag_z_ahs 
(-5, -1, -5), [1, -6, 25, -25, 625, -3750, 15625], 3.25.ag_z_az 
(5, -11, 65), [1, -6, 35, -225, 875, -3750, 15625], 3.25.ag_bj_air 
(-5, -1, 15), [1, -6, 45, -125, 1125, -3750, 15625], 3.25.ag_bt_aev 
(-5, -1, 35), [1, -6, 65, -225, 1625, -3750, 15625], 3.25.ag_cn_air 
(-5, -1, 40), [1, -6, 70, -250, 1750, -3750, 15625], 3.25.ag_cs_ajq 
(-5, -1, 45), [1, -6, 75, -275, 1875, -3750, 15625], 3.25.ag_cx_akp 
(-10, 6, 20), [1, -4, -15, 100, -375, -2500, 15625], 3.25.ae_ap_dw 
(-5, 1, -35), [1, -4, -15, 225, -375, -2500, 15625], 3.25.ae_ap_ir 
(-10, 6, 30), [1, -4, -5, 0, -125, -2500, 15625], 3.25.ae_af_a 
(-10, 6, 35), [1, -4, 0, -50, 0, -2500, 15625], 3.25.ae_a_aby 
(-4, 0, -25), [1, -4, 0, 100, 0, -2500, 15625], 3.25.ae_a_dw 
(-5, 1, -15), [1, -4, 5, 125, 125, -2500, 15625], 3.25.ae_f_ev 
(-10, 6, 45), [1, -4, 10, -150, 250, -2500, 15625], 3.25.ae_k_afu 
(-5, 1, -10), [1, -4, 10, 100, 250, -2500, 15625], 3.25.ae_k_dw 
(-5, 1, 5), [1, -4, 25, 25, 625, -2500, 15625], 3.25.ae_z_z 
(-5, 1, 15), [1, -4, 35, -25, 875, -2500, 15625], 3.25.ae_bj_az 
(5, -9, 65), [1, -4, 45, -125, 1125, -2500, 15625], 3.25.ae_bt_aev 
(-5, 1, 35), [1, -4, 55, -125, 1375, -2500, 15625], 3.25.ae_cd_aev 
(-5, 1, 40), [1, -4, 60, -150, 1500, -2500, 15625], 3.25.ae_ci_afu 
(10, -13, 85), [1, -3, -20, 200, -500, -1875, 15625], 3.25.ad_au_hs 
(-10, 7, 35), [1, -3, -10, 0, -250, -1875, 15625], 3.25.ad_ak_a 
(-5, 2, -20), [1, -3, -5, 200, -125, -1875, 15625], 3.25.ad_af_hs 
(-10, 7, 45), [1, -3, 0, -100, 0, -1875, 15625], 3.25.ad_a_adw 
(-3, 0, -25), [1, -3, 0, 75, 0, -1875, 15625], 3.25.ad_a_cx 
(-5, 2, -15), [1, -3, 0, 175, 0, -1875, 15625], 3.25.ad_a_gt 
(-5, 2, -5), [1, -3, 10, 125, 250, -1875, 15625], 3.25.ad_k_ev 
(5, -8, 35), [1, -3, 20, -225, 500, -1875, 15625], 3.25.ad_u_air 
(-5, 2, 5), [1, -3, 20, 75, 500, -1875, 15625], 3.25.ad_u_cx 
(-5, 2, 10), [1, -3, 25, 50, 625, -1875, 15625], 3.25.ad_z_by 
(5, -8, 45), [1, -3, 30, -175, 750, -1875, 15625], 3.25.ad_be_agt 
(-5, 2, 20), [1, -3, 35, 0, 875, -1875, 15625], 3.25.ad_bj_a 
(5, -8, 55), [1, -3, 40, -125, 1000, -1875, 15625], 3.25.ad_bo_aev 
(-5, 2, 30), [1, -3, 45, -50, 1125, -1875, 15625], 3.25.ad_bt_aby 
(-5, 2, 45), [1, -3, 60, -125, 1500, -1875, 15625], 3.25.ad_ci_aev 
(-3, 0, 50), [1, -3, 75, -150, 1875, -1875, 15625], 3.25.ad_cx_afu 
(-10, 8, 35), [1, -2, -20, 50, -500, -1250, 15625], 3.25.ac_au_by 
(-10, 8, 40), [1, -2, -15, 0, -375, -1250, 15625], 3.25.ac_ap_a 
(-10, 8, 55), [1, -2, 0, -150, 0, -1250, 15625], 3.25.ac_a_afu 
(-2, 0, -25), [1, -2, 0, 50, 0, -1250, 15625], 3.25.ac_a_by 
(-10, 8, 60), [1, -2, 5, -200, 125, -1250, 15625], 3.25.ac_f_ahs 
(-5, 3, -5), [1, -2, 5, 175, 125, -1250, 15625], 3.25.ac_f_gt 
(-5, 3, 5), [1, -2, 15, 125, 375, -1250, 15625], 3.25.ac_p_ev 
(5, -7, 35), [1, -2, 25, -175, 625, -1250, 15625], 3.25.ac_z_agt 
(-5, 3, 15), [1, -2, 25, 75, 625, -1250, 15625], 3.25.ac_z_cx 
(3, -5, 25), [1, -2, 35, -175, 875, -1250, 15625], 3.25.ac_bj_agt 
(5, -7, 45), [1, -2, 35, -125, 875, -1250, 15625], 3.25.ac_bj_aev 
(-5, 3, 30), [1, -2, 40, 0, 1000, -1250, 15625], 3.25.ac_bo_a 
(5, -7, 55), [1, -2, 45, -75, 1125, -1250, 15625], 3.25.ac_bt_acx 
(-5, 3, 45), [1, -2, 55, -75, 1375, -1250, 15625], 3.25.ac_cd_acx 
(-10, 9, 45), [1, -1, -20, 0, -500, -625, 15625], 3.25.ab_au_a 
(10, -11, 70), [1, -1, -15, 150, -375, -625, 15625], 3.25.ab_ap_fu 
(-10, 9, 55), [1, -1, -10, -100, -250, -625, 15625], 3.25.ab_ak_adw 
(-10, 9, 65), [1, -1, 0, -200, 0, -625, 15625], 3.25.ab_a_ahs 
(-1, 0, -25), [1, -1, 0, 25, 0, -625, 15625], 3.25.ab_a_z 
(-5, 4, -5), [1, -1, 0, 225, 0, -625, 15625], 3.25.ab_a_ir 
(-5, 4, 10), [1, -1, 15, 150, 375, -625, 15625], 3.25.ab_p_fu 
(-5, 4, 15), [1, -1, 20, 125, 500, -625, 15625], 3.25.ab_u_ev 
(-5, 4, 20), [1, -1, 25, 100, 625, -625, 15625], 3.25.ab_z_dw 
(5, -6, 35), [1, -1, 30, -125, 750, -625, 15625], 3.25.ab_be_aev 
(5, -6, 45), [1, -1, 40, -75, 1000, -625, 15625], 3.25.ab_bo_acx 
(-1, 0, 50), [1, -1, 75, -50, 1875, -625, 15625], 3.25.ab_cx_aby 
(10, -9, 45), [1, 1, -20, 0, -500, 625, 15625], 3.25.b_au_a 
(-10, 11, 70), [1, 1, -15, -150, -375, 625, 15625], 3.25.b_ap_afu 
(10, -9, 55), [1, 1, -10, 100, -250, 625, 15625], 3.25.b_ak_dw 
(5, -4, -5), [1, 1, 0, -225, 0, 625, 15625], 3.25.b_a_air 
(1, 0, -25), [1, 1, 0, -25, 0, 625, 15625], 3.25.b_a_az 
(10, -9, 65), [1, 1, 0, 200, 0, 625, 15625], 3.25.b_a_hs 
(5, -4, 10), [1, 1, 15, -150, 375, 625, 15625], 3.25.b_p_afu 
(5, -4, 15), [1, 1, 20, -125, 500, 625, 15625], 3.25.b_u_aev 
(5, -4, 20), [1, 1, 25, -100, 625, 625, 15625], 3.25.b_z_adw 
(-5, 6, 35), [1, 1, 30, 125, 750, 625, 15625], 3.25.b_be_ev 
(-5, 6, 45), [1, 1, 40, 75, 1000, 625, 15625], 3.25.b_bo_cx 
(1, 0, 50), [1, 1, 75, 50, 1875, 625, 15625], 3.25.b_cx_by 
(10, -8, 35), [1, 2, -20, -50, -500, 1250, 15625], 3.25.c_au_aby 
(10, -8, 40), [1, 2, -15, 0, -375, 1250, 15625], 3.25.c_ap_a 
(2, 0, -25), [1, 2, 0, -50, 0, 1250, 15625], 3.25.c_a_aby 
(10, -8, 55), [1, 2, 0, 150, 0, 1250, 15625], 3.25.c_a_fu 
(5, -3, -5), [1, 2, 5, -175, 125, 1250, 15625], 3.25.c_f_agt 
(10, -8, 60), [1, 2, 5, 200, 125, 1250, 15625], 3.25.c_f_hs 
(5, -3, 5), [1, 2, 15, -125, 375, 1250, 15625], 3.25.c_p_aev 
(5, -3, 15), [1, 2, 25, -75, 625, 1250, 15625], 3.25.c_z_acx 
(-5, 7, 35), [1, 2, 25, 175, 625, 1250, 15625], 3.25.c_z_gt 
(-5, 7, 45), [1, 2, 35, 125, 875, 1250, 15625], 3.25.c_bj_ev 
(-3, 5, 25), [1, 2, 35, 175, 875, 1250, 15625], 3.25.c_bj_gt 
(5, -3, 30), [1, 2, 40, 0, 1000, 1250, 15625], 3.25.c_bo_a 
(-5, 7, 55), [1, 2, 45, 75, 1125, 1250, 15625], 3.25.c_bt_cx 
(5, -3, 45), [1, 2, 55, 75, 1375, 1250, 15625], 3.25.c_cd_cx 
(-10, 13, 85), [1, 3, -20, -200, -500, 1875, 15625], 3.25.d_au_ahs 
(10, -7, 35), [1, 3, -10, 0, -250, 1875, 15625], 3.25.d_ak_a 
(5, -2, -20), [1, 3, -5, -200, -125, 1875, 15625], 3.25.d_af_ahs 
(5, -2, -15), [1, 3, 0, -175, 0, 1875, 15625], 3.25.d_a_agt 
(3, 0, -25), [1, 3, 0, -75, 0, 1875, 15625], 3.25.d_a_acx 
(10, -7, 45), [1, 3, 0, 100, 0, 1875, 15625], 3.25.d_a_dw 
(5, -2, -5), [1, 3, 10, -125, 250, 1875, 15625], 3.25.d_k_aev 
(5, -2, 5), [1, 3, 20, -75, 500, 1875, 15625], 3.25.d_u_acx 
(-5, 8, 35), [1, 3, 20, 225, 500, 1875, 15625], 3.25.d_u_ir 
(5, -2, 10), [1, 3, 25, -50, 625, 1875, 15625], 3.25.d_z_aby 
(-5, 8, 45), [1, 3, 30, 175, 750, 1875, 15625], 3.25.d_be_gt 
(5, -2, 20), [1, 3, 35, 0, 875, 1875, 15625], 3.25.d_bj_a 
(-5, 8, 55), [1, 3, 40, 125, 1000, 1875, 15625], 3.25.d_bo_ev 
(5, -2, 30), [1, 3, 45, 50, 1125, 1875, 15625], 3.25.d_bt_by 
(5, -2, 45), [1, 3, 60, 125, 1500, 1875, 15625], 3.25.d_ci_ev 
(3, 0, 50), [1, 3, 75, 150, 1875, 1875, 15625], 3.25.d_cx_fu 
(5, -1, -35), [1, 4, -15, -225, -375, 2500, 15625], 3.25.e_ap_air 
(10, -6, 20), [1, 4, -15, -100, -375, 2500, 15625], 3.25.e_ap_adw 
(10, -6, 30), [1, 4, -5, 0, -125, 2500, 15625], 3.25.e_af_a 
(4, 0, -25), [1, 4, 0, -100, 0, 2500, 15625], 3.25.e_a_adw 
(10, -6, 35), [1, 4, 0, 50, 0, 2500, 15625], 3.25.e_a_by 
(5, -1, -15), [1, 4, 5, -125, 125, 2500, 15625], 3.25.e_f_aev 
(5, -1, -10), [1, 4, 10, -100, 250, 2500, 15625], 3.25.e_k_adw 
(10, -6, 45), [1, 4, 10, 150, 250, 2500, 15625], 3.25.e_k_fu 
(5, -1, 5), [1, 4, 25, -25, 625, 2500, 15625], 3.25.e_z_az 
(5, -1, 15), [1, 4, 35, 25, 875, 2500, 15625], 3.25.e_bj_z 
(-5, 9, 65), [1, 4, 45, 125, 1125, 2500, 15625], 3.25.e_bt_ev 
(5, -1, 35), [1, 4, 55, 125, 1375, 2500, 15625], 3.25.e_cd_ev 
(5, -1, 40), [1, 4, 60, 150, 1500, 2500, 15625], 3.25.e_ci_fu 
(10, -4, -5), [1, 6, -20, -250, -500, 3750, 15625], 3.25.g_au_ajq 
(5, 1, -35), [1, 6, -5, -125, -125, 3750, 15625], 3.25.g_af_aev 
(10, -4, 15), [1, 6, 0, -50, 0, 3750, 15625], 3.25.g_a_aby 
(10, -4, 20), [1, 6, 5, 0, 125, 3750, 15625], 3.25.g_f_a 
(5, 1, -10), [1, 6, 20, 0, 500, 3750, 15625], 3.25.g_u_a 
(5, 1, -5), [1, 6, 25, 25, 625, 3750, 15625], 3.25.g_z_z 
(10, -4, 40), [1, 6, 25, 200, 625, 3750, 15625], 3.25.g_z_hs 
(-5, 11, 65), [1, 6, 35, 225, 875, 3750, 15625], 3.25.g_bj_ir 
(5, 1, 15), [1, 6, 45, 125, 1125, 3750, 15625], 3.25.g_bt_ev 
(5, 1, 35), [1, 6, 65, 225, 1625, 3750, 15625], 3.25.g_cn_ir 
(5, 1, 40), [1, 6, 70, 250, 1750, 3750, 15625], 3.25.g_cs_jq 
(5, 1, 45), [1, 6, 75, 275, 1875, 3750, 15625], 3.25.g_cx_kp 
(10, -3, -15), [1, 7, -20, -300, -500, 4375, 15625], 3.25.h_au_alo 
(10, -3, -10), [1, 7, -15, -250, -375, 4375, 15625], 3.25.h_ap_ajq 
(7, 0, -25), [1, 7, 0, -175, 0, 4375, 15625], 3.25.h_a_agt 
(10, -3, 5), [1, 7, 0, -100, 0, 4375, 15625], 3.25.h_a_adw 
(10, -3, 15), [1, 7, 10, 0, 250, 4375, 15625], 3.25.h_k_a 
(5, 2, -15), [1, 7, 20, 25, 500, 4375, 15625], 3.25.h_u_z 
(7, 0, 0), [1, 7, 25, 0, 625, 4375, 15625], 3.25.h_z_a 
(10, -3, 30), [1, 7, 25, 150, 625, 4375, 15625], 3.25.h_z_fu 
(5, 2, -5), [1, 7, 30, 75, 750, 4375, 15625], 3.25.h_be_cx 
(10, -3, 35), [1, 7, 30, 200, 750, 4375, 15625], 3.25.h_be_hs 
(5, 2, 5), [1, 7, 40, 125, 1000, 4375, 15625], 3.25.h_bo_ev 
(5, 2, 20), [1, 7, 55, 200, 1375, 4375, 15625], 3.25.h_cd_hs 
(5, 2, 30), [1, 7, 65, 250, 1625, 4375, 15625], 3.25.h_cn_jq 
(5, 2, 40), [1, 7, 75, 300, 1875, 4375, 15625], 3.25.h_cx_lo 
(5, 2, 45), [1, 7, 80, 325, 2000, 4375, 15625], 3.25.h_dc_mn 
(10, -2, -15), [1, 8, -10, -250, -250, 5000, 15625], 3.25.i_ak_ajq 
(10, -2, -10), [1, 8, -5, -200, -125, 5000, 15625], 3.25.i_af_ahs 
(8, 0, -25), [1, 8, 0, -200, 0, 5000, 15625], 3.25.i_a_ahs 
(10, -2, -5), [1, 8, 0, -150, 0, 5000, 15625], 3.25.i_a_afu 
(5, 3, -15), [1, 8, 25, 75, 625, 5000, 15625], 3.25.i_z_cx 
(5, 3, -5), [1, 8, 35, 125, 875, 5000, 15625], 3.25.i_bj_ev 
(5, 3, 5), [1, 8, 45, 175, 1125, 5000, 15625], 3.25.i_bt_gt 
(10, -2, 40), [1, 8, 45, 300, 1125, 5000, 15625], 3.25.i_bt_lo 
(10, -2, 45), [1, 8, 50, 350, 1250, 5000, 15625], 3.25.i_by_nm 
(5, 3, 30), [1, 8, 70, 300, 1750, 5000, 15625], 3.25.i_cs_lo 
(5, 3, 35), [1, 8, 75, 325, 1875, 5000, 15625], 3.25.i_cx_mn 
(5, 3, 45), [1, 8, 85, 375, 2125, 5000, 15625], 3.25.i_dh_ol 
(10, -1, -30), [1, 9, -15, -350, -375, 5625, 15625], 3.25.j_ap_anm 
(10, -1, -20), [1, 9, -5, -250, -125, 5625, 15625], 3.25.j_af_ajq 
(9, 0, -25), [1, 9, 0, -225, 0, 5625, 15625], 3.25.j_a_air 
(10, -1, -15), [1, 9, 0, -200, 0, 5625, 15625], 3.25.j_a_ahs 
(10, -1, -5), [1, 9, 10, -100, 250, 5625, 15625], 3.25.j_k_adw 
(10, -1, 5), [1, 9, 20, 0, 500, 5625, 15625], 3.25.j_u_a 
(9, 0, 0), [1, 9, 25, 0, 625, 5625, 15625], 3.25.j_z_a 
(10, -1, 10), [1, 9, 25, 50, 625, 5625, 15625], 3.25.j_z_by 
(5, 4, -5), [1, 9, 40, 175, 1000, 5625, 15625], 3.25.j_bo_gt 
(10, -1, 35), [1, 9, 50, 300, 1250, 5625, 15625], 3.25.j_by_lo 
(5, 4, 10), [1, 9, 55, 250, 1375, 5625, 15625], 3.25.j_cd_jq 
(5, 4, 15), [1, 9, 60, 275, 1500, 5625, 15625], 3.25.j_ci_kp 
(10, -1, 45), [1, 9, 60, 400, 1500, 5625, 15625], 3.25.j_ci_pk 
(5, 4, 30), [1, 9, 75, 350, 1875, 5625, 15625], 3.25.j_cx_nm 
(5, 4, 40), [1, 9, 85, 400, 2125, 5625, 15625], 3.25.j_dh_pk 
(10, 1, -35), [1, 11, 0, -300, 0, 6875, 15625], 3.25.l_a_alo 
(10, 1, -30), [1, 11, 5, -250, 125, 6875, 15625], 3.25.l_f_ajq 
(10, 1, -20), [1, 11, 15, -150, 375, 6875, 15625], 3.25.l_p_afu 
(10, 1, -10), [1, 11, 25, -50, 625, 6875, 15625], 3.25.l_z_aby 
(10, 1, -5), [1, 11, 30, 0, 750, 6875, 15625], 3.25.l_be_a 
(10, 1, 5), [1, 11, 40, 100, 1000, 6875, 15625], 3.25.l_bo_dw 
(10, 1, 15), [1, 11, 50, 200, 1250, 6875, 15625], 3.25.l_by_hs 
(10, 1, 40), [1, 11, 75, 450, 1875, 6875, 15625], 3.25.l_cx_ri 
(10, 1, 45), [1, 11, 80, 500, 2000, 6875, 15625], 3.25.l_dc_tg 
(5, 6, 35), [1, 11, 90, 475, 2250, 6875, 15625], 3.25.l_dm_sh 
(5, 6, 40), [1, 11, 95, 500, 2375, 6875, 15625], 3.25.l_dr_tg 
(5, 6, 45), [1, 11, 100, 525, 2500, 6875, 15625], 3.25.l_dw_uf 
(10, 2, -20), [1, 12, 25, -100, 625, 7500, 15625], 3.25.m_z_adw 
(10, 2, -15), [1, 12, 30, -50, 750, 7500, 15625], 3.25.m_be_aby 
(10, 2, -10), [1, 12, 35, 0, 875, 7500, 15625], 3.25.m_bj_a 
(10, 2, 5), [1, 12, 50, 150, 1250, 7500, 15625], 3.25.m_by_fu 
(10, 2, 30), [1, 12, 75, 400, 1875, 7500, 15625], 3.25.m_cx_pk 
(10, 2, 40), [1, 12, 85, 500, 2125, 7500, 15625], 3.25.m_dh_tg 
(5, 7, 45), [1, 12, 105, 575, 2625, 7500, 15625], 3.25.m_eb_wd 
(5, 7, 55), [1, 12, 115, 625, 2875, 7500, 15625], 3.25.m_el_yb 
(10, 3, -15), [1, 13, 40, 0, 1000, 8125, 15625], 3.25.n_bo_a 
(10, 3, -10), [1, 13, 45, 50, 1125, 8125, 15625], 3.25.n_bt_by 
(10, 3, -5), [1, 13, 50, 100, 1250, 8125, 15625], 3.25.n_by_dw 
(10, 3, 15), [1, 13, 70, 300, 1750, 8125, 15625], 3.25.n_cs_lo 
(10, 3, 20), [1, 13, 75, 350, 1875, 8125, 15625], 3.25.n_cx_nm 
(8, 5, 25), [1, 13, 90, 450, 2250, 8125, 15625], 3.25.n_dm_ri 
(10, 3, 35), [1, 13, 90, 500, 2250, 8125, 15625], 3.25.n_dm_tg 
(5, 8, 35), [1, 13, 100, 575, 2500, 8125, 15625], 3.25.n_dw_wd 
(10, 3, 45), [1, 13, 100, 600, 2500, 8125, 15625], 3.25.n_dw_xc 
(5, 8, 45), [1, 13, 110, 625, 2750, 8125, 15625], 3.25.n_eg_yb 
(5, 8, 55), [1, 13, 120, 675, 3000, 8125, 15625], 3.25.n_eq_zz 
(5, 8, 60), [1, 13, 125, 700, 3125, 8125, 15625], 3.25.n_ev_bay 
(10, 4, -5), [1, 14, 60, 150, 1500, 8750, 15625], 3.25.o_ci_fu 
(10, 4, 20), [1, 14, 85, 400, 2125, 8750, 15625], 3.25.o_dh_pk 
(5, 9, 55), [1, 14, 125, 725, 3125, 8750, 15625], 3.25.o_ev_bbx 
(5, 9, 65), [1, 14, 135, 775, 3375, 8750, 15625], 3.25.o_ff_bdv 
(10, 6, 20), [1, 16, 105, 500, 2625, 10000, 15625], 3.25.q_eb_tg 
(10, 6, 30), [1, 16, 115, 600, 2875, 10000, 15625], 3.25.q_el_xc 
(10, 6, 40), [1, 16, 125, 700, 3125, 10000, 15625], 3.25.q_ev_bay 
(10, 6, 45), [1, 16, 130, 750, 3250, 10000, 15625], 3.25.q_fa_bcw 
(5, 11, 65), [1, 16, 145, 875, 3625, 10000, 15625], 3.25.q_fp_bhr 
(5, 11, 70), [1, 16, 150, 900, 3750, 10000, 15625], 3.25.q_fu_biq 
(10, 7, 30), [1, 17, 125, 650, 3125, 10625, 15625], 3.25.r_ev_za 
(10, 7, 35), [1, 17, 130, 700, 3250, 10625, 15625], 3.25.r_fa_bay 
(10, 7, 40), [1, 17, 135, 750, 3375, 10625, 15625], 3.25.r_ff_bcw 
(10, 7, 55), [1, 17, 150, 900, 3750, 10625, 15625], 3.25.r_fu_biq 
(10, 8, 35), [1, 18, 140, 750, 3500, 11250, 15625], 3.25.s_fk_bcw 
(10, 8, 40), [1, 18, 145, 800, 3625, 11250, 15625], 3.25.s_fp_beu 
(10, 8, 45), [1, 18, 150, 850, 3750, 11250, 15625], 3.25.s_fu_bgs 
(10, 8, 60), [1, 18, 165, 1000, 4125, 11250, 15625], 3.25.s_gj_bmm 
(5, 13, 85), [1, 18, 175, 1075, 4375, 11250, 15625], 3.25.s_gt_bpj 
(10, 9, 45), [1, 19, 160, 900, 4000, 11875, 15625], 3.25.t_ge_biq 
(10, 9, 55), [1, 19, 170, 1000, 4250, 11875, 15625], 3.25.t_go_bmm 
(10, 9, 60), [1, 19, 175, 1050, 4375, 11875, 15625], 3.25.t_gt_bok 
(10, 11, 65), [1, 21, 200, 1200, 5000, 13125, 15625], 3.25.v_hs_bue 
(10, 11, 70), [1, 21, 205, 1250, 5125, 13125, 15625], 3.25.v_hx_bwc 
(10, 13, 85), [1, 23, 240, 1500, 6000, 14375, 15625], 3.25.x_jg_cfs 
