(-8, 0, -34), [1, -8, -17, 272, -289, -2312, 4913], 3.17.ai_ar_km 
(-8, 0, -17), [1, -8, 0, 136, 0, -2312, 4913], 3.17.ai_a_fg 
(-6, 0, 0), [1, -6, 17, 0, 289, -1734, 4913], 3.17.ag_r_a 
(-4, 0, -34), [1, -4, -17, 136, -289, -1156, 4913], 3.17.ae_ar_fg 
(-4, 0, 17), [1, -4, 34, -68, 578, -1156, 4913], 3.17.ae_bi_acq 
(4, 0, -34), [1, 4, -17, -136, -289, 1156, 4913], 3.17.e_ar_afg 
(4, 0, 17), [1, 4, 34, 68, 578, 1156, 4913], 3.17.e_bi_cq 
(6, 0, 0), [1, 6, 17, 0, 289, 1734, 4913], 3.17.g_r_a 
(8, 0, -34), [1, 8, -17, -272, -289, 2312, 4913], 3.17.i_ar_akm 
(8, 0, -17), [1, 8, 0, -136, 0, 2312, 4913], 3.17.i_a_afg 
