(-6, -4, 15), [1, -10, 48, -162, 432, -810, 729], 3.9.ak_bw_agg 
(-6, -2, 12), [1, -8, 33, -108, 297, -648, 729], 3.9.ai_bh_aee 
(-4, -3, 9), [1, -7, 30, -90, 270, -567, 729], 3.9.ah_be_adm 
(-6, 1, -6), [1, -5, -3, 54, -27, -405, 729], 3.9.af_ad_cc 
(-5, 0, 0), [1, -5, 9, 0, 81, -405, 729], 3.9.af_j_a 
(-2, -3, 9), [1, -5, 24, -72, 216, -405, 729], 3.9.af_y_acu 
(-4, 0, -9), [1, -4, 0, 36, 0, -324, 729], 3.9.ae_a_bk 
(-6, 2, 6), [1, -4, 3, 0, 27, -324, 729], 3.9.ae_d_a 
(-3, -1, -6), [1, -4, 6, 0, 54, -324, 729], 3.9.ae_g_a 
(0, -4, 9), [1, -4, 18, -72, 162, -324, 729], 3.9.ae_s_acu 
(-1, -3, 9), [1, -4, 21, -63, 189, -324, 729], 3.9.ae_v_acl 
(-2, 0, -9), [1, -2, 0, 18, 0, -162, 729], 3.9.ac_a_s 
(-5, 3, 9), [1, -2, 3, 9, 27, -162, 729], 3.9.ac_d_j 
(0, -2, 0), [1, -2, 9, -36, 81, -162, 729], 3.9.ac_j_abk 
(-2, 0, 0), [1, -2, 9, 0, 81, -162, 729], 3.9.ac_j_a 
(1, -3, 9), [1, -2, 15, -45, 135, -162, 729], 3.9.ac_p_abt 
(3, -5, 21), [1, -2, 15, -27, 135, -162, 729], 3.9.ac_p_abb 
(0, -2, 9), [1, -2, 18, -36, 162, -162, 729], 3.9.ac_s_abk 
(0, -1, -9), [1, -1, 0, -18, 0, -81, 729], 3.9.ab_a_as 
(-4, 3, 9), [1, -1, 6, 18, 54, -81, 729], 3.9.ab_g_s 
(0, -1, 0), [1, -1, 9, -18, 81, -81, 729], 3.9.ab_j_as 
(0, 1, -9), [1, 1, 0, 18, 0, 81, 729], 3.9.b_a_s 
(4, -3, 9), [1, 1, 6, -18, 54, 81, 729], 3.9.b_g_as 
(0, 1, 0), [1, 1, 9, 18, 81, 81, 729], 3.9.b_j_s 
(2, 0, -9), [1, 2, 0, -18, 0, 162, 729], 3.9.c_a_as 
(5, -3, 9), [1, 2, 3, -9, 27, 162, 729], 3.9.c_d_aj 
(2, 0, 0), [1, 2, 9, 0, 81, 162, 729], 3.9.c_j_a 
(0, 2, 0), [1, 2, 9, 36, 81, 162, 729], 3.9.c_j_bk 
(-3, 5, 21), [1, 2, 15, 27, 135, 162, 729], 3.9.c_p_bb 
(-1, 3, 9), [1, 2, 15, 45, 135, 162, 729], 3.9.c_p_bt 
(0, 2, 9), [1, 2, 18, 36, 162, 162, 729], 3.9.c_s_bk 
(4, 0, -9), [1, 4, 0, -36, 0, 324, 729], 3.9.e_a_abk 
(6, -2, 6), [1, 4, 3, 0, 27, 324, 729], 3.9.e_d_a 
(3, 1, -6), [1, 4, 6, 0, 54, 324, 729], 3.9.e_g_a 
(0, 4, 9), [1, 4, 18, 72, 162, 324, 729], 3.9.e_s_cu 
(1, 3, 9), [1, 4, 21, 63, 189, 324, 729], 3.9.e_v_cl 
(6, -1, -6), [1, 5, -3, -54, -27, 405, 729], 3.9.f_ad_acc 
(5, 0, 0), [1, 5, 9, 0, 81, 405, 729], 3.9.f_j_a 
(2, 3, 9), [1, 5, 24, 72, 216, 405, 729], 3.9.f_y_cu 
(4, 3, 9), [1, 7, 30, 90, 270, 567, 729], 3.9.h_be_dm 
(6, 2, 12), [1, 8, 33, 108, 297, 648, 729], 3.9.i_bh_ee 
(6, 4, 15), [1, 10, 48, 162, 432, 810, 729], 3.9.k_bw_gg 
