(-23, 239, -1455), [1, -23, 239, -1455, 5497, -12167, 12167], 3.23.ax_jf_acdz, -58047 
(-23, 240, -1464), [1, -23, 240, -1464, 5520, -12167, 12167], 3.23.ax_jg_acei, -58535 
(-23, 241, -1473), [1, -23, 241, -1473, 5543, -12167, 12167], 3.23.ax_jh_acer, -59025 
(-23, 243, -1491), [1, -23, 243, -1491, 5589, -12167, 12167], 3.23.ax_jj_acfj, -60011 
(-22, 221, -1328), [1, -22, 221, -1328, 5083, -11638, 12167], 3.23.aw_in_abzc, -49685 
(-22, 223, -1347), [1, -22, 223, -1347, 5129, -11638, 12167], 3.23.aw_ip_abzv, -50592 
(-22, 223, -1346), [1, -22, 223, -1346, 5129, -11638, 12167], 3.23.aw_ip_abzu, -50591 
(-22, 225, -1366), [1, -22, 225, -1366, 5175, -11638, 12167], 3.23.aw_ir_acao, -51507 
(-22, 226, -1374), [1, -22, 226, -1374, 5198, -11638, 12167], 3.23.aw_is_acaw, -51966 
(-22, 227, -1382), [1, -22, 227, -1382, 5221, -11638, 12167], 3.23.aw_it_acbe, -52427 
(-21, 202, -1192), [1, -21, 202, -1192, 4646, -11109, 12167], 3.23.av_hu_abtw, -41555 
(-21, 204, -1210), [1, -21, 204, -1210, 4692, -11109, 12167], 3.23.av_hw_abuo, -42385 
(-21, 205, -1220), [1, -21, 205, -1220, 4715, -11109, 12167], 3.23.av_hx_abuy, -42804 
(-21, 206, -1228), [1, -21, 206, -1228, 4738, -11109, 12167], 3.23.av_hy_abvg, -43223 
(-21, 207, -1240), [1, -21, 207, -1240, 4761, -11109, 12167], 3.23.av_hz_abvs, -43648 
(-21, 207, -1237), [1, -21, 207, -1237, 4761, -11109, 12167], 3.23.av_hz_abvp, -43645 
(-21, 208, -1248), [1, -21, 208, -1248, 4784, -11109, 12167], 3.23.av_ia_abwa, -44071 
(-21, 209, -1259), [1, -21, 209, -1259, 4807, -11109, 12167], 3.23.av_ib_abwl, -44499 
(-21, 209, -1257), [1, -21, 209, -1257, 4807, -11109, 12167], 3.23.av_ib_abwj, -44497 
(-21, 209, -1256), [1, -21, 209, -1256, 4807, -11109, 12167], 3.23.av_ib_abwi, -44496 
(-21, 209, -1255), [1, -21, 209, -1255, 4807, -11109, 12167], 3.23.av_ib_abwh, -44495 
(-21, 209, -1253), [1, -21, 209, -1253, 4807, -11109, 12167], 3.23.av_ib_abwf, -44493 
(-21, 210, -1268), [1, -21, 210, -1268, 4830, -11109, 12167], 3.23.av_ic_abwu, -44927 
(-21, 210, -1264), [1, -21, 210, -1264, 4830, -11109, 12167], 3.23.av_ic_abwq, -44923 
(-21, 211, -1277), [1, -21, 211, -1277, 4853, -11109, 12167], 3.23.av_id_abxd, -45357 
(-21, 211, -1273), [1, -21, 211, -1273, 4853, -11109, 12167], 3.23.av_id_abwz, -45353 
(-21, 211, -1271), [1, -21, 211, -1271, 4853, -11109, 12167], 3.23.av_id_abwx, -45351 
(-21, 212, -1282), [1, -21, 212, -1282, 4876, -11109, 12167], 3.23.av_ie_abxi, -45785 
(-21, 213, -1289), [1, -21, 213, -1289, 4899, -11109, 12167], 3.23.av_if_abxp, -46217 
(-20, 185, -1075), [1, -20, 185, -1075, 4255, -10580, 12167], 3.23.au_hd_abpj, -34900 
(-20, 185, -1074), [1, -20, 185, -1074, 4255, -10580, 12167], 3.23.au_hd_abpi, -34899 
(-20, 187, -1093), [1, -20, 187, -1093, 4301, -10580, 12167], 3.23.au_hf_abqb, -35662 
(-20, 188, -1102), [1, -20, 188, -1102, 4324, -10580, 12167], 3.23.au_hg_abqk, -36046 
(-20, 189, -1110), [1, -20, 189, -1110, 4347, -10580, 12167], 3.23.au_hh_abqs, -36431 
(-20, 190, -1122), [1, -20, 190, -1122, 4370, -10580, 12167], 3.23.au_hi_abre, -36822 
(-20, 191, -1132), [1, -20, 191, -1132, 4393, -10580, 12167], 3.23.au_hj_abro, -37213 
(-20, 191, -1131), [1, -20, 191, -1131, 4393, -10580, 12167], 3.23.au_hj_abrn, -37212 
(-20, 191, -1130), [1, -20, 191, -1130, 4393, -10580, 12167], 3.23.au_hj_abrm, -37211 
(-20, 192, -1142), [1, -20, 192, -1142, 4416, -10580, 12167], 3.23.au_hk_abry, -37606 
(-20, 192, -1140), [1, -20, 192, -1140, 4416, -10580, 12167], 3.23.au_hk_abrw, -37604 
(-20, 193, -1149), [1, -20, 193, -1149, 4439, -10580, 12167], 3.23.au_hl_absf, -37998 
(-20, 193, -1148), [1, -20, 193, -1148, 4439, -10580, 12167], 3.23.au_hl_abse, -37997 
(-20, 193, -1147), [1, -20, 193, -1147, 4439, -10580, 12167], 3.23.au_hl_absd, -37996 
(-20, 195, -1170), [1, -20, 195, -1170, 4485, -10580, 12167], 3.23.au_hn_abta, -38795 
(-20, 195, -1169), [1, -20, 195, -1169, 4485, -10580, 12167], 3.23.au_hn_absz, -38794 
(-20, 195, -1167), [1, -20, 195, -1167, 4485, -10580, 12167], 3.23.au_hn_absx, -38792 
(-20, 195, -1161), [1, -20, 195, -1161, 4485, -10580, 12167], 3.23.au_hn_absr, -38786 
(-20, 196, -1174), [1, -20, 196, -1174, 4508, -10580, 12167], 3.23.au_ho_abte, -39190 
(-20, 196, -1170), [1, -20, 196, -1170, 4508, -10580, 12167], 3.23.au_ho_abta, -39186 
(-20, 197, -1182), [1, -20, 197, -1182, 4531, -10580, 12167], 3.23.au_hp_abtm, -39591 
(-20, 197, -1178), [1, -20, 197, -1178, 4531, -10580, 12167], 3.23.au_hp_abti, -39587 
(-20, 198, -1188), [1, -20, 198, -1188, 4554, -10580, 12167], 3.23.au_hq_abts, -39992 
(-19, 162, -900), [1, -19, 162, -900, 3726, -10051, 12167], 3.23.at_gg_abiq, -26783 
(-19, 165, -929), [1, -19, 165, -929, 3795, -10051, 12167], 3.23.at_gj_abjt, -27793 
(-19, 166, -938), [1, -19, 166, -938, 3818, -10051, 12167], 3.23.at_gk_abkc, -28133 
(-19, 167, -948), [1, -19, 167, -948, 3841, -10051, 12167], 3.23.at_gl_abkm, -28476 
(-19, 167, -947), [1, -19, 167, -947, 3841, -10051, 12167], 3.23.at_gl_abkl, -28475 
(-19, 168, -958), [1, -19, 168, -958, 3864, -10051, 12167], 3.23.at_gm_abkw, -28821 
(-19, 168, -956), [1, -19, 168, -956, 3864, -10051, 12167], 3.23.at_gm_abku, -28819 
(-19, 169, -967), [1, -19, 169, -967, 3887, -10051, 12167], 3.23.at_gn_ablf, -29167 
(-19, 169, -965), [1, -19, 169, -965, 3887, -10051, 12167], 3.23.at_gn_abld, -29165 
(-19, 170, -974), [1, -19, 170, -974, 3910, -10051, 12167], 3.23.at_go_ablm, -29513 
(-19, 171, -984), [1, -19, 171, -984, 3933, -10051, 12167], 3.23.at_gp_ablw, -29864 
(-19, 171, -983), [1, -19, 171, -983, 3933, -10051, 12167], 3.23.at_gp_ablv, -29863 
(-19, 172, -996), [1, -19, 172, -996, 3956, -10051, 12167], 3.23.at_gq_abmi, -30219 
(-19, 173, -1004), [1, -19, 173, -1004, 3979, -10051, 12167], 3.23.at_gr_abmq, -30572 
(-19, 174, -1014), [1, -19, 174, -1014, 4002, -10051, 12167], 3.23.at_gs_abna, -30929 
(-19, 175, -1025), [1, -19, 175, -1025, 4025, -10051, 12167], 3.23.at_gt_abnl, -31289 
(-19, 175, -1023), [1, -19, 175, -1023, 4025, -10051, 12167], 3.23.at_gt_abnj, -31287 
(-19, 175, -1022), [1, -19, 175, -1022, 4025, -10051, 12167], 3.23.at_gt_abni, -31286 
(-19, 175, -1021), [1, -19, 175, -1021, 4025, -10051, 12167], 3.23.at_gt_abnh, -31285 
(-19, 176, -1034), [1, -19, 176, -1034, 4048, -10051, 12167], 3.23.at_gu_abnu, -31649 
(-19, 176, -1032), [1, -19, 176, -1032, 4048, -10051, 12167], 3.23.at_gu_abns, -31647 
(-19, 177, -1044), [1, -19, 177, -1044, 4071, -10051, 12167], 3.23.at_gv_aboe, -32012 
(-19, 178, -1052), [1, -19, 178, -1052, 4094, -10051, 12167], 3.23.at_gw_abom, -32375 
(-19, 178, -1046), [1, -19, 178, -1046, 4094, -10051, 12167], 3.23.at_gw_abog, -32369 
(-19, 179, -1062), [1, -19, 179, -1062, 4117, -10051, 12167], 3.23.at_gx_abow, -32742 
(-19, 179, -1059), [1, -19, 179, -1059, 4117, -10051, 12167], 3.23.at_gx_abot, -32739 
(-19, 179, -1057), [1, -19, 179, -1057, 4117, -10051, 12167], 3.23.at_gx_abor, -32737 
(-19, 180, -1068), [1, -19, 180, -1068, 4140, -10051, 12167], 3.23.at_gy_abpc, -33107 
(-19, 180, -1060), [1, -19, 180, -1060, 4140, -10051, 12167], 3.23.at_gy_abou, -33099 
(-19, 181, -1080), [1, -19, 181, -1080, 4163, -10051, 12167], 3.23.at_gz_abpo, -33480 
(-19, 181, -1079), [1, -19, 181, -1079, 4163, -10051, 12167], 3.23.at_gz_abpn, -33479 
(-19, 181, -1076), [1, -19, 181, -1076, 4163, -10051, 12167], 3.23.at_gz_abpk, -33476 
(-19, 181, -1073), [1, -19, 181, -1073, 4163, -10051, 12167], 3.23.at_gz_abph, -33473 
(-19, 182, -1088), [1, -19, 182, -1088, 4186, -10051, 12167], 3.23.at_ha_abpw, -33851 
(-19, 182, -1080), [1, -19, 182, -1080, 4186, -10051, 12167], 3.23.at_ha_abpo, -33843 
(-19, 183, -1092), [1, -19, 183, -1092, 4209, -10051, 12167], 3.23.at_hb_abqa, -34220 
(-19, 183, -1091), [1, -19, 183, -1091, 4209, -10051, 12167], 3.23.at_hb_abpz, -34219 
(-19, 183, -1086), [1, -19, 183, -1086, 4209, -10051, 12167], 3.23.at_hb_abpu, -34214 
(-19, 183, -1083), [1, -19, 183, -1083, 4209, -10051, 12167], 3.23.at_hb_abpr, -34211 
(-19, 184, -1098), [1, -19, 184, -1098, 4232, -10051, 12167], 3.23.at_hc_abqg, -34593 
(-19, 185, -1103), [1, -19, 185, -1103, 4255, -10051, 12167], 3.23.at_hd_abql, -34967 
(-19, 185, -1101), [1, -19, 185, -1101, 4255, -10051, 12167], 3.23.at_hd_abqj, -34965 
(-19, 185, -1100), [1, -19, 185, -1100, 4255, -10051, 12167], 3.23.at_hd_abqi, -34964 
(-19, 187, -1113), [1, -19, 187, -1113, 4301, -10051, 12167], 3.23.at_hf_abqv, -35721 
(-18, 141, -745), [1, -18, 141, -745, 3243, -9522, 12167], 3.23.as_fl_abcr, -20302 
(-18, 148, -812), [1, -18, 148, -812, 3404, -9522, 12167], 3.23.as_fs_abfg, -22392 
(-18, 150, -830), [1, -18, 150, -830, 3450, -9522, 12167], 3.23.as_fu_abfy, -23006 
(-18, 151, -839), [1, -18, 151, -839, 3473, -9522, 12167], 3.23.as_fv_abgh, -23316 
(-18, 151, -838), [1, -18, 151, -838, 3473, -9522, 12167], 3.23.as_fv_abgg, -23315 
(-18, 154, -866), [1, -18, 154, -866, 3542, -9522, 12167], 3.23.as_fy_abhi, -24258 
(-18, 155, -879), [1, -18, 155, -879, 3565, -9522, 12167], 3.23.as_fz_abhv, -24580 
(-18, 158, -908), [1, -18, 158, -908, 3634, -9522, 12167], 3.23.as_gc_abiy, -25548 
(-18, 158, -902), [1, -18, 158, -902, 3634, -9522, 12167], 3.23.as_gc_abis, -25542 
(-18, 159, -917), [1, -18, 159, -917, 3657, -9522, 12167], 3.23.as_gd_abjh, -25874 
(-18, 159, -907), [1, -18, 159, -907, 3657, -9522, 12167], 3.23.as_gd_abix, -25864 
(-18, 161, -929), [1, -18, 161, -929, 3703, -9522, 12167], 3.23.as_gf_abjt, -26526 
(-18, 162, -946), [1, -18, 162, -946, 3726, -9522, 12167], 3.23.as_gg_abkk, -26866 
(-18, 162, -934), [1, -18, 162, -934, 3726, -9522, 12167], 3.23.as_gg_abjy, -26854 
(-18, 163, -941), [1, -18, 163, -941, 3749, -9522, 12167], 3.23.as_gh_abkf, -27186 
(-18, 165, -975), [1, -18, 165, -975, 3795, -9522, 12167], 3.23.as_gj_abln, -27876 
(-18, 165, -973), [1, -18, 165, -973, 3795, -9522, 12167], 3.23.as_gj_abll, -27874 
(-18, 165, -971), [1, -18, 165, -971, 3795, -9522, 12167], 3.23.as_gj_ablj, -27872 
(-18, 166, -974), [1, -18, 166, -974, 3818, -9522, 12167], 3.23.as_gk_ablm, -28206 
(-18, 167, -994), [1, -18, 167, -994, 3841, -9522, 12167], 3.23.as_gl_abmg, -28559 
(-18, 167, -992), [1, -18, 167, -992, 3841, -9522, 12167], 3.23.as_gl_abme, -28557 
(-18, 169, -1001), [1, -18, 169, -1001, 3887, -9522, 12167], 3.23.as_gn_abmn, -29238 
(-18, 170, -1006), [1, -18, 170, -1006, 3910, -9522, 12167], 3.23.as_go_abms, -29582 
(-18, 170, -998), [1, -18, 170, -998, 3910, -9522, 12167], 3.23.as_go_abmk, -29574 
(-18, 171, -1009), [1, -18, 171, -1009, 3933, -9522, 12167], 3.23.as_gp_abmv, -29926 
(-18, 173, -1021), [1, -18, 173, -1021, 3979, -9522, 12167], 3.23.as_gr_abnh, -30626 
(-17, 128, -666), [1, -17, 128, -666, 2944, -8993, 12167], 3.23.ar_ey_azq, -16761 
(-17, 131, -693), [1, -17, 131, -693, 3013, -8993, 12167], 3.23.ar_fb_abar, -17565 
(-17, 133, -712), [1, -17, 133, -712, 3059, -8993, 12167], 3.23.ar_fd_abbk, -18112 
(-17, 134, -722), [1, -17, 134, -722, 3082, -8993, 12167], 3.23.ar_fe_abbu, -18389 
(-17, 135, -733), [1, -17, 135, -733, 3105, -8993, 12167], 3.23.ar_ff_abcf, -18669 
(-17, 137, -752), [1, -17, 137, -752, 3151, -8993, 12167], 3.23.ar_fh_abcy, -19232 
(-17, 140, -780), [1, -17, 140, -780, 3220, -8993, 12167], 3.23.ar_fk_abea, -20091 
(-17, 140, -772), [1, -17, 140, -772, 3220, -8993, 12167], 3.23.ar_fk_abds, -20083 
(-17, 141, -780), [1, -17, 141, -780, 3243, -8993, 12167], 3.23.ar_fl_abea, -20372 
(-17, 143, -797), [1, -17, 143, -797, 3289, -8993, 12167], 3.23.ar_fn_aber, -20957 
(-17, 144, -808), [1, -17, 144, -808, 3312, -8993, 12167], 3.23.ar_fo_abfc, -21255 
(-17, 148, -852), [1, -17, 148, -852, 3404, -8993, 12167], 3.23.ar_fs_abgu, -22467 
(-17, 149, -847), [1, -17, 149, -847, 3427, -8993, 12167], 3.23.ar_ft_abgp, -22759 
(-17, 150, -876), [1, -17, 150, -876, 3450, -8993, 12167], 3.23.ar_fu_abhs, -23087 
(-17, 152, -896), [1, -17, 152, -896, 3496, -8993, 12167], 3.23.ar_fw_abim, -23711 
(-17, 153, -906), [1, -17, 153, -906, 3519, -8993, 12167], 3.23.ar_fx_abiw, -24026 
(-17, 153, -904), [1, -17, 153, -904, 3519, -8993, 12167], 3.23.ar_fx_abiu, -24024 
(-17, 153, -901), [1, -17, 153, -901, 3519, -8993, 12167], 3.23.ar_fx_abir, -24021 
(-17, 153, -898), [1, -17, 153, -898, 3519, -8993, 12167], 3.23.ar_fx_abio, -24018 
(-17, 153, -892), [1, -17, 153, -892, 3519, -8993, 12167], 3.23.ar_fx_abii, -24012 
(-17, 155, -916), [1, -17, 155, -916, 3565, -8993, 12167], 3.23.ar_fz_abjg, -24652 
(-17, 156, -904), [1, -17, 156, -904, 3588, -8993, 12167], 3.23.ar_ga_abiu, -24951 
(-17, 157, -925), [1, -17, 157, -925, 3611, -8993, 12167], 3.23.ar_gb_abjp, -25285 
(-17, 158, -924), [1, -17, 158, -924, 3634, -8993, 12167], 3.23.ar_gc_abjo, -25599 
(-17, 158, -922), [1, -17, 158, -922, 3634, -8993, 12167], 3.23.ar_gc_abjm, -25597 
(-17, 159, -925), [1, -17, 159, -925, 3657, -8993, 12167], 3.23.ar_gd_abjp, -25917 
(-17, 161, -939), [1, -17, 161, -939, 3703, -8993, 12167], 3.23.ar_gf_abkd, -26571 
(-16, 107, -510), [1, -16, 107, -510, 2461, -8464, 12167], 3.23.aq_ed_atq, -11703 
(-16, 111, -549), [1, -16, 111, -549, 2553, -8464, 12167], 3.23.aq_eh_avd, -12614 
(-16, 112, -558), [1, -16, 112, -558, 2576, -8464, 12167], 3.23.aq_ei_avm, -12846 
(-16, 113, -567), [1, -16, 113, -567, 2599, -8464, 12167], 3.23.aq_ej_avv, -13080 
(-16, 116, -594), [1, -16, 116, -594, 2668, -8464, 12167], 3.23.aq_em_aww, -13794 
(-16, 119, -626), [1, -16, 119, -626, 2737, -8464, 12167], 3.23.aq_ep_ayc, -14531 
(-16, 120, -630), [1, -16, 120, -630, 2760, -8464, 12167], 3.23.aq_eq_ayg, -14774 
(-16, 121, -645), [1, -16, 121, -645, 2783, -8464, 12167], 3.23.aq_er_ayv, -15030 
(-16, 125, -675), [1, -16, 125, -675, 2875, -8464, 12167], 3.23.aq_ev_azz, -16044 
(-16, 131, -741), [1, -16, 131, -741, 3013, -8464, 12167], 3.23.aq_fb_abcn, -17646 
(-16, 132, -734), [1, -16, 132, -734, 3036, -8464, 12167], 3.23.aq_fc_abcg, -17902 
(-16, 135, -779), [1, -16, 135, -779, 3105, -8464, 12167], 3.23.aq_ff_abdz, -18748 
(-16, 135, -753), [1, -16, 135, -753, 3105, -8464, 12167], 3.23.aq_ff_abcz, -18722 
(-16, 137, -798), [1, -16, 137, -798, 3151, -8464, 12167], 3.23.aq_fh_abes, -19311 
(-16, 140, -794), [1, -16, 140, -794, 3220, -8464, 12167], 3.23.aq_fk_abeo, -20138 
(-16, 141, -834), [1, -16, 141, -834, 3243, -8464, 12167], 3.23.aq_fl_abgc, -20459 
(-16, 141, -833), [1, -16, 141, -833, 3243, -8464, 12167], 3.23.aq_fl_abgb, -20458 
(-16, 141, -815), [1, -16, 141, -815, 3243, -8464, 12167], 3.23.aq_fl_abfj, -20440 
(-16, 143, -839), [1, -16, 143, -839, 3289, -8464, 12167], 3.23.aq_fn_abgh, -21032 
(-16, 144, -842), [1, -16, 144, -842, 3312, -8464, 12167], 3.23.aq_fo_abgk, -21322 
(-16, 144, -822), [1, -16, 144, -822, 3312, -8464, 12167], 3.23.aq_fo_abfq, -21302 
(-16, 148, -858), [1, -16, 148, -858, 3404, -8464, 12167], 3.23.aq_fs_abha, -22506 
(-16, 149, -858), [1, -16, 149, -858, 3427, -8464, 12167], 3.23.aq_ft_abha, -22803 
(-16, 151, -870), [1, -16, 151, -870, 3473, -8464, 12167], 3.23.aq_fv_abhm, -23415 
(-15, 87, -365), [1, -15, 87, -365, 2001, -7935, 12167], 3.23.ap_dj_aob, -7709 
(-15, 88, -374), [1, -15, 88, -374, 2024, -7935, 12167], 3.23.ap_dk_aok, -7893 
(-15, 92, -412), [1, -15, 92, -412, 2116, -7935, 12167], 3.23.ap_do_apw, -8651 
(-15, 100, -488), [1, -15, 100, -488, 2300, -7935, 12167], 3.23.ap_dw_asu, -10263 
(-15, 104, -518), [1, -15, 104, -518, 2392, -7935, 12167], 3.23.ap_ea_aty, -11109 
(-15, 111, -595), [1, -15, 111, -595, 2553, -7935, 12167], 3.23.ap_eh_awx, -12691 
(-15, 114, -622), [1, -15, 114, -622, 2622, -7935, 12167], 3.23.ap_ek_axy, -13393 
(-15, 115, -611), [1, -15, 115, -611, 2645, -7935, 12167], 3.23.ap_el_axn, -13611 
(-15, 116, -620), [1, -15, 116, -620, 2668, -7935, 12167], 3.23.ap_em_axw, -13851 
(-15, 118, -662), [1, -15, 118, -662, 2714, -7935, 12167], 3.23.ap_eo_azm, -14361 
(-15, 119, -672), [1, -15, 119, -672, 2737, -7935, 12167], 3.23.ap_ep_azw, -14608 
(-15, 121, -691), [1, -15, 121, -691, 2783, -7935, 12167], 3.23.ap_er_abap, -15107 
(-15, 122, -696), [1, -15, 122, -696, 2806, -7935, 12167], 3.23.ap_es_abau, -15355 
(-15, 124, -718), [1, -15, 124, -718, 2852, -7935, 12167], 3.23.ap_eu_abbq, -15869 
(-15, 128, -758), [1, -15, 128, -758, 2944, -7935, 12167], 3.23.ap_ey_abde, -16917 
(-15, 129, -720), [1, -15, 129, -720, 2967, -7935, 12167], 3.23.ap_ez_abbs, -17136 
(-15, 135, -763), [1, -15, 135, -763, 3105, -7935, 12167], 3.23.ap_ff_abdj, -18763 
(-15, 136, -770), [1, -15, 136, -770, 3128, -7935, 12167], 3.23.ap_fg_abdq, -19041 
(-15, 137, -787), [1, -15, 137, -787, 3151, -7935, 12167], 3.23.ap_fh_abeh, -19331 
(-15, 137, -781), [1, -15, 137, -781, 3151, -7935, 12167], 3.23.ap_fh_abeb, -19325 
(-14, 67, -219), [1, -14, 67, -219, 1541, -7406, 12167], 3.23.ao_cp_ail, -4512 
(-14, 69, -238), [1, -14, 69, -238, 1587, -7406, 12167], 3.23.ao_cr_aje, -4803 
(-14, 75, -295), [1, -14, 75, -295, 1725, -7406, 12167], 3.23.ao_cx_alj, -5724 
(-14, 77, -315), [1, -14, 77, -315, 1771, -7406, 12167], 3.23.ao_cz_amd, -6048 
(-14, 79, -333), [1, -14, 79, -333, 1817, -7406, 12167], 3.23.ao_db_amv, -6378 
(-14, 79, -331), [1, -14, 79, -331, 1817, -7406, 12167], 3.23.ao_db_amt, -6376 
(-14, 82, -362), [1, -14, 82, -362, 1886, -7406, 12167], 3.23.ao_de_any, -6890 
(-14, 83, -369), [1, -14, 83, -369, 1909, -7406, 12167], 3.23.ao_df_aof, -7062 
(-14, 87, -411), [1, -14, 87, -411, 2001, -7406, 12167], 3.23.ao_dj_apv, -7784 
(-14, 93, -451), [1, -14, 93, -451, 2139, -7406, 12167], 3.23.ao_dp_arj, -8904 
(-14, 96, -496), [1, -14, 96, -496, 2208, -7406, 12167], 3.23.ao_ds_atc, -9516 
(-14, 99, -526), [1, -14, 99, -526, 2277, -7406, 12167], 3.23.ao_dv_aug, -10131 
(-14, 107, -602), [1, -14, 107, -602, 2461, -7406, 12167], 3.23.ao_ed_axe, -11855 
(-14, 110, -586), [1, -14, 110, -586, 2530, -7406, 12167], 3.23.ao_eg_awo, -12490 
(-14, 114, -670), [1, -14, 114, -670, 2622, -7406, 12167], 3.23.ao_ek_azu, -13470 
(-14, 115, -679), [1, -14, 115, -679, 2645, -7406, 12167], 3.23.ao_el_abad, -13708 
(-14, 117, -691), [1, -14, 117, -691, 2691, -7406, 12167], 3.23.ao_en_abap, -14184 
(-14, 121, -699), [1, -14, 121, -699, 2783, -7406, 12167], 3.23.ao_er_abax, -15144 
(-14, 125, -711), [1, -14, 125, -711, 2875, -7406, 12167], 3.23.ao_ev_abbj, -16140 
(-14, 126, -706), [1, -14, 126, -706, 2898, -7406, 12167], 3.23.ao_ew_abbe, -16386 
(-14, 129, -717), [1, -14, 129, -717, 2967, -7406, 12167], 3.23.ao_ez_abbp, -17162 
(-14, 130, -726), [1, -14, 130, -726, 2990, -7406, 12167], 3.23.ao_fa_abby, -17430 
(-13, 51, -111), [1, -13, 51, -111, 1173, -6877, 12167], 3.23.an_bz_aeh, -2543 
(-13, 52, -120), [1, -13, 52, -120, 1196, -6877, 12167], 3.23.an_ca_aeq, -2655 
(-13, 54, -140), [1, -13, 54, -140, 1242, -6877, 12167], 3.23.an_cc_afk, -2887 
(-13, 58, -176), [1, -13, 58, -176, 1334, -6877, 12167], 3.23.an_cg_agu, -3371 
(-13, 66, -248), [1, -13, 66, -248, 1518, -6877, 12167], 3.23.an_co_ajo, -4435 
(-13, 67, -265), [1, -13, 67, -265, 1541, -6877, 12167], 3.23.an_cp_akf, -4585 
(-13, 74, -332), [1, -13, 74, -332, 1702, -6877, 12167], 3.23.an_cw_amu, -5639 
(-13, 75, -341), [1, -13, 75, -341, 1725, -6877, 12167], 3.23.an_cx_and, -5797 
(-13, 79, -380), [1, -13, 79, -380, 1817, -6877, 12167], 3.23.an_db_aoq, -6452 
(-13, 84, -428), [1, -13, 84, -428, 1932, -6877, 12167], 3.23.an_dg_aqm, -7315 
(-13, 99, -572), [1, -13, 99, -572, 2277, -6877, 12167], 3.23.an_dv_awa, -10204 
(-13, 101, -588), [1, -13, 101, -588, 2323, -6877, 12167], 3.23.an_dx_awq, -10620 
(-13, 104, -620), [1, -13, 104, -620, 2392, -6877, 12167], 3.23.an_ea_axw, -11267 
(-13, 104, -618), [1, -13, 104, -618, 2392, -6877, 12167], 3.23.an_ea_axu, -11265 
(-13, 113, -636), [1, -13, 113, -636, 2599, -6877, 12167], 3.23.an_ej_aym, -13236 
(-13, 119, -647), [1, -13, 119, -647, 2737, -6877, 12167], 3.23.an_ep_ayx, -14639 
(-12, 30, 44), [1, -12, 30, 44, 690, -6348, 12167], 3.23.am_be_bs, -712 
(-12, 39, -41), [1, -12, 39, -41, 897, -6348, 12167], 3.23.am_bn_abp, -1418 
(-12, 59, -233), [1, -12, 59, -233, 1357, -6348, 12167], 3.23.am_ch_aiz, -3570 
(-12, 59, -215), [1, -12, 59, -215, 1357, -6348, 12167], 3.23.am_ch_aih, -3552 
(-12, 61, -233), [1, -12, 61, -233, 1403, -6348, 12167], 3.23.am_cj_aiz, -3810 
(-12, 71, -317), [1, -12, 71, -317, 1633, -6348, 12167], 3.23.am_ct_amf, -5214 
(-12, 73, -331), [1, -12, 73, -331, 1679, -6348, 12167], 3.23.am_cv_amt, -5516 
(-12, 77, -407), [1, -12, 77, -407, 1771, -6348, 12167], 3.23.am_cz_apr, -6192 
(-12, 81, -389), [1, -12, 81, -389, 1863, -6348, 12167], 3.23.am_dd_aoz, -6806 
(-12, 87, -503), [1, -12, 87, -503, 2001, -6348, 12167], 3.23.am_dj_atj, -7928 
(-12, 91, -541), [1, -12, 91, -541, 2093, -6348, 12167], 3.23.am_dn_auv, -8678 
(-12, 93, -559), [1, -12, 93, -559, 2139, -6348, 12167], 3.23.am_dp_avn, -9064 
(-12, 113, -599), [1, -12, 113, -599, 2599, -6348, 12167], 3.23.am_ej_axb, -13224 
(-11, 11, 180), [1, -11, 11, 180, 253, -5819, 12167], 3.23.al_l_gy, 180 
(-11, 15, 143), [1, -11, 15, 143, 345, -5819, 12167], 3.23.al_p_fn, 39 
(-11, 20, 94), [1, -11, 20, 94, 460, -5819, 12167], 3.23.al_u_dq, -185 
(-11, 25, 47), [1, -11, 25, 47, 575, -5819, 12167], 3.23.al_z_bv, -457 
(-11, 43, -127), [1, -11, 43, -127, 989, -5819, 12167], 3.23.al_br_aex, -1855 
(-11, 83, -508), [1, -11, 83, -508, 1909, -5819, 12167], 3.23.al_df_ato, -7276 
(-10, -9, 326), [1, -10, -9, 326, -207, -5290, 12167], 3.23.ak_aj_mo, 345 
(-10, -1, 249), [1, -10, -1, 249, -23, -5290, 12167], 3.23.ak_ab_jp, 348 
(-10, 5, 195), [1, -10, 5, 195, 115, -5290, 12167], 3.23.ak_f_hn, 270 
(-10, 7, 175), [1, -10, 7, 175, 161, -5290, 12167], 3.23.ak_h_gt, 226 
(-10, 7, 177), [1, -10, 7, 177, 161, -5290, 12167], 3.23.ak_h_gv, 228 
(-10, 7, 178), [1, -10, 7, 178, 161, -5290, 12167], 3.23.ak_h_gw, 229 
(-10, 8, 166), [1, -10, 8, 166, 184, -5290, 12167], 3.23.ak_i_gk, 202 
(-10, 9, 154), [1, -10, 9, 154, 207, -5290, 12167], 3.23.ak_j_fy, 173 
(-10, 11, 135), [1, -10, 11, 135, 253, -5290, 12167], 3.23.ak_l_ff, 114 
(-10, 13, 121), [1, -10, 13, 121, 299, -5290, 12167], 3.23.ak_n_er, 52 
(-10, 17, 77), [1, -10, 17, 77, 391, -5290, 12167], 3.23.ak_r_cz, -112 
(-10, 17, 85), [1, -10, 17, 85, 391, -5290, 12167], 3.23.ak_r_dh, -104 
(-10, 17, 87), [1, -10, 17, 87, 391, -5290, 12167], 3.23.ak_r_dj, -102 
(-10, 18, 82), [1, -10, 18, 82, 414, -5290, 12167], 3.23.ak_s_de, -142 
(-10, 19, 73), [1, -10, 19, 73, 437, -5290, 12167], 3.23.ak_t_cv, -188 
(-10, 21, 38), [1, -10, 21, 38, 483, -5290, 12167], 3.23.ak_v_bm, -303 
(-10, 33, -77), [1, -10, 33, -77, 759, -5290, 12167], 3.23.ak_bh_acz, -1066 
(-10, 71, -441), [1, -10, 71, -441, 1633, -5290, 12167], 3.23.ak_ct_aqz, -5382 
(-10, 75, -351), [1, -10, 75, -351, 1725, -5290, 12167], 3.23.ak_cx_ann, -5876 
(-10, 81, -389), [1, -10, 81, -389, 1863, -5290, 12167], 3.23.ak_dd_aoz, -6850 
(-9, -22, 406), [1, -9, -22, 406, -506, -4761, 12167], 3.23.aj_aw_pq, 3 
(-9, -21, 397), [1, -9, -21, 397, -483, -4761, 12167], 3.23.aj_av_ph, 37 
(-9, -20, 386), [1, -9, -20, 386, -460, -4761, 12167], 3.23.aj_au_ow, 67 
(-9, -19, 376), [1, -9, -19, 376, -437, -4761, 12167], 3.23.aj_at_om, 96 
(-9, -17, 358), [1, -9, -17, 358, -391, -4761, 12167], 3.23.aj_ar_nu, 150 
(-9, -16, 348), [1, -9, -16, 348, -368, -4761, 12167], 3.23.aj_aq_nk, 173 
(-9, -16, 350), [1, -9, -16, 350, -368, -4761, 12167], 3.23.aj_aq_nm, 175 
(-9, -15, 341), [1, -9, -15, 341, -345, -4761, 12167], 3.23.aj_ap_nd, 197 
(-9, -14, 328), [1, -9, -14, 328, -322, -4761, 12167], 3.23.aj_ao_mq, 213 
(-9, -13, 319), [1, -9, -13, 319, -299, -4761, 12167], 3.23.aj_an_mh, 231 
(-9, -11, 304), [1, -9, -11, 304, -253, -4761, 12167], 3.23.aj_al_ls, 264 
(-9, -9, 280), [1, -9, -9, 280, -207, -4761, 12167], 3.23.aj_aj_ku, 280 
(-9, -8, 272), [1, -9, -8, 272, -184, -4761, 12167], 3.23.aj_ai_km, 289 
(-9, -8, 278), [1, -9, -8, 278, -184, -4761, 12167], 3.23.aj_ai_ks, 295 
(-9, -5, 248), [1, -9, -5, 248, -115, -4761, 12167], 3.23.aj_af_jo, 304 
(-9, -3, 235), [1, -9, -3, 235, -69, -4761, 12167], 3.23.aj_ad_jb, 307 
(-9, -2, 214), [1, -9, -2, 214, -46, -4761, 12167], 3.23.aj_ac_ig, 291 
(-9, -2, 226), [1, -9, -2, 226, -46, -4761, 12167], 3.23.aj_ac_is, 303 
(-9, -1, 203), [1, -9, -1, 203, -23, -4761, 12167], 3.23.aj_ab_hv, 283 
(-9, 0, 196), [1, -9, 0, 196, 0, -4761, 12167], 3.23.aj_a_ho, 277 
(-9, 1, 200), [1, -9, 1, 200, 23, -4761, 12167], 3.23.aj_b_hs, 280 
(-9, 2, 182), [1, -9, 2, 182, 46, -4761, 12167], 3.23.aj_c_ha, 259 
(-9, 11, 88), [1, -9, 11, 88, 253, -4761, 12167], 3.23.aj_l_dk, 48 
(-9, 21, -8), [1, -9, 21, -8, 483, -4761, 12167], 3.23.aj_v_ai, -368 
(-9, 29, -29), [1, -9, 29, -29, 667, -4761, 12167], 3.23.aj_bd_abd, -789 
(-9, 75, -415), [1, -9, 75, -415, 1725, -4761, 12167], 3.23.aj_cx_apz, -5959 
(-9, 92, -428), [1, -9, 92, -428, 2116, -4761, 12167], 3.23.aj_do_aqm, -8811 
(-9, 93, -431), [1, -9, 93, -431, 2139, -4761, 12167], 3.23.aj_dp_aqp, -8999 
(-8, -22, 362), [1, -8, -22, 362, -506, -4232, 12167], 3.23.ai_aw_ny, -58 
(-8, -21, 349), [1, -8, -21, 349, -483, -4232, 12167], 3.23.ai_av_nl, -28 
(-8, -21, 355), [1, -8, -21, 355, -483, -4232, 12167], 3.23.ai_av_nr, -22 
(-8, -21, 359), [1, -8, -21, 359, -483, -4232, 12167], 3.23.ai_av_nv, -18 
(-8, -21, 362), [1, -8, -21, 362, -483, -4232, 12167], 3.23.ai_av_ny, -15 
(-8, -20, 342), [1, -8, -20, 342, -460, -4232, 12167], 3.23.ai_au_ne, 6 
(-8, -20, 350), [1, -8, -20, 350, -460, -4232, 12167], 3.23.ai_au_nm, 14 
(-8, -19, 330), [1, -8, -19, 330, -437, -4232, 12167], 3.23.ai_at_ms, 33 
(-8, -19, 333), [1, -8, -19, 333, -437, -4232, 12167], 3.23.ai_at_mv, 36 
(-8, -19, 335), [1, -8, -19, 335, -437, -4232, 12167], 3.23.ai_at_mx, 38 
(-8, -19, 339), [1, -8, -19, 339, -437, -4232, 12167], 3.23.ai_at_nb, 42 
(-8, -19, 341), [1, -8, -19, 341, -437, -4232, 12167], 3.23.ai_at_nd, 44 
(-8, -19, 342), [1, -8, -19, 342, -437, -4232, 12167], 3.23.ai_at_ne, 45 
(-8, -17, 311), [1, -8, -17, 311, -391, -4232, 12167], 3.23.ai_ar_lz, 86 
(-8, -17, 323), [1, -8, -17, 323, -391, -4232, 12167], 3.23.ai_ar_ml, 98 
(-8, -17, 326), [1, -8, -17, 326, -391, -4232, 12167], 3.23.ai_ar_mo, 101 
(-8, -15, 294), [1, -8, -15, 294, -345, -4232, 12167], 3.23.ai_ap_li, 133 
(-8, -15, 310), [1, -8, -15, 310, -345, -4232, 12167], 3.23.ai_ap_ly, 149 
(-8, -13, 275), [1, -8, -13, 275, -299, -4232, 12167], 3.23.ai_an_kp, 170 
(-8, -13, 290), [1, -8, -13, 290, -299, -4232, 12167], 3.23.ai_an_le, 185 
(-8, -11, 255), [1, -8, -11, 255, -253, -4232, 12167], 3.23.ai_al_jv, 198 
(-8, -11, 273), [1, -8, -11, 273, -253, -4232, 12167], 3.23.ai_al_kn, 216 
(-8, -9, 245), [1, -8, -9, 245, -207, -4232, 12167], 3.23.ai_aj_jl, 228 
(-8, -7, 219), [1, -8, -7, 219, -161, -4232, 12167], 3.23.ai_ah_il, 234 
(-8, -3, 205), [1, -8, -3, 205, -69, -4232, 12167], 3.23.ai_ad_hx, 260 
(-8, 3, 119), [1, -8, 3, 119, 69, -4232, 12167], 3.23.ai_d_ep, 174 
(-8, 13, 81), [1, -8, 13, 81, 299, -4232, 12167], 3.23.ai_n_dd, -24 
(-8, 16, -6), [1, -8, 16, -6, 368, -4232, 12167], 3.23.ai_q_ag, -198 
(-8, 33, -169), [1, -8, 33, -169, 759, -4232, 12167], 3.23.ai_bh_agn, -1194 
(-8, 43, -265), [1, -8, 43, -265, 989, -4232, 12167], 3.23.ai_br_akf, -2050 
(-8, 54, -370), [1, -8, 54, -370, 1242, -4232, 12167], 3.23.ai_cc_aog, -3222 
(-8, 77, -370), [1, -8, 77, -370, 1771, -4232, 12167], 3.23.ai_cz_aog, -6235 
(-8, 85, -375), [1, -8, 85, -375, 1955, -4232, 12167], 3.23.ai_dh_aol, -7536 
(-7, -22, 314), [1, -7, -22, 314, -506, -3703, 12167], 3.23.ah_aw_mc, -121 
(-7, -22, 324), [1, -7, -22, 324, -506, -3703, 12167], 3.23.ah_aw_mm, -111 
(-7, -22, 330), [1, -7, -22, 330, -506, -3703, 12167], 3.23.ah_aw_ms, -105 
(-7, -21, 303), [1, -7, -21, 303, -483, -3703, 12167], 3.23.ah_av_lr, -89 
(-7, -21, 328), [1, -7, -21, 328, -483, -3703, 12167], 3.23.ah_av_mq, -64 
(-7, -21, 335), [1, -7, -21, 335, -483, -3703, 12167], 3.23.ah_av_mx, -57 
(-7, -20, 294), [1, -7, -20, 294, -460, -3703, 12167], 3.23.ah_au_li, -57 
(-7, -17, 292), [1, -7, -17, 292, -391, -3703, 12167], 3.23.ah_ar_lg, 52 
(-7, -17, 301), [1, -7, -17, 301, -391, -3703, 12167], 3.23.ah_ar_lp, 61 
(-7, -16, 292), [1, -7, -16, 292, -368, -3703, 12167], 3.23.ah_aq_lg, 85 
(-7, -13, 228), [1, -7, -13, 228, -299, -3703, 12167], 3.23.ah_an_iu, 108 
(-7, -9, 188), [1, -7, -9, 188, -207, -3703, 12167], 3.23.ah_aj_hg, 156 
(-7, -1, 111), [1, -7, -1, 111, -23, -3703, 12167], 3.23.ah_ab_eh, 159 
(-7, 21, -100), [1, -7, 21, -100, 483, -3703, 12167], 3.23.ah_v_adw, -492 
(-6, -22, 282), [1, -6, -22, 282, -506, -3174, 12167], 3.23.ag_aw_kw, -166 
(-6, -21, 257), [1, -6, -21, 257, -483, -3174, 12167], 3.23.ag_av_jx, -148 
(-6, -21, 269), [1, -6, -21, 269, -483, -3174, 12167], 3.23.ag_av_kj, -136 
(-6, -21, 295), [1, -6, -21, 295, -483, -3174, 12167], 3.23.ag_av_lj, -110 
(-6, -20, 302), [1, -6, -20, 302, -460, -3174, 12167], 3.23.ag_au_lq, -62 
(-6, -19, 261), [1, -6, -19, 261, -437, -3174, 12167], 3.23.ag_at_kb, -64 
(-6, -17, 219), [1, -6, -17, 219, -391, -3174, 12167], 3.23.ag_ar_il, -34 
(-6, -17, 223), [1, -6, -17, 223, -391, -3174, 12167], 3.23.ag_ar_ip, -30 
(-6, -17, 227), [1, -6, -17, 227, -391, -3174, 12167], 3.23.ag_ar_it, -26 
(-6, -17, 278), [1, -6, -17, 278, -391, -3174, 12167], 3.23.ag_ar_ks, 25 
(-6, -17, 281), [1, -6, -17, 281, -391, -3174, 12167], 3.23.ag_ar_kv, 28 
(-6, -15, 265), [1, -6, -15, 265, -345, -3174, 12167], 3.23.ag_ap_kf, 76 
(-6, -6, 202), [1, -6, -6, 202, -138, -3174, 12167], 3.23.ag_ag_hu, 202 
(-6, 7, -11), [1, -6, 7, -11, 161, -3174, 12167], 3.23.ag_h_al, -24 
(-6, 45, -295), [1, -6, 45, -295, 1035, -3174, 12167], 3.23.ag_bt_alj, -2284 
(-5, -21, 248), [1, -5, -21, 248, -483, -2645, 12167], 3.23.af_av_jo, -168 
(-5, -21, 249), [1, -5, -21, 249, -483, -2645, 12167], 3.23.af_av_jp, -167 
(-5, -19, 267), [1, -5, -19, 267, -437, -2645, 12167], 3.23.af_at_kh, -69 
(-5, -19, 268), [1, -5, -19, 268, -437, -2645, 12167], 3.23.af_at_ki, -68 
(-5, -17, 272), [1, -5, -17, 272, -391, -2645, 12167], 3.23.af_ar_km, 8 
(-5, 29, -268), [1, -5, 29, -268, 667, -2645, 12167], 3.23.af_bd_aki, -1084 
(-5, 50, -244), [1, -5, 50, -244, 1150, -2645, 12167], 3.23.af_by_ajk, -2719 
(-5, 69, -213), [1, -5, 69, -213, 1587, -2645, 12167], 3.23.af_cr_aif, -4949 
(-4, -19, 222), [1, -4, -19, 222, -437, -2116, 12167], 3.23.ae_at_io, -123 
(-4, -17, 211), [1, -4, -17, 211, -391, -2116, 12167], 3.23.ae_ar_id, -62 
(-4, -17, 241), [1, -4, -17, 241, -391, -2116, 12167], 3.23.ae_ar_jh, -32 
(-4, -16, 118), [1, -4, -16, 118, -368, -2116, 12167], 3.23.ae_aq_eo, -122 
(-4, -15, 255), [1, -4, -15, 255, -345, -2116, 12167], 3.23.ae_ap_jv, 46 
(-4, -13, 123), [1, -4, -13, 123, -299, -2116, 12167], 3.23.ae_an_et, -30 
(-4, -3, 178), [1, -4, -3, 178, -69, -2116, 12167], 3.23.ae_ad_gw, 185 
(-4, -1, -27), [1, -4, -1, -27, -23, -2116, 12167], 3.23.ae_ab_abb, -12 
(-4, -1, 165), [1, -4, -1, 165, -23, -2116, 12167], 3.23.ae_ab_gj, 180 
(-4, 17, 57), [1, -4, 17, 57, 391, -2116, 12167], 3.23.ae_r_cf, -216 
(-4, 23, -257), [1, -4, 23, -257, 529, -2116, 12167], 3.23.ae_x_ajx, -770 
(-4, 23, -254), [1, -4, 23, -254, 529, -2116, 12167], 3.23.ae_x_aju, -767 
(-3, -21, 157), [1, -3, -21, 157, -483, -1587, 12167], 3.23.ad_av_gb, -275 
(-3, -19, 172), [1, -3, -19, 172, -437, -1587, 12167], 3.23.ad_at_gq, -180 
(-3, -14, 220), [1, -3, -14, 220, -322, -1587, 12167], 3.23.ad_ao_im, 33 
(-3, -13, 232), [1, -3, -13, 232, -299, -1587, 12167], 3.23.ad_an_iy, 72 
(-3, -12, 232), [1, -3, -12, 232, -276, -1587, 12167], 3.23.ad_am_iy, 97 
(-3, -11, 232), [1, -3, -11, 232, -253, -1587, 12167], 3.23.ad_al_iy, 120 
(-3, -11, 235), [1, -3, -11, 235, -253, -1587, 12167], 3.23.ad_al_jb, 123 
(-3, 11, -188), [1, -3, 11, -188, 253, -1587, 12167], 3.23.ad_l_ahg, -300 
(-3, 16, -236), [1, -3, 16, -236, 368, -1587, 12167], 3.23.ad_q_ajc, -483 
(-2, -21, 73), [1, -2, -21, 73, -483, -1058, 12167], 3.23.ac_av_cv, -364 
(-2, -19, 129), [1, -2, -19, 129, -437, -1058, 12167], 3.23.ac_at_ez, -228 
(-2, -17, 37), [1, -2, -17, 37, -391, -1058, 12167], 3.23.ac_ar_bl, -248 
(-2, -15, 167), [1, -2, -15, 167, -345, -1058, 12167], 3.23.ac_ap_gl, -54 
(-2, -9, 218), [1, -2, -9, 218, -207, -1058, 12167], 3.23.ac_aj_ik, 141 
(-2, -7, 221), [1, -2, -7, 221, -161, -1058, 12167], 3.23.ac_ah_in, 176 
(-2, 7, -195), [1, -2, 7, -195, 161, -1058, 12167], 3.23.ac_h_ahn, -240 
(-2, 7, -193), [1, -2, 7, -193, 161, -1058, 12167], 3.23.ac_h_ahl, -238 
(-2, 11, -222), [1, -2, 11, -222, 253, -1058, 12167], 3.23.ac_l_aio, -339 
(-2, 23, -186), [1, -2, 23, -186, 529, -1058, 12167], 3.23.ac_x_ahe, -711 
(-2, 53, -57), [1, -2, 53, -57, 1219, -1058, 12167], 3.23.ac_cb_acf, -2862 
(-2, 55, -105), [1, -2, 55, -105, 1265, -1058, 12167], 3.23.ac_cd_aeb, -3126 
(-2, 57, -102), [1, -2, 57, -102, 1311, -1058, 12167], 3.23.ac_cf_ady, -3347 
(-2, 67, -90), [1, -2, 67, -90, 1541, -1058, 12167], 3.23.ac_cp_adm, -4575 
(-1, -22, 54), [1, -1, -22, 54, -506, -529, 12167], 3.23.ab_aw_cc, -429 
(-1, -21, 65), [1, -1, -21, 65, -483, -529, 12167], 3.23.ab_av_cn, -375 
(-1, -19, 8), [1, -1, -19, 8, -437, -529, 12167], 3.23.ab_at_i, -352 
(-1, -9, 180), [1, -1, -9, 180, -207, -529, 12167], 3.23.ab_aj_gy, 100 
(-1, -7, 199), [1, -1, -7, 199, -161, -529, 12167], 3.23.ab_ah_hr, 151 
(-1, -6, 208), [1, -1, -6, 208, -138, -529, 12167], 3.23.ab_ag_ia, 173 
(-1, -1, -165), [1, -1, -1, -165, -23, -529, 12167], 3.23.ab_ab_agj, -165 
(-1, 54, -18), [1, -1, 54, -18, 1242, -529, 12167], 3.23.ab_cc_as, -2933 
(0, -21, -5), [1, 0, -21, -5, -483, 0, 12167], 3.23.a_av_af, -446 
(0, -21, 5), [1, 0, -21, 5, -483, 0, 12167], 3.23.a_av_f, -436 
(0, -11, -113), [1, 0, -11, -113, -253, 0, 12167], 3.23.a_al_aej, -234 
(0, -11, 113), [1, 0, -11, 113, -253, 0, 12167], 3.23.a_al_ej, -8 
(0, -1, -211), [1, 0, -1, -211, -23, 0, 12167], 3.23.a_ab_aid, -212 
(0, -1, 211), [1, 0, -1, 211, -23, 0, 12167], 3.23.a_ab_id, 210 
(0, 63, -1), [1, 0, 63, -1, 1449, 0, 12167], 3.23.a_cl_ab, -3970 
(0, 63, 1), [1, 0, 63, 1, 1449, 0, 12167], 3.23.a_cl_b, -3968 
(1, -22, -54), [1, 1, -22, -54, -506, 529, 12167], 3.23.b_aw_acc, -537 
(1, -21, -65), [1, 1, -21, -65, -483, 529, 12167], 3.23.b_av_acn, -505 
(1, -19, -8), [1, 1, -19, -8, -437, 529, 12167], 3.23.b_at_ai, -368 
(1, -9, -180), [1, 1, -9, -180, -207, 529, 12167], 3.23.b_aj_agy, -260 
(1, -7, -199), [1, 1, -7, -199, -161, 529, 12167], 3.23.b_ah_ahr, -247 
(1, -6, -208), [1, 1, -6, -208, -138, 529, 12167], 3.23.b_ag_aia, -243 
(1, -1, 165), [1, 1, -1, 165, -23, 529, 12167], 3.23.b_ab_gj, 165 
(1, 54, 18), [1, 1, 54, 18, 1242, 529, 12167], 3.23.b_cc_s, -2897 
(2, -21, -73), [1, 2, -21, -73, -483, 1058, 12167], 3.23.c_av_acv, -510 
(2, -19, -129), [1, 2, -19, -129, -437, 1058, 12167], 3.23.c_at_aez, -486 
(2, -17, -37), [1, 2, -17, -37, -391, 1058, 12167], 3.23.c_ar_abl, -322 
(2, -15, -167), [1, 2, -15, -167, -345, 1058, 12167], 3.23.c_ap_agl, -388 
(2, -9, -218), [1, 2, -9, -218, -207, 1058, 12167], 3.23.c_aj_aik, -295 
(2, -7, -221), [1, 2, -7, -221, -161, 1058, 12167], 3.23.c_ah_ain, -266 
(2, 7, 193), [1, 2, 7, 193, 161, 1058, 12167], 3.23.c_h_hl, 148 
(2, 7, 195), [1, 2, 7, 195, 161, 1058, 12167], 3.23.c_h_hn, 150 
(2, 11, 222), [1, 2, 11, 222, 253, 1058, 12167], 3.23.c_l_io, 105 
(2, 23, 186), [1, 2, 23, 186, 529, 1058, 12167], 3.23.c_x_he, -339 
(2, 53, 57), [1, 2, 53, 57, 1219, 1058, 12167], 3.23.c_cb_cf, -2748 
(2, 55, 105), [1, 2, 55, 105, 1265, 1058, 12167], 3.23.c_cd_eb, -2916 
(2, 57, 102), [1, 2, 57, 102, 1311, 1058, 12167], 3.23.c_cf_dy, -3143 
(2, 67, 90), [1, 2, 67, 90, 1541, 1058, 12167], 3.23.c_cp_dm, -4395 
(3, -21, -157), [1, 3, -21, -157, -483, 1587, 12167], 3.23.d_av_agb, -589 
(3, -19, -172), [1, 3, -19, -172, -437, 1587, 12167], 3.23.d_at_agq, -524 
(3, -14, -220), [1, 3, -14, -220, -322, 1587, 12167], 3.23.d_ao_aim, -407 
(3, -13, -232), [1, 3, -13, -232, -299, 1587, 12167], 3.23.d_an_aiy, -392 
(3, -12, -232), [1, 3, -12, -232, -276, 1587, 12167], 3.23.d_am_aiy, -367 
(3, -11, -235), [1, 3, -11, -235, -253, 1587, 12167], 3.23.d_al_ajb, -347 
(3, -11, -232), [1, 3, -11, -232, -253, 1587, 12167], 3.23.d_al_aiy, -344 
(3, 11, 188), [1, 3, 11, 188, 253, 1587, 12167], 3.23.d_l_hg, 76 
(3, 16, 236), [1, 3, 16, 236, 368, 1587, 12167], 3.23.d_q_jc, -11 
(4, -19, -222), [1, 4, -19, -222, -437, 2116, 12167], 3.23.e_at_aio, -567 
(4, -17, -241), [1, 4, -17, -241, -391, 2116, 12167], 3.23.e_ar_ajh, -514 
(4, -17, -211), [1, 4, -17, -211, -391, 2116, 12167], 3.23.e_ar_aid, -484 
(4, -16, -118), [1, 4, -16, -118, -368, 2116, 12167], 3.23.e_aq_aeo, -358 
(4, -15, -255), [1, 4, -15, -255, -345, 2116, 12167], 3.23.e_ap_ajv, -464 
(4, -13, -123), [1, 4, -13, -123, -299, 2116, 12167], 3.23.e_an_aet, -276 
(4, -3, -178), [1, 4, -3, -178, -69, 2116, 12167], 3.23.e_ad_agw, -171 
(4, -1, -165), [1, 4, -1, -165, -23, 2116, 12167], 3.23.e_ab_agj, -150 
(4, -1, 27), [1, 4, -1, 27, -23, 2116, 12167], 3.23.e_ab_bb, 42 
(4, 17, -57), [1, 4, 17, -57, 391, 2116, 12167], 3.23.e_r_acf, -330 
(4, 23, 254), [1, 4, 23, 254, 529, 2116, 12167], 3.23.e_x_ju, -259 
(4, 23, 257), [1, 4, 23, 257, 529, 2116, 12167], 3.23.e_x_jx, -256 
(5, -21, -249), [1, 5, -21, -249, -483, 2645, 12167], 3.23.f_av_ajp, -665 
(5, -21, -248), [1, 5, -21, -248, -483, 2645, 12167], 3.23.f_av_ajo, -664 
(5, -19, -268), [1, 5, -19, -268, -437, 2645, 12167], 3.23.f_at_aki, -604 
(5, -19, -267), [1, 5, -19, -267, -437, 2645, 12167], 3.23.f_at_akh, -603 
(5, -17, -272), [1, 5, -17, -272, -391, 2645, 12167], 3.23.f_ar_akm, -536 
(5, 29, 268), [1, 5, 29, 268, 667, 2645, 12167], 3.23.f_bd_ki, -548 
(5, 50, 244), [1, 5, 50, 244, 1150, 2645, 12167], 3.23.f_by_jk, -2231 
(5, 69, 213), [1, 5, 69, 213, 1587, 2645, 12167], 3.23.f_cr_if, -4523 
(6, -22, -282), [1, 6, -22, -282, -506, 3174, 12167], 3.23.g_aw_akw, -730 
(6, -21, -295), [1, 6, -21, -295, -483, 3174, 12167], 3.23.g_av_alj, -700 
(6, -21, -269), [1, 6, -21, -269, -483, 3174, 12167], 3.23.g_av_akj, -674 
(6, -21, -257), [1, 6, -21, -257, -483, 3174, 12167], 3.23.g_av_ajx, -662 
(6, -20, -302), [1, 6, -20, -302, -460, 3174, 12167], 3.23.g_au_alq, -666 
(6, -19, -261), [1, 6, -19, -261, -437, 3174, 12167], 3.23.g_at_akb, -586 
(6, -17, -281), [1, 6, -17, -281, -391, 3174, 12167], 3.23.g_ar_akv, -534 
(6, -17, -278), [1, 6, -17, -278, -391, 3174, 12167], 3.23.g_ar_aks, -531 
(6, -17, -227), [1, 6, -17, -227, -391, 3174, 12167], 3.23.g_ar_ait, -480 
(6, -17, -223), [1, 6, -17, -223, -391, 3174, 12167], 3.23.g_ar_aip, -476 
(6, -17, -219), [1, 6, -17, -219, -391, 3174, 12167], 3.23.g_ar_ail, -472 
(6, -15, -265), [1, 6, -15, -265, -345, 3174, 12167], 3.23.g_ap_akf, -454 
(6, -6, -202), [1, 6, -6, -202, -138, 3174, 12167], 3.23.g_ag_ahu, -202 
(6, 7, 11), [1, 6, 7, 11, 161, 3174, 12167], 3.23.g_h_l, -2 
(6, 45, 295), [1, 6, 45, 295, 1035, 3174, 12167], 3.23.g_bt_lj, -1694 
(7, -22, -330), [1, 7, -22, -330, -506, 3703, 12167], 3.23.h_aw_ams, -765 
(7, -22, -324), [1, 7, -22, -324, -506, 3703, 12167], 3.23.h_aw_amm, -759 
(7, -22, -314), [1, 7, -22, -314, -506, 3703, 12167], 3.23.h_aw_amc, -749 
(7, -21, -335), [1, 7, -21, -335, -483, 3703, 12167], 3.23.h_av_amx, -727 
(7, -21, -328), [1, 7, -21, -328, -483, 3703, 12167], 3.23.h_av_amq, -720 
(7, -21, -303), [1, 7, -21, -303, -483, 3703, 12167], 3.23.h_av_alr, -695 
(7, -20, -294), [1, 7, -20, -294, -460, 3703, 12167], 3.23.h_au_ali, -645 
(7, -17, -301), [1, 7, -17, -301, -391, 3703, 12167], 3.23.h_ar_alp, -541 
(7, -17, -292), [1, 7, -17, -292, -391, 3703, 12167], 3.23.h_ar_alg, -532 
(7, -16, -292), [1, 7, -16, -292, -368, 3703, 12167], 3.23.h_aq_alg, -499 
(7, -13, -228), [1, 7, -13, -228, -299, 3703, 12167], 3.23.h_an_aiu, -348 
(7, -9, -188), [1, 7, -9, -188, -207, 3703, 12167], 3.23.h_aj_ahg, -220 
(7, -1, -111), [1, 7, -1, -111, -23, 3703, 12167], 3.23.h_ab_aeh, -63 
(7, 21, 100), [1, 7, 21, 100, 483, 3703, 12167], 3.23.h_v_dw, -292 
(8, -22, -362), [1, 8, -22, -362, -506, 4232, 12167], 3.23.i_aw_any, -782 
(8, -21, -362), [1, 8, -21, -362, -483, 4232, 12167], 3.23.i_av_any, -739 
(8, -21, -359), [1, 8, -21, -359, -483, 4232, 12167], 3.23.i_av_anv, -736 
(8, -21, -355), [1, 8, -21, -355, -483, 4232, 12167], 3.23.i_av_anr, -732 
(8, -21, -349), [1, 8, -21, -349, -483, 4232, 12167], 3.23.i_av_anl, -726 
(8, -20, -350), [1, 8, -20, -350, -460, 4232, 12167], 3.23.i_au_anm, -686 
(8, -20, -342), [1, 8, -20, -342, -460, 4232, 12167], 3.23.i_au_ane, -678 
(8, -19, -342), [1, 8, -19, -342, -437, 4232, 12167], 3.23.i_at_ane, -639 
(8, -19, -341), [1, 8, -19, -341, -437, 4232, 12167], 3.23.i_at_and, -638 
(8, -19, -339), [1, 8, -19, -339, -437, 4232, 12167], 3.23.i_at_anb, -636 
(8, -19, -335), [1, 8, -19, -335, -437, 4232, 12167], 3.23.i_at_amx, -632 
(8, -19, -333), [1, 8, -19, -333, -437, 4232, 12167], 3.23.i_at_amv, -630 
(8, -19, -330), [1, 8, -19, -330, -437, 4232, 12167], 3.23.i_at_ams, -627 
(8, -17, -326), [1, 8, -17, -326, -391, 4232, 12167], 3.23.i_ar_amo, -551 
(8, -17, -323), [1, 8, -17, -323, -391, 4232, 12167], 3.23.i_ar_aml, -548 
(8, -17, -311), [1, 8, -17, -311, -391, 4232, 12167], 3.23.i_ar_alz, -536 
(8, -15, -310), [1, 8, -15, -310, -345, 4232, 12167], 3.23.i_ap_aly, -471 
(8, -15, -294), [1, 8, -15, -294, -345, 4232, 12167], 3.23.i_ap_ali, -455 
(8, -13, -290), [1, 8, -13, -290, -299, 4232, 12167], 3.23.i_an_ale, -395 
(8, -13, -275), [1, 8, -13, -275, -299, 4232, 12167], 3.23.i_an_akp, -380 
(8, -11, -273), [1, 8, -11, -273, -253, 4232, 12167], 3.23.i_al_akn, -330 
(8, -11, -255), [1, 8, -11, -255, -253, 4232, 12167], 3.23.i_al_ajv, -312 
(8, -9, -245), [1, 8, -9, -245, -207, 4232, 12167], 3.23.i_aj_ajl, -262 
(8, -7, -219), [1, 8, -7, -219, -161, 4232, 12167], 3.23.i_ah_ail, -204 
(8, -3, -205), [1, 8, -3, -205, -69, 4232, 12167], 3.23.i_ad_ahx, -150 
(8, 3, -119), [1, 8, 3, -119, 69, 4232, 12167], 3.23.i_d_aep, -64 
(8, 13, -81), [1, 8, 13, -81, 299, 4232, 12167], 3.23.i_n_add, -186 
(8, 16, 6), [1, 8, 16, 6, 368, 4232, 12167], 3.23.i_q_g, -186 
(8, 33, 169), [1, 8, 33, 169, 759, 4232, 12167], 3.23.i_bh_gn, -856 
(8, 43, 265), [1, 8, 43, 265, 989, 4232, 12167], 3.23.i_br_kf, -1520 
(8, 54, 370), [1, 8, 54, 370, 1242, 4232, 12167], 3.23.i_cc_og, -2482 
(8, 77, 370), [1, 8, 77, 370, 1771, 4232, 12167], 3.23.i_cz_og, -5495 
(8, 85, 375), [1, 8, 85, 375, 1955, 4232, 12167], 3.23.i_dh_ol, -6786 
(9, -22, -406), [1, 9, -22, -406, -506, 4761, 12167], 3.23.j_aw_apq, -809 
(9, -21, -397), [1, 9, -21, -397, -483, 4761, 12167], 3.23.j_av_aph, -757 
(9, -20, -386), [1, 9, -20, -386, -460, 4761, 12167], 3.23.j_au_aow, -705 
(9, -19, -376), [1, 9, -19, -376, -437, 4761, 12167], 3.23.j_at_aom, -656 
(9, -17, -358), [1, 9, -17, -358, -391, 4761, 12167], 3.23.j_ar_anu, -566 
(9, -16, -350), [1, 9, -16, -350, -368, 4761, 12167], 3.23.j_aq_anm, -525 
(9, -16, -348), [1, 9, -16, -348, -368, 4761, 12167], 3.23.j_aq_ank, -523 
(9, -15, -341), [1, 9, -15, -341, -345, 4761, 12167], 3.23.j_ap_and, -485 
(9, -14, -328), [1, 9, -14, -328, -322, 4761, 12167], 3.23.j_ao_amq, -443 
(9, -13, -319), [1, 9, -13, -319, -299, 4761, 12167], 3.23.j_an_amh, -407 
(9, -11, -304), [1, 9, -11, -304, -253, 4761, 12167], 3.23.j_al_als, -344 
(9, -9, -280), [1, 9, -9, -280, -207, 4761, 12167], 3.23.j_aj_aku, -280 
(9, -8, -278), [1, 9, -8, -278, -184, 4761, 12167], 3.23.j_ai_aks, -261 
(9, -8, -272), [1, 9, -8, -272, -184, 4761, 12167], 3.23.j_ai_akm, -255 
(9, -5, -248), [1, 9, -5, -248, -115, 4761, 12167], 3.23.j_af_ajo, -192 
(9, -3, -235), [1, 9, -3, -235, -69, 4761, 12167], 3.23.j_ad_ajb, -163 
(9, -2, -226), [1, 9, -2, -226, -46, 4761, 12167], 3.23.j_ac_ais, -149 
(9, -2, -214), [1, 9, -2, -214, -46, 4761, 12167], 3.23.j_ac_aig, -137 
(9, -1, -203), [1, 9, -1, -203, -23, 4761, 12167], 3.23.j_ab_ahv, -123 
(9, 0, -196), [1, 9, 0, -196, 0, 4761, 12167], 3.23.j_a_aho, -115 
(9, 1, -200), [1, 9, 1, -200, 23, 4761, 12167], 3.23.j_b_ahs, -120 
(9, 2, -182), [1, 9, 2, -182, 46, 4761, 12167], 3.23.j_c_aha, -105 
(9, 11, -88), [1, 9, 11, -88, 253, 4761, 12167], 3.23.j_l_adk, -128 
(9, 21, 8), [1, 9, 21, 8, 483, 4761, 12167], 3.23.j_v_i, -352 
(9, 29, 29), [1, 9, 29, 29, 667, 4761, 12167], 3.23.j_bd_bd, -731 
(9, 75, 415), [1, 9, 75, 415, 1725, 4761, 12167], 3.23.j_cx_pz, -5129 
(9, 92, 428), [1, 9, 92, 428, 2116, 4761, 12167], 3.23.j_do_qm, -7955 
(9, 93, 431), [1, 9, 93, 431, 2139, 4761, 12167], 3.23.j_dp_qp, -8137 
(10, -9, -326), [1, 10, -9, -326, -207, 5290, 12167], 3.23.k_aj_amo, -307 
(10, -1, -249), [1, 10, -1, -249, -23, 5290, 12167], 3.23.k_ab_ajp, -150 
(10, 5, -195), [1, 10, 5, -195, 115, 5290, 12167], 3.23.k_f_ahn, -120 
(10, 7, -178), [1, 10, 7, -178, 161, 5290, 12167], 3.23.k_h_agw, -127 
(10, 7, -177), [1, 10, 7, -177, 161, 5290, 12167], 3.23.k_h_agv, -126 
(10, 7, -175), [1, 10, 7, -175, 161, 5290, 12167], 3.23.k_h_agt, -124 
(10, 8, -166), [1, 10, 8, -166, 184, 5290, 12167], 3.23.k_i_agk, -130 
(10, 9, -154), [1, 10, 9, -154, 207, 5290, 12167], 3.23.k_j_afy, -135 
(10, 11, -135), [1, 10, 11, -135, 253, 5290, 12167], 3.23.k_l_aff, -156 
(10, 13, -121), [1, 10, 13, -121, 299, 5290, 12167], 3.23.k_n_aer, -190 
(10, 17, -87), [1, 10, 17, -87, 391, 5290, 12167], 3.23.k_r_adj, -276 
(10, 17, -85), [1, 10, 17, -85, 391, 5290, 12167], 3.23.k_r_adh, -274 
(10, 17, -77), [1, 10, 17, -77, 391, 5290, 12167], 3.23.k_r_acz, -266 
(10, 18, -82), [1, 10, 18, -82, 414, 5290, 12167], 3.23.k_s_ade, -306 
(10, 19, -73), [1, 10, 19, -73, 437, 5290, 12167], 3.23.k_t_acv, -334 
(10, 21, -38), [1, 10, 21, -38, 483, 5290, 12167], 3.23.k_v_abm, -379 
(10, 33, 77), [1, 10, 33, 77, 759, 5290, 12167], 3.23.k_bh_cz, -912 
(10, 71, 441), [1, 10, 71, 441, 1633, 5290, 12167], 3.23.k_ct_qz, -4500 
(10, 75, 351), [1, 10, 75, 351, 1725, 5290, 12167], 3.23.k_cx_nn, -5174 
(10, 81, 389), [1, 10, 81, 389, 1863, 5290, 12167], 3.23.k_dd_oz, -6072 
(11, 11, -180), [1, 11, 11, -180, 253, 5819, 12167], 3.23.l_l_agy, -180 
(11, 15, -143), [1, 11, 15, -143, 345, 5819, 12167], 3.23.l_p_afn, -247 
(11, 20, -94), [1, 11, 20, -94, 460, 5819, 12167], 3.23.l_u_adq, -373 
(11, 25, -47), [1, 11, 25, -47, 575, 5819, 12167], 3.23.l_z_abv, -551 
(11, 43, 127), [1, 11, 43, 127, 989, 5819, 12167], 3.23.l_br_ex, -1601 
(11, 83, 508), [1, 11, 83, 508, 1909, 5819, 12167], 3.23.l_df_to, -6260 
(12, 30, -44), [1, 12, 30, -44, 690, 6348, 12167], 3.23.m_be_abs, -800 
(12, 39, 41), [1, 12, 39, 41, 897, 6348, 12167], 3.23.m_bn_bp, -1336 
(12, 59, 215), [1, 12, 59, 215, 1357, 6348, 12167], 3.23.m_ch_ih, -3122 
(12, 59, 233), [1, 12, 59, 233, 1357, 6348, 12167], 3.23.m_ch_iz, -3104 
(12, 61, 233), [1, 12, 61, 233, 1403, 6348, 12167], 3.23.m_cj_iz, -3344 
(12, 71, 317), [1, 12, 71, 317, 1633, 6348, 12167], 3.23.m_ct_mf, -4580 
(12, 73, 331), [1, 12, 73, 331, 1679, 6348, 12167], 3.23.m_cv_mt, -4854 
(12, 77, 407), [1, 12, 77, 407, 1771, 6348, 12167], 3.23.m_cz_pr, -5378 
(12, 81, 389), [1, 12, 81, 389, 1863, 6348, 12167], 3.23.m_dd_oz, -6028 
(12, 87, 503), [1, 12, 87, 503, 2001, 6348, 12167], 3.23.m_dj_tj, -6922 
(12, 91, 541), [1, 12, 91, 541, 2093, 6348, 12167], 3.23.m_dn_uv, -7596 
(12, 93, 559), [1, 12, 93, 559, 2139, 6348, 12167], 3.23.m_dp_vn, -7946 
(12, 113, 599), [1, 12, 113, 599, 2599, 6348, 12167], 3.23.m_ej_xb, -12026 
(13, 51, 111), [1, 13, 51, 111, 1173, 6877, 12167], 3.23.n_bz_eh, -2321 
(13, 52, 120), [1, 13, 52, 120, 1196, 6877, 12167], 3.23.n_ca_eq, -2415 
(13, 54, 140), [1, 13, 54, 140, 1242, 6877, 12167], 3.23.n_cc_fk, -2607 
(13, 58, 176), [1, 13, 58, 176, 1334, 6877, 12167], 3.23.n_cg_gu, -3019 
(13, 66, 248), [1, 13, 66, 248, 1518, 6877, 12167], 3.23.n_co_jo, -3939 
(13, 67, 265), [1, 13, 67, 265, 1541, 6877, 12167], 3.23.n_cp_kf, -4055 
(13, 74, 332), [1, 13, 74, 332, 1702, 6877, 12167], 3.23.n_cw_mu, -4975 
(13, 75, 341), [1, 13, 75, 341, 1725, 6877, 12167], 3.23.n_cx_nd, -5115 
(13, 79, 380), [1, 13, 79, 380, 1817, 6877, 12167], 3.23.n_db_oq, -5692 
(13, 84, 428), [1, 13, 84, 428, 1932, 6877, 12167], 3.23.n_dg_qm, -6459 
(13, 99, 572), [1, 13, 99, 572, 2277, 6877, 12167], 3.23.n_dv_wa, -9060 
(13, 101, 588), [1, 13, 101, 588, 2323, 6877, 12167], 3.23.n_dx_wq, -9444 
(13, 104, 618), [1, 13, 104, 618, 2392, 6877, 12167], 3.23.n_ea_xu, -10029 
(13, 104, 620), [1, 13, 104, 620, 2392, 6877, 12167], 3.23.n_ea_xw, -10027 
(13, 113, 636), [1, 13, 113, 636, 2599, 6877, 12167], 3.23.n_ej_ym, -11964 
(13, 119, 647), [1, 13, 119, 647, 2737, 6877, 12167], 3.23.n_ep_yx, -13345 
(14, 67, 219), [1, 14, 67, 219, 1541, 7406, 12167], 3.23.o_cp_il, -4074 
(14, 69, 238), [1, 14, 69, 238, 1587, 7406, 12167], 3.23.o_cr_je, -4327 
(14, 75, 295), [1, 14, 75, 295, 1725, 7406, 12167], 3.23.o_cx_lj, -5134 
(14, 77, 315), [1, 14, 77, 315, 1771, 7406, 12167], 3.23.o_cz_md, -5418 
(14, 79, 331), [1, 14, 79, 331, 1817, 7406, 12167], 3.23.o_db_mt, -5714 
(14, 79, 333), [1, 14, 79, 333, 1817, 7406, 12167], 3.23.o_db_mv, -5712 
(14, 82, 362), [1, 14, 82, 362, 1886, 7406, 12167], 3.23.o_de_ny, -6166 
(14, 83, 369), [1, 14, 83, 369, 1909, 7406, 12167], 3.23.o_df_of, -6324 
(14, 87, 411), [1, 14, 87, 411, 2001, 7406, 12167], 3.23.o_dj_pv, -6962 
(14, 93, 451), [1, 14, 93, 451, 2139, 7406, 12167], 3.23.o_dp_rj, -8002 
(14, 96, 496), [1, 14, 96, 496, 2208, 7406, 12167], 3.23.o_ds_tc, -8524 
(14, 99, 526), [1, 14, 99, 526, 2277, 7406, 12167], 3.23.o_dv_ug, -9079 
(14, 107, 602), [1, 14, 107, 602, 2461, 7406, 12167], 3.23.o_ed_xe, -10651 
(14, 110, 586), [1, 14, 110, 586, 2530, 7406, 12167], 3.23.o_eg_wo, -11318 
(14, 114, 670), [1, 14, 114, 670, 2622, 7406, 12167], 3.23.o_ek_zu, -12130 
(14, 115, 679), [1, 14, 115, 679, 2645, 7406, 12167], 3.23.o_el_bad, -12350 
(14, 117, 691), [1, 14, 117, 691, 2691, 7406, 12167], 3.23.o_en_bap, -12802 
(14, 121, 699), [1, 14, 121, 699, 2783, 7406, 12167], 3.23.o_er_bax, -13746 
(14, 125, 711), [1, 14, 125, 711, 2875, 7406, 12167], 3.23.o_ev_bbj, -14718 
(14, 126, 706), [1, 14, 126, 706, 2898, 7406, 12167], 3.23.o_ew_bbe, -14974 
(14, 129, 717), [1, 14, 129, 717, 2967, 7406, 12167], 3.23.o_ez_bbp, -15728 
(14, 130, 726), [1, 14, 130, 726, 2990, 7406, 12167], 3.23.o_fa_bby, -15978 
(15, 87, 365), [1, 15, 87, 365, 2001, 7935, 12167], 3.23.p_dj_ob, -6979 
(15, 88, 374), [1, 15, 88, 374, 2024, 7935, 12167], 3.23.p_dk_ok, -7145 
(15, 92, 412), [1, 15, 92, 412, 2116, 7935, 12167], 3.23.p_do_pw, -7827 
(15, 100, 488), [1, 15, 100, 488, 2300, 7935, 12167], 3.23.p_dw_su, -9287 
(15, 104, 518), [1, 15, 104, 518, 2392, 7935, 12167], 3.23.p_ea_ty, -10073 
(15, 111, 595), [1, 15, 111, 595, 2553, 7935, 12167], 3.23.p_eh_wx, -11501 
(15, 114, 622), [1, 15, 114, 622, 2622, 7935, 12167], 3.23.p_ek_xy, -12149 
(15, 115, 611), [1, 15, 115, 611, 2645, 7935, 12167], 3.23.p_el_xn, -12389 
(15, 116, 620), [1, 15, 116, 620, 2668, 7935, 12167], 3.23.p_em_xw, -12611 
(15, 118, 662), [1, 15, 118, 662, 2714, 7935, 12167], 3.23.p_eo_zm, -13037 
(15, 119, 672), [1, 15, 119, 672, 2737, 7935, 12167], 3.23.p_ep_zw, -13264 
(15, 121, 691), [1, 15, 121, 691, 2783, 7935, 12167], 3.23.p_er_bap, -13725 
(15, 122, 696), [1, 15, 122, 696, 2806, 7935, 12167], 3.23.p_es_bau, -13963 
(15, 124, 718), [1, 15, 124, 718, 2852, 7935, 12167], 3.23.p_eu_bbq, -14433 
(15, 128, 758), [1, 15, 128, 758, 2944, 7935, 12167], 3.23.p_ey_bde, -15401 
(15, 129, 720), [1, 15, 129, 720, 2967, 7935, 12167], 3.23.p_ez_bbs, -15696 
(15, 135, 763), [1, 15, 135, 763, 3105, 7935, 12167], 3.23.p_ff_bdj, -17237 
(15, 136, 770), [1, 15, 136, 770, 3128, 7935, 12167], 3.23.p_fg_bdq, -17501 
(15, 137, 781), [1, 15, 137, 781, 3151, 7935, 12167], 3.23.p_fh_beb, -17763 
(15, 137, 787), [1, 15, 137, 787, 3151, 7935, 12167], 3.23.p_fh_beh, -17757 
(16, 107, 510), [1, 16, 107, 510, 2461, 8464, 12167], 3.23.q_ed_tq, -10683 
(16, 111, 549), [1, 16, 111, 549, 2553, 8464, 12167], 3.23.q_eh_vd, -11516 
(16, 112, 558), [1, 16, 112, 558, 2576, 8464, 12167], 3.23.q_ei_vm, -11730 
(16, 113, 567), [1, 16, 113, 567, 2599, 8464, 12167], 3.23.q_ej_vv, -11946 
(16, 116, 594), [1, 16, 116, 594, 2668, 8464, 12167], 3.23.q_em_ww, -12606 
(16, 119, 626), [1, 16, 119, 626, 2737, 8464, 12167], 3.23.q_ep_yc, -13279 
(16, 120, 630), [1, 16, 120, 630, 2760, 8464, 12167], 3.23.q_eq_yg, -13514 
(16, 121, 645), [1, 16, 121, 645, 2783, 8464, 12167], 3.23.q_er_yv, -13740 
(16, 125, 675), [1, 16, 125, 675, 2875, 8464, 12167], 3.23.q_ev_zz, -14694 
(16, 131, 741), [1, 16, 131, 741, 3013, 8464, 12167], 3.23.q_fb_bcn, -16164 
(16, 132, 734), [1, 16, 132, 734, 3036, 8464, 12167], 3.23.q_fc_bcg, -16434 
(16, 135, 753), [1, 16, 135, 753, 3105, 8464, 12167], 3.23.q_ff_bcz, -17216 
(16, 135, 779), [1, 16, 135, 779, 3105, 8464, 12167], 3.23.q_ff_bdz, -17190 
(16, 137, 798), [1, 16, 137, 798, 3151, 8464, 12167], 3.23.q_fh_bes, -17715 
(16, 140, 794), [1, 16, 140, 794, 3220, 8464, 12167], 3.23.q_fk_beo, -18550 
(16, 141, 815), [1, 16, 141, 815, 3243, 8464, 12167], 3.23.q_fl_bfj, -18810 
(16, 141, 833), [1, 16, 141, 833, 3243, 8464, 12167], 3.23.q_fl_bgb, -18792 
(16, 141, 834), [1, 16, 141, 834, 3243, 8464, 12167], 3.23.q_fl_bgc, -18791 
(16, 143, 839), [1, 16, 143, 839, 3289, 8464, 12167], 3.23.q_fn_bgh, -19354 
(16, 144, 822), [1, 16, 144, 822, 3312, 8464, 12167], 3.23.q_fo_bfq, -19658 
(16, 144, 842), [1, 16, 144, 842, 3312, 8464, 12167], 3.23.q_fo_bgk, -19638 
(16, 148, 858), [1, 16, 148, 858, 3404, 8464, 12167], 3.23.q_fs_bha, -20790 
(16, 149, 858), [1, 16, 149, 858, 3427, 8464, 12167], 3.23.q_ft_bha, -21087 
(16, 151, 870), [1, 16, 151, 870, 3473, 8464, 12167], 3.23.q_fv_bhm, -21675 
(17, 128, 666), [1, 17, 128, 666, 2944, 8993, 12167], 3.23.r_ey_zq, -15429 
(17, 131, 693), [1, 17, 131, 693, 3013, 8993, 12167], 3.23.r_fb_bar, -16179 
(17, 133, 712), [1, 17, 133, 712, 3059, 8993, 12167], 3.23.r_fd_bbk, -16688 
(17, 134, 722), [1, 17, 134, 722, 3082, 8993, 12167], 3.23.r_fe_bbu, -16945 
(17, 135, 733), [1, 17, 135, 733, 3105, 8993, 12167], 3.23.r_ff_bcf, -17203 
(17, 137, 752), [1, 17, 137, 752, 3151, 8993, 12167], 3.23.r_fh_bcy, -17728 
(17, 140, 772), [1, 17, 140, 772, 3220, 8993, 12167], 3.23.r_fk_bds, -18539 
(17, 140, 780), [1, 17, 140, 780, 3220, 8993, 12167], 3.23.r_fk_bea, -18531 
(17, 141, 780), [1, 17, 141, 780, 3243, 8993, 12167], 3.23.r_fl_bea, -18812 
(17, 143, 797), [1, 17, 143, 797, 3289, 8993, 12167], 3.23.r_fn_ber, -19363 
(17, 144, 808), [1, 17, 144, 808, 3312, 8993, 12167], 3.23.r_fo_bfc, -19639 
(17, 148, 852), [1, 17, 148, 852, 3404, 8993, 12167], 3.23.r_fs_bgu, -20763 
(17, 149, 847), [1, 17, 149, 847, 3427, 8993, 12167], 3.23.r_ft_bgp, -21065 
(17, 150, 876), [1, 17, 150, 876, 3450, 8993, 12167], 3.23.r_fu_bhs, -21335 
(17, 152, 896), [1, 17, 152, 896, 3496, 8993, 12167], 3.23.r_fw_bim, -21919 
(17, 153, 892), [1, 17, 153, 892, 3519, 8993, 12167], 3.23.r_fx_bii, -22228 
(17, 153, 898), [1, 17, 153, 898, 3519, 8993, 12167], 3.23.r_fx_bio, -22222 
(17, 153, 901), [1, 17, 153, 901, 3519, 8993, 12167], 3.23.r_fx_bir, -22219 
(17, 153, 904), [1, 17, 153, 904, 3519, 8993, 12167], 3.23.r_fx_biu, -22216 
(17, 153, 906), [1, 17, 153, 906, 3519, 8993, 12167], 3.23.r_fx_biw, -22214 
(17, 155, 916), [1, 17, 155, 916, 3565, 8993, 12167], 3.23.r_fz_bjg, -22820 
(17, 156, 904), [1, 17, 156, 904, 3588, 8993, 12167], 3.23.r_ga_biu, -23143 
(17, 157, 925), [1, 17, 157, 925, 3611, 8993, 12167], 3.23.r_gb_bjp, -23435 
(17, 158, 922), [1, 17, 158, 922, 3634, 8993, 12167], 3.23.r_gc_bjm, -23753 
(17, 158, 924), [1, 17, 158, 924, 3634, 8993, 12167], 3.23.r_gc_bjo, -23751 
(17, 159, 925), [1, 17, 159, 925, 3657, 8993, 12167], 3.23.r_gd_bjp, -24067 
(17, 161, 939), [1, 17, 161, 939, 3703, 8993, 12167], 3.23.r_gf_bkd, -24693 
(18, 141, 745), [1, 18, 141, 745, 3243, 9522, 12167], 3.23.s_fl_bcr, -18812 
(18, 148, 812), [1, 18, 148, 812, 3404, 9522, 12167], 3.23.s_fs_bfg, -20768 
(18, 150, 830), [1, 18, 150, 830, 3450, 9522, 12167], 3.23.s_fu_bfy, -21346 
(18, 151, 838), [1, 18, 151, 838, 3473, 9522, 12167], 3.23.s_fv_bgg, -21639 
(18, 151, 839), [1, 18, 151, 839, 3473, 9522, 12167], 3.23.s_fv_bgh, -21638 
(18, 154, 866), [1, 18, 154, 866, 3542, 9522, 12167], 3.23.s_fy_bhi, -22526 
(18, 155, 879), [1, 18, 155, 879, 3565, 9522, 12167], 3.23.s_fz_bhv, -22822 
(18, 158, 902), [1, 18, 158, 902, 3634, 9522, 12167], 3.23.s_gc_bis, -23738 
(18, 158, 908), [1, 18, 158, 908, 3634, 9522, 12167], 3.23.s_gc_biy, -23732 
(18, 159, 907), [1, 18, 159, 907, 3657, 9522, 12167], 3.23.s_gd_bix, -24050 
(18, 159, 917), [1, 18, 159, 917, 3657, 9522, 12167], 3.23.s_gd_bjh, -24040 
(18, 161, 929), [1, 18, 161, 929, 3703, 9522, 12167], 3.23.s_gf_bjt, -24668 
(18, 162, 934), [1, 18, 162, 934, 3726, 9522, 12167], 3.23.s_gg_bjy, -24986 
(18, 162, 946), [1, 18, 162, 946, 3726, 9522, 12167], 3.23.s_gg_bkk, -24974 
(18, 163, 941), [1, 18, 163, 941, 3749, 9522, 12167], 3.23.s_gh_bkf, -25304 
(18, 165, 971), [1, 18, 165, 971, 3795, 9522, 12167], 3.23.s_gj_blj, -25930 
(18, 165, 973), [1, 18, 165, 973, 3795, 9522, 12167], 3.23.s_gj_bll, -25928 
(18, 165, 975), [1, 18, 165, 975, 3795, 9522, 12167], 3.23.s_gj_bln, -25926 
(18, 166, 974), [1, 18, 166, 974, 3818, 9522, 12167], 3.23.s_gk_blm, -26258 
(18, 167, 992), [1, 18, 167, 992, 3841, 9522, 12167], 3.23.s_gl_bme, -26573 
(18, 167, 994), [1, 18, 167, 994, 3841, 9522, 12167], 3.23.s_gl_bmg, -26571 
(18, 169, 1001), [1, 18, 169, 1001, 3887, 9522, 12167], 3.23.s_gn_bmn, -27236 
(18, 170, 998), [1, 18, 170, 998, 3910, 9522, 12167], 3.23.s_go_bmk, -27578 
(18, 170, 1006), [1, 18, 170, 1006, 3910, 9522, 12167], 3.23.s_go_bms, -27570 
(18, 171, 1009), [1, 18, 171, 1009, 3933, 9522, 12167], 3.23.s_gp_bmv, -27908 
(18, 173, 1021), [1, 18, 173, 1021, 3979, 9522, 12167], 3.23.s_gr_bnh, -28584 
(19, 162, 900), [1, 19, 162, 900, 3726, 10051, 12167], 3.23.t_gg_biq, -24983 
(19, 165, 929), [1, 19, 165, 929, 3795, 10051, 12167], 3.23.t_gj_bjt, -25935 
(19, 166, 938), [1, 19, 166, 938, 3818, 10051, 12167], 3.23.t_gk_bkc, -26257 
(19, 167, 947), [1, 19, 167, 947, 3841, 10051, 12167], 3.23.t_gl_bkl, -26581 
(19, 167, 948), [1, 19, 167, 948, 3841, 10051, 12167], 3.23.t_gl_bkm, -26580 
(19, 168, 956), [1, 19, 168, 956, 3864, 10051, 12167], 3.23.t_gm_bku, -26907 
(19, 168, 958), [1, 19, 168, 958, 3864, 10051, 12167], 3.23.t_gm_bkw, -26905 
(19, 169, 965), [1, 19, 169, 965, 3887, 10051, 12167], 3.23.t_gn_bld, -27235 
(19, 169, 967), [1, 19, 169, 967, 3887, 10051, 12167], 3.23.t_gn_blf, -27233 
(19, 170, 974), [1, 19, 170, 974, 3910, 10051, 12167], 3.23.t_go_blm, -27565 
(19, 171, 983), [1, 19, 171, 983, 3933, 10051, 12167], 3.23.t_gp_blv, -27897 
(19, 171, 984), [1, 19, 171, 984, 3933, 10051, 12167], 3.23.t_gp_blw, -27896 
(19, 172, 996), [1, 19, 172, 996, 3956, 10051, 12167], 3.23.t_gq_bmi, -28227 
(19, 173, 1004), [1, 19, 173, 1004, 3979, 10051, 12167], 3.23.t_gr_bmq, -28564 
(19, 174, 1014), [1, 19, 174, 1014, 4002, 10051, 12167], 3.23.t_gs_bna, -28901 
(19, 175, 1021), [1, 19, 175, 1021, 4025, 10051, 12167], 3.23.t_gt_bnh, -29243 
(19, 175, 1022), [1, 19, 175, 1022, 4025, 10051, 12167], 3.23.t_gt_bni, -29242 
(19, 175, 1023), [1, 19, 175, 1023, 4025, 10051, 12167], 3.23.t_gt_bnj, -29241 
(19, 175, 1025), [1, 19, 175, 1025, 4025, 10051, 12167], 3.23.t_gt_bnl, -29239 
(19, 176, 1032), [1, 19, 176, 1032, 4048, 10051, 12167], 3.23.t_gu_bns, -29583 
(19, 176, 1034), [1, 19, 176, 1034, 4048, 10051, 12167], 3.23.t_gu_bnu, -29581 
(19, 177, 1044), [1, 19, 177, 1044, 4071, 10051, 12167], 3.23.t_gv_boe, -29924 
(19, 178, 1046), [1, 19, 178, 1046, 4094, 10051, 12167], 3.23.t_gw_bog, -30277 
(19, 178, 1052), [1, 19, 178, 1052, 4094, 10051, 12167], 3.23.t_gw_bom, -30271 
(19, 179, 1057), [1, 19, 179, 1057, 4117, 10051, 12167], 3.23.t_gx_bor, -30623 
(19, 179, 1059), [1, 19, 179, 1059, 4117, 10051, 12167], 3.23.t_gx_bot, -30621 
(19, 179, 1062), [1, 19, 179, 1062, 4117, 10051, 12167], 3.23.t_gx_bow, -30618 
(19, 180, 1060), [1, 19, 180, 1060, 4140, 10051, 12167], 3.23.t_gy_bou, -30979 
(19, 180, 1068), [1, 19, 180, 1068, 4140, 10051, 12167], 3.23.t_gy_bpc, -30971 
(19, 181, 1073), [1, 19, 181, 1073, 4163, 10051, 12167], 3.23.t_gz_bph, -31327 
(19, 181, 1076), [1, 19, 181, 1076, 4163, 10051, 12167], 3.23.t_gz_bpk, -31324 
(19, 181, 1079), [1, 19, 181, 1079, 4163, 10051, 12167], 3.23.t_gz_bpn, -31321 
(19, 181, 1080), [1, 19, 181, 1080, 4163, 10051, 12167], 3.23.t_gz_bpo, -31320 
(19, 182, 1080), [1, 19, 182, 1080, 4186, 10051, 12167], 3.23.t_ha_bpo, -31683 
(19, 182, 1088), [1, 19, 182, 1088, 4186, 10051, 12167], 3.23.t_ha_bpw, -31675 
(19, 183, 1083), [1, 19, 183, 1083, 4209, 10051, 12167], 3.23.t_hb_bpr, -32045 
(19, 183, 1086), [1, 19, 183, 1086, 4209, 10051, 12167], 3.23.t_hb_bpu, -32042 
(19, 183, 1091), [1, 19, 183, 1091, 4209, 10051, 12167], 3.23.t_hb_bpz, -32037 
(19, 183, 1092), [1, 19, 183, 1092, 4209, 10051, 12167], 3.23.t_hb_bqa, -32036 
(19, 184, 1098), [1, 19, 184, 1098, 4232, 10051, 12167], 3.23.t_hc_bqg, -32397 
(19, 185, 1100), [1, 19, 185, 1100, 4255, 10051, 12167], 3.23.t_hd_bqi, -32764 
(19, 185, 1101), [1, 19, 185, 1101, 4255, 10051, 12167], 3.23.t_hd_bqj, -32763 
(19, 185, 1103), [1, 19, 185, 1103, 4255, 10051, 12167], 3.23.t_hd_bql, -32761 
(19, 187, 1113), [1, 19, 187, 1113, 4301, 10051, 12167], 3.23.t_hf_bqv, -33495 
(20, 185, 1074), [1, 20, 185, 1074, 4255, 10580, 12167], 3.23.u_hd_bpi, -32751 
(20, 185, 1075), [1, 20, 185, 1075, 4255, 10580, 12167], 3.23.u_hd_bpj, -32750 
(20, 187, 1093), [1, 20, 187, 1093, 4301, 10580, 12167], 3.23.u_hf_bqb, -33476 
(20, 188, 1102), [1, 20, 188, 1102, 4324, 10580, 12167], 3.23.u_hg_bqk, -33842 
(20, 189, 1110), [1, 20, 189, 1110, 4347, 10580, 12167], 3.23.u_hh_bqs, -34211 
(20, 190, 1122), [1, 20, 190, 1122, 4370, 10580, 12167], 3.23.u_hi_bre, -34578 
(20, 191, 1130), [1, 20, 191, 1130, 4393, 10580, 12167], 3.23.u_hj_brm, -34951 
(20, 191, 1131), [1, 20, 191, 1131, 4393, 10580, 12167], 3.23.u_hj_brn, -34950 
(20, 191, 1132), [1, 20, 191, 1132, 4393, 10580, 12167], 3.23.u_hj_bro, -34949 
(20, 192, 1140), [1, 20, 192, 1140, 4416, 10580, 12167], 3.23.u_hk_brw, -35324 
(20, 192, 1142), [1, 20, 192, 1142, 4416, 10580, 12167], 3.23.u_hk_bry, -35322 
(20, 193, 1147), [1, 20, 193, 1147, 4439, 10580, 12167], 3.23.u_hl_bsd, -35702 
(20, 193, 1148), [1, 20, 193, 1148, 4439, 10580, 12167], 3.23.u_hl_bse, -35701 
(20, 193, 1149), [1, 20, 193, 1149, 4439, 10580, 12167], 3.23.u_hl_bsf, -35700 
(20, 195, 1161), [1, 20, 195, 1161, 4485, 10580, 12167], 3.23.u_hn_bsr, -36464 
(20, 195, 1167), [1, 20, 195, 1167, 4485, 10580, 12167], 3.23.u_hn_bsx, -36458 
(20, 195, 1169), [1, 20, 195, 1169, 4485, 10580, 12167], 3.23.u_hn_bsz, -36456 
(20, 195, 1170), [1, 20, 195, 1170, 4485, 10580, 12167], 3.23.u_hn_bta, -36455 
(20, 196, 1170), [1, 20, 196, 1170, 4508, 10580, 12167], 3.23.u_ho_bta, -36846 
(20, 196, 1174), [1, 20, 196, 1174, 4508, 10580, 12167], 3.23.u_ho_bte, -36842 
(20, 197, 1178), [1, 20, 197, 1178, 4531, 10580, 12167], 3.23.u_hp_bti, -37231 
(20, 197, 1182), [1, 20, 197, 1182, 4531, 10580, 12167], 3.23.u_hp_btm, -37227 
(20, 198, 1188), [1, 20, 198, 1188, 4554, 10580, 12167], 3.23.u_hq_bts, -37616 
(21, 202, 1192), [1, 21, 202, 1192, 4646, 11109, 12167], 3.23.v_hu_btw, -39171 
(21, 204, 1210), [1, 21, 204, 1210, 4692, 11109, 12167], 3.23.v_hw_buo, -39965 
(21, 205, 1220), [1, 21, 205, 1220, 4715, 11109, 12167], 3.23.v_hx_buy, -40364 
(21, 206, 1228), [1, 21, 206, 1228, 4738, 11109, 12167], 3.23.v_hy_bvg, -40767 
(21, 207, 1237), [1, 21, 207, 1237, 4761, 11109, 12167], 3.23.v_hz_bvp, -41171 
(21, 207, 1240), [1, 21, 207, 1240, 4761, 11109, 12167], 3.23.v_hz_bvs, -41168 
(21, 208, 1248), [1, 21, 208, 1248, 4784, 11109, 12167], 3.23.v_ia_bwa, -41575 
(21, 209, 1253), [1, 21, 209, 1253, 4807, 11109, 12167], 3.23.v_ib_bwf, -41987 
(21, 209, 1255), [1, 21, 209, 1255, 4807, 11109, 12167], 3.23.v_ib_bwh, -41985 
(21, 209, 1256), [1, 21, 209, 1256, 4807, 11109, 12167], 3.23.v_ib_bwi, -41984 
(21, 209, 1257), [1, 21, 209, 1257, 4807, 11109, 12167], 3.23.v_ib_bwj, -41983 
(21, 209, 1259), [1, 21, 209, 1259, 4807, 11109, 12167], 3.23.v_ib_bwl, -41981 
(21, 210, 1264), [1, 21, 210, 1264, 4830, 11109, 12167], 3.23.v_ic_bwq, -42395 
(21, 210, 1268), [1, 21, 210, 1268, 4830, 11109, 12167], 3.23.v_ic_bwu, -42391 
(21, 211, 1271), [1, 21, 211, 1271, 4853, 11109, 12167], 3.23.v_id_bwx, -42809 
(21, 211, 1273), [1, 21, 211, 1273, 4853, 11109, 12167], 3.23.v_id_bwz, -42807 
(21, 211, 1277), [1, 21, 211, 1277, 4853, 11109, 12167], 3.23.v_id_bxd, -42803 
(21, 212, 1282), [1, 21, 212, 1282, 4876, 11109, 12167], 3.23.v_ie_bxi, -43221 
(21, 213, 1289), [1, 21, 213, 1289, 4899, 11109, 12167], 3.23.v_if_bxp, -43639 
(22, 221, 1328), [1, 22, 221, 1328, 5083, 11638, 12167], 3.23.w_in_bzc, -47029 
(22, 223, 1346), [1, 22, 223, 1346, 5129, 11638, 12167], 3.23.w_ip_bzu, -47899 
(22, 223, 1347), [1, 22, 223, 1347, 5129, 11638, 12167], 3.23.w_ip_bzv, -47898 
(22, 225, 1366), [1, 22, 225, 1366, 5175, 11638, 12167], 3.23.w_ir_cao, -48775 
(22, 226, 1374), [1, 22, 226, 1374, 5198, 11638, 12167], 3.23.w_is_caw, -49218 
(22, 227, 1382), [1, 22, 227, 1382, 5221, 11638, 12167], 3.23.w_it_cbe, -49663 
(23, 239, 1455), [1, 23, 239, 1455, 5497, 12167, 12167], 3.23.x_jf_cdz, -55137 
(23, 240, 1464), [1, 23, 240, 1464, 5520, 12167, 12167], 3.23.x_jg_cei, -55607 
(23, 241, 1473), [1, 23, 241, 1473, 5543, 12167, 12167], 3.23.x_jh_cer, -56079 
(23, 243, 1491), [1, 23, 243, 1491, 5589, 12167, 12167], 3.23.x_jj_cfj, -57029 
