(-6, 15, -29), [1, -6, 15, -29, 75, -150, 125], 3.5.ag_p_abd, -218 
(-6, 19, -47), [1, -6, 19, -47, 95, -150, 125], 3.5.ag_t_abv, -372 
(-6, 23, -61), [1, -6, 23, -61, 115, -150, 125], 3.5.ag_x_acj, -554 
(-5, 8, -8), [1, -5, 8, -8, 40, -125, 125], 3.5.af_i_ai, -47 
(-5, 12, -26), [1, -5, 12, -26, 60, -125, 125], 3.5.af_m_aba, -145 
(-5, 13, -28), [1, -5, 13, -28, 65, -125, 125], 3.5.af_n_abc, -172 
(-5, 17, -39), [1, -5, 17, -39, 85, -125, 125], 3.5.af_r_abn, -303 
(-4, -1, 23), [1, -4, -1, 23, -5, -100, 125], 3.5.ae_ab_x, 38 
(-4, 1, 14), [1, -4, 1, 14, 5, -100, 125], 3.5.ae_b_o, 29 
(-4, 3, 7), [1, -4, 3, 7, 15, -100, 125], 3.5.ae_d_h, 14 
(-4, 5, -3), [1, -4, 5, -3, 25, -100, 125], 3.5.ae_f_ad, -12 
(-4, 5, 1), [1, -4, 5, 1, 25, -100, 125], 3.5.ae_f_b, -8 
(-4, 13, -39), [1, -4, 13, -39, 65, -100, 125], 3.5.ae_n_abn, -192 
(-4, 13, -29), [1, -4, 13, -29, 65, -100, 125], 3.5.ae_n_abd, -182 
(-4, 16, -36), [1, -4, 16, -36, 80, -100, 125], 3.5.ae_q_abk, -276 
(-3, -4, 26), [1, -3, -4, 26, -20, -75, 125], 3.5.ad_ae_ba, 19 
(-3, -4, 28), [1, -3, -4, 28, -20, -75, 125], 3.5.ad_ae_bc, 21 
(-3, -3, 22), [1, -3, -3, 22, -15, -75, 125], 3.5.ad_ad_w, 22 
(-3, -3, 27), [1, -3, -3, 27, -15, -75, 125], 3.5.ad_ad_bb, 27 
(-3, -2, 18), [1, -3, -2, 18, -10, -75, 125], 3.5.ad_ac_s, 23 
(-3, -1, 17), [1, -3, -1, 17, -5, -75, 125], 3.5.ad_ab_r, 25 
(-3, 0, 16), [1, -3, 0, 16, 0, -75, 125], 3.5.ad_a_q, 25 
(-3, 1, 4), [1, -3, 1, 4, 5, -75, 125], 3.5.ad_b_e, 12 
(-3, 1, 8), [1, -3, 1, 8, 5, -75, 125], 3.5.ad_b_i, 16 
(-3, 2, 2), [1, -3, 2, 2, 10, -75, 125], 3.5.ad_c_c, 7 
(-3, 3, -4), [1, -3, 3, -4, 15, -75, 125], 3.5.ad_d_ae, -4 
(-3, 4, -8), [1, -3, 4, -8, 20, -75, 125], 3.5.ad_e_ai, -15 
(-3, 7, -8), [1, -3, 7, -8, 35, -75, 125], 3.5.ad_h_ai, -48 
(-3, 8, -28), [1, -3, 8, -28, 40, -75, 125], 3.5.ad_i_abc, -83 
(-3, 10, -22), [1, -3, 10, -22, 50, -75, 125], 3.5.ad_k_aw, -113 
(-3, 15, -29), [1, -3, 15, -29, 75, -75, 125], 3.5.ad_p_abd, -245 
(-2, -3, 12), [1, -2, -3, 12, -15, -50, 125], 3.5.ac_ad_m, 7 
(-2, -3, 13), [1, -2, -3, 13, -15, -50, 125], 3.5.ac_ad_n, 8 
(-2, -3, 17), [1, -2, -3, 17, -15, -50, 125], 3.5.ac_ad_r, 12 
(-2, -3, 18), [1, -2, -3, 18, -15, -50, 125], 3.5.ac_ad_s, 13 
(-2, -3, 21), [1, -2, -3, 21, -15, -50, 125], 3.5.ac_ad_v, 16 
(-2, -3, 22), [1, -2, -3, 22, -15, -50, 125], 3.5.ac_ad_w, 17 
(-2, -3, 23), [1, -2, -3, 23, -15, -50, 125], 3.5.ac_ad_x, 18 
(-2, -1, 7), [1, -2, -1, 7, -5, -50, 125], 3.5.ac_ab_h, 10 
(-2, -1, 11), [1, -2, -1, 11, -5, -50, 125], 3.5.ac_ab_l, 14 
(-2, -1, 18), [1, -2, -1, 18, -5, -50, 125], 3.5.ac_ab_s, 21 
(-2, 0, 14), [1, -2, 0, 14, 0, -50, 125], 3.5.ac_a_o, 18 
(-2, 1, -6), [1, -2, 1, -6, 5, -50, 125], 3.5.ac_b_ag, -3 
(-2, 1, -3), [1, -2, 1, -3, 5, -50, 125], 3.5.ac_b_ad, 0 
(-2, 1, 7), [1, -2, 1, 7, 5, -50, 125], 3.5.ac_b_h, 10 
(-2, 3, -1), [1, -2, 3, -1, 15, -50, 125], 3.5.ac_d_ab, -6 
(-2, 5, -21), [1, -2, 5, -21, 25, -50, 125], 3.5.ac_f_av, -42 
(-2, 5, -3), [1, -2, 5, -3, 25, -50, 125], 3.5.ac_f_ad, -24 
(-2, 7, -23), [1, -2, 7, -23, 35, -50, 125], 3.5.ac_h_ax, -68 
(-2, 7, -13), [1, -2, 7, -13, 35, -50, 125], 3.5.ac_h_an, -58 
(-2, 9, -22), [1, -2, 9, -22, 45, -50, 125], 3.5.ac_j_aw, -99 
(-2, 11, -13), [1, -2, 11, -13, 55, -50, 125], 3.5.ac_l_an, -130 
(-1, -4, 6), [1, -1, -4, 6, -20, -25, 125], 3.5.ab_ae_g, -9 
(-1, -4, 14), [1, -1, -4, 14, -20, -25, 125], 3.5.ab_ae_o, -1 
(-1, -3, 9), [1, -1, -3, 9, -15, -25, 125], 3.5.ab_ad_j, 1 
(-1, -3, 16), [1, -1, -3, 16, -15, -25, 125], 3.5.ab_ad_q, 8 
(-1, -2, -2), [1, -1, -2, -2, -10, -25, 125], 3.5.ab_ac_ac, -5 
(-1, -2, 18), [1, -1, -2, 18, -10, -25, 125], 3.5.ab_ac_s, 15 
(-1, -2, 22), [1, -1, -2, 22, -10, -25, 125], 3.5.ab_ac_w, 19 
(-1, -1, 12), [1, -1, -1, 12, -5, -25, 125], 3.5.ab_ab_m, 12 
(-1, 0, -12), [1, -1, 0, -12, 0, -25, 125], 3.5.ab_a_am, -11 
(-1, 1, 12), [1, -1, 1, 12, 5, -25, 125], 3.5.ab_b_m, 12 
(-1, 13, -9), [1, -1, 13, -9, 65, -25, 125], 3.5.ab_n_aj, -177 
(0, -3, -7), [1, 0, -3, -7, -15, 0, 125], 3.5.a_ad_ah, -16 
(0, -3, -1), [1, 0, -3, -1, -15, 0, 125], 3.5.a_ad_ab, -10 
(0, -3, 1), [1, 0, -3, 1, -15, 0, 125], 3.5.a_ad_b, -8 
(0, -3, 7), [1, 0, -3, 7, -15, 0, 125], 3.5.a_ad_h, -2 
(0, -1, -11), [1, 0, -1, -11, -5, 0, 125], 3.5.a_ab_al, -12 
(0, -1, 11), [1, 0, -1, 11, -5, 0, 125], 3.5.a_ab_l, 10 
(0, 0, -16), [1, 0, 0, -16, 0, 0, 125], 3.5.a_a_aq, -16 
(0, 0, 16), [1, 0, 0, 16, 0, 0, 125], 3.5.a_a_q, 16 
(0, 1, -19), [1, 0, 1, -19, 5, 0, 125], 3.5.a_b_at, -20 
(0, 1, -1), [1, 0, 1, -1, 5, 0, 125], 3.5.a_b_ab, -2 
(0, 1, 1), [1, 0, 1, 1, 5, 0, 125], 3.5.a_b_b, 0 
(0, 1, 19), [1, 0, 1, 19, 5, 0, 125], 3.5.a_b_t, 18 
(0, 3, -13), [1, 0, 3, -13, 15, 0, 125], 3.5.a_d_an, -22 
(0, 3, 13), [1, 0, 3, 13, 15, 0, 125], 3.5.a_d_n, 4 
(0, 4, -8), [1, 0, 4, -8, 20, 0, 125], 3.5.a_e_ai, -24 
(0, 4, 8), [1, 0, 4, 8, 20, 0, 125], 3.5.a_e_i, -8 
(1, -4, -14), [1, 1, -4, -14, -20, 25, 125], 3.5.b_ae_ao, -29 
(1, -4, -6), [1, 1, -4, -6, -20, 25, 125], 3.5.b_ae_ag, -21 
(1, -3, -16), [1, 1, -3, -16, -15, 25, 125], 3.5.b_ad_aq, -24 
(1, -3, -9), [1, 1, -3, -9, -15, 25, 125], 3.5.b_ad_aj, -17 
(1, -2, -22), [1, 1, -2, -22, -10, 25, 125], 3.5.b_ac_aw, -25 
(1, -2, -18), [1, 1, -2, -18, -10, 25, 125], 3.5.b_ac_as, -21 
(1, -2, 2), [1, 1, -2, 2, -10, 25, 125], 3.5.b_ac_c, -1 
(1, -1, -12), [1, 1, -1, -12, -5, 25, 125], 3.5.b_ab_am, -12 
(1, 0, 12), [1, 1, 0, 12, 0, 25, 125], 3.5.b_a_m, 13 
(1, 1, -12), [1, 1, 1, -12, 5, 25, 125], 3.5.b_b_am, -12 
(1, 13, 9), [1, 1, 13, 9, 65, 25, 125], 3.5.b_n_j, -159 
(2, -3, -23), [1, 2, -3, -23, -15, 50, 125], 3.5.c_ad_ax, -28 
(2, -3, -22), [1, 2, -3, -22, -15, 50, 125], 3.5.c_ad_aw, -27 
(2, -3, -21), [1, 2, -3, -21, -15, 50, 125], 3.5.c_ad_av, -26 
(2, -3, -18), [1, 2, -3, -18, -15, 50, 125], 3.5.c_ad_as, -23 
(2, -3, -17), [1, 2, -3, -17, -15, 50, 125], 3.5.c_ad_ar, -22 
(2, -3, -13), [1, 2, -3, -13, -15, 50, 125], 3.5.c_ad_an, -18 
(2, -3, -12), [1, 2, -3, -12, -15, 50, 125], 3.5.c_ad_am, -17 
(2, -1, -18), [1, 2, -1, -18, -5, 50, 125], 3.5.c_ab_as, -15 
(2, -1, -11), [1, 2, -1, -11, -5, 50, 125], 3.5.c_ab_al, -8 
(2, -1, -7), [1, 2, -1, -7, -5, 50, 125], 3.5.c_ab_ah, -4 
(2, 0, -14), [1, 2, 0, -14, 0, 50, 125], 3.5.c_a_ao, -10 
(2, 1, -7), [1, 2, 1, -7, 5, 50, 125], 3.5.c_b_ah, -4 
(2, 1, 3), [1, 2, 1, 3, 5, 50, 125], 3.5.c_b_d, 6 
(2, 1, 6), [1, 2, 1, 6, 5, 50, 125], 3.5.c_b_g, 9 
(2, 3, 1), [1, 2, 3, 1, 15, 50, 125], 3.5.c_d_b, -4 
(2, 5, 3), [1, 2, 5, 3, 25, 50, 125], 3.5.c_f_d, -18 
(2, 5, 21), [1, 2, 5, 21, 25, 50, 125], 3.5.c_f_v, 0 
(2, 7, 13), [1, 2, 7, 13, 35, 50, 125], 3.5.c_h_n, -32 
(2, 7, 23), [1, 2, 7, 23, 35, 50, 125], 3.5.c_h_x, -22 
(2, 9, 22), [1, 2, 9, 22, 45, 50, 125], 3.5.c_j_w, -55 
(2, 11, 13), [1, 2, 11, 13, 55, 50, 125], 3.5.c_l_n, -104 
(3, -4, -28), [1, 3, -4, -28, -20, 75, 125], 3.5.d_ae_abc, -35 
(3, -4, -26), [1, 3, -4, -26, -20, 75, 125], 3.5.d_ae_aba, -33 
(3, -3, -27), [1, 3, -3, -27, -15, 75, 125], 3.5.d_ad_abb, -27 
(3, -3, -22), [1, 3, -3, -22, -15, 75, 125], 3.5.d_ad_aw, -22 
(3, -2, -18), [1, 3, -2, -18, -10, 75, 125], 3.5.d_ac_as, -13 
(3, -1, -17), [1, 3, -1, -17, -5, 75, 125], 3.5.d_ab_ar, -9 
(3, 0, -16), [1, 3, 0, -16, 0, 75, 125], 3.5.d_a_aq, -7 
(3, 1, -8), [1, 3, 1, -8, 5, 75, 125], 3.5.d_b_ai, 0 
(3, 1, -4), [1, 3, 1, -4, 5, 75, 125], 3.5.d_b_ae, 4 
(3, 2, -2), [1, 3, 2, -2, 10, 75, 125], 3.5.d_c_ac, 3 
(3, 3, 4), [1, 3, 3, 4, 15, 75, 125], 3.5.d_d_e, 4 
(3, 4, 8), [1, 3, 4, 8, 20, 75, 125], 3.5.d_e_i, 1 
(3, 7, 8), [1, 3, 7, 8, 35, 75, 125], 3.5.d_h_i, -32 
(3, 8, 28), [1, 3, 8, 28, 40, 75, 125], 3.5.d_i_bc, -27 
(3, 10, 22), [1, 3, 10, 22, 50, 75, 125], 3.5.d_k_w, -69 
(3, 15, 29), [1, 3, 15, 29, 75, 75, 125], 3.5.d_p_bd, -187 
(4, 1, -14), [1, 4, 1, -14, 5, 100, 125], 3.5.e_b_ao, 1 
(4, 3, -7), [1, 4, 3, -7, 15, 100, 125], 3.5.e_d_ah, 0 
(4, 5, -1), [1, 4, 5, -1, 25, 100, 125], 3.5.e_f_ab, -10 
(4, 5, 3), [1, 4, 5, 3, 25, 100, 125], 3.5.e_f_d, -6 
(4, 13, 29), [1, 4, 13, 29, 65, 100, 125], 3.5.e_n_bd, -124 
(4, 13, 39), [1, 4, 13, 39, 65, 100, 125], 3.5.e_n_bn, -114 
(4, 16, 36), [1, 4, 16, 36, 80, 100, 125], 3.5.e_q_bk, -204 
(5, 8, 8), [1, 5, 8, 8, 40, 125, 125], 3.5.f_i_i, -31 
(5, 12, 26), [1, 5, 12, 26, 60, 125, 125], 3.5.f_m_ba, -93 
(5, 13, 28), [1, 5, 13, 28, 65, 125, 125], 3.5.f_n_bc, -116 
(5, 17, 39), [1, 5, 17, 39, 85, 125, 125], 3.5.f_r_bn, -225 
(6, 15, 29), [1, 6, 15, 29, 75, 150, 125], 3.5.g_p_bd, -160 
(6, 19, 47), [1, 6, 19, 47, 95, 150, 125], 3.5.g_t_bv, -278 
(6, 23, 61), [1, 6, 23, 61, 115, 150, 125], 3.5.g_x_cj, -432 
