(-10, 45, -143), [1, -10, 45, -143, 405, -810, 729], 3.9.ak_bt_afn, -2068 
(-10, 47, -154), [1, -10, 47, -154, 423, -810, 729], 3.9.ak_bv_afy, -2263 
(-10, 49, -166), [1, -10, 49, -166, 441, -810, 729], 3.9.ak_bx_agk, -2467 
(-10, 50, -172), [1, -10, 50, -172, 450, -810, 729], 3.9.ak_by_agq, -2572 
(-10, 51, -179), [1, -10, 51, -179, 459, -810, 729], 3.9.ak_bz_agx, -2680 
(-10, 52, -182), [1, -10, 52, -182, 468, -810, 729], 3.9.ak_ca_aha, -2786 
(-10, 53, -191), [1, -10, 53, -191, 477, -810, 729], 3.9.ak_cb_ahj, -2900 
(-10, 53, -187), [1, -10, 53, -187, 477, -810, 729], 3.9.ak_cb_ahf, -2896 
(-10, 54, -196), [1, -10, 54, -196, 486, -810, 729], 3.9.ak_cc_aho, -3012 
(-10, 55, -202), [1, -10, 55, -202, 495, -810, 729], 3.9.ak_cd_ahu, -3127 
(-10, 55, -197), [1, -10, 55, -197, 495, -810, 729], 3.9.ak_cd_ahp, -3122 
(-10, 56, -202), [1, -10, 56, -202, 504, -810, 729], 3.9.ak_ce_ahu, -3238 
(-10, 57, -206), [1, -10, 57, -206, 513, -810, 729], 3.9.ak_cf_ahy, -3355 
(-9, 35, -101), [1, -9, 35, -101, 315, -729, 729], 3.9.aj_bj_adx, -1245 
(-9, 37, -113), [1, -9, 37, -113, 333, -729, 729], 3.9.aj_bl_aej, -1401 
(-9, 40, -130), [1, -9, 40, -130, 360, -729, 729], 3.9.aj_bo_afa, -1649 
(-9, 43, -148), [1, -9, 43, -148, 387, -729, 729], 3.9.aj_br_afs, -1916 
(-9, 44, -154), [1, -9, 44, -154, 396, -729, 729], 3.9.aj_bs_afy, -2009 
(-9, 44, -148), [1, -9, 44, -148, 396, -729, 729], 3.9.aj_bs_afs, -2003 
(-9, 45, -160), [1, -9, 45, -160, 405, -729, 729], 3.9.aj_bt_age, -2104 
(-9, 46, -164), [1, -9, 46, -164, 414, -729, 729], 3.9.aj_bu_agi, -2199 
(-9, 47, -173), [1, -9, 47, -173, 423, -729, 729], 3.9.aj_bv_agr, -2301 
(-9, 47, -172), [1, -9, 47, -172, 423, -729, 729], 3.9.aj_bv_agq, -2300 
(-9, 47, -169), [1, -9, 47, -169, 423, -729, 729], 3.9.aj_bv_agn, -2297 
(-9, 47, -167), [1, -9, 47, -167, 423, -729, 729], 3.9.aj_bv_agl, -2295 
(-9, 48, -170), [1, -9, 48, -170, 432, -729, 729], 3.9.aj_bw_ago, -2393 
(-9, 49, -175), [1, -9, 49, -175, 441, -729, 729], 3.9.aj_bx_agt, -2495 
(-9, 49, -173), [1, -9, 49, -173, 441, -729, 729], 3.9.aj_bx_agr, -2493 
(-9, 50, -176), [1, -9, 50, -176, 450, -729, 729], 3.9.aj_by_agu, -2595 
(-9, 51, -179), [1, -9, 51, -179, 459, -729, 729], 3.9.aj_bz_agx, -2699 
(-8, 23, -47), [1, -8, 23, -47, 207, -648, 729], 3.9.ai_x_abv, -512 
(-8, 24, -52), [1, -8, 24, -52, 216, -648, 729], 3.9.ai_y_aca, -564 
(-8, 31, -95), [1, -8, 31, -95, 279, -648, 729], 3.9.ai_bf_adr, -992 
(-8, 35, -113), [1, -8, 35, -113, 315, -648, 729], 3.9.ai_bj_aej, -1274 
(-8, 37, -130), [1, -8, 37, -130, 333, -648, 729], 3.9.ai_bl_afa, -1435 
(-8, 39, -143), [1, -8, 39, -143, 351, -648, 729], 3.9.ai_bn_afn, -1600 
(-8, 40, -148), [1, -8, 40, -148, 360, -648, 729], 3.9.ai_bo_afs, -1684 
(-8, 40, -136), [1, -8, 40, -136, 360, -648, 729], 3.9.ai_bo_afg, -1672 
(-8, 41, -143), [1, -8, 41, -143, 369, -648, 729], 3.9.ai_bp_afn, -1760 
(-8, 41, -137), [1, -8, 41, -137, 369, -648, 729], 3.9.ai_bp_afh, -1754 
(-8, 42, -148), [1, -8, 42, -148, 378, -648, 729], 3.9.ai_bq_afs, -1848 
(-8, 43, -151), [1, -8, 43, -151, 387, -648, 729], 3.9.ai_br_afv, -1936 
(-8, 44, -152), [1, -8, 44, -152, 396, -648, 729], 3.9.ai_bs_afw, -2024 
(-7, 15, -17), [1, -7, 15, -17, 135, -567, 729], 3.9.ah_p_ar, -193 
(-7, 20, -46), [1, -7, 20, -46, 180, -567, 729], 3.9.ah_u_abu, -397 
(-7, 21, -49), [1, -7, 21, -49, 189, -567, 729], 3.9.ah_v_abx, -441 
(-7, 26, -82), [1, -7, 26, -82, 234, -567, 729], 3.9.ah_ba_ade, -709 
(-7, 30, -104), [1, -7, 30, -104, 270, -567, 729], 3.9.ah_be_aea, -955 
(-7, 32, -118), [1, -7, 32, -118, 288, -567, 729], 3.9.ah_bg_aeo, -1093 
(-7, 36, -122), [1, -7, 36, -122, 324, -567, 729], 3.9.ah_bk_aes, -1369 
(-7, 37, -119), [1, -7, 37, -119, 333, -567, 729], 3.9.ah_bl_aep, -1439 
(-7, 38, -130), [1, -7, 38, -130, 342, -567, 729], 3.9.ah_bm_afa, -1525 
(-7, 38, -124), [1, -7, 38, -124, 342, -567, 729], 3.9.ah_bm_aeu, -1519 
(-7, 41, -133), [1, -7, 41, -133, 369, -567, 729], 3.9.ah_bp_afd, -1765 
(-6, -1, 61), [1, -6, -1, 61, -9, -486, 729], 3.9.ag_ab_cj, 96 
(-6, 1, 49), [1, -6, 1, 49, 9, -486, 729], 3.9.ag_b_bx, 84 
(-6, 2, 44), [1, -6, 2, 44, 18, -486, 729], 3.9.ag_c_bs, 76 
(-6, 3, 38), [1, -6, 3, 38, 27, -486, 729], 3.9.ag_d_bm, 65 
(-6, 5, 25), [1, -6, 5, 25, 45, -486, 729], 3.9.ag_f_z, 36 
(-6, 5, 26), [1, -6, 5, 26, 45, -486, 729], 3.9.ag_f_ba, 37 
(-6, 5, 28), [1, -6, 5, 28, 45, -486, 729], 3.9.ag_f_bc, 39 
(-6, 7, 13), [1, -6, 7, 13, 63, -486, 729], 3.9.ag_h_n, 0 
(-6, 11, -11), [1, -6, 11, -11, 99, -486, 729], 3.9.ag_l_al, -96 
(-6, 11, -5), [1, -6, 11, -5, 99, -486, 729], 3.9.ag_l_af, -90 
(-6, 15, -35), [1, -6, 15, -35, 135, -486, 729], 3.9.ag_p_abj, -224 
(-6, 17, -41), [1, -6, 17, -41, 153, -486, 729], 3.9.ag_r_abp, -294 
(-6, 18, -44), [1, -6, 18, -44, 162, -486, 729], 3.9.ag_s_abs, -332 
(-6, 21, -71), [1, -6, 21, -71, 189, -486, 729], 3.9.ag_v_act, -476 
(-6, 22, -64), [1, -6, 22, -64, 198, -486, 729], 3.9.ag_w_acm, -512 
(-6, 25, -95), [1, -6, 25, -95, 225, -486, 729], 3.9.ag_z_adr, -684 
(-6, 27, -106), [1, -6, 27, -106, 243, -486, 729], 3.9.ag_bb_aec, -799 
(-6, 29, -107), [1, -6, 29, -107, 261, -486, 729], 3.9.ag_bd_aed, -912 
(-6, 29, -103), [1, -6, 29, -103, 261, -486, 729], 3.9.ag_bd_adz, -908 
(-6, 29, -89), [1, -6, 29, -89, 261, -486, 729], 3.9.ag_bd_adl, -894 
(-6, 29, -86), [1, -6, 29, -86, 261, -486, 729], 3.9.ag_bd_adi, -891 
(-6, 29, -85), [1, -6, 29, -85, 261, -486, 729], 3.9.ag_bd_adh, -890 
(-6, 35, -109), [1, -6, 35, -109, 315, -486, 729], 3.9.ag_bj_aef, -1298 
(-5, -8, 86), [1, -5, -8, 86, -72, -405, 729], 3.9.af_ai_di, 47 
(-5, -7, 79), [1, -5, -7, 79, -63, -405, 729], 3.9.af_ah_db, 55 
(-5, -6, 74), [1, -5, -6, 74, -54, -405, 729], 3.9.af_ag_cw, 63 
(-5, -5, 67), [1, -5, -5, 67, -45, -405, 729], 3.9.af_af_cp, 67 
(-5, -5, 68), [1, -5, -5, 68, -45, -405, 729], 3.9.af_af_cq, 68 
(-5, -5, 71), [1, -5, -5, 71, -45, -405, 729], 3.9.af_af_ct, 71 
(-5, -4, 64), [1, -5, -4, 64, -36, -405, 729], 3.9.af_ae_cm, 73 
(-5, -3, 58), [1, -5, -3, 58, -27, -405, 729], 3.9.af_ad_cg, 74 
(-5, -2, 50), [1, -5, -2, 50, -18, -405, 729], 3.9.af_ac_by, 71 
(-5, -1, 46), [1, -5, -1, 46, -9, -405, 729], 3.9.af_ab_bu, 70 
(-5, -1, 49), [1, -5, -1, 49, -9, -405, 729], 3.9.af_ab_bx, 73 
(-5, 0, 38), [1, -5, 0, 38, 0, -405, 729], 3.9.af_a_bm, 63 
(-5, 3, 23), [1, -5, 3, 23, 27, -405, 729], 3.9.af_d_x, 39 
(-5, 3, 29), [1, -5, 3, 29, 27, -405, 729], 3.9.af_d_bd, 45 
(-5, 4, 22), [1, -5, 4, 22, 36, -405, 729], 3.9.af_e_w, 31 
(-5, 5, 19), [1, -5, 5, 19, 45, -405, 729], 3.9.af_f_t, 19 
(-5, 7, 4), [1, -5, 7, 4, 63, -405, 729], 3.9.af_h_e, -20 
(-5, 7, 8), [1, -5, 7, 8, 63, -405, 729], 3.9.af_h_i, -16 
(-5, 10, -4), [1, -5, 10, -4, 90, -405, 729], 3.9.af_k_ae, -79 
(-5, 11, -8), [1, -5, 11, -8, 99, -405, 729], 3.9.af_l_ai, -104 
(-5, 13, -40), [1, -5, 13, -40, 117, -405, 729], 3.9.af_n_abo, -184 
(-5, 21, -89), [1, -5, 21, -89, 189, -405, 729], 3.9.af_v_adl, -505 
(-5, 22, -88), [1, -5, 22, -88, 198, -405, 729], 3.9.af_w_adk, -547 
(-5, 25, -88), [1, -5, 25, -88, 225, -405, 729], 3.9.af_z_adk, -688 
(-5, 26, -74), [1, -5, 26, -74, 234, -405, 729], 3.9.af_ba_acw, -725 
(-5, 27, -89), [1, -5, 27, -89, 243, -405, 729], 3.9.af_bb_adl, -793 
(-5, 27, -88), [1, -5, 27, -88, 243, -405, 729], 3.9.af_bb_adk, -792 
(-5, 27, -76), [1, -5, 27, -76, 243, -405, 729], 3.9.af_bb_acy, -780 
(-5, 31, -85), [1, -5, 31, -85, 279, -405, 729], 3.9.af_bf_adh, -1021 
(-4, -8, 76), [1, -4, -8, 76, -72, -324, 729], 3.9.ae_ai_cy, 28 
(-4, -7, 61), [1, -4, -7, 61, -63, -324, 729], 3.9.ae_ah_cj, 28 
(-4, -7, 65), [1, -4, -7, 65, -63, -324, 729], 3.9.ae_ah_cn, 32 
(-4, -7, 67), [1, -4, -7, 67, -63, -324, 729], 3.9.ae_ah_cp, 34 
(-4, -6, 56), [1, -4, -6, 56, -54, -324, 729], 3.9.ae_ag_ce, 36 
(-4, -5, 49), [1, -4, -5, 49, -45, -324, 729], 3.9.ae_af_bx, 40 
(-4, -5, 53), [1, -4, -5, 53, -45, -324, 729], 3.9.ae_af_cb, 44 
(-4, -5, 59), [1, -4, -5, 59, -45, -324, 729], 3.9.ae_af_ch, 50 
(-4, -5, 61), [1, -4, -5, 61, -45, -324, 729], 3.9.ae_af_cj, 52 
(-4, -4, 56), [1, -4, -4, 56, -36, -324, 729], 3.9.ae_ae_ce, 56 
(-4, -3, 37), [1, -4, -3, 37, -27, -324, 729], 3.9.ae_ad_bl, 44 
(-4, -3, 41), [1, -4, -3, 41, -27, -324, 729], 3.9.ae_ad_bp, 48 
(-4, -3, 47), [1, -4, -3, 47, -27, -324, 729], 3.9.ae_ad_bv, 54 
(-4, -3, 49), [1, -4, -3, 49, -27, -324, 729], 3.9.ae_ad_bx, 56 
(-4, -1, 25), [1, -4, -1, 25, -9, -324, 729], 3.9.ae_ab_z, 40 
(-4, -1, 29), [1, -4, -1, 29, -9, -324, 729], 3.9.ae_ab_bd, 44 
(-4, -1, 35), [1, -4, -1, 35, -9, -324, 729], 3.9.ae_ab_bj, 50 
(-4, 0, 20), [1, -4, 0, 20, 0, -324, 729], 3.9.ae_a_u, 36 
(-4, 1, 13), [1, -4, 1, 13, 9, -324, 729], 3.9.ae_b_n, 28 
(-4, 1, 14), [1, -4, 1, 14, 9, -324, 729], 3.9.ae_b_o, 29 
(-4, 1, 22), [1, -4, 1, 22, 9, -324, 729], 3.9.ae_b_w, 37 
(-4, 3, 19), [1, -4, 3, 19, 27, -324, 729], 3.9.ae_d_t, 26 
(-4, 5, 17), [1, -4, 5, 17, 45, -324, 729], 3.9.ae_f_r, 8 
(-4, 7, 7), [1, -4, 7, 7, 63, -324, 729], 3.9.ae_h_h, -26 
(-4, 15, -71), [1, -4, 15, -71, 135, -324, 729], 3.9.ae_p_act, -280 
(-4, 15, -43), [1, -4, 15, -43, 135, -324, 729], 3.9.ae_p_abr, -252 
(-4, 15, -29), [1, -4, 15, -29, 135, -324, 729], 3.9.ae_p_abd, -238 
(-4, 15, -25), [1, -4, 15, -25, 135, -324, 729], 3.9.ae_p_az, -234 
(-4, 19, -43), [1, -4, 19, -43, 171, -324, 729], 3.9.ae_t_abr, -388 
(-4, 24, -68), [1, -4, 24, -68, 216, -324, 729], 3.9.ae_y_acq, -628 
(-4, 24, -64), [1, -4, 24, -64, 216, -324, 729], 3.9.ae_y_acm, -624 
(-4, 25, -59), [1, -4, 25, -59, 225, -324, 729], 3.9.ae_z_ach, -668 
(-4, 27, -71), [1, -4, 27, -71, 243, -324, 729], 3.9.ae_bb_act, -784 
(-4, 27, -65), [1, -4, 27, -65, 243, -324, 729], 3.9.ae_bb_acn, -778 
(-4, 29, -70), [1, -4, 29, -70, 261, -324, 729], 3.9.ae_bd_acs, -895 
(-3, -8, 50), [1, -3, -8, 50, -72, -243, 729], 3.9.ad_ai_by, -5 
(-3, -8, 58), [1, -3, -8, 58, -72, -243, 729], 3.9.ad_ai_cg, 3 
(-3, -7, 52), [1, -3, -7, 52, -63, -243, 729], 3.9.ad_ah_ca, 12 
(-3, -7, 53), [1, -3, -7, 53, -63, -243, 729], 3.9.ad_ah_cb, 13 
(-3, -7, 61), [1, -3, -7, 61, -63, -243, 729], 3.9.ad_ah_cj, 21 
(-3, -7, 64), [1, -3, -7, 64, -63, -243, 729], 3.9.ad_ah_cm, 24 
(-3, -7, 65), [1, -3, -7, 65, -63, -243, 729], 3.9.ad_ah_cn, 25 
(-3, -6, 56), [1, -3, -6, 56, -54, -243, 729], 3.9.ad_ag_ce, 29 
(-3, -6, 64), [1, -3, -6, 64, -54, -243, 729], 3.9.ad_ag_cm, 37 
(-3, -5, 32), [1, -3, -5, 32, -45, -243, 729], 3.9.ad_af_bg, 16 
(-3, -5, 35), [1, -3, -5, 35, -45, -243, 729], 3.9.ad_af_bj, 19 
(-3, -5, 59), [1, -3, -5, 59, -45, -243, 729], 3.9.ad_af_ch, 43 
(-3, -4, 34), [1, -3, -4, 34, -36, -243, 729], 3.9.ad_ae_bi, 27 
(-3, -1, 32), [1, -3, -1, 32, -9, -243, 729], 3.9.ad_ab_bg, 40 
(-3, -1, 41), [1, -3, -1, 41, -9, -243, 729], 3.9.ad_ab_bp, 49 
(-3, 8, 2), [1, -3, 8, 2, 72, -243, 729], 3.9.ad_i_c, -53 
(-3, 11, -65), [1, -3, 11, -65, 99, -243, 729], 3.9.ad_l_acn, -177 
(-3, 11, -64), [1, -3, 11, -64, 99, -243, 729], 3.9.ad_l_acm, -176 
(-3, 11, -61), [1, -3, 11, -61, 99, -243, 729], 3.9.ad_l_acj, -173 
(-3, 23, -55), [1, -3, 23, -55, 207, -243, 729], 3.9.ad_x_acd, -575 
(-3, 23, -49), [1, -3, 23, -49, 207, -243, 729], 3.9.ad_x_abx, -569 
(-3, 23, -47), [1, -3, 23, -47, 207, -243, 729], 3.9.ad_x_abv, -567 
(-3, 23, -44), [1, -3, 23, -44, 207, -243, 729], 3.9.ad_x_abs, -564 
(-3, 23, -41), [1, -3, 23, -41, 207, -243, 729], 3.9.ad_x_abp, -561 
(-3, 24, -46), [1, -3, 24, -46, 216, -243, 729], 3.9.ad_y_abu, -613 
(-3, 25, -53), [1, -3, 25, -53, 225, -243, 729], 3.9.ad_z_acb, -669 
(-3, 26, -52), [1, -3, 26, -52, 234, -243, 729], 3.9.ad_ba_aca, -719 
(-3, 26, -50), [1, -3, 26, -50, 234, -243, 729], 3.9.ad_ba_aby, -717 
(-2, -7, 35), [1, -2, -7, 35, -63, -162, 729], 3.9.ac_ah_bj, -10 
(-2, -7, 43), [1, -2, -7, 43, -63, -162, 729], 3.9.ac_ah_br, -2 
(-2, -7, 46), [1, -2, -7, 46, -63, -162, 729], 3.9.ac_ah_bu, 1 
(-2, -7, 47), [1, -2, -7, 47, -63, -162, 729], 3.9.ac_ah_bv, 2 
(-2, -6, 20), [1, -2, -6, 20, -54, -162, 729], 3.9.ac_ag_u, -12 
(-2, -5, 13), [1, -2, -5, 13, -45, -162, 729], 3.9.ac_af_n, -8 
(-2, -5, 19), [1, -2, -5, 19, -45, -162, 729], 3.9.ac_af_t, -2 
(-2, -5, 35), [1, -2, -5, 35, -45, -162, 729], 3.9.ac_af_bj, 14 
(-2, -5, 43), [1, -2, -5, 43, -45, -162, 729], 3.9.ac_af_br, 22 
(-2, -5, 47), [1, -2, -5, 47, -45, -162, 729], 3.9.ac_af_bv, 26 
(-2, -5, 50), [1, -2, -5, 50, -45, -162, 729], 3.9.ac_af_by, 29 
(-2, -5, 55), [1, -2, -5, 55, -45, -162, 729], 3.9.ac_af_cd, 34 
(-2, -5, 56), [1, -2, -5, 56, -45, -162, 729], 3.9.ac_af_ce, 35 
(-2, -5, 58), [1, -2, -5, 58, -45, -162, 729], 3.9.ac_af_cg, 37 
(-2, -3, 1), [1, -2, -3, 1, -27, -162, 729], 3.9.ac_ad_b, -4 
(-2, -3, 5), [1, -2, -3, 5, -27, -162, 729], 3.9.ac_ad_f, 0 
(-2, -3, 41), [1, -2, -3, 41, -27, -162, 729], 3.9.ac_ad_bp, 36 
(-2, -3, 47), [1, -2, -3, 47, -27, -162, 729], 3.9.ac_ad_bv, 42 
(-2, -3, 50), [1, -2, -3, 50, -27, -162, 729], 3.9.ac_ad_by, 45 
(-2, -1, 43), [1, -2, -1, 43, -9, -162, 729], 3.9.ac_ab_br, 46 
(-2, 1, -23), [1, -2, 1, -23, 9, -162, 729], 3.9.ac_b_ax, -20 
(-2, 1, 11), [1, -2, 1, 11, 9, -162, 729], 3.9.ac_b_l, 14 
(-2, 3, -34), [1, -2, 3, -34, 27, -162, 729], 3.9.ac_d_abi, -39 
(-2, 3, 23), [1, -2, 3, 23, 27, -162, 729], 3.9.ac_d_x, 18 
(-2, 3, 29), [1, -2, 3, 29, 27, -162, 729], 3.9.ac_d_bd, 24 
(-2, 6, -52), [1, -2, 6, -52, 54, -162, 729], 3.9.ac_g_aca, -84 
(-2, 7, -58), [1, -2, 7, -58, 63, -162, 729], 3.9.ac_h_acg, -103 
(-2, 7, -55), [1, -2, 7, -55, 63, -162, 729], 3.9.ac_h_acd, -100 
(-2, 9, -7), [1, -2, 9, -7, 81, -162, 729], 3.9.ac_j_ah, -84 
(-2, 11, -29), [1, -2, 11, -29, 99, -162, 729], 3.9.ac_l_abd, -146 
(-2, 17, -37), [1, -2, 17, -37, 153, -162, 729], 3.9.ac_r_abl, -322 
(-2, 18, -40), [1, -2, 18, -40, 162, -162, 729], 3.9.ac_s_abo, -360 
(-2, 19, -37), [1, -2, 19, -37, 171, -162, 729], 3.9.ac_t_abl, -394 
(-2, 19, -31), [1, -2, 19, -31, 171, -162, 729], 3.9.ac_t_abf, -388 
(-2, 21, -38), [1, -2, 21, -38, 189, -162, 729], 3.9.ac_v_abm, -475 
(-2, 21, -25), [1, -2, 21, -25, 189, -162, 729], 3.9.ac_v_az, -462 
(-2, 23, -35), [1, -2, 23, -35, 207, -162, 729], 3.9.ac_x_abj, -560 
(-2, 25, -34), [1, -2, 25, -34, 225, -162, 729], 3.9.ac_z_abi, -655 
(-1, -8, 14), [1, -1, -8, 14, -72, -81, 729], 3.9.ab_ai_o, -49 
(-1, -8, 22), [1, -1, -8, 22, -72, -81, 729], 3.9.ab_ai_w, -41 
(-1, -6, 2), [1, -1, -6, 2, -54, -81, 729], 3.9.ab_ag_c, -33 
(-1, -6, 4), [1, -1, -6, 4, -54, -81, 729], 3.9.ab_ag_e, -31 
(-1, -5, 28), [1, -1, -5, 28, -45, -81, 729], 3.9.ab_af_bc, 4 
(-1, -5, 35), [1, -1, -5, 35, -45, -81, 729], 3.9.ab_af_bj, 11 
(-1, -5, 38), [1, -1, -5, 38, -45, -81, 729], 3.9.ab_af_bm, 14 
(-1, -4, -10), [1, -1, -4, -10, -36, -81, 729], 3.9.ab_ae_ak, -25 
(-1, -4, 38), [1, -1, -4, 38, -36, -81, 729], 3.9.ab_ae_bm, 23 
(-1, -3, 53), [1, -1, -3, 53, -27, -81, 729], 3.9.ab_ad_cb, 45 
(-1, -2, 52), [1, -1, -2, 52, -18, -81, 729], 3.9.ab_ac_ca, 49 
(-1, -1, -28), [1, -1, -1, -28, -9, -81, 729], 3.9.ab_ab_abc, -28 
(-1, -1, 49), [1, -1, -1, 49, -9, -81, 729], 3.9.ab_ab_bx, 49 
(-1, 0, 46), [1, -1, 0, 46, 0, -81, 729], 3.9.ab_a_bu, 47 
(-1, 1, 37), [1, -1, 1, 37, 9, -81, 729], 3.9.ab_b_bl, 37 
(-1, 3, -53), [1, -1, 3, -53, 27, -81, 729], 3.9.ab_d_acb, -61 
(-1, 8, -34), [1, -1, 8, -34, 72, -81, 729], 3.9.ab_i_abi, -97 
(-1, 13, 4), [1, -1, 13, 4, 117, -81, 729], 3.9.ab_n_e, -164 
(-1, 17, -7), [1, -1, 17, -7, 153, -81, 729], 3.9.ab_r_ah, -295 
(-1, 19, -16), [1, -1, 19, -16, 171, -81, 729], 3.9.ab_t_aq, -376 
(-1, 20, -22), [1, -1, 20, -22, 180, -81, 729], 3.9.ab_u_aw, -421 
(-1, 20, -10), [1, -1, 20, -10, 180, -81, 729], 3.9.ab_u_ak, -409 
(-1, 21, -20), [1, -1, 21, -20, 189, -81, 729], 3.9.ab_v_au, -460 
(-1, 21, -17), [1, -1, 21, -17, 189, -81, 729], 3.9.ab_v_ar, -457 
(-1, 21, -11), [1, -1, 21, -11, 189, -81, 729], 3.9.ab_v_al, -451 
(-1, 23, -16), [1, -1, 23, -16, 207, -81, 729], 3.9.ab_x_aq, -544 
(0, -7, -11), [1, 0, -7, -11, -63, 0, 729], 3.9.a_ah_al, -60 
(0, -7, -10), [1, 0, -7, -10, -63, 0, 729], 3.9.a_ah_ak, -59 
(0, -7, -7), [1, 0, -7, -7, -63, 0, 729], 3.9.a_ah_ah, -56 
(0, -7, -5), [1, 0, -7, -5, -63, 0, 729], 3.9.a_ah_af, -54 
(0, -7, -1), [1, 0, -7, -1, -63, 0, 729], 3.9.a_ah_ab, -50 
(0, -7, 1), [1, 0, -7, 1, -63, 0, 729], 3.9.a_ah_b, -48 
(0, -7, 5), [1, 0, -7, 5, -63, 0, 729], 3.9.a_ah_f, -44 
(0, -7, 7), [1, 0, -7, 7, -63, 0, 729], 3.9.a_ah_h, -42 
(0, -7, 10), [1, 0, -7, 10, -63, 0, 729], 3.9.a_ah_k, -39 
(0, -7, 11), [1, 0, -7, 11, -63, 0, 729], 3.9.a_ah_l, -38 
(0, -6, -16), [1, 0, -6, -16, -54, 0, 729], 3.9.a_ag_aq, -52 
(0, -6, 16), [1, 0, -6, 16, -54, 0, 729], 3.9.a_ag_q, -20 
(0, -5, -23), [1, 0, -5, -23, -45, 0, 729], 3.9.a_af_ax, -48 
(0, -5, -19), [1, 0, -5, -19, -45, 0, 729], 3.9.a_af_at, -44 
(0, -5, -11), [1, 0, -5, -11, -45, 0, 729], 3.9.a_af_al, -36 
(0, -5, -7), [1, 0, -5, -7, -45, 0, 729], 3.9.a_af_ah, -32 
(0, -5, 7), [1, 0, -5, 7, -45, 0, 729], 3.9.a_af_h, -18 
(0, -5, 11), [1, 0, -5, 11, -45, 0, 729], 3.9.a_af_l, -14 
(0, -5, 19), [1, 0, -5, 19, -45, 0, 729], 3.9.a_af_t, -6 
(0, -5, 23), [1, 0, -5, 23, -45, 0, 729], 3.9.a_af_x, -2 
(0, -3, -35), [1, 0, -3, -35, -27, 0, 729], 3.9.a_ad_abj, -44 
(0, -3, 35), [1, 0, -3, 35, -27, 0, 729], 3.9.a_ad_bj, 26 
(0, -1, -47), [1, 0, -1, -47, -9, 0, 729], 3.9.a_ab_abv, -48 
(0, -1, -41), [1, 0, -1, -41, -9, 0, 729], 3.9.a_ab_abp, -42 
(0, -1, -7), [1, 0, -1, -7, -9, 0, 729], 3.9.a_ab_ah, -8 
(0, -1, 7), [1, 0, -1, 7, -9, 0, 729], 3.9.a_ab_h, 6 
(0, -1, 41), [1, 0, -1, 41, -9, 0, 729], 3.9.a_ab_bp, 40 
(0, -1, 47), [1, 0, -1, 47, -9, 0, 729], 3.9.a_ab_bv, 46 
(0, 0, -52), [1, 0, 0, -52, 0, 0, 729], 3.9.a_a_aca, -52 
(0, 0, 52), [1, 0, 0, 52, 0, 0, 729], 3.9.a_a_ca, 52 
(0, 1, -49), [1, 0, 1, -49, 9, 0, 729], 3.9.a_b_abx, -50 
(0, 1, -47), [1, 0, 1, -47, 9, 0, 729], 3.9.a_b_abv, -48 
(0, 1, -37), [1, 0, 1, -37, 9, 0, 729], 3.9.a_b_abl, -38 
(0, 1, 37), [1, 0, 1, 37, 9, 0, 729], 3.9.a_b_bl, 36 
(0, 1, 47), [1, 0, 1, 47, 9, 0, 729], 3.9.a_b_bv, 46 
(0, 1, 49), [1, 0, 1, 49, 9, 0, 729], 3.9.a_b_bx, 48 
(0, 2, -40), [1, 0, 2, -40, 18, 0, 729], 3.9.a_c_abo, -44 
(0, 2, 40), [1, 0, 2, 40, 18, 0, 729], 3.9.a_c_bo, 36 
(0, 5, -38), [1, 0, 5, -38, 45, 0, 729], 3.9.a_f_abm, -63 
(0, 5, 38), [1, 0, 5, 38, 45, 0, 729], 3.9.a_f_bm, 13 
(0, 7, -31), [1, 0, 7, -31, 63, 0, 729], 3.9.a_h_abf, -80 
(0, 7, 31), [1, 0, 7, 31, 63, 0, 729], 3.9.a_h_bf, -18 
(0, 11, -19), [1, 0, 11, -19, 99, 0, 729], 3.9.a_l_at, -140 
(0, 11, -11), [1, 0, 11, -11, 99, 0, 729], 3.9.a_l_al, -132 
(0, 11, 11), [1, 0, 11, 11, 99, 0, 729], 3.9.a_l_l, -110 
(0, 11, 19), [1, 0, 11, 19, 99, 0, 729], 3.9.a_l_t, -102 
(0, 17, -7), [1, 0, 17, -7, 153, 0, 729], 3.9.a_r_ah, -296 
(0, 17, 7), [1, 0, 17, 7, 153, 0, 729], 3.9.a_r_h, -282 
(0, 21, -1), [1, 0, 21, -1, 189, 0, 729], 3.9.a_v_ab, -442 
(0, 21, 1), [1, 0, 21, 1, 189, 0, 729], 3.9.a_v_b, -440 
(0, 23, -2), [1, 0, 23, -2, 207, 0, 729], 3.9.a_x_ac, -531 
(0, 23, -1), [1, 0, 23, -1, 207, 0, 729], 3.9.a_x_ab, -530 
(0, 23, 1), [1, 0, 23, 1, 207, 0, 729], 3.9.a_x_b, -528 
(0, 23, 2), [1, 0, 23, 2, 207, 0, 729], 3.9.a_x_c, -527 
(1, -8, -22), [1, 1, -8, -22, -72, 81, 729], 3.9.b_ai_aw, -85 
(1, -8, -14), [1, 1, -8, -14, -72, 81, 729], 3.9.b_ai_ao, -77 
(1, -6, -4), [1, 1, -6, -4, -54, 81, 729], 3.9.b_ag_ae, -39 
(1, -6, -2), [1, 1, -6, -2, -54, 81, 729], 3.9.b_ag_ac, -37 
(1, -5, -38), [1, 1, -5, -38, -45, 81, 729], 3.9.b_af_abm, -62 
(1, -5, -35), [1, 1, -5, -35, -45, 81, 729], 3.9.b_af_abj, -59 
(1, -5, -28), [1, 1, -5, -28, -45, 81, 729], 3.9.b_af_abc, -52 
(1, -4, -38), [1, 1, -4, -38, -36, 81, 729], 3.9.b_ae_abm, -53 
(1, -4, 10), [1, 1, -4, 10, -36, 81, 729], 3.9.b_ae_k, -5 
(1, -3, -53), [1, 1, -3, -53, -27, 81, 729], 3.9.b_ad_acb, -61 
(1, -2, -52), [1, 1, -2, -52, -18, 81, 729], 3.9.b_ac_aca, -55 
(1, -1, -49), [1, 1, -1, -49, -9, 81, 729], 3.9.b_ab_abx, -49 
(1, -1, 28), [1, 1, -1, 28, -9, 81, 729], 3.9.b_ab_bc, 28 
(1, 0, -46), [1, 1, 0, -46, 0, 81, 729], 3.9.b_a_abu, -45 
(1, 1, -37), [1, 1, 1, -37, 9, 81, 729], 3.9.b_b_abl, -37 
(1, 3, 53), [1, 1, 3, 53, 27, 81, 729], 3.9.b_d_cb, 45 
(1, 8, 34), [1, 1, 8, 34, 72, 81, 729], 3.9.b_i_bi, -29 
(1, 13, -4), [1, 1, 13, -4, 117, 81, 729], 3.9.b_n_ae, -172 
(1, 17, 7), [1, 1, 17, 7, 153, 81, 729], 3.9.b_r_h, -281 
(1, 19, 16), [1, 1, 19, 16, 171, 81, 729], 3.9.b_t_q, -344 
(1, 20, 10), [1, 1, 20, 10, 180, 81, 729], 3.9.b_u_k, -389 
(1, 20, 22), [1, 1, 20, 22, 180, 81, 729], 3.9.b_u_w, -377 
(1, 21, 11), [1, 1, 21, 11, 189, 81, 729], 3.9.b_v_l, -429 
(1, 21, 17), [1, 1, 21, 17, 189, 81, 729], 3.9.b_v_r, -423 
(1, 21, 20), [1, 1, 21, 20, 189, 81, 729], 3.9.b_v_u, -420 
(1, 23, 16), [1, 1, 23, 16, 207, 81, 729], 3.9.b_x_q, -512 
(2, -7, -47), [1, 2, -7, -47, -63, 162, 729], 3.9.c_ah_abv, -92 
(2, -7, -46), [1, 2, -7, -46, -63, 162, 729], 3.9.c_ah_abu, -91 
(2, -7, -43), [1, 2, -7, -43, -63, 162, 729], 3.9.c_ah_abr, -88 
(2, -7, -35), [1, 2, -7, -35, -63, 162, 729], 3.9.c_ah_abj, -80 
(2, -6, -20), [1, 2, -6, -20, -54, 162, 729], 3.9.c_ag_au, -52 
(2, -5, -58), [1, 2, -5, -58, -45, 162, 729], 3.9.c_af_acg, -79 
(2, -5, -56), [1, 2, -5, -56, -45, 162, 729], 3.9.c_af_ace, -77 
(2, -5, -55), [1, 2, -5, -55, -45, 162, 729], 3.9.c_af_acd, -76 
(2, -5, -50), [1, 2, -5, -50, -45, 162, 729], 3.9.c_af_aby, -71 
(2, -5, -47), [1, 2, -5, -47, -45, 162, 729], 3.9.c_af_abv, -68 
(2, -5, -43), [1, 2, -5, -43, -45, 162, 729], 3.9.c_af_abr, -64 
(2, -5, -35), [1, 2, -5, -35, -45, 162, 729], 3.9.c_af_abj, -56 
(2, -5, -19), [1, 2, -5, -19, -45, 162, 729], 3.9.c_af_at, -40 
(2, -5, -13), [1, 2, -5, -13, -45, 162, 729], 3.9.c_af_an, -34 
(2, -3, -50), [1, 2, -3, -50, -27, 162, 729], 3.9.c_ad_aby, -55 
(2, -3, -47), [1, 2, -3, -47, -27, 162, 729], 3.9.c_ad_abv, -52 
(2, -3, -41), [1, 2, -3, -41, -27, 162, 729], 3.9.c_ad_abp, -46 
(2, -3, -5), [1, 2, -3, -5, -27, 162, 729], 3.9.c_ad_af, -10 
(2, -3, -1), [1, 2, -3, -1, -27, 162, 729], 3.9.c_ad_ab, -6 
(2, -1, -43), [1, 2, -1, -43, -9, 162, 729], 3.9.c_ab_abr, -40 
(2, 1, -11), [1, 2, 1, -11, 9, 162, 729], 3.9.c_b_al, -8 
(2, 1, 23), [1, 2, 1, 23, 9, 162, 729], 3.9.c_b_x, 26 
(2, 3, -29), [1, 2, 3, -29, 27, 162, 729], 3.9.c_d_abd, -34 
(2, 3, -23), [1, 2, 3, -23, 27, 162, 729], 3.9.c_d_ax, -28 
(2, 3, 34), [1, 2, 3, 34, 27, 162, 729], 3.9.c_d_bi, 29 
(2, 6, 52), [1, 2, 6, 52, 54, 162, 729], 3.9.c_g_ca, 20 
(2, 7, 55), [1, 2, 7, 55, 63, 162, 729], 3.9.c_h_cd, 10 
(2, 7, 58), [1, 2, 7, 58, 63, 162, 729], 3.9.c_h_cg, 13 
(2, 9, 7), [1, 2, 9, 7, 81, 162, 729], 3.9.c_j_h, -70 
(2, 11, 29), [1, 2, 11, 29, 99, 162, 729], 3.9.c_l_bd, -88 
(2, 17, 37), [1, 2, 17, 37, 153, 162, 729], 3.9.c_r_bl, -248 
(2, 18, 40), [1, 2, 18, 40, 162, 162, 729], 3.9.c_s_bo, -280 
(2, 19, 31), [1, 2, 19, 31, 171, 162, 729], 3.9.c_t_bf, -326 
(2, 19, 37), [1, 2, 19, 37, 171, 162, 729], 3.9.c_t_bl, -320 
(2, 21, 25), [1, 2, 21, 25, 189, 162, 729], 3.9.c_v_z, -412 
(2, 21, 38), [1, 2, 21, 38, 189, 162, 729], 3.9.c_v_bm, -399 
(2, 23, 35), [1, 2, 23, 35, 207, 162, 729], 3.9.c_x_bj, -490 
(2, 25, 34), [1, 2, 25, 34, 225, 162, 729], 3.9.c_z_bi, -587 
(3, -8, -58), [1, 3, -8, -58, -72, 243, 729], 3.9.d_ai_acg, -113 
(3, -8, -50), [1, 3, -8, -50, -72, 243, 729], 3.9.d_ai_aby, -105 
(3, -7, -65), [1, 3, -7, -65, -63, 243, 729], 3.9.d_ah_acn, -105 
(3, -7, -64), [1, 3, -7, -64, -63, 243, 729], 3.9.d_ah_acm, -104 
(3, -7, -61), [1, 3, -7, -61, -63, 243, 729], 3.9.d_ah_acj, -101 
(3, -7, -53), [1, 3, -7, -53, -63, 243, 729], 3.9.d_ah_acb, -93 
(3, -7, -52), [1, 3, -7, -52, -63, 243, 729], 3.9.d_ah_aca, -92 
(3, -6, -64), [1, 3, -6, -64, -54, 243, 729], 3.9.d_ag_acm, -91 
(3, -6, -56), [1, 3, -6, -56, -54, 243, 729], 3.9.d_ag_ace, -83 
(3, -5, -59), [1, 3, -5, -59, -45, 243, 729], 3.9.d_af_ach, -75 
(3, -5, -35), [1, 3, -5, -35, -45, 243, 729], 3.9.d_af_abj, -51 
(3, -5, -32), [1, 3, -5, -32, -45, 243, 729], 3.9.d_af_abg, -48 
(3, -4, -34), [1, 3, -4, -34, -36, 243, 729], 3.9.d_ae_abi, -41 
(3, -1, -41), [1, 3, -1, -41, -9, 243, 729], 3.9.d_ab_abp, -33 
(3, -1, -32), [1, 3, -1, -32, -9, 243, 729], 3.9.d_ab_abg, -24 
(3, 8, -2), [1, 3, 8, -2, 72, 243, 729], 3.9.d_i_ac, -57 
(3, 11, 61), [1, 3, 11, 61, 99, 243, 729], 3.9.d_l_cj, -51 
(3, 11, 64), [1, 3, 11, 64, 99, 243, 729], 3.9.d_l_cm, -48 
(3, 11, 65), [1, 3, 11, 65, 99, 243, 729], 3.9.d_l_cn, -47 
(3, 23, 41), [1, 3, 23, 41, 207, 243, 729], 3.9.d_x_bp, -479 
(3, 23, 44), [1, 3, 23, 44, 207, 243, 729], 3.9.d_x_bs, -476 
(3, 23, 47), [1, 3, 23, 47, 207, 243, 729], 3.9.d_x_bv, -473 
(3, 23, 49), [1, 3, 23, 49, 207, 243, 729], 3.9.d_x_bx, -471 
(3, 23, 55), [1, 3, 23, 55, 207, 243, 729], 3.9.d_x_cd, -465 
(3, 24, 46), [1, 3, 24, 46, 216, 243, 729], 3.9.d_y_bu, -521 
(3, 25, 53), [1, 3, 25, 53, 225, 243, 729], 3.9.d_z_cb, -563 
(3, 26, 50), [1, 3, 26, 50, 234, 243, 729], 3.9.d_ba_by, -617 
(3, 26, 52), [1, 3, 26, 52, 234, 243, 729], 3.9.d_ba_ca, -615 
(4, -8, -76), [1, 4, -8, -76, -72, 324, 729], 3.9.e_ai_acy, -124 
(4, -7, -67), [1, 4, -7, -67, -63, 324, 729], 3.9.e_ah_acp, -100 
(4, -7, -65), [1, 4, -7, -65, -63, 324, 729], 3.9.e_ah_acn, -98 
(4, -7, -61), [1, 4, -7, -61, -63, 324, 729], 3.9.e_ah_acj, -94 
(4, -6, -56), [1, 4, -6, -56, -54, 324, 729], 3.9.e_ag_ace, -76 
(4, -5, -61), [1, 4, -5, -61, -45, 324, 729], 3.9.e_af_acj, -70 
(4, -5, -59), [1, 4, -5, -59, -45, 324, 729], 3.9.e_af_ach, -68 
(4, -5, -53), [1, 4, -5, -53, -45, 324, 729], 3.9.e_af_acb, -62 
(4, -5, -49), [1, 4, -5, -49, -45, 324, 729], 3.9.e_af_abx, -58 
(4, -4, -56), [1, 4, -4, -56, -36, 324, 729], 3.9.e_ae_ace, -56 
(4, -3, -49), [1, 4, -3, -49, -27, 324, 729], 3.9.e_ad_abx, -42 
(4, -3, -47), [1, 4, -3, -47, -27, 324, 729], 3.9.e_ad_abv, -40 
(4, -3, -41), [1, 4, -3, -41, -27, 324, 729], 3.9.e_ad_abp, -34 
(4, -3, -37), [1, 4, -3, -37, -27, 324, 729], 3.9.e_ad_abl, -30 
(4, -1, -35), [1, 4, -1, -35, -9, 324, 729], 3.9.e_ab_abj, -20 
(4, -1, -29), [1, 4, -1, -29, -9, 324, 729], 3.9.e_ab_abd, -14 
(4, -1, -25), [1, 4, -1, -25, -9, 324, 729], 3.9.e_ab_az, -10 
(4, 0, -20), [1, 4, 0, -20, 0, 324, 729], 3.9.e_a_au, -4 
(4, 1, -22), [1, 4, 1, -22, 9, 324, 729], 3.9.e_b_aw, -7 
(4, 1, -14), [1, 4, 1, -14, 9, 324, 729], 3.9.e_b_ao, 1 
(4, 1, -13), [1, 4, 1, -13, 9, 324, 729], 3.9.e_b_an, 2 
(4, 3, -19), [1, 4, 3, -19, 27, 324, 729], 3.9.e_d_at, -12 
(4, 5, -17), [1, 4, 5, -17, 45, 324, 729], 3.9.e_f_ar, -26 
(4, 7, -7), [1, 4, 7, -7, 63, 324, 729], 3.9.e_h_ah, -40 
(4, 15, 25), [1, 4, 15, 25, 135, 324, 729], 3.9.e_p_z, -184 
(4, 15, 29), [1, 4, 15, 29, 135, 324, 729], 3.9.e_p_bd, -180 
(4, 15, 43), [1, 4, 15, 43, 135, 324, 729], 3.9.e_p_br, -166 
(4, 15, 71), [1, 4, 15, 71, 135, 324, 729], 3.9.e_p_ct, -138 
(4, 19, 43), [1, 4, 19, 43, 171, 324, 729], 3.9.e_t_br, -302 
(4, 24, 64), [1, 4, 24, 64, 216, 324, 729], 3.9.e_y_cm, -496 
(4, 24, 68), [1, 4, 24, 68, 216, 324, 729], 3.9.e_y_cq, -492 
(4, 25, 59), [1, 4, 25, 59, 225, 324, 729], 3.9.e_z_ch, -550 
(4, 27, 65), [1, 4, 27, 65, 243, 324, 729], 3.9.e_bb_cn, -648 
(4, 27, 71), [1, 4, 27, 71, 243, 324, 729], 3.9.e_bb_ct, -642 
(4, 29, 70), [1, 4, 29, 70, 261, 324, 729], 3.9.e_bd_cs, -755 
(5, -8, -86), [1, 5, -8, -86, -72, 405, 729], 3.9.f_ai_adi, -125 
(5, -7, -79), [1, 5, -7, -79, -63, 405, 729], 3.9.f_ah_adb, -103 
(5, -6, -74), [1, 5, -6, -74, -54, 405, 729], 3.9.f_ag_acw, -85 
(5, -5, -71), [1, 5, -5, -71, -45, 405, 729], 3.9.f_af_act, -71 
(5, -5, -68), [1, 5, -5, -68, -45, 405, 729], 3.9.f_af_acq, -68 
(5, -5, -67), [1, 5, -5, -67, -45, 405, 729], 3.9.f_af_acp, -67 
(5, -4, -64), [1, 5, -4, -64, -36, 405, 729], 3.9.f_ae_acm, -55 
(5, -3, -58), [1, 5, -3, -58, -27, 405, 729], 3.9.f_ad_acg, -42 
(5, -2, -50), [1, 5, -2, -50, -18, 405, 729], 3.9.f_ac_aby, -29 
(5, -1, -49), [1, 5, -1, -49, -9, 405, 729], 3.9.f_ab_abx, -25 
(5, -1, -46), [1, 5, -1, -46, -9, 405, 729], 3.9.f_ab_abu, -22 
(5, 0, -38), [1, 5, 0, -38, 0, 405, 729], 3.9.f_a_abm, -13 
(5, 3, -29), [1, 5, 3, -29, 27, 405, 729], 3.9.f_d_abd, -13 
(5, 3, -23), [1, 5, 3, -23, 27, 405, 729], 3.9.f_d_ax, -7 
(5, 4, -22), [1, 5, 4, -22, 36, 405, 729], 3.9.f_e_aw, -13 
(5, 5, -19), [1, 5, 5, -19, 45, 405, 729], 3.9.f_f_at, -19 
(5, 7, -8), [1, 5, 7, -8, 63, 405, 729], 3.9.f_h_ai, -32 
(5, 7, -4), [1, 5, 7, -4, 63, 405, 729], 3.9.f_h_ae, -28 
(5, 10, 4), [1, 5, 10, 4, 90, 405, 729], 3.9.f_k_e, -71 
(5, 11, 8), [1, 5, 11, 8, 99, 405, 729], 3.9.f_l_i, -88 
(5, 13, 40), [1, 5, 13, 40, 117, 405, 729], 3.9.f_n_bo, -104 
(5, 21, 89), [1, 5, 21, 89, 189, 405, 729], 3.9.f_v_dl, -327 
(5, 22, 88), [1, 5, 22, 88, 198, 405, 729], 3.9.f_w_dk, -371 
(5, 25, 88), [1, 5, 25, 88, 225, 405, 729], 3.9.f_z_dk, -512 
(5, 26, 74), [1, 5, 26, 74, 234, 405, 729], 3.9.f_ba_cw, -577 
(5, 27, 76), [1, 5, 27, 76, 243, 405, 729], 3.9.f_bb_cy, -628 
(5, 27, 88), [1, 5, 27, 88, 243, 405, 729], 3.9.f_bb_dk, -616 
(5, 27, 89), [1, 5, 27, 89, 243, 405, 729], 3.9.f_bb_dl, -615 
(5, 31, 85), [1, 5, 31, 85, 279, 405, 729], 3.9.f_bf_dh, -851 
(6, -1, -61), [1, 6, -1, -61, -9, 486, 729], 3.9.g_ab_acj, -26 
(6, 1, -49), [1, 6, 1, -49, 9, 486, 729], 3.9.g_b_abx, -14 
(6, 2, -44), [1, 6, 2, -44, 18, 486, 729], 3.9.g_c_abs, -12 
(6, 3, -38), [1, 6, 3, -38, 27, 486, 729], 3.9.g_d_abm, -11 
(6, 5, -28), [1, 6, 5, -28, 45, 486, 729], 3.9.g_f_abc, -17 
(6, 5, -26), [1, 6, 5, -26, 45, 486, 729], 3.9.g_f_aba, -15 
(6, 5, -25), [1, 6, 5, -25, 45, 486, 729], 3.9.g_f_az, -14 
(6, 7, -13), [1, 6, 7, -13, 63, 486, 729], 3.9.g_h_an, -26 
(6, 11, 5), [1, 6, 11, 5, 99, 486, 729], 3.9.g_l_f, -80 
(6, 11, 11), [1, 6, 11, 11, 99, 486, 729], 3.9.g_l_l, -74 
(6, 15, 35), [1, 6, 15, 35, 135, 486, 729], 3.9.g_p_bj, -154 
(6, 17, 41), [1, 6, 17, 41, 153, 486, 729], 3.9.g_r_bp, -212 
(6, 18, 44), [1, 6, 18, 44, 162, 486, 729], 3.9.g_s_bs, -244 
(6, 21, 71), [1, 6, 21, 71, 189, 486, 729], 3.9.g_v_ct, -334 
(6, 22, 64), [1, 6, 22, 64, 198, 486, 729], 3.9.g_w_cm, -384 
(6, 25, 95), [1, 6, 25, 95, 225, 486, 729], 3.9.g_z_dr, -494 
(6, 27, 106), [1, 6, 27, 106, 243, 486, 729], 3.9.g_bb_ec, -587 
(6, 29, 85), [1, 6, 29, 85, 261, 486, 729], 3.9.g_bd_dh, -720 
(6, 29, 86), [1, 6, 29, 86, 261, 486, 729], 3.9.g_bd_di, -719 
(6, 29, 89), [1, 6, 29, 89, 261, 486, 729], 3.9.g_bd_dl, -716 
(6, 29, 103), [1, 6, 29, 103, 261, 486, 729], 3.9.g_bd_dz, -702 
(6, 29, 107), [1, 6, 29, 107, 261, 486, 729], 3.9.g_bd_ed, -698 
(6, 35, 109), [1, 6, 35, 109, 315, 486, 729], 3.9.g_bj_ef, -1080 
(7, 15, 17), [1, 7, 15, 17, 135, 567, 729], 3.9.h_p_r, -159 
(7, 20, 46), [1, 7, 20, 46, 180, 567, 729], 3.9.h_u_bu, -305 
(7, 21, 49), [1, 7, 21, 49, 189, 567, 729], 3.9.h_v_bx, -343 
(7, 26, 82), [1, 7, 26, 82, 234, 567, 729], 3.9.h_ba_de, -545 
(7, 30, 104), [1, 7, 30, 104, 270, 567, 729], 3.9.h_be_ea, -747 
(7, 32, 118), [1, 7, 32, 118, 288, 567, 729], 3.9.h_bg_eo, -857 
(7, 36, 122), [1, 7, 36, 122, 324, 567, 729], 3.9.h_bk_es, -1125 
(7, 37, 119), [1, 7, 37, 119, 333, 567, 729], 3.9.h_bl_ep, -1201 
(7, 38, 124), [1, 7, 38, 124, 342, 567, 729], 3.9.h_bm_eu, -1271 
(7, 38, 130), [1, 7, 38, 130, 342, 567, 729], 3.9.h_bm_fa, -1265 
(7, 41, 133), [1, 7, 41, 133, 369, 567, 729], 3.9.h_bp_fd, -1499 
(8, 23, 47), [1, 8, 23, 47, 207, 648, 729], 3.9.i_x_bv, -418 
(8, 24, 52), [1, 8, 24, 52, 216, 648, 729], 3.9.i_y_ca, -460 
(8, 31, 95), [1, 8, 31, 95, 279, 648, 729], 3.9.i_bf_dr, -802 
(8, 35, 113), [1, 8, 35, 113, 315, 648, 729], 3.9.i_bj_ej, -1048 
(8, 37, 130), [1, 8, 37, 130, 333, 648, 729], 3.9.i_bl_fa, -1175 
(8, 39, 143), [1, 8, 39, 143, 351, 648, 729], 3.9.i_bn_fn, -1314 
(8, 40, 136), [1, 8, 40, 136, 360, 648, 729], 3.9.i_bo_fg, -1400 
(8, 40, 148), [1, 8, 40, 148, 360, 648, 729], 3.9.i_bo_fs, -1388 
(8, 41, 137), [1, 8, 41, 137, 369, 648, 729], 3.9.i_bp_fh, -1480 
(8, 41, 143), [1, 8, 41, 143, 369, 648, 729], 3.9.i_bp_fn, -1474 
(8, 42, 148), [1, 8, 42, 148, 378, 648, 729], 3.9.i_bq_fs, -1552 
(8, 43, 151), [1, 8, 43, 151, 387, 648, 729], 3.9.i_br_fv, -1634 
(8, 44, 152), [1, 8, 44, 152, 396, 648, 729], 3.9.i_bs_fw, -1720 
(9, 35, 101), [1, 9, 35, 101, 315, 729, 729], 3.9.j_bj_dx, -1043 
(9, 37, 113), [1, 9, 37, 113, 333, 729, 729], 3.9.j_bl_ej, -1175 
(9, 40, 130), [1, 9, 40, 130, 360, 729, 729], 3.9.j_bo_fa, -1389 
(9, 43, 148), [1, 9, 43, 148, 387, 729, 729], 3.9.j_br_fs, -1620 
(9, 44, 148), [1, 9, 44, 148, 396, 729, 729], 3.9.j_bs_fs, -1707 
(9, 44, 154), [1, 9, 44, 154, 396, 729, 729], 3.9.j_bs_fy, -1701 
(9, 45, 160), [1, 9, 45, 160, 405, 729, 729], 3.9.j_bt_ge, -1784 
(9, 46, 164), [1, 9, 46, 164, 414, 729, 729], 3.9.j_bu_gi, -1871 
(9, 47, 167), [1, 9, 47, 167, 423, 729, 729], 3.9.j_bv_gl, -1961 
(9, 47, 169), [1, 9, 47, 169, 423, 729, 729], 3.9.j_bv_gn, -1959 
(9, 47, 172), [1, 9, 47, 172, 423, 729, 729], 3.9.j_bv_gq, -1956 
(9, 47, 173), [1, 9, 47, 173, 423, 729, 729], 3.9.j_bv_gr, -1955 
(9, 48, 170), [1, 9, 48, 170, 432, 729, 729], 3.9.j_bw_go, -2053 
(9, 49, 173), [1, 9, 49, 173, 441, 729, 729], 3.9.j_bx_gr, -2147 
(9, 49, 175), [1, 9, 49, 175, 441, 729, 729], 3.9.j_bx_gt, -2145 
(9, 50, 176), [1, 9, 50, 176, 450, 729, 729], 3.9.j_by_gu, -2243 
(9, 51, 179), [1, 9, 51, 179, 459, 729, 729], 3.9.j_bz_gx, -2341 
(10, 45, 143), [1, 10, 45, 143, 405, 810, 729], 3.9.k_bt_fn, -1782 
(10, 47, 154), [1, 10, 47, 154, 423, 810, 729], 3.9.k_bv_fy, -1955 
(10, 49, 166), [1, 10, 49, 166, 441, 810, 729], 3.9.k_bx_gk, -2135 
(10, 50, 172), [1, 10, 50, 172, 450, 810, 729], 3.9.k_by_gq, -2228 
(10, 51, 179), [1, 10, 51, 179, 459, 810, 729], 3.9.k_bz_gx, -2322 
(10, 52, 182), [1, 10, 52, 182, 468, 810, 729], 3.9.k_ca_ha, -2422 
(10, 53, 187), [1, 10, 53, 187, 477, 810, 729], 3.9.k_cb_hf, -2522 
(10, 53, 191), [1, 10, 53, 191, 477, 810, 729], 3.9.k_cb_hj, -2518 
(10, 54, 196), [1, 10, 54, 196, 486, 810, 729], 3.9.k_cc_ho, -2620 
(10, 55, 197), [1, 10, 55, 197, 495, 810, 729], 3.9.k_cd_hp, -2728 
(10, 55, 202), [1, 10, 55, 202, 495, 810, 729], 3.9.k_cd_hu, -2723 
(10, 56, 202), [1, 10, 56, 202, 504, 810, 729], 3.9.k_ce_hu, -2834 
(10, 57, 206), [1, 10, 57, 206, 513, 810, 729], 3.9.k_cf_hy, -2943 
