(-5, 13, -27), [1, -5, 13, -27, 52, -80, 64], 3.4.af_n_abb, -171 
(-5, 15, -35), [1, -5, 15, -35, 60, -80, 64], 3.4.af_p_abj, -235 
(-5, 15, -33), [1, -5, 15, -33, 60, -80, 64], 3.4.af_p_abh, -233 
(-5, 17, -39), [1, -5, 17, -39, 68, -80, 64], 3.4.af_r_abn, -303 
(-4, 6, -7), [1, -4, 6, -7, 24, -64, 64], 3.4.ae_g_ah, -27 
(-4, 8, -15), [1, -4, 8, -15, 32, -64, 64], 3.4.ae_i_ap, -63 
(-4, 8, -13), [1, -4, 8, -13, 32, -64, 64], 3.4.ae_i_an, -61 
(-4, 10, -23), [1, -4, 10, -23, 40, -64, 64], 3.4.ae_k_ax, -107 
(-4, 10, -21), [1, -4, 10, -21, 40, -64, 64], 3.4.ae_k_av, -105 
(-4, 10, -19), [1, -4, 10, -19, 40, -64, 64], 3.4.ae_k_at, -103 
(-4, 12, -31), [1, -4, 12, -31, 48, -64, 64], 3.4.ae_m_abf, -159 
(-4, 12, -25), [1, -4, 12, -25, 48, -64, 64], 3.4.ae_m_az, -153 
(-3, 1, 5), [1, -3, 1, 5, 4, -48, 64], 3.4.ad_b_f, 13 
(-3, 1, 7), [1, -3, 1, 7, 4, -48, 64], 3.4.ad_b_h, 15 
(-3, 3, -3), [1, -3, 3, -3, 12, -48, 64], 3.4.ad_d_ad, -3 
(-3, 3, -1), [1, -3, 3, -1, 12, -48, 64], 3.4.ad_d_ab, -1 
(-3, 3, 1), [1, -3, 3, 1, 12, -48, 64], 3.4.ad_d_b, 1 
(-3, 5, -11), [1, -3, 5, -11, 20, -48, 64], 3.4.ad_f_al, -27 
(-3, 5, -9), [1, -3, 5, -9, 20, -48, 64], 3.4.ad_f_aj, -25 
(-3, 5, -7), [1, -3, 5, -7, 20, -48, 64], 3.4.ad_f_ah, -23 
(-3, 5, -5), [1, -3, 5, -5, 20, -48, 64], 3.4.ad_f_af, -21 
(-3, 7, -19), [1, -3, 7, -19, 28, -48, 64], 3.4.ad_h_at, -59 
(-3, 7, -15), [1, -3, 7, -15, 28, -48, 64], 3.4.ad_h_ap, -55 
(-3, 7, -13), [1, -3, 7, -13, 28, -48, 64], 3.4.ad_h_an, -53 
(-3, 7, -11), [1, -3, 7, -11, 28, -48, 64], 3.4.ad_h_al, -51 
(-3, 9, -21), [1, -3, 9, -21, 36, -48, 64], 3.4.ad_j_av, -93 
(-3, 9, -17), [1, -3, 9, -17, 36, -48, 64], 3.4.ad_j_ar, -89 
(-3, 11, -23), [1, -3, 11, -23, 44, -48, 64], 3.4.ad_l_ax, -135 
(-3, 11, -19), [1, -3, 11, -19, 44, -48, 64], 3.4.ad_l_at, -131 
(-2, -2, 9), [1, -2, -2, 9, -8, -32, 64], 3.4.ac_ac_j, 9 
(-2, -2, 15), [1, -2, -2, 15, -8, -32, 64], 3.4.ac_ac_p, 15 
(-2, 0, 1), [1, -2, 0, 1, 0, -32, 64], 3.4.ac_a_b, 5 
(-2, 0, 3), [1, -2, 0, 3, 0, -32, 64], 3.4.ac_a_d, 7 
(-2, 0, 5), [1, -2, 0, 5, 0, -32, 64], 3.4.ac_a_f, 9 
(-2, 0, 7), [1, -2, 0, 7, 0, -32, 64], 3.4.ac_a_h, 11 
(-2, 0, 9), [1, -2, 0, 9, 0, -32, 64], 3.4.ac_a_j, 13 
(-2, 2, -7), [1, -2, 2, -7, 8, -32, 64], 3.4.ac_c_ah, -7 
(-2, 2, -3), [1, -2, 2, -3, 8, -32, 64], 3.4.ac_c_ad, -3 
(-2, 2, 1), [1, -2, 2, 1, 8, -32, 64], 3.4.ac_c_b, 1 
(-2, 2, 3), [1, -2, 2, 3, 8, -32, 64], 3.4.ac_c_d, 3 
(-2, 4, -15), [1, -2, 4, -15, 16, -32, 64], 3.4.ac_e_ap, -27 
(-2, 4, -13), [1, -2, 4, -13, 16, -32, 64], 3.4.ac_e_an, -25 
(-2, 4, -11), [1, -2, 4, -11, 16, -32, 64], 3.4.ac_e_al, -23 
(-2, 4, -9), [1, -2, 4, -9, 16, -32, 64], 3.4.ac_e_aj, -21 
(-2, 4, -5), [1, -2, 4, -5, 16, -32, 64], 3.4.ac_e_af, -17 
(-2, 4, -3), [1, -2, 4, -3, 16, -32, 64], 3.4.ac_e_ad, -15 
(-2, 6, -17), [1, -2, 6, -17, 24, -32, 64], 3.4.ac_g_ar, -49 
(-2, 6, -15), [1, -2, 6, -15, 24, -32, 64], 3.4.ac_g_ap, -47 
(-2, 6, -13), [1, -2, 6, -13, 24, -32, 64], 3.4.ac_g_an, -45 
(-2, 6, -11), [1, -2, 6, -11, 24, -32, 64], 3.4.ac_g_al, -43 
(-2, 6, -5), [1, -2, 6, -5, 24, -32, 64], 3.4.ac_g_af, -37 
(-2, 8, -15), [1, -2, 8, -15, 32, -32, 64], 3.4.ac_i_ap, -75 
(-2, 8, -9), [1, -2, 8, -9, 32, -32, 64], 3.4.ac_i_aj, -69 
(-1, -3, 9), [1, -1, -3, 9, -12, -16, 64], 3.4.ab_ad_j, 1 
(-1, -3, 11), [1, -1, -3, 11, -12, -16, 64], 3.4.ab_ad_l, 3 
(-1, -1, -3), [1, -1, -1, -3, -4, -16, 64], 3.4.ab_ab_ad, -3 
(-1, -1, 1), [1, -1, -1, 1, -4, -16, 64], 3.4.ab_ab_b, 1 
(-1, -1, 3), [1, -1, -1, 3, -4, -16, 64], 3.4.ab_ab_d, 3 
(-1, -1, 7), [1, -1, -1, 7, -4, -16, 64], 3.4.ab_ab_h, 7 
(-1, -1, 9), [1, -1, -1, 9, -4, -16, 64], 3.4.ab_ab_j, 9 
(-1, -1, 11), [1, -1, -1, 11, -4, -16, 64], 3.4.ab_ab_l, 11 
(-1, 1, -11), [1, -1, 1, -11, 4, -16, 64], 3.4.ab_b_al, -11 
(-1, 1, -9), [1, -1, 1, -9, 4, -16, 64], 3.4.ab_b_aj, -9 
(-1, 1, -7), [1, -1, 1, -7, 4, -16, 64], 3.4.ab_b_ah, -7 
(-1, 1, -3), [1, -1, 1, -3, 4, -16, 64], 3.4.ab_b_ad, -3 
(-1, 1, -1), [1, -1, 1, -1, 4, -16, 64], 3.4.ab_b_ab, -1 
(-1, 1, 1), [1, -1, 1, 1, 4, -16, 64], 3.4.ab_b_b, 1 
(-1, 1, 9), [1, -1, 1, 9, 4, -16, 64], 3.4.ab_b_j, 9 
(-1, 3, -13), [1, -1, 3, -13, 12, -16, 64], 3.4.ab_d_an, -21 
(-1, 3, -11), [1, -1, 3, -11, 12, -16, 64], 3.4.ab_d_al, -19 
(-1, 3, -9), [1, -1, 3, -9, 12, -16, 64], 3.4.ab_d_aj, -17 
(-1, 3, -7), [1, -1, 3, -7, 12, -16, 64], 3.4.ab_d_ah, -15 
(-1, 3, -5), [1, -1, 3, -5, 12, -16, 64], 3.4.ab_d_af, -13 
(-1, 3, -3), [1, -1, 3, -3, 12, -16, 64], 3.4.ab_d_ad, -11 
(-1, 3, -1), [1, -1, 3, -1, 12, -16, 64], 3.4.ab_d_ab, -9 
(-1, 3, 3), [1, -1, 3, 3, 12, -16, 64], 3.4.ab_d_d, -5 
(-1, 3, 5), [1, -1, 3, 5, 12, -16, 64], 3.4.ab_d_f, -3 
(-1, 5, -11), [1, -1, 5, -11, 20, -16, 64], 3.4.ab_f_al, -35 
(-1, 5, -9), [1, -1, 5, -9, 20, -16, 64], 3.4.ab_f_aj, -33 
(-1, 5, -7), [1, -1, 5, -7, 20, -16, 64], 3.4.ab_f_ah, -31 
(-1, 5, -3), [1, -1, 5, -3, 20, -16, 64], 3.4.ab_f_ad, -27 
(-1, 5, 1), [1, -1, 5, 1, 20, -16, 64], 3.4.ab_f_b, -23 
(-1, 7, -9), [1, -1, 7, -9, 28, -16, 64], 3.4.ab_h_aj, -57 
(-1, 7, -7), [1, -1, 7, -7, 28, -16, 64], 3.4.ab_h_ah, -55 
(-1, 7, -5), [1, -1, 7, -5, 28, -16, 64], 3.4.ab_h_af, -53 
(0, -2, -3), [1, 0, -2, -3, -8, 0, 64], 3.4.a_ac_ad, -7 
(0, -2, -1), [1, 0, -2, -1, -8, 0, 64], 3.4.a_ac_ab, -5 
(0, -2, 1), [1, 0, -2, 1, -8, 0, 64], 3.4.a_ac_b, -3 
(0, -2, 3), [1, 0, -2, 3, -8, 0, 64], 3.4.a_ac_d, -1 
(0, 0, -15), [1, 0, 0, -15, 0, 0, 64], 3.4.a_a_ap, -15 
(0, 0, -7), [1, 0, 0, -7, 0, 0, 64], 3.4.a_a_ah, -7 
(0, 0, -5), [1, 0, 0, -5, 0, 0, 64], 3.4.a_a_af, -5 
(0, 0, -3), [1, 0, 0, -3, 0, 0, 64], 3.4.a_a_ad, -3 
(0, 0, -1), [1, 0, 0, -1, 0, 0, 64], 3.4.a_a_ab, -1 
(0, 0, 1), [1, 0, 0, 1, 0, 0, 64], 3.4.a_a_b, 1 
(0, 0, 3), [1, 0, 0, 3, 0, 0, 64], 3.4.a_a_d, 3 
(0, 0, 5), [1, 0, 0, 5, 0, 0, 64], 3.4.a_a_f, 5 
(0, 0, 7), [1, 0, 0, 7, 0, 0, 64], 3.4.a_a_h, 7 
(0, 0, 15), [1, 0, 0, 15, 0, 0, 64], 3.4.a_a_p, 15 
(0, 2, -11), [1, 0, 2, -11, 8, 0, 64], 3.4.a_c_al, -15 
(0, 2, -7), [1, 0, 2, -7, 8, 0, 64], 3.4.a_c_ah, -11 
(0, 2, -5), [1, 0, 2, -5, 8, 0, 64], 3.4.a_c_af, -9 
(0, 2, -1), [1, 0, 2, -1, 8, 0, 64], 3.4.a_c_ab, -5 
(0, 2, 1), [1, 0, 2, 1, 8, 0, 64], 3.4.a_c_b, -3 
(0, 2, 5), [1, 0, 2, 5, 8, 0, 64], 3.4.a_c_f, 1 
(0, 2, 7), [1, 0, 2, 7, 8, 0, 64], 3.4.a_c_h, 3 
(0, 2, 11), [1, 0, 2, 11, 8, 0, 64], 3.4.a_c_l, 7 
(0, 4, -5), [1, 0, 4, -5, 16, 0, 64], 3.4.a_e_af, -21 
(0, 4, -1), [1, 0, 4, -1, 16, 0, 64], 3.4.a_e_ab, -17 
(0, 4, 1), [1, 0, 4, 1, 16, 0, 64], 3.4.a_e_b, -15 
(0, 4, 5), [1, 0, 4, 5, 16, 0, 64], 3.4.a_e_f, -11 
(0, 6, -3), [1, 0, 6, -3, 24, 0, 64], 3.4.a_g_ad, -39 
(0, 6, -1), [1, 0, 6, -1, 24, 0, 64], 3.4.a_g_ab, -37 
(0, 6, 1), [1, 0, 6, 1, 24, 0, 64], 3.4.a_g_b, -35 
(0, 6, 3), [1, 0, 6, 3, 24, 0, 64], 3.4.a_g_d, -33 
(0, 8, -1), [1, 0, 8, -1, 32, 0, 64], 3.4.a_i_ab, -65 
(0, 8, 1), [1, 0, 8, 1, 32, 0, 64], 3.4.a_i_b, -63 
(1, -3, -11), [1, 1, -3, -11, -12, 16, 64], 3.4.b_ad_al, -19 
(1, -3, -9), [1, 1, -3, -9, -12, 16, 64], 3.4.b_ad_aj, -17 
(1, -1, -11), [1, 1, -1, -11, -4, 16, 64], 3.4.b_ab_al, -11 
(1, -1, -9), [1, 1, -1, -9, -4, 16, 64], 3.4.b_ab_aj, -9 
(1, -1, -7), [1, 1, -1, -7, -4, 16, 64], 3.4.b_ab_ah, -7 
(1, -1, -3), [1, 1, -1, -3, -4, 16, 64], 3.4.b_ab_ad, -3 
(1, -1, -1), [1, 1, -1, -1, -4, 16, 64], 3.4.b_ab_ab, -1 
(1, -1, 3), [1, 1, -1, 3, -4, 16, 64], 3.4.b_ab_d, 3 
(1, 1, -9), [1, 1, 1, -9, 4, 16, 64], 3.4.b_b_aj, -9 
(1, 1, -1), [1, 1, 1, -1, 4, 16, 64], 3.4.b_b_ab, -1 
(1, 1, 1), [1, 1, 1, 1, 4, 16, 64], 3.4.b_b_b, 1 
(1, 1, 3), [1, 1, 1, 3, 4, 16, 64], 3.4.b_b_d, 3 
(1, 1, 7), [1, 1, 1, 7, 4, 16, 64], 3.4.b_b_h, 7 
(1, 1, 9), [1, 1, 1, 9, 4, 16, 64], 3.4.b_b_j, 9 
(1, 1, 11), [1, 1, 1, 11, 4, 16, 64], 3.4.b_b_l, 11 
(1, 3, -5), [1, 1, 3, -5, 12, 16, 64], 3.4.b_d_af, -13 
(1, 3, -3), [1, 1, 3, -3, 12, 16, 64], 3.4.b_d_ad, -11 
(1, 3, 1), [1, 1, 3, 1, 12, 16, 64], 3.4.b_d_b, -7 
(1, 3, 3), [1, 1, 3, 3, 12, 16, 64], 3.4.b_d_d, -5 
(1, 3, 5), [1, 1, 3, 5, 12, 16, 64], 3.4.b_d_f, -3 
(1, 3, 7), [1, 1, 3, 7, 12, 16, 64], 3.4.b_d_h, -1 
(1, 3, 9), [1, 1, 3, 9, 12, 16, 64], 3.4.b_d_j, 1 
(1, 3, 11), [1, 1, 3, 11, 12, 16, 64], 3.4.b_d_l, 3 
(1, 3, 13), [1, 1, 3, 13, 12, 16, 64], 3.4.b_d_n, 5 
(1, 5, -1), [1, 1, 5, -1, 20, 16, 64], 3.4.b_f_ab, -25 
(1, 5, 3), [1, 1, 5, 3, 20, 16, 64], 3.4.b_f_d, -21 
(1, 5, 7), [1, 1, 5, 7, 20, 16, 64], 3.4.b_f_h, -17 
(1, 5, 9), [1, 1, 5, 9, 20, 16, 64], 3.4.b_f_j, -15 
(1, 5, 11), [1, 1, 5, 11, 20, 16, 64], 3.4.b_f_l, -13 
(1, 7, 5), [1, 1, 7, 5, 28, 16, 64], 3.4.b_h_f, -43 
(1, 7, 7), [1, 1, 7, 7, 28, 16, 64], 3.4.b_h_h, -41 
(1, 7, 9), [1, 1, 7, 9, 28, 16, 64], 3.4.b_h_j, -39 
(2, -2, -15), [1, 2, -2, -15, -8, 32, 64], 3.4.c_ac_ap, -15 
(2, -2, -9), [1, 2, -2, -9, -8, 32, 64], 3.4.c_ac_aj, -9 
(2, 0, -9), [1, 2, 0, -9, 0, 32, 64], 3.4.c_a_aj, -5 
(2, 0, -7), [1, 2, 0, -7, 0, 32, 64], 3.4.c_a_ah, -3 
(2, 0, -5), [1, 2, 0, -5, 0, 32, 64], 3.4.c_a_af, -1 
(2, 0, -3), [1, 2, 0, -3, 0, 32, 64], 3.4.c_a_ad, 1 
(2, 0, -1), [1, 2, 0, -1, 0, 32, 64], 3.4.c_a_ab, 3 
(2, 2, -3), [1, 2, 2, -3, 8, 32, 64], 3.4.c_c_ad, -3 
(2, 2, -1), [1, 2, 2, -1, 8, 32, 64], 3.4.c_c_ab, -1 
(2, 2, 3), [1, 2, 2, 3, 8, 32, 64], 3.4.c_c_d, 3 
(2, 2, 7), [1, 2, 2, 7, 8, 32, 64], 3.4.c_c_h, 7 
(2, 4, 3), [1, 2, 4, 3, 16, 32, 64], 3.4.c_e_d, -9 
(2, 4, 5), [1, 2, 4, 5, 16, 32, 64], 3.4.c_e_f, -7 
(2, 4, 9), [1, 2, 4, 9, 16, 32, 64], 3.4.c_e_j, -3 
(2, 4, 11), [1, 2, 4, 11, 16, 32, 64], 3.4.c_e_l, -1 
(2, 4, 13), [1, 2, 4, 13, 16, 32, 64], 3.4.c_e_n, 1 
(2, 4, 15), [1, 2, 4, 15, 16, 32, 64], 3.4.c_e_p, 3 
(2, 6, 5), [1, 2, 6, 5, 24, 32, 64], 3.4.c_g_f, -27 
(2, 6, 11), [1, 2, 6, 11, 24, 32, 64], 3.4.c_g_l, -21 
(2, 6, 13), [1, 2, 6, 13, 24, 32, 64], 3.4.c_g_n, -19 
(2, 6, 15), [1, 2, 6, 15, 24, 32, 64], 3.4.c_g_p, -17 
(2, 6, 17), [1, 2, 6, 17, 24, 32, 64], 3.4.c_g_r, -15 
(2, 8, 9), [1, 2, 8, 9, 32, 32, 64], 3.4.c_i_j, -51 
(2, 8, 15), [1, 2, 8, 15, 32, 32, 64], 3.4.c_i_p, -45 
(3, 1, -7), [1, 3, 1, -7, 4, 48, 64], 3.4.d_b_ah, 1 
(3, 1, -5), [1, 3, 1, -5, 4, 48, 64], 3.4.d_b_af, 3 
(3, 3, -1), [1, 3, 3, -1, 12, 48, 64], 3.4.d_d_ab, -1 
(3, 3, 1), [1, 3, 3, 1, 12, 48, 64], 3.4.d_d_b, 1 
(3, 3, 3), [1, 3, 3, 3, 12, 48, 64], 3.4.d_d_d, 3 
(3, 5, 5), [1, 3, 5, 5, 20, 48, 64], 3.4.d_f_f, -11 
(3, 5, 7), [1, 3, 5, 7, 20, 48, 64], 3.4.d_f_h, -9 
(3, 5, 9), [1, 3, 5, 9, 20, 48, 64], 3.4.d_f_j, -7 
(3, 5, 11), [1, 3, 5, 11, 20, 48, 64], 3.4.d_f_l, -5 
(3, 7, 11), [1, 3, 7, 11, 28, 48, 64], 3.4.d_h_l, -29 
(3, 7, 13), [1, 3, 7, 13, 28, 48, 64], 3.4.d_h_n, -27 
(3, 7, 15), [1, 3, 7, 15, 28, 48, 64], 3.4.d_h_p, -25 
(3, 7, 19), [1, 3, 7, 19, 28, 48, 64], 3.4.d_h_t, -21 
(3, 9, 17), [1, 3, 9, 17, 36, 48, 64], 3.4.d_j_r, -55 
(3, 9, 21), [1, 3, 9, 21, 36, 48, 64], 3.4.d_j_v, -51 
(3, 11, 19), [1, 3, 11, 19, 44, 48, 64], 3.4.d_l_t, -93 
(3, 11, 23), [1, 3, 11, 23, 44, 48, 64], 3.4.d_l_x, -89 
(4, 6, 7), [1, 4, 6, 7, 24, 64, 64], 3.4.e_g_h, -13 
(4, 8, 13), [1, 4, 8, 13, 32, 64, 64], 3.4.e_i_n, -35 
(4, 8, 15), [1, 4, 8, 15, 32, 64, 64], 3.4.e_i_p, -33 
(4, 10, 19), [1, 4, 10, 19, 40, 64, 64], 3.4.e_k_t, -65 
(4, 10, 21), [1, 4, 10, 21, 40, 64, 64], 3.4.e_k_v, -63 
(4, 10, 23), [1, 4, 10, 23, 40, 64, 64], 3.4.e_k_x, -61 
(4, 12, 25), [1, 4, 12, 25, 48, 64, 64], 3.4.e_m_z, -103 
(4, 12, 31), [1, 4, 12, 31, 48, 64, 64], 3.4.e_m_bf, -97 
(5, 13, 27), [1, 5, 13, 27, 52, 80, 64], 3.4.f_n_bb, -117 
(5, 15, 33), [1, 5, 15, 33, 60, 80, 64], 3.4.f_p_bh, -167 
(5, 15, 35), [1, 5, 15, 35, 60, 80, 64], 3.4.f_p_bj, -165 
(5, 17, 39), [1, 5, 17, 39, 68, 80, 64], 3.4.f_r_bn, -225 
