(-6, 17, -38), [1, -6, 17, -38, 85, -150, 125], 3.5.ag_r_abm, -291 
(-6, 17, -37), [1, -6, 17, -37, 85, -150, 125], 3.5.ag_r_abl, -290 
(-6, 19, -46), [1, -6, 19, -46, 95, -150, 125], 3.5.ag_t_abu, -371 
(-6, 21, -54), [1, -6, 21, -54, 105, -150, 125], 3.5.ag_v_acc, -459 
(-6, 21, -53), [1, -6, 21, -53, 105, -150, 125], 3.5.ag_v_acb, -458 
(-6, 23, -62), [1, -6, 23, -62, 115, -150, 125], 3.5.ag_x_ack, -555 
(-6, 23, -59), [1, -6, 23, -59, 115, -150, 125], 3.5.ag_x_ach, -552 
(-6, 23, -58), [1, -6, 23, -58, 115, -150, 125], 3.5.ag_x_acg, -551 
(-5, 7, -3), [1, -5, 7, -3, 35, -125, 125], 3.5.af_h_ad, -27 
(-5, 9, -12), [1, -5, 9, -12, 45, -125, 125], 3.5.af_j_am, -68 
(-5, 9, -11), [1, -5, 9, -11, 45, -125, 125], 3.5.af_j_al, -67 
(-5, 10, -16), [1, -5, 10, -16, 50, -125, 125], 3.5.af_k_aq, -91 
(-5, 11, -21), [1, -5, 11, -21, 55, -125, 125], 3.5.af_l_av, -117 
(-5, 11, -19), [1, -5, 11, -19, 55, -125, 125], 3.5.af_l_at, -115 
(-5, 12, -24), [1, -5, 12, -24, 60, -125, 125], 3.5.af_m_ay, -143 
(-5, 13, -29), [1, -5, 13, -29, 65, -125, 125], 3.5.af_n_abd, -173 
(-5, 13, -27), [1, -5, 13, -27, 65, -125, 125], 3.5.af_n_abb, -171 
(-5, 14, -34), [1, -5, 14, -34, 70, -125, 125], 3.5.af_o_abi, -205 
(-5, 14, -32), [1, -5, 14, -32, 70, -125, 125], 3.5.af_o_abg, -203 
(-5, 15, -39), [1, -5, 15, -39, 75, -125, 125], 3.5.af_p_abn, -239 
(-5, 15, -37), [1, -5, 15, -37, 75, -125, 125], 3.5.af_p_abl, -237 
(-5, 15, -36), [1, -5, 15, -36, 75, -125, 125], 3.5.af_p_abk, -236 
(-5, 15, -33), [1, -5, 15, -33, 75, -125, 125], 3.5.af_p_abh, -233 
(-5, 16, -42), [1, -5, 16, -42, 80, -125, 125], 3.5.af_q_abq, -273 
(-5, 16, -36), [1, -5, 16, -36, 80, -125, 125], 3.5.af_q_abk, -267 
(-5, 17, -47), [1, -5, 17, -47, 85, -125, 125], 3.5.af_r_abv, -311 
(-5, 17, -46), [1, -5, 17, -46, 85, -125, 125], 3.5.af_r_abu, -310 
(-5, 17, -44), [1, -5, 17, -44, 85, -125, 125], 3.5.af_r_abs, -308 
(-5, 17, -43), [1, -5, 17, -43, 85, -125, 125], 3.5.af_r_abr, -307 
(-5, 17, -41), [1, -5, 17, -41, 85, -125, 125], 3.5.af_r_abp, -305 
(-5, 18, -48), [1, -5, 18, -48, 90, -125, 125], 3.5.af_s_abw, -347 
(-5, 18, -42), [1, -5, 18, -42, 90, -125, 125], 3.5.af_s_abq, -341 
(-5, 19, -49), [1, -5, 19, -49, 95, -125, 125], 3.5.af_t_abx, -385 
(-5, 19, -48), [1, -5, 19, -48, 95, -125, 125], 3.5.af_t_abw, -384 
(-5, 19, -47), [1, -5, 19, -47, 95, -125, 125], 3.5.af_t_abv, -383 
(-5, 21, -51), [1, -5, 21, -51, 105, -125, 125], 3.5.af_v_abz, -467 
(-4, 0, 18), [1, -4, 0, 18, 0, -100, 125], 3.5.ae_a_s, 34 
(-4, 3, 6), [1, -4, 3, 6, 15, -100, 125], 3.5.ae_d_g, 13 
(-4, 5, -4), [1, -4, 5, -4, 25, -100, 125], 3.5.ae_f_ae, -13 
(-4, 5, -2), [1, -4, 5, -2, 25, -100, 125], 3.5.ae_f_ac, -11 
(-4, 6, -8), [1, -4, 6, -8, 30, -100, 125], 3.5.ae_g_ai, -28 
(-4, 6, -6), [1, -4, 6, -6, 30, -100, 125], 3.5.ae_g_ag, -26 
(-4, 7, -13), [1, -4, 7, -13, 35, -100, 125], 3.5.ae_h_an, -46 
(-4, 7, -12), [1, -4, 7, -12, 35, -100, 125], 3.5.ae_h_am, -45 
(-4, 7, -11), [1, -4, 7, -11, 35, -100, 125], 3.5.ae_h_al, -44 
(-4, 7, -9), [1, -4, 7, -9, 35, -100, 125], 3.5.ae_h_aj, -42 
(-4, 7, -6), [1, -4, 7, -6, 35, -100, 125], 3.5.ae_h_ag, -39 
(-4, 8, -16), [1, -4, 8, -16, 40, -100, 125], 3.5.ae_i_aq, -64 
(-4, 8, -14), [1, -4, 8, -14, 40, -100, 125], 3.5.ae_i_ao, -62 
(-4, 9, -22), [1, -4, 9, -22, 45, -100, 125], 3.5.ae_j_aw, -87 
(-4, 9, -21), [1, -4, 9, -21, 45, -100, 125], 3.5.ae_j_av, -86 
(-4, 9, -19), [1, -4, 9, -19, 45, -100, 125], 3.5.ae_j_at, -84 
(-4, 9, -18), [1, -4, 9, -18, 45, -100, 125], 3.5.ae_j_as, -83 
(-4, 9, -17), [1, -4, 9, -17, 45, -100, 125], 3.5.ae_j_ar, -82 
(-4, 9, -14), [1, -4, 9, -14, 45, -100, 125], 3.5.ae_j_ao, -79 
(-4, 10, -24), [1, -4, 10, -24, 50, -100, 125], 3.5.ae_k_ay, -108 
(-4, 10, -18), [1, -4, 10, -18, 50, -100, 125], 3.5.ae_k_as, -102 
(-4, 11, -31), [1, -4, 11, -31, 55, -100, 125], 3.5.ae_l_abf, -136 
(-4, 11, -29), [1, -4, 11, -29, 55, -100, 125], 3.5.ae_l_abd, -134 
(-4, 11, -28), [1, -4, 11, -28, 55, -100, 125], 3.5.ae_l_abc, -133 
(-4, 11, -27), [1, -4, 11, -27, 55, -100, 125], 3.5.ae_l_abb, -132 
(-4, 11, -26), [1, -4, 11, -26, 55, -100, 125], 3.5.ae_l_aba, -131 
(-4, 11, -23), [1, -4, 11, -23, 55, -100, 125], 3.5.ae_l_ax, -128 
(-4, 11, -22), [1, -4, 11, -22, 55, -100, 125], 3.5.ae_l_aw, -127 
(-4, 11, -21), [1, -4, 11, -21, 55, -100, 125], 3.5.ae_l_av, -126 
(-4, 12, -36), [1, -4, 12, -36, 60, -100, 125], 3.5.ae_m_abk, -164 
(-4, 12, -32), [1, -4, 12, -32, 60, -100, 125], 3.5.ae_m_abg, -160 
(-4, 12, -24), [1, -4, 12, -24, 60, -100, 125], 3.5.ae_m_ay, -152 
(-4, 13, -38), [1, -4, 13, -38, 65, -100, 125], 3.5.ae_n_abm, -191 
(-4, 13, -36), [1, -4, 13, -36, 65, -100, 125], 3.5.ae_n_abk, -189 
(-4, 13, -34), [1, -4, 13, -34, 65, -100, 125], 3.5.ae_n_abi, -187 
(-4, 13, -33), [1, -4, 13, -33, 65, -100, 125], 3.5.ae_n_abh, -186 
(-4, 13, -31), [1, -4, 13, -31, 65, -100, 125], 3.5.ae_n_abf, -184 
(-4, 13, -27), [1, -4, 13, -27, 65, -100, 125], 3.5.ae_n_abb, -180 
(-4, 13, -26), [1, -4, 13, -26, 65, -100, 125], 3.5.ae_n_aba, -179 
(-4, 14, -38), [1, -4, 14, -38, 70, -100, 125], 3.5.ae_o_abm, -218 
(-4, 14, -34), [1, -4, 14, -34, 70, -100, 125], 3.5.ae_o_abi, -214 
(-4, 14, -32), [1, -4, 14, -32, 70, -100, 125], 3.5.ae_o_abg, -212 
(-4, 15, -39), [1, -4, 15, -39, 75, -100, 125], 3.5.ae_p_abn, -248 
(-4, 15, -38), [1, -4, 15, -38, 75, -100, 125], 3.5.ae_p_abm, -247 
(-4, 15, -36), [1, -4, 15, -36, 75, -100, 125], 3.5.ae_p_abk, -245 
(-4, 15, -34), [1, -4, 15, -34, 75, -100, 125], 3.5.ae_p_abi, -243 
(-4, 15, -33), [1, -4, 15, -33, 75, -100, 125], 3.5.ae_p_abh, -242 
(-4, 17, -38), [1, -4, 17, -38, 85, -100, 125], 3.5.ae_r_abm, -311 
(-3, -3, 23), [1, -3, -3, 23, -15, -75, 125], 3.5.ad_ad_x, 23 
(-3, -1, 13), [1, -3, -1, 13, -5, -75, 125], 3.5.ad_ab_n, 21 
(-3, -1, 14), [1, -3, -1, 14, -5, -75, 125], 3.5.ad_ab_o, 22 
(-3, -1, 16), [1, -3, -1, 16, -5, -75, 125], 3.5.ad_ab_q, 24 
(-3, -1, 19), [1, -3, -1, 19, -5, -75, 125], 3.5.ad_ab_t, 27 
(-3, 0, 8), [1, -3, 0, 8, 0, -75, 125], 3.5.ad_a_i, 17 
(-3, 0, 12), [1, -3, 0, 12, 0, -75, 125], 3.5.ad_a_m, 21 
(-3, 1, 6), [1, -3, 1, 6, 5, -75, 125], 3.5.ad_b_g, 14 
(-3, 1, 7), [1, -3, 1, 7, 5, -75, 125], 3.5.ad_b_h, 15 
(-3, 1, 9), [1, -3, 1, 9, 5, -75, 125], 3.5.ad_b_j, 17 
(-3, 1, 11), [1, -3, 1, 11, 5, -75, 125], 3.5.ad_b_l, 19 
(-3, 2, 4), [1, -3, 2, 4, 10, -75, 125], 3.5.ad_c_e, 9 
(-3, 2, 8), [1, -3, 2, 8, 10, -75, 125], 3.5.ad_c_i, 13 
(-3, 3, -3), [1, -3, 3, -3, 15, -75, 125], 3.5.ad_d_ad, -3 
(-3, 3, -1), [1, -3, 3, -1, 15, -75, 125], 3.5.ad_d_ab, -1 
(-3, 3, 1), [1, -3, 3, 1, 15, -75, 125], 3.5.ad_d_b, 1 
(-3, 3, 3), [1, -3, 3, 3, 15, -75, 125], 3.5.ad_d_d, 3 
(-3, 3, 4), [1, -3, 3, 4, 15, -75, 125], 3.5.ad_d_e, 4 
(-3, 4, -6), [1, -3, 4, -6, 20, -75, 125], 3.5.ad_e_ag, -13 
(-3, 4, 2), [1, -3, 4, 2, 20, -75, 125], 3.5.ad_e_c, -5 
(-3, 5, -14), [1, -3, 5, -14, 25, -75, 125], 3.5.ad_f_ao, -30 
(-3, 5, -13), [1, -3, 5, -13, 25, -75, 125], 3.5.ad_f_an, -29 
(-3, 5, -12), [1, -3, 5, -12, 25, -75, 125], 3.5.ad_f_am, -28 
(-3, 5, -11), [1, -3, 5, -11, 25, -75, 125], 3.5.ad_f_al, -27 
(-3, 5, -9), [1, -3, 5, -9, 25, -75, 125], 3.5.ad_f_aj, -25 
(-3, 5, -8), [1, -3, 5, -8, 25, -75, 125], 3.5.ad_f_ai, -24 
(-3, 5, -7), [1, -3, 5, -7, 25, -75, 125], 3.5.ad_f_ah, -23 
(-3, 5, -4), [1, -3, 5, -4, 25, -75, 125], 3.5.ad_f_ae, -20 
(-3, 5, -3), [1, -3, 5, -3, 25, -75, 125], 3.5.ad_f_ad, -19 
(-3, 5, -2), [1, -3, 5, -2, 25, -75, 125], 3.5.ad_f_ac, -18 
(-3, 5, -1), [1, -3, 5, -1, 25, -75, 125], 3.5.ad_f_ab, -17 
(-3, 6, -18), [1, -3, 6, -18, 30, -75, 125], 3.5.ad_g_as, -45 
(-3, 6, -16), [1, -3, 6, -16, 30, -75, 125], 3.5.ad_g_aq, -43 
(-3, 6, -14), [1, -3, 6, -14, 30, -75, 125], 3.5.ad_g_ao, -41 
(-3, 6, -12), [1, -3, 6, -12, 30, -75, 125], 3.5.ad_g_am, -39 
(-3, 6, -6), [1, -3, 6, -6, 30, -75, 125], 3.5.ad_g_ag, -33 
(-3, 6, -4), [1, -3, 6, -4, 30, -75, 125], 3.5.ad_g_ae, -31 
(-3, 7, -23), [1, -3, 7, -23, 35, -75, 125], 3.5.ad_h_ax, -63 
(-3, 7, -22), [1, -3, 7, -22, 35, -75, 125], 3.5.ad_h_aw, -62 
(-3, 7, -21), [1, -3, 7, -21, 35, -75, 125], 3.5.ad_h_av, -61 
(-3, 7, -19), [1, -3, 7, -19, 35, -75, 125], 3.5.ad_h_at, -59 
(-3, 7, -18), [1, -3, 7, -18, 35, -75, 125], 3.5.ad_h_as, -58 
(-3, 7, -17), [1, -3, 7, -17, 35, -75, 125], 3.5.ad_h_ar, -57 
(-3, 7, -16), [1, -3, 7, -16, 35, -75, 125], 3.5.ad_h_aq, -56 
(-3, 7, -13), [1, -3, 7, -13, 35, -75, 125], 3.5.ad_h_an, -53 
(-3, 7, -12), [1, -3, 7, -12, 35, -75, 125], 3.5.ad_h_am, -52 
(-3, 7, -11), [1, -3, 7, -11, 35, -75, 125], 3.5.ad_h_al, -51 
(-3, 7, -9), [1, -3, 7, -9, 35, -75, 125], 3.5.ad_h_aj, -49 
(-3, 7, -7), [1, -3, 7, -7, 35, -75, 125], 3.5.ad_h_ah, -47 
(-3, 8, -26), [1, -3, 8, -26, 40, -75, 125], 3.5.ad_i_aba, -81 
(-3, 8, -22), [1, -3, 8, -22, 40, -75, 125], 3.5.ad_i_aw, -77 
(-3, 8, -16), [1, -3, 8, -16, 40, -75, 125], 3.5.ad_i_aq, -71 
(-3, 8, -14), [1, -3, 8, -14, 40, -75, 125], 3.5.ad_i_ao, -69 
(-3, 9, -31), [1, -3, 9, -31, 45, -75, 125], 3.5.ad_j_abf, -103 
(-3, 9, -29), [1, -3, 9, -29, 45, -75, 125], 3.5.ad_j_abd, -101 
(-3, 9, -28), [1, -3, 9, -28, 45, -75, 125], 3.5.ad_j_abc, -100 
(-3, 9, -27), [1, -3, 9, -27, 45, -75, 125], 3.5.ad_j_abb, -99 
(-3, 9, -26), [1, -3, 9, -26, 45, -75, 125], 3.5.ad_j_aba, -98 
(-3, 9, -24), [1, -3, 9, -24, 45, -75, 125], 3.5.ad_j_ay, -96 
(-3, 9, -23), [1, -3, 9, -23, 45, -75, 125], 3.5.ad_j_ax, -95 
(-3, 9, -21), [1, -3, 9, -21, 45, -75, 125], 3.5.ad_j_av, -93 
(-3, 9, -19), [1, -3, 9, -19, 45, -75, 125], 3.5.ad_j_at, -91 
(-3, 9, -18), [1, -3, 9, -18, 45, -75, 125], 3.5.ad_j_as, -90 
(-3, 9, -17), [1, -3, 9, -17, 45, -75, 125], 3.5.ad_j_ar, -89 
(-3, 9, -16), [1, -3, 9, -16, 45, -75, 125], 3.5.ad_j_aq, -88 
(-3, 9, -13), [1, -3, 9, -13, 45, -75, 125], 3.5.ad_j_an, -85 
(-3, 10, -28), [1, -3, 10, -28, 50, -75, 125], 3.5.ad_k_abc, -119 
(-3, 10, -24), [1, -3, 10, -24, 50, -75, 125], 3.5.ad_k_ay, -115 
(-3, 10, -18), [1, -3, 10, -18, 50, -75, 125], 3.5.ad_k_as, -109 
(-3, 11, -31), [1, -3, 11, -31, 55, -75, 125], 3.5.ad_l_abf, -143 
(-3, 11, -29), [1, -3, 11, -29, 55, -75, 125], 3.5.ad_l_abd, -141 
(-3, 11, -28), [1, -3, 11, -28, 55, -75, 125], 3.5.ad_l_abc, -140 
(-3, 11, -27), [1, -3, 11, -27, 55, -75, 125], 3.5.ad_l_abb, -139 
(-3, 11, -26), [1, -3, 11, -26, 55, -75, 125], 3.5.ad_l_aba, -138 
(-3, 11, -23), [1, -3, 11, -23, 55, -75, 125], 3.5.ad_l_ax, -135 
(-3, 11, -22), [1, -3, 11, -22, 55, -75, 125], 3.5.ad_l_aw, -134 
(-3, 11, -21), [1, -3, 11, -21, 55, -75, 125], 3.5.ad_l_av, -133 
(-3, 11, -19), [1, -3, 11, -19, 55, -75, 125], 3.5.ad_l_at, -131 
(-3, 11, -17), [1, -3, 11, -17, 55, -75, 125], 3.5.ad_l_ar, -129 
(-3, 12, -28), [1, -3, 12, -28, 60, -75, 125], 3.5.ad_m_abc, -163 
(-3, 12, -26), [1, -3, 12, -26, 60, -75, 125], 3.5.ad_m_aba, -161 
(-3, 12, -24), [1, -3, 12, -24, 60, -75, 125], 3.5.ad_m_ay, -159 
(-3, 12, -22), [1, -3, 12, -22, 60, -75, 125], 3.5.ad_m_aw, -157 
(-3, 13, -29), [1, -3, 13, -29, 65, -75, 125], 3.5.ad_n_abd, -189 
(-3, 13, -27), [1, -3, 13, -27, 65, -75, 125], 3.5.ad_n_abb, -187 
(-3, 13, -23), [1, -3, 13, -23, 65, -75, 125], 3.5.ad_n_ax, -183 
(-3, 14, -28), [1, -3, 14, -28, 70, -75, 125], 3.5.ad_o_abc, -215 
(-3, 14, -26), [1, -3, 14, -26, 70, -75, 125], 3.5.ad_o_aba, -213 
(-3, 15, -27), [1, -3, 15, -27, 75, -75, 125], 3.5.ad_p_abb, -243 
(-2, -4, 16), [1, -2, -4, 16, -20, -50, 125], 3.5.ac_ae_q, 4 
(-2, -4, 22), [1, -2, -4, 22, -20, -50, 125], 3.5.ac_ae_w, 10 
(-2, -3, 14), [1, -2, -3, 14, -15, -50, 125], 3.5.ac_ad_o, 9 
(-2, -3, 19), [1, -2, -3, 19, -15, -50, 125], 3.5.ac_ad_t, 14 
(-2, -3, 24), [1, -2, -3, 24, -15, -50, 125], 3.5.ac_ad_y, 19 
(-2, -2, 12), [1, -2, -2, 12, -10, -50, 125], 3.5.ac_ac_m, 12 
(-2, -2, 18), [1, -2, -2, 18, -10, -50, 125], 3.5.ac_ac_s, 18 
(-2, -1, 3), [1, -2, -1, 3, -5, -50, 125], 3.5.ac_ab_d, 6 
(-2, -1, 4), [1, -2, -1, 4, -5, -50, 125], 3.5.ac_ab_e, 7 
(-2, -1, 6), [1, -2, -1, 6, -5, -50, 125], 3.5.ac_ab_g, 9 
(-2, -1, 8), [1, -2, -1, 8, -5, -50, 125], 3.5.ac_ab_i, 11 
(-2, -1, 9), [1, -2, -1, 9, -5, -50, 125], 3.5.ac_ab_j, 12 
(-2, -1, 13), [1, -2, -1, 13, -5, -50, 125], 3.5.ac_ab_n, 16 
(-2, -1, 14), [1, -2, -1, 14, -5, -50, 125], 3.5.ac_ab_o, 17 
(-2, -1, 16), [1, -2, -1, 16, -5, -50, 125], 3.5.ac_ab_q, 19 
(-2, -1, 17), [1, -2, -1, 17, -5, -50, 125], 3.5.ac_ab_r, 20 
(-2, 0, -2), [1, -2, 0, -2, 0, -50, 125], 3.5.ac_a_ac, 2 
(-2, 0, 2), [1, -2, 0, 2, 0, -50, 125], 3.5.ac_a_c, 6 
(-2, 0, 4), [1, -2, 0, 4, 0, -50, 125], 3.5.ac_a_e, 8 
(-2, 0, 6), [1, -2, 0, 6, 0, -50, 125], 3.5.ac_a_g, 10 
(-2, 0, 12), [1, -2, 0, 12, 0, -50, 125], 3.5.ac_a_m, 16 
(-2, 1, -4), [1, -2, 1, -4, 5, -50, 125], 3.5.ac_b_ae, -1 
(-2, 1, -2), [1, -2, 1, -2, 5, -50, 125], 3.5.ac_b_ac, 1 
(-2, 1, -1), [1, -2, 1, -1, 5, -50, 125], 3.5.ac_b_ab, 2 
(-2, 1, 1), [1, -2, 1, 1, 5, -50, 125], 3.5.ac_b_b, 4 
(-2, 1, 2), [1, -2, 1, 2, 5, -50, 125], 3.5.ac_b_c, 5 
(-2, 1, 3), [1, -2, 1, 3, 5, -50, 125], 3.5.ac_b_d, 6 
(-2, 1, 6), [1, -2, 1, 6, 5, -50, 125], 3.5.ac_b_g, 9 
(-2, 1, 9), [1, -2, 1, 9, 5, -50, 125], 3.5.ac_b_j, 12 
(-2, 1, 11), [1, -2, 1, 11, 5, -50, 125], 3.5.ac_b_l, 14 
(-2, 1, 12), [1, -2, 1, 12, 5, -50, 125], 3.5.ac_b_m, 15 
(-2, 2, -8), [1, -2, 2, -8, 10, -50, 125], 3.5.ac_c_ai, -8 
(-2, 2, -4), [1, -2, 2, -4, 10, -50, 125], 3.5.ac_c_ae, -4 
(-2, 2, -2), [1, -2, 2, -2, 10, -50, 125], 3.5.ac_c_ac, -2 
(-2, 2, 2), [1, -2, 2, 2, 10, -50, 125], 3.5.ac_c_c, 2 
(-2, 2, 4), [1, -2, 2, 4, 10, -50, 125], 3.5.ac_c_e, 4 
(-2, 2, 8), [1, -2, 2, 8, 10, -50, 125], 3.5.ac_c_i, 8 
(-2, 3, -14), [1, -2, 3, -14, 15, -50, 125], 3.5.ac_d_ao, -19 
(-2, 3, -13), [1, -2, 3, -13, 15, -50, 125], 3.5.ac_d_an, -18 
(-2, 3, -12), [1, -2, 3, -12, 15, -50, 125], 3.5.ac_d_am, -17 
(-2, 3, -9), [1, -2, 3, -9, 15, -50, 125], 3.5.ac_d_aj, -14 
(-2, 3, -8), [1, -2, 3, -8, 15, -50, 125], 3.5.ac_d_ai, -13 
(-2, 3, -6), [1, -2, 3, -6, 15, -50, 125], 3.5.ac_d_ag, -11 
(-2, 3, -3), [1, -2, 3, -3, 15, -50, 125], 3.5.ac_d_ad, -8 
(-2, 3, -2), [1, -2, 3, -2, 15, -50, 125], 3.5.ac_d_ac, -7 
(-2, 3, 1), [1, -2, 3, 1, 15, -50, 125], 3.5.ac_d_b, -4 
(-2, 3, 2), [1, -2, 3, 2, 15, -50, 125], 3.5.ac_d_c, -3 
(-2, 3, 3), [1, -2, 3, 3, 15, -50, 125], 3.5.ac_d_d, -2 
(-2, 3, 6), [1, -2, 3, 6, 15, -50, 125], 3.5.ac_d_g, 1 
(-2, 4, -18), [1, -2, 4, -18, 20, -50, 125], 3.5.ac_e_as, -30 
(-2, 4, -16), [1, -2, 4, -16, 20, -50, 125], 3.5.ac_e_aq, -28 
(-2, 4, -14), [1, -2, 4, -14, 20, -50, 125], 3.5.ac_e_ao, -26 
(-2, 4, -12), [1, -2, 4, -12, 20, -50, 125], 3.5.ac_e_am, -24 
(-2, 4, -6), [1, -2, 4, -6, 20, -50, 125], 3.5.ac_e_ag, -18 
(-2, 4, -4), [1, -2, 4, -4, 20, -50, 125], 3.5.ac_e_ae, -16 
(-2, 4, -2), [1, -2, 4, -2, 20, -50, 125], 3.5.ac_e_ac, -14 
(-2, 5, -23), [1, -2, 5, -23, 25, -50, 125], 3.5.ac_f_ax, -44 
(-2, 5, -22), [1, -2, 5, -22, 25, -50, 125], 3.5.ac_f_aw, -43 
(-2, 5, -19), [1, -2, 5, -19, 25, -50, 125], 3.5.ac_f_at, -40 
(-2, 5, -18), [1, -2, 5, -18, 25, -50, 125], 3.5.ac_f_as, -39 
(-2, 5, -17), [1, -2, 5, -17, 25, -50, 125], 3.5.ac_f_ar, -38 
(-2, 5, -16), [1, -2, 5, -16, 25, -50, 125], 3.5.ac_f_aq, -37 
(-2, 5, -14), [1, -2, 5, -14, 25, -50, 125], 3.5.ac_f_ao, -35 
(-2, 5, -13), [1, -2, 5, -13, 25, -50, 125], 3.5.ac_f_an, -34 
(-2, 5, -11), [1, -2, 5, -11, 25, -50, 125], 3.5.ac_f_al, -32 
(-2, 5, -8), [1, -2, 5, -8, 25, -50, 125], 3.5.ac_f_ai, -29 
(-2, 5, -7), [1, -2, 5, -7, 25, -50, 125], 3.5.ac_f_ah, -28 
(-2, 5, -6), [1, -2, 5, -6, 25, -50, 125], 3.5.ac_f_ag, -27 
(-2, 5, -4), [1, -2, 5, -4, 25, -50, 125], 3.5.ac_f_ae, -25 
(-2, 5, -2), [1, -2, 5, -2, 25, -50, 125], 3.5.ac_f_ac, -23 
(-2, 5, -1), [1, -2, 5, -1, 25, -50, 125], 3.5.ac_f_ab, -22 
(-2, 6, -24), [1, -2, 6, -24, 30, -50, 125], 3.5.ac_g_ay, -56 
(-2, 6, -18), [1, -2, 6, -18, 30, -50, 125], 3.5.ac_g_as, -50 
(-2, 6, -14), [1, -2, 6, -14, 30, -50, 125], 3.5.ac_g_ao, -46 
(-2, 6, -12), [1, -2, 6, -12, 30, -50, 125], 3.5.ac_g_am, -44 
(-2, 6, -8), [1, -2, 6, -8, 30, -50, 125], 3.5.ac_g_ai, -40 
(-2, 6, -6), [1, -2, 6, -6, 30, -50, 125], 3.5.ac_g_ag, -38 
(-2, 6, -4), [1, -2, 6, -4, 30, -50, 125], 3.5.ac_g_ae, -36 
(-2, 7, -24), [1, -2, 7, -24, 35, -50, 125], 3.5.ac_h_ay, -69 
(-2, 7, -22), [1, -2, 7, -22, 35, -50, 125], 3.5.ac_h_aw, -67 
(-2, 7, -21), [1, -2, 7, -21, 35, -50, 125], 3.5.ac_h_av, -66 
(-2, 7, -19), [1, -2, 7, -19, 35, -50, 125], 3.5.ac_h_at, -64 
(-2, 7, -18), [1, -2, 7, -18, 35, -50, 125], 3.5.ac_h_as, -63 
(-2, 7, -17), [1, -2, 7, -17, 35, -50, 125], 3.5.ac_h_ar, -62 
(-2, 7, -16), [1, -2, 7, -16, 35, -50, 125], 3.5.ac_h_aq, -61 
(-2, 7, -14), [1, -2, 7, -14, 35, -50, 125], 3.5.ac_h_ao, -59 
(-2, 7, -12), [1, -2, 7, -12, 35, -50, 125], 3.5.ac_h_am, -57 
(-2, 7, -9), [1, -2, 7, -9, 35, -50, 125], 3.5.ac_h_aj, -54 
(-2, 7, -8), [1, -2, 7, -8, 35, -50, 125], 3.5.ac_h_ai, -53 
(-2, 7, -7), [1, -2, 7, -7, 35, -50, 125], 3.5.ac_h_ah, -52 
(-2, 7, -6), [1, -2, 7, -6, 35, -50, 125], 3.5.ac_h_ag, -51 
(-2, 8, -22), [1, -2, 8, -22, 40, -50, 125], 3.5.ac_i_aw, -82 
(-2, 8, -16), [1, -2, 8, -16, 40, -50, 125], 3.5.ac_i_aq, -76 
(-2, 8, -14), [1, -2, 8, -14, 40, -50, 125], 3.5.ac_i_ao, -74 
(-2, 9, -21), [1, -2, 9, -21, 45, -50, 125], 3.5.ac_j_av, -98 
(-2, 9, -19), [1, -2, 9, -19, 45, -50, 125], 3.5.ac_j_at, -96 
(-2, 9, -18), [1, -2, 9, -18, 45, -50, 125], 3.5.ac_j_as, -95 
(-2, 9, -17), [1, -2, 9, -17, 45, -50, 125], 3.5.ac_j_ar, -94 
(-2, 9, -14), [1, -2, 9, -14, 45, -50, 125], 3.5.ac_j_ao, -91 
(-2, 9, -12), [1, -2, 9, -12, 45, -50, 125], 3.5.ac_j_am, -89 
(-2, 9, -9), [1, -2, 9, -9, 45, -50, 125], 3.5.ac_j_aj, -86 
(-2, 10, -18), [1, -2, 10, -18, 50, -50, 125], 3.5.ac_k_as, -114 
(-2, 10, -16), [1, -2, 10, -16, 50, -50, 125], 3.5.ac_k_aq, -112 
(-2, 10, -12), [1, -2, 10, -12, 50, -50, 125], 3.5.ac_k_am, -108 
(-2, 11, -19), [1, -2, 11, -19, 55, -50, 125], 3.5.ac_l_at, -136 
(-2, 11, -18), [1, -2, 11, -18, 55, -50, 125], 3.5.ac_l_as, -135 
(-2, 11, -16), [1, -2, 11, -16, 55, -50, 125], 3.5.ac_l_aq, -133 
(-2, 11, -14), [1, -2, 11, -14, 55, -50, 125], 3.5.ac_l_ao, -131 
(-2, 12, -18), [1, -2, 12, -18, 60, -50, 125], 3.5.ac_m_as, -158 
(-2, 13, -18), [1, -2, 13, -18, 65, -50, 125], 3.5.ac_n_as, -183 
(-1, -4, 8), [1, -1, -4, 8, -20, -25, 125], 3.5.ab_ae_i, -7 
(-1, -4, 12), [1, -1, -4, 12, -20, -25, 125], 3.5.ab_ae_m, -3 
(-1, -3, 2), [1, -1, -3, 2, -15, -25, 125], 3.5.ab_ad_c, -6 
(-1, -3, 3), [1, -1, -3, 3, -15, -25, 125], 3.5.ab_ad_d, -5 
(-1, -3, 4), [1, -1, -3, 4, -15, -25, 125], 3.5.ab_ad_e, -4 
(-1, -3, 6), [1, -1, -3, 6, -15, -25, 125], 3.5.ab_ad_g, -2 
(-1, -3, 7), [1, -1, -3, 7, -15, -25, 125], 3.5.ab_ad_h, -1 
(-1, -3, 11), [1, -1, -3, 11, -15, -25, 125], 3.5.ab_ad_l, 3 
(-1, -3, 12), [1, -1, -3, 12, -15, -25, 125], 3.5.ab_ad_m, 4 
(-1, -3, 13), [1, -1, -3, 13, -15, -25, 125], 3.5.ab_ad_n, 5 
(-1, -3, 17), [1, -1, -3, 17, -15, -25, 125], 3.5.ab_ad_r, 9 
(-1, -3, 18), [1, -1, -3, 18, -15, -25, 125], 3.5.ab_ad_s, 10 
(-1, -2, 4), [1, -1, -2, 4, -10, -25, 125], 3.5.ab_ac_e, 1 
(-1, -2, 6), [1, -1, -2, 6, -10, -25, 125], 3.5.ab_ac_g, 3 
(-1, -2, 8), [1, -1, -2, 8, -10, -25, 125], 3.5.ab_ac_i, 5 
(-1, -2, 12), [1, -1, -2, 12, -10, -25, 125], 3.5.ab_ac_m, 9 
(-1, -2, 14), [1, -1, -2, 14, -10, -25, 125], 3.5.ab_ac_o, 11 
(-1, -2, 16), [1, -1, -2, 16, -10, -25, 125], 3.5.ab_ac_q, 13 
(-1, -1, -7), [1, -1, -1, -7, -5, -25, 125], 3.5.ab_ab_ah, -7 
(-1, -1, -6), [1, -1, -1, -6, -5, -25, 125], 3.5.ab_ab_ag, -6 
(-1, -1, -4), [1, -1, -1, -4, -5, -25, 125], 3.5.ab_ab_ae, -4 
(-1, -1, -3), [1, -1, -1, -3, -5, -25, 125], 3.5.ab_ab_ad, -3 
(-1, -1, -2), [1, -1, -1, -2, -5, -25, 125], 3.5.ab_ab_ac, -2 
(-1, -1, -1), [1, -1, -1, -1, -5, -25, 125], 3.5.ab_ab_ab, -1 
(-1, -1, 1), [1, -1, -1, 1, -5, -25, 125], 3.5.ab_ab_b, 1 
(-1, -1, 2), [1, -1, -1, 2, -5, -25, 125], 3.5.ab_ab_c, 2 
(-1, -1, 3), [1, -1, -1, 3, -5, -25, 125], 3.5.ab_ab_d, 3 
(-1, -1, 4), [1, -1, -1, 4, -5, -25, 125], 3.5.ab_ab_e, 4 
(-1, -1, 7), [1, -1, -1, 7, -5, -25, 125], 3.5.ab_ab_h, 7 
(-1, -1, 8), [1, -1, -1, 8, -5, -25, 125], 3.5.ab_ab_i, 8 
(-1, -1, 9), [1, -1, -1, 9, -5, -25, 125], 3.5.ab_ab_j, 9 
(-1, -1, 11), [1, -1, -1, 11, -5, -25, 125], 3.5.ab_ab_l, 11 
(-1, -1, 13), [1, -1, -1, 13, -5, -25, 125], 3.5.ab_ab_n, 13 
(-1, -1, 14), [1, -1, -1, 14, -5, -25, 125], 3.5.ab_ab_o, 14 
(-1, -1, 16), [1, -1, -1, 16, -5, -25, 125], 3.5.ab_ab_q, 16 
(-1, -1, 17), [1, -1, -1, 17, -5, -25, 125], 3.5.ab_ab_r, 17 
(-1, -1, 19), [1, -1, -1, 19, -5, -25, 125], 3.5.ab_ab_t, 19 
(-1, 0, -8), [1, -1, 0, -8, 0, -25, 125], 3.5.ab_a_ai, -7 
(-1, 0, -6), [1, -1, 0, -6, 0, -25, 125], 3.5.ab_a_ag, -5 
(-1, 0, -4), [1, -1, 0, -4, 0, -25, 125], 3.5.ab_a_ae, -3 
(-1, 0, -2), [1, -1, 0, -2, 0, -25, 125], 3.5.ab_a_ac, -1 
(-1, 0, 4), [1, -1, 0, 4, 0, -25, 125], 3.5.ab_a_e, 5 
(-1, 0, 6), [1, -1, 0, 6, 0, -25, 125], 3.5.ab_a_g, 7 
(-1, 0, 8), [1, -1, 0, 8, 0, -25, 125], 3.5.ab_a_i, 9 
(-1, 0, 12), [1, -1, 0, 12, 0, -25, 125], 3.5.ab_a_m, 13 
(-1, 0, 14), [1, -1, 0, 14, 0, -25, 125], 3.5.ab_a_o, 15 
(-1, 0, 18), [1, -1, 0, 18, 0, -25, 125], 3.5.ab_a_s, 19 
(-1, 1, -14), [1, -1, 1, -14, 5, -25, 125], 3.5.ab_b_ao, -14 
(-1, 1, -13), [1, -1, 1, -13, 5, -25, 125], 3.5.ab_b_an, -13 
(-1, 1, -12), [1, -1, 1, -12, 5, -25, 125], 3.5.ab_b_am, -12 
(-1, 1, -11), [1, -1, 1, -11, 5, -25, 125], 3.5.ab_b_al, -11 
(-1, 1, -9), [1, -1, 1, -9, 5, -25, 125], 3.5.ab_b_aj, -9 
(-1, 1, -8), [1, -1, 1, -8, 5, -25, 125], 3.5.ab_b_ai, -8 
(-1, 1, -7), [1, -1, 1, -7, 5, -25, 125], 3.5.ab_b_ah, -7 
(-1, 1, -6), [1, -1, 1, -6, 5, -25, 125], 3.5.ab_b_ag, -6 
(-1, 1, -4), [1, -1, 1, -4, 5, -25, 125], 3.5.ab_b_ae, -4 
(-1, 1, -3), [1, -1, 1, -3, 5, -25, 125], 3.5.ab_b_ad, -3 
(-1, 1, -1), [1, -1, 1, -1, 5, -25, 125], 3.5.ab_b_ab, -1 
(-1, 1, 1), [1, -1, 1, 1, 5, -25, 125], 3.5.ab_b_b, 1 
(-1, 1, 2), [1, -1, 1, 2, 5, -25, 125], 3.5.ab_b_c, 2 
(-1, 1, 3), [1, -1, 1, 3, 5, -25, 125], 3.5.ab_b_d, 3 
(-1, 1, 6), [1, -1, 1, 6, 5, -25, 125], 3.5.ab_b_g, 6 
(-1, 1, 7), [1, -1, 1, 7, 5, -25, 125], 3.5.ab_b_h, 7 
(-1, 1, 8), [1, -1, 1, 8, 5, -25, 125], 3.5.ab_b_i, 8 
(-1, 1, 9), [1, -1, 1, 9, 5, -25, 125], 3.5.ab_b_j, 9 
(-1, 1, 11), [1, -1, 1, 11, 5, -25, 125], 3.5.ab_b_l, 11 
(-1, 1, 13), [1, -1, 1, 13, 5, -25, 125], 3.5.ab_b_n, 13 
(-1, 2, -18), [1, -1, 2, -18, 10, -25, 125], 3.5.ab_c_as, -21 
(-1, 2, -16), [1, -1, 2, -16, 10, -25, 125], 3.5.ab_c_aq, -19 
(-1, 2, -14), [1, -1, 2, -14, 10, -25, 125], 3.5.ab_c_ao, -17 
(-1, 2, -12), [1, -1, 2, -12, 10, -25, 125], 3.5.ab_c_am, -15 
(-1, 2, -8), [1, -1, 2, -8, 10, -25, 125], 3.5.ab_c_ai, -11 
(-1, 2, -4), [1, -1, 2, -4, 10, -25, 125], 3.5.ab_c_ae, -7 
(-1, 2, -2), [1, -1, 2, -2, 10, -25, 125], 3.5.ab_c_ac, -5 
(-1, 2, 2), [1, -1, 2, 2, 10, -25, 125], 3.5.ab_c_c, -1 
(-1, 2, 4), [1, -1, 2, 4, 10, -25, 125], 3.5.ab_c_e, 1 
(-1, 2, 6), [1, -1, 2, 6, 10, -25, 125], 3.5.ab_c_g, 3 
(-1, 2, 8), [1, -1, 2, 8, 10, -25, 125], 3.5.ab_c_i, 5 
(-1, 3, -21), [1, -1, 3, -21, 15, -25, 125], 3.5.ab_d_av, -29 
(-1, 3, -19), [1, -1, 3, -19, 15, -25, 125], 3.5.ab_d_at, -27 
(-1, 3, -18), [1, -1, 3, -18, 15, -25, 125], 3.5.ab_d_as, -26 
(-1, 3, -17), [1, -1, 3, -17, 15, -25, 125], 3.5.ab_d_ar, -25 
(-1, 3, -16), [1, -1, 3, -16, 15, -25, 125], 3.5.ab_d_aq, -24 
(-1, 3, -14), [1, -1, 3, -14, 15, -25, 125], 3.5.ab_d_ao, -22 
(-1, 3, -13), [1, -1, 3, -13, 15, -25, 125], 3.5.ab_d_an, -21 
(-1, 3, -12), [1, -1, 3, -12, 15, -25, 125], 3.5.ab_d_am, -20 
(-1, 3, -11), [1, -1, 3, -11, 15, -25, 125], 3.5.ab_d_al, -19 
(-1, 3, -9), [1, -1, 3, -9, 15, -25, 125], 3.5.ab_d_aj, -17 
(-1, 3, -8), [1, -1, 3, -8, 15, -25, 125], 3.5.ab_d_ai, -16 
(-1, 3, -7), [1, -1, 3, -7, 15, -25, 125], 3.5.ab_d_ah, -15 
(-1, 3, -6), [1, -1, 3, -6, 15, -25, 125], 3.5.ab_d_ag, -14 
(-1, 3, -4), [1, -1, 3, -4, 15, -25, 125], 3.5.ab_d_ae, -12 
(-1, 3, -3), [1, -1, 3, -3, 15, -25, 125], 3.5.ab_d_ad, -11 
(-1, 3, -2), [1, -1, 3, -2, 15, -25, 125], 3.5.ab_d_ac, -10 
(-1, 3, -1), [1, -1, 3, -1, 15, -25, 125], 3.5.ab_d_ab, -9 
(-1, 3, 1), [1, -1, 3, 1, 15, -25, 125], 3.5.ab_d_b, -7 
(-1, 3, 3), [1, -1, 3, 3, 15, -25, 125], 3.5.ab_d_d, -5 
(-1, 3, 4), [1, -1, 3, 4, 15, -25, 125], 3.5.ab_d_e, -4 
(-1, 3, 6), [1, -1, 3, 6, 15, -25, 125], 3.5.ab_d_g, -2 
(-1, 3, 7), [1, -1, 3, 7, 15, -25, 125], 3.5.ab_d_h, -1 
(-1, 3, 9), [1, -1, 3, 9, 15, -25, 125], 3.5.ab_d_j, 1 
(-1, 4, -18), [1, -1, 4, -18, 20, -25, 125], 3.5.ab_e_as, -33 
(-1, 4, -16), [1, -1, 4, -16, 20, -25, 125], 3.5.ab_e_aq, -31 
(-1, 4, -12), [1, -1, 4, -12, 20, -25, 125], 3.5.ab_e_am, -27 
(-1, 4, -8), [1, -1, 4, -8, 20, -25, 125], 3.5.ab_e_ai, -23 
(-1, 4, -6), [1, -1, 4, -6, 20, -25, 125], 3.5.ab_e_ag, -21 
(-1, 4, -4), [1, -1, 4, -4, 20, -25, 125], 3.5.ab_e_ae, -19 
(-1, 4, -2), [1, -1, 4, -2, 20, -25, 125], 3.5.ab_e_ac, -17 
(-1, 4, 2), [1, -1, 4, 2, 20, -25, 125], 3.5.ab_e_c, -13 
(-1, 4, 4), [1, -1, 4, 4, 20, -25, 125], 3.5.ab_e_e, -11 
(-1, 4, 6), [1, -1, 4, 6, 20, -25, 125], 3.5.ab_e_g, -9 
(-1, 5, -19), [1, -1, 5, -19, 25, -25, 125], 3.5.ab_f_at, -43 
(-1, 5, -17), [1, -1, 5, -17, 25, -25, 125], 3.5.ab_f_ar, -41 
(-1, 5, -16), [1, -1, 5, -16, 25, -25, 125], 3.5.ab_f_aq, -40 
(-1, 5, -14), [1, -1, 5, -14, 25, -25, 125], 3.5.ab_f_ao, -38 
(-1, 5, -13), [1, -1, 5, -13, 25, -25, 125], 3.5.ab_f_an, -37 
(-1, 5, -12), [1, -1, 5, -12, 25, -25, 125], 3.5.ab_f_am, -36 
(-1, 5, -11), [1, -1, 5, -11, 25, -25, 125], 3.5.ab_f_al, -35 
(-1, 5, -9), [1, -1, 5, -9, 25, -25, 125], 3.5.ab_f_aj, -33 
(-1, 5, -8), [1, -1, 5, -8, 25, -25, 125], 3.5.ab_f_ai, -32 
(-1, 5, -7), [1, -1, 5, -7, 25, -25, 125], 3.5.ab_f_ah, -31 
(-1, 5, -6), [1, -1, 5, -6, 25, -25, 125], 3.5.ab_f_ag, -30 
(-1, 5, -3), [1, -1, 5, -3, 25, -25, 125], 3.5.ab_f_ad, -27 
(-1, 5, -2), [1, -1, 5, -2, 25, -25, 125], 3.5.ab_f_ac, -26 
(-1, 5, -1), [1, -1, 5, -1, 25, -25, 125], 3.5.ab_f_ab, -25 
(-1, 5, 1), [1, -1, 5, 1, 25, -25, 125], 3.5.ab_f_b, -23 
(-1, 5, 3), [1, -1, 5, 3, 25, -25, 125], 3.5.ab_f_d, -21 
(-1, 5, 4), [1, -1, 5, 4, 25, -25, 125], 3.5.ab_f_e, -20 
(-1, 6, -14), [1, -1, 6, -14, 30, -25, 125], 3.5.ab_g_ao, -49 
(-1, 6, -12), [1, -1, 6, -12, 30, -25, 125], 3.5.ab_g_am, -47 
(-1, 6, -8), [1, -1, 6, -8, 30, -25, 125], 3.5.ab_g_ai, -43 
(-1, 6, -6), [1, -1, 6, -6, 30, -25, 125], 3.5.ab_g_ag, -41 
(-1, 6, -4), [1, -1, 6, -4, 30, -25, 125], 3.5.ab_g_ae, -39 
(-1, 6, -2), [1, -1, 6, -2, 30, -25, 125], 3.5.ab_g_ac, -37 
(-1, 6, 2), [1, -1, 6, 2, 30, -25, 125], 3.5.ab_g_c, -33 
(-1, 7, -13), [1, -1, 7, -13, 35, -25, 125], 3.5.ab_h_an, -61 
(-1, 7, -12), [1, -1, 7, -12, 35, -25, 125], 3.5.ab_h_am, -60 
(-1, 7, -11), [1, -1, 7, -11, 35, -25, 125], 3.5.ab_h_al, -59 
(-1, 7, -9), [1, -1, 7, -9, 35, -25, 125], 3.5.ab_h_aj, -57 
(-1, 7, -8), [1, -1, 7, -8, 35, -25, 125], 3.5.ab_h_ai, -56 
(-1, 7, -7), [1, -1, 7, -7, 35, -25, 125], 3.5.ab_h_ah, -55 
(-1, 7, -6), [1, -1, 7, -6, 35, -25, 125], 3.5.ab_h_ag, -54 
(-1, 7, -3), [1, -1, 7, -3, 35, -25, 125], 3.5.ab_h_ad, -51 
(-1, 7, -1), [1, -1, 7, -1, 35, -25, 125], 3.5.ab_h_ab, -49 
(-1, 7, 1), [1, -1, 7, 1, 35, -25, 125], 3.5.ab_h_b, -47 
(-1, 8, -14), [1, -1, 8, -14, 40, -25, 125], 3.5.ab_i_ao, -77 
(-1, 8, -8), [1, -1, 8, -8, 40, -25, 125], 3.5.ab_i_ai, -71 
(-1, 8, -6), [1, -1, 8, -6, 40, -25, 125], 3.5.ab_i_ag, -69 
(-1, 8, -4), [1, -1, 8, -4, 40, -25, 125], 3.5.ab_i_ae, -67 
(-1, 8, -2), [1, -1, 8, -2, 40, -25, 125], 3.5.ab_i_ac, -65 
(-1, 9, -13), [1, -1, 9, -13, 45, -25, 125], 3.5.ab_j_an, -93 
(-1, 9, -12), [1, -1, 9, -12, 45, -25, 125], 3.5.ab_j_am, -92 
(-1, 9, -11), [1, -1, 9, -11, 45, -25, 125], 3.5.ab_j_al, -91 
(-1, 9, -9), [1, -1, 9, -9, 45, -25, 125], 3.5.ab_j_aj, -89 
(-1, 9, -8), [1, -1, 9, -8, 45, -25, 125], 3.5.ab_j_ai, -88 
(-1, 9, -7), [1, -1, 9, -7, 45, -25, 125], 3.5.ab_j_ah, -87 
(-1, 9, -6), [1, -1, 9, -6, 45, -25, 125], 3.5.ab_j_ag, -86 
(-1, 9, -3), [1, -1, 9, -3, 45, -25, 125], 3.5.ab_j_ad, -83 
(-1, 10, -12), [1, -1, 10, -12, 50, -25, 125], 3.5.ab_k_am, -111 
(-1, 10, -6), [1, -1, 10, -6, 50, -25, 125], 3.5.ab_k_ag, -105 
(-1, 11, -11), [1, -1, 11, -11, 55, -25, 125], 3.5.ab_l_al, -131 
(-1, 11, -9), [1, -1, 11, -9, 55, -25, 125], 3.5.ab_l_aj, -129 
(-1, 11, -8), [1, -1, 11, -8, 55, -25, 125], 3.5.ab_l_ai, -128 
(-1, 11, -7), [1, -1, 11, -7, 55, -25, 125], 3.5.ab_l_ah, -127 
(0, -4, -4), [1, 0, -4, -4, -20, 0, 125], 3.5.a_ae_ae, -20 
(0, -4, -2), [1, 0, -4, -2, -20, 0, 125], 3.5.a_ae_ac, -18 
(0, -4, 2), [1, 0, -4, 2, -20, 0, 125], 3.5.a_ae_c, -14 
(0, -4, 4), [1, 0, -4, 4, -20, 0, 125], 3.5.a_ae_e, -12 
(0, -3, -6), [1, 0, -3, -6, -15, 0, 125], 3.5.a_ad_ag, -15 
(0, -3, -4), [1, 0, -3, -4, -15, 0, 125], 3.5.a_ad_ae, -13 
(0, -3, -3), [1, 0, -3, -3, -15, 0, 125], 3.5.a_ad_ad, -12 
(0, -3, -2), [1, 0, -3, -2, -15, 0, 125], 3.5.a_ad_ac, -11 
(0, -3, 2), [1, 0, -3, 2, -15, 0, 125], 3.5.a_ad_c, -7 
(0, -3, 3), [1, 0, -3, 3, -15, 0, 125], 3.5.a_ad_d, -6 
(0, -3, 4), [1, 0, -3, 4, -15, 0, 125], 3.5.a_ad_e, -5 
(0, -3, 6), [1, 0, -3, 6, -15, 0, 125], 3.5.a_ad_g, -3 
(0, -2, -12), [1, 0, -2, -12, -10, 0, 125], 3.5.a_ac_am, -16 
(0, -2, -8), [1, 0, -2, -8, -10, 0, 125], 3.5.a_ac_ai, -12 
(0, -2, -6), [1, 0, -2, -6, -10, 0, 125], 3.5.a_ac_ag, -10 
(0, -2, -2), [1, 0, -2, -2, -10, 0, 125], 3.5.a_ac_ac, -6 
(0, -2, 2), [1, 0, -2, 2, -10, 0, 125], 3.5.a_ac_c, -2 
(0, -2, 6), [1, 0, -2, 6, -10, 0, 125], 3.5.a_ac_g, 2 
(0, -2, 8), [1, 0, -2, 8, -10, 0, 125], 3.5.a_ac_i, 4 
(0, -2, 12), [1, 0, -2, 12, -10, 0, 125], 3.5.a_ac_m, 8 
(0, -1, -17), [1, 0, -1, -17, -5, 0, 125], 3.5.a_ab_ar, -18 
(0, -1, -16), [1, 0, -1, -16, -5, 0, 125], 3.5.a_ab_aq, -17 
(0, -1, -14), [1, 0, -1, -14, -5, 0, 125], 3.5.a_ab_ao, -15 
(0, -1, -13), [1, 0, -1, -13, -5, 0, 125], 3.5.a_ab_an, -14 
(0, -1, -12), [1, 0, -1, -12, -5, 0, 125], 3.5.a_ab_am, -13 
(0, -1, -9), [1, 0, -1, -9, -5, 0, 125], 3.5.a_ab_aj, -10 
(0, -1, -8), [1, 0, -1, -8, -5, 0, 125], 3.5.a_ab_ai, -9 
(0, -1, -7), [1, 0, -1, -7, -5, 0, 125], 3.5.a_ab_ah, -8 
(0, -1, -6), [1, 0, -1, -6, -5, 0, 125], 3.5.a_ab_ag, -7 
(0, -1, -4), [1, 0, -1, -4, -5, 0, 125], 3.5.a_ab_ae, -5 
(0, -1, -3), [1, 0, -1, -3, -5, 0, 125], 3.5.a_ab_ad, -4 
(0, -1, -2), [1, 0, -1, -2, -5, 0, 125], 3.5.a_ab_ac, -3 
(0, -1, -1), [1, 0, -1, -1, -5, 0, 125], 3.5.a_ab_ab, -2 
(0, -1, 1), [1, 0, -1, 1, -5, 0, 125], 3.5.a_ab_b, 0 
(0, -1, 2), [1, 0, -1, 2, -5, 0, 125], 3.5.a_ab_c, 1 
(0, -1, 3), [1, 0, -1, 3, -5, 0, 125], 3.5.a_ab_d, 2 
(0, -1, 4), [1, 0, -1, 4, -5, 0, 125], 3.5.a_ab_e, 3 
(0, -1, 6), [1, 0, -1, 6, -5, 0, 125], 3.5.a_ab_g, 5 
(0, -1, 7), [1, 0, -1, 7, -5, 0, 125], 3.5.a_ab_h, 6 
(0, -1, 8), [1, 0, -1, 8, -5, 0, 125], 3.5.a_ab_i, 7 
(0, -1, 9), [1, 0, -1, 9, -5, 0, 125], 3.5.a_ab_j, 8 
(0, -1, 12), [1, 0, -1, 12, -5, 0, 125], 3.5.a_ab_m, 11 
(0, -1, 13), [1, 0, -1, 13, -5, 0, 125], 3.5.a_ab_n, 12 
(0, -1, 14), [1, 0, -1, 14, -5, 0, 125], 3.5.a_ab_o, 13 
(0, -1, 16), [1, 0, -1, 16, -5, 0, 125], 3.5.a_ab_q, 15 
(0, -1, 17), [1, 0, -1, 17, -5, 0, 125], 3.5.a_ab_r, 16 
(0, 0, -12), [1, 0, 0, -12, 0, 0, 125], 3.5.a_a_am, -12 
(0, 0, -8), [1, 0, 0, -8, 0, 0, 125], 3.5.a_a_ai, -8 
(0, 0, -6), [1, 0, 0, -6, 0, 0, 125], 3.5.a_a_ag, -6 
(0, 0, -2), [1, 0, 0, -2, 0, 0, 125], 3.5.a_a_ac, -2 
(0, 0, 2), [1, 0, 0, 2, 0, 0, 125], 3.5.a_a_c, 2 
(0, 0, 6), [1, 0, 0, 6, 0, 0, 125], 3.5.a_a_g, 6 
(0, 0, 8), [1, 0, 0, 8, 0, 0, 125], 3.5.a_a_i, 8 
(0, 0, 12), [1, 0, 0, 12, 0, 0, 125], 3.5.a_a_m, 12 
(0, 1, -18), [1, 0, 1, -18, 5, 0, 125], 3.5.a_b_as, -19 
(0, 1, -17), [1, 0, 1, -17, 5, 0, 125], 3.5.a_b_ar, -18 
(0, 1, -16), [1, 0, 1, -16, 5, 0, 125], 3.5.a_b_aq, -17 
(0, 1, -14), [1, 0, 1, -14, 5, 0, 125], 3.5.a_b_ao, -15 
(0, 1, -12), [1, 0, 1, -12, 5, 0, 125], 3.5.a_b_am, -13 
(0, 1, -11), [1, 0, 1, -11, 5, 0, 125], 3.5.a_b_al, -12 
(0, 1, -9), [1, 0, 1, -9, 5, 0, 125], 3.5.a_b_aj, -10 
(0, 1, -7), [1, 0, 1, -7, 5, 0, 125], 3.5.a_b_ah, -8 
(0, 1, -6), [1, 0, 1, -6, 5, 0, 125], 3.5.a_b_ag, -7 
(0, 1, -4), [1, 0, 1, -4, 5, 0, 125], 3.5.a_b_ae, -5 
(0, 1, -3), [1, 0, 1, -3, 5, 0, 125], 3.5.a_b_ad, -4 
(0, 1, -2), [1, 0, 1, -2, 5, 0, 125], 3.5.a_b_ac, -3 
(0, 1, 2), [1, 0, 1, 2, 5, 0, 125], 3.5.a_b_c, 1 
(0, 1, 3), [1, 0, 1, 3, 5, 0, 125], 3.5.a_b_d, 2 
(0, 1, 4), [1, 0, 1, 4, 5, 0, 125], 3.5.a_b_e, 3 
(0, 1, 6), [1, 0, 1, 6, 5, 0, 125], 3.5.a_b_g, 5 
(0, 1, 7), [1, 0, 1, 7, 5, 0, 125], 3.5.a_b_h, 6 
(0, 1, 9), [1, 0, 1, 9, 5, 0, 125], 3.5.a_b_j, 8 
(0, 1, 11), [1, 0, 1, 11, 5, 0, 125], 3.5.a_b_l, 10 
(0, 1, 12), [1, 0, 1, 12, 5, 0, 125], 3.5.a_b_m, 11 
(0, 1, 14), [1, 0, 1, 14, 5, 0, 125], 3.5.a_b_o, 13 
(0, 1, 16), [1, 0, 1, 16, 5, 0, 125], 3.5.a_b_q, 15 
(0, 1, 17), [1, 0, 1, 17, 5, 0, 125], 3.5.a_b_r, 16 
(0, 1, 18), [1, 0, 1, 18, 5, 0, 125], 3.5.a_b_s, 17 
(0, 2, -16), [1, 0, 2, -16, 10, 0, 125], 3.5.a_c_aq, -20 
(0, 2, -14), [1, 0, 2, -14, 10, 0, 125], 3.5.a_c_ao, -18 
(0, 2, -8), [1, 0, 2, -8, 10, 0, 125], 3.5.a_c_ai, -12 
(0, 2, -6), [1, 0, 2, -6, 10, 0, 125], 3.5.a_c_ag, -10 
(0, 2, -4), [1, 0, 2, -4, 10, 0, 125], 3.5.a_c_ae, -8 
(0, 2, -2), [1, 0, 2, -2, 10, 0, 125], 3.5.a_c_ac, -6 
(0, 2, 2), [1, 0, 2, 2, 10, 0, 125], 3.5.a_c_c, -2 
(0, 2, 4), [1, 0, 2, 4, 10, 0, 125], 3.5.a_c_e, 0 
(0, 2, 6), [1, 0, 2, 6, 10, 0, 125], 3.5.a_c_g, 2 
(0, 2, 8), [1, 0, 2, 8, 10, 0, 125], 3.5.a_c_i, 4 
(0, 2, 14), [1, 0, 2, 14, 10, 0, 125], 3.5.a_c_o, 10 
(0, 2, 16), [1, 0, 2, 16, 10, 0, 125], 3.5.a_c_q, 12 
(0, 3, -14), [1, 0, 3, -14, 15, 0, 125], 3.5.a_d_ao, -23 
(0, 3, -12), [1, 0, 3, -12, 15, 0, 125], 3.5.a_d_am, -21 
(0, 3, -8), [1, 0, 3, -8, 15, 0, 125], 3.5.a_d_ai, -17 
(0, 3, -7), [1, 0, 3, -7, 15, 0, 125], 3.5.a_d_ah, -16 
(0, 3, -6), [1, 0, 3, -6, 15, 0, 125], 3.5.a_d_ag, -15 
(0, 3, -4), [1, 0, 3, -4, 15, 0, 125], 3.5.a_d_ae, -13 
(0, 3, -3), [1, 0, 3, -3, 15, 0, 125], 3.5.a_d_ad, -12 
(0, 3, -2), [1, 0, 3, -2, 15, 0, 125], 3.5.a_d_ac, -11 
(0, 3, -1), [1, 0, 3, -1, 15, 0, 125], 3.5.a_d_ab, -10 
(0, 3, 1), [1, 0, 3, 1, 15, 0, 125], 3.5.a_d_b, -8 
(0, 3, 2), [1, 0, 3, 2, 15, 0, 125], 3.5.a_d_c, -7 
(0, 3, 3), [1, 0, 3, 3, 15, 0, 125], 3.5.a_d_d, -6 
(0, 3, 4), [1, 0, 3, 4, 15, 0, 125], 3.5.a_d_e, -5 
(0, 3, 6), [1, 0, 3, 6, 15, 0, 125], 3.5.a_d_g, -3 
(0, 3, 7), [1, 0, 3, 7, 15, 0, 125], 3.5.a_d_h, -2 
(0, 3, 8), [1, 0, 3, 8, 15, 0, 125], 3.5.a_d_i, -1 
(0, 3, 12), [1, 0, 3, 12, 15, 0, 125], 3.5.a_d_m, 3 
(0, 3, 14), [1, 0, 3, 14, 15, 0, 125], 3.5.a_d_o, 5 
(0, 4, -12), [1, 0, 4, -12, 20, 0, 125], 3.5.a_e_am, -28 
(0, 4, -4), [1, 0, 4, -4, 20, 0, 125], 3.5.a_e_ae, -20 
(0, 4, -2), [1, 0, 4, -2, 20, 0, 125], 3.5.a_e_ac, -18 
(0, 4, 2), [1, 0, 4, 2, 20, 0, 125], 3.5.a_e_c, -14 
(0, 4, 4), [1, 0, 4, 4, 20, 0, 125], 3.5.a_e_e, -12 
(0, 4, 12), [1, 0, 4, 12, 20, 0, 125], 3.5.a_e_m, -4 
(0, 5, -11), [1, 0, 5, -11, 25, 0, 125], 3.5.a_f_al, -36 
(0, 5, -8), [1, 0, 5, -8, 25, 0, 125], 3.5.a_f_ai, -33 
(0, 5, -7), [1, 0, 5, -7, 25, 0, 125], 3.5.a_f_ah, -32 
(0, 5, -6), [1, 0, 5, -6, 25, 0, 125], 3.5.a_f_ag, -31 
(0, 5, -4), [1, 0, 5, -4, 25, 0, 125], 3.5.a_f_ae, -29 
(0, 5, -2), [1, 0, 5, -2, 25, 0, 125], 3.5.a_f_ac, -27 
(0, 5, -1), [1, 0, 5, -1, 25, 0, 125], 3.5.a_f_ab, -26 
(0, 5, 1), [1, 0, 5, 1, 25, 0, 125], 3.5.a_f_b, -24 
(0, 5, 2), [1, 0, 5, 2, 25, 0, 125], 3.5.a_f_c, -23 
(0, 5, 4), [1, 0, 5, 4, 25, 0, 125], 3.5.a_f_e, -21 
(0, 5, 6), [1, 0, 5, 6, 25, 0, 125], 3.5.a_f_g, -19 
(0, 5, 7), [1, 0, 5, 7, 25, 0, 125], 3.5.a_f_h, -18 
(0, 5, 8), [1, 0, 5, 8, 25, 0, 125], 3.5.a_f_i, -17 
(0, 5, 11), [1, 0, 5, 11, 25, 0, 125], 3.5.a_f_l, -14 
(0, 6, -6), [1, 0, 6, -6, 30, 0, 125], 3.5.a_g_ag, -42 
(0, 6, -4), [1, 0, 6, -4, 30, 0, 125], 3.5.a_g_ae, -40 
(0, 6, -2), [1, 0, 6, -2, 30, 0, 125], 3.5.a_g_ac, -38 
(0, 6, 2), [1, 0, 6, 2, 30, 0, 125], 3.5.a_g_c, -34 
(0, 6, 4), [1, 0, 6, 4, 30, 0, 125], 3.5.a_g_e, -32 
(0, 6, 6), [1, 0, 6, 6, 30, 0, 125], 3.5.a_g_g, -30 
(0, 7, -6), [1, 0, 7, -6, 35, 0, 125], 3.5.a_h_ag, -55 
(0, 7, -4), [1, 0, 7, -4, 35, 0, 125], 3.5.a_h_ae, -53 
(0, 7, -2), [1, 0, 7, -2, 35, 0, 125], 3.5.a_h_ac, -51 
(0, 7, -1), [1, 0, 7, -1, 35, 0, 125], 3.5.a_h_ab, -50 
(0, 7, 1), [1, 0, 7, 1, 35, 0, 125], 3.5.a_h_b, -48 
(0, 7, 2), [1, 0, 7, 2, 35, 0, 125], 3.5.a_h_c, -47 
(0, 7, 4), [1, 0, 7, 4, 35, 0, 125], 3.5.a_h_e, -45 
(0, 7, 6), [1, 0, 7, 6, 35, 0, 125], 3.5.a_h_g, -43 
(0, 8, -4), [1, 0, 8, -4, 40, 0, 125], 3.5.a_i_ae, -68 
(0, 8, -2), [1, 0, 8, -2, 40, 0, 125], 3.5.a_i_ac, -66 
(0, 8, 2), [1, 0, 8, 2, 40, 0, 125], 3.5.a_i_c, -62 
(0, 8, 4), [1, 0, 8, 4, 40, 0, 125], 3.5.a_i_e, -60 
(0, 9, -3), [1, 0, 9, -3, 45, 0, 125], 3.5.a_j_ad, -84 
(0, 9, -2), [1, 0, 9, -2, 45, 0, 125], 3.5.a_j_ac, -83 
(0, 9, -1), [1, 0, 9, -1, 45, 0, 125], 3.5.a_j_ab, -82 
(0, 9, 1), [1, 0, 9, 1, 45, 0, 125], 3.5.a_j_b, -80 
(0, 9, 2), [1, 0, 9, 2, 45, 0, 125], 3.5.a_j_c, -79 
(0, 9, 3), [1, 0, 9, 3, 45, 0, 125], 3.5.a_j_d, -78 
(0, 11, -2), [1, 0, 11, -2, 55, 0, 125], 3.5.a_l_ac, -123 
(0, 11, -1), [1, 0, 11, -1, 55, 0, 125], 3.5.a_l_ab, -122 
(0, 11, 1), [1, 0, 11, 1, 55, 0, 125], 3.5.a_l_b, -120 
(0, 11, 2), [1, 0, 11, 2, 55, 0, 125], 3.5.a_l_c, -119 
(1, -4, -12), [1, 1, -4, -12, -20, 25, 125], 3.5.b_ae_am, -27 
(1, -4, -8), [1, 1, -4, -8, -20, 25, 125], 3.5.b_ae_ai, -23 
(1, -3, -18), [1, 1, -3, -18, -15, 25, 125], 3.5.b_ad_as, -26 
(1, -3, -17), [1, 1, -3, -17, -15, 25, 125], 3.5.b_ad_ar, -25 
(1, -3, -13), [1, 1, -3, -13, -15, 25, 125], 3.5.b_ad_an, -21 
(1, -3, -12), [1, 1, -3, -12, -15, 25, 125], 3.5.b_ad_am, -20 
(1, -3, -11), [1, 1, -3, -11, -15, 25, 125], 3.5.b_ad_al, -19 
(1, -3, -7), [1, 1, -3, -7, -15, 25, 125], 3.5.b_ad_ah, -15 
(1, -3, -6), [1, 1, -3, -6, -15, 25, 125], 3.5.b_ad_ag, -14 
(1, -3, -4), [1, 1, -3, -4, -15, 25, 125], 3.5.b_ad_ae, -12 
(1, -3, -3), [1, 1, -3, -3, -15, 25, 125], 3.5.b_ad_ad, -11 
(1, -3, -2), [1, 1, -3, -2, -15, 25, 125], 3.5.b_ad_ac, -10 
(1, -2, -16), [1, 1, -2, -16, -10, 25, 125], 3.5.b_ac_aq, -19 
(1, -2, -14), [1, 1, -2, -14, -10, 25, 125], 3.5.b_ac_ao, -17 
(1, -2, -12), [1, 1, -2, -12, -10, 25, 125], 3.5.b_ac_am, -15 
(1, -2, -8), [1, 1, -2, -8, -10, 25, 125], 3.5.b_ac_ai, -11 
(1, -2, -6), [1, 1, -2, -6, -10, 25, 125], 3.5.b_ac_ag, -9 
(1, -2, -4), [1, 1, -2, -4, -10, 25, 125], 3.5.b_ac_ae, -7 
(1, -1, -19), [1, 1, -1, -19, -5, 25, 125], 3.5.b_ab_at, -19 
(1, -1, -17), [1, 1, -1, -17, -5, 25, 125], 3.5.b_ab_ar, -17 
(1, -1, -16), [1, 1, -1, -16, -5, 25, 125], 3.5.b_ab_aq, -16 
(1, -1, -14), [1, 1, -1, -14, -5, 25, 125], 3.5.b_ab_ao, -14 
(1, -1, -13), [1, 1, -1, -13, -5, 25, 125], 3.5.b_ab_an, -13 
(1, -1, -11), [1, 1, -1, -11, -5, 25, 125], 3.5.b_ab_al, -11 
(1, -1, -9), [1, 1, -1, -9, -5, 25, 125], 3.5.b_ab_aj, -9 
(1, -1, -8), [1, 1, -1, -8, -5, 25, 125], 3.5.b_ab_ai, -8 
(1, -1, -7), [1, 1, -1, -7, -5, 25, 125], 3.5.b_ab_ah, -7 
(1, -1, -4), [1, 1, -1, -4, -5, 25, 125], 3.5.b_ab_ae, -4 
(1, -1, -3), [1, 1, -1, -3, -5, 25, 125], 3.5.b_ab_ad, -3 
(1, -1, -2), [1, 1, -1, -2, -5, 25, 125], 3.5.b_ab_ac, -2 
(1, -1, -1), [1, 1, -1, -1, -5, 25, 125], 3.5.b_ab_ab, -1 
(1, -1, 1), [1, 1, -1, 1, -5, 25, 125], 3.5.b_ab_b, 1 
(1, -1, 2), [1, 1, -1, 2, -5, 25, 125], 3.5.b_ab_c, 2 
(1, -1, 3), [1, 1, -1, 3, -5, 25, 125], 3.5.b_ab_d, 3 
(1, -1, 4), [1, 1, -1, 4, -5, 25, 125], 3.5.b_ab_e, 4 
(1, -1, 6), [1, 1, -1, 6, -5, 25, 125], 3.5.b_ab_g, 6 
(1, -1, 7), [1, 1, -1, 7, -5, 25, 125], 3.5.b_ab_h, 7 
(1, 0, -18), [1, 1, 0, -18, 0, 25, 125], 3.5.b_a_as, -17 
(1, 0, -14), [1, 1, 0, -14, 0, 25, 125], 3.5.b_a_ao, -13 
(1, 0, -12), [1, 1, 0, -12, 0, 25, 125], 3.5.b_a_am, -11 
(1, 0, -8), [1, 1, 0, -8, 0, 25, 125], 3.5.b_a_ai, -7 
(1, 0, -6), [1, 1, 0, -6, 0, 25, 125], 3.5.b_a_ag, -5 
(1, 0, -4), [1, 1, 0, -4, 0, 25, 125], 3.5.b_a_ae, -3 
(1, 0, 2), [1, 1, 0, 2, 0, 25, 125], 3.5.b_a_c, 3 
(1, 0, 4), [1, 1, 0, 4, 0, 25, 125], 3.5.b_a_e, 5 
(1, 0, 6), [1, 1, 0, 6, 0, 25, 125], 3.5.b_a_g, 7 
(1, 0, 8), [1, 1, 0, 8, 0, 25, 125], 3.5.b_a_i, 9 
(1, 1, -13), [1, 1, 1, -13, 5, 25, 125], 3.5.b_b_an, -13 
(1, 1, -11), [1, 1, 1, -11, 5, 25, 125], 3.5.b_b_al, -11 
(1, 1, -9), [1, 1, 1, -9, 5, 25, 125], 3.5.b_b_aj, -9 
(1, 1, -8), [1, 1, 1, -8, 5, 25, 125], 3.5.b_b_ai, -8 
(1, 1, -7), [1, 1, 1, -7, 5, 25, 125], 3.5.b_b_ah, -7 
(1, 1, -6), [1, 1, 1, -6, 5, 25, 125], 3.5.b_b_ag, -6 
(1, 1, -3), [1, 1, 1, -3, 5, 25, 125], 3.5.b_b_ad, -3 
(1, 1, -2), [1, 1, 1, -2, 5, 25, 125], 3.5.b_b_ac, -2 
(1, 1, -1), [1, 1, 1, -1, 5, 25, 125], 3.5.b_b_ab, -1 
(1, 1, 1), [1, 1, 1, 1, 5, 25, 125], 3.5.b_b_b, 1 
(1, 1, 3), [1, 1, 1, 3, 5, 25, 125], 3.5.b_b_d, 3 
(1, 1, 4), [1, 1, 1, 4, 5, 25, 125], 3.5.b_b_e, 4 
(1, 1, 6), [1, 1, 1, 6, 5, 25, 125], 3.5.b_b_g, 6 
(1, 1, 7), [1, 1, 1, 7, 5, 25, 125], 3.5.b_b_h, 7 
(1, 1, 8), [1, 1, 1, 8, 5, 25, 125], 3.5.b_b_i, 8 
(1, 1, 9), [1, 1, 1, 9, 5, 25, 125], 3.5.b_b_j, 9 
(1, 1, 11), [1, 1, 1, 11, 5, 25, 125], 3.5.b_b_l, 11 
(1, 1, 12), [1, 1, 1, 12, 5, 25, 125], 3.5.b_b_m, 12 
(1, 1, 13), [1, 1, 1, 13, 5, 25, 125], 3.5.b_b_n, 13 
(1, 1, 14), [1, 1, 1, 14, 5, 25, 125], 3.5.b_b_o, 14 
(1, 2, -8), [1, 1, 2, -8, 10, 25, 125], 3.5.b_c_ai, -11 
(1, 2, -6), [1, 1, 2, -6, 10, 25, 125], 3.5.b_c_ag, -9 
(1, 2, -4), [1, 1, 2, -4, 10, 25, 125], 3.5.b_c_ae, -7 
(1, 2, -2), [1, 1, 2, -2, 10, 25, 125], 3.5.b_c_ac, -5 
(1, 2, 2), [1, 1, 2, 2, 10, 25, 125], 3.5.b_c_c, -1 
(1, 2, 4), [1, 1, 2, 4, 10, 25, 125], 3.5.b_c_e, 1 
(1, 2, 8), [1, 1, 2, 8, 10, 25, 125], 3.5.b_c_i, 5 
(1, 2, 12), [1, 1, 2, 12, 10, 25, 125], 3.5.b_c_m, 9 
(1, 2, 14), [1, 1, 2, 14, 10, 25, 125], 3.5.b_c_o, 11 
(1, 2, 16), [1, 1, 2, 16, 10, 25, 125], 3.5.b_c_q, 13 
(1, 2, 18), [1, 1, 2, 18, 10, 25, 125], 3.5.b_c_s, 15 
(1, 3, -9), [1, 1, 3, -9, 15, 25, 125], 3.5.b_d_aj, -17 
(1, 3, -7), [1, 1, 3, -7, 15, 25, 125], 3.5.b_d_ah, -15 
(1, 3, -6), [1, 1, 3, -6, 15, 25, 125], 3.5.b_d_ag, -14 
(1, 3, -4), [1, 1, 3, -4, 15, 25, 125], 3.5.b_d_ae, -12 
(1, 3, -3), [1, 1, 3, -3, 15, 25, 125], 3.5.b_d_ad, -11 
(1, 3, -1), [1, 1, 3, -1, 15, 25, 125], 3.5.b_d_ab, -9 
(1, 3, 1), [1, 1, 3, 1, 15, 25, 125], 3.5.b_d_b, -7 
(1, 3, 2), [1, 1, 3, 2, 15, 25, 125], 3.5.b_d_c, -6 
(1, 3, 3), [1, 1, 3, 3, 15, 25, 125], 3.5.b_d_d, -5 
(1, 3, 4), [1, 1, 3, 4, 15, 25, 125], 3.5.b_d_e, -4 
(1, 3, 6), [1, 1, 3, 6, 15, 25, 125], 3.5.b_d_g, -2 
(1, 3, 7), [1, 1, 3, 7, 15, 25, 125], 3.5.b_d_h, -1 
(1, 3, 8), [1, 1, 3, 8, 15, 25, 125], 3.5.b_d_i, 0 
(1, 3, 9), [1, 1, 3, 9, 15, 25, 125], 3.5.b_d_j, 1 
(1, 3, 11), [1, 1, 3, 11, 15, 25, 125], 3.5.b_d_l, 3 
(1, 3, 12), [1, 1, 3, 12, 15, 25, 125], 3.5.b_d_m, 4 
(1, 3, 13), [1, 1, 3, 13, 15, 25, 125], 3.5.b_d_n, 5 
(1, 3, 14), [1, 1, 3, 14, 15, 25, 125], 3.5.b_d_o, 6 
(1, 3, 16), [1, 1, 3, 16, 15, 25, 125], 3.5.b_d_q, 8 
(1, 3, 17), [1, 1, 3, 17, 15, 25, 125], 3.5.b_d_r, 9 
(1, 3, 18), [1, 1, 3, 18, 15, 25, 125], 3.5.b_d_s, 10 
(1, 3, 19), [1, 1, 3, 19, 15, 25, 125], 3.5.b_d_t, 11 
(1, 3, 21), [1, 1, 3, 21, 15, 25, 125], 3.5.b_d_v, 13 
(1, 4, -6), [1, 1, 4, -6, 20, 25, 125], 3.5.b_e_ag, -21 
(1, 4, -4), [1, 1, 4, -4, 20, 25, 125], 3.5.b_e_ae, -19 
(1, 4, -2), [1, 1, 4, -2, 20, 25, 125], 3.5.b_e_ac, -17 
(1, 4, 2), [1, 1, 4, 2, 20, 25, 125], 3.5.b_e_c, -13 
(1, 4, 4), [1, 1, 4, 4, 20, 25, 125], 3.5.b_e_e, -11 
(1, 4, 6), [1, 1, 4, 6, 20, 25, 125], 3.5.b_e_g, -9 
(1, 4, 8), [1, 1, 4, 8, 20, 25, 125], 3.5.b_e_i, -7 
(1, 4, 12), [1, 1, 4, 12, 20, 25, 125], 3.5.b_e_m, -3 
(1, 4, 16), [1, 1, 4, 16, 20, 25, 125], 3.5.b_e_q, 1 
(1, 4, 18), [1, 1, 4, 18, 20, 25, 125], 3.5.b_e_s, 3 
(1, 5, -4), [1, 1, 5, -4, 25, 25, 125], 3.5.b_f_ae, -28 
(1, 5, -3), [1, 1, 5, -3, 25, 25, 125], 3.5.b_f_ad, -27 
(1, 5, -1), [1, 1, 5, -1, 25, 25, 125], 3.5.b_f_ab, -25 
(1, 5, 1), [1, 1, 5, 1, 25, 25, 125], 3.5.b_f_b, -23 
(1, 5, 2), [1, 1, 5, 2, 25, 25, 125], 3.5.b_f_c, -22 
(1, 5, 3), [1, 1, 5, 3, 25, 25, 125], 3.5.b_f_d, -21 
(1, 5, 6), [1, 1, 5, 6, 25, 25, 125], 3.5.b_f_g, -18 
(1, 5, 7), [1, 1, 5, 7, 25, 25, 125], 3.5.b_f_h, -17 
(1, 5, 8), [1, 1, 5, 8, 25, 25, 125], 3.5.b_f_i, -16 
(1, 5, 9), [1, 1, 5, 9, 25, 25, 125], 3.5.b_f_j, -15 
(1, 5, 11), [1, 1, 5, 11, 25, 25, 125], 3.5.b_f_l, -13 
(1, 5, 12), [1, 1, 5, 12, 25, 25, 125], 3.5.b_f_m, -12 
(1, 5, 13), [1, 1, 5, 13, 25, 25, 125], 3.5.b_f_n, -11 
(1, 5, 14), [1, 1, 5, 14, 25, 25, 125], 3.5.b_f_o, -10 
(1, 5, 16), [1, 1, 5, 16, 25, 25, 125], 3.5.b_f_q, -8 
(1, 5, 17), [1, 1, 5, 17, 25, 25, 125], 3.5.b_f_r, -7 
(1, 5, 19), [1, 1, 5, 19, 25, 25, 125], 3.5.b_f_t, -5 
(1, 6, -2), [1, 1, 6, -2, 30, 25, 125], 3.5.b_g_ac, -37 
(1, 6, 2), [1, 1, 6, 2, 30, 25, 125], 3.5.b_g_c, -33 
(1, 6, 4), [1, 1, 6, 4, 30, 25, 125], 3.5.b_g_e, -31 
(1, 6, 6), [1, 1, 6, 6, 30, 25, 125], 3.5.b_g_g, -29 
(1, 6, 8), [1, 1, 6, 8, 30, 25, 125], 3.5.b_g_i, -27 
(1, 6, 12), [1, 1, 6, 12, 30, 25, 125], 3.5.b_g_m, -23 
(1, 6, 14), [1, 1, 6, 14, 30, 25, 125], 3.5.b_g_o, -21 
(1, 7, -1), [1, 1, 7, -1, 35, 25, 125], 3.5.b_h_ab, -49 
(1, 7, 1), [1, 1, 7, 1, 35, 25, 125], 3.5.b_h_b, -47 
(1, 7, 3), [1, 1, 7, 3, 35, 25, 125], 3.5.b_h_d, -45 
(1, 7, 6), [1, 1, 7, 6, 35, 25, 125], 3.5.b_h_g, -42 
(1, 7, 7), [1, 1, 7, 7, 35, 25, 125], 3.5.b_h_h, -41 
(1, 7, 8), [1, 1, 7, 8, 35, 25, 125], 3.5.b_h_i, -40 
(1, 7, 9), [1, 1, 7, 9, 35, 25, 125], 3.5.b_h_j, -39 
(1, 7, 11), [1, 1, 7, 11, 35, 25, 125], 3.5.b_h_l, -37 
(1, 7, 12), [1, 1, 7, 12, 35, 25, 125], 3.5.b_h_m, -36 
(1, 7, 13), [1, 1, 7, 13, 35, 25, 125], 3.5.b_h_n, -35 
(1, 8, 2), [1, 1, 8, 2, 40, 25, 125], 3.5.b_i_c, -61 
(1, 8, 4), [1, 1, 8, 4, 40, 25, 125], 3.5.b_i_e, -59 
(1, 8, 6), [1, 1, 8, 6, 40, 25, 125], 3.5.b_i_g, -57 
(1, 8, 8), [1, 1, 8, 8, 40, 25, 125], 3.5.b_i_i, -55 
(1, 8, 14), [1, 1, 8, 14, 40, 25, 125], 3.5.b_i_o, -49 
(1, 9, 3), [1, 1, 9, 3, 45, 25, 125], 3.5.b_j_d, -77 
(1, 9, 6), [1, 1, 9, 6, 45, 25, 125], 3.5.b_j_g, -74 
(1, 9, 7), [1, 1, 9, 7, 45, 25, 125], 3.5.b_j_h, -73 
(1, 9, 8), [1, 1, 9, 8, 45, 25, 125], 3.5.b_j_i, -72 
(1, 9, 9), [1, 1, 9, 9, 45, 25, 125], 3.5.b_j_j, -71 
(1, 9, 11), [1, 1, 9, 11, 45, 25, 125], 3.5.b_j_l, -69 
(1, 9, 12), [1, 1, 9, 12, 45, 25, 125], 3.5.b_j_m, -68 
(1, 9, 13), [1, 1, 9, 13, 45, 25, 125], 3.5.b_j_n, -67 
(1, 10, 6), [1, 1, 10, 6, 50, 25, 125], 3.5.b_k_g, -93 
(1, 10, 12), [1, 1, 10, 12, 50, 25, 125], 3.5.b_k_m, -87 
(1, 11, 7), [1, 1, 11, 7, 55, 25, 125], 3.5.b_l_h, -113 
(1, 11, 8), [1, 1, 11, 8, 55, 25, 125], 3.5.b_l_i, -112 
(1, 11, 9), [1, 1, 11, 9, 55, 25, 125], 3.5.b_l_j, -111 
(1, 11, 11), [1, 1, 11, 11, 55, 25, 125], 3.5.b_l_l, -109 
(2, -4, -22), [1, 2, -4, -22, -20, 50, 125], 3.5.c_ae_aw, -34 
(2, -4, -16), [1, 2, -4, -16, -20, 50, 125], 3.5.c_ae_aq, -28 
(2, -3, -24), [1, 2, -3, -24, -15, 50, 125], 3.5.c_ad_ay, -29 
(2, -3, -19), [1, 2, -3, -19, -15, 50, 125], 3.5.c_ad_at, -24 
(2, -3, -14), [1, 2, -3, -14, -15, 50, 125], 3.5.c_ad_ao, -19 
(2, -2, -18), [1, 2, -2, -18, -10, 50, 125], 3.5.c_ac_as, -18 
(2, -2, -12), [1, 2, -2, -12, -10, 50, 125], 3.5.c_ac_am, -12 
(2, -1, -17), [1, 2, -1, -17, -5, 50, 125], 3.5.c_ab_ar, -14 
(2, -1, -16), [1, 2, -1, -16, -5, 50, 125], 3.5.c_ab_aq, -13 
(2, -1, -14), [1, 2, -1, -14, -5, 50, 125], 3.5.c_ab_ao, -11 
(2, -1, -13), [1, 2, -1, -13, -5, 50, 125], 3.5.c_ab_an, -10 
(2, -1, -9), [1, 2, -1, -9, -5, 50, 125], 3.5.c_ab_aj, -6 
(2, -1, -8), [1, 2, -1, -8, -5, 50, 125], 3.5.c_ab_ai, -5 
(2, -1, -6), [1, 2, -1, -6, -5, 50, 125], 3.5.c_ab_ag, -3 
(2, -1, -4), [1, 2, -1, -4, -5, 50, 125], 3.5.c_ab_ae, -1 
(2, -1, -3), [1, 2, -1, -3, -5, 50, 125], 3.5.c_ab_ad, 0 
(2, 0, -12), [1, 2, 0, -12, 0, 50, 125], 3.5.c_a_am, -8 
(2, 0, -6), [1, 2, 0, -6, 0, 50, 125], 3.5.c_a_ag, -2 
(2, 0, -4), [1, 2, 0, -4, 0, 50, 125], 3.5.c_a_ae, 0 
(2, 0, -2), [1, 2, 0, -2, 0, 50, 125], 3.5.c_a_ac, 2 
(2, 0, 2), [1, 2, 0, 2, 0, 50, 125], 3.5.c_a_c, 6 
(2, 1, -12), [1, 2, 1, -12, 5, 50, 125], 3.5.c_b_am, -9 
(2, 1, -11), [1, 2, 1, -11, 5, 50, 125], 3.5.c_b_al, -8 
(2, 1, -9), [1, 2, 1, -9, 5, 50, 125], 3.5.c_b_aj, -6 
(2, 1, -6), [1, 2, 1, -6, 5, 50, 125], 3.5.c_b_ag, -3 
(2, 1, -3), [1, 2, 1, -3, 5, 50, 125], 3.5.c_b_ad, 0 
(2, 1, -2), [1, 2, 1, -2, 5, 50, 125], 3.5.c_b_ac, 1 
(2, 1, -1), [1, 2, 1, -1, 5, 50, 125], 3.5.c_b_ab, 2 
(2, 1, 1), [1, 2, 1, 1, 5, 50, 125], 3.5.c_b_b, 4 
(2, 1, 2), [1, 2, 1, 2, 5, 50, 125], 3.5.c_b_c, 5 
(2, 1, 4), [1, 2, 1, 4, 5, 50, 125], 3.5.c_b_e, 7 
(2, 2, -8), [1, 2, 2, -8, 10, 50, 125], 3.5.c_c_ai, -8 
(2, 2, -4), [1, 2, 2, -4, 10, 50, 125], 3.5.c_c_ae, -4 
(2, 2, -2), [1, 2, 2, -2, 10, 50, 125], 3.5.c_c_ac, -2 
(2, 2, 2), [1, 2, 2, 2, 10, 50, 125], 3.5.c_c_c, 2 
(2, 2, 4), [1, 2, 2, 4, 10, 50, 125], 3.5.c_c_e, 4 
(2, 2, 8), [1, 2, 2, 8, 10, 50, 125], 3.5.c_c_i, 8 
(2, 3, -6), [1, 2, 3, -6, 15, 50, 125], 3.5.c_d_ag, -11 
(2, 3, -3), [1, 2, 3, -3, 15, 50, 125], 3.5.c_d_ad, -8 
(2, 3, -2), [1, 2, 3, -2, 15, 50, 125], 3.5.c_d_ac, -7 
(2, 3, -1), [1, 2, 3, -1, 15, 50, 125], 3.5.c_d_ab, -6 
(2, 3, 2), [1, 2, 3, 2, 15, 50, 125], 3.5.c_d_c, -3 
(2, 3, 3), [1, 2, 3, 3, 15, 50, 125], 3.5.c_d_d, -2 
(2, 3, 6), [1, 2, 3, 6, 15, 50, 125], 3.5.c_d_g, 1 
(2, 3, 8), [1, 2, 3, 8, 15, 50, 125], 3.5.c_d_i, 3 
(2, 3, 9), [1, 2, 3, 9, 15, 50, 125], 3.5.c_d_j, 4 
(2, 3, 12), [1, 2, 3, 12, 15, 50, 125], 3.5.c_d_m, 7 
(2, 3, 13), [1, 2, 3, 13, 15, 50, 125], 3.5.c_d_n, 8 
(2, 3, 14), [1, 2, 3, 14, 15, 50, 125], 3.5.c_d_o, 9 
(2, 4, 2), [1, 2, 4, 2, 20, 50, 125], 3.5.c_e_c, -10 
(2, 4, 4), [1, 2, 4, 4, 20, 50, 125], 3.5.c_e_e, -8 
(2, 4, 6), [1, 2, 4, 6, 20, 50, 125], 3.5.c_e_g, -6 
(2, 4, 12), [1, 2, 4, 12, 20, 50, 125], 3.5.c_e_m, 0 
(2, 4, 14), [1, 2, 4, 14, 20, 50, 125], 3.5.c_e_o, 2 
(2, 4, 16), [1, 2, 4, 16, 20, 50, 125], 3.5.c_e_q, 4 
(2, 4, 18), [1, 2, 4, 18, 20, 50, 125], 3.5.c_e_s, 6 
(2, 5, 1), [1, 2, 5, 1, 25, 50, 125], 3.5.c_f_b, -20 
(2, 5, 2), [1, 2, 5, 2, 25, 50, 125], 3.5.c_f_c, -19 
(2, 5, 4), [1, 2, 5, 4, 25, 50, 125], 3.5.c_f_e, -17 
(2, 5, 6), [1, 2, 5, 6, 25, 50, 125], 3.5.c_f_g, -15 
(2, 5, 7), [1, 2, 5, 7, 25, 50, 125], 3.5.c_f_h, -14 
(2, 5, 8), [1, 2, 5, 8, 25, 50, 125], 3.5.c_f_i, -13 
(2, 5, 11), [1, 2, 5, 11, 25, 50, 125], 3.5.c_f_l, -10 
(2, 5, 13), [1, 2, 5, 13, 25, 50, 125], 3.5.c_f_n, -8 
(2, 5, 14), [1, 2, 5, 14, 25, 50, 125], 3.5.c_f_o, -7 
(2, 5, 16), [1, 2, 5, 16, 25, 50, 125], 3.5.c_f_q, -5 
(2, 5, 17), [1, 2, 5, 17, 25, 50, 125], 3.5.c_f_r, -4 
(2, 5, 18), [1, 2, 5, 18, 25, 50, 125], 3.5.c_f_s, -3 
(2, 5, 19), [1, 2, 5, 19, 25, 50, 125], 3.5.c_f_t, -2 
(2, 5, 22), [1, 2, 5, 22, 25, 50, 125], 3.5.c_f_w, 1 
(2, 5, 23), [1, 2, 5, 23, 25, 50, 125], 3.5.c_f_x, 2 
(2, 6, 4), [1, 2, 6, 4, 30, 50, 125], 3.5.c_g_e, -28 
(2, 6, 6), [1, 2, 6, 6, 30, 50, 125], 3.5.c_g_g, -26 
(2, 6, 8), [1, 2, 6, 8, 30, 50, 125], 3.5.c_g_i, -24 
(2, 6, 12), [1, 2, 6, 12, 30, 50, 125], 3.5.c_g_m, -20 
(2, 6, 14), [1, 2, 6, 14, 30, 50, 125], 3.5.c_g_o, -18 
(2, 6, 18), [1, 2, 6, 18, 30, 50, 125], 3.5.c_g_s, -14 
(2, 6, 24), [1, 2, 6, 24, 30, 50, 125], 3.5.c_g_y, -8 
(2, 7, 6), [1, 2, 7, 6, 35, 50, 125], 3.5.c_h_g, -39 
(2, 7, 7), [1, 2, 7, 7, 35, 50, 125], 3.5.c_h_h, -38 
(2, 7, 8), [1, 2, 7, 8, 35, 50, 125], 3.5.c_h_i, -37 
(2, 7, 9), [1, 2, 7, 9, 35, 50, 125], 3.5.c_h_j, -36 
(2, 7, 12), [1, 2, 7, 12, 35, 50, 125], 3.5.c_h_m, -33 
(2, 7, 14), [1, 2, 7, 14, 35, 50, 125], 3.5.c_h_o, -31 
(2, 7, 16), [1, 2, 7, 16, 35, 50, 125], 3.5.c_h_q, -29 
(2, 7, 17), [1, 2, 7, 17, 35, 50, 125], 3.5.c_h_r, -28 
(2, 7, 18), [1, 2, 7, 18, 35, 50, 125], 3.5.c_h_s, -27 
(2, 7, 19), [1, 2, 7, 19, 35, 50, 125], 3.5.c_h_t, -26 
(2, 7, 21), [1, 2, 7, 21, 35, 50, 125], 3.5.c_h_v, -24 
(2, 7, 22), [1, 2, 7, 22, 35, 50, 125], 3.5.c_h_w, -23 
(2, 7, 24), [1, 2, 7, 24, 35, 50, 125], 3.5.c_h_y, -21 
(2, 8, 14), [1, 2, 8, 14, 40, 50, 125], 3.5.c_i_o, -46 
(2, 8, 16), [1, 2, 8, 16, 40, 50, 125], 3.5.c_i_q, -44 
(2, 8, 22), [1, 2, 8, 22, 40, 50, 125], 3.5.c_i_w, -38 
(2, 9, 9), [1, 2, 9, 9, 45, 50, 125], 3.5.c_j_j, -68 
(2, 9, 12), [1, 2, 9, 12, 45, 50, 125], 3.5.c_j_m, -65 
(2, 9, 14), [1, 2, 9, 14, 45, 50, 125], 3.5.c_j_o, -63 
(2, 9, 17), [1, 2, 9, 17, 45, 50, 125], 3.5.c_j_r, -60 
(2, 9, 18), [1, 2, 9, 18, 45, 50, 125], 3.5.c_j_s, -59 
(2, 9, 19), [1, 2, 9, 19, 45, 50, 125], 3.5.c_j_t, -58 
(2, 9, 21), [1, 2, 9, 21, 45, 50, 125], 3.5.c_j_v, -56 
(2, 10, 12), [1, 2, 10, 12, 50, 50, 125], 3.5.c_k_m, -84 
(2, 10, 16), [1, 2, 10, 16, 50, 50, 125], 3.5.c_k_q, -80 
(2, 10, 18), [1, 2, 10, 18, 50, 50, 125], 3.5.c_k_s, -78 
(2, 11, 14), [1, 2, 11, 14, 55, 50, 125], 3.5.c_l_o, -103 
(2, 11, 16), [1, 2, 11, 16, 55, 50, 125], 3.5.c_l_q, -101 
(2, 11, 18), [1, 2, 11, 18, 55, 50, 125], 3.5.c_l_s, -99 
(2, 11, 19), [1, 2, 11, 19, 55, 50, 125], 3.5.c_l_t, -98 
(2, 12, 18), [1, 2, 12, 18, 60, 50, 125], 3.5.c_m_s, -122 
(2, 13, 18), [1, 2, 13, 18, 65, 50, 125], 3.5.c_n_s, -147 
(3, -3, -23), [1, 3, -3, -23, -15, 75, 125], 3.5.d_ad_ax, -23 
(3, -1, -19), [1, 3, -1, -19, -5, 75, 125], 3.5.d_ab_at, -11 
(3, -1, -16), [1, 3, -1, -16, -5, 75, 125], 3.5.d_ab_aq, -8 
(3, -1, -14), [1, 3, -1, -14, -5, 75, 125], 3.5.d_ab_ao, -6 
(3, -1, -13), [1, 3, -1, -13, -5, 75, 125], 3.5.d_ab_an, -5 
(3, 0, -12), [1, 3, 0, -12, 0, 75, 125], 3.5.d_a_am, -3 
(3, 0, -8), [1, 3, 0, -8, 0, 75, 125], 3.5.d_a_ai, 1 
(3, 1, -11), [1, 3, 1, -11, 5, 75, 125], 3.5.d_b_al, -3 
(3, 1, -9), [1, 3, 1, -9, 5, 75, 125], 3.5.d_b_aj, -1 
(3, 1, -7), [1, 3, 1, -7, 5, 75, 125], 3.5.d_b_ah, 1 
(3, 1, -6), [1, 3, 1, -6, 5, 75, 125], 3.5.d_b_ag, 2 
(3, 2, -8), [1, 3, 2, -8, 10, 75, 125], 3.5.d_c_ai, -3 
(3, 2, -4), [1, 3, 2, -4, 10, 75, 125], 3.5.d_c_ae, 1 
(3, 3, -4), [1, 3, 3, -4, 15, 75, 125], 3.5.d_d_ae, -4 
(3, 3, -3), [1, 3, 3, -3, 15, 75, 125], 3.5.d_d_ad, -3 
(3, 3, -1), [1, 3, 3, -1, 15, 75, 125], 3.5.d_d_ab, -1 
(3, 3, 1), [1, 3, 3, 1, 15, 75, 125], 3.5.d_d_b, 1 
(3, 3, 3), [1, 3, 3, 3, 15, 75, 125], 3.5.d_d_d, 3 
(3, 4, -2), [1, 3, 4, -2, 20, 75, 125], 3.5.d_e_ac, -9 
(3, 4, 6), [1, 3, 4, 6, 20, 75, 125], 3.5.d_e_g, -1 
(3, 5, 1), [1, 3, 5, 1, 25, 75, 125], 3.5.d_f_b, -15 
(3, 5, 2), [1, 3, 5, 2, 25, 75, 125], 3.5.d_f_c, -14 
(3, 5, 3), [1, 3, 5, 3, 25, 75, 125], 3.5.d_f_d, -13 
(3, 5, 4), [1, 3, 5, 4, 25, 75, 125], 3.5.d_f_e, -12 
(3, 5, 7), [1, 3, 5, 7, 25, 75, 125], 3.5.d_f_h, -9 
(3, 5, 8), [1, 3, 5, 8, 25, 75, 125], 3.5.d_f_i, -8 
(3, 5, 9), [1, 3, 5, 9, 25, 75, 125], 3.5.d_f_j, -7 
(3, 5, 11), [1, 3, 5, 11, 25, 75, 125], 3.5.d_f_l, -5 
(3, 5, 12), [1, 3, 5, 12, 25, 75, 125], 3.5.d_f_m, -4 
(3, 5, 13), [1, 3, 5, 13, 25, 75, 125], 3.5.d_f_n, -3 
(3, 5, 14), [1, 3, 5, 14, 25, 75, 125], 3.5.d_f_o, -2 
(3, 6, 4), [1, 3, 6, 4, 30, 75, 125], 3.5.d_g_e, -23 
(3, 6, 6), [1, 3, 6, 6, 30, 75, 125], 3.5.d_g_g, -21 
(3, 6, 12), [1, 3, 6, 12, 30, 75, 125], 3.5.d_g_m, -15 
(3, 6, 14), [1, 3, 6, 14, 30, 75, 125], 3.5.d_g_o, -13 
(3, 6, 16), [1, 3, 6, 16, 30, 75, 125], 3.5.d_g_q, -11 
(3, 6, 18), [1, 3, 6, 18, 30, 75, 125], 3.5.d_g_s, -9 
(3, 7, 7), [1, 3, 7, 7, 35, 75, 125], 3.5.d_h_h, -33 
(3, 7, 9), [1, 3, 7, 9, 35, 75, 125], 3.5.d_h_j, -31 
(3, 7, 11), [1, 3, 7, 11, 35, 75, 125], 3.5.d_h_l, -29 
(3, 7, 12), [1, 3, 7, 12, 35, 75, 125], 3.5.d_h_m, -28 
(3, 7, 13), [1, 3, 7, 13, 35, 75, 125], 3.5.d_h_n, -27 
(3, 7, 16), [1, 3, 7, 16, 35, 75, 125], 3.5.d_h_q, -24 
(3, 7, 17), [1, 3, 7, 17, 35, 75, 125], 3.5.d_h_r, -23 
(3, 7, 18), [1, 3, 7, 18, 35, 75, 125], 3.5.d_h_s, -22 
(3, 7, 19), [1, 3, 7, 19, 35, 75, 125], 3.5.d_h_t, -21 
(3, 7, 21), [1, 3, 7, 21, 35, 75, 125], 3.5.d_h_v, -19 
(3, 7, 22), [1, 3, 7, 22, 35, 75, 125], 3.5.d_h_w, -18 
(3, 7, 23), [1, 3, 7, 23, 35, 75, 125], 3.5.d_h_x, -17 
(3, 8, 14), [1, 3, 8, 14, 40, 75, 125], 3.5.d_i_o, -41 
(3, 8, 16), [1, 3, 8, 16, 40, 75, 125], 3.5.d_i_q, -39 
(3, 8, 22), [1, 3, 8, 22, 40, 75, 125], 3.5.d_i_w, -33 
(3, 8, 26), [1, 3, 8, 26, 40, 75, 125], 3.5.d_i_ba, -29 
(3, 9, 13), [1, 3, 9, 13, 45, 75, 125], 3.5.d_j_n, -59 
(3, 9, 16), [1, 3, 9, 16, 45, 75, 125], 3.5.d_j_q, -56 
(3, 9, 17), [1, 3, 9, 17, 45, 75, 125], 3.5.d_j_r, -55 
(3, 9, 18), [1, 3, 9, 18, 45, 75, 125], 3.5.d_j_s, -54 
(3, 9, 19), [1, 3, 9, 19, 45, 75, 125], 3.5.d_j_t, -53 
(3, 9, 21), [1, 3, 9, 21, 45, 75, 125], 3.5.d_j_v, -51 
(3, 9, 23), [1, 3, 9, 23, 45, 75, 125], 3.5.d_j_x, -49 
(3, 9, 24), [1, 3, 9, 24, 45, 75, 125], 3.5.d_j_y, -48 
(3, 9, 26), [1, 3, 9, 26, 45, 75, 125], 3.5.d_j_ba, -46 
(3, 9, 27), [1, 3, 9, 27, 45, 75, 125], 3.5.d_j_bb, -45 
(3, 9, 28), [1, 3, 9, 28, 45, 75, 125], 3.5.d_j_bc, -44 
(3, 9, 29), [1, 3, 9, 29, 45, 75, 125], 3.5.d_j_bd, -43 
(3, 9, 31), [1, 3, 9, 31, 45, 75, 125], 3.5.d_j_bf, -41 
(3, 10, 18), [1, 3, 10, 18, 50, 75, 125], 3.5.d_k_s, -73 
(3, 10, 24), [1, 3, 10, 24, 50, 75, 125], 3.5.d_k_y, -67 
(3, 10, 28), [1, 3, 10, 28, 50, 75, 125], 3.5.d_k_bc, -63 
(3, 11, 17), [1, 3, 11, 17, 55, 75, 125], 3.5.d_l_r, -95 
(3, 11, 19), [1, 3, 11, 19, 55, 75, 125], 3.5.d_l_t, -93 
(3, 11, 21), [1, 3, 11, 21, 55, 75, 125], 3.5.d_l_v, -91 
(3, 11, 22), [1, 3, 11, 22, 55, 75, 125], 3.5.d_l_w, -90 
(3, 11, 23), [1, 3, 11, 23, 55, 75, 125], 3.5.d_l_x, -89 
(3, 11, 26), [1, 3, 11, 26, 55, 75, 125], 3.5.d_l_ba, -86 
(3, 11, 27), [1, 3, 11, 27, 55, 75, 125], 3.5.d_l_bb, -85 
(3, 11, 28), [1, 3, 11, 28, 55, 75, 125], 3.5.d_l_bc, -84 
(3, 11, 29), [1, 3, 11, 29, 55, 75, 125], 3.5.d_l_bd, -83 
(3, 11, 31), [1, 3, 11, 31, 55, 75, 125], 3.5.d_l_bf, -81 
(3, 12, 22), [1, 3, 12, 22, 60, 75, 125], 3.5.d_m_w, -113 
(3, 12, 24), [1, 3, 12, 24, 60, 75, 125], 3.5.d_m_y, -111 
(3, 12, 26), [1, 3, 12, 26, 60, 75, 125], 3.5.d_m_ba, -109 
(3, 12, 28), [1, 3, 12, 28, 60, 75, 125], 3.5.d_m_bc, -107 
(3, 13, 23), [1, 3, 13, 23, 65, 75, 125], 3.5.d_n_x, -137 
(3, 13, 27), [1, 3, 13, 27, 65, 75, 125], 3.5.d_n_bb, -133 
(3, 13, 29), [1, 3, 13, 29, 65, 75, 125], 3.5.d_n_bd, -131 
(3, 14, 26), [1, 3, 14, 26, 70, 75, 125], 3.5.d_o_ba, -161 
(3, 14, 28), [1, 3, 14, 28, 70, 75, 125], 3.5.d_o_bc, -159 
(3, 15, 27), [1, 3, 15, 27, 75, 75, 125], 3.5.d_p_bb, -189 
(4, 0, -18), [1, 4, 0, -18, 0, 100, 125], 3.5.e_a_as, -2 
(4, 3, -6), [1, 4, 3, -6, 15, 100, 125], 3.5.e_d_ag, 1 
(4, 5, 2), [1, 4, 5, 2, 25, 100, 125], 3.5.e_f_c, -7 
(4, 5, 4), [1, 4, 5, 4, 25, 100, 125], 3.5.e_f_e, -5 
(4, 6, 6), [1, 4, 6, 6, 30, 100, 125], 3.5.e_g_g, -14 
(4, 6, 8), [1, 4, 6, 8, 30, 100, 125], 3.5.e_g_i, -12 
(4, 7, 6), [1, 4, 7, 6, 35, 100, 125], 3.5.e_h_g, -27 
(4, 7, 9), [1, 4, 7, 9, 35, 100, 125], 3.5.e_h_j, -24 
(4, 7, 11), [1, 4, 7, 11, 35, 100, 125], 3.5.e_h_l, -22 
(4, 7, 12), [1, 4, 7, 12, 35, 100, 125], 3.5.e_h_m, -21 
(4, 7, 13), [1, 4, 7, 13, 35, 100, 125], 3.5.e_h_n, -20 
(4, 8, 14), [1, 4, 8, 14, 40, 100, 125], 3.5.e_i_o, -34 
(4, 8, 16), [1, 4, 8, 16, 40, 100, 125], 3.5.e_i_q, -32 
(4, 9, 14), [1, 4, 9, 14, 45, 100, 125], 3.5.e_j_o, -51 
(4, 9, 17), [1, 4, 9, 17, 45, 100, 125], 3.5.e_j_r, -48 
(4, 9, 18), [1, 4, 9, 18, 45, 100, 125], 3.5.e_j_s, -47 
(4, 9, 19), [1, 4, 9, 19, 45, 100, 125], 3.5.e_j_t, -46 
(4, 9, 21), [1, 4, 9, 21, 45, 100, 125], 3.5.e_j_v, -44 
(4, 9, 22), [1, 4, 9, 22, 45, 100, 125], 3.5.e_j_w, -43 
(4, 10, 18), [1, 4, 10, 18, 50, 100, 125], 3.5.e_k_s, -66 
(4, 10, 24), [1, 4, 10, 24, 50, 100, 125], 3.5.e_k_y, -60 
(4, 11, 21), [1, 4, 11, 21, 55, 100, 125], 3.5.e_l_v, -84 
(4, 11, 22), [1, 4, 11, 22, 55, 100, 125], 3.5.e_l_w, -83 
(4, 11, 23), [1, 4, 11, 23, 55, 100, 125], 3.5.e_l_x, -82 
(4, 11, 26), [1, 4, 11, 26, 55, 100, 125], 3.5.e_l_ba, -79 
(4, 11, 27), [1, 4, 11, 27, 55, 100, 125], 3.5.e_l_bb, -78 
(4, 11, 28), [1, 4, 11, 28, 55, 100, 125], 3.5.e_l_bc, -77 
(4, 11, 29), [1, 4, 11, 29, 55, 100, 125], 3.5.e_l_bd, -76 
(4, 11, 31), [1, 4, 11, 31, 55, 100, 125], 3.5.e_l_bf, -74 
(4, 12, 24), [1, 4, 12, 24, 60, 100, 125], 3.5.e_m_y, -104 
(4, 12, 32), [1, 4, 12, 32, 60, 100, 125], 3.5.e_m_bg, -96 
(4, 12, 36), [1, 4, 12, 36, 60, 100, 125], 3.5.e_m_bk, -92 
(4, 13, 26), [1, 4, 13, 26, 65, 100, 125], 3.5.e_n_ba, -127 
(4, 13, 27), [1, 4, 13, 27, 65, 100, 125], 3.5.e_n_bb, -126 
(4, 13, 31), [1, 4, 13, 31, 65, 100, 125], 3.5.e_n_bf, -122 
(4, 13, 33), [1, 4, 13, 33, 65, 100, 125], 3.5.e_n_bh, -120 
(4, 13, 34), [1, 4, 13, 34, 65, 100, 125], 3.5.e_n_bi, -119 
(4, 13, 36), [1, 4, 13, 36, 65, 100, 125], 3.5.e_n_bk, -117 
(4, 13, 38), [1, 4, 13, 38, 65, 100, 125], 3.5.e_n_bm, -115 
(4, 14, 32), [1, 4, 14, 32, 70, 100, 125], 3.5.e_o_bg, -148 
(4, 14, 34), [1, 4, 14, 34, 70, 100, 125], 3.5.e_o_bi, -146 
(4, 14, 38), [1, 4, 14, 38, 70, 100, 125], 3.5.e_o_bm, -142 
(4, 15, 33), [1, 4, 15, 33, 75, 100, 125], 3.5.e_p_bh, -176 
(4, 15, 34), [1, 4, 15, 34, 75, 100, 125], 3.5.e_p_bi, -175 
(4, 15, 36), [1, 4, 15, 36, 75, 100, 125], 3.5.e_p_bk, -173 
(4, 15, 38), [1, 4, 15, 38, 75, 100, 125], 3.5.e_p_bm, -171 
(4, 15, 39), [1, 4, 15, 39, 75, 100, 125], 3.5.e_p_bn, -170 
(4, 17, 38), [1, 4, 17, 38, 85, 100, 125], 3.5.e_r_bm, -235 
(5, 7, 3), [1, 5, 7, 3, 35, 125, 125], 3.5.f_h_d, -21 
(5, 9, 11), [1, 5, 9, 11, 45, 125, 125], 3.5.f_j_l, -45 
(5, 9, 12), [1, 5, 9, 12, 45, 125, 125], 3.5.f_j_m, -44 
(5, 10, 16), [1, 5, 10, 16, 50, 125, 125], 3.5.f_k_q, -59 
(5, 11, 19), [1, 5, 11, 19, 55, 125, 125], 3.5.f_l_t, -77 
(5, 11, 21), [1, 5, 11, 21, 55, 125, 125], 3.5.f_l_v, -75 
(5, 12, 24), [1, 5, 12, 24, 60, 125, 125], 3.5.f_m_y, -95 
(5, 13, 27), [1, 5, 13, 27, 65, 125, 125], 3.5.f_n_bb, -117 
(5, 13, 29), [1, 5, 13, 29, 65, 125, 125], 3.5.f_n_bd, -115 
(5, 14, 32), [1, 5, 14, 32, 70, 125, 125], 3.5.f_o_bg, -139 
(5, 14, 34), [1, 5, 14, 34, 70, 125, 125], 3.5.f_o_bi, -137 
(5, 15, 33), [1, 5, 15, 33, 75, 125, 125], 3.5.f_p_bh, -167 
(5, 15, 36), [1, 5, 15, 36, 75, 125, 125], 3.5.f_p_bk, -164 
(5, 15, 37), [1, 5, 15, 37, 75, 125, 125], 3.5.f_p_bl, -163 
(5, 15, 39), [1, 5, 15, 39, 75, 125, 125], 3.5.f_p_bn, -161 
(5, 16, 36), [1, 5, 16, 36, 80, 125, 125], 3.5.f_q_bk, -195 
(5, 16, 42), [1, 5, 16, 42, 80, 125, 125], 3.5.f_q_bq, -189 
(5, 17, 41), [1, 5, 17, 41, 85, 125, 125], 3.5.f_r_bp, -223 
(5, 17, 43), [1, 5, 17, 43, 85, 125, 125], 3.5.f_r_br, -221 
(5, 17, 44), [1, 5, 17, 44, 85, 125, 125], 3.5.f_r_bs, -220 
(5, 17, 46), [1, 5, 17, 46, 85, 125, 125], 3.5.f_r_bu, -218 
(5, 17, 47), [1, 5, 17, 47, 85, 125, 125], 3.5.f_r_bv, -217 
(5, 18, 42), [1, 5, 18, 42, 90, 125, 125], 3.5.f_s_bq, -257 
(5, 18, 48), [1, 5, 18, 48, 90, 125, 125], 3.5.f_s_bw, -251 
(5, 19, 47), [1, 5, 19, 47, 95, 125, 125], 3.5.f_t_bv, -289 
(5, 19, 48), [1, 5, 19, 48, 95, 125, 125], 3.5.f_t_bw, -288 
(5, 19, 49), [1, 5, 19, 49, 95, 125, 125], 3.5.f_t_bx, -287 
(5, 21, 51), [1, 5, 21, 51, 105, 125, 125], 3.5.f_v_bz, -365 
(6, 17, 37), [1, 6, 17, 37, 85, 150, 125], 3.5.g_r_bl, -216 
(6, 17, 38), [1, 6, 17, 38, 85, 150, 125], 3.5.g_r_bm, -215 
(6, 19, 46), [1, 6, 19, 46, 95, 150, 125], 3.5.g_t_bu, -279 
(6, 21, 53), [1, 6, 21, 53, 105, 150, 125], 3.5.g_v_cb, -352 
(6, 21, 54), [1, 6, 21, 54, 105, 150, 125], 3.5.g_v_cc, -351 
(6, 23, 58), [1, 6, 23, 58, 115, 150, 125], 3.5.g_x_cg, -435 
(6, 23, 59), [1, 6, 23, 59, 115, 150, 125], 3.5.g_x_ch, -434 
(6, 23, 62), [1, 6, 23, 62, 115, 150, 125], 3.5.g_x_ck, -431 
