(-3, 5, -7), [1, -3, 5, -7, 10, -12, 8], 3.2.ad_f_ah, -23 
(-2, 2, -1), [1, -2, 2, -1, 4, -8, 8], 3.2.ac_c_ab, -1 
(-1, 1, -3), [1, -1, 1, -3, 2, -4, 8], 3.2.ab_b_ad, -3 
(-1, 1, -1), [1, -1, 1, -1, 2, -4, 8], 3.2.ab_b_ab, -1 
(-1, 3, -3), [1, -1, 3, -3, 6, -4, 8], 3.2.ab_d_ad, -11 
(0, 0, -1), [1, 0, 0, -1, 0, 0, 8], 3.2.a_a_ab, -1 
(0, 0, 1), [1, 0, 0, 1, 0, 0, 8], 3.2.a_a_b, 1 
(0, 2, -1), [1, 0, 2, -1, 4, 0, 8], 3.2.a_c_ab, -5 
(0, 2, 1), [1, 0, 2, 1, 4, 0, 8], 3.2.a_c_b, -3 
(1, 1, 1), [1, 1, 1, 1, 2, 4, 8], 3.2.b_b_b, 1 
(1, 1, 3), [1, 1, 1, 3, 2, 4, 8], 3.2.b_b_d, 3 
(1, 3, 3), [1, 1, 3, 3, 6, 4, 8], 3.2.b_d_d, -5 
(2, 2, 1), [1, 2, 2, 1, 4, 8, 8], 3.2.c_c_b, 1 
(3, 5, 7), [1, 3, 5, 7, 10, 12, 8], 3.2.d_f_h, -9 
