(-4, 9, -15), [1, -4, 9, -15, 18, -16, 8], 3.2.ae_j_ap, -80 
(-2, 0, 3), [1, -2, 0, 3, 0, -8, 8], 3.2.ac_a_d, 7 
(-2, 1, 1), [1, -2, 1, 1, 2, -8, 8], 3.2.ac_b_b, 4 
(-2, 3, -5), [1, -2, 3, -5, 6, -8, 8], 3.2.ac_d_af, -10 
(-2, 3, -3), [1, -2, 3, -3, 6, -8, 8], 3.2.ac_d_ad, -8 
(-2, 5, -7), [1, -2, 5, -7, 10, -8, 8], 3.2.ac_f_ah, -28 
(-1, -1, 5), [1, -1, -1, 5, -2, -4, 8], 3.2.ab_ab_f, 5 
(0, -1, -1), [1, 0, -1, -1, -2, 0, 8], 3.2.a_ab_ab, -2 
(0, -1, 1), [1, 0, -1, 1, -2, 0, 8], 3.2.a_ab_b, 0 
(0, 0, -3), [1, 0, 0, -3, 0, 0, 8], 3.2.a_a_ad, -3 
(0, 0, 3), [1, 0, 0, 3, 0, 0, 8], 3.2.a_a_d, 3 
(0, 1, -3), [1, 0, 1, -3, 2, 0, 8], 3.2.a_b_ad, -4 
(0, 1, -1), [1, 0, 1, -1, 2, 0, 8], 3.2.a_b_ab, -2 
(0, 1, 1), [1, 0, 1, 1, 2, 0, 8], 3.2.a_b_b, 0 
(0, 1, 3), [1, 0, 1, 3, 2, 0, 8], 3.2.a_b_d, 2 
(0, 3, -1), [1, 0, 3, -1, 6, 0, 8], 3.2.a_d_ab, -10 
(0, 3, 1), [1, 0, 3, 1, 6, 0, 8], 3.2.a_d_b, -8 
(1, -1, -5), [1, 1, -1, -5, -2, 4, 8], 3.2.b_ab_af, -5 
(2, 0, -3), [1, 2, 0, -3, 0, 8, 8], 3.2.c_a_ad, 1 
(2, 1, -1), [1, 2, 1, -1, 2, 8, 8], 3.2.c_b_ab, 2 
(2, 3, 3), [1, 2, 3, 3, 6, 8, 8], 3.2.c_d_d, -2 
(2, 3, 5), [1, 2, 3, 5, 6, 8, 8], 3.2.c_d_f, 0 
(2, 5, 7), [1, 2, 5, 7, 10, 8, 8], 3.2.c_f_h, -14 
(4, 9, 15), [1, 4, 9, 15, 18, 16, 8], 3.2.e_j_p, -50 
