(-3, 0, 8), [1, -3, 0, 8, 0, -27, 27], 3.3.ad_a_i, 17 
(-3, 1, 5), [1, -3, 1, 5, 3, -27, 27], 3.3.ad_b_f, 13 
(-3, 2, 2), [1, -3, 2, 2, 6, -27, 27], 3.3.ad_c_c, 7 
(-2, -1, 7), [1, -2, -1, 7, -3, -18, 27], 3.3.ac_ab_h, 10 
(-2, 1, -1), [1, -2, 1, -1, 3, -18, 27], 3.3.ac_b_ab, 2 
(-2, 1, 1), [1, -2, 1, 1, 3, -18, 27], 3.3.ac_b_b, 4 
(-2, 3, -1), [1, -2, 3, -1, 9, -18, 27], 3.3.ac_d_ab, -6 
(-2, 5, -11), [1, -2, 5, -11, 15, -18, 27], 3.3.ac_f_al, -32 
(-2, 6, -10), [1, -2, 6, -10, 18, -18, 27], 3.3.ac_g_ak, -42 
(-1, -2, 4), [1, -1, -2, 4, -6, -9, 27], 3.3.ab_ac_e, 1 
(-1, -2, 8), [1, -1, -2, 8, -6, -9, 27], 3.3.ab_ac_i, 5 
(-1, 0, 4), [1, -1, 0, 4, 0, -9, 27], 3.3.ab_a_e, 5 
(-1, 1, -4), [1, -1, 1, -4, 3, -9, 27], 3.3.ab_b_ae, -4 
(0, -1, -5), [1, 0, -1, -5, -3, 0, 27], 3.3.a_ab_af, -6 
(0, -1, -2), [1, 0, -1, -2, -3, 0, 27], 3.3.a_ab_ac, -3 
(0, -1, 2), [1, 0, -1, 2, -3, 0, 27], 3.3.a_ab_c, 1 
(0, -1, 5), [1, 0, -1, 5, -3, 0, 27], 3.3.a_ab_f, 4 
(0, 1, -5), [1, 0, 1, -5, 3, 0, 27], 3.3.a_b_af, -6 
(0, 1, 5), [1, 0, 1, 5, 3, 0, 27], 3.3.a_b_f, 4 
(1, -2, -8), [1, 1, -2, -8, -6, 9, 27], 3.3.b_ac_ai, -11 
(1, -2, -4), [1, 1, -2, -4, -6, 9, 27], 3.3.b_ac_ae, -7 
(1, 0, -4), [1, 1, 0, -4, 0, 9, 27], 3.3.b_a_ae, -3 
(1, 1, 4), [1, 1, 1, 4, 3, 9, 27], 3.3.b_b_e, 4 
(2, 1, -1), [1, 2, 1, -1, 3, 18, 27], 3.3.c_b_ab, 2 
(2, 1, 1), [1, 2, 1, 1, 3, 18, 27], 3.3.c_b_b, 4 
(2, 3, 1), [1, 2, 3, 1, 9, 18, 27], 3.3.c_d_b, -4 
(2, 5, 11), [1, 2, 5, 11, 15, 18, 27], 3.3.c_f_l, -10 
(2, 6, 10), [1, 2, 6, 10, 18, 18, 27], 3.3.c_g_k, -22 
