(-12, 68, -260), [1, -12, 68, -260, 748, -1452, 1331], 3.11.am_cq_aka 
(-12, 69, -265), [1, -12, 69, -265, 759, -1452, 1331], 3.11.am_cr_akf 
(-12, 70, -272), [1, -12, 70, -272, 770, -1452, 1331], 3.11.am_cs_akm 
(-12, 71, -278), [1, -12, 71, -278, 781, -1452, 1331], 3.11.am_ct_aks 
(-12, 71, -277), [1, -12, 71, -277, 781, -1452, 1331], 3.11.am_ct_akr 
(-12, 73, -290), [1, -12, 73, -290, 803, -1452, 1331], 3.11.am_cv_ale 
(-12, 74, -298), [1, -12, 74, -298, 814, -1452, 1331], 3.11.am_cw_alm 
(-12, 75, -306), [1, -12, 75, -306, 825, -1452, 1331], 3.11.am_cx_alu 
(-12, 75, -301), [1, -12, 75, -301, 825, -1452, 1331], 3.11.am_cx_alp 
(-12, 77, -314), [1, -12, 77, -314, 847, -1452, 1331], 3.11.am_cz_amc 
(-12, 77, -311), [1, -12, 77, -311, 847, -1452, 1331], 3.11.am_cz_alz 
(-12, 77, -310), [1, -12, 77, -310, 847, -1452, 1331], 3.11.am_cz_aly 
(-11, 51, -169), [1, -11, 51, -169, 561, -1331, 1331], 3.11.al_bz_agn 
(-11, 56, -202), [1, -11, 56, -202, 616, -1331, 1331], 3.11.al_ce_ahu 
(-11, 57, -208), [1, -11, 57, -208, 627, -1331, 1331], 3.11.al_cf_aia 
(-11, 59, -221), [1, -11, 59, -221, 649, -1331, 1331], 3.11.al_ch_ain 
(-11, 59, -219), [1, -11, 59, -219, 649, -1331, 1331], 3.11.al_ch_ail 
(-11, 60, -226), [1, -11, 60, -226, 660, -1331, 1331], 3.11.al_ci_ais 
(-11, 61, -235), [1, -11, 61, -235, 671, -1331, 1331], 3.11.al_cj_ajb 
(-11, 63, -248), [1, -11, 63, -248, 693, -1331, 1331], 3.11.al_cl_ajo 
(-11, 63, -247), [1, -11, 63, -247, 693, -1331, 1331], 3.11.al_cl_ajn 
(-11, 64, -250), [1, -11, 64, -250, 704, -1331, 1331], 3.11.al_cm_ajq 
(-11, 65, -262), [1, -11, 65, -262, 715, -1331, 1331], 3.11.al_cn_akc 
(-11, 65, -260), [1, -11, 65, -260, 715, -1331, 1331], 3.11.al_cn_aka 
(-11, 65, -256), [1, -11, 65, -256, 715, -1331, 1331], 3.11.al_cn_ajw 
(-11, 66, -268), [1, -11, 66, -268, 726, -1331, 1331], 3.11.al_co_aki 
(-11, 66, -266), [1, -11, 66, -266, 726, -1331, 1331], 3.11.al_co_akg 
(-11, 67, -271), [1, -11, 67, -271, 737, -1331, 1331], 3.11.al_cp_akl 
(-11, 67, -270), [1, -11, 67, -270, 737, -1331, 1331], 3.11.al_cp_akk 
(-11, 67, -268), [1, -11, 67, -268, 737, -1331, 1331], 3.11.al_cp_aki 
(-11, 67, -265), [1, -11, 67, -265, 737, -1331, 1331], 3.11.al_cp_akf 
(-11, 67, -263), [1, -11, 67, -263, 737, -1331, 1331], 3.11.al_cp_akd 
(-11, 68, -274), [1, -11, 68, -274, 748, -1331, 1331], 3.11.al_cq_ako 
(-11, 68, -268), [1, -11, 68, -268, 748, -1331, 1331], 3.11.al_cq_aki 
(-11, 71, -283), [1, -11, 71, -283, 781, -1331, 1331], 3.11.al_ct_akx 
(-10, 43, -137), [1, -10, 43, -137, 473, -1210, 1331], 3.11.ak_br_afh 
(-10, 45, -151), [1, -10, 45, -151, 495, -1210, 1331], 3.11.ak_bt_afv 
(-10, 45, -149), [1, -10, 45, -149, 495, -1210, 1331], 3.11.ak_bt_aft 
(-10, 46, -158), [1, -10, 46, -158, 506, -1210, 1331], 3.11.ak_bu_agc 
(-10, 49, -177), [1, -10, 49, -177, 539, -1210, 1331], 3.11.ak_bx_agv 
(-10, 50, -182), [1, -10, 50, -182, 550, -1210, 1331], 3.11.ak_by_aha 
(-10, 53, -201), [1, -10, 53, -201, 583, -1210, 1331], 3.11.ak_cb_aht 
(-10, 53, -199), [1, -10, 53, -199, 583, -1210, 1331], 3.11.ak_cb_ahr 
(-10, 53, -194), [1, -10, 53, -194, 583, -1210, 1331], 3.11.ak_cb_ahm 
(-10, 55, -217), [1, -10, 55, -217, 605, -1210, 1331], 3.11.ak_cd_aij 
(-10, 57, -219), [1, -10, 57, -219, 627, -1210, 1331], 3.11.ak_cf_ail 
(-10, 58, -234), [1, -10, 58, -234, 638, -1210, 1331], 3.11.ak_cg_aja 
(-10, 58, -222), [1, -10, 58, -222, 638, -1210, 1331], 3.11.ak_cg_aio 
(-10, 59, -233), [1, -10, 59, -233, 649, -1210, 1331], 3.11.ak_ch_aiz 
(-10, 60, -234), [1, -10, 60, -234, 660, -1210, 1331], 3.11.ak_ci_aja 
(-10, 61, -243), [1, -10, 61, -243, 671, -1210, 1331], 3.11.ak_cj_ajj 
(-9, 24, -34), [1, -9, 24, -34, 264, -1089, 1331], 3.11.aj_y_abi 
(-9, 35, -107), [1, -9, 35, -107, 385, -1089, 1331], 3.11.aj_bj_aed 
(-9, 36, -112), [1, -9, 36, -112, 396, -1089, 1331], 3.11.aj_bk_aei 
(-9, 37, -115), [1, -9, 37, -115, 407, -1089, 1331], 3.11.aj_bl_ael 
(-9, 40, -136), [1, -9, 40, -136, 440, -1089, 1331], 3.11.aj_bo_afg 
(-9, 42, -152), [1, -9, 42, -152, 462, -1089, 1331], 3.11.aj_bq_afw 
(-9, 43, -149), [1, -9, 43, -149, 473, -1089, 1331], 3.11.aj_br_aft 
(-9, 46, -164), [1, -9, 46, -164, 506, -1089, 1331], 3.11.aj_bu_agi 
(-9, 47, -184), [1, -9, 47, -184, 517, -1089, 1331], 3.11.aj_bv_ahc 
(-9, 49, -196), [1, -9, 49, -196, 539, -1089, 1331], 3.11.aj_bx_aho 
(-9, 50, -206), [1, -9, 50, -206, 550, -1089, 1331], 3.11.aj_by_ahy 
(-9, 50, -184), [1, -9, 50, -184, 550, -1089, 1331], 3.11.aj_by_ahc 
(-9, 51, -191), [1, -9, 51, -191, 561, -1089, 1331], 3.11.aj_bz_ahj 
(-9, 53, -211), [1, -9, 53, -211, 583, -1089, 1331], 3.11.aj_cb_aid 
(-9, 54, -206), [1, -9, 54, -206, 594, -1089, 1331], 3.11.aj_cc_ahy 
(-9, 56, -212), [1, -9, 56, -212, 616, -1089, 1331], 3.11.aj_ce_aie 
(-9, 57, -217), [1, -9, 57, -217, 627, -1089, 1331], 3.11.aj_cf_aij 
(-8, 13, 17), [1, -8, 13, 17, 143, -968, 1331], 3.11.ai_n_r 
(-8, 17, -9), [1, -8, 17, -9, 187, -968, 1331], 3.11.ai_r_aj 
(-8, 21, -35), [1, -8, 21, -35, 231, -968, 1331], 3.11.ai_v_abj 
(-8, 21, -34), [1, -8, 21, -34, 231, -968, 1331], 3.11.ai_v_abi 
(-8, 23, -47), [1, -8, 23, -47, 253, -968, 1331], 3.11.ai_x_abv 
(-8, 23, -45), [1, -8, 23, -45, 253, -968, 1331], 3.11.ai_x_abt 
(-8, 27, -73), [1, -8, 27, -73, 297, -968, 1331], 3.11.ai_bb_acv 
(-8, 28, -82), [1, -8, 28, -82, 308, -968, 1331], 3.11.ai_bc_ade 
(-8, 28, -78), [1, -8, 28, -78, 308, -968, 1331], 3.11.ai_bc_ada 
(-8, 35, -129), [1, -8, 35, -129, 385, -968, 1331], 3.11.ai_bj_aez 
(-8, 35, -127), [1, -8, 35, -127, 385, -968, 1331], 3.11.ai_bj_aex 
(-8, 39, -155), [1, -8, 39, -155, 429, -968, 1331], 3.11.ai_bn_afz 
(-8, 40, -162), [1, -8, 40, -162, 440, -968, 1331], 3.11.ai_bo_agg 
(-8, 45, -179), [1, -8, 45, -179, 495, -968, 1331], 3.11.ai_bt_agx 
(-8, 45, -175), [1, -8, 45, -175, 495, -968, 1331], 3.11.ai_bt_agt 
(-8, 47, -169), [1, -8, 47, -169, 517, -968, 1331], 3.11.ai_bv_agn 
(-8, 49, -177), [1, -8, 49, -177, 539, -968, 1331], 3.11.ai_bx_agv 
(-7, -3, 101), [1, -7, -3, 101, -33, -847, 1331], 3.11.ah_ad_dx 
(-7, 1, 75), [1, -7, 1, 75, 11, -847, 1331], 3.11.ah_b_cx 
(-7, 5, 48), [1, -7, 5, 48, 55, -847, 1331], 3.11.ah_f_bw 
(-7, 7, 35), [1, -7, 7, 35, 77, -847, 1331], 3.11.ah_h_bj 
(-7, 8, 28), [1, -7, 8, 28, 88, -847, 1331], 3.11.ah_i_bc 
(-7, 9, 25), [1, -7, 9, 25, 99, -847, 1331], 3.11.ah_j_z 
(-7, 11, 12), [1, -7, 11, 12, 121, -847, 1331], 3.11.ah_l_m 
(-7, 17, -21), [1, -7, 17, -21, 187, -847, 1331], 3.11.ah_r_av 
(-7, 21, -56), [1, -7, 21, -56, 231, -847, 1331], 3.11.ah_v_ace 
(-7, 23, -56), [1, -7, 23, -56, 253, -847, 1331], 3.11.ah_x_ace 
(-7, 34, -140), [1, -7, 34, -140, 374, -847, 1331], 3.11.ah_bi_afk 
(-7, 38, -152), [1, -7, 38, -152, 418, -847, 1331], 3.11.ah_bm_afw 
(-6, -9, 119), [1, -6, -9, 119, -99, -726, 1331], 3.11.ag_aj_ep 
(-6, -7, 106), [1, -6, -7, 106, -77, -726, 1331], 3.11.ag_ah_ec 
(-6, -5, 93), [1, -6, -5, 93, -55, -726, 1331], 3.11.ag_af_dp 
(-6, -5, 94), [1, -6, -5, 94, -55, -726, 1331], 3.11.ag_af_dq 
(-6, -5, 95), [1, -6, -5, 95, -55, -726, 1331], 3.11.ag_af_dr 
(-6, -4, 86), [1, -6, -4, 86, -44, -726, 1331], 3.11.ag_ae_di 
(-6, -3, 79), [1, -6, -3, 79, -33, -726, 1331], 3.11.ag_ad_db 
(-6, -3, 83), [1, -6, -3, 83, -33, -726, 1331], 3.11.ag_ad_df 
(-6, -2, 74), [1, -6, -2, 74, -22, -726, 1331], 3.11.ag_ac_cw 
(-6, -2, 76), [1, -6, -2, 76, -22, -726, 1331], 3.11.ag_ac_cy 
(-6, -1, 69), [1, -6, -1, 69, -11, -726, 1331], 3.11.ag_ab_cr 
(-6, 1, 59), [1, -6, 1, 59, 11, -726, 1331], 3.11.ag_b_ch 
(-6, 2, 46), [1, -6, 2, 46, 22, -726, 1331], 3.11.ag_c_bu 
(-6, 5, 26), [1, -6, 5, 26, 55, -726, 1331], 3.11.ag_f_ba 
(-6, 5, 37), [1, -6, 5, 37, 55, -726, 1331], 3.11.ag_f_bl 
(-6, 7, 26), [1, -6, 7, 26, 77, -726, 1331], 3.11.ag_h_ba 
(-6, 8, 6), [1, -6, 8, 6, 88, -726, 1331], 3.11.ag_i_g 
(-6, 8, 10), [1, -6, 8, 10, 88, -726, 1331], 3.11.ag_i_k 
(-6, 15, -23), [1, -6, 15, -23, 165, -726, 1331], 3.11.ag_p_ax 
(-6, 17, -53), [1, -6, 17, -53, 187, -726, 1331], 3.11.ag_r_acb 
(-6, 29, -131), [1, -6, 29, -131, 319, -726, 1331], 3.11.ag_bd_afb 
(-6, 30, -94), [1, -6, 30, -94, 330, -726, 1331], 3.11.ag_be_adq 
(-6, 37, -125), [1, -6, 37, -125, 407, -726, 1331], 3.11.ag_bl_aev 
(-6, 41, -131), [1, -6, 41, -131, 451, -726, 1331], 3.11.ag_bp_afb 
(-5, -10, 104), [1, -5, -10, 104, -110, -605, 1331], 3.11.af_ak_ea 
(-5, -10, 106), [1, -5, -10, 106, -110, -605, 1331], 3.11.af_ak_ec 
(-5, -10, 108), [1, -5, -10, 108, -110, -605, 1331], 3.11.af_ak_ee 
(-5, -9, 103), [1, -5, -9, 103, -99, -605, 1331], 3.11.af_aj_dz 
(-5, -9, 104), [1, -5, -9, 104, -99, -605, 1331], 3.11.af_aj_ea 
(-5, -8, 96), [1, -5, -8, 96, -88, -605, 1331], 3.11.af_ai_ds 
(-5, -7, 84), [1, -5, -7, 84, -77, -605, 1331], 3.11.af_ah_dg 
(-5, -7, 89), [1, -5, -7, 89, -77, -605, 1331], 3.11.af_ah_dl 
(-5, -7, 92), [1, -5, -7, 92, -77, -605, 1331], 3.11.af_ah_do 
(-5, -7, 93), [1, -5, -7, 93, -77, -605, 1331], 3.11.af_ah_dp 
(-5, -5, 83), [1, -5, -5, 83, -55, -605, 1331], 3.11.af_af_df 
(-5, -4, 78), [1, -5, -4, 78, -44, -605, 1331], 3.11.af_ae_da 
(-5, -3, 57), [1, -5, -3, 57, -33, -605, 1331], 3.11.af_ad_cf 
(-5, -2, 56), [1, -5, -2, 56, -22, -605, 1331], 3.11.af_ac_ce 
(-5, 0, 56), [1, -5, 0, 56, 0, -605, 1331], 3.11.af_a_ce 
(-5, 1, 51), [1, -5, 1, 51, 11, -605, 1331], 3.11.af_b_bz 
(-5, 5, 4), [1, -5, 5, 4, 55, -605, 1331], 3.11.af_f_e 
(-5, 8, -16), [1, -5, 8, -16, 88, -605, 1331], 3.11.af_i_aq 
(-5, 15, -19), [1, -5, 15, -19, 165, -605, 1331], 3.11.af_p_at 
(-5, 19, -37), [1, -5, 19, -37, 209, -605, 1331], 3.11.af_t_abl 
(-5, 22, -108), [1, -5, 22, -108, 242, -605, 1331], 3.11.af_w_aee 
(-5, 23, -111), [1, -5, 23, -111, 253, -605, 1331], 3.11.af_x_aeh 
(-5, 27, -111), [1, -5, 27, -111, 297, -605, 1331], 3.11.af_bb_aeh 
(-4, -10, 94), [1, -4, -10, 94, -110, -484, 1331], 3.11.ae_ak_dq 
(-4, -9, 75), [1, -4, -9, 75, -99, -484, 1331], 3.11.ae_aj_cx 
(-4, -9, 78), [1, -4, -9, 78, -99, -484, 1331], 3.11.ae_aj_da 
(-4, -9, 85), [1, -4, -9, 85, -99, -484, 1331], 3.11.ae_aj_dh 
(-4, -9, 89), [1, -4, -9, 89, -99, -484, 1331], 3.11.ae_aj_dl 
(-4, -9, 93), [1, -4, -9, 93, -99, -484, 1331], 3.11.ae_aj_dp 
(-4, -9, 94), [1, -4, -9, 94, -99, -484, 1331], 3.11.ae_aj_dq 
(-4, -9, 95), [1, -4, -9, 95, -99, -484, 1331], 3.11.ae_aj_dr 
(-4, -9, 96), [1, -4, -9, 96, -99, -484, 1331], 3.11.ae_aj_ds 
(-4, -9, 98), [1, -4, -9, 98, -99, -484, 1331], 3.11.ae_aj_du 
(-4, -8, 90), [1, -4, -8, 90, -88, -484, 1331], 3.11.ae_ai_dm 
(-4, -7, 69), [1, -4, -7, 69, -77, -484, 1331], 3.11.ae_ah_cr 
(-4, -7, 81), [1, -4, -7, 81, -77, -484, 1331], 3.11.ae_ah_dd 
(-4, -7, 85), [1, -4, -7, 85, -77, -484, 1331], 3.11.ae_ah_dh 
(-4, -6, 58), [1, -4, -6, 58, -66, -484, 1331], 3.11.ae_ag_cg 
(-4, -5, 49), [1, -4, -5, 49, -55, -484, 1331], 3.11.ae_af_bx 
(-4, -5, 58), [1, -4, -5, 58, -55, -484, 1331], 3.11.ae_af_cg 
(-4, -5, 73), [1, -4, -5, 73, -55, -484, 1331], 3.11.ae_af_cv 
(-4, -4, 42), [1, -4, -4, 42, -44, -484, 1331], 3.11.ae_ae_bq 
(-4, -3, 35), [1, -4, -3, 35, -33, -484, 1331], 3.11.ae_ad_bj 
(-4, -3, 43), [1, -4, -3, 43, -33, -484, 1331], 3.11.ae_ad_br 
(-4, -3, 49), [1, -4, -3, 49, -33, -484, 1331], 3.11.ae_ad_bx 
(-4, -1, 31), [1, -4, -1, 31, -11, -484, 1331], 3.11.ae_ab_bf 
(-4, -1, 45), [1, -4, -1, 45, -11, -484, 1331], 3.11.ae_ab_bt 
(-4, -1, 49), [1, -4, -1, 49, -11, -484, 1331], 3.11.ae_ab_bx 
(-4, 1, 9), [1, -4, 1, 9, 11, -484, 1331], 3.11.ae_b_j 
(-4, 5, -15), [1, -4, 5, -15, 55, -484, 1331], 3.11.ae_f_ap 
(-4, 8, -38), [1, -4, 8, -38, 88, -484, 1331], 3.11.ae_i_abm 
(-4, 29, -71), [1, -4, 29, -71, 319, -484, 1331], 3.11.ae_bd_act 
(-4, 31, -74), [1, -4, 31, -74, 341, -484, 1331], 3.11.ae_bf_acw 
(-4, 33, -87), [1, -4, 33, -87, 363, -484, 1331], 3.11.ae_bh_adj 
(-3, -10, 70), [1, -3, -10, 70, -110, -363, 1331], 3.11.ad_ak_cs 
(-3, -10, 72), [1, -3, -10, 72, -110, -363, 1331], 3.11.ad_ak_cu 
(-3, -9, 73), [1, -3, -9, 73, -99, -363, 1331], 3.11.ad_aj_cv 
(-3, -8, 64), [1, -3, -8, 64, -88, -363, 1331], 3.11.ad_ai_cm 
(-3, -8, 68), [1, -3, -8, 68, -88, -363, 1331], 3.11.ad_ai_cq 
(-3, -8, 78), [1, -3, -8, 78, -88, -363, 1331], 3.11.ad_ai_da 
(-3, -8, 80), [1, -3, -8, 80, -88, -363, 1331], 3.11.ad_ai_dc 
(-3, -5, 28), [1, -3, -5, 28, -55, -363, 1331], 3.11.ad_af_bc 
(-3, -5, 75), [1, -3, -5, 75, -55, -363, 1331], 3.11.ad_af_cx 
(-3, -4, 68), [1, -3, -4, 68, -44, -363, 1331], 3.11.ad_ae_cq 
(-3, -4, 70), [1, -3, -4, 70, -44, -363, 1331], 3.11.ad_ae_cs 
(-3, -3, 13), [1, -3, -3, 13, -33, -363, 1331], 3.11.ad_ad_n 
(-3, 0, 52), [1, -3, 0, 52, 0, -363, 1331], 3.11.ad_a_ca 
(-3, 2, -20), [1, -3, 2, -20, 22, -363, 1331], 3.11.ad_c_au 
(-3, 8, -60), [1, -3, 8, -60, 88, -363, 1331], 3.11.ad_i_aci 
(-3, 13, -80), [1, -3, 13, -80, 143, -363, 1331], 3.11.ad_n_adc 
(-3, 21, -32), [1, -3, 21, -32, 231, -363, 1331], 3.11.ad_v_abg 
(-3, 33, -65), [1, -3, 33, -65, 363, -363, 1331], 3.11.ad_bh_acn 
(-2, -10, 38), [1, -2, -10, 38, -110, -242, 1331], 3.11.ac_ak_bm 
(-2, -9, 45), [1, -2, -9, 45, -99, -242, 1331], 3.11.ac_aj_bt 
(-2, -9, 47), [1, -2, -9, 47, -99, -242, 1331], 3.11.ac_aj_bv 
(-2, -9, 57), [1, -2, -9, 57, -99, -242, 1331], 3.11.ac_aj_cf 
(-2, -8, 62), [1, -2, -8, 62, -88, -242, 1331], 3.11.ac_ai_ck 
(-2, -7, 21), [1, -2, -7, 21, -77, -242, 1331], 3.11.ac_ah_v 
(-2, -7, 59), [1, -2, -7, 59, -77, -242, 1331], 3.11.ac_ah_ch 
(-2, -7, 61), [1, -2, -7, 61, -77, -242, 1331], 3.11.ac_ah_cj 
(-2, -6, 74), [1, -2, -6, 74, -66, -242, 1331], 3.11.ac_ag_cw 
(-2, -5, 5), [1, -2, -5, 5, -55, -242, 1331], 3.11.ac_af_f 
(-2, -5, 70), [1, -2, -5, 70, -55, -242, 1331], 3.11.ac_af_cs 
(-2, -5, 75), [1, -2, -5, 75, -55, -242, 1331], 3.11.ac_af_cx 
(-2, -3, -9), [1, -2, -3, -9, -33, -242, 1331], 3.11.ac_ad_aj 
(-2, 3, 43), [1, -2, 3, 43, 33, -242, 1331], 3.11.ac_d_br 
(-2, 5, -62), [1, -2, 5, -62, 55, -242, 1331], 3.11.ac_f_ack 
(-2, 5, -61), [1, -2, 5, -61, 55, -242, 1331], 3.11.ac_f_acj 
(-2, 7, -75), [1, -2, 7, -75, 77, -242, 1331], 3.11.ac_h_acx 
(-2, 7, -73), [1, -2, 7, -73, 77, -242, 1331], 3.11.ac_h_acv 
(-2, 7, 23), [1, -2, 7, 23, 77, -242, 1331], 3.11.ac_h_x 
(-2, 9, -70), [1, -2, 9, -70, 99, -242, 1331], 3.11.ac_j_acs 
(-2, 9, 21), [1, -2, 9, 21, 99, -242, 1331], 3.11.ac_j_v 
(-2, 19, -57), [1, -2, 19, -57, 209, -242, 1331], 3.11.ac_t_acf 
(-2, 19, -13), [1, -2, 19, -13, 209, -242, 1331], 3.11.ac_t_an 
(-2, 23, -27), [1, -2, 23, -27, 253, -242, 1331], 3.11.ac_x_abb 
(-2, 29, -42), [1, -2, 29, -42, 319, -242, 1331], 3.11.ac_bd_abq 
(-2, 29, -37), [1, -2, 29, -37, 319, -242, 1331], 3.11.ac_bd_abl 
(-1, -9, 35), [1, -1, -9, 35, -99, -121, 1331], 3.11.ab_aj_bj 
(-1, -7, 48), [1, -1, -7, 48, -77, -121, 1331], 3.11.ab_ah_bw 
(-1, -4, 40), [1, -1, -4, 40, -44, -121, 1331], 3.11.ab_ae_bo 
(-1, -3, 70), [1, -1, -3, 70, -33, -121, 1331], 3.11.ab_ad_cs 
(-1, -3, 71), [1, -1, -3, 71, -33, -121, 1331], 3.11.ab_ad_ct 
(-1, -3, 73), [1, -1, -3, 73, -33, -121, 1331], 3.11.ab_ad_cv 
(-1, 3, 52), [1, -1, 3, 52, 33, -121, 1331], 3.11.ab_d_ca 
(-1, 5, 45), [1, -1, 5, 45, 55, -121, 1331], 3.11.ab_f_bt 
(-1, 29, -23), [1, -1, 29, -23, 319, -121, 1331], 3.11.ab_bd_ax 
(0, -10, -6), [1, 0, -10, -6, -110, 0, 1331], 3.11.a_ak_ag 
(0, -10, 6), [1, 0, -10, 6, -110, 0, 1331], 3.11.a_ak_g 
(0, -9, -13), [1, 0, -9, -13, -99, 0, 1331], 3.11.a_aj_an 
(0, -9, -7), [1, 0, -9, -7, -99, 0, 1331], 3.11.a_aj_ah 
(0, -9, 7), [1, 0, -9, 7, -99, 0, 1331], 3.11.a_aj_h 
(0, -9, 13), [1, 0, -9, 13, -99, 0, 1331], 3.11.a_aj_n 
(0, -5, -39), [1, 0, -5, -39, -55, 0, 1331], 3.11.a_af_abn 
(0, -5, 39), [1, 0, -5, 39, -55, 0, 1331], 3.11.a_af_bn 
(0, -3, -53), [1, 0, -3, -53, -33, 0, 1331], 3.11.a_ad_acb 
(0, -3, -25), [1, 0, -3, -25, -33, 0, 1331], 3.11.a_ad_az 
(0, -3, 25), [1, 0, -3, 25, -33, 0, 1331], 3.11.a_ad_z 
(0, -3, 53), [1, 0, -3, 53, -33, 0, 1331], 3.11.a_ad_cb 
(0, -1, -63), [1, 0, -1, -63, -11, 0, 1331], 3.11.a_ab_acl 
(0, -1, 63), [1, 0, -1, 63, -11, 0, 1331], 3.11.a_ab_cl 
(0, 27, -1), [1, 0, 27, -1, 297, 0, 1331], 3.11.a_bb_ab 
(0, 27, 1), [1, 0, 27, 1, 297, 0, 1331], 3.11.a_bb_b 
(1, -9, -35), [1, 1, -9, -35, -99, 121, 1331], 3.11.b_aj_abj 
(1, -7, -48), [1, 1, -7, -48, -77, 121, 1331], 3.11.b_ah_abw 
(1, -4, -40), [1, 1, -4, -40, -44, 121, 1331], 3.11.b_ae_abo 
(1, -3, -73), [1, 1, -3, -73, -33, 121, 1331], 3.11.b_ad_acv 
(1, -3, -71), [1, 1, -3, -71, -33, 121, 1331], 3.11.b_ad_act 
(1, -3, -70), [1, 1, -3, -70, -33, 121, 1331], 3.11.b_ad_acs 
(1, 3, -52), [1, 1, 3, -52, 33, 121, 1331], 3.11.b_d_aca 
(1, 5, -45), [1, 1, 5, -45, 55, 121, 1331], 3.11.b_f_abt 
(1, 29, 23), [1, 1, 29, 23, 319, 121, 1331], 3.11.b_bd_x 
(2, -10, -38), [1, 2, -10, -38, -110, 242, 1331], 3.11.c_ak_abm 
(2, -9, -57), [1, 2, -9, -57, -99, 242, 1331], 3.11.c_aj_acf 
(2, -9, -47), [1, 2, -9, -47, -99, 242, 1331], 3.11.c_aj_abv 
(2, -9, -45), [1, 2, -9, -45, -99, 242, 1331], 3.11.c_aj_abt 
(2, -8, -62), [1, 2, -8, -62, -88, 242, 1331], 3.11.c_ai_ack 
(2, -7, -61), [1, 2, -7, -61, -77, 242, 1331], 3.11.c_ah_acj 
(2, -7, -59), [1, 2, -7, -59, -77, 242, 1331], 3.11.c_ah_ach 
(2, -7, -21), [1, 2, -7, -21, -77, 242, 1331], 3.11.c_ah_av 
(2, -6, -74), [1, 2, -6, -74, -66, 242, 1331], 3.11.c_ag_acw 
(2, -5, -75), [1, 2, -5, -75, -55, 242, 1331], 3.11.c_af_acx 
(2, -5, -70), [1, 2, -5, -70, -55, 242, 1331], 3.11.c_af_acs 
(2, -5, -5), [1, 2, -5, -5, -55, 242, 1331], 3.11.c_af_af 
(2, -3, 9), [1, 2, -3, 9, -33, 242, 1331], 3.11.c_ad_j 
(2, 3, -43), [1, 2, 3, -43, 33, 242, 1331], 3.11.c_d_abr 
(2, 5, 61), [1, 2, 5, 61, 55, 242, 1331], 3.11.c_f_cj 
(2, 5, 62), [1, 2, 5, 62, 55, 242, 1331], 3.11.c_f_ck 
(2, 7, -23), [1, 2, 7, -23, 77, 242, 1331], 3.11.c_h_ax 
(2, 7, 73), [1, 2, 7, 73, 77, 242, 1331], 3.11.c_h_cv 
(2, 7, 75), [1, 2, 7, 75, 77, 242, 1331], 3.11.c_h_cx 
(2, 9, -21), [1, 2, 9, -21, 99, 242, 1331], 3.11.c_j_av 
(2, 9, 70), [1, 2, 9, 70, 99, 242, 1331], 3.11.c_j_cs 
(2, 19, 13), [1, 2, 19, 13, 209, 242, 1331], 3.11.c_t_n 
(2, 19, 57), [1, 2, 19, 57, 209, 242, 1331], 3.11.c_t_cf 
(2, 23, 27), [1, 2, 23, 27, 253, 242, 1331], 3.11.c_x_bb 
(2, 29, 37), [1, 2, 29, 37, 319, 242, 1331], 3.11.c_bd_bl 
(2, 29, 42), [1, 2, 29, 42, 319, 242, 1331], 3.11.c_bd_bq 
(3, -10, -72), [1, 3, -10, -72, -110, 363, 1331], 3.11.d_ak_acu 
(3, -10, -70), [1, 3, -10, -70, -110, 363, 1331], 3.11.d_ak_acs 
(3, -9, -73), [1, 3, -9, -73, -99, 363, 1331], 3.11.d_aj_acv 
(3, -8, -80), [1, 3, -8, -80, -88, 363, 1331], 3.11.d_ai_adc 
(3, -8, -78), [1, 3, -8, -78, -88, 363, 1331], 3.11.d_ai_ada 
(3, -8, -68), [1, 3, -8, -68, -88, 363, 1331], 3.11.d_ai_acq 
(3, -8, -64), [1, 3, -8, -64, -88, 363, 1331], 3.11.d_ai_acm 
(3, -5, -75), [1, 3, -5, -75, -55, 363, 1331], 3.11.d_af_acx 
(3, -5, -28), [1, 3, -5, -28, -55, 363, 1331], 3.11.d_af_abc 
(3, -4, -70), [1, 3, -4, -70, -44, 363, 1331], 3.11.d_ae_acs 
(3, -4, -68), [1, 3, -4, -68, -44, 363, 1331], 3.11.d_ae_acq 
(3, -3, -13), [1, 3, -3, -13, -33, 363, 1331], 3.11.d_ad_an 
(3, 0, -52), [1, 3, 0, -52, 0, 363, 1331], 3.11.d_a_aca 
(3, 2, 20), [1, 3, 2, 20, 22, 363, 1331], 3.11.d_c_u 
(3, 8, 60), [1, 3, 8, 60, 88, 363, 1331], 3.11.d_i_ci 
(3, 13, 80), [1, 3, 13, 80, 143, 363, 1331], 3.11.d_n_dc 
(3, 21, 32), [1, 3, 21, 32, 231, 363, 1331], 3.11.d_v_bg 
(3, 33, 65), [1, 3, 33, 65, 363, 363, 1331], 3.11.d_bh_cn 
(4, -10, -94), [1, 4, -10, -94, -110, 484, 1331], 3.11.e_ak_adq 
(4, -9, -98), [1, 4, -9, -98, -99, 484, 1331], 3.11.e_aj_adu 
(4, -9, -96), [1, 4, -9, -96, -99, 484, 1331], 3.11.e_aj_ads 
(4, -9, -95), [1, 4, -9, -95, -99, 484, 1331], 3.11.e_aj_adr 
(4, -9, -94), [1, 4, -9, -94, -99, 484, 1331], 3.11.e_aj_adq 
(4, -9, -93), [1, 4, -9, -93, -99, 484, 1331], 3.11.e_aj_adp 
(4, -9, -89), [1, 4, -9, -89, -99, 484, 1331], 3.11.e_aj_adl 
(4, -9, -85), [1, 4, -9, -85, -99, 484, 1331], 3.11.e_aj_adh 
(4, -9, -78), [1, 4, -9, -78, -99, 484, 1331], 3.11.e_aj_ada 
(4, -9, -75), [1, 4, -9, -75, -99, 484, 1331], 3.11.e_aj_acx 
(4, -8, -90), [1, 4, -8, -90, -88, 484, 1331], 3.11.e_ai_adm 
(4, -7, -85), [1, 4, -7, -85, -77, 484, 1331], 3.11.e_ah_adh 
(4, -7, -81), [1, 4, -7, -81, -77, 484, 1331], 3.11.e_ah_add 
(4, -7, -69), [1, 4, -7, -69, -77, 484, 1331], 3.11.e_ah_acr 
(4, -6, -58), [1, 4, -6, -58, -66, 484, 1331], 3.11.e_ag_acg 
(4, -5, -73), [1, 4, -5, -73, -55, 484, 1331], 3.11.e_af_acv 
(4, -5, -58), [1, 4, -5, -58, -55, 484, 1331], 3.11.e_af_acg 
(4, -5, -49), [1, 4, -5, -49, -55, 484, 1331], 3.11.e_af_abx 
(4, -4, -42), [1, 4, -4, -42, -44, 484, 1331], 3.11.e_ae_abq 
(4, -3, -49), [1, 4, -3, -49, -33, 484, 1331], 3.11.e_ad_abx 
(4, -3, -43), [1, 4, -3, -43, -33, 484, 1331], 3.11.e_ad_abr 
(4, -3, -35), [1, 4, -3, -35, -33, 484, 1331], 3.11.e_ad_abj 
(4, -1, -49), [1, 4, -1, -49, -11, 484, 1331], 3.11.e_ab_abx 
(4, -1, -45), [1, 4, -1, -45, -11, 484, 1331], 3.11.e_ab_abt 
(4, -1, -31), [1, 4, -1, -31, -11, 484, 1331], 3.11.e_ab_abf 
(4, 1, -9), [1, 4, 1, -9, 11, 484, 1331], 3.11.e_b_aj 
(4, 5, 15), [1, 4, 5, 15, 55, 484, 1331], 3.11.e_f_p 
(4, 8, 38), [1, 4, 8, 38, 88, 484, 1331], 3.11.e_i_bm 
(4, 29, 71), [1, 4, 29, 71, 319, 484, 1331], 3.11.e_bd_ct 
(4, 31, 74), [1, 4, 31, 74, 341, 484, 1331], 3.11.e_bf_cw 
(4, 33, 87), [1, 4, 33, 87, 363, 484, 1331], 3.11.e_bh_dj 
(5, -10, -108), [1, 5, -10, -108, -110, 605, 1331], 3.11.f_ak_aee 
(5, -10, -106), [1, 5, -10, -106, -110, 605, 1331], 3.11.f_ak_aec 
(5, -10, -104), [1, 5, -10, -104, -110, 605, 1331], 3.11.f_ak_aea 
(5, -9, -104), [1, 5, -9, -104, -99, 605, 1331], 3.11.f_aj_aea 
(5, -9, -103), [1, 5, -9, -103, -99, 605, 1331], 3.11.f_aj_adz 
(5, -8, -96), [1, 5, -8, -96, -88, 605, 1331], 3.11.f_ai_ads 
(5, -7, -93), [1, 5, -7, -93, -77, 605, 1331], 3.11.f_ah_adp 
(5, -7, -92), [1, 5, -7, -92, -77, 605, 1331], 3.11.f_ah_ado 
(5, -7, -89), [1, 5, -7, -89, -77, 605, 1331], 3.11.f_ah_adl 
(5, -7, -84), [1, 5, -7, -84, -77, 605, 1331], 3.11.f_ah_adg 
(5, -5, -83), [1, 5, -5, -83, -55, 605, 1331], 3.11.f_af_adf 
(5, -4, -78), [1, 5, -4, -78, -44, 605, 1331], 3.11.f_ae_ada 
(5, -3, -57), [1, 5, -3, -57, -33, 605, 1331], 3.11.f_ad_acf 
(5, -2, -56), [1, 5, -2, -56, -22, 605, 1331], 3.11.f_ac_ace 
(5, 0, -56), [1, 5, 0, -56, 0, 605, 1331], 3.11.f_a_ace 
(5, 1, -51), [1, 5, 1, -51, 11, 605, 1331], 3.11.f_b_abz 
(5, 5, -4), [1, 5, 5, -4, 55, 605, 1331], 3.11.f_f_ae 
(5, 8, 16), [1, 5, 8, 16, 88, 605, 1331], 3.11.f_i_q 
(5, 15, 19), [1, 5, 15, 19, 165, 605, 1331], 3.11.f_p_t 
(5, 19, 37), [1, 5, 19, 37, 209, 605, 1331], 3.11.f_t_bl 
(5, 22, 108), [1, 5, 22, 108, 242, 605, 1331], 3.11.f_w_ee 
(5, 23, 111), [1, 5, 23, 111, 253, 605, 1331], 3.11.f_x_eh 
(5, 27, 111), [1, 5, 27, 111, 297, 605, 1331], 3.11.f_bb_eh 
(6, -9, -119), [1, 6, -9, -119, -99, 726, 1331], 3.11.g_aj_aep 
(6, -7, -106), [1, 6, -7, -106, -77, 726, 1331], 3.11.g_ah_aec 
(6, -5, -95), [1, 6, -5, -95, -55, 726, 1331], 3.11.g_af_adr 
(6, -5, -94), [1, 6, -5, -94, -55, 726, 1331], 3.11.g_af_adq 
(6, -5, -93), [1, 6, -5, -93, -55, 726, 1331], 3.11.g_af_adp 
(6, -4, -86), [1, 6, -4, -86, -44, 726, 1331], 3.11.g_ae_adi 
(6, -3, -83), [1, 6, -3, -83, -33, 726, 1331], 3.11.g_ad_adf 
(6, -3, -79), [1, 6, -3, -79, -33, 726, 1331], 3.11.g_ad_adb 
(6, -2, -76), [1, 6, -2, -76, -22, 726, 1331], 3.11.g_ac_acy 
(6, -2, -74), [1, 6, -2, -74, -22, 726, 1331], 3.11.g_ac_acw 
(6, -1, -69), [1, 6, -1, -69, -11, 726, 1331], 3.11.g_ab_acr 
(6, 1, -59), [1, 6, 1, -59, 11, 726, 1331], 3.11.g_b_ach 
(6, 2, -46), [1, 6, 2, -46, 22, 726, 1331], 3.11.g_c_abu 
(6, 5, -37), [1, 6, 5, -37, 55, 726, 1331], 3.11.g_f_abl 
(6, 5, -26), [1, 6, 5, -26, 55, 726, 1331], 3.11.g_f_aba 
(6, 7, -26), [1, 6, 7, -26, 77, 726, 1331], 3.11.g_h_aba 
(6, 8, -10), [1, 6, 8, -10, 88, 726, 1331], 3.11.g_i_ak 
(6, 8, -6), [1, 6, 8, -6, 88, 726, 1331], 3.11.g_i_ag 
(6, 15, 23), [1, 6, 15, 23, 165, 726, 1331], 3.11.g_p_x 
(6, 17, 53), [1, 6, 17, 53, 187, 726, 1331], 3.11.g_r_cb 
(6, 29, 131), [1, 6, 29, 131, 319, 726, 1331], 3.11.g_bd_fb 
(6, 30, 94), [1, 6, 30, 94, 330, 726, 1331], 3.11.g_be_dq 
(6, 37, 125), [1, 6, 37, 125, 407, 726, 1331], 3.11.g_bl_ev 
(6, 41, 131), [1, 6, 41, 131, 451, 726, 1331], 3.11.g_bp_fb 
(7, -3, -101), [1, 7, -3, -101, -33, 847, 1331], 3.11.h_ad_adx 
(7, 1, -75), [1, 7, 1, -75, 11, 847, 1331], 3.11.h_b_acx 
(7, 5, -48), [1, 7, 5, -48, 55, 847, 1331], 3.11.h_f_abw 
(7, 7, -35), [1, 7, 7, -35, 77, 847, 1331], 3.11.h_h_abj 
(7, 8, -28), [1, 7, 8, -28, 88, 847, 1331], 3.11.h_i_abc 
(7, 9, -25), [1, 7, 9, -25, 99, 847, 1331], 3.11.h_j_az 
(7, 11, -12), [1, 7, 11, -12, 121, 847, 1331], 3.11.h_l_am 
(7, 17, 21), [1, 7, 17, 21, 187, 847, 1331], 3.11.h_r_v 
(7, 21, 56), [1, 7, 21, 56, 231, 847, 1331], 3.11.h_v_ce 
(7, 23, 56), [1, 7, 23, 56, 253, 847, 1331], 3.11.h_x_ce 
(7, 34, 140), [1, 7, 34, 140, 374, 847, 1331], 3.11.h_bi_fk 
(7, 38, 152), [1, 7, 38, 152, 418, 847, 1331], 3.11.h_bm_fw 
(8, 13, -17), [1, 8, 13, -17, 143, 968, 1331], 3.11.i_n_ar 
(8, 17, 9), [1, 8, 17, 9, 187, 968, 1331], 3.11.i_r_j 
(8, 21, 34), [1, 8, 21, 34, 231, 968, 1331], 3.11.i_v_bi 
(8, 21, 35), [1, 8, 21, 35, 231, 968, 1331], 3.11.i_v_bj 
(8, 23, 45), [1, 8, 23, 45, 253, 968, 1331], 3.11.i_x_bt 
(8, 23, 47), [1, 8, 23, 47, 253, 968, 1331], 3.11.i_x_bv 
(8, 27, 73), [1, 8, 27, 73, 297, 968, 1331], 3.11.i_bb_cv 
(8, 28, 78), [1, 8, 28, 78, 308, 968, 1331], 3.11.i_bc_da 
(8, 28, 82), [1, 8, 28, 82, 308, 968, 1331], 3.11.i_bc_de 
(8, 35, 127), [1, 8, 35, 127, 385, 968, 1331], 3.11.i_bj_ex 
(8, 35, 129), [1, 8, 35, 129, 385, 968, 1331], 3.11.i_bj_ez 
(8, 39, 155), [1, 8, 39, 155, 429, 968, 1331], 3.11.i_bn_fz 
(8, 40, 162), [1, 8, 40, 162, 440, 968, 1331], 3.11.i_bo_gg 
(8, 45, 175), [1, 8, 45, 175, 495, 968, 1331], 3.11.i_bt_gt 
(8, 45, 179), [1, 8, 45, 179, 495, 968, 1331], 3.11.i_bt_gx 
(8, 47, 169), [1, 8, 47, 169, 517, 968, 1331], 3.11.i_bv_gn 
(8, 49, 177), [1, 8, 49, 177, 539, 968, 1331], 3.11.i_bx_gv 
(9, 24, 34), [1, 9, 24, 34, 264, 1089, 1331], 3.11.j_y_bi 
(9, 35, 107), [1, 9, 35, 107, 385, 1089, 1331], 3.11.j_bj_ed 
(9, 36, 112), [1, 9, 36, 112, 396, 1089, 1331], 3.11.j_bk_ei 
(9, 37, 115), [1, 9, 37, 115, 407, 1089, 1331], 3.11.j_bl_el 
(9, 40, 136), [1, 9, 40, 136, 440, 1089, 1331], 3.11.j_bo_fg 
(9, 42, 152), [1, 9, 42, 152, 462, 1089, 1331], 3.11.j_bq_fw 
(9, 43, 149), [1, 9, 43, 149, 473, 1089, 1331], 3.11.j_br_ft 
(9, 46, 164), [1, 9, 46, 164, 506, 1089, 1331], 3.11.j_bu_gi 
(9, 47, 184), [1, 9, 47, 184, 517, 1089, 1331], 3.11.j_bv_hc 
(9, 49, 196), [1, 9, 49, 196, 539, 1089, 1331], 3.11.j_bx_ho 
(9, 50, 184), [1, 9, 50, 184, 550, 1089, 1331], 3.11.j_by_hc 
(9, 50, 206), [1, 9, 50, 206, 550, 1089, 1331], 3.11.j_by_hy 
(9, 51, 191), [1, 9, 51, 191, 561, 1089, 1331], 3.11.j_bz_hj 
(9, 53, 211), [1, 9, 53, 211, 583, 1089, 1331], 3.11.j_cb_id 
(9, 54, 206), [1, 9, 54, 206, 594, 1089, 1331], 3.11.j_cc_hy 
(9, 56, 212), [1, 9, 56, 212, 616, 1089, 1331], 3.11.j_ce_ie 
(9, 57, 217), [1, 9, 57, 217, 627, 1089, 1331], 3.11.j_cf_ij 
(10, 43, 137), [1, 10, 43, 137, 473, 1210, 1331], 3.11.k_br_fh 
(10, 45, 149), [1, 10, 45, 149, 495, 1210, 1331], 3.11.k_bt_ft 
(10, 45, 151), [1, 10, 45, 151, 495, 1210, 1331], 3.11.k_bt_fv 
(10, 46, 158), [1, 10, 46, 158, 506, 1210, 1331], 3.11.k_bu_gc 
(10, 49, 177), [1, 10, 49, 177, 539, 1210, 1331], 3.11.k_bx_gv 
(10, 50, 182), [1, 10, 50, 182, 550, 1210, 1331], 3.11.k_by_ha 
(10, 53, 194), [1, 10, 53, 194, 583, 1210, 1331], 3.11.k_cb_hm 
(10, 53, 199), [1, 10, 53, 199, 583, 1210, 1331], 3.11.k_cb_hr 
(10, 53, 201), [1, 10, 53, 201, 583, 1210, 1331], 3.11.k_cb_ht 
(10, 55, 217), [1, 10, 55, 217, 605, 1210, 1331], 3.11.k_cd_ij 
(10, 57, 219), [1, 10, 57, 219, 627, 1210, 1331], 3.11.k_cf_il 
(10, 58, 222), [1, 10, 58, 222, 638, 1210, 1331], 3.11.k_cg_io 
(10, 58, 234), [1, 10, 58, 234, 638, 1210, 1331], 3.11.k_cg_ja 
(10, 59, 233), [1, 10, 59, 233, 649, 1210, 1331], 3.11.k_ch_iz 
(10, 60, 234), [1, 10, 60, 234, 660, 1210, 1331], 3.11.k_ci_ja 
(10, 61, 243), [1, 10, 61, 243, 671, 1210, 1331], 3.11.k_cj_jj 
(11, 51, 169), [1, 11, 51, 169, 561, 1331, 1331], 3.11.l_bz_gn 
(11, 56, 202), [1, 11, 56, 202, 616, 1331, 1331], 3.11.l_ce_hu 
(11, 57, 208), [1, 11, 57, 208, 627, 1331, 1331], 3.11.l_cf_ia 
(11, 59, 219), [1, 11, 59, 219, 649, 1331, 1331], 3.11.l_ch_il 
(11, 59, 221), [1, 11, 59, 221, 649, 1331, 1331], 3.11.l_ch_in 
(11, 60, 226), [1, 11, 60, 226, 660, 1331, 1331], 3.11.l_ci_is 
(11, 61, 235), [1, 11, 61, 235, 671, 1331, 1331], 3.11.l_cj_jb 
(11, 63, 247), [1, 11, 63, 247, 693, 1331, 1331], 3.11.l_cl_jn 
(11, 63, 248), [1, 11, 63, 248, 693, 1331, 1331], 3.11.l_cl_jo 
(11, 64, 250), [1, 11, 64, 250, 704, 1331, 1331], 3.11.l_cm_jq 
(11, 65, 256), [1, 11, 65, 256, 715, 1331, 1331], 3.11.l_cn_jw 
(11, 65, 260), [1, 11, 65, 260, 715, 1331, 1331], 3.11.l_cn_ka 
(11, 65, 262), [1, 11, 65, 262, 715, 1331, 1331], 3.11.l_cn_kc 
(11, 66, 266), [1, 11, 66, 266, 726, 1331, 1331], 3.11.l_co_kg 
(11, 66, 268), [1, 11, 66, 268, 726, 1331, 1331], 3.11.l_co_ki 
(11, 67, 263), [1, 11, 67, 263, 737, 1331, 1331], 3.11.l_cp_kd 
(11, 67, 265), [1, 11, 67, 265, 737, 1331, 1331], 3.11.l_cp_kf 
(11, 67, 268), [1, 11, 67, 268, 737, 1331, 1331], 3.11.l_cp_ki 
(11, 67, 270), [1, 11, 67, 270, 737, 1331, 1331], 3.11.l_cp_kk 
(11, 67, 271), [1, 11, 67, 271, 737, 1331, 1331], 3.11.l_cp_kl 
(11, 68, 268), [1, 11, 68, 268, 748, 1331, 1331], 3.11.l_cq_ki 
(11, 68, 274), [1, 11, 68, 274, 748, 1331, 1331], 3.11.l_cq_ko 
(11, 71, 283), [1, 11, 71, 283, 781, 1331, 1331], 3.11.l_ct_kx 
(12, 68, 260), [1, 12, 68, 260, 748, 1452, 1331], 3.11.m_cq_ka 
(12, 69, 265), [1, 12, 69, 265, 759, 1452, 1331], 3.11.m_cr_kf 
(12, 70, 272), [1, 12, 70, 272, 770, 1452, 1331], 3.11.m_cs_km 
(12, 71, 277), [1, 12, 71, 277, 781, 1452, 1331], 3.11.m_ct_kr 
(12, 71, 278), [1, 12, 71, 278, 781, 1452, 1331], 3.11.m_ct_ks 
(12, 73, 290), [1, 12, 73, 290, 803, 1452, 1331], 3.11.m_cv_le 
(12, 74, 298), [1, 12, 74, 298, 814, 1452, 1331], 3.11.m_cw_lm 
(12, 75, 301), [1, 12, 75, 301, 825, 1452, 1331], 3.11.m_cx_lp 
(12, 75, 306), [1, 12, 75, 306, 825, 1452, 1331], 3.11.m_cx_lu 
(12, 77, 310), [1, 12, 77, 310, 847, 1452, 1331], 3.11.m_cz_ly 
(12, 77, 311), [1, 12, 77, 311, 847, 1452, 1331], 3.11.m_cz_lz 
(12, 77, 314), [1, 12, 77, 314, 847, 1452, 1331], 3.11.m_cz_mc 
