(-4, -4, 0), [1, -8, 31, -80, 155, -200, 125], 3.5.ai_bf_adc, 0 
(-4, -3, 0), [1, -7, 27, -70, 135, -175, 125], 3.5.ah_bb_acs, 7 
(-4, -1, 0), [1, -5, 19, -50, 95, -125, 125], 3.5.af_t_aby, 15 
(-3, -2, 0), [1, -5, 21, -50, 105, -125, 125], 3.5.af_v_aby, 5 
(-2, -2, 0), [1, -4, 19, -40, 95, -100, 125], 3.5.ae_t_abo, 0 
(-2, -1, 0), [1, -3, 17, -30, 85, -75, 125], 3.5.ad_r_abe, 3 
(-1, -1, 0), [1, -2, 16, -20, 80, -50, 125], 3.5.ac_q_au, 0 
(-2, 0, 1), [1, -1, 13, -10, 65, -25, 125], 3.5.ab_n_ak, 5 
(-1, 0, 1), [1, 0, 14, 0, 70, 0, 125], 3.5.a_o_a, 2 
(-1, 0, 2), [1, 1, 13, 10, 65, 25, 125], 3.5.b_n_k, 3 
(0, 1, 1), [1, 2, 16, 20, 80, 50, 125], 3.5.c_q_u, 0 
(0, 1, 2), [1, 3, 17, 30, 85, 75, 125], 3.5.d_r_be, 1 
(0, 2, 2), [1, 4, 19, 40, 95, 100, 125], 3.5.e_t_bo, -2 
(0, 1, 4), [1, 5, 19, 50, 95, 125, 125], 3.5.f_t_by, 3 
(0, 2, 3), [1, 5, 21, 50, 105, 125, 125], 3.5.f_v_by, -1 
(0, 3, 4), [1, 7, 27, 70, 135, 175, 125], 3.5.h_bb_cs, -5 
(0, 4, 4), [1, 8, 31, 80, 155, 200, 125], 3.5.i_bf_dc, -12 
