(-4, -3, 0), [1, -7, 69, -266, 1311, -2527, 6859], 3.19.ah_cr_akg, 7 
(-4, -1, 0), [1, -5, 61, -190, 1159, -1805, 6859], 3.19.af_cj_ahi, 15 
(-3, -2, 0), [1, -5, 63, -190, 1197, -1805, 6859], 3.19.af_cl_ahi, 5 
(-2, -1, 0), [1, -3, 59, -114, 1121, -1083, 6859], 3.19.ad_ch_aek, 3 
(-1, -1, 0), [1, -2, 58, -76, 1102, -722, 6859], 3.19.ac_cg_acy, 0 
(-2, 0, 1), [1, -1, 55, -38, 1045, -361, 6859], 3.19.ab_cd_abm, 5 
(-1, 0, 1), [1, 0, 56, 0, 1064, 0, 6859], 3.19.a_ce_a, 2 
(-1, 0, 2), [1, 1, 55, 38, 1045, 361, 6859], 3.19.b_cd_bm, 3 
(0, 1, 1), [1, 2, 58, 76, 1102, 722, 6859], 3.19.c_cg_cy, 0 
(0, 1, 2), [1, 3, 59, 114, 1121, 1083, 6859], 3.19.d_ch_ek, 1 
(0, 1, 4), [1, 5, 61, 190, 1159, 1805, 6859], 3.19.f_cj_hi, 3 
(0, 2, 3), [1, 5, 63, 190, 1197, 1805, 6859], 3.19.f_cl_hi, -1 
(0, 3, 4), [1, 7, 69, 266, 1311, 2527, 6859], 3.19.h_cr_kg, -5 
