(-5, -5, -4), [1, -14, 89, -324, 712, -896, 512], 3.8.ao_dl_amm, -4 
(-5, -4, -3), [1, -12, 71, -252, 568, -768, 512], 3.8.am_ct_ajs, 6 
(-5, -5, 0), [1, -10, 49, -160, 392, -640, 512], 3.8.ak_bx_age, 0 
(-5, -4, -1), [1, -10, 53, -180, 424, -640, 512], 3.8.ak_cb_agy, 8 
(-4, -3, -3), [1, -10, 57, -196, 456, -640, 512], 3.8.ak_cf_aho, 4 
(-5, -3, 0), [1, -8, 39, -128, 312, -512, 512], 3.8.ai_bn_aey, 16 
(-4, -3, -1), [1, -8, 43, -140, 344, -512, 512], 3.8.ai_br_afk, 6 
(-5, -1, 0), [1, -6, 29, -96, 232, -384, 512], 3.8.ag_bd_ads, 24 
(-4, -1, -1), [1, -6, 33, -100, 264, -384, 512], 3.8.ag_bh_adw, 14 
(-3, -3, 0), [1, -6, 33, -96, 264, -384, 512], 3.8.ag_bh_ads, 0 
(-3, -1, 0), [1, -4, 27, -64, 216, -256, 512], 3.8.ae_bb_acm, 8 
(-3, 0, 1), [1, -2, 21, -32, 168, -128, 512], 3.8.ac_v_abg, 10 
(-1, -1, 0), [1, -2, 25, -32, 200, -128, 512], 3.8.ac_z_abg, 0 
(-1, 0, 1), [1, 0, 23, 0, 184, 0, 512], 3.8.a_x_a, 2 
(-1, 0, 3), [1, 2, 21, 32, 168, 128, 512], 3.8.c_v_bg, 4 
(0, 1, 1), [1, 2, 25, 32, 200, 128, 512], 3.8.c_z_bg, 0 
(0, 1, 3), [1, 4, 27, 64, 216, 256, 512], 3.8.e_bb_cm, 2 
(0, 1, 5), [1, 6, 29, 96, 232, 384, 512], 3.8.g_bd_ds, 4 
(0, 3, 3), [1, 6, 33, 96, 264, 384, 512], 3.8.g_bh_ds, -6 
(1, 1, 4), [1, 6, 33, 100, 264, 384, 512], 3.8.g_bh_dw, 4 
(0, 3, 5), [1, 8, 39, 128, 312, 512, 512], 3.8.i_bn_ey, -4 
(1, 3, 4), [1, 8, 43, 140, 344, 512, 512], 3.8.i_br_fk, -4 
(0, 5, 5), [1, 10, 49, 160, 392, 640, 512], 3.8.k_bx_ge, -20 
(1, 4, 5), [1, 10, 53, 180, 424, 640, 512], 3.8.k_cb_gy, -10 
(3, 3, 4), [1, 10, 57, 196, 456, 640, 512], 3.8.k_cf_ho, 4 
(3, 4, 5), [1, 12, 71, 252, 568, 768, 512], 3.8.m_ct_js, -2 
(4, 5, 5), [1, 14, 89, 324, 712, 896, 512], 3.8.o_dl_mm, -4 
