(-8, -7, -5), [1, -20, 179, -920, 2864, -5120, 4096], 3.16.au_gx_abjk, 10 
(-8, -7, -3), [1, -18, 149, -744, 2384, -4608, 4096], 3.16.as_ft_abcq, 12 
(-8, -5, -5), [1, -18, 153, -776, 2448, -4608, 4096], 3.16.as_fx_abdw, 34 
(-7, -7, -4), [1, -18, 153, -772, 2448, -4608, 4096], 3.16.as_fx_abds, -4 
(-8, -7, -1), [1, -16, 119, -568, 1904, -4096, 4096], 3.16.aq_ep_avw, 14 
(-8, -5, -3), [1, -16, 127, -632, 2032, -4096, 4096], 3.16.aq_ex_ayi, 36 
(-7, -5, -4), [1, -16, 131, -652, 2096, -4096, 4096], 3.16.aq_fb_azc, 20 
(-8, -7, 1), [1, -14, 89, -392, 1424, -3584, 4096], 3.16.ao_dl_apc, 16 
(-7, -7, 0), [1, -14, 97, -448, 1552, -3584, 4096], 3.16.ao_dt_arg, 0 
(-8, -5, -1), [1, -14, 101, -488, 1616, -3584, 4096], 3.16.ao_dx_asu, 38 
(-7, -4, -3), [1, -14, 109, -532, 1744, -3584, 4096], 3.16.ao_ef_aum, 30 
(-8, -7, 3), [1, -12, 59, -216, 944, -3072, 4096], 3.16.am_ch_aii, 18 
(-8, -5, 1), [1, -12, 75, -344, 1200, -3072, 4096], 3.16.am_cx_ang, 40 
(-8, -3, -1), [1, -12, 83, -408, 1328, -3072, 4096], 3.16.am_df_aps, 54 
(-7, -4, -1), [1, -12, 87, -412, 1392, -3072, 4096], 3.16.am_dj_apw, 32 
(-8, -7, 5), [1, -10, 29, -40, 464, -2560, 4096], 3.16.ak_bd_abo, 20 
(-8, -5, 3), [1, -10, 49, -200, 784, -2560, 4096], 3.16.ak_bx_ahs, 42 
(-8, -3, 1), [1, -10, 61, -296, 976, -2560, 4096], 3.16.ak_cj_alk, 56 
(-8, -1, -1), [1, -10, 65, -328, 1040, -2560, 4096], 3.16.ak_cn_amq, 62 
(-5, -4, -1), [1, -10, 77, -340, 1232, -2560, 4096], 3.16.ak_cz_anc, 8 
(-8, -7, 7), [1, -8, -1, 136, -16, -2048, 4096], 3.16.ai_ab_fg, 22 
(-8, -5, 5), [1, -8, 23, -56, 368, -2048, 4096], 3.16.ai_x_ace, 44 
(-8, -3, 3), [1, -8, 39, -184, 624, -2048, 4096], 3.16.ai_bn_ahc, 58 
(-8, -1, 1), [1, -8, 47, -248, 752, -2048, 4096], 3.16.ai_bv_ajo, 64 
(-4, -3, -1), [1, -8, 67, -268, 1072, -2048, 4096], 3.16.ai_cp_aki, 6 
(-8, -5, 7), [1, -6, -3, 88, -48, -1536, 4096], 3.16.ag_ad_dk, 46 
(-8, -3, 5), [1, -6, 17, -72, 272, -1536, 4096], 3.16.ag_r_acu, 60 
(-8, -1, 3), [1, -6, 29, -168, 464, -1536, 4096], 3.16.ag_bd_agm, 66 
(-4, -3, 1), [1, -6, 53, -180, 848, -1536, 4096], 3.16.ag_cb_agy, 8 
(-4, -1, -1), [1, -6, 57, -196, 912, -1536, 4096], 3.16.ag_cf_aho, 14 
(-7, -5, 8), [1, -4, -13, 152, -208, -1024, 4096], 3.16.ae_an_fw, 32 
(-8, -1, 5), [1, -4, 11, -88, 176, -1024, 4096], 3.16.ae_l_adk, 68 
(-8, 1, 3), [1, -4, 19, -152, 304, -1024, 4096], 3.16.ae_t_afw, 66 
(-7, -3, 8), [1, -2, -11, 104, -176, -512, 4096], 3.16.ac_al_ea, 48 
(-8, -1, 7), [1, -2, -7, -8, -112, -512, 4096], 3.16.ac_ah_ai, 70 
(-8, 1, 5), [1, -2, 5, -104, 80, -512, 4096], 3.16.ac_f_aea, 68 
(-8, 1, 7), [1, 0, -9, -56, -144, 0, 4096], 3.16.a_aj_ace, 70 
(-7, -1, 8), [1, 0, -9, 56, -144, 0, 4096], 3.16.a_aj_ce, 56 
(-8, 3, 5), [1, 0, -1, -120, -16, 0, 4096], 3.16.a_ab_aeq, 60 
(-5, -3, 8), [1, 0, -1, 120, -16, 0, 4096], 3.16.a_ab_eq, 24 
(-8, 3, 7), [1, 2, -11, -104, -176, 512, 4096], 3.16.c_al_aea, 62 
(-7, 1, 8), [1, 2, -7, 8, -112, 512, 4096], 3.16.c_ah_i, 56 
(-5, -1, 8), [1, 2, 5, 104, 80, 512, 4096], 3.16.c_f_ea, 32 
(-8, 5, 7), [1, 4, -13, -152, -208, 1024, 4096], 3.16.e_an_afw, 46 
(-5, 1, 8), [1, 4, 11, 88, 176, 1024, 4096], 3.16.e_l_dk, 32 
(-3, -1, 8), [1, 4, 19, 152, 304, 1024, 4096], 3.16.e_t_fw, 16 
(-7, 5, 8), [1, 6, -3, -88, -48, 1536, 4096], 3.16.g_ad_adk, 32 
(-5, 3, 8), [1, 6, 17, 72, 272, 1536, 4096], 3.16.g_r_cu, 24 
(-3, 1, 8), [1, 6, 29, 168, 464, 1536, 4096], 3.16.g_bd_gm, 16 
(-1, 3, 4), [1, 6, 53, 180, 848, 1536, 4096], 3.16.g_cb_gy, -4 
(1, 1, 4), [1, 6, 57, 196, 912, 1536, 4096], 3.16.g_cf_ho, 4 
(-7, 7, 8), [1, 8, -1, -136, -16, 2048, 4096], 3.16.i_ab_afg, 8 
(-5, 5, 8), [1, 8, 23, 56, 368, 2048, 4096], 3.16.i_x_ce, 8 
(-3, 3, 8), [1, 8, 39, 184, 624, 2048, 4096], 3.16.i_bn_hc, 8 
(-1, 1, 8), [1, 8, 47, 248, 752, 2048, 4096], 3.16.i_bv_jo, 8 
(1, 3, 4), [1, 8, 67, 268, 1072, 2048, 4096], 3.16.i_cp_ki, -4 
(-5, 7, 8), [1, 10, 29, 40, 464, 2560, 4096], 3.16.k_bd_bo, -16 
(-3, 5, 8), [1, 10, 49, 200, 784, 2560, 4096], 3.16.k_bx_hs, -8 
(-1, 3, 8), [1, 10, 61, 296, 976, 2560, 4096], 3.16.k_cj_lk, 0 
(1, 1, 8), [1, 10, 65, 328, 1040, 2560, 4096], 3.16.k_cn_mq, 8 
(1, 4, 5), [1, 10, 77, 340, 1232, 2560, 4096], 3.16.k_cz_nc, -10 
(-3, 7, 8), [1, 12, 59, 216, 944, 3072, 4096], 3.16.m_ch_ii, -32 
(-1, 5, 8), [1, 12, 75, 344, 1200, 3072, 4096], 3.16.m_cx_ng, -16 
(1, 3, 8), [1, 12, 83, 408, 1328, 3072, 4096], 3.16.m_df_ps, 0 
(1, 4, 7), [1, 12, 87, 412, 1392, 3072, 4096], 3.16.m_dj_pw, -8 
(-1, 7, 8), [1, 14, 89, 392, 1424, 3584, 4096], 3.16.o_dl_pc, -40 
(0, 7, 7), [1, 14, 97, 448, 1552, 3584, 4096], 3.16.o_dt_rg, -42 
(1, 5, 8), [1, 14, 101, 488, 1616, 3584, 4096], 3.16.o_dx_su, -16 
(3, 4, 7), [1, 14, 109, 532, 1744, 3584, 4096], 3.16.o_ef_um, 0 
(1, 7, 8), [1, 16, 119, 568, 1904, 4096, 4096], 3.16.q_ep_vw, -40 
(3, 5, 8), [1, 16, 127, 632, 2032, 4096, 4096], 3.16.q_ex_yi, -8 
(4, 5, 7), [1, 16, 131, 652, 2096, 4096, 4096], 3.16.q_fb_zc, -2 
(3, 7, 8), [1, 18, 149, 744, 2384, 4608, 4096], 3.16.s_ft_bcq, -32 
(4, 7, 7), [1, 18, 153, 772, 2448, 4608, 4096], 3.16.s_fx_bds, -26 
(5, 5, 8), [1, 18, 153, 776, 2448, 4608, 4096], 3.16.s_fx_bdw, 8 
(5, 7, 8), [1, 20, 179, 920, 2864, 5120, 4096], 3.16.u_gx_bjk, -16 
