(-6, -5, 2), [1, -9, 35, -102, 315, -729, 729], 3.9.aj_bj_ady 
(-6, -2, -1), [1, -9, 47, -174, 423, -729, 729], 3.9.aj_bv_ags 
(-5, -4, 0), [1, -9, 47, -162, 423, -729, 729], 3.9.aj_bv_agg 
(-4, -3, -1), [1, -8, 46, -156, 414, -648, 729], 3.9.ai_bu_aga 
(-6, -2, 1), [1, -7, 31, -114, 279, -567, 729], 3.9.ah_bf_aek 
(-6, -1, 2), [1, -5, 19, -78, 171, -405, 729], 3.9.af_t_ada 
(-4, -1, 0), [1, -5, 31, -90, 279, -405, 729], 3.9.af_bf_adm 
(-5, -5, 6), [1, -4, -8, 78, -72, -324, 729], 3.9.ae_ai_da 
(-2, -2, 0), [1, -4, 31, -72, 279, -324, 729], 3.9.ae_bf_acu 
(-6, -2, 5), [1, -3, -1, 6, -9, -243, 729], 3.9.ad_ab_g 
(-6, 1, 2), [1, -3, 11, -66, 99, -243, 729], 3.9.ad_l_aco 
(-4, -3, 5), [1, -2, 4, 24, 36, -162, 729], 3.9.ac_e_y 
(-5, -2, 6), [1, -1, -5, 42, -45, -81, 729], 3.9.ab_af_bq 
(-2, 0, 1), [1, -1, 25, -18, 225, -81, 729], 3.9.ab_z_as 
(-6, 2, 4), [1, 0, -1, -48, -9, 0, 729], 3.9.a_ab_abw 
(-4, -2, 6), [1, 0, -1, 48, -9, 0, 729], 3.9.a_ab_bw 
(-6, 2, 5), [1, 1, -5, -42, -45, 81, 729], 3.9.b_af_abq 
(-1, 0, 2), [1, 1, 25, 18, 225, 81, 729], 3.9.b_z_s 
(-5, 3, 4), [1, 2, 4, -24, 36, 162, 729], 3.9.c_e_ay 
(-5, 2, 6), [1, 3, -1, -6, -9, 243, 729], 3.9.d_ab_ag 
(-2, -1, 6), [1, 3, 11, 66, 99, 243, 729], 3.9.d_l_co 
(-6, 5, 5), [1, 4, -8, -78, -72, 324, 729], 3.9.e_ai_ada 
(0, 2, 2), [1, 4, 31, 72, 279, 324, 729], 3.9.e_bf_cu 
(-2, 1, 6), [1, 5, 19, 78, 171, 405, 729], 3.9.f_t_da 
(0, 1, 4), [1, 5, 31, 90, 279, 405, 729], 3.9.f_bf_dm 
(-1, 2, 6), [1, 7, 31, 114, 279, 567, 729], 3.9.h_bf_ek 
(1, 3, 4), [1, 8, 46, 156, 414, 648, 729], 3.9.i_bu_ga 
(-2, 5, 6), [1, 9, 35, 102, 315, 729, 729], 3.9.j_bj_dy 
(0, 4, 5), [1, 9, 47, 162, 423, 729, 729], 3.9.j_bv_gg 
(1, 2, 6), [1, 9, 47, 174, 423, 729, 729], 3.9.j_bv_gs 
