(-5, -5, 0), [1, -10, 49, -160, 392, -640, 512], 3.8.ak_bx_age, 0 
(-5, -4, -1), [1, -10, 53, -180, 424, -640, 512], 3.8.ak_cb_agy, 8 
(-5, -3, 0), [1, -8, 39, -128, 312, -512, 512], 3.8.ai_bn_aey, 16 
(-4, -3, -1), [1, -8, 43, -140, 344, -512, 512], 3.8.ai_br_afk, 6 
(-5, -1, 0), [1, -6, 29, -96, 232, -384, 512], 3.8.ag_bd_ads, 24 
(-4, -1, -1), [1, -6, 33, -100, 264, -384, 512], 3.8.ag_bh_adw, 14 
(0, 1, 5), [1, 6, 29, 96, 232, 384, 512], 3.8.g_bd_ds, 4 
(1, 1, 4), [1, 6, 33, 100, 264, 384, 512], 3.8.g_bh_dw, 4 
(0, 3, 5), [1, 8, 39, 128, 312, 512, 512], 3.8.i_bn_ey, -4 
(1, 3, 4), [1, 8, 43, 140, 344, 512, 512], 3.8.i_br_fk, -4 
(0, 5, 5), [1, 10, 49, 160, 392, 640, 512], 3.8.k_bx_ge, -20 
(1, 4, 5), [1, 10, 53, 180, 424, 640, 512], 3.8.k_cb_gy, -10 
