(-4, -3, 0), [1, -7, 63, -238, 1071, -2023, 4913], 3.17.ah_cl_aje, 7 
(-4, -1, 0), [1, -5, 55, -170, 935, -1445, 4913], 3.17.af_cd_ago, 15 
(-3, -2, 0), [1, -5, 57, -170, 969, -1445, 4913], 3.17.af_cf_ago, 5 
(-2, -2, 0), [1, -4, 55, -136, 935, -1156, 4913], 3.17.ae_cd_afg, 0 
(-2, -1, 0), [1, -3, 53, -102, 901, -867, 4913], 3.17.ad_cb_ady, 3 
(-1, -1, 0), [1, -2, 52, -68, 884, -578, 4913], 3.17.ac_ca_acq, 0 
(-2, 0, 1), [1, -1, 49, -34, 833, -289, 4913], 3.17.ab_bx_abi, 5 
(-1, 0, 1), [1, 0, 50, 0, 850, 0, 4913], 3.17.a_by_a, 2 
(-1, 0, 2), [1, 1, 49, 34, 833, 289, 4913], 3.17.b_bx_bi, 3 
(0, 1, 1), [1, 2, 52, 68, 884, 578, 4913], 3.17.c_ca_cq, 0 
(0, 1, 2), [1, 3, 53, 102, 901, 867, 4913], 3.17.d_cb_dy, 1 
(0, 2, 2), [1, 4, 55, 136, 935, 1156, 4913], 3.17.e_cd_fg, -2 
(0, 1, 4), [1, 5, 55, 170, 935, 1445, 4913], 3.17.f_cd_go, 3 
(0, 2, 3), [1, 5, 57, 170, 969, 1445, 4913], 3.17.f_cf_go, -1 
(0, 3, 4), [1, 7, 63, 238, 1071, 2023, 4913], 3.17.h_cl_je, -5 
