(-10, -8, -8), [1, -26, 299, -1940, 7475, -16250, 15625], 3.25.aba_ln_acwq 
(-10, -9, -6), [1, -25, 279, -1790, 6975, -15625, 15625], 3.25.az_kt_acqw 
(-10, -8, -6), [1, -24, 263, -1680, 6575, -15000, 15625], 3.25.ay_kd_acmq 
(-10, -7, -7), [1, -24, 264, -1690, 6600, -15000, 15625], 3.25.ay_ke_acna 
(-10, -7, -6), [1, -23, 247, -1570, 6175, -14375, 15625], 3.25.ax_jn_acik 
(-10, -8, -4), [1, -22, 227, -1420, 5675, -13750, 15625], 3.25.aw_it_accq 
(-9, -8, -5), [1, -22, 232, -1460, 5800, -13750, 15625], 3.25.aw_iy_acee 
(-10, -9, -2), [1, -21, 203, -1230, 5075, -13125, 15625], 3.25.av_hv_abvi 
(-10, -7, -4), [1, -21, 213, -1330, 5325, -13125, 15625], 3.25.av_if_abze 
(-8, -8, -5), [1, -21, 219, -1370, 5475, -13125, 15625], 3.25.av_il_acas 
(-10, -6, -4), [1, -20, 199, -1240, 4975, -12500, 15625], 3.25.au_hr_abvs 
(-9, -6, -5), [1, -20, 204, -1270, 5100, -12500, 15625], 3.25.au_hw_abww 
(-8, -7, -5), [1, -20, 206, -1280, 5150, -12500, 15625], 3.25.au_hy_abxg 
(-10, -7, -2), [1, -19, 179, -1090, 4475, -11875, 15625], 3.25.at_gx_abpy 
(-10, -6, -3), [1, -19, 183, -1130, 4575, -11875, 15625], 3.25.at_hb_abrm 
(-8, -6, -5), [1, -19, 193, -1190, 4825, -11875, 15625], 3.25.at_hl_abtu 
(-9, -5, -4), [1, -18, 176, -1080, 4400, -11250, 15625], 3.25.as_gu_abpo 
(-10, -9, 2), [1, -17, 127, -670, 3175, -10625, 15625], 3.25.ar_ex_azu 
(-8, -5, -4), [1, -17, 167, -1010, 4175, -10625, 15625], 3.25.ar_gl_abmw 
(-10, -4, -2), [1, -16, 143, -880, 3575, -10000, 15625], 3.25.aq_fn_abhw 
(-7, -5, -4), [1, -16, 158, -940, 3950, -10000, 15625], 3.25.aq_gc_abke 
(-10, -6, 1), [1, -15, 119, -690, 2975, -9375, 15625], 3.25.ap_ep_abao 
(-10, -4, -1), [1, -15, 129, -790, 3225, -9375, 15625], 3.25.ap_ez_abek 
(-10, -3, -2), [1, -15, 131, -810, 3275, -9375, 15625], 3.25.ap_fb_abfe 
(-10, -6, 3), [1, -13, 87, -470, 2175, -8125, 15625], 3.25.an_dj_asc 
(-10, -2, -1), [1, -13, 107, -670, 2675, -8125, 15625], 3.25.an_ed_azu 
(-6, -5, -2), [1, -13, 127, -710, 3175, -8125, 15625], 3.25.an_ex_abbi 
(-10, -3, 2), [1, -11, 79, -490, 1975, -6875, 15625], 3.25.al_db_asw 
(-10, -2, 1), [1, -11, 83, -530, 2075, -6875, 15625], 3.25.al_df_auk 
(-5, -4, -2), [1, -11, 113, -590, 2825, -6875, 15625], 3.25.al_ej_aws 
(-10, -6, 7), [1, -9, 23, -30, 575, -5625, 15625], 3.25.aj_x_abe 
(-10, -2, 3), [1, -9, 59, -390, 1475, -5625, 15625], 3.25.aj_ch_apa 
(-10, -1, 2), [1, -9, 63, -430, 1575, -5625, 15625], 3.25.aj_cl_aqo 
(-5, -2, -2), [1, -9, 99, -470, 2475, -5625, 15625], 3.25.aj_dv_asc 
(-9, -9, 10), [1, -8, -24, 410, -600, -5000, 15625], 3.25.ai_ay_pu 
(-10, 1, 1), [1, -8, 56, -410, 1400, -5000, 15625], 3.25.ai_ce_apu 
(-9, -8, 10), [1, -7, -23, 370, -575, -4375, 15625], 3.25.ah_ax_og 
(-10, -6, 9), [1, -7, -9, 190, -225, -4375, 15625], 3.25.ah_aj_hi 
(-10, 1, 2), [1, -7, 47, -370, 1175, -4375, 15625], 3.25.ah_bv_aog 
(-9, -6, 10), [1, -5, -21, 290, -525, -3125, 15625], 3.25.af_av_le 
(-8, -7, 10), [1, -5, -19, 310, -475, -3125, 15625], 3.25.af_at_ly 
(-10, -2, 7), [1, -5, 11, -110, 275, -3125, 15625], 3.25.af_l_aeg 
(-10, 2, 3), [1, -5, 31, -310, 775, -3125, 15625], 3.25.af_bf_aly 
(-10, 2, 4), [1, -4, 23, -280, 575, -2500, 15625], 3.25.ae_x_aku 
(-10, -2, 9), [1, -3, -13, 30, -325, -1875, 15625], 3.25.ad_an_be 
(-7, -6, 10), [1, -3, -13, 270, -325, -1875, 15625], 3.25.ad_an_kk 
(-9, -2, 10), [1, -1, -17, 130, -425, -625, 15625], 3.25.ab_ar_fa 
(-10, 2, 7), [1, -1, -1, -190, -25, -625, 15625], 3.25.ab_ab_ahi 
(-10, 3, 6), [1, -1, 3, -230, 75, -625, 15625], 3.25.ab_d_aiw 
(-10, 4, 6), [1, 0, -1, -240, -25, 0, 15625], 3.25.a_ab_ajg 
(-6, -4, 10), [1, 0, -1, 240, -25, 0, 15625], 3.25.a_ab_jg 
(-10, 2, 9), [1, 1, -17, -130, -425, 625, 15625], 3.25.b_ar_afa 
(-7, -2, 10), [1, 1, -1, 190, -25, 625, 15625], 3.25.b_ab_hi 
(-6, -3, 10), [1, 1, 3, 230, 75, 625, 15625], 3.25.b_d_iw 
(-10, 6, 7), [1, 3, -13, -270, -325, 1875, 15625], 3.25.d_an_akk 
(-9, 2, 10), [1, 3, -13, -30, -325, 1875, 15625], 3.25.d_an_abe 
(-4, -2, 10), [1, 4, 23, 280, 575, 2500, 15625], 3.25.e_x_ku 
(-10, 6, 9), [1, 5, -21, -290, -525, 3125, 15625], 3.25.f_av_ale 
(-10, 7, 8), [1, 5, -19, -310, -475, 3125, 15625], 3.25.f_at_aly 
(-7, 2, 10), [1, 5, 11, 110, 275, 3125, 15625], 3.25.f_l_eg 
(-3, -2, 10), [1, 5, 31, 310, 775, 3125, 15625], 3.25.f_bf_ly 
(-10, 8, 9), [1, 7, -23, -370, -575, 4375, 15625], 3.25.h_ax_aog 
(-9, 6, 10), [1, 7, -9, -190, -225, 4375, 15625], 3.25.h_aj_ahi 
(-2, -1, 10), [1, 7, 47, 370, 1175, 4375, 15625], 3.25.h_bv_og 
(-10, 9, 9), [1, 8, -24, -410, -600, 5000, 15625], 3.25.i_ay_apu 
(-1, -1, 10), [1, 8, 56, 410, 1400, 5000, 15625], 3.25.i_ce_pu 
(-7, 6, 10), [1, 9, 23, 30, 575, 5625, 15625], 3.25.j_x_be 
(-3, 2, 10), [1, 9, 59, 390, 1475, 5625, 15625], 3.25.j_ch_pa 
(-2, 1, 10), [1, 9, 63, 430, 1575, 5625, 15625], 3.25.j_cl_qo 
(2, 2, 5), [1, 9, 99, 470, 2475, 5625, 15625], 3.25.j_dv_sc 
(-2, 3, 10), [1, 11, 79, 490, 1975, 6875, 15625], 3.25.l_db_sw 
(-1, 2, 10), [1, 11, 83, 530, 2075, 6875, 15625], 3.25.l_df_uk 
(2, 4, 5), [1, 11, 113, 590, 2825, 6875, 15625], 3.25.l_ej_ws 
(-3, 6, 10), [1, 13, 87, 470, 2175, 8125, 15625], 3.25.n_dj_sc 
(1, 2, 10), [1, 13, 107, 670, 2675, 8125, 15625], 3.25.n_ed_zu 
(2, 5, 6), [1, 13, 127, 710, 3175, 8125, 15625], 3.25.n_ex_bbi 
(-1, 6, 10), [1, 15, 119, 690, 2975, 9375, 15625], 3.25.p_ep_bao 
(1, 4, 10), [1, 15, 129, 790, 3225, 9375, 15625], 3.25.p_ez_bek 
(2, 3, 10), [1, 15, 131, 810, 3275, 9375, 15625], 3.25.p_fb_bfe 
(2, 4, 10), [1, 16, 143, 880, 3575, 10000, 15625], 3.25.q_fn_bhw 
(4, 5, 7), [1, 16, 158, 940, 3950, 10000, 15625], 3.25.q_gc_bke 
(-2, 9, 10), [1, 17, 127, 670, 3175, 10625, 15625], 3.25.r_ex_zu 
(4, 5, 8), [1, 17, 167, 1010, 4175, 10625, 15625], 3.25.r_gl_bmw 
(4, 5, 9), [1, 18, 176, 1080, 4400, 11250, 15625], 3.25.s_gu_bpo 
(2, 7, 10), [1, 19, 179, 1090, 4475, 11875, 15625], 3.25.t_gx_bpy 
(3, 6, 10), [1, 19, 183, 1130, 4575, 11875, 15625], 3.25.t_hb_brm 
(5, 6, 8), [1, 19, 193, 1190, 4825, 11875, 15625], 3.25.t_hl_btu 
(4, 6, 10), [1, 20, 199, 1240, 4975, 12500, 15625], 3.25.u_hr_bvs 
(5, 6, 9), [1, 20, 204, 1270, 5100, 12500, 15625], 3.25.u_hw_bww 
(5, 7, 8), [1, 20, 206, 1280, 5150, 12500, 15625], 3.25.u_hy_bxg 
(2, 9, 10), [1, 21, 203, 1230, 5075, 13125, 15625], 3.25.v_hv_bvi 
(4, 7, 10), [1, 21, 213, 1330, 5325, 13125, 15625], 3.25.v_if_bze 
(5, 8, 8), [1, 21, 219, 1370, 5475, 13125, 15625], 3.25.v_il_cas 
(4, 8, 10), [1, 22, 227, 1420, 5675, 13750, 15625], 3.25.w_it_ccq 
(5, 8, 9), [1, 22, 232, 1460, 5800, 13750, 15625], 3.25.w_iy_cee 
(6, 7, 10), [1, 23, 247, 1570, 6175, 14375, 15625], 3.25.x_jn_cik 
(6, 8, 10), [1, 24, 263, 1680, 6575, 15000, 15625], 3.25.y_kd_cmq 
(7, 7, 10), [1, 24, 264, 1690, 6600, 15000, 15625], 3.25.y_ke_cna 
(6, 9, 10), [1, 25, 279, 1790, 6975, 15625, 15625], 3.25.z_kt_cqw 
(8, 8, 10), [1, 26, 299, 1940, 7475, 16250, 15625], 3.25.ba_ln_cwq 
