(-3, -3, 2), [1, -4, 9, -14, 36, -64, 64], 3.4.ae_j_ao, 2 
(-3, -2, 1), [1, -4, 13, -26, 52, -64, 64], 3.4.ae_n_aba, 6 
(-3, -1, 0), [1, -4, 15, -32, 60, -64, 64], 3.4.ae_p_abg, 8 
(-3, -3, 4), [1, -2, -3, 20, -12, -32, 64], 3.4.ac_ad_u, 4 
(-3, 0, 1), [1, -2, 9, -16, 36, -32, 64], 3.4.ac_j_aq, 10 
(-4, 3, 3), [1, 2, -3, -20, -12, 32, 64], 3.4.c_ad_au, 10 
(-1, 0, 3), [1, 2, 9, 16, 36, 32, 64], 3.4.c_j_q, 4 
(-2, 3, 3), [1, 4, 9, 14, 36, 64, 64], 3.4.e_j_o, -2 
(-1, 2, 3), [1, 4, 13, 26, 52, 64, 64], 3.4.e_n_ba, 0 
(0, 1, 3), [1, 4, 15, 32, 60, 64, 64], 3.4.e_p_bg, 2 
