(-4, -2, 0), [1, -6, 23, -60, 115, -150, 125], 3.5.ag_x_aci, 12 
(-3, -3, 0), [1, -6, 24, -60, 120, -150, 125], 3.5.ag_y_aci, 0 
(-3, -1, 0), [1, -4, 18, -40, 90, -100, 125], 3.5.ae_s_abo, 8 
(-4, 0, 1), [1, -3, 11, -30, 55, -75, 125], 3.5.ad_l_abe, 17 
(-4, 0, 2), [1, -2, 7, -20, 35, -50, 125], 3.5.ac_h_au, 18 
(-3, 0, 1), [1, -2, 12, -20, 60, -50, 125], 3.5.ac_m_au, 10 
(-4, 0, 3), [1, -1, 3, -10, 15, -25, 125], 3.5.ab_d_ak, 19 
(-3, 0, 2), [1, -1, 9, -10, 45, -25, 125], 3.5.ab_j_ak, 11 
(-4, 0, 4), [1, 0, -1, 0, -5, 0, 125], 3.5.a_ab_a, 20 
(-3, 0, 3), [1, 0, 6, 0, 30, 0, 125], 3.5.a_g_a, 12 
(-2, 0, 2), [1, 0, 11, 0, 55, 0, 125], 3.5.a_l_a, 6 
(-3, 0, 4), [1, 1, 3, 10, 15, 25, 125], 3.5.b_d_k, 13 
(-2, 0, 3), [1, 1, 9, 10, 45, 25, 125], 3.5.b_j_k, 7 
(-2, 0, 4), [1, 2, 7, 20, 35, 50, 125], 3.5.c_h_u, 8 
(-1, 0, 3), [1, 2, 12, 20, 60, 50, 125], 3.5.c_m_u, 4 
(-1, 0, 4), [1, 3, 11, 30, 55, 75, 125], 3.5.d_l_be, 5 
(0, 1, 3), [1, 4, 18, 40, 90, 100, 125], 3.5.e_s_bo, 2 
(0, 2, 4), [1, 6, 23, 60, 115, 150, 125], 3.5.g_x_ci, 0 
(0, 3, 3), [1, 6, 24, 60, 120, 150, 125], 3.5.g_y_ci, -6 
