(-10, -9, -9), [1, -28, 336, -2210, 8400, -17500, 15625], 3.25.abc_my_adha, 10 
(-10, -9, -8), [1, -27, 317, -2070, 7925, -16875, 15625], 3.25.abb_mf_adbq, 11 
(-10, -9, -7), [1, -26, 298, -1930, 7450, -16250, 15625], 3.25.aba_lm_acwg, 12 
(-10, -8, -8), [1, -26, 299, -1940, 7475, -16250, 15625], 3.25.aba_ln_acwq, 28 
(-10, -9, -6), [1, -25, 279, -1790, 6975, -15625, 15625], 3.25.az_kt_acqw, 13 
(-10, -8, -7), [1, -25, 281, -1810, 7025, -15625, 15625], 3.25.az_kv_acrq, 29 
(-10, -8, -6), [1, -24, 263, -1680, 6575, -15000, 15625], 3.25.ay_kd_acmq, 30 
(-10, -7, -7), [1, -24, 264, -1690, 6600, -15000, 15625], 3.25.ay_ke_acna, 44 
(-10, -9, -4), [1, -23, 241, -1510, 6025, -14375, 15625], 3.25.ax_jh_acgc, 15 
(-9, -9, -5), [1, -23, 246, -1555, 6150, -14375, 15625], 3.25.ax_jm_achv, -5 
(-10, -7, -6), [1, -23, 247, -1570, 6175, -14375, 15625], 3.25.ax_jn_acik, 45 
(-10, -9, -3), [1, -22, 222, -1370, 5550, -13750, 15625], 3.25.aw_io_acas, 16 
(-10, -8, -4), [1, -22, 227, -1420, 5675, -13750, 15625], 3.25.aw_it_accq, 32 
(-9, -8, -5), [1, -22, 232, -1460, 5800, -13750, 15625], 3.25.aw_iy_acee, 12 
(-10, -9, -2), [1, -21, 203, -1230, 5075, -13125, 15625], 3.25.av_hv_abvi, 17 
(-10, -8, -3), [1, -21, 209, -1290, 5225, -13125, 15625], 3.25.av_ib_abxq, 33 
(-10, -7, -4), [1, -21, 213, -1330, 5325, -13125, 15625], 3.25.av_if_abze, 47 
(-9, -7, -5), [1, -21, 218, -1365, 5450, -13125, 15625], 3.25.av_ik_acan, 27 
(-8, -8, -5), [1, -21, 219, -1370, 5475, -13125, 15625], 3.25.av_il_acas, -5 
(-10, -7, -3), [1, -20, 196, -1210, 4900, -12500, 15625], 3.25.au_ho_abuo, 48 
(-10, -6, -4), [1, -20, 199, -1240, 4975, -12500, 15625], 3.25.au_hr_abvs, 60 
(-9, -6, -5), [1, -20, 204, -1270, 5100, -12500, 15625], 3.25.au_hw_abww, 40 
(-8, -7, -5), [1, -20, 206, -1280, 5150, -12500, 15625], 3.25.au_hy_abxg, 10 
(-10, -7, -2), [1, -19, 179, -1090, 4475, -11875, 15625], 3.25.at_gx_abpy, 49 
(-10, -6, -3), [1, -19, 183, -1130, 4575, -11875, 15625], 3.25.at_hb_abrm, 61 
(-8, -6, -5), [1, -19, 193, -1190, 4825, -11875, 15625], 3.25.at_hl_abtu, 23 
(-7, -7, -5), [1, -19, 194, -1195, 4850, -11875, 15625], 3.25.at_hm_abtz, -5 
(-10, -9, 1), [1, -18, 146, -810, 3650, -11250, 15625], 3.25.as_fq_abfe, 20 
(-9, -5, -4), [1, -18, 176, -1080, 4400, -11250, 15625], 3.25.as_gu_abpo, 52 
(-7, -6, -5), [1, -18, 182, -1110, 4550, -11250, 15625], 3.25.as_ha_abqs, 8 
(-10, -9, 2), [1, -17, 127, -670, 3175, -10625, 15625], 3.25.ar_ex_azu, 21 
(-10, -8, 1), [1, -17, 137, -770, 3425, -10625, 15625], 3.25.ar_fh_abdq, 37 
(-10, -4, -3), [1, -17, 157, -970, 3925, -10625, 15625], 3.25.ar_gb_abli, 81 
(-9, -5, -3), [1, -17, 162, -985, 4050, -10625, 15625], 3.25.ar_gg_ablx, 53 
(-8, -5, -4), [1, -17, 167, -1010, 4175, -10625, 15625], 3.25.ar_gl_abmw, 35 
(-6, -6, -5), [1, -17, 171, -1030, 4275, -10625, 15625], 3.25.ar_gp_abnq, -5 
(-10, -9, 3), [1, -16, 108, -530, 2700, -10000, 15625], 3.25.aq_ee_auk, 22 
(-10, -7, 1), [1, -16, 128, -730, 3200, -10000, 15625], 3.25.aq_ey_abcc, 52 
(-10, -4, -2), [1, -16, 143, -880, 3575, -10000, 15625], 3.25.aq_fn_abhw, 82 
(-7, -5, -4), [1, -16, 158, -940, 3950, -10000, 15625], 3.25.aq_gc_abke, 20 
(-10, -9, 4), [1, -15, 89, -390, 2225, -9375, 15625], 3.25.ap_dl_apa, 23 
(-10, -8, 3), [1, -15, 101, -510, 2525, -9375, 15625], 3.25.ap_dx_atq, 39 
(-10, -6, 1), [1, -15, 119, -690, 2975, -9375, 15625], 3.25.ap_ep_abao, 65 
(-10, -4, -1), [1, -15, 129, -790, 3225, -9375, 15625], 3.25.ap_ez_abek, 83 
(-10, -3, -2), [1, -15, 131, -810, 3275, -9375, 15625], 3.25.ap_fb_abfe, 89 
(-9, -5, -1), [1, -15, 134, -795, 3350, -9375, 15625], 3.25.ap_fe_abep, 55 
(-7, -5, -3), [1, -15, 146, -855, 3650, -9375, 15625], 3.25.ap_fq_abgx, 21 
(-6, -5, -4), [1, -15, 149, -870, 3725, -9375, 15625], 3.25.ap_ft_abhm, 7 
(-10, -7, 3), [1, -14, 94, -490, 2350, -8750, 15625], 3.25.ao_dq_asw, 54 
(-9, -9, 5), [1, -13, 66, -245, 1650, -8125, 15625], 3.25.an_co_ajl, 5 
(-10, -7, 4), [1, -13, 77, -370, 1925, -8125, 15625], 3.25.an_cz_aog, 55 
(-10, -6, 3), [1, -13, 87, -470, 2175, -8125, 15625], 3.25.an_dj_asc, 67 
(-10, -4, 1), [1, -13, 101, -610, 2525, -8125, 15625], 3.25.an_dx_axm, 85 
(-9, -5, 1), [1, -13, 106, -605, 2650, -8125, 15625], 3.25.an_ec_axh, 57 
(-10, -2, -1), [1, -13, 107, -670, 2675, -8125, 15625], 3.25.an_ed_azu, 95 
(-7, -5, -1), [1, -13, 122, -685, 3050, -8125, 15625], 3.25.an_es_abaj, 23 
(-6, -5, -2), [1, -13, 127, -710, 3175, -8125, 15625], 3.25.an_ex_abbi, 9 
(-5, -4, -4), [1, -13, 131, -730, 3275, -8125, 15625], 3.25.an_fb_abcc, 5 
(-10, -9, 7), [1, -12, 32, 30, 800, -7500, 15625], 3.25.am_bg_be, 26 
(-10, -3, 1), [1, -12, 92, -570, 2300, -7500, 15625], 3.25.am_do_avy, 92 
(-5, -4, -3), [1, -12, 122, -660, 3050, -7500, 15625], 3.25.am_es_azk, 6 
(-10, -8, 7), [1, -11, 29, 10, 725, -6875, 15625], 3.25.al_bd_k, 43 
(-9, -7, 5), [1, -11, 58, -235, 1450, -6875, 15625], 3.25.al_cg_ajb, 37 
(-10, -4, 3), [1, -11, 73, -430, 1825, -6875, 15625], 3.25.al_cv_aqo, 87 
(-9, -5, 3), [1, -11, 78, -415, 1950, -6875, 15625], 3.25.al_da_apz, 59 
(-10, -3, 2), [1, -11, 79, -490, 1975, -6875, 15625], 3.25.al_db_asw, 93 
(-10, -2, 1), [1, -11, 83, -530, 2075, -6875, 15625], 3.25.al_df_auk, 97 
(-7, -5, 1), [1, -11, 98, -515, 2450, -6875, 15625], 3.25.al_du_atv, 25 
(-5, -4, -2), [1, -11, 113, -590, 2825, -6875, 15625], 3.25.al_ej_aws, 7 
(-5, -3, -3), [1, -11, 114, -595, 2850, -6875, 15625], 3.25.al_ek_awx, 13 
(-10, -9, 9), [1, -10, -6, 310, -150, -6250, 15625], 3.25.ak_ag_ly, 28 
(-10, -7, 7), [1, -10, 26, -10, 650, -6250, 15625], 3.25.ak_ba_ak, 58 
(-10, -3, 3), [1, -10, 66, -410, 1650, -6250, 15625], 3.25.ak_co_apu, 94 
(-10, -8, 9), [1, -9, -7, 270, -175, -5625, 15625], 3.25.aj_ah_kk, 45 
(-10, -6, 7), [1, -9, 23, -30, 575, -5625, 15625], 3.25.aj_x_abe, 71 
(-7, -7, 5), [1, -9, 54, -205, 1350, -5625, 15625], 3.25.aj_cc_ahx, 5 
(-10, -2, 3), [1, -9, 59, -390, 1475, -5625, 15625], 3.25.aj_ch_apa, 99 
(-10, -1, 2), [1, -9, 63, -430, 1575, -5625, 15625], 3.25.aj_cl_aqo, 101 
(-7, -5, 3), [1, -9, 74, -345, 1850, -5625, 15625], 3.25.aj_cw_anh, 27 
(-5, -3, -1), [1, -9, 98, -465, 2450, -5625, 15625], 3.25.aj_du_arx, 15 
(-5, -2, -2), [1, -9, 99, -470, 2475, -5625, 15625], 3.25.aj_dv_asc, 19 
(-9, -9, 10), [1, -8, -24, 410, -600, -5000, 15625], 3.25.ai_ay_pu, 10 
(-10, -7, 9), [1, -8, -8, 230, -200, -5000, 15625], 3.25.ai_ai_iw, 60 
(-10, 1, 1), [1, -8, 56, -410, 1400, -5000, 15625], 3.25.ai_ce_apu, 100 
(-9, -8, 10), [1, -7, -23, 370, -575, -4375, 15625], 3.25.ah_ax_og, 27 
(-10, -6, 9), [1, -7, -9, 190, -225, -4375, 15625], 3.25.ah_aj_hi, 73 
(-10, -4, 7), [1, -7, 17, -70, 425, -4375, 15625], 3.25.ah_r_acs, 91 
(-9, -5, 7), [1, -7, 22, -35, 550, -4375, 15625], 3.25.ah_w_abj, 63 
(-9, -3, 5), [1, -7, 42, -215, 1050, -4375, 15625], 3.25.ah_bq_aih, 77 
(-10, 1, 2), [1, -7, 47, -370, 1175, -4375, 15625], 3.25.ah_bv_aog, 101 
(-5, -3, 1), [1, -7, 82, -335, 2050, -4375, 15625], 3.25.ah_de_amx, 17 
(-5, -1, -1), [1, -7, 86, -355, 2150, -4375, 15625], 3.25.ah_di_anr, 23 
(-9, -7, 10), [1, -6, -22, 330, -550, -3750, 15625], 3.25.ag_aw_ms, 42 
(-10, -3, 7), [1, -6, 14, -90, 350, -3750, 15625], 3.25.ag_o_adm, 98 
(-10, 1, 3), [1, -6, 38, -330, 950, -3750, 15625], 3.25.ag_bm_ams, 102 
(-9, -6, 10), [1, -5, -21, 290, -525, -3125, 15625], 3.25.af_av_le, 55 
(-8, -7, 10), [1, -5, -19, 310, -475, -3125, 15625], 3.25.af_at_ly, 25 
(-10, -4, 9), [1, -5, -11, 110, -275, -3125, 15625], 3.25.af_al_eg, 93 
(-9, -5, 9), [1, -5, -6, 155, -150, -3125, 15625], 3.25.af_ag_fz, 65 
(-10, -2, 7), [1, -5, 11, -110, 275, -3125, 15625], 3.25.af_l_aeg, 103 
(-7, -5, 7), [1, -5, 26, -5, 650, -3125, 15625], 3.25.af_ba_af, 31 
(-10, 1, 4), [1, -5, 29, -290, 725, -3125, 15625], 3.25.af_bd_ale, 103 
(-10, 2, 3), [1, -5, 31, -310, 775, -3125, 15625], 3.25.af_bf_aly, 99 
(-9, -1, 5), [1, -5, 34, -205, 850, -3125, 15625], 3.25.af_bi_ahx, 85 
(-7, -3, 5), [1, -5, 46, -145, 1150, -3125, 15625], 3.25.af_bu_afp, 45 
(-5, -3, 3), [1, -5, 66, -205, 1650, -3125, 15625], 3.25.af_co_ahx, 19 
(-5, -1, 1), [1, -5, 74, -245, 1850, -3125, 15625], 3.25.af_cw_ajl, 25 
(-10, -3, 9), [1, -4, -12, 70, -300, -2500, 15625], 3.25.ae_am_cs, 100 
(-10, 2, 4), [1, -4, 23, -280, 575, -2500, 15625], 3.25.ae_x_aku, 100 
(-9, -4, 10), [1, -3, -19, 210, -475, -1875, 15625], 3.25.ad_at_ic, 75 
(-10, -2, 9), [1, -3, -13, 30, -325, -1875, 15625], 3.25.ad_an_be, 105 
(-7, -6, 10), [1, -3, -13, 270, -325, -1875, 15625], 3.25.ad_an_kk, 23 
(-7, -5, 9), [1, -3, 2, 165, 50, -1875, 15625], 3.25.ad_c_gj, 33 
(-10, 3, 4), [1, -3, 17, -270, 425, -1875, 15625], 3.25.ad_r_akk, 95 
(-9, 1, 5), [1, -3, 26, -195, 650, -1875, 15625], 3.25.ad_ba_ahn, 85 
(-7, -1, 5), [1, -3, 42, -115, 1050, -1875, 15625], 3.25.ad_bq_ael, 53 
(-5, -1, 3), [1, -3, 62, -135, 1550, -1875, 15625], 3.25.ad_ck_aff, 27 
(-5, 1, 1), [1, -3, 66, -155, 1650, -1875, 15625], 3.25.ad_co_afz, 25 
(-9, -3, 10), [1, -2, -18, 170, -450, -1250, 15625], 3.25.ac_as_go, 82 
(-10, 1, 7), [1, -2, 2, -170, 50, -1250, 15625], 3.25.ac_c_ago, 106 
(-9, -2, 10), [1, -1, -17, 130, -425, -625, 15625], 3.25.ab_ar_fa, 87 
(-7, -4, 10), [1, -1, -7, 230, -175, -625, 15625], 3.25.ab_ah_iw, 43 
(-10, 2, 7), [1, -1, -1, -190, -25, -625, 15625], 3.25.ab_ab_ahi, 103 
(-10, 3, 6), [1, -1, 3, -230, 75, -625, 15625], 3.25.ab_d_aiw, 97 
(-9, 3, 5), [1, -1, 18, -185, 450, -625, 15625], 3.25.ab_s_ahd, 77 
(-5, -3, 7), [1, -1, 34, 55, 850, -625, 15625], 3.25.ab_bi_cd, 23 
(-7, 1, 5), [1, -1, 38, -85, 950, -625, 15625], 3.25.ab_bm_adh, 53 
(-3, -3, 5), [1, -1, 54, -5, 1350, -625, 15625], 3.25.ab_cc_af, 5 
(-5, 1, 3), [1, -1, 58, -65, 1450, -625, 15625], 3.25.ab_cg_acn, 27 
(-10, 1, 9), [1, 0, -16, -90, -400, 0, 15625], 3.25.a_aq_adm, 108 
(-9, -1, 10), [1, 0, -16, 90, -400, 0, 15625], 3.25.a_aq_dm, 90 
(-10, 3, 7), [1, 0, -4, -210, -100, 0, 15625], 3.25.a_ae_aic, 98 
(-7, -3, 10), [1, 0, -4, 210, -100, 0, 15625], 3.25.a_ae_ic, 50 
(-10, 4, 6), [1, 0, -1, -240, -25, 0, 15625], 3.25.a_ab_ajg, 90 
(-6, -4, 10), [1, 0, -1, 240, -25, 0, 15625], 3.25.a_ab_jg, 30 
(-10, 2, 9), [1, 1, -17, -130, -425, 625, 15625], 3.25.b_ar_afa, 105 
(-10, 4, 7), [1, 1, -7, -230, -175, 625, 15625], 3.25.b_ah_aiw, 91 
(-7, -2, 10), [1, 1, -1, 190, -25, 625, 15625], 3.25.b_ab_hi, 55 
(-6, -3, 10), [1, 1, 3, 230, 75, 625, 15625], 3.25.b_d_iw, 37 
(-5, -3, 9), [1, 1, 18, 185, 450, 625, 15625], 3.25.b_s_hd, 25 
(-7, 3, 5), [1, 1, 34, -55, 850, 625, 15625], 3.25.b_bi_acd, 45 
(-5, -1, 7), [1, 1, 38, 85, 950, 625, 15625], 3.25.b_bm_dh, 31 
(-5, 3, 3), [1, 1, 54, 5, 1350, 625, 15625], 3.25.b_cc_f, 19 
(-3, -1, 5), [1, 1, 58, 65, 1450, 625, 15625], 3.25.b_cg_cn, 13 
(-10, 3, 9), [1, 2, -18, -170, -450, 1250, 15625], 3.25.c_as_ago, 100 
(-7, -1, 10), [1, 2, 2, 170, 50, 1250, 15625], 3.25.c_c_go, 58 
(-10, 4, 9), [1, 3, -19, -210, -475, 1875, 15625], 3.25.d_at_aic, 93 
(-10, 6, 7), [1, 3, -13, -270, -325, 1875, 15625], 3.25.d_an_akk, 71 
(-9, 2, 10), [1, 3, -13, -30, -325, 1875, 15625], 3.25.d_an_abe, 87 
(-9, 5, 7), [1, 3, 2, -165, 50, 1875, 15625], 3.25.d_c_agj, 63 
(-4, -3, 10), [1, 3, 17, 270, 425, 1875, 15625], 3.25.d_r_kk, 17 
(-5, -1, 9), [1, 3, 26, 195, 650, 1875, 15625], 3.25.d_ba_hn, 33 
(-5, 1, 7), [1, 3, 42, 115, 1050, 1875, 15625], 3.25.d_bq_el, 31 
(-3, 1, 5), [1, 3, 62, 135, 1550, 1875, 15625], 3.25.d_ck_ff, 13 
(-1, -1, 5), [1, 3, 66, 155, 1650, 1875, 15625], 3.25.d_co_fz, 5 
(-9, 3, 10), [1, 4, -12, -70, -300, 2500, 15625], 3.25.e_am_acs, 82 
(-4, -2, 10), [1, 4, 23, 280, 575, 2500, 15625], 3.25.e_x_ku, 22 
(-10, 6, 9), [1, 5, -21, -290, -525, 3125, 15625], 3.25.f_av_ale, 73 
(-10, 7, 8), [1, 5, -19, -310, -475, 3125, 15625], 3.25.f_at_aly, 59 
(-9, 4, 10), [1, 5, -11, -110, -275, 3125, 15625], 3.25.f_al_aeg, 75 
(-9, 5, 9), [1, 5, -6, -155, -150, 3125, 15625], 3.25.f_ag_afz, 65 
(-7, 2, 10), [1, 5, 11, 110, 275, 3125, 15625], 3.25.f_l_eg, 55 
(-7, 5, 7), [1, 5, 26, 5, 650, 3125, 15625], 3.25.f_ba_f, 31 
(-4, -1, 10), [1, 5, 29, 290, 725, 3125, 15625], 3.25.f_bd_le, 25 
(-3, -2, 10), [1, 5, 31, 310, 775, 3125, 15625], 3.25.f_bf_ly, 15 
(-5, 1, 9), [1, 5, 34, 205, 850, 3125, 15625], 3.25.f_bi_hx, 33 
(-5, 3, 7), [1, 5, 46, 145, 1150, 3125, 15625], 3.25.f_bu_fp, 23 
(-3, 3, 5), [1, 5, 66, 205, 1650, 3125, 15625], 3.25.f_co_hx, 5 
(-1, 1, 5), [1, 5, 74, 245, 1850, 3125, 15625], 3.25.f_cw_jl, 5 
(-10, 7, 9), [1, 6, -22, -330, -550, 3750, 15625], 3.25.g_aw_ams, 60 
(-7, 3, 10), [1, 6, 14, 90, 350, 3750, 15625], 3.25.g_o_dm, 50 
(-3, -1, 10), [1, 6, 38, 330, 950, 3750, 15625], 3.25.g_bm_ms, 18 
(-10, 8, 9), [1, 7, -23, -370, -575, 4375, 15625], 3.25.h_ax_aog, 45 
(-9, 6, 10), [1, 7, -9, -190, -225, 4375, 15625], 3.25.h_aj_ahi, 55 
(-7, 4, 10), [1, 7, 17, 70, 425, 4375, 15625], 3.25.h_r_cs, 43 
(-7, 5, 9), [1, 7, 22, 35, 550, 4375, 15625], 3.25.h_w_bj, 33 
(-5, 3, 9), [1, 7, 42, 215, 1050, 4375, 15625], 3.25.h_bq_ih, 25 
(-2, -1, 10), [1, 7, 47, 370, 1175, 4375, 15625], 3.25.h_bv_og, 13 
(-1, 3, 5), [1, 7, 82, 335, 2050, 4375, 15625], 3.25.h_de_mx, -3 
(1, 1, 5), [1, 7, 86, 355, 2150, 4375, 15625], 3.25.h_di_nr, 5 
(-10, 9, 9), [1, 8, -24, -410, -600, 5000, 15625], 3.25.i_ay_apu, 28 
(-9, 7, 10), [1, 8, -8, -230, -200, 5000, 15625], 3.25.i_ai_aiw, 42 
(-1, -1, 10), [1, 8, 56, 410, 1400, 5000, 15625], 3.25.i_ce_pu, 10 
(-9, 8, 10), [1, 9, -7, -270, -175, 5625, 15625], 3.25.j_ah_akk, 27 
(-7, 6, 10), [1, 9, 23, 30, 575, 5625, 15625], 3.25.j_x_be, 23 
(-5, 7, 7), [1, 9, 54, 205, 1350, 5625, 15625], 3.25.j_cc_hx, -17 
(-3, 2, 10), [1, 9, 59, 390, 1475, 5625, 15625], 3.25.j_ch_pa, 15 
(-2, 1, 10), [1, 9, 63, 430, 1575, 5625, 15625], 3.25.j_cl_qo, 13 
(-3, 5, 7), [1, 9, 74, 345, 1850, 5625, 15625], 3.25.j_cw_nh, -9 
(1, 3, 5), [1, 9, 98, 465, 2450, 5625, 15625], 3.25.j_du_rx, -3 
(2, 2, 5), [1, 9, 99, 470, 2475, 5625, 15625], 3.25.j_dv_sc, 5 
(-9, 9, 10), [1, 10, -6, -310, -150, 6250, 15625], 3.25.k_ag_aly, 10 
(-7, 7, 10), [1, 10, 26, 10, 650, 6250, 15625], 3.25.k_ba_k, 10 
(-3, 3, 10), [1, 10, 66, 410, 1650, 6250, 15625], 3.25.k_co_pu, 10 
(-7, 8, 10), [1, 11, 29, -10, 725, 6875, 15625], 3.25.l_bd_ak, -5 
(-5, 7, 9), [1, 11, 58, 235, 1450, 6875, 15625], 3.25.l_cg_jb, -15 
(-3, 4, 10), [1, 11, 73, 430, 1825, 6875, 15625], 3.25.l_cv_qo, 3 
(-3, 5, 9), [1, 11, 78, 415, 1950, 6875, 15625], 3.25.l_da_pz, -7 
(-2, 3, 10), [1, 11, 79, 490, 1975, 6875, 15625], 3.25.l_db_sw, 5 
(-1, 2, 10), [1, 11, 83, 530, 2075, 6875, 15625], 3.25.l_df_uk, 7 
(-1, 5, 7), [1, 11, 98, 515, 2450, 6875, 15625], 3.25.l_du_tv, -17 
(2, 4, 5), [1, 11, 113, 590, 2825, 6875, 15625], 3.25.l_ej_ws, -7 
(3, 3, 5), [1, 11, 114, 595, 2850, 6875, 15625], 3.25.l_ek_wx, 5 
(-7, 9, 10), [1, 12, 32, -30, 800, 7500, 15625], 3.25.m_bg_abe, -22 
(-1, 3, 10), [1, 12, 92, 570, 2300, 7500, 15625], 3.25.m_do_vy, 2 
(3, 4, 5), [1, 12, 122, 660, 3050, 7500, 15625], 3.25.m_es_zk, -2 
(-5, 9, 9), [1, 13, 66, 245, 1650, 8125, 15625], 3.25.n_co_jl, -47 
(-4, 7, 10), [1, 13, 77, 370, 1925, 8125, 15625], 3.25.n_cz_og, -23 
(-3, 6, 10), [1, 13, 87, 470, 2175, 8125, 15625], 3.25.n_dj_sc, -17 
(-1, 4, 10), [1, 13, 101, 610, 2525, 8125, 15625], 3.25.n_dx_xm, -5 
(-1, 5, 9), [1, 13, 106, 605, 2650, 8125, 15625], 3.25.n_ec_xh, -15 
(1, 2, 10), [1, 13, 107, 670, 2675, 8125, 15625], 3.25.n_ed_zu, 7 
(1, 5, 7), [1, 13, 122, 685, 3050, 8125, 15625], 3.25.n_es_baj, -17 
(2, 5, 6), [1, 13, 127, 710, 3175, 8125, 15625], 3.25.n_ex_bbi, -15 
(4, 4, 5), [1, 13, 131, 730, 3275, 8125, 15625], 3.25.n_fb_bcc, 5 
(-3, 7, 10), [1, 14, 94, 490, 2350, 8750, 15625], 3.25.o_dq_sw, -30 
(-4, 9, 10), [1, 15, 89, 390, 2225, 9375, 15625], 3.25.p_dl_pa, -55 
(-3, 8, 10), [1, 15, 101, 510, 2525, 9375, 15625], 3.25.p_dx_tq, -45 
(-1, 6, 10), [1, 15, 119, 690, 2975, 9375, 15625], 3.25.p_ep_bao, -25 
(1, 4, 10), [1, 15, 129, 790, 3225, 9375, 15625], 3.25.p_ez_bek, -5 
(2, 3, 10), [1, 15, 131, 810, 3275, 9375, 15625], 3.25.p_fb_bfe, 5 
(1, 5, 9), [1, 15, 134, 795, 3350, 9375, 15625], 3.25.p_fe_bep, -15 
(3, 5, 7), [1, 15, 146, 855, 3650, 9375, 15625], 3.25.p_fq_bgx, -9 
(4, 5, 6), [1, 15, 149, 870, 3725, 9375, 15625], 3.25.p_ft_bhm, -3 
(-3, 9, 10), [1, 16, 108, 530, 2700, 10000, 15625], 3.25.q_ee_uk, -62 
(-1, 7, 10), [1, 16, 128, 730, 3200, 10000, 15625], 3.25.q_ey_bcc, -38 
(2, 4, 10), [1, 16, 143, 880, 3575, 10000, 15625], 3.25.q_fn_bhw, -2 
(4, 5, 7), [1, 16, 158, 940, 3950, 10000, 15625], 3.25.q_gc_bke, -2 
(-2, 9, 10), [1, 17, 127, 670, 3175, 10625, 15625], 3.25.r_ex_zu, -67 
(-1, 8, 10), [1, 17, 137, 770, 3425, 10625, 15625], 3.25.r_fh_bdq, -53 
(3, 4, 10), [1, 17, 157, 970, 3925, 10625, 15625], 3.25.r_gb_bli, 3 
(3, 5, 9), [1, 17, 162, 985, 4050, 10625, 15625], 3.25.r_gg_blx, -7 
(4, 5, 8), [1, 17, 167, 1010, 4175, 10625, 15625], 3.25.r_gl_bmw, -1 
(5, 6, 6), [1, 17, 171, 1030, 4275, 10625, 15625], 3.25.r_gp_bnq, -5 
(-1, 9, 10), [1, 18, 146, 810, 3650, 11250, 15625], 3.25.s_fq_bfe, -70 
(4, 5, 9), [1, 18, 176, 1080, 4400, 11250, 15625], 3.25.s_gu_bpo, 0 
(5, 6, 7), [1, 18, 182, 1110, 4550, 11250, 15625], 3.25.s_ha_bqs, -4 
(2, 7, 10), [1, 19, 179, 1090, 4475, 11875, 15625], 3.25.t_gx_bpy, -35 
(3, 6, 10), [1, 19, 183, 1130, 4575, 11875, 15625], 3.25.t_hb_brm, -17 
(5, 6, 8), [1, 19, 193, 1190, 4825, 11875, 15625], 3.25.t_hl_btu, -3 
(5, 7, 7), [1, 19, 194, 1195, 4850, 11875, 15625], 3.25.t_hm_btz, -17 
(3, 7, 10), [1, 20, 196, 1210, 4900, 12500, 15625], 3.25.u_ho_buo, -30 
(4, 6, 10), [1, 20, 199, 1240, 4975, 12500, 15625], 3.25.u_hr_bvs, -10 
(5, 6, 9), [1, 20, 204, 1270, 5100, 12500, 15625], 3.25.u_hw_bww, -2 
(5, 7, 8), [1, 20, 206, 1280, 5150, 12500, 15625], 3.25.u_hy_bxg, -16 
(2, 9, 10), [1, 21, 203, 1230, 5075, 13125, 15625], 3.25.v_hv_bvi, -67 
(3, 8, 10), [1, 21, 209, 1290, 5225, 13125, 15625], 3.25.v_ib_bxq, -45 
(4, 7, 10), [1, 21, 213, 1330, 5325, 13125, 15625], 3.25.v_if_bze, -23 
(5, 7, 9), [1, 21, 218, 1365, 5450, 13125, 15625], 3.25.v_ik_can, -15 
(5, 8, 8), [1, 21, 219, 1370, 5475, 13125, 15625], 3.25.v_il_cas, -31 
(3, 9, 10), [1, 22, 222, 1370, 5550, 13750, 15625], 3.25.w_io_cas, -62 
(4, 8, 10), [1, 22, 227, 1420, 5675, 13750, 15625], 3.25.w_it_ccq, -38 
(5, 8, 9), [1, 22, 232, 1460, 5800, 13750, 15625], 3.25.w_iy_cee, -30 
(4, 9, 10), [1, 23, 241, 1510, 6025, 14375, 15625], 3.25.x_jh_cgc, -55 
(5, 9, 9), [1, 23, 246, 1555, 6150, 14375, 15625], 3.25.x_jm_chv, -47 
(6, 7, 10), [1, 23, 247, 1570, 6175, 14375, 15625], 3.25.x_jn_cik, -3 
(6, 8, 10), [1, 24, 263, 1680, 6575, 15000, 15625], 3.25.y_kd_cmq, -18 
(7, 7, 10), [1, 24, 264, 1690, 6600, 15000, 15625], 3.25.y_ke_cna, 10 
(6, 9, 10), [1, 25, 279, 1790, 6975, 15625, 15625], 3.25.z_kt_cqw, -35 
(7, 8, 10), [1, 25, 281, 1810, 7025, 15625, 15625], 3.25.z_kv_crq, -5 
(7, 9, 10), [1, 26, 298, 1930, 7450, 16250, 15625], 3.25.ba_lm_cwg, -22 
(8, 8, 10), [1, 26, 299, 1940, 7475, 16250, 15625], 3.25.ba_ln_cwq, 10 
(8, 9, 10), [1, 27, 317, 2070, 7925, 16875, 15625], 3.25.bb_mf_dbq, -7 
(9, 9, 10), [1, 28, 336, 2210, 8400, 17500, 15625], 3.25.bc_my_dha, 10 
