(-4, -3, -3), [1, -10, 45, -116, 180, -160, 64], 3.4.ak_bt_aem, 4 
(-4, -3, -1), [1, -8, 31, -76, 124, -128, 64], 3.4.ai_bf_acy, 6 
(-3, -3, -2), [1, -8, 33, -82, 132, -128, 64], 3.4.ai_bh_ade, -2 
(-4, -3, 1), [1, -6, 17, -36, 68, -96, 64], 3.4.ag_r_abk, 8 
(-4, -1, -1), [1, -6, 21, -52, 84, -96, 64], 3.4.ag_v_aca, 14 
(-3, -3, 0), [1, -6, 21, -48, 84, -96, 64], 3.4.ag_v_abw, 0 
(-3, -2, -1), [1, -6, 23, -54, 92, -96, 64], 3.4.ag_x_acc, 4 
(-4, -3, 3), [1, -4, 3, 4, 12, -64, 64], 3.4.ae_d_e, 10 
(-3, -3, 2), [1, -4, 9, -14, 36, -64, 64], 3.4.ae_j_ao, 2 
(-4, -1, 1), [1, -4, 11, -28, 44, -64, 64], 3.4.ae_l_abc, 16 
(-3, -2, 1), [1, -4, 13, -26, 52, -64, 64], 3.4.ae_n_aba, 6 
(-3, -1, 0), [1, -4, 15, -32, 60, -64, 64], 3.4.ae_p_abg, 8 
(-2, -1, -1), [1, -4, 17, -34, 68, -64, 64], 3.4.ae_r_abi, 2 
(-3, -3, 4), [1, -2, -3, 20, -12, -32, 64], 3.4.ac_ad_u, 4 
(-4, -1, 3), [1, -2, 1, -4, 4, -32, 64], 3.4.ac_b_ae, 18 
(-3, 0, 1), [1, -2, 9, -16, 36, -32, 64], 3.4.ac_j_aq, 10 
(-2, -1, 1), [1, -2, 11, -14, 44, -32, 64], 3.4.ac_l_ao, 4 
(-1, -1, 0), [1, -2, 13, -16, 52, -32, 64], 3.4.ac_n_aq, 0 
(-4, 1, 3), [1, 0, -1, -12, -4, 0, 64], 3.4.a_ab_am, 18 
(-3, -1, 4), [1, 0, -1, 12, -4, 0, 64], 3.4.a_ab_m, 12 
(-2, 1, 1), [1, 0, 9, -2, 36, 0, 64], 3.4.a_j_ac, 4 
(-1, -1, 2), [1, 0, 9, 2, 36, 0, 64], 3.4.a_j_c, 2 
(-1, 0, 1), [1, 0, 11, 0, 44, 0, 64], 3.4.a_l_a, 2 
(-4, 3, 3), [1, 2, -3, -20, -12, 32, 64], 3.4.c_ad_au, 10 
(-3, 1, 4), [1, 2, 1, 4, 4, 32, 64], 3.4.c_b_e, 12 
(-1, 0, 3), [1, 2, 9, 16, 36, 32, 64], 3.4.c_j_q, 4 
(-1, 1, 2), [1, 2, 11, 14, 44, 32, 64], 3.4.c_l_o, 2 
(0, 1, 1), [1, 2, 13, 16, 52, 32, 64], 3.4.c_n_q, 0 
(-3, 3, 4), [1, 4, 3, -4, 12, 64, 64], 3.4.e_d_ae, 4 
(-2, 3, 3), [1, 4, 9, 14, 36, 64, 64], 3.4.e_j_o, -2 
(-1, 1, 4), [1, 4, 11, 28, 44, 64, 64], 3.4.e_l_bc, 4 
(-1, 2, 3), [1, 4, 13, 26, 52, 64, 64], 3.4.e_n_ba, 0 
(0, 1, 3), [1, 4, 15, 32, 60, 64, 64], 3.4.e_p_bg, 2 
(1, 1, 2), [1, 4, 17, 34, 68, 64, 64], 3.4.e_r_bi, 2 
(-1, 3, 4), [1, 6, 17, 36, 68, 96, 64], 3.4.g_r_bk, -4 
(0, 3, 3), [1, 6, 21, 48, 84, 96, 64], 3.4.g_v_bw, -6 
(1, 1, 4), [1, 6, 21, 52, 84, 96, 64], 3.4.g_v_ca, 4 
(1, 2, 3), [1, 6, 23, 54, 92, 96, 64], 3.4.g_x_cc, 0 
(1, 3, 4), [1, 8, 31, 76, 124, 128, 64], 3.4.i_bf_cy, -4 
(2, 3, 3), [1, 8, 33, 82, 132, 128, 64], 3.4.i_bh_de, -2 
(3, 3, 4), [1, 10, 45, 116, 180, 160, 64], 3.4.k_bt_em, 4 
