(-7, -7, 0), [1, -14, 88, -364, 1144, -2366, 2197], 3.13.ao_dk_aoa, 0 
(-4, -3, 0), [1, -7, 51, -182, 663, -1183, 2197], 3.13.ah_bz_aha, 7 
(-4, -1, 0), [1, -5, 43, -130, 559, -845, 2197], 3.13.af_br_afa, 15 
(-3, -2, 0), [1, -5, 45, -130, 585, -845, 2197], 3.13.af_bt_afa, 5 
(-2, -2, 0), [1, -4, 43, -104, 559, -676, 2197], 3.13.ae_br_aea, 0 
(-2, -1, 0), [1, -3, 41, -78, 533, -507, 2197], 3.13.ad_bp_ada, 3 
(-1, -1, 0), [1, -2, 40, -52, 520, -338, 2197], 3.13.ac_bo_aca, 0 
(-2, 0, 1), [1, -1, 37, -26, 481, -169, 2197], 3.13.ab_bl_aba, 5 
(-1, 0, 1), [1, 0, 38, 0, 494, 0, 2197], 3.13.a_bm_a, 2 
(-1, 0, 2), [1, 1, 37, 26, 481, 169, 2197], 3.13.b_bl_ba, 3 
(0, 1, 1), [1, 2, 40, 52, 520, 338, 2197], 3.13.c_bo_ca, 0 
(0, 1, 2), [1, 3, 41, 78, 533, 507, 2197], 3.13.d_bp_da, 1 
(0, 2, 2), [1, 4, 43, 104, 559, 676, 2197], 3.13.e_br_ea, -2 
(0, 1, 4), [1, 5, 43, 130, 559, 845, 2197], 3.13.f_br_fa, 3 
(0, 2, 3), [1, 5, 45, 130, 585, 845, 2197], 3.13.f_bt_fa, -1 
(0, 3, 4), [1, 7, 51, 182, 663, 1183, 2197], 3.13.h_bz_ha, -5 
(0, 7, 7), [1, 14, 88, 364, 1144, 2366, 2197], 3.13.o_dk_oa, -42 
