(-5, -4, 8), [1, -9, 36, -104, 288, -576, 512], 3.8.aj_bk_aea 
(-4, -3, 4), [1, -7, 24, -64, 192, -448, 512], 3.8.ah_y_acm 
(-3, -4, 8), [1, -7, 28, -88, 224, -448, 512], 3.8.ah_bc_adk 
(0, -7, 24), [1, -7, 32, -112, 256, -448, 512], 3.8.ah_bg_aei 
(-4, -1, -8), [1, -5, 4, 16, 32, -320, 512], 3.8.af_e_q 
(-5, 0, 8), [1, -5, 16, -40, 128, -320, 512], 3.8.af_q_abo 
(-1, -4, 8), [1, -5, 20, -72, 160, -320, 512], 3.8.af_u_acu 
(-4, -1, 12), [1, -5, 24, -64, 192, -320, 512], 3.8.af_y_acm 
(-3, 0, -8), [1, -3, 0, 24, 0, -192, 512], 3.8.ad_a_y 
(4, -7, 24), [1, -3, 4, -16, 32, -192, 512], 3.8.ad_e_aq 
(1, -4, 8), [1, -3, 12, -56, 96, -192, 512], 3.8.ad_m_ace 
(0, -3, 4), [1, -3, 12, -48, 96, -192, 512], 3.8.ad_m_abw 
(-4, 1, 8), [1, -3, 12, -16, 96, -192, 512], 3.8.ad_m_aq 
(0, -3, 8), [1, -3, 16, -48, 128, -192, 512], 3.8.ad_q_abw 
(-4, 1, 12), [1, -3, 16, -32, 128, -192, 512], 3.8.ad_q_abg 
(-5, 4, 8), [1, -1, -4, 24, -32, -64, 512], 3.8.ab_ae_y 
(0, -1, -8), [1, -1, 0, -16, 0, -64, 512], 3.8.ab_a_aq 
(-1, 0, -8), [1, -1, 0, 8, 0, -64, 512], 3.8.ab_a_i 
(-4, 3, 4), [1, -1, 0, 32, 0, -64, 512], 3.8.ab_a_bg 
(3, -4, 8), [1, -1, 4, -40, 32, -64, 512], 3.8.ab_e_abo 
(-4, 3, 8), [1, -1, 4, 16, 32, -64, 512], 3.8.ab_e_q 
(0, -1, 0), [1, -1, 8, -16, 64, -64, 512], 3.8.ab_i_aq 
(0, -1, 8), [1, -1, 16, -16, 128, -64, 512], 3.8.ab_q_aq 
(-1, 0, 8), [1, -1, 16, -8, 128, -64, 512], 3.8.ab_q_ai 
(5, -4, 8), [1, 1, -4, -24, -32, 64, 512], 3.8.b_ae_ay 
(4, -3, 4), [1, 1, 0, -32, 0, 64, 512], 3.8.b_a_abg 
(1, 0, -8), [1, 1, 0, -8, 0, 64, 512], 3.8.b_a_ai 
(0, 1, -8), [1, 1, 0, 16, 0, 64, 512], 3.8.b_a_q 
(4, -3, 8), [1, 1, 4, -16, 32, 64, 512], 3.8.b_e_aq 
(-3, 4, 8), [1, 1, 4, 40, 32, 64, 512], 3.8.b_e_bo 
(0, 1, 0), [1, 1, 8, 16, 64, 64, 512], 3.8.b_i_q 
(1, 0, 8), [1, 1, 16, 8, 128, 64, 512], 3.8.b_q_i 
(0, 1, 8), [1, 1, 16, 16, 128, 64, 512], 3.8.b_q_q 
(3, 0, -8), [1, 3, 0, -24, 0, 192, 512], 3.8.d_a_ay 
(-4, 7, 24), [1, 3, 4, 16, 32, 192, 512], 3.8.d_e_q 
(4, -1, 8), [1, 3, 12, 16, 96, 192, 512], 3.8.d_m_q 
(0, 3, 4), [1, 3, 12, 48, 96, 192, 512], 3.8.d_m_bw 
(-1, 4, 8), [1, 3, 12, 56, 96, 192, 512], 3.8.d_m_ce 
(4, -1, 12), [1, 3, 16, 32, 128, 192, 512], 3.8.d_q_bg 
(0, 3, 8), [1, 3, 16, 48, 128, 192, 512], 3.8.d_q_bw 
(4, 1, -8), [1, 5, 4, -16, 32, 320, 512], 3.8.f_e_aq 
(5, 0, 8), [1, 5, 16, 40, 128, 320, 512], 3.8.f_q_bo 
(1, 4, 8), [1, 5, 20, 72, 160, 320, 512], 3.8.f_u_cu 
(4, 1, 12), [1, 5, 24, 64, 192, 320, 512], 3.8.f_y_cm 
(4, 3, 4), [1, 7, 24, 64, 192, 448, 512], 3.8.h_y_cm 
(3, 4, 8), [1, 7, 28, 88, 224, 448, 512], 3.8.h_bc_dk 
(0, 7, 24), [1, 7, 32, 112, 256, 448, 512], 3.8.h_bg_ei 
(5, 4, 8), [1, 9, 36, 104, 288, 576, 512], 3.8.j_bk_ea 
