(0, -14, 92), [1, -14, 115, -644, 2645, -7406, 12167], 3.23.ao_el_ayu 
(0, -11, 69), [1, -11, 92, -506, 2116, -5819, 12167], 3.23.al_do_atm 
(0, -10, 69), [1, -10, 92, -460, 2116, -5290, 12167], 3.23.ak_do_ars 
(-9, 0, 0), [1, -9, 23, 0, 529, -4761, 12167], 3.23.aj_x_a 
(-8, 0, -46), [1, -8, -23, 368, -529, -4232, 12167], 3.23.ai_ax_oe 
(-8, 0, -23), [1, -8, 0, 184, 0, -4232, 12167], 3.23.ai_a_hc 
(-8, 0, 0), [1, -8, 23, 0, 529, -4232, 12167], 3.23.ai_x_a 
(-8, 0, 23), [1, -8, 46, -184, 1058, -4232, 12167], 3.23.ai_bu_ahc 
(0, -7, 23), [1, -7, 46, -322, 1058, -3703, 12167], 3.23.ah_bu_amk 
(-6, 0, -23), [1, -6, 0, 138, 0, -3174, 12167], 3.23.ag_a_fi 
(-6, 0, 0), [1, -6, 23, 0, 529, -3174, 12167], 3.23.ag_x_a 
(0, -6, 23), [1, -6, 46, -276, 1058, -3174, 12167], 3.23.ag_bu_akq 
(-6, 0, 23), [1, -6, 46, -138, 1058, -3174, 12167], 3.23.ag_bu_afi 
(-5, 0, 0), [1, -5, 23, 0, 529, -2645, 12167], 3.23.af_x_a 
(0, -5, 23), [1, -5, 46, -230, 1058, -2645, 12167], 3.23.af_bu_aiw 
(-4, 0, -23), [1, -4, 0, 92, 0, -2116, 12167], 3.23.ae_a_do 
(0, -4, 0), [1, -4, 23, -184, 529, -2116, 12167], 3.23.ae_x_ahc 
(-4, 0, 0), [1, -4, 23, 0, 529, -2116, 12167], 3.23.ae_x_a 
(0, -4, 23), [1, -4, 46, -184, 1058, -2116, 12167], 3.23.ae_bu_ahc 
(-4, 0, 23), [1, -4, 46, -92, 1058, -2116, 12167], 3.23.ae_bu_ado 
(0, -3, 0), [1, -3, 23, -138, 529, -1587, 12167], 3.23.ad_x_afi 
(-3, 0, 0), [1, -3, 23, 0, 529, -1587, 12167], 3.23.ad_x_a 
(0, -3, 23), [1, -3, 46, -138, 1058, -1587, 12167], 3.23.ad_bu_afi 
(0, -2, -23), [1, -2, 0, -92, 0, -1058, 12167], 3.23.ac_a_ado 
(-2, 0, -23), [1, -2, 0, 46, 0, -1058, 12167], 3.23.ac_a_bu 
(0, -2, 0), [1, -2, 23, -92, 529, -1058, 12167], 3.23.ac_x_ado 
(-2, 0, 0), [1, -2, 23, 0, 529, -1058, 12167], 3.23.ac_x_a 
(0, -2, 23), [1, -2, 46, -92, 1058, -1058, 12167], 3.23.ac_bu_ado 
(-2, 0, 23), [1, -2, 46, -46, 1058, -1058, 12167], 3.23.ac_bu_abu 
(0, -1, -23), [1, -1, 0, -46, 0, -529, 12167], 3.23.ab_a_abu 
(0, -1, 0), [1, -1, 23, -46, 529, -529, 12167], 3.23.ab_x_abu 
(-1, 0, 0), [1, -1, 23, 0, 529, -529, 12167], 3.23.ab_x_a 
(0, -1, 23), [1, -1, 46, -46, 1058, -529, 12167], 3.23.ab_bu_abu 
(0, 1, -23), [1, 1, 0, 46, 0, 529, 12167], 3.23.b_a_bu 
(1, 0, 0), [1, 1, 23, 0, 529, 529, 12167], 3.23.b_x_a 
(0, 1, 0), [1, 1, 23, 46, 529, 529, 12167], 3.23.b_x_bu 
(0, 1, 23), [1, 1, 46, 46, 1058, 529, 12167], 3.23.b_bu_bu 
(2, 0, -23), [1, 2, 0, -46, 0, 1058, 12167], 3.23.c_a_abu 
(0, 2, -23), [1, 2, 0, 92, 0, 1058, 12167], 3.23.c_a_do 
(2, 0, 0), [1, 2, 23, 0, 529, 1058, 12167], 3.23.c_x_a 
(0, 2, 0), [1, 2, 23, 92, 529, 1058, 12167], 3.23.c_x_do 
(2, 0, 23), [1, 2, 46, 46, 1058, 1058, 12167], 3.23.c_bu_bu 
(0, 2, 23), [1, 2, 46, 92, 1058, 1058, 12167], 3.23.c_bu_do 
(3, 0, 0), [1, 3, 23, 0, 529, 1587, 12167], 3.23.d_x_a 
(0, 3, 0), [1, 3, 23, 138, 529, 1587, 12167], 3.23.d_x_fi 
(0, 3, 23), [1, 3, 46, 138, 1058, 1587, 12167], 3.23.d_bu_fi 
(4, 0, -23), [1, 4, 0, -92, 0, 2116, 12167], 3.23.e_a_ado 
(4, 0, 0), [1, 4, 23, 0, 529, 2116, 12167], 3.23.e_x_a 
(0, 4, 0), [1, 4, 23, 184, 529, 2116, 12167], 3.23.e_x_hc 
(4, 0, 23), [1, 4, 46, 92, 1058, 2116, 12167], 3.23.e_bu_do 
(0, 4, 23), [1, 4, 46, 184, 1058, 2116, 12167], 3.23.e_bu_hc 
(5, 0, 0), [1, 5, 23, 0, 529, 2645, 12167], 3.23.f_x_a 
(0, 5, 23), [1, 5, 46, 230, 1058, 2645, 12167], 3.23.f_bu_iw 
(6, 0, -23), [1, 6, 0, -138, 0, 3174, 12167], 3.23.g_a_afi 
(6, 0, 0), [1, 6, 23, 0, 529, 3174, 12167], 3.23.g_x_a 
(6, 0, 23), [1, 6, 46, 138, 1058, 3174, 12167], 3.23.g_bu_fi 
(0, 6, 23), [1, 6, 46, 276, 1058, 3174, 12167], 3.23.g_bu_kq 
(0, 7, 23), [1, 7, 46, 322, 1058, 3703, 12167], 3.23.h_bu_mk 
(8, 0, -46), [1, 8, -23, -368, -529, 4232, 12167], 3.23.i_ax_aoe 
(8, 0, -23), [1, 8, 0, -184, 0, 4232, 12167], 3.23.i_a_ahc 
(8, 0, 0), [1, 8, 23, 0, 529, 4232, 12167], 3.23.i_x_a 
(8, 0, 23), [1, 8, 46, 184, 1058, 4232, 12167], 3.23.i_bu_hc 
(9, 0, 0), [1, 9, 23, 0, 529, 4761, 12167], 3.23.j_x_a 
(0, 10, 69), [1, 10, 92, 460, 2116, 5290, 12167], 3.23.k_do_rs 
(0, 11, 69), [1, 11, 92, 506, 2116, 5819, 12167], 3.23.l_do_tm 
(0, 14, 92), [1, 14, 115, 644, 2645, 7406, 12167], 3.23.o_el_yu 
