(-8, 0, 0), [1, -8, 51, -272, 867, -2312, 4913], 3.17.ai_bz_akm 
(-7, 0, 0), [1, -7, 51, -238, 867, -2023, 4913], 3.17.ah_bz_aje 
(-6, 0, 0), [1, -6, 51, -204, 867, -1734, 4913], 3.17.ag_bz_ahw 
(-5, 0, 0), [1, -5, 51, -170, 867, -1445, 4913], 3.17.af_bz_ago 
(-4, 0, 0), [1, -4, 51, -136, 867, -1156, 4913], 3.17.ae_bz_afg 
(-2, 0, 0), [1, -2, 51, -68, 867, -578, 4913], 3.17.ac_bz_acq 
(0, 0, 2), [1, 2, 51, 68, 867, 578, 4913], 3.17.c_bz_cq 
(0, 0, 4), [1, 4, 51, 136, 867, 1156, 4913], 3.17.e_bz_fg 
(0, 0, 5), [1, 5, 51, 170, 867, 1445, 4913], 3.17.f_bz_go 
(0, 0, 6), [1, 6, 51, 204, 867, 1734, 4913], 3.17.g_bz_hw 
(0, 0, 7), [1, 7, 51, 238, 867, 2023, 4913], 3.17.h_bz_je 
(0, 0, 8), [1, 8, 51, 272, 867, 2312, 4913], 3.17.i_bz_km 
