(-7, 0, 0), [1, -7, 39, -182, 507, -1183, 2197], 3.13.ah_bn_aha 
(-6, 0, 0), [1, -6, 39, -156, 507, -1014, 2197], 3.13.ag_bn_aga 
(-5, 0, 0), [1, -5, 39, -130, 507, -845, 2197], 3.13.af_bn_afa 
(-4, 0, 0), [1, -4, 39, -104, 507, -676, 2197], 3.13.ae_bn_aea 
(-2, 0, 0), [1, -2, 39, -52, 507, -338, 2197], 3.13.ac_bn_aca 
(0, 0, 2), [1, 2, 39, 52, 507, 338, 2197], 3.13.c_bn_ca 
(0, 0, 4), [1, 4, 39, 104, 507, 676, 2197], 3.13.e_bn_ea 
(0, 0, 5), [1, 5, 39, 130, 507, 845, 2197], 3.13.f_bn_fa 
(0, 0, 6), [1, 6, 39, 156, 507, 1014, 2197], 3.13.g_bn_ga 
(0, 0, 7), [1, 7, 39, 182, 507, 1183, 2197], 3.13.h_bn_ha 
