(-4, -4, -3), [1, -11, 52, -136, 208, -176, 64], 3.4.al_ca_afg 
(-4, -4, -1), [1, -9, 36, -88, 144, -144, 64], 3.4.aj_bk_adk 
(-4, -3, -2), [1, -9, 38, -96, 152, -144, 64], 3.4.aj_bm_ads 
(-4, -4, 1), [1, -7, 20, -40, 80, -112, 64], 3.4.ah_u_abo 
(-4, -3, 0), [1, -7, 24, -56, 96, -112, 64], 3.4.ah_y_ace 
(-4, -2, -1), [1, -7, 26, -64, 104, -112, 64], 3.4.ah_ba_acm 
(-3, -2, -2), [1, -7, 28, -68, 112, -112, 64], 3.4.ah_bc_acq 
(-4, -4, 3), [1, -5, 4, 8, 16, -80, 64], 3.4.af_e_i 
(-4, -3, 2), [1, -5, 10, -16, 40, -80, 64], 3.4.af_k_aq 
(-4, -2, 1), [1, -5, 14, -32, 56, -80, 64], 3.4.af_o_abg 
(-4, -1, 0), [1, -5, 16, -40, 64, -80, 64], 3.4.af_q_abo 
(-3, -2, 0), [1, -5, 18, -40, 72, -80, 64], 3.4.af_s_abo 
(-2, -2, -1), [1, -5, 20, -44, 80, -80, 64], 3.4.af_u_abs 
(-4, -3, 4), [1, -3, -4, 24, -16, -48, 64], 3.4.ad_ae_y 
(-4, -2, 3), [1, -3, 2, 0, 8, -48, 64], 3.4.ad_c_a 
(-4, 0, 1), [1, -3, 8, -24, 32, -48, 64], 3.4.ad_i_ay 
(-2, -1, 0), [1, -3, 14, -24, 56, -48, 64], 3.4.ad_o_ay 
(-4, -1, 4), [1, -1, -4, 8, -16, -16, 64], 3.4.ab_ae_i 
(-3, -2, 4), [1, -1, -2, 16, -8, -16, 64], 3.4.ab_ac_q 
(-4, 0, 3), [1, -1, 0, -8, 0, -16, 64], 3.4.ab_a_ai 
(-4, 1, 2), [1, -1, 2, -16, 8, -16, 64], 3.4.ab_c_aq 
(-2, 0, 1), [1, -1, 10, -8, 40, -16, 64], 3.4.ab_k_ai 
(-1, 0, 0), [1, -1, 12, -8, 48, -16, 64], 3.4.ab_m_ai 
(-4, 1, 4), [1, 1, -4, -8, -16, 16, 64], 3.4.b_ae_ai 
(-4, 2, 3), [1, 1, -2, -16, -8, 16, 64], 3.4.b_ac_aq 
(-3, 0, 4), [1, 1, 0, 8, 0, 16, 64], 3.4.b_a_i 
(-2, -1, 4), [1, 1, 2, 16, 8, 16, 64], 3.4.b_c_q 
(-1, 0, 2), [1, 1, 10, 8, 40, 16, 64], 3.4.b_k_i 
(0, 0, 1), [1, 1, 12, 8, 48, 16, 64], 3.4.b_m_i 
(-4, 3, 4), [1, 3, -4, -24, -16, 48, 64], 3.4.d_ae_ay 
(-3, 2, 4), [1, 3, 2, 0, 8, 48, 64], 3.4.d_c_a 
(-1, 0, 4), [1, 3, 8, 24, 32, 48, 64], 3.4.d_i_y 
(0, 1, 2), [1, 3, 14, 24, 56, 48, 64], 3.4.d_o_y 
(-3, 4, 4), [1, 5, 4, -8, 16, 80, 64], 3.4.f_e_ai 
(-2, 3, 4), [1, 5, 10, 16, 40, 80, 64], 3.4.f_k_q 
(-1, 2, 4), [1, 5, 14, 32, 56, 80, 64], 3.4.f_o_bg 
(0, 1, 4), [1, 5, 16, 40, 64, 80, 64], 3.4.f_q_bo 
(0, 2, 3), [1, 5, 18, 40, 72, 80, 64], 3.4.f_s_bo 
(1, 2, 2), [1, 5, 20, 44, 80, 80, 64], 3.4.f_u_bs 
(-1, 4, 4), [1, 7, 20, 40, 80, 112, 64], 3.4.h_u_bo 
(0, 3, 4), [1, 7, 24, 56, 96, 112, 64], 3.4.h_y_ce 
(1, 2, 4), [1, 7, 26, 64, 104, 112, 64], 3.4.h_ba_cm 
(2, 2, 3), [1, 7, 28, 68, 112, 112, 64], 3.4.h_bc_cq 
(1, 4, 4), [1, 9, 36, 88, 144, 144, 64], 3.4.j_bk_dk 
(2, 3, 4), [1, 9, 38, 96, 152, 144, 64], 3.4.j_bm_ds 
(3, 4, 4), [1, 11, 52, 136, 208, 176, 64], 3.4.l_ca_fg 
