(-6, -5, 3), [1, -8, 24, -54, 216, -648, 729], 3.9.ai_y_acc 
(-6, -4, 3), [1, -7, 21, -54, 189, -567, 729], 3.9.ah_v_acc 
(-6, -2, 3), [1, -5, 15, -54, 135, -405, 729], 3.9.af_p_acc 
(-5, 0, 0), [1, -5, 27, -90, 243, -405, 729], 3.9.af_bb_adm 
(-6, -1, 3), [1, -4, 12, -54, 108, -324, 729], 3.9.ae_m_acc 
(-3, -3, 2), [1, -4, 24, -54, 216, -324, 729], 3.9.ae_y_acc 
(-4, 0, 0), [1, -4, 27, -72, 243, -324, 729], 3.9.ae_bb_acu 
(-5, -3, 6), [1, -2, -6, 54, -54, -162, 729], 3.9.ac_ag_cc 
(-6, 1, 3), [1, -2, 6, -54, 54, -162, 729], 3.9.ac_g_acc 
(-3, -3, 4), [1, -2, 12, 0, 108, -162, 729], 3.9.ac_m_a 
(-2, 0, 0), [1, -2, 27, -36, 243, -162, 729], 3.9.ac_bb_abk 
(-6, 3, 5), [1, 2, -6, -54, -54, 162, 729], 3.9.c_ag_acc 
(-3, -1, 6), [1, 2, 6, 54, 54, 162, 729], 3.9.c_g_cc 
(-4, 3, 3), [1, 2, 12, 0, 108, 162, 729], 3.9.c_m_a 
(0, 0, 2), [1, 2, 27, 36, 243, 162, 729], 3.9.c_bb_bk 
(-3, 1, 6), [1, 4, 12, 54, 108, 324, 729], 3.9.e_m_cc 
(-2, 3, 3), [1, 4, 24, 54, 216, 324, 729], 3.9.e_y_cc 
(0, 0, 4), [1, 4, 27, 72, 243, 324, 729], 3.9.e_bb_cu 
(-3, 2, 6), [1, 5, 15, 54, 135, 405, 729], 3.9.f_p_cc 
(0, 0, 5), [1, 5, 27, 90, 243, 405, 729], 3.9.f_bb_dm 
(-3, 4, 6), [1, 7, 21, 54, 189, 567, 729], 3.9.h_v_cc 
(-3, 5, 6), [1, 8, 24, 54, 216, 648, 729], 3.9.i_y_cc 
