(-5, -9, 39), [1, -14, 97, -429, 1261, -2366, 2197], 3.13.ao_dt_aqn 
(-4, -9, 39), [1, -13, 88, -390, 1144, -2197, 2197], 3.13.an_dk_apa 
(-3, -9, 39), [1, -12, 79, -351, 1027, -2028, 2197], 3.13.am_db_ann 
(-4, -8, 39), [1, -12, 84, -364, 1092, -2028, 2197], 3.13.am_dg_aoa 
(0, -11, 55), [1, -11, 68, -286, 884, -1859, 2197], 3.13.al_cq_ala 
(-1, -9, 39), [1, -10, 61, -273, 793, -1690, 2197], 3.13.ak_cj_akn 
(-7, -1, -13), [1, -8, 7, 65, 91, -1352, 2197], 3.13.ai_h_cn 
(-5, -3, 13), [1, -8, 41, -143, 533, -1352, 2197], 3.13.ai_bp_afn 
(1, -9, 39), [1, -8, 43, -195, 559, -1352, 2197], 3.13.ai_br_ahn 
(-6, -1, 0), [1, -7, 19, -26, 247, -1183, 2197], 3.13.ah_t_aba 
(-7, 1, -13), [1, -6, -7, 117, -91, -1014, 2197], 3.13.ag_ah_en 
(-6, 1, -13), [1, -5, -6, 104, -78, -845, 2197], 3.13.af_ag_ea 
(-5, 1, -13), [1, -4, -5, 91, -65, -676, 2197], 3.13.ae_af_dn 
(0, -4, 3), [1, -4, 16, -104, 208, -676, 2197], 3.13.ae_q_aea 
(0, -4, 24), [1, -4, 37, -104, 481, -676, 2197], 3.13.ae_bl_aea 
(7, -9, 39), [1, -2, -11, 39, -143, -338, 2197], 3.13.ac_al_bn 
(-4, 3, 0), [1, -1, 1, 78, 13, -169, 2197], 3.13.ab_b_da 
(2, -3, 13), [1, -1, 20, -52, 260, -169, 2197], 3.13.ab_u_aca 
(0, 0, -1), [1, 0, 12, 0, 156, 0, 2197], 3.13.a_m_a 
(0, 0, 23), [1, 0, 36, 0, 468, 0, 2197], 3.13.a_bk_a 
(0, 0, 24), [1, 0, 37, 0, 481, 0, 2197], 3.13.a_bl_a 
(4, -3, 0), [1, 1, 1, -78, 13, 169, 2197], 3.13.b_b_ada 
(-2, 3, 13), [1, 1, 20, 52, 260, 169, 2197], 3.13.b_u_ca 
(-7, 9, 39), [1, 2, -11, -39, -143, 338, 2197], 3.13.c_al_abn 
(5, -1, -13), [1, 4, -5, -91, -65, 676, 2197], 3.13.e_af_adn 
(0, 4, 3), [1, 4, 16, 104, 208, 676, 2197], 3.13.e_q_ea 
(0, 4, 24), [1, 4, 37, 104, 481, 676, 2197], 3.13.e_bl_ea 
(6, -1, -13), [1, 5, -6, -104, -78, 845, 2197], 3.13.f_ag_aea 
(7, -1, -13), [1, 6, -7, -117, -91, 1014, 2197], 3.13.g_ah_aen 
(6, 1, 0), [1, 7, 19, 26, 247, 1183, 2197], 3.13.h_t_ba 
(7, 1, -13), [1, 8, 7, -65, 91, 1352, 2197], 3.13.i_h_acn 
(5, 3, 13), [1, 8, 41, 143, 533, 1352, 2197], 3.13.i_bp_fn 
(-1, 9, 39), [1, 8, 43, 195, 559, 1352, 2197], 3.13.i_br_hn 
(1, 9, 39), [1, 10, 61, 273, 793, 1690, 2197], 3.13.k_cj_kn 
(0, 11, 55), [1, 11, 68, 286, 884, 1859, 2197], 3.13.l_cq_la 
(3, 9, 39), [1, 12, 79, 351, 1027, 2028, 2197], 3.13.m_db_nn 
(4, 8, 39), [1, 12, 84, 364, 1092, 2028, 2197], 3.13.m_dg_oa 
(4, 9, 39), [1, 13, 88, 390, 1144, 2197, 2197], 3.13.n_dk_pa 
(5, 9, 39), [1, 14, 97, 429, 1261, 2366, 2197], 3.13.o_dt_qn 
