(-7, -9, 39), [1, -16, 115, -507, 1495, -2704, 2197], 3.13.aq_el_atn 
(-6, -9, 39), [1, -15, 106, -468, 1378, -2535, 2197], 3.13.ap_ec_asa 
(-7, -8, 39), [1, -15, 108, -481, 1404, -2535, 2197], 3.13.ap_ee_asn 
(-5, -9, 39), [1, -14, 97, -429, 1261, -2366, 2197], 3.13.ao_dt_aqn 
(-6, -8, 39), [1, -14, 100, -442, 1300, -2366, 2197], 3.13.ao_dw_ara 
(-4, -9, 39), [1, -13, 88, -390, 1144, -2197, 2197], 3.13.an_dk_apa 
(-5, -8, 39), [1, -13, 92, -403, 1196, -2197, 2197], 3.13.an_do_apn 
(-7, -5, 13), [1, -12, 61, -221, 793, -2028, 2197], 3.13.am_cj_ain 
(-3, -9, 39), [1, -12, 79, -351, 1027, -2028, 2197], 3.13.am_db_ann 
(-4, -8, 39), [1, -12, 84, -364, 1092, -2028, 2197], 3.13.am_dg_aoa 
(-7, -4, 13), [1, -11, 54, -195, 702, -1859, 2197], 3.13.al_cc_ahn 
(0, -11, 55), [1, -11, 68, -286, 884, -1859, 2197], 3.13.al_cq_ala 
(-2, -9, 39), [1, -11, 70, -312, 910, -1859, 2197], 3.13.al_cs_ama 
(-3, -8, 39), [1, -11, 76, -325, 988, -1859, 2197], 3.13.al_cy_amn 
(-6, -4, 13), [1, -10, 50, -182, 650, -1690, 2197], 3.13.ak_by_aha 
(-1, -9, 39), [1, -10, 61, -273, 793, -1690, 2197], 3.13.ak_cj_akn 
(-2, -8, 39), [1, -10, 68, -286, 884, -1690, 2197], 3.13.ak_cq_ala 
(-7, -2, 13), [1, -9, 40, -143, 520, -1521, 2197], 3.13.aj_bo_afn 
(-5, -4, 13), [1, -9, 46, -169, 598, -1521, 2197], 3.13.aj_bu_agn 
(-1, -8, 39), [1, -9, 60, -247, 780, -1521, 2197], 3.13.aj_ci_ajn 
(-7, -1, -13), [1, -8, 7, 65, 91, -1352, 2197], 3.13.ai_h_cn 
(-5, -3, 13), [1, -8, 41, -143, 533, -1352, 2197], 3.13.ai_bp_afn 
(1, -9, 39), [1, -8, 43, -195, 559, -1352, 2197], 3.13.ai_br_ahn 
(-6, -1, 0), [1, -7, 19, -26, 247, -1183, 2197], 3.13.ah_t_aba 
(-5, -2, 13), [1, -7, 36, -117, 468, -1183, 2197], 3.13.ah_bk_aen 
(0, -7, 25), [1, -7, 38, -182, 494, -1183, 2197], 3.13.ah_bm_aha 
(-3, -4, 13), [1, -7, 38, -143, 494, -1183, 2197], 3.13.ah_bm_afn 
(0, -7, 27), [1, -7, 40, -182, 520, -1183, 2197], 3.13.ah_bo_aha 
(0, -7, 28), [1, -7, 41, -182, 533, -1183, 2197], 3.13.ah_bp_aha 
(0, -7, 29), [1, -7, 42, -182, 546, -1183, 2197], 3.13.ah_bq_aha 
(1, -8, 39), [1, -7, 44, -169, 572, -1183, 2197], 3.13.ah_bs_agn 
(-7, 1, -13), [1, -6, -7, 117, -91, -1014, 2197], 3.13.ag_ah_en 
(0, -6, 25), [1, -6, 38, -156, 494, -1014, 2197], 3.13.ag_bm_aga 
(0, -6, 27), [1, -6, 40, -156, 520, -1014, 2197], 3.13.ag_bo_aga 
(-6, 1, -13), [1, -5, -6, 104, -78, -845, 2197], 3.13.af_ag_ea 
(-7, 2, 13), [1, -5, 12, -39, 156, -845, 2197], 3.13.af_m_abn 
(3, -8, 39), [1, -5, 28, -91, 364, -845, 2197], 3.13.af_bc_adn 
(-1, -4, 13), [1, -5, 30, -117, 390, -845, 2197], 3.13.af_be_aen 
(-4, -1, 13), [1, -5, 30, -78, 390, -845, 2197], 3.13.af_be_ada 
(-3, -2, 13), [1, -5, 32, -91, 416, -845, 2197], 3.13.af_bg_adn 
(0, -5, 23), [1, -5, 36, -130, 468, -845, 2197], 3.13.af_bk_afa 
(0, -5, 24), [1, -5, 37, -130, 481, -845, 2197], 3.13.af_bl_afa 
(0, -5, 25), [1, -5, 38, -130, 494, -845, 2197], 3.13.af_bm_afa 
(0, -5, 27), [1, -5, 40, -130, 520, -845, 2197], 3.13.af_bo_afa 
(0, -5, 28), [1, -5, 41, -130, 533, -845, 2197], 3.13.af_bp_afa 
(0, -5, 29), [1, -5, 42, -130, 546, -845, 2197], 3.13.af_bq_afa 
(-5, 1, -13), [1, -4, -5, 91, -65, -676, 2197], 3.13.ae_af_dn 
(0, -4, 3), [1, -4, 16, -104, 208, -676, 2197], 3.13.ae_q_aea 
(0, -4, 24), [1, -4, 37, -104, 481, -676, 2197], 3.13.ae_bl_aea 
(0, -4, 25), [1, -4, 38, -104, 494, -676, 2197], 3.13.ae_bm_aea 
(0, -4, 27), [1, -4, 40, -104, 520, -676, 2197], 3.13.ae_bo_aea 
(-7, 4, 13), [1, -3, -2, 13, -26, -507, 2197], 3.13.ad_ac_n 
(5, -8, 39), [1, -3, 12, -13, 156, -507, 2197], 3.13.ad_m_an 
(2, -5, 13), [1, -3, 16, -104, 208, -507, 2197], 3.13.ad_q_aea 
(-5, 2, 13), [1, -3, 16, -13, 208, -507, 2197], 3.13.ad_q_an 
(1, -4, 13), [1, -3, 22, -91, 286, -507, 2197], 3.13.ad_w_adn 
(-1, -2, 13), [1, -3, 28, -65, 364, -507, 2197], 3.13.ad_bc_acn 
(0, -3, 23), [1, -3, 36, -78, 468, -507, 2197], 3.13.ad_bk_ada 
(0, -3, 24), [1, -3, 37, -78, 481, -507, 2197], 3.13.ad_bl_ada 
(0, -3, 25), [1, -3, 38, -78, 494, -507, 2197], 3.13.ad_bm_ada 
(0, -3, 27), [1, -3, 40, -78, 520, -507, 2197], 3.13.ad_bo_ada 
(7, -9, 39), [1, -2, -11, 39, -143, -338, 2197], 3.13.ac_al_bn 
(2, -4, 13), [1, -2, 18, -78, 234, -338, 2197], 3.13.ac_s_ada 
(-3, 1, 13), [1, -2, 23, -13, 299, -338, 2197], 3.13.ac_x_an 
(0, -2, 25), [1, -2, 38, -52, 494, -338, 2197], 3.13.ac_bm_aca 
(7, -8, 39), [1, -1, -4, 65, -52, -169, 2197], 3.13.ab_ae_cn 
(-4, 3, 0), [1, -1, 1, 78, 13, -169, 2197], 3.13.ab_b_da 
(-5, 4, 13), [1, -1, 6, 39, 78, -169, 2197], 3.13.ab_g_bn 
(3, -4, 13), [1, -1, 14, -65, 182, -169, 2197], 3.13.ab_o_acn 
(2, -3, 13), [1, -1, 20, -52, 260, -169, 2197], 3.13.ab_u_aca 
(-3, 2, 13), [1, -1, 20, 13, 260, -169, 2197], 3.13.ab_u_n 
(1, -2, 13), [1, -1, 24, -39, 312, -169, 2197], 3.13.ab_y_abn 
(0, -1, 23), [1, -1, 36, -26, 468, -169, 2197], 3.13.ab_bk_aba 
(0, -1, 25), [1, -1, 38, -26, 494, -169, 2197], 3.13.ab_bm_aba 
(0, 0, -1), [1, 0, 12, 0, 156, 0, 2197], 3.13.a_m_a 
(0, 0, 23), [1, 0, 36, 0, 468, 0, 2197], 3.13.a_bk_a 
(0, 0, 24), [1, 0, 37, 0, 481, 0, 2197], 3.13.a_bl_a 
(-7, 8, 39), [1, 1, -4, -65, -52, 169, 2197], 3.13.b_ae_acn 
(4, -3, 0), [1, 1, 1, -78, 13, 169, 2197], 3.13.b_b_ada 
(5, -4, 13), [1, 1, 6, -39, 78, 169, 2197], 3.13.b_g_abn 
(-3, 4, 13), [1, 1, 14, 65, 182, 169, 2197], 3.13.b_o_cn 
(3, -2, 13), [1, 1, 20, -13, 260, 169, 2197], 3.13.b_u_an 
(-2, 3, 13), [1, 1, 20, 52, 260, 169, 2197], 3.13.b_u_ca 
(-1, 2, 13), [1, 1, 24, 39, 312, 169, 2197], 3.13.b_y_bn 
(0, 1, 23), [1, 1, 36, 26, 468, 169, 2197], 3.13.b_bk_ba 
(0, 1, 25), [1, 1, 38, 26, 494, 169, 2197], 3.13.b_bm_ba 
(-7, 9, 39), [1, 2, -11, -39, -143, 338, 2197], 3.13.c_al_abn 
(-2, 4, 13), [1, 2, 18, 78, 234, 338, 2197], 3.13.c_s_da 
(3, -1, 13), [1, 2, 23, 13, 299, 338, 2197], 3.13.c_x_n 
(0, 2, 25), [1, 2, 38, 52, 494, 338, 2197], 3.13.c_bm_ca 
(7, -4, 13), [1, 3, -2, -13, -26, 507, 2197], 3.13.d_ac_an 
(-5, 8, 39), [1, 3, 12, 13, 156, 507, 2197], 3.13.d_m_n 
(5, -2, 13), [1, 3, 16, 13, 208, 507, 2197], 3.13.d_q_n 
(-2, 5, 13), [1, 3, 16, 104, 208, 507, 2197], 3.13.d_q_ea 
(-1, 4, 13), [1, 3, 22, 91, 286, 507, 2197], 3.13.d_w_dn 
(1, 2, 13), [1, 3, 28, 65, 364, 507, 2197], 3.13.d_bc_cn 
(0, 3, 23), [1, 3, 36, 78, 468, 507, 2197], 3.13.d_bk_da 
(0, 3, 24), [1, 3, 37, 78, 481, 507, 2197], 3.13.d_bl_da 
(0, 3, 25), [1, 3, 38, 78, 494, 507, 2197], 3.13.d_bm_da 
(0, 3, 27), [1, 3, 40, 78, 520, 507, 2197], 3.13.d_bo_da 
(5, -1, -13), [1, 4, -5, -91, -65, 676, 2197], 3.13.e_af_adn 
(0, 4, 3), [1, 4, 16, 104, 208, 676, 2197], 3.13.e_q_ea 
(0, 4, 24), [1, 4, 37, 104, 481, 676, 2197], 3.13.e_bl_ea 
(0, 4, 25), [1, 4, 38, 104, 494, 676, 2197], 3.13.e_bm_ea 
(0, 4, 27), [1, 4, 40, 104, 520, 676, 2197], 3.13.e_bo_ea 
(6, -1, -13), [1, 5, -6, -104, -78, 845, 2197], 3.13.f_ag_aea 
(7, -2, 13), [1, 5, 12, 39, 156, 845, 2197], 3.13.f_m_bn 
(-3, 8, 39), [1, 5, 28, 91, 364, 845, 2197], 3.13.f_bc_dn 
(4, 1, 13), [1, 5, 30, 78, 390, 845, 2197], 3.13.f_be_da 
(1, 4, 13), [1, 5, 30, 117, 390, 845, 2197], 3.13.f_be_en 
(3, 2, 13), [1, 5, 32, 91, 416, 845, 2197], 3.13.f_bg_dn 
(0, 5, 23), [1, 5, 36, 130, 468, 845, 2197], 3.13.f_bk_fa 
(0, 5, 24), [1, 5, 37, 130, 481, 845, 2197], 3.13.f_bl_fa 
(0, 5, 25), [1, 5, 38, 130, 494, 845, 2197], 3.13.f_bm_fa 
(0, 5, 27), [1, 5, 40, 130, 520, 845, 2197], 3.13.f_bo_fa 
(0, 5, 28), [1, 5, 41, 130, 533, 845, 2197], 3.13.f_bp_fa 
(0, 5, 29), [1, 5, 42, 130, 546, 845, 2197], 3.13.f_bq_fa 
(7, -1, -13), [1, 6, -7, -117, -91, 1014, 2197], 3.13.g_ah_aen 
(0, 6, 25), [1, 6, 38, 156, 494, 1014, 2197], 3.13.g_bm_ga 
(0, 6, 27), [1, 6, 40, 156, 520, 1014, 2197], 3.13.g_bo_ga 
(6, 1, 0), [1, 7, 19, 26, 247, 1183, 2197], 3.13.h_t_ba 
(5, 2, 13), [1, 7, 36, 117, 468, 1183, 2197], 3.13.h_bk_en 
(3, 4, 13), [1, 7, 38, 143, 494, 1183, 2197], 3.13.h_bm_fn 
(0, 7, 25), [1, 7, 38, 182, 494, 1183, 2197], 3.13.h_bm_ha 
(0, 7, 27), [1, 7, 40, 182, 520, 1183, 2197], 3.13.h_bo_ha 
(0, 7, 28), [1, 7, 41, 182, 533, 1183, 2197], 3.13.h_bp_ha 
(0, 7, 29), [1, 7, 42, 182, 546, 1183, 2197], 3.13.h_bq_ha 
(-1, 8, 39), [1, 7, 44, 169, 572, 1183, 2197], 3.13.h_bs_gn 
(7, 1, -13), [1, 8, 7, -65, 91, 1352, 2197], 3.13.i_h_acn 
(5, 3, 13), [1, 8, 41, 143, 533, 1352, 2197], 3.13.i_bp_fn 
(-1, 9, 39), [1, 8, 43, 195, 559, 1352, 2197], 3.13.i_br_hn 
(7, 2, 13), [1, 9, 40, 143, 520, 1521, 2197], 3.13.j_bo_fn 
(5, 4, 13), [1, 9, 46, 169, 598, 1521, 2197], 3.13.j_bu_gn 
(1, 8, 39), [1, 9, 60, 247, 780, 1521, 2197], 3.13.j_ci_jn 
(6, 4, 13), [1, 10, 50, 182, 650, 1690, 2197], 3.13.k_by_ha 
(1, 9, 39), [1, 10, 61, 273, 793, 1690, 2197], 3.13.k_cj_kn 
(2, 8, 39), [1, 10, 68, 286, 884, 1690, 2197], 3.13.k_cq_la 
(7, 4, 13), [1, 11, 54, 195, 702, 1859, 2197], 3.13.l_cc_hn 
(0, 11, 55), [1, 11, 68, 286, 884, 1859, 2197], 3.13.l_cq_la 
(2, 9, 39), [1, 11, 70, 312, 910, 1859, 2197], 3.13.l_cs_ma 
(3, 8, 39), [1, 11, 76, 325, 988, 1859, 2197], 3.13.l_cy_mn 
(7, 5, 13), [1, 12, 61, 221, 793, 2028, 2197], 3.13.m_cj_in 
(3, 9, 39), [1, 12, 79, 351, 1027, 2028, 2197], 3.13.m_db_nn 
(4, 8, 39), [1, 12, 84, 364, 1092, 2028, 2197], 3.13.m_dg_oa 
(4, 9, 39), [1, 13, 88, 390, 1144, 2197, 2197], 3.13.n_dk_pa 
(5, 8, 39), [1, 13, 92, 403, 1196, 2197, 2197], 3.13.n_do_pn 
(5, 9, 39), [1, 14, 97, 429, 1261, 2366, 2197], 3.13.o_dt_qn 
(6, 8, 39), [1, 14, 100, 442, 1300, 2366, 2197], 3.13.o_dw_ra 
(6, 9, 39), [1, 15, 106, 468, 1378, 2535, 2197], 3.13.p_ec_sa 
(7, 8, 39), [1, 15, 108, 481, 1404, 2535, 2197], 3.13.p_ee_sn 
(7, 9, 39), [1, 16, 115, 507, 1495, 2704, 2197], 3.13.q_el_tn 
