(0, -12, 68), [1, -12, 85, -408, 1445, -3468, 4913], 3.17.am_dh_aps, -76 
(0, -10, 51), [1, -10, 68, -340, 1156, -2890, 4913], 3.17.ak_cq_anc, -49 
(0, -9, 51), [1, -9, 68, -306, 1156, -2601, 4913], 3.17.aj_cq_alu, -30 
(-8, 0, 0), [1, -8, 17, 0, 289, -2312, 4913], 3.17.ai_r_a, 64 
(-8, 0, 17), [1, -8, 34, -136, 578, -2312, 4913], 3.17.ai_bi_afg, 81 
(-7, 0, 0), [1, -7, 17, 0, 289, -2023, 4913], 3.17.ah_r_a, 49 
(-6, 0, -34), [1, -6, -17, 204, -289, -1734, 4913], 3.17.ag_ar_hw, 2 
(-6, 0, -17), [1, -6, 0, 102, 0, -1734, 4913], 3.17.ag_a_dy, 19 
(0, -6, 17), [1, -6, 34, -204, 578, -1734, 4913], 3.17.ag_bi_ahw, -19 
(-6, 0, 17), [1, -6, 34, -102, 578, -1734, 4913], 3.17.ag_bi_ady, 53 
(-5, 0, 0), [1, -5, 17, 0, 289, -1445, 4913], 3.17.af_r_a, 25 
(0, -5, 17), [1, -5, 34, -170, 578, -1445, 4913], 3.17.af_bi_ago, -8 
(-4, 0, -17), [1, -4, 0, 68, 0, -1156, 4913], 3.17.ae_a_cq, -1 
(0, -4, 0), [1, -4, 17, -136, 289, -1156, 4913], 3.17.ae_r_afg, -16 
(-4, 0, 0), [1, -4, 17, 0, 289, -1156, 4913], 3.17.ae_r_a, 16 
(0, -4, 17), [1, -4, 34, -136, 578, -1156, 4913], 3.17.ae_bi_afg, 1 
(0, -3, 0), [1, -3, 17, -102, 289, -867, 4913], 3.17.ad_r_ady, -9 
(-3, 0, 0), [1, -3, 17, 0, 289, -867, 4913], 3.17.ad_r_a, 9 
(0, -3, 17), [1, -3, 34, -102, 578, -867, 4913], 3.17.ad_bi_ady, 8 
(-2, 0, -34), [1, -2, -17, 68, -289, -578, 4913], 3.17.ac_ar_cq, -30 
(0, -2, -17), [1, -2, 0, -68, 0, -578, 4913], 3.17.ac_a_acq, -21 
(-2, 0, -17), [1, -2, 0, 34, 0, -578, 4913], 3.17.ac_a_bi, -13 
(0, -2, 0), [1, -2, 17, -68, 289, -578, 4913], 3.17.ac_r_acq, -4 
(-2, 0, 0), [1, -2, 17, 0, 289, -578, 4913], 3.17.ac_r_a, 4 
(0, -2, 17), [1, -2, 34, -68, 578, -578, 4913], 3.17.ac_bi_acq, 13 
(-2, 0, 17), [1, -2, 34, -34, 578, -578, 4913], 3.17.ac_bi_abi, 21 
(0, -1, -17), [1, -1, 0, -34, 0, -289, 4913], 3.17.ab_a_abi, -18 
(0, -1, 0), [1, -1, 17, -34, 289, -289, 4913], 3.17.ab_r_abi, -1 
(-1, 0, 0), [1, -1, 17, 0, 289, -289, 4913], 3.17.ab_r_a, 1 
(0, -1, 17), [1, -1, 34, -34, 578, -289, 4913], 3.17.ab_bi_abi, 16 
(0, 1, -17), [1, 1, 0, 34, 0, 289, 4913], 3.17.b_a_bi, -18 
(1, 0, 0), [1, 1, 17, 0, 289, 289, 4913], 3.17.b_r_a, 1 
(0, 1, 0), [1, 1, 17, 34, 289, 289, 4913], 3.17.b_r_bi, -1 
(0, 1, 17), [1, 1, 34, 34, 578, 289, 4913], 3.17.b_bi_bi, 16 
(2, 0, -34), [1, 2, -17, -68, -289, 578, 4913], 3.17.c_ar_acq, -30 
(2, 0, -17), [1, 2, 0, -34, 0, 578, 4913], 3.17.c_a_abi, -13 
(0, 2, -17), [1, 2, 0, 68, 0, 578, 4913], 3.17.c_a_cq, -21 
(2, 0, 0), [1, 2, 17, 0, 289, 578, 4913], 3.17.c_r_a, 4 
(0, 2, 0), [1, 2, 17, 68, 289, 578, 4913], 3.17.c_r_cq, -4 
(2, 0, 17), [1, 2, 34, 34, 578, 578, 4913], 3.17.c_bi_bi, 21 
(0, 2, 17), [1, 2, 34, 68, 578, 578, 4913], 3.17.c_bi_cq, 13 
(3, 0, 0), [1, 3, 17, 0, 289, 867, 4913], 3.17.d_r_a, 9 
(0, 3, 0), [1, 3, 17, 102, 289, 867, 4913], 3.17.d_r_dy, -9 
(0, 3, 17), [1, 3, 34, 102, 578, 867, 4913], 3.17.d_bi_dy, 8 
(4, 0, -17), [1, 4, 0, -68, 0, 1156, 4913], 3.17.e_a_acq, -1 
(4, 0, 0), [1, 4, 17, 0, 289, 1156, 4913], 3.17.e_r_a, 16 
(0, 4, 0), [1, 4, 17, 136, 289, 1156, 4913], 3.17.e_r_fg, -16 
(0, 4, 17), [1, 4, 34, 136, 578, 1156, 4913], 3.17.e_bi_fg, 1 
(5, 0, 0), [1, 5, 17, 0, 289, 1445, 4913], 3.17.f_r_a, 25 
(0, 5, 17), [1, 5, 34, 170, 578, 1445, 4913], 3.17.f_bi_go, -8 
(6, 0, -34), [1, 6, -17, -204, -289, 1734, 4913], 3.17.g_ar_ahw, 2 
(6, 0, -17), [1, 6, 0, -102, 0, 1734, 4913], 3.17.g_a_ady, 19 
(6, 0, 17), [1, 6, 34, 102, 578, 1734, 4913], 3.17.g_bi_dy, 53 
(0, 6, 17), [1, 6, 34, 204, 578, 1734, 4913], 3.17.g_bi_hw, -19 
(7, 0, 0), [1, 7, 17, 0, 289, 2023, 4913], 3.17.h_r_a, 49 
(8, 0, 0), [1, 8, 17, 0, 289, 2312, 4913], 3.17.i_r_a, 64 
(8, 0, 17), [1, 8, 34, 136, 578, 2312, 4913], 3.17.i_bi_fg, 81 
(0, 9, 51), [1, 9, 68, 306, 1156, 2601, 4913], 3.17.j_cq_lu, -30 
(0, 10, 51), [1, 10, 68, 340, 1156, 2890, 4913], 3.17.k_cq_nc, -49 
(0, 12, 68), [1, 12, 85, 408, 1445, 3468, 4913], 3.17.m_dh_ps, -76 
