(-6, 0, -22), [1, -6, -11, 132, -121, -726, 1331], 3.11.ag_al_fc, 14 
(-6, 0, -11), [1, -6, 0, 66, 0, -726, 1331], 3.11.ag_a_co, 25 
(-5, 0, -22), [1, -5, -11, 110, -121, -605, 1331], 3.11.af_al_eg, 3 
(-5, 0, -11), [1, -5, 0, 55, 0, -605, 1331], 3.11.af_a_cd, 14 
(-5, 0, 0), [1, -5, 11, 0, 121, -605, 1331], 3.11.af_l_a, 25 
(-5, 0, 11), [1, -5, 22, -55, 242, -605, 1331], 3.11.af_w_acd, 36 
(-3, 0, -22), [1, -3, -11, 66, -121, -363, 1331], 3.11.ad_al_co, -13 
(-3, 0, -11), [1, -3, 0, 33, 0, -363, 1331], 3.11.ad_a_bh, -2 
(-3, 0, 11), [1, -3, 22, -33, 242, -363, 1331], 3.11.ad_w_abh, 20 
(-2, 0, -22), [1, -2, -11, 44, -121, -242, 1331], 3.11.ac_al_bs, -18 
(-1, 0, -22), [1, -1, -11, 22, -121, -121, 1331], 3.11.ab_al_w, -21 
(-1, 0, -11), [1, -1, 0, 11, 0, -121, 1331], 3.11.ab_a_l, -10 
(-1, 0, 11), [1, -1, 22, -11, 242, -121, 1331], 3.11.ab_w_al, 12 
(1, 0, -22), [1, 1, -11, -22, -121, 121, 1331], 3.11.b_al_aw, -21 
(1, 0, -11), [1, 1, 0, -11, 0, 121, 1331], 3.11.b_a_al, -10 
(1, 0, 11), [1, 1, 22, 11, 242, 121, 1331], 3.11.b_w_l, 12 
(2, 0, -22), [1, 2, -11, -44, -121, 242, 1331], 3.11.c_al_abs, -18 
(3, 0, -22), [1, 3, -11, -66, -121, 363, 1331], 3.11.d_al_aco, -13 
(3, 0, -11), [1, 3, 0, -33, 0, 363, 1331], 3.11.d_a_abh, -2 
(3, 0, 11), [1, 3, 22, 33, 242, 363, 1331], 3.11.d_w_bh, 20 
(5, 0, -22), [1, 5, -11, -110, -121, 605, 1331], 3.11.f_al_aeg, 3 
(5, 0, -11), [1, 5, 0, -55, 0, 605, 1331], 3.11.f_a_acd, 14 
(5, 0, 0), [1, 5, 11, 0, 121, 605, 1331], 3.11.f_l_a, 25 
(5, 0, 11), [1, 5, 22, 55, 242, 605, 1331], 3.11.f_w_cd, 36 
(6, 0, -22), [1, 6, -11, -132, -121, 726, 1331], 3.11.g_al_afc, 14 
(6, 0, -11), [1, 6, 0, -66, 0, 726, 1331], 3.11.g_a_aco, 25 
