(-4, -5, 15), [1, -9, 40, -110, 200, -225, 125], 3.5.aj_bo_aeg, 6 
(-3, -5, 15), [1, -8, 35, -95, 175, -200, 125], 3.5.ai_bj_adr, -1 
(-2, -5, 15), [1, -7, 30, -80, 150, -175, 125], 3.5.ah_be_adc, -6 
(-1, -5, 15), [1, -6, 25, -65, 125, -150, 125], 3.5.ag_z_acn, -9 
(-4, 0, -10), [1, -4, -5, 40, -25, -100, 125], 3.5.ae_af_bo, 6 
(-4, 0, -5), [1, -4, 0, 20, 0, -100, 125], 3.5.ae_a_u, 11 
(-3, 0, -10), [1, -3, -5, 30, -25, -75, 125], 3.5.ad_af_be, -1 
(-3, 0, -5), [1, -3, 0, 15, 0, -75, 125], 3.5.ad_a_p, 4 
(-3, 0, 0), [1, -3, 5, 0, 25, -75, 125], 3.5.ad_f_a, 9 
(-3, 0, 5), [1, -3, 10, -15, 50, -75, 125], 3.5.ad_k_ap, 14 
(-2, 0, 5), [1, -2, 10, -10, 50, -50, 125], 3.5.ac_k_ak, 9 
(-1, 0, -10), [1, -1, -5, 10, -25, -25, 125], 3.5.ab_af_k, -9 
(-1, 0, -5), [1, -1, 0, 5, 0, -25, 125], 3.5.ab_a_f, -4 
(-1, 0, 5), [1, -1, 10, -5, 50, -25, 125], 3.5.ab_k_af, 6 
(1, 0, -10), [1, 1, -5, -10, -25, 25, 125], 3.5.b_af_ak, -9 
(1, 0, -5), [1, 1, 0, -5, 0, 25, 125], 3.5.b_a_af, -4 
(1, 0, 5), [1, 1, 10, 5, 50, 25, 125], 3.5.b_k_f, 6 
(2, 0, 5), [1, 2, 10, 10, 50, 50, 125], 3.5.c_k_k, 9 
(3, 0, -10), [1, 3, -5, -30, -25, 75, 125], 3.5.d_af_abe, -1 
(3, 0, -5), [1, 3, 0, -15, 0, 75, 125], 3.5.d_a_ap, 4 
(3, 0, 0), [1, 3, 5, 0, 25, 75, 125], 3.5.d_f_a, 9 
(3, 0, 5), [1, 3, 10, 15, 50, 75, 125], 3.5.d_k_p, 14 
(4, 0, -10), [1, 4, -5, -40, -25, 100, 125], 3.5.e_af_abo, 6 
(4, 0, -5), [1, 4, 0, -20, 0, 100, 125], 3.5.e_a_au, 11 
(1, 5, 15), [1, 6, 25, 65, 125, 150, 125], 3.5.g_z_cn, -9 
(2, 5, 15), [1, 7, 30, 80, 150, 175, 125], 3.5.h_be_dc, -6 
(3, 5, 15), [1, 8, 35, 95, 175, 200, 125], 3.5.i_bj_dr, -1 
(4, 5, 15), [1, 9, 40, 110, 200, 225, 125], 3.5.j_bo_eg, 6 
