(0, -9, 39), [1, -9, 52, -234, 676, -1521, 2197], 3.13.aj_ca_aja, -42 
(0, -8, 39), [1, -8, 52, -208, 676, -1352, 2197], 3.13.ai_ca_aia, -25 
(-6, 0, -26), [1, -6, -13, 156, -169, -1014, 2197], 3.13.ag_an_ga, 10 
(-6, 0, -13), [1, -6, 0, 78, 0, -1014, 2197], 3.13.ag_a_da, 23 
(-6, 0, 0), [1, -6, 13, 0, 169, -1014, 2197], 3.13.ag_n_a, 36 
(-6, 0, 13), [1, -6, 26, -78, 338, -1014, 2197], 3.13.ag_ba_ada, 49 
(0, -5, 13), [1, -5, 26, -130, 338, -845, 2197], 3.13.af_ba_afa, -12 
(-4, 0, -26), [1, -4, -13, 104, -169, -676, 2197], 3.13.ae_an_ea, -10 
(-4, 0, -13), [1, -4, 0, 52, 0, -676, 2197], 3.13.ae_a_ca, 3 
(-4, 0, 0), [1, -4, 13, 0, 169, -676, 2197], 3.13.ae_n_a, 16 
(0, -4, 13), [1, -4, 26, -104, 338, -676, 2197], 3.13.ae_ba_aea, -3 
(-4, 0, 13), [1, -4, 26, -52, 338, -676, 2197], 3.13.ae_ba_aca, 29 
(0, -3, 0), [1, -3, 13, -78, 169, -507, 2197], 3.13.ad_n_ada, -9 
(-3, 0, 0), [1, -3, 13, 0, 169, -507, 2197], 3.13.ad_n_a, 9 
(0, -3, 13), [1, -3, 26, -78, 338, -507, 2197], 3.13.ad_ba_ada, 4 
(-2, 0, -26), [1, -2, -13, 52, -169, -338, 2197], 3.13.ac_an_ca, -22 
(-2, 0, -13), [1, -2, 0, 26, 0, -338, 2197], 3.13.ac_a_ba, -9 
(0, -2, 0), [1, -2, 13, -52, 169, -338, 2197], 3.13.ac_n_aca, -4 
(-2, 0, 0), [1, -2, 13, 0, 169, -338, 2197], 3.13.ac_n_a, 4 
(0, -2, 13), [1, -2, 26, -52, 338, -338, 2197], 3.13.ac_ba_aca, 9 
(-2, 0, 13), [1, -2, 26, -26, 338, -338, 2197], 3.13.ac_ba_aba, 17 
(0, -1, -13), [1, -1, 0, -26, 0, -169, 2197], 3.13.ab_a_aba, -14 
(0, -1, 0), [1, -1, 13, -26, 169, -169, 2197], 3.13.ab_n_aba, -1 
(-1, 0, 0), [1, -1, 13, 0, 169, -169, 2197], 3.13.ab_n_a, 1 
(0, -1, 13), [1, -1, 26, -26, 338, -169, 2197], 3.13.ab_ba_aba, 12 
(0, 1, -13), [1, 1, 0, 26, 0, 169, 2197], 3.13.b_a_ba, -14 
(1, 0, 0), [1, 1, 13, 0, 169, 169, 2197], 3.13.b_n_a, 1 
(0, 1, 0), [1, 1, 13, 26, 169, 169, 2197], 3.13.b_n_ba, -1 
(0, 1, 13), [1, 1, 26, 26, 338, 169, 2197], 3.13.b_ba_ba, 12 
(2, 0, -26), [1, 2, -13, -52, -169, 338, 2197], 3.13.c_an_aca, -22 
(2, 0, -13), [1, 2, 0, -26, 0, 338, 2197], 3.13.c_a_aba, -9 
(2, 0, 0), [1, 2, 13, 0, 169, 338, 2197], 3.13.c_n_a, 4 
(0, 2, 0), [1, 2, 13, 52, 169, 338, 2197], 3.13.c_n_ca, -4 
(2, 0, 13), [1, 2, 26, 26, 338, 338, 2197], 3.13.c_ba_ba, 17 
(0, 2, 13), [1, 2, 26, 52, 338, 338, 2197], 3.13.c_ba_ca, 9 
(3, 0, 0), [1, 3, 13, 0, 169, 507, 2197], 3.13.d_n_a, 9 
(0, 3, 0), [1, 3, 13, 78, 169, 507, 2197], 3.13.d_n_da, -9 
(0, 3, 13), [1, 3, 26, 78, 338, 507, 2197], 3.13.d_ba_da, 4 
(4, 0, -26), [1, 4, -13, -104, -169, 676, 2197], 3.13.e_an_aea, -10 
(4, 0, -13), [1, 4, 0, -52, 0, 676, 2197], 3.13.e_a_aca, 3 
(4, 0, 0), [1, 4, 13, 0, 169, 676, 2197], 3.13.e_n_a, 16 
(4, 0, 13), [1, 4, 26, 52, 338, 676, 2197], 3.13.e_ba_ca, 29 
(0, 4, 13), [1, 4, 26, 104, 338, 676, 2197], 3.13.e_ba_ea, -3 
(0, 5, 13), [1, 5, 26, 130, 338, 845, 2197], 3.13.f_ba_fa, -12 
(6, 0, -26), [1, 6, -13, -156, -169, 1014, 2197], 3.13.g_an_aga, 10 
(6, 0, -13), [1, 6, 0, -78, 0, 1014, 2197], 3.13.g_a_ada, 23 
(6, 0, 0), [1, 6, 13, 0, 169, 1014, 2197], 3.13.g_n_a, 36 
(6, 0, 13), [1, 6, 26, 78, 338, 1014, 2197], 3.13.g_ba_da, 49 
(0, 8, 39), [1, 8, 52, 208, 676, 1352, 2197], 3.13.i_ca_ia, -25 
(0, 9, 39), [1, 9, 52, 234, 676, 1521, 2197], 3.13.j_ca_ja, -42 
