(-8, -7, 40), [1, -15, 112, -544, 1792, -3840, 4096], 3.16.ap_ei_auy, 55 
(-8, -5, 24), [1, -13, 80, -352, 1280, -3328, 4096], 3.16.an_dc_ano, 63 
(-4, -9, 44), [1, -13, 96, -464, 1536, -3328, 4096], 3.16.an_ds_arw, -21 
(-7, -4, 16), [1, -11, 60, -240, 960, -2816, 4096], 3.16.al_ci_ajg, 49 
(-8, -3, 24), [1, -11, 64, -288, 1024, -2816, 4096], 3.16.al_cm_alc, 79 
(-4, -7, 28), [1, -11, 72, -336, 1152, -2816, 4096], 3.16.al_cu_amy, -5 
(-4, -7, 36), [1, -11, 80, -368, 1280, -2816, 4096], 3.16.al_dc_aoe, 3 
(-8, -1, -8), [1, -9, 16, 32, 256, -2304, 4096], 3.16.aj_q_bg, 55 
(-8, -1, 8), [1, -9, 32, -96, 512, -2304, 4096], 3.16.aj_bg_ads, 71 
(-8, -1, 24), [1, -9, 48, -224, 768, -2304, 4096], 3.16.aj_bw_aiq, 87 
(-4, -5, 12), [1, -9, 48, -208, 768, -2304, 4096], 3.16.aj_bw_aia, 3 
(-4, -5, 16), [1, -9, 52, -224, 832, -2304, 4096], 3.16.aj_ca_aiq, 7 
(-5, -4, 16), [1, -9, 52, -208, 832, -2304, 4096], 3.16.aj_ca_aia, 25 
(-4, -5, 20), [1, -9, 56, -240, 896, -2304, 4096], 3.16.aj_ce_ajg, 11 
(0, -9, 44), [1, -9, 60, -288, 960, -2304, 4096], 3.16.aj_ci_alc, -37 
(-4, -5, 24), [1, -9, 60, -256, 960, -2304, 4096], 3.16.aj_ci_ajw, 15 
(0, -9, 48), [1, -9, 64, -288, 1024, -2304, 4096], 3.16.aj_cm_alc, -33 
(-4, -5, 28), [1, -9, 64, -272, 1024, -2304, 4096], 3.16.aj_cm_akm, 19 
(-8, 1, -8), [1, -7, 0, 96, 0, -1792, 4096], 3.16.ah_a_ds, 55 
(-8, 1, -4), [1, -7, 4, 64, 64, -1792, 4096], 3.16.ah_e_cm, 59 
(-8, 1, 8), [1, -7, 16, -32, 256, -1792, 4096], 3.16.ah_q_abg, 71 
(-7, 0, 0), [1, -7, 16, 0, 256, -1792, 4096], 3.16.ah_q_a, 49 
(-4, -3, -4), [1, -7, 24, -80, 384, -1792, 4096], 3.16.ah_y_adc, 3 
(-4, -3, 0), [1, -7, 28, -96, 448, -1792, 4096], 3.16.ah_bc_ads, 7 
(-8, 1, 24), [1, -7, 32, -160, 512, -1792, 4096], 3.16.ah_bg_age, 87 
(-4, -3, 12), [1, -7, 40, -144, 640, -1792, 4096], 3.16.ah_bo_afo, 19 
(-3, -4, 16), [1, -7, 44, -176, 704, -1792, 4096], 3.16.ah_bs_agu, 9 
(-4, -3, 16), [1, -7, 44, -160, 704, -1792, 4096], 3.16.ah_bs_age, 23 
(-4, -3, 20), [1, -7, 48, -176, 768, -1792, 4096], 3.16.ah_bw_agu, 27 
(-4, -1, -20), [1, -5, 0, 48, 0, -1280, 4096], 3.16.af_a_bw, -5 
(-5, 0, -16), [1, -5, 0, 80, 0, -1280, 4096], 3.16.af_a_dc, 9 
(-4, -1, -16), [1, -5, 4, 32, 64, -1280, 4096], 3.16.af_e_bg, -1 
(-8, 3, 16), [1, -5, 8, -32, 128, -1280, 4096], 3.16.af_i_abg, 71 
(-4, -1, -12), [1, -5, 8, 16, 128, -1280, 4096], 3.16.af_i_q, 3 
(-4, -1, -8), [1, -5, 12, 0, 192, -1280, 4096], 3.16.af_m_a, 7 
(-8, 3, 24), [1, -5, 16, -96, 256, -1280, 4096], 3.16.af_q_ads, 79 
(-4, -1, -4), [1, -5, 16, -16, 256, -1280, 4096], 3.16.af_q_aq, 11 
(-5, 0, 0), [1, -5, 16, 0, 256, -1280, 4096], 3.16.af_q_a, 25 
(-4, -1, 0), [1, -5, 20, -32, 320, -1280, 4096], 3.16.af_u_abg, 15 
(4, -9, 44), [1, -5, 24, -112, 384, -1280, 4096], 3.16.af_y_aei, -21 
(-4, -1, 4), [1, -5, 24, -48, 384, -1280, 4096], 3.16.af_y_abw, 19 
(0, -5, 12), [1, -5, 28, -160, 448, -1280, 4096], 3.16.af_bc_age, -13 
(4, -9, 48), [1, -5, 28, -96, 448, -1280, 4096], 3.16.af_bc_ads, -17 
(-4, -1, 8), [1, -5, 28, -64, 448, -1280, 4096], 3.16.af_bc_acm, 23 
(0, -5, 16), [1, -5, 32, -160, 512, -1280, 4096], 3.16.af_bg_age, -9 
(0, -5, 20), [1, -5, 36, -160, 576, -1280, 4096], 3.16.af_bk_age, -5 
(-1, -4, 16), [1, -5, 36, -144, 576, -1280, 4096], 3.16.af_bk_afo, 1 
(-4, -1, 28), [1, -5, 48, -144, 768, -1280, 4096], 3.16.af_bw_afo, 43 
(-4, 1, -20), [1, -3, -8, 112, -128, -768, 4096], 3.16.ad_ai_ei, -5 
(-4, 1, -16), [1, -3, -4, 96, -64, -768, 4096], 3.16.ad_ae_ds, -1 
(-8, 5, 24), [1, -3, 0, -32, 0, -768, 4096], 3.16.ad_a_abg, 63 
(-3, 0, -16), [1, -3, 0, 48, 0, -768, 4096], 3.16.ad_a_bw, -7 
(-4, 1, -12), [1, -3, 0, 80, 0, -768, 4096], 3.16.ad_a_dc, 3 
(-8, 5, 28), [1, -3, 4, -64, 64, -768, 4096], 3.16.ad_e_acm, 67 
(-7, 4, 16), [1, -3, 4, 16, 64, -768, 4096], 3.16.ad_e_q, 49 
(-4, 1, -8), [1, -3, 4, 64, 64, -768, 4096], 3.16.ad_e_cm, 7 
(-4, 1, -4), [1, -3, 8, 48, 128, -768, 4096], 3.16.ad_i_bw, 11 
(0, -3, -4), [1, -3, 12, -96, 192, -768, 4096], 3.16.ad_m_ads, -13 
(-4, 1, 0), [1, -3, 12, 32, 192, -768, 4096], 3.16.ad_m_bg, 15 
(4, -7, 28), [1, -3, 16, -112, 256, -768, 4096], 3.16.ad_q_aei, -5 
(0, -3, 0), [1, -3, 16, -96, 256, -768, 4096], 3.16.ad_q_ads, -9 
(-3, 0, 0), [1, -3, 16, 0, 256, -768, 4096], 3.16.ad_q_a, 9 
(-4, 1, 4), [1, -3, 16, 16, 256, -768, 4096], 3.16.ad_q_q, 19 
(4, -7, 36), [1, -3, 24, -80, 384, -768, 4096], 3.16.ad_y_adc, 3 
(1, -4, 16), [1, -3, 28, -112, 448, -768, 4096], 3.16.ad_bc_aei, 1 
(0, -3, 12), [1, -3, 28, -96, 448, -768, 4096], 3.16.ad_bc_ads, 3 
(4, -7, 40), [1, -3, 28, -64, 448, -768, 4096], 3.16.ad_bc_acm, 7 
(0, -3, 16), [1, -3, 32, -96, 512, -768, 4096], 3.16.ad_bg_ads, 7 
(0, -3, 20), [1, -3, 36, -96, 576, -768, 4096], 3.16.ad_bk_ads, 11 
(-4, 1, 24), [1, -3, 36, -64, 576, -768, 4096], 3.16.ad_bk_acm, 39 
(-4, 1, 28), [1, -3, 40, -80, 640, -768, 4096], 3.16.ad_bo_adc, 43 
(0, -1, -20), [1, -1, -4, -32, -64, -256, 4096], 3.16.ab_ae_abg, -21 
(-8, 7, 40), [1, -1, 0, -96, 0, -256, 4096], 3.16.ab_a_ads, 55 
(0, -1, -16), [1, -1, 0, -32, 0, -256, 4096], 3.16.ab_a_abg, -17 
(-1, 0, -16), [1, -1, 0, 16, 0, -256, 4096], 3.16.ab_a_q, -15 
(-4, 3, -4), [1, -1, 0, 112, 0, -256, 4096], 3.16.ab_a_ei, 3 
(0, -1, -12), [1, -1, 4, -32, 64, -256, 4096], 3.16.ab_e_abg, -13 
(4, -5, 12), [1, -1, 8, -112, 128, -256, 4096], 3.16.ab_i_aei, 3 
(0, -1, -8), [1, -1, 8, -32, 128, -256, 4096], 3.16.ab_i_abg, -9 
(4, -5, 16), [1, -1, 12, -96, 192, -256, 4096], 3.16.ab_m_ads, 7 
(0, -1, -4), [1, -1, 12, -32, 192, -256, 4096], 3.16.ab_m_abg, -5 
(-5, 4, 16), [1, -1, 12, 48, 192, -256, 4096], 3.16.ab_m_bw, 25 
(4, -5, 20), [1, -1, 16, -80, 256, -256, 4096], 3.16.ab_q_adc, 11 
(0, -1, 0), [1, -1, 16, -32, 256, -256, 4096], 3.16.ab_q_abg, -1 
(-1, 0, 0), [1, -1, 16, 0, 256, -256, 4096], 3.16.ab_q_a, 1 
(-4, 3, 12), [1, -1, 16, 48, 256, -256, 4096], 3.16.ab_q_bw, 19 
(3, -4, 16), [1, -1, 20, -80, 320, -256, 4096], 3.16.ab_u_adc, 9 
(4, -5, 24), [1, -1, 20, -64, 320, -256, 4096], 3.16.ab_u_acm, 15 
(0, -1, 4), [1, -1, 20, -32, 320, -256, 4096], 3.16.ab_u_abg, 3 
(-4, 3, 16), [1, -1, 20, 32, 320, -256, 4096], 3.16.ab_u_bg, 23 
(4, -5, 28), [1, -1, 24, -48, 384, -256, 4096], 3.16.ab_y_abw, 19 
(0, -1, 8), [1, -1, 24, -32, 384, -256, 4096], 3.16.ab_y_abg, 7 
(-4, 3, 20), [1, -1, 24, 16, 384, -256, 4096], 3.16.ab_y_q, 27 
(-4, 3, 24), [1, -1, 28, 0, 448, -256, 4096], 3.16.ab_bc_a, 31 
(0, -1, 16), [1, -1, 32, -32, 512, -256, 4096], 3.16.ab_bg_abg, 15 
(0, 1, -20), [1, 1, -4, 32, -64, 256, 4096], 3.16.b_ae_bg, -21 
(4, -3, -4), [1, 1, 0, -112, 0, 256, 4096], 3.16.b_a_aei, 3 
(1, 0, -16), [1, 1, 0, -16, 0, 256, 4096], 3.16.b_a_aq, -15 
(0, 1, -16), [1, 1, 0, 32, 0, 256, 4096], 3.16.b_a_bg, -17 
(8, -7, 40), [1, 1, 0, 96, 0, 256, 4096], 3.16.b_a_ds, 55 
(0, 1, -12), [1, 1, 4, 32, 64, 256, 4096], 3.16.b_e_bg, -13 
(0, 1, -8), [1, 1, 8, 32, 128, 256, 4096], 3.16.b_i_bg, -9 
(-4, 5, 12), [1, 1, 8, 112, 128, 256, 4096], 3.16.b_i_ei, 3 
(5, -4, 16), [1, 1, 12, -48, 192, 256, 4096], 3.16.b_m_abw, 25 
(0, 1, -4), [1, 1, 12, 32, 192, 256, 4096], 3.16.b_m_bg, -5 
(-4, 5, 16), [1, 1, 12, 96, 192, 256, 4096], 3.16.b_m_ds, 7 
(4, -3, 12), [1, 1, 16, -48, 256, 256, 4096], 3.16.b_q_abw, 19 
(1, 0, 0), [1, 1, 16, 0, 256, 256, 4096], 3.16.b_q_a, 1 
(0, 1, 0), [1, 1, 16, 32, 256, 256, 4096], 3.16.b_q_bg, -1 
(-4, 5, 20), [1, 1, 16, 80, 256, 256, 4096], 3.16.b_q_dc, 11 
(4, -3, 16), [1, 1, 20, -32, 320, 256, 4096], 3.16.b_u_abg, 23 
(0, 1, 4), [1, 1, 20, 32, 320, 256, 4096], 3.16.b_u_bg, 3 
(-4, 5, 24), [1, 1, 20, 64, 320, 256, 4096], 3.16.b_u_cm, 15 
(-3, 4, 16), [1, 1, 20, 80, 320, 256, 4096], 3.16.b_u_dc, 9 
(4, -3, 20), [1, 1, 24, -16, 384, 256, 4096], 3.16.b_y_aq, 27 
(0, 1, 8), [1, 1, 24, 32, 384, 256, 4096], 3.16.b_y_bg, 7 
(-4, 5, 28), [1, 1, 24, 48, 384, 256, 4096], 3.16.b_y_bw, 19 
(4, -3, 24), [1, 1, 28, 0, 448, 256, 4096], 3.16.b_bc_a, 31 
(0, 1, 16), [1, 1, 32, 32, 512, 256, 4096], 3.16.b_bg_bg, 15 
(4, -1, -20), [1, 3, -8, -112, -128, 768, 4096], 3.16.d_ai_aei, -5 
(4, -1, -16), [1, 3, -4, -96, -64, 768, 4096], 3.16.d_ae_ads, -1 
(4, -1, -12), [1, 3, 0, -80, 0, 768, 4096], 3.16.d_a_adc, 3 
(3, 0, -16), [1, 3, 0, -48, 0, 768, 4096], 3.16.d_a_abw, -7 
(8, -5, 24), [1, 3, 0, 32, 0, 768, 4096], 3.16.d_a_bg, 63 
(4, -1, -8), [1, 3, 4, -64, 64, 768, 4096], 3.16.d_e_acm, 7 
(7, -4, 16), [1, 3, 4, -16, 64, 768, 4096], 3.16.d_e_aq, 49 
(8, -5, 28), [1, 3, 4, 64, 64, 768, 4096], 3.16.d_e_cm, 67 
(4, -1, -4), [1, 3, 8, -48, 128, 768, 4096], 3.16.d_i_abw, 11 
(4, -1, 0), [1, 3, 12, -32, 192, 768, 4096], 3.16.d_m_abg, 15 
(0, 3, -4), [1, 3, 12, 96, 192, 768, 4096], 3.16.d_m_ds, -13 
(4, -1, 4), [1, 3, 16, -16, 256, 768, 4096], 3.16.d_q_aq, 19 
(3, 0, 0), [1, 3, 16, 0, 256, 768, 4096], 3.16.d_q_a, 9 
(0, 3, 0), [1, 3, 16, 96, 256, 768, 4096], 3.16.d_q_ds, -9 
(-4, 7, 28), [1, 3, 16, 112, 256, 768, 4096], 3.16.d_q_ei, -5 
(-4, 7, 36), [1, 3, 24, 80, 384, 768, 4096], 3.16.d_y_dc, 3 
(-4, 7, 40), [1, 3, 28, 64, 448, 768, 4096], 3.16.d_bc_cm, 7 
(0, 3, 12), [1, 3, 28, 96, 448, 768, 4096], 3.16.d_bc_ds, 3 
(-1, 4, 16), [1, 3, 28, 112, 448, 768, 4096], 3.16.d_bc_ei, 1 
(0, 3, 16), [1, 3, 32, 96, 512, 768, 4096], 3.16.d_bg_ds, 7 
(4, -1, 24), [1, 3, 36, 64, 576, 768, 4096], 3.16.d_bk_cm, 39 
(0, 3, 20), [1, 3, 36, 96, 576, 768, 4096], 3.16.d_bk_ds, 11 
(4, -1, 28), [1, 3, 40, 80, 640, 768, 4096], 3.16.d_bo_dc, 43 
(5, 0, -16), [1, 5, 0, -80, 0, 1280, 4096], 3.16.f_a_adc, 9 
(4, 1, -20), [1, 5, 0, -48, 0, 1280, 4096], 3.16.f_a_abw, -5 
(4, 1, -16), [1, 5, 4, -32, 64, 1280, 4096], 3.16.f_e_abg, -1 
(4, 1, -12), [1, 5, 8, -16, 128, 1280, 4096], 3.16.f_i_aq, 3 
(8, -3, 16), [1, 5, 8, 32, 128, 1280, 4096], 3.16.f_i_bg, 71 
(4, 1, -8), [1, 5, 12, 0, 192, 1280, 4096], 3.16.f_m_a, 7 
(5, 0, 0), [1, 5, 16, 0, 256, 1280, 4096], 3.16.f_q_a, 25 
(4, 1, -4), [1, 5, 16, 16, 256, 1280, 4096], 3.16.f_q_q, 11 
(8, -3, 24), [1, 5, 16, 96, 256, 1280, 4096], 3.16.f_q_ds, 79 
(4, 1, 0), [1, 5, 20, 32, 320, 1280, 4096], 3.16.f_u_bg, 15 
(4, 1, 4), [1, 5, 24, 48, 384, 1280, 4096], 3.16.f_y_bw, 19 
(-4, 9, 44), [1, 5, 24, 112, 384, 1280, 4096], 3.16.f_y_ei, -21 
(4, 1, 8), [1, 5, 28, 64, 448, 1280, 4096], 3.16.f_bc_cm, 23 
(-4, 9, 48), [1, 5, 28, 96, 448, 1280, 4096], 3.16.f_bc_ds, -17 
(0, 5, 12), [1, 5, 28, 160, 448, 1280, 4096], 3.16.f_bc_ge, -13 
(0, 5, 16), [1, 5, 32, 160, 512, 1280, 4096], 3.16.f_bg_ge, -9 
(1, 4, 16), [1, 5, 36, 144, 576, 1280, 4096], 3.16.f_bk_fo, 1 
(0, 5, 20), [1, 5, 36, 160, 576, 1280, 4096], 3.16.f_bk_ge, -5 
(4, 1, 28), [1, 5, 48, 144, 768, 1280, 4096], 3.16.f_bw_fo, 43 
(8, -1, -8), [1, 7, 0, -96, 0, 1792, 4096], 3.16.h_a_ads, 55 
(8, -1, -4), [1, 7, 4, -64, 64, 1792, 4096], 3.16.h_e_acm, 59 
(7, 0, 0), [1, 7, 16, 0, 256, 1792, 4096], 3.16.h_q_a, 49 
(8, -1, 8), [1, 7, 16, 32, 256, 1792, 4096], 3.16.h_q_bg, 71 
(4, 3, -4), [1, 7, 24, 80, 384, 1792, 4096], 3.16.h_y_dc, 3 
(4, 3, 0), [1, 7, 28, 96, 448, 1792, 4096], 3.16.h_bc_ds, 7 
(8, -1, 24), [1, 7, 32, 160, 512, 1792, 4096], 3.16.h_bg_ge, 87 
(4, 3, 12), [1, 7, 40, 144, 640, 1792, 4096], 3.16.h_bo_fo, 19 
(4, 3, 16), [1, 7, 44, 160, 704, 1792, 4096], 3.16.h_bs_ge, 23 
(3, 4, 16), [1, 7, 44, 176, 704, 1792, 4096], 3.16.h_bs_gu, 9 
(4, 3, 20), [1, 7, 48, 176, 768, 1792, 4096], 3.16.h_bw_gu, 27 
(8, 1, -8), [1, 9, 16, -32, 256, 2304, 4096], 3.16.j_q_abg, 55 
(8, 1, 8), [1, 9, 32, 96, 512, 2304, 4096], 3.16.j_bg_ds, 71 
(4, 5, 12), [1, 9, 48, 208, 768, 2304, 4096], 3.16.j_bw_ia, 3 
(8, 1, 24), [1, 9, 48, 224, 768, 2304, 4096], 3.16.j_bw_iq, 87 
(5, 4, 16), [1, 9, 52, 208, 832, 2304, 4096], 3.16.j_ca_ia, 25 
(4, 5, 16), [1, 9, 52, 224, 832, 2304, 4096], 3.16.j_ca_iq, 7 
(4, 5, 20), [1, 9, 56, 240, 896, 2304, 4096], 3.16.j_ce_jg, 11 
(4, 5, 24), [1, 9, 60, 256, 960, 2304, 4096], 3.16.j_ci_jw, 15 
(0, 9, 44), [1, 9, 60, 288, 960, 2304, 4096], 3.16.j_ci_lc, -37 
(4, 5, 28), [1, 9, 64, 272, 1024, 2304, 4096], 3.16.j_cm_km, 19 
(0, 9, 48), [1, 9, 64, 288, 1024, 2304, 4096], 3.16.j_cm_lc, -33 
(7, 4, 16), [1, 11, 60, 240, 960, 2816, 4096], 3.16.l_ci_jg, 49 
(8, 3, 24), [1, 11, 64, 288, 1024, 2816, 4096], 3.16.l_cm_lc, 79 
(4, 7, 28), [1, 11, 72, 336, 1152, 2816, 4096], 3.16.l_cu_my, -5 
(4, 7, 36), [1, 11, 80, 368, 1280, 2816, 4096], 3.16.l_dc_oe, 3 
(8, 5, 24), [1, 13, 80, 352, 1280, 3328, 4096], 3.16.n_dc_no, 63 
(4, 9, 44), [1, 13, 96, 464, 1536, 3328, 4096], 3.16.n_ds_rw, -21 
(8, 7, 40), [1, 15, 112, 544, 1792, 3840, 4096], 3.16.p_ei_uy, 55 
