(-10, -9, 65), [1, -19, 180, -1100, 4500, -11875, 15625], 3.25.at_gy_abqi, 84 
(-10, -8, 55), [1, -18, 160, -950, 4000, -11250, 15625], 3.25.as_ge_abko, 91 
(-10, -7, 45), [1, -17, 140, -800, 3500, -10625, 15625], 3.25.ar_fk_abeu, 96 
(-10, -6, 35), [1, -16, 120, -650, 3000, -10000, 15625], 3.25.aq_eq_aza, 99 
(-10, -4, 10), [1, -14, 75, -300, 1875, -8750, 15625], 3.25.ao_cx_alo, 94 
(-10, -4, 15), [1, -14, 80, -350, 2000, -8750, 15625], 3.25.ao_dc_anm, 99 
(-10, -4, 30), [1, -14, 95, -500, 2375, -8750, 15625], 3.25.ao_dr_atg, 114 
(-9, -5, 25), [1, -14, 95, -475, 2375, -8750, 15625], 3.25.ao_dr_ash, 81 
(-10, -4, 40), [1, -14, 105, -600, 2625, -8750, 15625], 3.25.ao_eb_axc, 124 
(-5, -9, 45), [1, -14, 115, -675, 2875, -8750, 15625], 3.25.ao_el_azz, -11 
(-5, -9, 60), [1, -14, 130, -750, 3250, -8750, 15625], 3.25.ao_fa_abcw, 4 
(-10, -3, 5), [1, -13, 60, -200, 1500, -8125, 15625], 3.25.an_ci_ahs, 96 
(-10, -3, 30), [1, -13, 85, -450, 2125, -8125, 15625], 3.25.an_dh_ari, 121 
(-5, -8, 40), [1, -13, 105, -600, 2625, -8125, 15625], 3.25.an_eb_axc, 1 
(-10, -2, -5), [1, -12, 40, -50, 1000, -7500, 15625], 3.25.am_bo_aby, 91 
(-10, -2, 10), [1, -12, 55, -200, 1375, -7500, 15625], 3.25.am_cd_ahs, 106 
(-10, -2, 20), [1, -12, 65, -300, 1625, -7500, 15625], 3.25.am_cn_alo, 116 
(-7, -5, 25), [1, -12, 85, -425, 2125, -7500, 15625], 3.25.am_dh_aqj, 49 
(-10, -2, 45), [1, -12, 90, -550, 2250, -7500, 15625], 3.25.am_dm_ave, 141 
(-5, -7, 30), [1, -12, 90, -500, 2250, -7500, 15625], 3.25.am_dm_atg, 6 
(-5, -7, 35), [1, -12, 95, -525, 2375, -7500, 15625], 3.25.am_dr_auf, 11 
(-5, -7, 40), [1, -12, 100, -550, 2500, -7500, 15625], 3.25.am_dw_ave, 16 
(-10, -1, -15), [1, -11, 20, 100, 500, -6875, 15625], 3.25.al_u_dw, 84 
(-10, -1, 10), [1, -11, 45, -150, 1125, -6875, 15625], 3.25.al_bt_afu, 109 
(-10, -1, 35), [1, -11, 70, -400, 1750, -6875, 15625], 3.25.al_cs_apk, 134 
(-5, -6, 20), [1, -11, 75, -400, 1875, -6875, 15625], 3.25.al_cx_apk, 9 
(-6, -5, 25), [1, -11, 80, -400, 2000, -6875, 15625], 3.25.al_dc_apk, 36 
(-5, -6, 30), [1, -11, 85, -450, 2125, -6875, 15625], 3.25.al_dh_ari, 19 
(-10, 1, -35), [1, -9, -20, 400, -500, -5625, 15625], 3.25.aj_au_pk, 64 
(-10, 1, -10), [1, -9, 5, 150, 125, -5625, 15625], 3.25.aj_f_fu, 89 
(-10, 1, 15), [1, -9, 30, -100, 750, -5625, 15625], 3.25.aj_be_adw, 114 
(-10, 1, 40), [1, -9, 55, -350, 1375, -5625, 15625], 3.25.aj_cd_anm, 139 
(-5, -4, 20), [1, -9, 65, -300, 1625, -5625, 15625], 3.25.aj_cn_alo, 29 
(-4, -5, 25), [1, -9, 70, -350, 1750, -5625, 15625], 3.25.aj_cs_anm, 16 
(-9, 0, 50), [1, -9, 75, -450, 1875, -5625, 15625], 3.25.aj_cx_ari, 131 
(-10, 2, -20), [1, -8, -15, 300, -375, -5000, 15625], 3.25.ai_ap_lo, 76 
(-10, 2, 5), [1, -8, 10, 50, 250, -5000, 15625], 3.25.ai_k_by, 101 
(-10, 2, 10), [1, -8, 15, 0, 375, -5000, 15625], 3.25.ai_p_a, 106 
(-10, 2, 20), [1, -8, 25, -100, 625, -5000, 15625], 3.25.ai_z_adw, 116 
(-8, 0, 0), [1, -8, 25, 0, 625, -5000, 15625], 3.25.ai_z_a, 64 
(-5, -3, -10), [1, -8, 30, -100, 750, -5000, 15625], 3.25.ai_be_adw, 6 
(-10, 2, 30), [1, -8, 35, -200, 875, -5000, 15625], 3.25.ai_bj_ahs, 126 
(5, -13, 85), [1, -8, 45, -225, 1125, -5000, 15625], 3.25.ai_bt_air, -59 
(-5, -3, 15), [1, -8, 55, -225, 1375, -5000, 15625], 3.25.ai_cd_air, 31 
(-5, -3, 20), [1, -8, 60, -250, 1500, -5000, 15625], 3.25.ai_ci_ajq, 36 
(-3, -5, 25), [1, -8, 65, -325, 1625, -5000, 15625], 3.25.ai_cn_amn, 9 
(-8, 0, 50), [1, -8, 75, -400, 1875, -5000, 15625], 3.25.ai_cx_apk, 114 
(-10, 3, -5), [1, -7, -10, 200, -250, -4375, 15625], 3.25.ah_ak_hs, 86 
(-10, 3, 20), [1, -7, 15, -50, 375, -4375, 15625], 3.25.ah_p_aby, 111 
(-5, -2, -20), [1, -7, 15, 0, 375, -4375, 15625], 3.25.ah_p_a, 1 
(-5, -2, -10), [1, -7, 25, -50, 625, -4375, 15625], 3.25.ah_z_aby, 11 
(-10, 3, 45), [1, -7, 40, -300, 1000, -4375, 15625], 3.25.ah_bo_alo, 136 
(-5, -2, 10), [1, -7, 45, -150, 1125, -4375, 15625], 3.25.ah_bt_afu, 31 
(-2, -5, 25), [1, -7, 60, -300, 1500, -4375, 15625], 3.25.ah_ci_alo, 4 
(-7, 0, 50), [1, -7, 75, -350, 1875, -4375, 15625], 3.25.ah_cx_anm, 99 
(-10, 4, 10), [1, -6, -5, 100, -125, -3750, 15625], 3.25.ag_af_dw, 94 
(-5, -1, -30), [1, -6, 0, 100, 0, -3750, 15625], 3.25.ag_a_dw, -6 
(-6, 0, -25), [1, -6, 0, 150, 0, -3750, 15625], 3.25.ag_a_fu, 11 
(-5, -1, -20), [1, -6, 10, 50, 250, -3750, 15625], 3.25.ag_k_by, 4 
(-10, 4, 30), [1, -6, 15, -100, 375, -3750, 15625], 3.25.ag_p_adw, 114 
(-5, -1, -15), [1, -6, 15, 25, 375, -3750, 15625], 3.25.ag_p_z, 9 
(-6, 0, 0), [1, -6, 25, 0, 625, -3750, 15625], 3.25.ag_z_a, 36 
(-5, -1, 5), [1, -6, 35, -75, 875, -3750, 15625], 3.25.ag_bj_acx, 29 
(5, -11, 70), [1, -6, 40, -200, 1000, -3750, 15625], 3.25.ag_bo_ahs, -26 
(-5, -1, 10), [1, -6, 40, -100, 1000, -3750, 15625], 3.25.ag_bo_adw, 34 
(-1, -5, 25), [1, -6, 55, -275, 1375, -3750, 15625], 3.25.ag_cd_akp, 1 
(-6, 0, 50), [1, -6, 75, -300, 1875, -3750, 15625], 3.25.ag_cx_alo, 86 
(-5, 1, -30), [1, -4, -10, 200, -250, -2500, 15625], 3.25.ae_ak_hs, -6 
(-5, 1, -20), [1, -4, 0, 150, 0, -2500, 15625], 3.25.ae_a_fu, 4 
(-10, 6, 40), [1, -4, 5, -100, 125, -2500, 15625], 3.25.ae_f_adw, 104 
(-9, 5, 25), [1, -4, 5, 25, 125, -2500, 15625], 3.25.ae_f_z, 81 
(-5, 1, -5), [1, -4, 15, 75, 375, -2500, 15625], 3.25.ae_p_cx, 19 
(5, -9, 45), [1, -4, 25, -225, 625, -2500, 15625], 3.25.ae_z_air, -11 
(-4, 0, 0), [1, -4, 25, 0, 625, -2500, 15625], 3.25.ae_z_a, 16 
(-5, 1, 10), [1, -4, 30, 0, 750, -2500, 15625], 3.25.ae_be_a, 34 
(5, -9, 55), [1, -4, 35, -175, 875, -2500, 15625], 3.25.ae_bj_agt, -1 
(5, -9, 60), [1, -4, 40, -150, 1000, -2500, 15625], 3.25.ae_bo_afu, 4 
(1, -5, 25), [1, -4, 45, -225, 1125, -2500, 15625], 3.25.ae_bt_air, 1 
(-5, 1, 45), [1, -4, 65, -175, 1625, -2500, 15625], 3.25.ae_cn_agt, 69 
(-4, 0, 50), [1, -4, 75, -200, 1875, -2500, 15625], 3.25.ae_cx_ahs, 66 
(-10, 7, 30), [1, -3, -15, 50, -375, -1875, 15625], 3.25.ad_ap_by, 81 
(-10, 7, 40), [1, -3, -5, -50, -125, -1875, 15625], 3.25.ad_af_aby, 91 
(-5, 2, -10), [1, -3, 5, 150, 125, -1875, 15625], 3.25.ad_f_fu, 11 
(-10, 7, 55), [1, -3, 10, -200, 250, -1875, 15625], 3.25.ad_k_ahs, 106 
(-8, 5, 25), [1, -3, 10, 50, 250, -1875, 15625], 3.25.ad_k_by, 64 
(5, -8, 40), [1, -3, 25, -200, 625, -1875, 15625], 3.25.ad_z_ahs, 1 
(-3, 0, 0), [1, -3, 25, 0, 625, -1875, 15625], 3.25.ad_z_a, 9 
(2, -5, 25), [1, -3, 40, -200, 1000, -1875, 15625], 3.25.ad_bo_ahs, 4 
(5, -8, 60), [1, -3, 45, -100, 1125, -1875, 15625], 3.25.ad_bt_adw, 21 
(-5, 2, 40), [1, -3, 55, -100, 1375, -1875, 15625], 3.25.ad_cd_adw, 61 
(-10, 8, 45), [1, -2, -10, -50, -250, -1250, 15625], 3.25.ac_ak_aby, 81 
(-5, 3, -15), [1, -2, -5, 225, -125, -1250, 15625], 3.25.ac_af_ir, 1 
(-5, 3, -10), [1, -2, 0, 200, 0, -1250, 15625], 3.25.ac_a_hs, 6 
(-7, 5, 25), [1, -2, 15, 75, 375, -1250, 15625], 3.25.ac_p_cx, 49 
(5, -7, 30), [1, -2, 20, -200, 500, -1250, 15625], 3.25.ac_u_ahs, 6 
(-2, 0, 0), [1, -2, 25, 0, 625, -1250, 15625], 3.25.ac_z_a, 4 
(5, -7, 40), [1, -2, 30, -150, 750, -1250, 15625], 3.25.ac_be_afu, 16 
(-5, 3, 20), [1, -2, 30, 50, 750, -1250, 15625], 3.25.ac_be_by, 36 
(-5, 3, 35), [1, -2, 45, -25, 1125, -1250, 15625], 3.25.ac_bt_az, 51 
(-2, 0, 50), [1, -2, 75, -100, 1875, -1250, 15625], 3.25.ac_cx_adw, 54 
(10, -11, 65), [1, -1, -20, 100, -500, -625, 15625], 3.25.ab_au_dw, 44 
(-10, 9, 60), [1, -1, -5, -150, -125, -625, 15625], 3.25.ab_af_afu, 79 
(5, -6, 20), [1, -1, 15, -200, 375, -625, 15625], 3.25.ab_p_ahs, 9 
(-6, 5, 25), [1, -1, 20, 100, 500, -625, 15625], 3.25.ab_u_dw, 36 
(5, -6, 30), [1, -1, 25, -150, 625, -625, 15625], 3.25.ab_z_afu, 19 
(-1, 0, 0), [1, -1, 25, 0, 625, -625, 15625], 3.25.ab_z_a, 1 
(4, -5, 25), [1, -1, 30, -150, 750, -625, 15625], 3.25.ab_be_afu, 16 
(5, -6, 40), [1, -1, 35, -100, 875, -625, 15625], 3.25.ab_bj_adw, 29 
(-5, 4, 30), [1, -1, 35, 50, 875, -625, 15625], 3.25.ab_bj_by, 39 
(-5, 4, 40), [1, -1, 45, 0, 1125, -625, 15625], 3.25.ab_bt_a, 49 
(-10, 11, 65), [1, 1, -20, -100, -500, 625, 15625], 3.25.b_au_adw, 44 
(10, -9, 60), [1, 1, -5, 150, -125, 625, 15625], 3.25.b_af_fu, 79 
(-5, 6, 20), [1, 1, 15, 200, 375, 625, 15625], 3.25.b_p_hs, 9 
(6, -5, 25), [1, 1, 20, -100, 500, 625, 15625], 3.25.b_u_adw, 36 
(1, 0, 0), [1, 1, 25, 0, 625, 625, 15625], 3.25.b_z_a, 1 
(-5, 6, 30), [1, 1, 25, 150, 625, 625, 15625], 3.25.b_z_fu, 19 
(-4, 5, 25), [1, 1, 30, 150, 750, 625, 15625], 3.25.b_be_fu, 16 
(5, -4, 30), [1, 1, 35, -50, 875, 625, 15625], 3.25.b_bj_aby, 39 
(-5, 6, 40), [1, 1, 35, 100, 875, 625, 15625], 3.25.b_bj_dw, 29 
(5, -4, 40), [1, 1, 45, 0, 1125, 625, 15625], 3.25.b_bt_a, 49 
(10, -8, 45), [1, 2, -10, 50, -250, 1250, 15625], 3.25.c_ak_by, 81 
(5, -3, -15), [1, 2, -5, -225, -125, 1250, 15625], 3.25.c_af_air, 1 
(5, -3, -10), [1, 2, 0, -200, 0, 1250, 15625], 3.25.c_a_ahs, 6 
(7, -5, 25), [1, 2, 15, -75, 375, 1250, 15625], 3.25.c_p_acx, 49 
(-5, 7, 30), [1, 2, 20, 200, 500, 1250, 15625], 3.25.c_u_hs, 6 
(2, 0, 0), [1, 2, 25, 0, 625, 1250, 15625], 3.25.c_z_a, 4 
(5, -3, 20), [1, 2, 30, -50, 750, 1250, 15625], 3.25.c_be_aby, 36 
(-5, 7, 40), [1, 2, 30, 150, 750, 1250, 15625], 3.25.c_be_fu, 16 
(5, -3, 35), [1, 2, 45, 25, 1125, 1250, 15625], 3.25.c_bt_z, 51 
(2, 0, 50), [1, 2, 75, 100, 1875, 1250, 15625], 3.25.c_cx_dw, 54 
(10, -7, 30), [1, 3, -15, -50, -375, 1875, 15625], 3.25.d_ap_aby, 81 
(10, -7, 40), [1, 3, -5, 50, -125, 1875, 15625], 3.25.d_af_by, 91 
(5, -2, -10), [1, 3, 5, -150, 125, 1875, 15625], 3.25.d_f_afu, 11 
(8, -5, 25), [1, 3, 10, -50, 250, 1875, 15625], 3.25.d_k_aby, 64 
(10, -7, 55), [1, 3, 10, 200, 250, 1875, 15625], 3.25.d_k_hs, 106 
(3, 0, 0), [1, 3, 25, 0, 625, 1875, 15625], 3.25.d_z_a, 9 
(-5, 8, 40), [1, 3, 25, 200, 625, 1875, 15625], 3.25.d_z_hs, 1 
(-2, 5, 25), [1, 3, 40, 200, 1000, 1875, 15625], 3.25.d_bo_hs, 4 
(-5, 8, 60), [1, 3, 45, 100, 1125, 1875, 15625], 3.25.d_bt_dw, 21 
(5, -2, 40), [1, 3, 55, 100, 1375, 1875, 15625], 3.25.d_cd_dw, 61 
(5, -1, -30), [1, 4, -10, -200, -250, 2500, 15625], 3.25.e_ak_ahs, -6 
(5, -1, -20), [1, 4, 0, -150, 0, 2500, 15625], 3.25.e_a_afu, 4 
(9, -5, 25), [1, 4, 5, -25, 125, 2500, 15625], 3.25.e_f_az, 81 
(10, -6, 40), [1, 4, 5, 100, 125, 2500, 15625], 3.25.e_f_dw, 104 
(5, -1, -5), [1, 4, 15, -75, 375, 2500, 15625], 3.25.e_p_acx, 19 
(4, 0, 0), [1, 4, 25, 0, 625, 2500, 15625], 3.25.e_z_a, 16 
(-5, 9, 45), [1, 4, 25, 225, 625, 2500, 15625], 3.25.e_z_ir, -11 
(5, -1, 10), [1, 4, 30, 0, 750, 2500, 15625], 3.25.e_be_a, 34 
(-5, 9, 55), [1, 4, 35, 175, 875, 2500, 15625], 3.25.e_bj_gt, -1 
(-5, 9, 60), [1, 4, 40, 150, 1000, 2500, 15625], 3.25.e_bo_fu, 4 
(-1, 5, 25), [1, 4, 45, 225, 1125, 2500, 15625], 3.25.e_bt_ir, 1 
(5, -1, 45), [1, 4, 65, 175, 1625, 2500, 15625], 3.25.e_cn_gt, 69 
(4, 0, 50), [1, 4, 75, 200, 1875, 2500, 15625], 3.25.e_cx_hs, 66 
(10, -4, 10), [1, 6, -5, -100, -125, 3750, 15625], 3.25.g_af_adw, 94 
(6, 0, -25), [1, 6, 0, -150, 0, 3750, 15625], 3.25.g_a_afu, 11 
(5, 1, -30), [1, 6, 0, -100, 0, 3750, 15625], 3.25.g_a_adw, -6 
(5, 1, -20), [1, 6, 10, -50, 250, 3750, 15625], 3.25.g_k_aby, 4 
(5, 1, -15), [1, 6, 15, -25, 375, 3750, 15625], 3.25.g_p_az, 9 
(10, -4, 30), [1, 6, 15, 100, 375, 3750, 15625], 3.25.g_p_dw, 114 
(6, 0, 0), [1, 6, 25, 0, 625, 3750, 15625], 3.25.g_z_a, 36 
(5, 1, 5), [1, 6, 35, 75, 875, 3750, 15625], 3.25.g_bj_cx, 29 
(5, 1, 10), [1, 6, 40, 100, 1000, 3750, 15625], 3.25.g_bo_dw, 34 
(-5, 11, 70), [1, 6, 40, 200, 1000, 3750, 15625], 3.25.g_bo_hs, -26 
(1, 5, 25), [1, 6, 55, 275, 1375, 3750, 15625], 3.25.g_cd_kp, 1 
(6, 0, 50), [1, 6, 75, 300, 1875, 3750, 15625], 3.25.g_cx_lo, 86 
(10, -3, -5), [1, 7, -10, -200, -250, 4375, 15625], 3.25.h_ak_ahs, 86 
(5, 2, -20), [1, 7, 15, 0, 375, 4375, 15625], 3.25.h_p_a, 1 
(10, -3, 20), [1, 7, 15, 50, 375, 4375, 15625], 3.25.h_p_by, 111 
(5, 2, -10), [1, 7, 25, 50, 625, 4375, 15625], 3.25.h_z_by, 11 
(10, -3, 45), [1, 7, 40, 300, 1000, 4375, 15625], 3.25.h_bo_lo, 136 
(5, 2, 10), [1, 7, 45, 150, 1125, 4375, 15625], 3.25.h_bt_fu, 31 
(2, 5, 25), [1, 7, 60, 300, 1500, 4375, 15625], 3.25.h_ci_lo, 4 
(7, 0, 50), [1, 7, 75, 350, 1875, 4375, 15625], 3.25.h_cx_nm, 99 
(10, -2, -20), [1, 8, -15, -300, -375, 5000, 15625], 3.25.i_ap_alo, 76 
(10, -2, 5), [1, 8, 10, -50, 250, 5000, 15625], 3.25.i_k_aby, 101 
(10, -2, 10), [1, 8, 15, 0, 375, 5000, 15625], 3.25.i_p_a, 106 
(8, 0, 0), [1, 8, 25, 0, 625, 5000, 15625], 3.25.i_z_a, 64 
(10, -2, 20), [1, 8, 25, 100, 625, 5000, 15625], 3.25.i_z_dw, 116 
(5, 3, -10), [1, 8, 30, 100, 750, 5000, 15625], 3.25.i_be_dw, 6 
(10, -2, 30), [1, 8, 35, 200, 875, 5000, 15625], 3.25.i_bj_hs, 126 
(-5, 13, 85), [1, 8, 45, 225, 1125, 5000, 15625], 3.25.i_bt_ir, -59 
(5, 3, 15), [1, 8, 55, 225, 1375, 5000, 15625], 3.25.i_cd_ir, 31 
(5, 3, 20), [1, 8, 60, 250, 1500, 5000, 15625], 3.25.i_ci_jq, 36 
(3, 5, 25), [1, 8, 65, 325, 1625, 5000, 15625], 3.25.i_cn_mn, 9 
(8, 0, 50), [1, 8, 75, 400, 1875, 5000, 15625], 3.25.i_cx_pk, 114 
(10, -1, -35), [1, 9, -20, -400, -500, 5625, 15625], 3.25.j_au_apk, 64 
(10, -1, -10), [1, 9, 5, -150, 125, 5625, 15625], 3.25.j_f_afu, 89 
(10, -1, 15), [1, 9, 30, 100, 750, 5625, 15625], 3.25.j_be_dw, 114 
(10, -1, 40), [1, 9, 55, 350, 1375, 5625, 15625], 3.25.j_cd_nm, 139 
(5, 4, 20), [1, 9, 65, 300, 1625, 5625, 15625], 3.25.j_cn_lo, 29 
(4, 5, 25), [1, 9, 70, 350, 1750, 5625, 15625], 3.25.j_cs_nm, 16 
(9, 0, 50), [1, 9, 75, 450, 1875, 5625, 15625], 3.25.j_cx_ri, 131 
(10, 1, -15), [1, 11, 20, -100, 500, 6875, 15625], 3.25.l_u_adw, 84 
(10, 1, 10), [1, 11, 45, 150, 1125, 6875, 15625], 3.25.l_bt_fu, 109 
(10, 1, 35), [1, 11, 70, 400, 1750, 6875, 15625], 3.25.l_cs_pk, 134 
(5, 6, 20), [1, 11, 75, 400, 1875, 6875, 15625], 3.25.l_cx_pk, 9 
(6, 5, 25), [1, 11, 80, 400, 2000, 6875, 15625], 3.25.l_dc_pk, 36 
(5, 6, 30), [1, 11, 85, 450, 2125, 6875, 15625], 3.25.l_dh_ri, 19 
(10, 2, -5), [1, 12, 40, 50, 1000, 7500, 15625], 3.25.m_bo_by, 91 
(10, 2, 10), [1, 12, 55, 200, 1375, 7500, 15625], 3.25.m_cd_hs, 106 
(10, 2, 20), [1, 12, 65, 300, 1625, 7500, 15625], 3.25.m_cn_lo, 116 
(7, 5, 25), [1, 12, 85, 425, 2125, 7500, 15625], 3.25.m_dh_qj, 49 
(5, 7, 30), [1, 12, 90, 500, 2250, 7500, 15625], 3.25.m_dm_tg, 6 
(10, 2, 45), [1, 12, 90, 550, 2250, 7500, 15625], 3.25.m_dm_ve, 141 
(5, 7, 35), [1, 12, 95, 525, 2375, 7500, 15625], 3.25.m_dr_uf, 11 
(5, 7, 40), [1, 12, 100, 550, 2500, 7500, 15625], 3.25.m_dw_ve, 16 
(10, 3, 5), [1, 13, 60, 200, 1500, 8125, 15625], 3.25.n_ci_hs, 96 
(10, 3, 30), [1, 13, 85, 450, 2125, 8125, 15625], 3.25.n_dh_ri, 121 
(5, 8, 40), [1, 13, 105, 600, 2625, 8125, 15625], 3.25.n_eb_xc, 1 
(10, 4, 10), [1, 14, 75, 300, 1875, 8750, 15625], 3.25.o_cx_lo, 94 
(10, 4, 15), [1, 14, 80, 350, 2000, 8750, 15625], 3.25.o_dc_nm, 99 
(9, 5, 25), [1, 14, 95, 475, 2375, 8750, 15625], 3.25.o_dr_sh, 81 
(10, 4, 30), [1, 14, 95, 500, 2375, 8750, 15625], 3.25.o_dr_tg, 114 
(10, 4, 40), [1, 14, 105, 600, 2625, 8750, 15625], 3.25.o_eb_xc, 124 
(5, 9, 45), [1, 14, 115, 675, 2875, 8750, 15625], 3.25.o_el_zz, -11 
(5, 9, 60), [1, 14, 130, 750, 3250, 8750, 15625], 3.25.o_fa_bcw, 4 
(10, 6, 35), [1, 16, 120, 650, 3000, 10000, 15625], 3.25.q_eq_za, 99 
(10, 7, 45), [1, 17, 140, 800, 3500, 10625, 15625], 3.25.r_fk_beu, 96 
(10, 8, 55), [1, 18, 160, 950, 4000, 11250, 15625], 3.25.s_ge_bko, 91 
(10, 9, 65), [1, 19, 180, 1100, 4500, 11875, 15625], 3.25.t_gy_bqi, 84 
