(-6, -7, 27), [1, -13, 78, -288, 702, -1053, 729], 3.9.an_da_alc, 14 
(-6, -5, 15), [1, -11, 54, -180, 486, -891, 729], 3.9.al_cc_agy, 26 
(-6, -5, 21), [1, -11, 60, -216, 540, -891, 729], 3.9.al_ci_aii, 32 
(-6, -4, 9), [1, -10, 42, -126, 378, -810, 729], 3.9.ak_bq_aew, 29 
(-3, -7, 27), [1, -10, 57, -207, 513, -810, 729], 3.9.ak_cf_ahz, -13 
(-6, -2, 0), [1, -8, 21, -36, 189, -648, 729], 3.9.ai_v_abk, 32 
(-6, -2, 6), [1, -8, 27, -72, 243, -648, 729], 3.9.ai_bb_acu, 38 
(-6, -2, 9), [1, -8, 30, -90, 270, -648, 729], 3.9.ai_be_adm, 41 
(-5, -3, 9), [1, -8, 33, -99, 297, -648, 729], 3.9.ai_bh_adv, 25 
(-3, -5, 15), [1, -8, 39, -135, 351, -648, 729], 3.9.ai_bn_aff, -1 
(-3, -5, 21), [1, -8, 45, -153, 405, -648, 729], 3.9.ai_bt_afx, 5 
(-6, -1, -9), [1, -7, 6, 36, 54, -567, 729], 3.9.ah_g_bk, 26 
(-6, -1, -6), [1, -7, 9, 18, 81, -567, 729], 3.9.ah_j_s, 29 
(-6, -1, -3), [1, -7, 12, 0, 108, -567, 729], 3.9.ah_m_a, 32 
(-6, -1, 0), [1, -7, 15, -18, 135, -567, 729], 3.9.ah_p_as, 35 
(-6, -1, 3), [1, -7, 18, -36, 162, -567, 729], 3.9.ah_s_abk, 38 
(-6, -1, 9), [1, -7, 24, -72, 216, -567, 729], 3.9.ah_y_acu, 44 
(-3, -4, 9), [1, -7, 30, -99, 270, -567, 729], 3.9.ah_be_adv, 2 
(0, -7, 27), [1, -7, 36, -126, 324, -567, 729], 3.9.ah_bk_aew, -22 
(-3, -4, 15), [1, -7, 36, -117, 324, -567, 729], 3.9.ah_bk_aen, 8 
(-6, 1, -9), [1, -5, -6, 72, -54, -405, 729], 3.9.af_ag_cu, 26 
(-6, 1, -3), [1, -5, 0, 36, 0, -405, 729], 3.9.af_a_bk, 32 
(-5, 0, -9), [1, -5, 0, 45, 0, -405, 729], 3.9.af_a_bt, 16 
(-6, 1, 0), [1, -5, 3, 18, 27, -405, 729], 3.9.af_d_s, 35 
(-6, 1, 3), [1, -5, 6, 0, 54, -405, 729], 3.9.af_g_a, 38 
(-6, 1, 9), [1, -5, 12, -36, 108, -405, 729], 3.9.af_m_abk, 44 
(-3, -2, 0), [1, -5, 15, -36, 135, -405, 729], 3.9.af_p_abk, 5 
(-3, -2, 6), [1, -5, 21, -54, 189, -405, 729], 3.9.af_v_acc, 11 
(0, -5, 15), [1, -5, 24, -90, 216, -405, 729], 3.9.af_y_adm, -10 
(-3, -2, 9), [1, -5, 24, -63, 216, -405, 729], 3.9.af_y_acl, 14 
(-3, -2, 12), [1, -5, 27, -72, 243, -405, 729], 3.9.af_bb_acu, 17 
(0, -5, 21), [1, -5, 30, -90, 270, -405, 729], 3.9.af_be_adm, -4 
(-6, 2, 0), [1, -4, -3, 36, -27, -324, 729], 3.9.ae_ad_bk, 32 
(-3, -1, -9), [1, -4, 3, 9, 27, -324, 729], 3.9.ae_d_j, -1 
(-6, 2, 9), [1, -4, 6, -18, 54, -324, 729], 3.9.ae_g_as, 41 
(-6, 2, 12), [1, -4, 9, -36, 81, -324, 729], 3.9.ae_j_abk, 44 
(-3, -1, -3), [1, -4, 9, -9, 81, -324, 729], 3.9.ae_j_aj, 5 
(-4, 0, 0), [1, -4, 9, 0, 81, -324, 729], 3.9.ae_j_a, 16 
(-3, -1, 0), [1, -4, 12, -18, 108, -324, 729], 3.9.ae_m_as, 8 
(3, -7, 27), [1, -4, 15, -45, 135, -324, 729], 3.9.ae_p_abt, -13 
(-3, -1, 3), [1, -4, 15, -27, 135, -324, 729], 3.9.ae_p_abb, 11 
(-3, -1, 9), [1, -4, 21, -45, 189, -324, 729], 3.9.ae_v_abt, 17 
(0, -4, 15), [1, -4, 24, -72, 216, -324, 729], 3.9.ae_y_acu, -1 
(-6, 4, 9), [1, -2, -6, 18, -54, -162, 729], 3.9.ac_ag_s, 29 
(-3, 1, -9), [1, -2, -3, 45, -27, -162, 729], 3.9.ac_ad_bt, -1 
(-6, 4, 15), [1, -2, 0, -18, 0, -162, 729], 3.9.ac_a_as, 35 
(-3, 1, -6), [1, -2, 0, 36, 0, -162, 729], 3.9.ac_a_bk, 2 
(-3, 1, -3), [1, -2, 3, 27, 27, -162, 729], 3.9.ac_d_bb, 5 
(-3, 1, 0), [1, -2, 6, 18, 54, -162, 729], 3.9.ac_g_s, 8 
(3, -5, 15), [1, -2, 9, -45, 81, -162, 729], 3.9.ac_j_abt, -1 
(-3, 1, 3), [1, -2, 9, 9, 81, -162, 729], 3.9.ac_j_j, 11 
(0, -2, 6), [1, -2, 15, -36, 135, -162, 729], 3.9.ac_p_abk, 2 
(-3, 1, 9), [1, -2, 15, -9, 135, -162, 729], 3.9.ac_p_aj, 17 
(0, -2, 12), [1, -2, 21, -36, 189, -162, 729], 3.9.ac_v_abk, 8 
(-6, 5, 15), [1, -1, -6, 0, -54, -81, 729], 3.9.ab_ag_a, 26 
(6, -7, 27), [1, -1, -6, 36, -54, -81, 729], 3.9.ab_ag_bk, 14 
(-6, 5, 21), [1, -1, 0, -36, 0, -81, 729], 3.9.ab_a_abk, 32 
(-1, 0, -9), [1, -1, 0, 9, 0, -81, 729], 3.9.ab_a_j, -8 
(0, -1, -6), [1, -1, 3, -18, 27, -81, 729], 3.9.ab_d_as, -7 
(-3, 2, 0), [1, -1, 3, 36, 27, -81, 729], 3.9.ab_d_bk, 5 
(3, -4, 9), [1, -1, 6, -45, 54, -81, 729], 3.9.ab_g_abt, 2 
(0, -1, -3), [1, -1, 6, -18, 54, -81, 729], 3.9.ab_g_as, -4 
(-1, 0, 0), [1, -1, 9, 0, 81, -81, 729], 3.9.ab_j_a, 1 
(-3, 2, 6), [1, -1, 9, 18, 81, -81, 729], 3.9.ab_j_s, 11 
(2, -3, 9), [1, -1, 12, -36, 108, -81, 729], 3.9.ab_m_abk, 4 
(3, -4, 15), [1, -1, 12, -27, 108, -81, 729], 3.9.ab_m_abb, 8 
(0, -1, 3), [1, -1, 12, -18, 108, -81, 729], 3.9.ab_m_as, 2 
(-3, 2, 9), [1, -1, 12, 9, 108, -81, 729], 3.9.ab_m_j, 14 
(-3, 2, 12), [1, -1, 15, 0, 135, -81, 729], 3.9.ab_p_a, 17 
(0, -1, 9), [1, -1, 18, -18, 162, -81, 729], 3.9.ab_s_as, 8 
(-6, 7, 27), [1, 1, -6, -36, -54, 81, 729], 3.9.b_ag_abk, 14 
(6, -5, 15), [1, 1, -6, 0, -54, 81, 729], 3.9.b_ag_a, 26 
(1, 0, -9), [1, 1, 0, -9, 0, 81, 729], 3.9.b_a_aj, -8 
(6, -5, 21), [1, 1, 0, 36, 0, 81, 729], 3.9.b_a_bk, 32 
(3, -2, 0), [1, 1, 3, -36, 27, 81, 729], 3.9.b_d_abk, 5 
(0, 1, -6), [1, 1, 3, 18, 27, 81, 729], 3.9.b_d_s, -7 
(0, 1, -3), [1, 1, 6, 18, 54, 81, 729], 3.9.b_g_s, -4 
(-3, 4, 9), [1, 1, 6, 45, 54, 81, 729], 3.9.b_g_bt, 2 
(3, -2, 6), [1, 1, 9, -18, 81, 81, 729], 3.9.b_j_as, 11 
(1, 0, 0), [1, 1, 9, 0, 81, 81, 729], 3.9.b_j_a, 1 
(3, -2, 9), [1, 1, 12, -9, 108, 81, 729], 3.9.b_m_aj, 14 
(0, 1, 3), [1, 1, 12, 18, 108, 81, 729], 3.9.b_m_s, 2 
(-3, 4, 15), [1, 1, 12, 27, 108, 81, 729], 3.9.b_m_bb, 8 
(-2, 3, 9), [1, 1, 12, 36, 108, 81, 729], 3.9.b_m_bk, 4 
(3, -2, 12), [1, 1, 15, 0, 135, 81, 729], 3.9.b_p_a, 17 
(0, 1, 9), [1, 1, 18, 18, 162, 81, 729], 3.9.b_s_s, 8 
(6, -4, 9), [1, 2, -6, -18, -54, 162, 729], 3.9.c_ag_as, 29 
(3, -1, -9), [1, 2, -3, -45, -27, 162, 729], 3.9.c_ad_abt, -1 
(3, -1, -6), [1, 2, 0, -36, 0, 162, 729], 3.9.c_a_abk, 2 
(6, -4, 15), [1, 2, 0, 18, 0, 162, 729], 3.9.c_a_s, 35 
(3, -1, -3), [1, 2, 3, -27, 27, 162, 729], 3.9.c_d_abb, 5 
(3, -1, 0), [1, 2, 6, -18, 54, 162, 729], 3.9.c_g_as, 8 
(3, -1, 3), [1, 2, 9, -9, 81, 162, 729], 3.9.c_j_aj, 11 
(-3, 5, 15), [1, 2, 9, 45, 81, 162, 729], 3.9.c_j_bt, -1 
(3, -1, 9), [1, 2, 15, 9, 135, 162, 729], 3.9.c_p_j, 17 
(0, 2, 6), [1, 2, 15, 36, 135, 162, 729], 3.9.c_p_bk, 2 
(0, 2, 12), [1, 2, 21, 36, 189, 162, 729], 3.9.c_v_bk, 8 
(6, -2, 0), [1, 4, -3, -36, -27, 324, 729], 3.9.e_ad_abk, 32 
(3, 1, -9), [1, 4, 3, -9, 27, 324, 729], 3.9.e_d_aj, -1 
(6, -2, 9), [1, 4, 6, 18, 54, 324, 729], 3.9.e_g_s, 41 
(4, 0, 0), [1, 4, 9, 0, 81, 324, 729], 3.9.e_j_a, 16 
(3, 1, -3), [1, 4, 9, 9, 81, 324, 729], 3.9.e_j_j, 5 
(6, -2, 12), [1, 4, 9, 36, 81, 324, 729], 3.9.e_j_bk, 44 
(3, 1, 0), [1, 4, 12, 18, 108, 324, 729], 3.9.e_m_s, 8 
(3, 1, 3), [1, 4, 15, 27, 135, 324, 729], 3.9.e_p_bb, 11 
(-3, 7, 27), [1, 4, 15, 45, 135, 324, 729], 3.9.e_p_bt, -13 
(3, 1, 9), [1, 4, 21, 45, 189, 324, 729], 3.9.e_v_bt, 17 
(0, 4, 15), [1, 4, 24, 72, 216, 324, 729], 3.9.e_y_cu, -1 
(6, -1, -9), [1, 5, -6, -72, -54, 405, 729], 3.9.f_ag_acu, 26 
(5, 0, -9), [1, 5, 0, -45, 0, 405, 729], 3.9.f_a_abt, 16 
(6, -1, -3), [1, 5, 0, -36, 0, 405, 729], 3.9.f_a_abk, 32 
(6, -1, 0), [1, 5, 3, -18, 27, 405, 729], 3.9.f_d_as, 35 
(6, -1, 3), [1, 5, 6, 0, 54, 405, 729], 3.9.f_g_a, 38 
(6, -1, 9), [1, 5, 12, 36, 108, 405, 729], 3.9.f_m_bk, 44 
(3, 2, 0), [1, 5, 15, 36, 135, 405, 729], 3.9.f_p_bk, 5 
(3, 2, 6), [1, 5, 21, 54, 189, 405, 729], 3.9.f_v_cc, 11 
(3, 2, 9), [1, 5, 24, 63, 216, 405, 729], 3.9.f_y_cl, 14 
(0, 5, 15), [1, 5, 24, 90, 216, 405, 729], 3.9.f_y_dm, -10 
(3, 2, 12), [1, 5, 27, 72, 243, 405, 729], 3.9.f_bb_cu, 17 
(0, 5, 21), [1, 5, 30, 90, 270, 405, 729], 3.9.f_be_dm, -4 
(6, 1, -9), [1, 7, 6, -36, 54, 567, 729], 3.9.h_g_abk, 26 
(6, 1, -6), [1, 7, 9, -18, 81, 567, 729], 3.9.h_j_as, 29 
(6, 1, -3), [1, 7, 12, 0, 108, 567, 729], 3.9.h_m_a, 32 
(6, 1, 0), [1, 7, 15, 18, 135, 567, 729], 3.9.h_p_s, 35 
(6, 1, 3), [1, 7, 18, 36, 162, 567, 729], 3.9.h_s_bk, 38 
(6, 1, 9), [1, 7, 24, 72, 216, 567, 729], 3.9.h_y_cu, 44 
(3, 4, 9), [1, 7, 30, 99, 270, 567, 729], 3.9.h_be_dv, 2 
(3, 4, 15), [1, 7, 36, 117, 324, 567, 729], 3.9.h_bk_en, 8 
(0, 7, 27), [1, 7, 36, 126, 324, 567, 729], 3.9.h_bk_ew, -22 
(6, 2, 0), [1, 8, 21, 36, 189, 648, 729], 3.9.i_v_bk, 32 
(6, 2, 6), [1, 8, 27, 72, 243, 648, 729], 3.9.i_bb_cu, 38 
(6, 2, 9), [1, 8, 30, 90, 270, 648, 729], 3.9.i_be_dm, 41 
(5, 3, 9), [1, 8, 33, 99, 297, 648, 729], 3.9.i_bh_dv, 25 
(3, 5, 15), [1, 8, 39, 135, 351, 648, 729], 3.9.i_bn_ff, -1 
(3, 5, 21), [1, 8, 45, 153, 405, 648, 729], 3.9.i_bt_fx, 5 
(6, 4, 9), [1, 10, 42, 126, 378, 810, 729], 3.9.k_bq_ew, 29 
(3, 7, 27), [1, 10, 57, 207, 513, 810, 729], 3.9.k_cf_hz, -13 
(6, 5, 15), [1, 11, 54, 180, 486, 891, 729], 3.9.l_cc_gy, 26 
(6, 5, 21), [1, 11, 60, 216, 540, 891, 729], 3.9.l_ci_ii, 32 
(6, 7, 27), [1, 13, 78, 288, 702, 1053, 729], 3.9.n_da_lc, 14 
