(-8, -4, 16), [1, -12, 64, -256, 1024, -3072, 4096], 3.16.am_cm_ajw, 64 
(-8, 0, -16), [1, -8, 0, 128, 0, -2048, 4096], 3.16.ai_a_ey, 48 
(-8, 0, 0), [1, -8, 16, 0, 256, -2048, 4096], 3.16.ai_q_a, 64 
(-4, -4, 16), [1, -8, 48, -192, 768, -2048, 4096], 3.16.ai_bw_ahk, 16 
(-8, 4, 16), [1, -4, 0, 0, 0, -1024, 4096], 3.16.ae_a_a, 64 
(-4, 0, -16), [1, -4, 0, 64, 0, -1024, 4096], 3.16.ae_a_cm, 0 
(-4, 0, 0), [1, -4, 16, 0, 256, -1024, 4096], 3.16.ae_q_a, 16 
(0, -4, 16), [1, -4, 32, -128, 512, -1024, 4096], 3.16.ae_bg_aey, 0 
(0, 0, -16), [1, 0, 0, 0, 0, 0, 4096], 3.16.a_a_a, -16 
(4, -4, 16), [1, 0, 16, -64, 256, 0, 4096], 3.16.a_q_acm, 16 
(0, 0, 0), [1, 0, 16, 0, 256, 0, 4096], 3.16.a_q_a, 0 
(-4, 4, 16), [1, 0, 16, 64, 256, 0, 4096], 3.16.a_q_cm, 16 
(4, 0, -16), [1, 4, 0, -64, 0, 1024, 4096], 3.16.e_a_acm, 0 
(8, -4, 16), [1, 4, 0, 0, 0, 1024, 4096], 3.16.e_a_a, 64 
(4, 0, 0), [1, 4, 16, 0, 256, 1024, 4096], 3.16.e_q_a, 16 
(0, 4, 16), [1, 4, 32, 128, 512, 1024, 4096], 3.16.e_bg_ey, 0 
(8, 0, -16), [1, 8, 0, -128, 0, 2048, 4096], 3.16.i_a_aey, 48 
(8, 0, 0), [1, 8, 16, 0, 256, 2048, 4096], 3.16.i_q_a, 64 
(4, 4, 16), [1, 8, 48, 192, 768, 2048, 4096], 3.16.i_bw_hk, 16 
(8, 4, 16), [1, 12, 64, 256, 1024, 3072, 4096], 3.16.m_cm_jw, 64 
