(-2, -2, -2), [1, -6, 18, -32, 36, -24, 8], 3.2.ag_s_abg, -2 
(-2, -2, 0), [1, -4, 10, -16, 20, -16, 8], 3.2.ae_k_aq, 0 
(-2, -2, 2), [1, -2, 2, 0, 4, -8, 8], 3.2.ac_c_a, 2 
(-2, 0, 0), [1, -2, 6, -8, 12, -8, 8], 3.2.ac_g_ai, 4 
(-2, 0, 2), [1, 0, 2, 0, 4, 0, 8], 3.2.a_c_a, 6 
(0, 0, 0), [1, 0, 6, 0, 12, 0, 8], 3.2.a_g_a, 0 
(-2, 2, 2), [1, 2, 2, 0, 4, 8, 8], 3.2.c_c_a, 2 
(0, 0, 2), [1, 2, 6, 8, 12, 8, 8], 3.2.c_g_i, 2 
(0, 2, 2), [1, 4, 10, 16, 20, 16, 8], 3.2.e_k_q, -2 
(2, 2, 2), [1, 6, 18, 32, 36, 24, 8], 3.2.g_s_bg, 2 
