(-6, -6, 3), [1, -9, 27, -54, 243, -729, 729], 3.9.aj_bb_acc 
(-6, -3, 0), [1, -9, 45, -162, 405, -729, 729], 3.9.aj_bt_agg 
(-6, -3, 3), [1, -6, 18, -54, 162, -486, 729], 3.9.ag_s_acc 
(-3, -3, 0), [1, -6, 36, -108, 324, -486, 729], 3.9.ag_bk_aee 
(-6, -3, 6), [1, -3, -9, 54, -81, -243, 729], 3.9.ad_aj_cc 
(-6, 0, 3), [1, -3, 9, -54, 81, -243, 729], 3.9.ad_j_acc 
(-3, 0, 0), [1, -3, 27, -54, 243, -243, 729], 3.9.ad_bb_acc 
(-3, 0, 3), [1, 0, 18, 0, 162, 0, 729], 3.9.a_s_a 
(-6, 3, 6), [1, 3, -9, -54, -81, 243, 729], 3.9.d_aj_acc 
(-3, 0, 6), [1, 3, 9, 54, 81, 243, 729], 3.9.d_j_cc 
(0, 0, 3), [1, 3, 27, 54, 243, 243, 729], 3.9.d_bb_cc 
(-3, 3, 6), [1, 6, 18, 54, 162, 486, 729], 3.9.g_s_cc 
(0, 3, 3), [1, 6, 36, 108, 324, 486, 729], 3.9.g_bk_ee 
(-3, 6, 6), [1, 9, 27, 54, 243, 729, 729], 3.9.j_bb_cc 
(0, 3, 6), [1, 9, 45, 162, 405, 729, 729], 3.9.j_bt_gg 
