(-9, -9, -6), [1, -24, 258, -1590, 5934, -12696, 12167], 3.23.ay_jy_acje 
(-9, -8, -6), [1, -23, 243, -1490, 5589, -12167, 12167], 3.23.ax_jj_acfi 
(-9, -8, -5), [1, -22, 226, -1372, 5198, -11638, 12167], 3.23.aw_is_acau 
(-9, -7, -6), [1, -22, 228, -1390, 5244, -11638, 12167], 3.23.aw_iu_acbm 
(-8, -8, -6), [1, -22, 229, -1396, 5267, -11638, 12167], 3.23.aw_iv_acbs 
(-9, -8, -4), [1, -21, 209, -1254, 4807, -11109, 12167], 3.23.av_ib_abwg 
(-9, -6, -6), [1, -21, 213, -1290, 4899, -11109, 12167], 3.23.av_if_abxq 
(-8, -8, -5), [1, -21, 213, -1286, 4899, -11109, 12167], 3.23.av_if_abxm 
(-8, -7, -4), [1, -19, 185, -1098, 4255, -10051, 12167], 3.23.at_hd_abqg 
(-8, -6, -5), [1, -19, 187, -1114, 4301, -10051, 12167], 3.23.at_hf_abqw 
(-8, -5, -4), [1, -17, 161, -942, 3703, -8993, 12167], 3.23.ar_gf_abkg 
(-7, -6, -4), [1, -17, 163, -950, 3749, -8993, 12167], 3.23.ar_gh_abko 
(-7, -4, -4), [1, -15, 141, -802, 3243, -7935, 12167], 3.23.ap_fl_abew 
(-6, -6, -3), [1, -15, 141, -798, 3243, -7935, 12167], 3.23.ap_fl_abes 
(-6, -5, -3), [1, -14, 132, -734, 3036, -7406, 12167], 3.23.ao_fc_abcg 
(-6, -4, -4), [1, -14, 133, -740, 3059, -7406, 12167], 3.23.ao_fd_abcm 
(-6, -5, -2), [1, -13, 121, -658, 2783, -6877, 12167], 3.23.an_er_azi 
(-6, -4, -3), [1, -13, 123, -670, 2829, -6877, 12167], 3.23.an_et_azu 
(-6, -3, -2), [1, -11, 105, -542, 2415, -5819, 12167], 3.23.al_eb_auw 
(-5, -4, -2), [1, -11, 107, -546, 2461, -5819, 12167], 3.23.al_ed_ava 
(-4, -4, -2), [1, -10, 101, -492, 2323, -5290, 12167], 3.23.ak_dx_asy 
(-5, -2, -2), [1, -9, 93, -434, 2139, -4761, 12167], 3.23.aj_dp_aqs 
(-4, -4, -1), [1, -9, 93, -430, 2139, -4761, 12167], 3.23.aj_dp_aqo 
(-4, -2, -1), [1, -7, 83, -330, 1909, -3703, 12167], 3.23.ah_df_ams 
(1, 2, 4), [1, 7, 83, 330, 1909, 3703, 12167], 3.23.h_df_ms 
(1, 4, 4), [1, 9, 93, 430, 2139, 4761, 12167], 3.23.j_dp_qo 
(2, 2, 5), [1, 9, 93, 434, 2139, 4761, 12167], 3.23.j_dp_qs 
(2, 4, 4), [1, 10, 101, 492, 2323, 5290, 12167], 3.23.k_dx_sy 
(2, 3, 6), [1, 11, 105, 542, 2415, 5819, 12167], 3.23.l_eb_uw 
(2, 4, 5), [1, 11, 107, 546, 2461, 5819, 12167], 3.23.l_ed_va 
(2, 5, 6), [1, 13, 121, 658, 2783, 6877, 12167], 3.23.n_er_zi 
(3, 4, 6), [1, 13, 123, 670, 2829, 6877, 12167], 3.23.n_et_zu 
(3, 5, 6), [1, 14, 132, 734, 3036, 7406, 12167], 3.23.o_fc_bcg 
(4, 4, 6), [1, 14, 133, 740, 3059, 7406, 12167], 3.23.o_fd_bcm 
(3, 6, 6), [1, 15, 141, 798, 3243, 7935, 12167], 3.23.p_fl_bes 
(4, 4, 7), [1, 15, 141, 802, 3243, 7935, 12167], 3.23.p_fl_bew 
(4, 5, 8), [1, 17, 161, 942, 3703, 8993, 12167], 3.23.r_gf_bkg 
(4, 6, 7), [1, 17, 163, 950, 3749, 8993, 12167], 3.23.r_gh_bko 
(4, 7, 8), [1, 19, 185, 1098, 4255, 10051, 12167], 3.23.t_hd_bqg 
(5, 6, 8), [1, 19, 187, 1114, 4301, 10051, 12167], 3.23.t_hf_bqw 
(4, 8, 9), [1, 21, 209, 1254, 4807, 11109, 12167], 3.23.v_ib_bwg 
(5, 8, 8), [1, 21, 213, 1286, 4899, 11109, 12167], 3.23.v_if_bxm 
(6, 6, 9), [1, 21, 213, 1290, 4899, 11109, 12167], 3.23.v_if_bxq 
(5, 8, 9), [1, 22, 226, 1372, 5198, 11638, 12167], 3.23.w_is_cau 
(6, 7, 9), [1, 22, 228, 1390, 5244, 11638, 12167], 3.23.w_iu_cbm 
(6, 8, 8), [1, 22, 229, 1396, 5267, 11638, 12167], 3.23.w_iv_cbs 
(6, 8, 9), [1, 23, 243, 1490, 5589, 12167, 12167], 3.23.x_jj_cfi 
(6, 9, 9), [1, 24, 258, 1590, 5934, 12696, 12167], 3.23.y_jy_cje 
