(-6, -5, -5), [1, -16, 112, -438, 1008, -1296, 729], 3.9.aq_ei_aqw 
(-6, -5, -4), [1, -15, 101, -390, 909, -1215, 729], 3.9.ap_dx_apa 
(-6, -4, -4), [1, -14, 91, -348, 819, -1134, 729], 3.9.ao_dn_ank 
(-6, -5, -2), [1, -13, 79, -294, 711, -1053, 729], 3.9.an_db_ali 
(-5, -5, -3), [1, -13, 82, -309, 738, -1053, 729], 3.9.an_de_alx 
(-6, -5, -1), [1, -12, 68, -246, 612, -972, 729], 3.9.am_cq_ajm 
(-6, -4, -2), [1, -12, 71, -264, 639, -972, 729], 3.9.am_ct_ake 
(-5, -4, -3), [1, -12, 74, -276, 666, -972, 729], 3.9.am_cw_akq 
(-6, -4, -1), [1, -11, 61, -222, 549, -891, 729], 3.9.al_cj_aio 
(-4, -4, -3), [1, -11, 67, -246, 603, -891, 729], 3.9.al_cp_ajm 
(-6, -5, 1), [1, -10, 46, -150, 414, -810, 729], 3.9.ak_bu_afu 
(-6, -5, 2), [1, -9, 35, -102, 315, -729, 729], 3.9.aj_bj_ady 
(-6, -4, 1), [1, -9, 41, -138, 369, -729, 729], 3.9.aj_bp_afi 
(-6, -2, -1), [1, -9, 47, -174, 423, -729, 729], 3.9.aj_bv_ags 
(-5, -4, 0), [1, -9, 47, -162, 423, -729, 729], 3.9.aj_bv_agg 
(-5, -3, -1), [1, -9, 50, -177, 450, -729, 729], 3.9.aj_by_agv 
(-4, -3, -2), [1, -9, 53, -186, 477, -729, 729], 3.9.aj_cb_ahe 
(-4, -3, -1), [1, -8, 46, -156, 414, -648, 729], 3.9.ai_bu_aga 
(-6, -5, 4), [1, -7, 13, -6, 117, -567, 729], 3.9.ah_n_ag 
(-5, -5, 3), [1, -7, 22, -51, 198, -567, 729], 3.9.ah_w_abz 
(-6, -2, 1), [1, -7, 31, -114, 279, -567, 729], 3.9.ah_bf_aek 
(-5, -3, 1), [1, -7, 34, -111, 306, -567, 729], 3.9.ah_bi_aeh 
(-3, -2, -2), [1, -7, 43, -138, 387, -567, 729], 3.9.ah_br_afi 
(-6, -5, 5), [1, -6, 2, 42, 18, -486, 729], 3.9.ag_c_bq 
(-6, -1, 1), [1, -6, 26, -102, 234, -486, 729], 3.9.ag_ba_ady 
(-3, -2, -1), [1, -6, 38, -114, 342, -486, 729], 3.9.ag_bm_aek 
(-6, -4, 5), [1, -5, 1, 30, 9, -405, 729], 3.9.af_b_be 
(-6, -1, 2), [1, -5, 19, -78, 171, -405, 729], 3.9.af_t_ada 
(-4, -1, 0), [1, -5, 31, -90, 279, -405, 729], 3.9.af_bf_adm 
(-3, -1, -1), [1, -5, 34, -93, 306, -405, 729], 3.9.af_bi_adp 
(-5, -5, 6), [1, -4, -8, 78, -72, -324, 729], 3.9.ae_ai_da 
(-2, -2, 0), [1, -4, 31, -72, 279, -324, 729], 3.9.ae_bf_acu 
(-5, -4, 6), [1, -3, -7, 66, -63, -243, 729], 3.9.ad_ah_co 
(-6, -2, 5), [1, -3, -1, 6, -9, -243, 729], 3.9.ad_ab_g 
(-5, -3, 5), [1, -3, 2, 21, 18, -243, 729], 3.9.ad_c_v 
(-6, 1, 2), [1, -3, 11, -66, 99, -243, 729], 3.9.ad_l_aco 
(-5, -1, 3), [1, -3, 14, -39, 126, -243, 729], 3.9.ad_o_abn 
(-3, -1, 1), [1, -3, 26, -51, 234, -243, 729], 3.9.ad_ba_abz 
(-2, -1, 0), [1, -3, 29, -54, 261, -243, 729], 3.9.ad_bd_acc 
(-6, -1, 5), [1, -2, -2, -6, -18, -162, 729], 3.9.ac_ac_ag 
(-4, -3, 5), [1, -2, 4, 24, 36, -162, 729], 3.9.ac_e_y 
(-1, -1, 0), [1, -2, 28, -36, 252, -162, 729], 3.9.ac_bc_abk 
(-5, -2, 6), [1, -1, -5, 42, -45, -81, 729], 3.9.ab_af_bq 
(-6, 1, 4), [1, -1, 1, -42, 9, -81, 729], 3.9.ab_b_abq 
(-5, 1, 3), [1, -1, 10, -33, 90, -81, 729], 3.9.ab_k_abh 
(-3, 1, 1), [1, -1, 22, -21, 198, -81, 729], 3.9.ab_w_av 
(-2, 0, 1), [1, -1, 25, -18, 225, -81, 729], 3.9.ab_z_as 
(-6, 1, 5), [1, 0, -4, -30, -36, 0, 729], 3.9.a_ae_abe 
(-5, -1, 6), [1, 0, -4, 30, -36, 0, 729], 3.9.a_ae_be 
(-6, 2, 4), [1, 0, -1, -48, -9, 0, 729], 3.9.a_ab_abw 
(-4, -2, 6), [1, 0, -1, 48, -9, 0, 729], 3.9.a_ab_bw 
(-1, 0, 1), [1, 0, 26, 0, 234, 0, 729], 3.9.a_ba_a 
(-6, 2, 5), [1, 1, -5, -42, -45, 81, 729], 3.9.b_af_abq 
(-4, -1, 6), [1, 1, 1, 42, 9, 81, 729], 3.9.b_b_bq 
(-3, -1, 5), [1, 1, 10, 33, 90, 81, 729], 3.9.b_k_bh 
(-1, -1, 3), [1, 1, 22, 21, 198, 81, 729], 3.9.b_w_v 
(-1, 0, 2), [1, 1, 25, 18, 225, 81, 729], 3.9.b_z_s 
(-5, 1, 6), [1, 2, -2, 6, -18, 162, 729], 3.9.c_ac_g 
(-5, 3, 4), [1, 2, 4, -24, 36, 162, 729], 3.9.c_e_ay 
(0, 1, 1), [1, 2, 28, 36, 252, 162, 729], 3.9.c_bc_bk 
(-6, 4, 5), [1, 3, -7, -66, -63, 243, 729], 3.9.d_ah_aco 
(-5, 2, 6), [1, 3, -1, -6, -9, 243, 729], 3.9.d_ab_ag 
(-5, 3, 5), [1, 3, 2, -21, 18, 243, 729], 3.9.d_c_av 
(-2, -1, 6), [1, 3, 11, 66, 99, 243, 729], 3.9.d_l_co 
(-3, 1, 5), [1, 3, 14, 39, 126, 243, 729], 3.9.d_o_bn 
(-1, 1, 3), [1, 3, 26, 51, 234, 243, 729], 3.9.d_ba_bz 
(0, 1, 2), [1, 3, 29, 54, 261, 243, 729], 3.9.d_bd_cc 
(-6, 5, 5), [1, 4, -8, -78, -72, 324, 729], 3.9.e_ai_ada 
(0, 2, 2), [1, 4, 31, 72, 279, 324, 729], 3.9.e_bf_cu 
(-5, 4, 6), [1, 5, 1, -30, 9, 405, 729], 3.9.f_b_abe 
(-2, 1, 6), [1, 5, 19, 78, 171, 405, 729], 3.9.f_t_da 
(0, 1, 4), [1, 5, 31, 90, 279, 405, 729], 3.9.f_bf_dm 
(1, 1, 3), [1, 5, 34, 93, 306, 405, 729], 3.9.f_bi_dp 
(-5, 5, 6), [1, 6, 2, -42, 18, 486, 729], 3.9.g_c_abq 
(-1, 1, 6), [1, 6, 26, 102, 234, 486, 729], 3.9.g_ba_dy 
(1, 2, 3), [1, 6, 38, 114, 342, 486, 729], 3.9.g_bm_ek 
(-4, 5, 6), [1, 7, 13, 6, 117, 567, 729], 3.9.h_n_g 
(-3, 5, 5), [1, 7, 22, 51, 198, 567, 729], 3.9.h_w_bz 
(-1, 2, 6), [1, 7, 31, 114, 279, 567, 729], 3.9.h_bf_ek 
(-1, 3, 5), [1, 7, 34, 111, 306, 567, 729], 3.9.h_bi_eh 
(2, 2, 3), [1, 7, 43, 138, 387, 567, 729], 3.9.h_br_fi 
(1, 3, 4), [1, 8, 46, 156, 414, 648, 729], 3.9.i_bu_ga 
(-2, 5, 6), [1, 9, 35, 102, 315, 729, 729], 3.9.j_bj_dy 
(-1, 4, 6), [1, 9, 41, 138, 369, 729, 729], 3.9.j_bp_fi 
(0, 4, 5), [1, 9, 47, 162, 423, 729, 729], 3.9.j_bv_gg 
(1, 2, 6), [1, 9, 47, 174, 423, 729, 729], 3.9.j_bv_gs 
(1, 3, 5), [1, 9, 50, 177, 450, 729, 729], 3.9.j_by_gv 
(2, 3, 4), [1, 9, 53, 186, 477, 729, 729], 3.9.j_cb_he 
(-1, 5, 6), [1, 10, 46, 150, 414, 810, 729], 3.9.k_bu_fu 
(1, 4, 6), [1, 11, 61, 222, 549, 891, 729], 3.9.l_cj_io 
(3, 4, 4), [1, 11, 67, 246, 603, 891, 729], 3.9.l_cp_jm 
(1, 5, 6), [1, 12, 68, 246, 612, 972, 729], 3.9.m_cq_jm 
(2, 4, 6), [1, 12, 71, 264, 639, 972, 729], 3.9.m_ct_ke 
(3, 4, 5), [1, 12, 74, 276, 666, 972, 729], 3.9.m_cw_kq 
(2, 5, 6), [1, 13, 79, 294, 711, 1053, 729], 3.9.n_db_li 
(3, 5, 5), [1, 13, 82, 309, 738, 1053, 729], 3.9.n_de_lx 
(4, 4, 6), [1, 14, 91, 348, 819, 1134, 729], 3.9.o_dn_nk 
(4, 5, 6), [1, 15, 101, 390, 909, 1215, 729], 3.9.p_dx_pa 
(5, 5, 6), [1, 16, 112, 438, 1008, 1296, 729], 3.9.q_ei_qw 
