(-8, 34, -93), [1, -8, 34, -93, 170, -200, 125], 3.5.ai_bi_adp 
(-7, 24, -59), [1, -7, 24, -59, 120, -175, 125], 3.5.ah_y_ach 
(-7, 25, -63), [1, -7, 25, -63, 125, -175, 125], 3.5.ah_z_acl 
(-7, 26, -68), [1, -7, 26, -68, 130, -175, 125], 3.5.ah_ba_acq 
(-7, 27, -73), [1, -7, 27, -73, 135, -175, 125], 3.5.ah_bb_acv 
(-7, 27, -72), [1, -7, 27, -72, 135, -175, 125], 3.5.ah_bb_acu 
(-7, 27, -71), [1, -7, 27, -71, 135, -175, 125], 3.5.ah_bb_act 
(-7, 29, -77), [1, -7, 29, -77, 145, -175, 125], 3.5.ah_bd_acz 
(-6, 15, -29), [1, -6, 15, -29, 75, -150, 125], 3.5.ag_p_abd 
(-6, 16, -33), [1, -6, 16, -33, 80, -150, 125], 3.5.ag_q_abh 
(-6, 18, -41), [1, -6, 18, -41, 90, -150, 125], 3.5.ag_s_abp 
(-6, 19, -47), [1, -6, 19, -47, 95, -150, 125], 3.5.ag_t_abv 
(-6, 20, -51), [1, -6, 20, -51, 100, -150, 125], 3.5.ag_u_abz 
(-6, 20, -49), [1, -6, 20, -49, 100, -150, 125], 3.5.ag_u_abx 
(-6, 20, -47), [1, -6, 20, -47, 100, -150, 125], 3.5.ag_u_abv 
(-6, 22, -59), [1, -6, 22, -59, 110, -150, 125], 3.5.ag_w_ach 
(-6, 22, -57), [1, -6, 22, -57, 110, -150, 125], 3.5.ag_w_acf 
(-6, 23, -61), [1, -6, 23, -61, 115, -150, 125], 3.5.ag_x_acj 
(-6, 24, -63), [1, -6, 24, -63, 120, -150, 125], 3.5.ag_y_acl 
(-6, 24, -61), [1, -6, 24, -61, 120, -150, 125], 3.5.ag_y_acj 
(-5, 6, 1), [1, -5, 6, 1, 30, -125, 125], 3.5.af_g_b 
(-5, 8, -8), [1, -5, 8, -8, 40, -125, 125], 3.5.af_i_ai 
(-5, 8, -7), [1, -5, 8, -7, 40, -125, 125], 3.5.af_i_ah 
(-5, 12, -26), [1, -5, 12, -26, 60, -125, 125], 3.5.af_m_aba 
(-5, 13, -28), [1, -5, 13, -28, 65, -125, 125], 3.5.af_n_abc 
(-5, 14, -33), [1, -5, 14, -33, 70, -125, 125], 3.5.af_o_abh 
(-5, 14, -31), [1, -5, 14, -31, 70, -125, 125], 3.5.af_o_abf 
(-5, 16, -41), [1, -5, 16, -41, 80, -125, 125], 3.5.af_q_abp 
(-5, 16, -39), [1, -5, 16, -39, 80, -125, 125], 3.5.af_q_abn 
(-5, 16, -37), [1, -5, 16, -37, 80, -125, 125], 3.5.af_q_abl 
(-5, 17, -39), [1, -5, 17, -39, 85, -125, 125], 3.5.af_r_abn 
(-5, 18, -47), [1, -5, 18, -47, 90, -125, 125], 3.5.af_s_abv 
(-5, 18, -43), [1, -5, 18, -43, 90, -125, 125], 3.5.af_s_abr 
(-5, 20, -49), [1, -5, 20, -49, 100, -125, 125], 3.5.af_u_abx 
(-4, -2, 27), [1, -4, -2, 27, -10, -100, 125], 3.5.ae_ac_bb 
(-4, -1, 23), [1, -4, -1, 23, -5, -100, 125], 3.5.ae_ab_x 
(-4, 0, 19), [1, -4, 0, 19, 0, -100, 125], 3.5.ae_a_t 
(-4, 1, 14), [1, -4, 1, 14, 5, -100, 125], 3.5.ae_b_o 
(-4, 2, 9), [1, -4, 2, 9, 10, -100, 125], 3.5.ae_c_j 
(-4, 2, 11), [1, -4, 2, 11, 10, -100, 125], 3.5.ae_c_l 
(-4, 3, 7), [1, -4, 3, 7, 15, -100, 125], 3.5.ae_d_h 
(-4, 4, 1), [1, -4, 4, 1, 20, -100, 125], 3.5.ae_e_b 
(-4, 4, 3), [1, -4, 4, 3, 20, -100, 125], 3.5.ae_e_d 
(-4, 5, -3), [1, -4, 5, -3, 25, -100, 125], 3.5.ae_f_ad 
(-4, 5, 1), [1, -4, 5, 1, 25, -100, 125], 3.5.ae_f_b 
(-4, 6, -9), [1, -4, 6, -9, 30, -100, 125], 3.5.ae_g_aj 
(-4, 6, -7), [1, -4, 6, -7, 30, -100, 125], 3.5.ae_g_ah 
(-4, 6, -3), [1, -4, 6, -3, 30, -100, 125], 3.5.ae_g_ad 
(-4, 8, -17), [1, -4, 8, -17, 40, -100, 125], 3.5.ae_i_ar 
(-4, 8, -13), [1, -4, 8, -13, 40, -100, 125], 3.5.ae_i_an 
(-4, 8, -11), [1, -4, 8, -11, 40, -100, 125], 3.5.ae_i_al 
(-4, 10, -27), [1, -4, 10, -27, 50, -100, 125], 3.5.ae_k_abb 
(-4, 10, -23), [1, -4, 10, -23, 50, -100, 125], 3.5.ae_k_ax 
(-4, 10, -21), [1, -4, 10, -21, 50, -100, 125], 3.5.ae_k_av 
(-4, 10, -19), [1, -4, 10, -19, 50, -100, 125], 3.5.ae_k_at 
(-4, 10, -17), [1, -4, 10, -17, 50, -100, 125], 3.5.ae_k_ar 
(-4, 12, -33), [1, -4, 12, -33, 60, -100, 125], 3.5.ae_m_abh 
(-4, 12, -31), [1, -4, 12, -31, 60, -100, 125], 3.5.ae_m_abf 
(-4, 12, -29), [1, -4, 12, -29, 60, -100, 125], 3.5.ae_m_abd 
(-4, 12, -27), [1, -4, 12, -27, 60, -100, 125], 3.5.ae_m_abb 
(-4, 12, -23), [1, -4, 12, -23, 60, -100, 125], 3.5.ae_m_ax 
(-4, 13, -39), [1, -4, 13, -39, 65, -100, 125], 3.5.ae_n_abn 
(-4, 13, -29), [1, -4, 13, -29, 65, -100, 125], 3.5.ae_n_abd 
(-4, 14, -39), [1, -4, 14, -39, 70, -100, 125], 3.5.ae_o_abn 
(-4, 14, -37), [1, -4, 14, -37, 70, -100, 125], 3.5.ae_o_abl 
(-4, 14, -33), [1, -4, 14, -33, 70, -100, 125], 3.5.ae_o_abh 
(-4, 14, -31), [1, -4, 14, -31, 70, -100, 125], 3.5.ae_o_abf 
(-4, 14, -29), [1, -4, 14, -29, 70, -100, 125], 3.5.ae_o_abd 
(-4, 16, -39), [1, -4, 16, -39, 80, -100, 125], 3.5.ae_q_abn 
(-4, 16, -37), [1, -4, 16, -37, 80, -100, 125], 3.5.ae_q_abl 
(-4, 16, -36), [1, -4, 16, -36, 80, -100, 125], 3.5.ae_q_abk 
(-4, 18, -39), [1, -4, 18, -39, 90, -100, 125], 3.5.ae_s_abn 
(-3, -4, 26), [1, -3, -4, 26, -20, -75, 125], 3.5.ad_ae_ba 
(-3, -4, 28), [1, -3, -4, 28, -20, -75, 125], 3.5.ad_ae_bc 
(-3, -4, 29), [1, -3, -4, 29, -20, -75, 125], 3.5.ad_ae_bd 
(-3, -3, 22), [1, -3, -3, 22, -15, -75, 125], 3.5.ad_ad_w 
(-3, -3, 27), [1, -3, -3, 27, -15, -75, 125], 3.5.ad_ad_bb 
(-3, -2, 17), [1, -3, -2, 17, -10, -75, 125], 3.5.ad_ac_r 
(-3, -2, 18), [1, -3, -2, 18, -10, -75, 125], 3.5.ad_ac_s 
(-3, -2, 19), [1, -3, -2, 19, -10, -75, 125], 3.5.ad_ac_t 
(-3, -2, 23), [1, -3, -2, 23, -10, -75, 125], 3.5.ad_ac_x 
(-3, -1, 17), [1, -3, -1, 17, -5, -75, 125], 3.5.ad_ab_r 
(-3, 0, 9), [1, -3, 0, 9, 0, -75, 125], 3.5.ad_a_j 
(-3, 0, 11), [1, -3, 0, 11, 0, -75, 125], 3.5.ad_a_l 
(-3, 0, 13), [1, -3, 0, 13, 0, -75, 125], 3.5.ad_a_n 
(-3, 0, 16), [1, -3, 0, 16, 0, -75, 125], 3.5.ad_a_q 
(-3, 1, 4), [1, -3, 1, 4, 5, -75, 125], 3.5.ad_b_e 
(-3, 1, 8), [1, -3, 1, 8, 5, -75, 125], 3.5.ad_b_i 
(-3, 2, -1), [1, -3, 2, -1, 10, -75, 125], 3.5.ad_c_ab 
(-3, 2, 1), [1, -3, 2, 1, 10, -75, 125], 3.5.ad_c_b 
(-3, 2, 2), [1, -3, 2, 2, 10, -75, 125], 3.5.ad_c_c 
(-3, 2, 3), [1, -3, 2, 3, 10, -75, 125], 3.5.ad_c_d 
(-3, 2, 7), [1, -3, 2, 7, 10, -75, 125], 3.5.ad_c_h 
(-3, 3, -4), [1, -3, 3, -4, 15, -75, 125], 3.5.ad_d_ae 
(-3, 4, -8), [1, -3, 4, -8, 20, -75, 125], 3.5.ad_e_ai 
(-3, 4, -7), [1, -3, 4, -7, 20, -75, 125], 3.5.ad_e_ah 
(-3, 4, -3), [1, -3, 4, -3, 20, -75, 125], 3.5.ad_e_ad 
(-3, 4, -1), [1, -3, 4, -1, 20, -75, 125], 3.5.ad_e_ab 
(-3, 4, 1), [1, -3, 4, 1, 20, -75, 125], 3.5.ad_e_b 
(-3, 6, -17), [1, -3, 6, -17, 30, -75, 125], 3.5.ad_g_ar 
(-3, 6, -13), [1, -3, 6, -13, 30, -75, 125], 3.5.ad_g_an 
(-3, 6, -11), [1, -3, 6, -11, 30, -75, 125], 3.5.ad_g_al 
(-3, 6, -9), [1, -3, 6, -9, 30, -75, 125], 3.5.ad_g_aj 
(-3, 6, -7), [1, -3, 6, -7, 30, -75, 125], 3.5.ad_g_ah 
(-3, 7, -8), [1, -3, 7, -8, 35, -75, 125], 3.5.ad_h_ai 
(-3, 8, -28), [1, -3, 8, -28, 40, -75, 125], 3.5.ad_i_abc 
(-3, 8, -27), [1, -3, 8, -27, 40, -75, 125], 3.5.ad_i_abb 
(-3, 8, -23), [1, -3, 8, -23, 40, -75, 125], 3.5.ad_i_ax 
(-3, 8, -19), [1, -3, 8, -19, 40, -75, 125], 3.5.ad_i_at 
(-3, 8, -17), [1, -3, 8, -17, 40, -75, 125], 3.5.ad_i_ar 
(-3, 8, -13), [1, -3, 8, -13, 40, -75, 125], 3.5.ad_i_an 
(-3, 8, -11), [1, -3, 8, -11, 40, -75, 125], 3.5.ad_i_al 
(-3, 10, -29), [1, -3, 10, -29, 50, -75, 125], 3.5.ad_k_abd 
(-3, 10, -27), [1, -3, 10, -27, 50, -75, 125], 3.5.ad_k_abb 
(-3, 10, -22), [1, -3, 10, -22, 50, -75, 125], 3.5.ad_k_aw 
(-3, 10, -21), [1, -3, 10, -21, 50, -75, 125], 3.5.ad_k_av 
(-3, 10, -19), [1, -3, 10, -19, 50, -75, 125], 3.5.ad_k_at 
(-3, 10, -17), [1, -3, 10, -17, 50, -75, 125], 3.5.ad_k_ar 
(-3, 12, -27), [1, -3, 12, -27, 60, -75, 125], 3.5.ad_m_abb 
(-3, 12, -23), [1, -3, 12, -23, 60, -75, 125], 3.5.ad_m_ax 
(-3, 14, -29), [1, -3, 14, -29, 70, -75, 125], 3.5.ad_o_abd 
(-3, 15, -29), [1, -3, 15, -29, 75, -75, 125], 3.5.ad_p_abd 
(-2, -4, 17), [1, -2, -4, 17, -20, -50, 125], 3.5.ac_ae_r 
(-2, -4, 19), [1, -2, -4, 19, -20, -50, 125], 3.5.ac_ae_t 
(-2, -4, 21), [1, -2, -4, 21, -20, -50, 125], 3.5.ac_ae_v 
(-2, -4, 23), [1, -2, -4, 23, -20, -50, 125], 3.5.ac_ae_x 
(-2, -3, 12), [1, -2, -3, 12, -15, -50, 125], 3.5.ac_ad_m 
(-2, -3, 13), [1, -2, -3, 13, -15, -50, 125], 3.5.ac_ad_n 
(-2, -3, 17), [1, -2, -3, 17, -15, -50, 125], 3.5.ac_ad_r 
(-2, -3, 18), [1, -2, -3, 18, -15, -50, 125], 3.5.ac_ad_s 
(-2, -3, 21), [1, -2, -3, 21, -15, -50, 125], 3.5.ac_ad_v 
(-2, -3, 22), [1, -2, -3, 22, -15, -50, 125], 3.5.ac_ad_w 
(-2, -3, 23), [1, -2, -3, 23, -15, -50, 125], 3.5.ac_ad_x 
(-2, -2, 7), [1, -2, -2, 7, -10, -50, 125], 3.5.ac_ac_h 
(-2, -2, 9), [1, -2, -2, 9, -10, -50, 125], 3.5.ac_ac_j 
(-2, -2, 11), [1, -2, -2, 11, -10, -50, 125], 3.5.ac_ac_l 
(-2, -2, 13), [1, -2, -2, 13, -10, -50, 125], 3.5.ac_ac_n 
(-2, -2, 17), [1, -2, -2, 17, -10, -50, 125], 3.5.ac_ac_r 
(-2, -2, 19), [1, -2, -2, 19, -10, -50, 125], 3.5.ac_ac_t 
(-2, -2, 21), [1, -2, -2, 21, -10, -50, 125], 3.5.ac_ac_v 
(-2, -1, 7), [1, -2, -1, 7, -5, -50, 125], 3.5.ac_ab_h 
(-2, -1, 11), [1, -2, -1, 11, -5, -50, 125], 3.5.ac_ab_l 
(-2, -1, 18), [1, -2, -1, 18, -5, -50, 125], 3.5.ac_ab_s 
(-2, 0, -1), [1, -2, 0, -1, 0, -50, 125], 3.5.ac_a_ab 
(-2, 0, 1), [1, -2, 0, 1, 0, -50, 125], 3.5.ac_a_b 
(-2, 0, 3), [1, -2, 0, 3, 0, -50, 125], 3.5.ac_a_d 
(-2, 0, 7), [1, -2, 0, 7, 0, -50, 125], 3.5.ac_a_h 
(-2, 0, 9), [1, -2, 0, 9, 0, -50, 125], 3.5.ac_a_j 
(-2, 0, 11), [1, -2, 0, 11, 0, -50, 125], 3.5.ac_a_l 
(-2, 0, 13), [1, -2, 0, 13, 0, -50, 125], 3.5.ac_a_n 
(-2, 0, 14), [1, -2, 0, 14, 0, -50, 125], 3.5.ac_a_o 
(-2, 1, -6), [1, -2, 1, -6, 5, -50, 125], 3.5.ac_b_ag 
(-2, 1, -3), [1, -2, 1, -3, 5, -50, 125], 3.5.ac_b_ad 
(-2, 1, 7), [1, -2, 1, 7, 5, -50, 125], 3.5.ac_b_h 
(-2, 2, -11), [1, -2, 2, -11, 10, -50, 125], 3.5.ac_c_al 
(-2, 2, -9), [1, -2, 2, -9, 10, -50, 125], 3.5.ac_c_aj 
(-2, 2, -7), [1, -2, 2, -7, 10, -50, 125], 3.5.ac_c_ah 
(-2, 2, -3), [1, -2, 2, -3, 10, -50, 125], 3.5.ac_c_ad 
(-2, 2, -1), [1, -2, 2, -1, 10, -50, 125], 3.5.ac_c_ab 
(-2, 2, 1), [1, -2, 2, 1, 10, -50, 125], 3.5.ac_c_b 
(-2, 2, 3), [1, -2, 2, 3, 10, -50, 125], 3.5.ac_c_d 
(-2, 2, 7), [1, -2, 2, 7, 10, -50, 125], 3.5.ac_c_h 
(-2, 2, 9), [1, -2, 2, 9, 10, -50, 125], 3.5.ac_c_j 
(-2, 3, -1), [1, -2, 3, -1, 15, -50, 125], 3.5.ac_d_ab 
(-2, 4, -19), [1, -2, 4, -19, 20, -50, 125], 3.5.ac_e_at 
(-2, 4, -17), [1, -2, 4, -17, 20, -50, 125], 3.5.ac_e_ar 
(-2, 4, -13), [1, -2, 4, -13, 20, -50, 125], 3.5.ac_e_an 
(-2, 4, -11), [1, -2, 4, -11, 20, -50, 125], 3.5.ac_e_al 
(-2, 4, -9), [1, -2, 4, -9, 20, -50, 125], 3.5.ac_e_aj 
(-2, 4, -7), [1, -2, 4, -7, 20, -50, 125], 3.5.ac_e_ah 
(-2, 4, -3), [1, -2, 4, -3, 20, -50, 125], 3.5.ac_e_ad 
(-2, 4, -1), [1, -2, 4, -1, 20, -50, 125], 3.5.ac_e_ab 
(-2, 4, 1), [1, -2, 4, 1, 20, -50, 125], 3.5.ac_e_b 
(-2, 4, 3), [1, -2, 4, 3, 20, -50, 125], 3.5.ac_e_d 
(-2, 5, -21), [1, -2, 5, -21, 25, -50, 125], 3.5.ac_f_av 
(-2, 5, -3), [1, -2, 5, -3, 25, -50, 125], 3.5.ac_f_ad 
(-2, 6, -23), [1, -2, 6, -23, 30, -50, 125], 3.5.ac_g_ax 
(-2, 6, -21), [1, -2, 6, -21, 30, -50, 125], 3.5.ac_g_av 
(-2, 6, -19), [1, -2, 6, -19, 30, -50, 125], 3.5.ac_g_at 
(-2, 6, -17), [1, -2, 6, -17, 30, -50, 125], 3.5.ac_g_ar 
(-2, 6, -13), [1, -2, 6, -13, 30, -50, 125], 3.5.ac_g_an 
(-2, 6, -11), [1, -2, 6, -11, 30, -50, 125], 3.5.ac_g_al 
(-2, 6, -9), [1, -2, 6, -9, 30, -50, 125], 3.5.ac_g_aj 
(-2, 6, -7), [1, -2, 6, -7, 30, -50, 125], 3.5.ac_g_ah 
(-2, 6, -3), [1, -2, 6, -3, 30, -50, 125], 3.5.ac_g_ad 
(-2, 6, -1), [1, -2, 6, -1, 30, -50, 125], 3.5.ac_g_ab 
(-2, 7, -23), [1, -2, 7, -23, 35, -50, 125], 3.5.ac_h_ax 
(-2, 7, -13), [1, -2, 7, -13, 35, -50, 125], 3.5.ac_h_an 
(-2, 8, -23), [1, -2, 8, -23, 40, -50, 125], 3.5.ac_i_ax 
(-2, 8, -21), [1, -2, 8, -21, 40, -50, 125], 3.5.ac_i_av 
(-2, 8, -19), [1, -2, 8, -19, 40, -50, 125], 3.5.ac_i_at 
(-2, 8, -17), [1, -2, 8, -17, 40, -50, 125], 3.5.ac_i_ar 
(-2, 8, -13), [1, -2, 8, -13, 40, -50, 125], 3.5.ac_i_an 
(-2, 8, -11), [1, -2, 8, -11, 40, -50, 125], 3.5.ac_i_al 
(-2, 8, -9), [1, -2, 8, -9, 40, -50, 125], 3.5.ac_i_aj 
(-2, 8, -7), [1, -2, 8, -7, 40, -50, 125], 3.5.ac_i_ah 
(-2, 9, -22), [1, -2, 9, -22, 45, -50, 125], 3.5.ac_j_aw 
(-2, 10, -21), [1, -2, 10, -21, 50, -50, 125], 3.5.ac_k_av 
(-2, 10, -19), [1, -2, 10, -19, 50, -50, 125], 3.5.ac_k_at 
(-2, 10, -17), [1, -2, 10, -17, 50, -50, 125], 3.5.ac_k_ar 
(-2, 10, -13), [1, -2, 10, -13, 50, -50, 125], 3.5.ac_k_an 
(-2, 10, -11), [1, -2, 10, -11, 50, -50, 125], 3.5.ac_k_al 
(-2, 11, -13), [1, -2, 11, -13, 55, -50, 125], 3.5.ac_l_an 
(-2, 12, -19), [1, -2, 12, -19, 60, -50, 125], 3.5.ac_m_at 
(-2, 12, -17), [1, -2, 12, -17, 60, -50, 125], 3.5.ac_m_ar 
(-2, 14, -19), [1, -2, 14, -19, 70, -50, 125], 3.5.ac_o_at 
(-1, -4, 6), [1, -1, -4, 6, -20, -25, 125], 3.5.ab_ae_g 
(-1, -4, 7), [1, -1, -4, 7, -20, -25, 125], 3.5.ab_ae_h 
(-1, -4, 11), [1, -1, -4, 11, -20, -25, 125], 3.5.ab_ae_l 
(-1, -4, 13), [1, -1, -4, 13, -20, -25, 125], 3.5.ab_ae_n 
(-1, -4, 14), [1, -1, -4, 14, -20, -25, 125], 3.5.ab_ae_o 
(-1, -3, 9), [1, -1, -3, 9, -15, -25, 125], 3.5.ab_ad_j 
(-1, -3, 16), [1, -1, -3, 16, -15, -25, 125], 3.5.ab_ad_q 
(-1, -2, -3), [1, -1, -2, -3, -10, -25, 125], 3.5.ab_ac_ad 
(-1, -2, -2), [1, -1, -2, -2, -10, -25, 125], 3.5.ab_ac_ac 
(-1, -2, -1), [1, -1, -2, -1, -10, -25, 125], 3.5.ab_ac_ab 
(-1, -2, 1), [1, -1, -2, 1, -10, -25, 125], 3.5.ab_ac_b 
(-1, -2, 3), [1, -1, -2, 3, -10, -25, 125], 3.5.ab_ac_d 
(-1, -2, 9), [1, -1, -2, 9, -10, -25, 125], 3.5.ab_ac_j 
(-1, -2, 11), [1, -1, -2, 11, -10, -25, 125], 3.5.ab_ac_l 
(-1, -2, 13), [1, -1, -2, 13, -10, -25, 125], 3.5.ab_ac_n 
(-1, -2, 17), [1, -1, -2, 17, -10, -25, 125], 3.5.ab_ac_r 
(-1, -2, 18), [1, -1, -2, 18, -10, -25, 125], 3.5.ab_ac_s 
(-1, -2, 19), [1, -1, -2, 19, -10, -25, 125], 3.5.ab_ac_t 
(-1, -2, 21), [1, -1, -2, 21, -10, -25, 125], 3.5.ab_ac_v 
(-1, -2, 22), [1, -1, -2, 22, -10, -25, 125], 3.5.ab_ac_w 
(-1, -1, 12), [1, -1, -1, 12, -5, -25, 125], 3.5.ab_ab_m 
(-1, 0, -12), [1, -1, 0, -12, 0, -25, 125], 3.5.ab_a_am 
(-1, 0, -11), [1, -1, 0, -11, 0, -25, 125], 3.5.ab_a_al 
(-1, 0, -9), [1, -1, 0, -9, 0, -25, 125], 3.5.ab_a_aj 
(-1, 0, -7), [1, -1, 0, -7, 0, -25, 125], 3.5.ab_a_ah 
(-1, 0, -3), [1, -1, 0, -3, 0, -25, 125], 3.5.ab_a_ad 
(-1, 0, -1), [1, -1, 0, -1, 0, -25, 125], 3.5.ab_a_ab 
(-1, 0, 1), [1, -1, 0, 1, 0, -25, 125], 3.5.ab_a_b 
(-1, 0, 3), [1, -1, 0, 3, 0, -25, 125], 3.5.ab_a_d 
(-1, 0, 7), [1, -1, 0, 7, 0, -25, 125], 3.5.ab_a_h 
(-1, 0, 9), [1, -1, 0, 9, 0, -25, 125], 3.5.ab_a_j 
(-1, 0, 11), [1, -1, 0, 11, 0, -25, 125], 3.5.ab_a_l 
(-1, 0, 13), [1, -1, 0, 13, 0, -25, 125], 3.5.ab_a_n 
(-1, 1, 12), [1, -1, 1, 12, 5, -25, 125], 3.5.ab_b_m 
(-1, 2, -19), [1, -1, 2, -19, 10, -25, 125], 3.5.ab_c_at 
(-1, 2, -17), [1, -1, 2, -17, 10, -25, 125], 3.5.ab_c_ar 
(-1, 2, -11), [1, -1, 2, -11, 10, -25, 125], 3.5.ab_c_al 
(-1, 2, -9), [1, -1, 2, -9, 10, -25, 125], 3.5.ab_c_aj 
(-1, 2, -7), [1, -1, 2, -7, 10, -25, 125], 3.5.ab_c_ah 
(-1, 2, -3), [1, -1, 2, -3, 10, -25, 125], 3.5.ab_c_ad 
(-1, 2, -1), [1, -1, 2, -1, 10, -25, 125], 3.5.ab_c_ab 
(-1, 2, 1), [1, -1, 2, 1, 10, -25, 125], 3.5.ab_c_b 
(-1, 2, 7), [1, -1, 2, 7, 10, -25, 125], 3.5.ab_c_h 
(-1, 2, 9), [1, -1, 2, 9, 10, -25, 125], 3.5.ab_c_j 
(-1, 2, 13), [1, -1, 2, 13, 10, -25, 125], 3.5.ab_c_n 
(-1, 4, -17), [1, -1, 4, -17, 20, -25, 125], 3.5.ab_e_ar 
(-1, 4, -13), [1, -1, 4, -13, 20, -25, 125], 3.5.ab_e_an 
(-1, 4, -11), [1, -1, 4, -11, 20, -25, 125], 3.5.ab_e_al 
(-1, 4, -9), [1, -1, 4, -9, 20, -25, 125], 3.5.ab_e_aj 
(-1, 4, -3), [1, -1, 4, -3, 20, -25, 125], 3.5.ab_e_ad 
(-1, 4, -1), [1, -1, 4, -1, 20, -25, 125], 3.5.ab_e_ab 
(-1, 4, 3), [1, -1, 4, 3, 20, -25, 125], 3.5.ab_e_d 
(-1, 4, 7), [1, -1, 4, 7, 20, -25, 125], 3.5.ab_e_h 
(-1, 6, -13), [1, -1, 6, -13, 30, -25, 125], 3.5.ab_g_an 
(-1, 6, -11), [1, -1, 6, -11, 30, -25, 125], 3.5.ab_g_al 
(-1, 6, -9), [1, -1, 6, -9, 30, -25, 125], 3.5.ab_g_aj 
(-1, 6, -7), [1, -1, 6, -7, 30, -25, 125], 3.5.ab_g_ah 
(-1, 6, -3), [1, -1, 6, -3, 30, -25, 125], 3.5.ab_g_ad 
(-1, 6, 1), [1, -1, 6, 1, 30, -25, 125], 3.5.ab_g_b 
(-1, 6, 3), [1, -1, 6, 3, 30, -25, 125], 3.5.ab_g_d 
(-1, 8, -13), [1, -1, 8, -13, 40, -25, 125], 3.5.ab_i_an 
(-1, 8, -11), [1, -1, 8, -11, 40, -25, 125], 3.5.ab_i_al 
(-1, 8, -9), [1, -1, 8, -9, 40, -25, 125], 3.5.ab_i_aj 
(-1, 8, -1), [1, -1, 8, -1, 40, -25, 125], 3.5.ab_i_ab 
(-1, 10, -11), [1, -1, 10, -11, 50, -25, 125], 3.5.ab_k_al 
(-1, 10, -9), [1, -1, 10, -9, 50, -25, 125], 3.5.ab_k_aj 
(-1, 10, -7), [1, -1, 10, -7, 50, -25, 125], 3.5.ab_k_ah 
(-1, 12, -9), [1, -1, 12, -9, 60, -25, 125], 3.5.ab_m_aj 
(-1, 13, -9), [1, -1, 13, -9, 65, -25, 125], 3.5.ab_n_aj 
(0, -4, -3), [1, 0, -4, -3, -20, 0, 125], 3.5.a_ae_ad 
(0, -4, -1), [1, 0, -4, -1, -20, 0, 125], 3.5.a_ae_ab 
(0, -4, 1), [1, 0, -4, 1, -20, 0, 125], 3.5.a_ae_b 
(0, -4, 3), [1, 0, -4, 3, -20, 0, 125], 3.5.a_ae_d 
(0, -3, -7), [1, 0, -3, -7, -15, 0, 125], 3.5.a_ad_ah 
(0, -3, -1), [1, 0, -3, -1, -15, 0, 125], 3.5.a_ad_ab 
(0, -3, 1), [1, 0, -3, 1, -15, 0, 125], 3.5.a_ad_b 
(0, -3, 7), [1, 0, -3, 7, -15, 0, 125], 3.5.a_ad_h 
(0, -2, -13), [1, 0, -2, -13, -10, 0, 125], 3.5.a_ac_an 
(0, -2, -11), [1, 0, -2, -11, -10, 0, 125], 3.5.a_ac_al 
(0, -2, -9), [1, 0, -2, -9, -10, 0, 125], 3.5.a_ac_aj 
(0, -2, -7), [1, 0, -2, -7, -10, 0, 125], 3.5.a_ac_ah 
(0, -2, -3), [1, 0, -2, -3, -10, 0, 125], 3.5.a_ac_ad 
(0, -2, -1), [1, 0, -2, -1, -10, 0, 125], 3.5.a_ac_ab 
(0, -2, 1), [1, 0, -2, 1, -10, 0, 125], 3.5.a_ac_b 
(0, -2, 3), [1, 0, -2, 3, -10, 0, 125], 3.5.a_ac_d 
(0, -2, 7), [1, 0, -2, 7, -10, 0, 125], 3.5.a_ac_h 
(0, -2, 9), [1, 0, -2, 9, -10, 0, 125], 3.5.a_ac_j 
(0, -2, 11), [1, 0, -2, 11, -10, 0, 125], 3.5.a_ac_l 
(0, -2, 13), [1, 0, -2, 13, -10, 0, 125], 3.5.a_ac_n 
(0, -1, -11), [1, 0, -1, -11, -5, 0, 125], 3.5.a_ab_al 
(0, -1, 11), [1, 0, -1, 11, -5, 0, 125], 3.5.a_ab_l 
(0, 0, -21), [1, 0, 0, -21, 0, 0, 125], 3.5.a_a_av 
(0, 0, -19), [1, 0, 0, -19, 0, 0, 125], 3.5.a_a_at 
(0, 0, -17), [1, 0, 0, -17, 0, 0, 125], 3.5.a_a_ar 
(0, 0, -16), [1, 0, 0, -16, 0, 0, 125], 3.5.a_a_aq 
(0, 0, -13), [1, 0, 0, -13, 0, 0, 125], 3.5.a_a_an 
(0, 0, -11), [1, 0, 0, -11, 0, 0, 125], 3.5.a_a_al 
(0, 0, -9), [1, 0, 0, -9, 0, 0, 125], 3.5.a_a_aj 
(0, 0, -7), [1, 0, 0, -7, 0, 0, 125], 3.5.a_a_ah 
(0, 0, -3), [1, 0, 0, -3, 0, 0, 125], 3.5.a_a_ad 
(0, 0, -1), [1, 0, 0, -1, 0, 0, 125], 3.5.a_a_ab 
(0, 0, 1), [1, 0, 0, 1, 0, 0, 125], 3.5.a_a_b 
(0, 0, 3), [1, 0, 0, 3, 0, 0, 125], 3.5.a_a_d 
(0, 0, 7), [1, 0, 0, 7, 0, 0, 125], 3.5.a_a_h 
(0, 0, 9), [1, 0, 0, 9, 0, 0, 125], 3.5.a_a_j 
(0, 0, 11), [1, 0, 0, 11, 0, 0, 125], 3.5.a_a_l 
(0, 0, 13), [1, 0, 0, 13, 0, 0, 125], 3.5.a_a_n 
(0, 0, 16), [1, 0, 0, 16, 0, 0, 125], 3.5.a_a_q 
(0, 0, 17), [1, 0, 0, 17, 0, 0, 125], 3.5.a_a_r 
(0, 0, 19), [1, 0, 0, 19, 0, 0, 125], 3.5.a_a_t 
(0, 0, 21), [1, 0, 0, 21, 0, 0, 125], 3.5.a_a_v 
(0, 1, -19), [1, 0, 1, -19, 5, 0, 125], 3.5.a_b_at 
(0, 1, -1), [1, 0, 1, -1, 5, 0, 125], 3.5.a_b_ab 
(0, 1, 1), [1, 0, 1, 1, 5, 0, 125], 3.5.a_b_b 
(0, 1, 19), [1, 0, 1, 19, 5, 0, 125], 3.5.a_b_t 
(0, 2, -17), [1, 0, 2, -17, 10, 0, 125], 3.5.a_c_ar 
(0, 2, -13), [1, 0, 2, -13, 10, 0, 125], 3.5.a_c_an 
(0, 2, -11), [1, 0, 2, -11, 10, 0, 125], 3.5.a_c_al 
(0, 2, -9), [1, 0, 2, -9, 10, 0, 125], 3.5.a_c_aj 
(0, 2, -7), [1, 0, 2, -7, 10, 0, 125], 3.5.a_c_ah 
(0, 2, -3), [1, 0, 2, -3, 10, 0, 125], 3.5.a_c_ad 
(0, 2, -1), [1, 0, 2, -1, 10, 0, 125], 3.5.a_c_ab 
(0, 2, 1), [1, 0, 2, 1, 10, 0, 125], 3.5.a_c_b 
(0, 2, 3), [1, 0, 2, 3, 10, 0, 125], 3.5.a_c_d 
(0, 2, 7), [1, 0, 2, 7, 10, 0, 125], 3.5.a_c_h 
(0, 2, 9), [1, 0, 2, 9, 10, 0, 125], 3.5.a_c_j 
(0, 2, 11), [1, 0, 2, 11, 10, 0, 125], 3.5.a_c_l 
(0, 2, 13), [1, 0, 2, 13, 10, 0, 125], 3.5.a_c_n 
(0, 2, 17), [1, 0, 2, 17, 10, 0, 125], 3.5.a_c_r 
(0, 3, -13), [1, 0, 3, -13, 15, 0, 125], 3.5.a_d_an 
(0, 3, 13), [1, 0, 3, 13, 15, 0, 125], 3.5.a_d_n 
(0, 4, -13), [1, 0, 4, -13, 20, 0, 125], 3.5.a_e_an 
(0, 4, -11), [1, 0, 4, -11, 20, 0, 125], 3.5.a_e_al 
(0, 4, -9), [1, 0, 4, -9, 20, 0, 125], 3.5.a_e_aj 
(0, 4, -8), [1, 0, 4, -8, 20, 0, 125], 3.5.a_e_ai 
(0, 4, -7), [1, 0, 4, -7, 20, 0, 125], 3.5.a_e_ah 
(0, 4, -3), [1, 0, 4, -3, 20, 0, 125], 3.5.a_e_ad 
(0, 4, -1), [1, 0, 4, -1, 20, 0, 125], 3.5.a_e_ab 
(0, 4, 1), [1, 0, 4, 1, 20, 0, 125], 3.5.a_e_b 
(0, 4, 3), [1, 0, 4, 3, 20, 0, 125], 3.5.a_e_d 
(0, 4, 7), [1, 0, 4, 7, 20, 0, 125], 3.5.a_e_h 
(0, 4, 8), [1, 0, 4, 8, 20, 0, 125], 3.5.a_e_i 
(0, 4, 9), [1, 0, 4, 9, 20, 0, 125], 3.5.a_e_j 
(0, 4, 11), [1, 0, 4, 11, 20, 0, 125], 3.5.a_e_l 
(0, 4, 13), [1, 0, 4, 13, 20, 0, 125], 3.5.a_e_n 
(0, 6, -9), [1, 0, 6, -9, 30, 0, 125], 3.5.a_g_aj 
(0, 6, -7), [1, 0, 6, -7, 30, 0, 125], 3.5.a_g_ah 
(0, 6, -3), [1, 0, 6, -3, 30, 0, 125], 3.5.a_g_ad 
(0, 6, -1), [1, 0, 6, -1, 30, 0, 125], 3.5.a_g_ab 
(0, 6, 1), [1, 0, 6, 1, 30, 0, 125], 3.5.a_g_b 
(0, 6, 3), [1, 0, 6, 3, 30, 0, 125], 3.5.a_g_d 
(0, 6, 7), [1, 0, 6, 7, 30, 0, 125], 3.5.a_g_h 
(0, 6, 9), [1, 0, 6, 9, 30, 0, 125], 3.5.a_g_j 
(0, 8, -7), [1, 0, 8, -7, 40, 0, 125], 3.5.a_i_ah 
(0, 8, -3), [1, 0, 8, -3, 40, 0, 125], 3.5.a_i_ad 
(0, 8, -1), [1, 0, 8, -1, 40, 0, 125], 3.5.a_i_ab 
(0, 8, 1), [1, 0, 8, 1, 40, 0, 125], 3.5.a_i_b 
(0, 8, 3), [1, 0, 8, 3, 40, 0, 125], 3.5.a_i_d 
(0, 8, 7), [1, 0, 8, 7, 40, 0, 125], 3.5.a_i_h 
(0, 10, -3), [1, 0, 10, -3, 50, 0, 125], 3.5.a_k_ad 
(0, 10, -1), [1, 0, 10, -1, 50, 0, 125], 3.5.a_k_ab 
(0, 10, 1), [1, 0, 10, 1, 50, 0, 125], 3.5.a_k_b 
(0, 10, 3), [1, 0, 10, 3, 50, 0, 125], 3.5.a_k_d 
(0, 12, -1), [1, 0, 12, -1, 60, 0, 125], 3.5.a_m_ab 
(0, 12, 1), [1, 0, 12, 1, 60, 0, 125], 3.5.a_m_b 
(1, -4, -14), [1, 1, -4, -14, -20, 25, 125], 3.5.b_ae_ao 
(1, -4, -13), [1, 1, -4, -13, -20, 25, 125], 3.5.b_ae_an 
(1, -4, -11), [1, 1, -4, -11, -20, 25, 125], 3.5.b_ae_al 
(1, -4, -7), [1, 1, -4, -7, -20, 25, 125], 3.5.b_ae_ah 
(1, -4, -6), [1, 1, -4, -6, -20, 25, 125], 3.5.b_ae_ag 
(1, -3, -16), [1, 1, -3, -16, -15, 25, 125], 3.5.b_ad_aq 
(1, -3, -9), [1, 1, -3, -9, -15, 25, 125], 3.5.b_ad_aj 
(1, -2, -22), [1, 1, -2, -22, -10, 25, 125], 3.5.b_ac_aw 
(1, -2, -21), [1, 1, -2, -21, -10, 25, 125], 3.5.b_ac_av 
(1, -2, -19), [1, 1, -2, -19, -10, 25, 125], 3.5.b_ac_at 
(1, -2, -18), [1, 1, -2, -18, -10, 25, 125], 3.5.b_ac_as 
(1, -2, -17), [1, 1, -2, -17, -10, 25, 125], 3.5.b_ac_ar 
(1, -2, -13), [1, 1, -2, -13, -10, 25, 125], 3.5.b_ac_an 
(1, -2, -11), [1, 1, -2, -11, -10, 25, 125], 3.5.b_ac_al 
(1, -2, -9), [1, 1, -2, -9, -10, 25, 125], 3.5.b_ac_aj 
(1, -2, -3), [1, 1, -2, -3, -10, 25, 125], 3.5.b_ac_ad 
(1, -2, -1), [1, 1, -2, -1, -10, 25, 125], 3.5.b_ac_ab 
(1, -2, 1), [1, 1, -2, 1, -10, 25, 125], 3.5.b_ac_b 
(1, -2, 2), [1, 1, -2, 2, -10, 25, 125], 3.5.b_ac_c 
(1, -2, 3), [1, 1, -2, 3, -10, 25, 125], 3.5.b_ac_d 
(1, -1, -12), [1, 1, -1, -12, -5, 25, 125], 3.5.b_ab_am 
(1, 0, -13), [1, 1, 0, -13, 0, 25, 125], 3.5.b_a_an 
(1, 0, -11), [1, 1, 0, -11, 0, 25, 125], 3.5.b_a_al 
(1, 0, -9), [1, 1, 0, -9, 0, 25, 125], 3.5.b_a_aj 
(1, 0, -7), [1, 1, 0, -7, 0, 25, 125], 3.5.b_a_ah 
(1, 0, -3), [1, 1, 0, -3, 0, 25, 125], 3.5.b_a_ad 
(1, 0, -1), [1, 1, 0, -1, 0, 25, 125], 3.5.b_a_ab 
(1, 0, 1), [1, 1, 0, 1, 0, 25, 125], 3.5.b_a_b 
(1, 0, 3), [1, 1, 0, 3, 0, 25, 125], 3.5.b_a_d 
(1, 0, 7), [1, 1, 0, 7, 0, 25, 125], 3.5.b_a_h 
(1, 0, 9), [1, 1, 0, 9, 0, 25, 125], 3.5.b_a_j 
(1, 0, 11), [1, 1, 0, 11, 0, 25, 125], 3.5.b_a_l 
(1, 0, 12), [1, 1, 0, 12, 0, 25, 125], 3.5.b_a_m 
(1, 1, -12), [1, 1, 1, -12, 5, 25, 125], 3.5.b_b_am 
(1, 2, -13), [1, 1, 2, -13, 10, 25, 125], 3.5.b_c_an 
(1, 2, -9), [1, 1, 2, -9, 10, 25, 125], 3.5.b_c_aj 
(1, 2, -7), [1, 1, 2, -7, 10, 25, 125], 3.5.b_c_ah 
(1, 2, -1), [1, 1, 2, -1, 10, 25, 125], 3.5.b_c_ab 
(1, 2, 1), [1, 1, 2, 1, 10, 25, 125], 3.5.b_c_b 
(1, 2, 3), [1, 1, 2, 3, 10, 25, 125], 3.5.b_c_d 
(1, 2, 7), [1, 1, 2, 7, 10, 25, 125], 3.5.b_c_h 
(1, 2, 9), [1, 1, 2, 9, 10, 25, 125], 3.5.b_c_j 
(1, 2, 11), [1, 1, 2, 11, 10, 25, 125], 3.5.b_c_l 
(1, 2, 17), [1, 1, 2, 17, 10, 25, 125], 3.5.b_c_r 
(1, 2, 19), [1, 1, 2, 19, 10, 25, 125], 3.5.b_c_t 
(1, 4, -7), [1, 1, 4, -7, 20, 25, 125], 3.5.b_e_ah 
(1, 4, -3), [1, 1, 4, -3, 20, 25, 125], 3.5.b_e_ad 
(1, 4, 1), [1, 1, 4, 1, 20, 25, 125], 3.5.b_e_b 
(1, 4, 3), [1, 1, 4, 3, 20, 25, 125], 3.5.b_e_d 
(1, 4, 9), [1, 1, 4, 9, 20, 25, 125], 3.5.b_e_j 
(1, 4, 11), [1, 1, 4, 11, 20, 25, 125], 3.5.b_e_l 
(1, 4, 13), [1, 1, 4, 13, 20, 25, 125], 3.5.b_e_n 
(1, 4, 17), [1, 1, 4, 17, 20, 25, 125], 3.5.b_e_r 
(1, 6, -3), [1, 1, 6, -3, 30, 25, 125], 3.5.b_g_ad 
(1, 6, -1), [1, 1, 6, -1, 30, 25, 125], 3.5.b_g_ab 
(1, 6, 3), [1, 1, 6, 3, 30, 25, 125], 3.5.b_g_d 
(1, 6, 7), [1, 1, 6, 7, 30, 25, 125], 3.5.b_g_h 
(1, 6, 9), [1, 1, 6, 9, 30, 25, 125], 3.5.b_g_j 
(1, 6, 11), [1, 1, 6, 11, 30, 25, 125], 3.5.b_g_l 
(1, 6, 13), [1, 1, 6, 13, 30, 25, 125], 3.5.b_g_n 
(1, 8, 1), [1, 1, 8, 1, 40, 25, 125], 3.5.b_i_b 
(1, 8, 9), [1, 1, 8, 9, 40, 25, 125], 3.5.b_i_j 
(1, 8, 11), [1, 1, 8, 11, 40, 25, 125], 3.5.b_i_l 
(1, 8, 13), [1, 1, 8, 13, 40, 25, 125], 3.5.b_i_n 
(1, 10, 7), [1, 1, 10, 7, 50, 25, 125], 3.5.b_k_h 
(1, 10, 9), [1, 1, 10, 9, 50, 25, 125], 3.5.b_k_j 
(1, 10, 11), [1, 1, 10, 11, 50, 25, 125], 3.5.b_k_l 
(1, 12, 9), [1, 1, 12, 9, 60, 25, 125], 3.5.b_m_j 
(1, 13, 9), [1, 1, 13, 9, 65, 25, 125], 3.5.b_n_j 
(2, -4, -23), [1, 2, -4, -23, -20, 50, 125], 3.5.c_ae_ax 
(2, -4, -21), [1, 2, -4, -21, -20, 50, 125], 3.5.c_ae_av 
(2, -4, -19), [1, 2, -4, -19, -20, 50, 125], 3.5.c_ae_at 
(2, -4, -17), [1, 2, -4, -17, -20, 50, 125], 3.5.c_ae_ar 
(2, -3, -23), [1, 2, -3, -23, -15, 50, 125], 3.5.c_ad_ax 
(2, -3, -22), [1, 2, -3, -22, -15, 50, 125], 3.5.c_ad_aw 
(2, -3, -21), [1, 2, -3, -21, -15, 50, 125], 3.5.c_ad_av 
(2, -3, -18), [1, 2, -3, -18, -15, 50, 125], 3.5.c_ad_as 
(2, -3, -17), [1, 2, -3, -17, -15, 50, 125], 3.5.c_ad_ar 
(2, -3, -13), [1, 2, -3, -13, -15, 50, 125], 3.5.c_ad_an 
(2, -3, -12), [1, 2, -3, -12, -15, 50, 125], 3.5.c_ad_am 
(2, -2, -21), [1, 2, -2, -21, -10, 50, 125], 3.5.c_ac_av 
(2, -2, -19), [1, 2, -2, -19, -10, 50, 125], 3.5.c_ac_at 
(2, -2, -17), [1, 2, -2, -17, -10, 50, 125], 3.5.c_ac_ar 
(2, -2, -13), [1, 2, -2, -13, -10, 50, 125], 3.5.c_ac_an 
(2, -2, -11), [1, 2, -2, -11, -10, 50, 125], 3.5.c_ac_al 
(2, -2, -9), [1, 2, -2, -9, -10, 50, 125], 3.5.c_ac_aj 
(2, -2, -7), [1, 2, -2, -7, -10, 50, 125], 3.5.c_ac_ah 
(2, -1, -18), [1, 2, -1, -18, -5, 50, 125], 3.5.c_ab_as 
(2, -1, -11), [1, 2, -1, -11, -5, 50, 125], 3.5.c_ab_al 
(2, -1, -7), [1, 2, -1, -7, -5, 50, 125], 3.5.c_ab_ah 
(2, 0, -14), [1, 2, 0, -14, 0, 50, 125], 3.5.c_a_ao 
(2, 0, -13), [1, 2, 0, -13, 0, 50, 125], 3.5.c_a_an 
(2, 0, -11), [1, 2, 0, -11, 0, 50, 125], 3.5.c_a_al 
(2, 0, -9), [1, 2, 0, -9, 0, 50, 125], 3.5.c_a_aj 
(2, 0, -7), [1, 2, 0, -7, 0, 50, 125], 3.5.c_a_ah 
(2, 0, -3), [1, 2, 0, -3, 0, 50, 125], 3.5.c_a_ad 
(2, 0, -1), [1, 2, 0, -1, 0, 50, 125], 3.5.c_a_ab 
(2, 0, 1), [1, 2, 0, 1, 0, 50, 125], 3.5.c_a_b 
(2, 1, -7), [1, 2, 1, -7, 5, 50, 125], 3.5.c_b_ah 
(2, 1, 3), [1, 2, 1, 3, 5, 50, 125], 3.5.c_b_d 
(2, 1, 6), [1, 2, 1, 6, 5, 50, 125], 3.5.c_b_g 
(2, 2, -9), [1, 2, 2, -9, 10, 50, 125], 3.5.c_c_aj 
(2, 2, -7), [1, 2, 2, -7, 10, 50, 125], 3.5.c_c_ah 
(2, 2, -3), [1, 2, 2, -3, 10, 50, 125], 3.5.c_c_ad 
(2, 2, -1), [1, 2, 2, -1, 10, 50, 125], 3.5.c_c_ab 
(2, 2, 1), [1, 2, 2, 1, 10, 50, 125], 3.5.c_c_b 
(2, 2, 3), [1, 2, 2, 3, 10, 50, 125], 3.5.c_c_d 
(2, 2, 7), [1, 2, 2, 7, 10, 50, 125], 3.5.c_c_h 
(2, 2, 9), [1, 2, 2, 9, 10, 50, 125], 3.5.c_c_j 
(2, 2, 11), [1, 2, 2, 11, 10, 50, 125], 3.5.c_c_l 
(2, 3, 1), [1, 2, 3, 1, 15, 50, 125], 3.5.c_d_b 
(2, 4, -3), [1, 2, 4, -3, 20, 50, 125], 3.5.c_e_ad 
(2, 4, -1), [1, 2, 4, -1, 20, 50, 125], 3.5.c_e_ab 
(2, 4, 1), [1, 2, 4, 1, 20, 50, 125], 3.5.c_e_b 
(2, 4, 3), [1, 2, 4, 3, 20, 50, 125], 3.5.c_e_d 
(2, 4, 7), [1, 2, 4, 7, 20, 50, 125], 3.5.c_e_h 
(2, 4, 9), [1, 2, 4, 9, 20, 50, 125], 3.5.c_e_j 
(2, 4, 11), [1, 2, 4, 11, 20, 50, 125], 3.5.c_e_l 
(2, 4, 13), [1, 2, 4, 13, 20, 50, 125], 3.5.c_e_n 
(2, 4, 17), [1, 2, 4, 17, 20, 50, 125], 3.5.c_e_r 
(2, 4, 19), [1, 2, 4, 19, 20, 50, 125], 3.5.c_e_t 
(2, 5, 3), [1, 2, 5, 3, 25, 50, 125], 3.5.c_f_d 
(2, 5, 21), [1, 2, 5, 21, 25, 50, 125], 3.5.c_f_v 
(2, 6, 1), [1, 2, 6, 1, 30, 50, 125], 3.5.c_g_b 
(2, 6, 3), [1, 2, 6, 3, 30, 50, 125], 3.5.c_g_d 
(2, 6, 7), [1, 2, 6, 7, 30, 50, 125], 3.5.c_g_h 
(2, 6, 9), [1, 2, 6, 9, 30, 50, 125], 3.5.c_g_j 
(2, 6, 11), [1, 2, 6, 11, 30, 50, 125], 3.5.c_g_l 
(2, 6, 13), [1, 2, 6, 13, 30, 50, 125], 3.5.c_g_n 
(2, 6, 17), [1, 2, 6, 17, 30, 50, 125], 3.5.c_g_r 
(2, 6, 19), [1, 2, 6, 19, 30, 50, 125], 3.5.c_g_t 
(2, 6, 21), [1, 2, 6, 21, 30, 50, 125], 3.5.c_g_v 
(2, 6, 23), [1, 2, 6, 23, 30, 50, 125], 3.5.c_g_x 
(2, 7, 13), [1, 2, 7, 13, 35, 50, 125], 3.5.c_h_n 
(2, 7, 23), [1, 2, 7, 23, 35, 50, 125], 3.5.c_h_x 
(2, 8, 7), [1, 2, 8, 7, 40, 50, 125], 3.5.c_i_h 
(2, 8, 9), [1, 2, 8, 9, 40, 50, 125], 3.5.c_i_j 
(2, 8, 11), [1, 2, 8, 11, 40, 50, 125], 3.5.c_i_l 
(2, 8, 13), [1, 2, 8, 13, 40, 50, 125], 3.5.c_i_n 
(2, 8, 17), [1, 2, 8, 17, 40, 50, 125], 3.5.c_i_r 
(2, 8, 19), [1, 2, 8, 19, 40, 50, 125], 3.5.c_i_t 
(2, 8, 21), [1, 2, 8, 21, 40, 50, 125], 3.5.c_i_v 
(2, 8, 23), [1, 2, 8, 23, 40, 50, 125], 3.5.c_i_x 
(2, 9, 22), [1, 2, 9, 22, 45, 50, 125], 3.5.c_j_w 
(2, 10, 11), [1, 2, 10, 11, 50, 50, 125], 3.5.c_k_l 
(2, 10, 13), [1, 2, 10, 13, 50, 50, 125], 3.5.c_k_n 
(2, 10, 17), [1, 2, 10, 17, 50, 50, 125], 3.5.c_k_r 
(2, 10, 19), [1, 2, 10, 19, 50, 50, 125], 3.5.c_k_t 
(2, 10, 21), [1, 2, 10, 21, 50, 50, 125], 3.5.c_k_v 
(2, 11, 13), [1, 2, 11, 13, 55, 50, 125], 3.5.c_l_n 
(2, 12, 17), [1, 2, 12, 17, 60, 50, 125], 3.5.c_m_r 
(2, 12, 19), [1, 2, 12, 19, 60, 50, 125], 3.5.c_m_t 
(2, 14, 19), [1, 2, 14, 19, 70, 50, 125], 3.5.c_o_t 
(3, -4, -29), [1, 3, -4, -29, -20, 75, 125], 3.5.d_ae_abd 
(3, -4, -28), [1, 3, -4, -28, -20, 75, 125], 3.5.d_ae_abc 
(3, -4, -26), [1, 3, -4, -26, -20, 75, 125], 3.5.d_ae_aba 
(3, -3, -27), [1, 3, -3, -27, -15, 75, 125], 3.5.d_ad_abb 
(3, -3, -22), [1, 3, -3, -22, -15, 75, 125], 3.5.d_ad_aw 
(3, -2, -23), [1, 3, -2, -23, -10, 75, 125], 3.5.d_ac_ax 
(3, -2, -19), [1, 3, -2, -19, -10, 75, 125], 3.5.d_ac_at 
(3, -2, -18), [1, 3, -2, -18, -10, 75, 125], 3.5.d_ac_as 
(3, -2, -17), [1, 3, -2, -17, -10, 75, 125], 3.5.d_ac_ar 
(3, -1, -17), [1, 3, -1, -17, -5, 75, 125], 3.5.d_ab_ar 
(3, 0, -16), [1, 3, 0, -16, 0, 75, 125], 3.5.d_a_aq 
(3, 0, -13), [1, 3, 0, -13, 0, 75, 125], 3.5.d_a_an 
(3, 0, -11), [1, 3, 0, -11, 0, 75, 125], 3.5.d_a_al 
(3, 0, -9), [1, 3, 0, -9, 0, 75, 125], 3.5.d_a_aj 
(3, 1, -8), [1, 3, 1, -8, 5, 75, 125], 3.5.d_b_ai 
(3, 1, -4), [1, 3, 1, -4, 5, 75, 125], 3.5.d_b_ae 
(3, 2, -7), [1, 3, 2, -7, 10, 75, 125], 3.5.d_c_ah 
(3, 2, -3), [1, 3, 2, -3, 10, 75, 125], 3.5.d_c_ad 
(3, 2, -2), [1, 3, 2, -2, 10, 75, 125], 3.5.d_c_ac 
(3, 2, -1), [1, 3, 2, -1, 10, 75, 125], 3.5.d_c_ab 
(3, 2, 1), [1, 3, 2, 1, 10, 75, 125], 3.5.d_c_b 
(3, 3, 4), [1, 3, 3, 4, 15, 75, 125], 3.5.d_d_e 
(3, 4, -1), [1, 3, 4, -1, 20, 75, 125], 3.5.d_e_ab 
(3, 4, 1), [1, 3, 4, 1, 20, 75, 125], 3.5.d_e_b 
(3, 4, 3), [1, 3, 4, 3, 20, 75, 125], 3.5.d_e_d 
(3, 4, 7), [1, 3, 4, 7, 20, 75, 125], 3.5.d_e_h 
(3, 4, 8), [1, 3, 4, 8, 20, 75, 125], 3.5.d_e_i 
(3, 6, 7), [1, 3, 6, 7, 30, 75, 125], 3.5.d_g_h 
(3, 6, 9), [1, 3, 6, 9, 30, 75, 125], 3.5.d_g_j 
(3, 6, 11), [1, 3, 6, 11, 30, 75, 125], 3.5.d_g_l 
(3, 6, 13), [1, 3, 6, 13, 30, 75, 125], 3.5.d_g_n 
(3, 6, 17), [1, 3, 6, 17, 30, 75, 125], 3.5.d_g_r 
(3, 7, 8), [1, 3, 7, 8, 35, 75, 125], 3.5.d_h_i 
(3, 8, 11), [1, 3, 8, 11, 40, 75, 125], 3.5.d_i_l 
(3, 8, 13), [1, 3, 8, 13, 40, 75, 125], 3.5.d_i_n 
(3, 8, 17), [1, 3, 8, 17, 40, 75, 125], 3.5.d_i_r 
(3, 8, 19), [1, 3, 8, 19, 40, 75, 125], 3.5.d_i_t 
(3, 8, 23), [1, 3, 8, 23, 40, 75, 125], 3.5.d_i_x 
(3, 8, 27), [1, 3, 8, 27, 40, 75, 125], 3.5.d_i_bb 
(3, 8, 28), [1, 3, 8, 28, 40, 75, 125], 3.5.d_i_bc 
(3, 10, 17), [1, 3, 10, 17, 50, 75, 125], 3.5.d_k_r 
(3, 10, 19), [1, 3, 10, 19, 50, 75, 125], 3.5.d_k_t 
(3, 10, 21), [1, 3, 10, 21, 50, 75, 125], 3.5.d_k_v 
(3, 10, 22), [1, 3, 10, 22, 50, 75, 125], 3.5.d_k_w 
(3, 10, 27), [1, 3, 10, 27, 50, 75, 125], 3.5.d_k_bb 
(3, 10, 29), [1, 3, 10, 29, 50, 75, 125], 3.5.d_k_bd 
(3, 12, 23), [1, 3, 12, 23, 60, 75, 125], 3.5.d_m_x 
(3, 12, 27), [1, 3, 12, 27, 60, 75, 125], 3.5.d_m_bb 
(3, 14, 29), [1, 3, 14, 29, 70, 75, 125], 3.5.d_o_bd 
(3, 15, 29), [1, 3, 15, 29, 75, 75, 125], 3.5.d_p_bd 
(4, -2, -27), [1, 4, -2, -27, -10, 100, 125], 3.5.e_ac_abb 
(4, -1, -23), [1, 4, -1, -23, -5, 100, 125], 3.5.e_ab_ax 
(4, 0, -19), [1, 4, 0, -19, 0, 100, 125], 3.5.e_a_at 
(4, 1, -14), [1, 4, 1, -14, 5, 100, 125], 3.5.e_b_ao 
(4, 2, -11), [1, 4, 2, -11, 10, 100, 125], 3.5.e_c_al 
(4, 2, -9), [1, 4, 2, -9, 10, 100, 125], 3.5.e_c_aj 
(4, 3, -7), [1, 4, 3, -7, 15, 100, 125], 3.5.e_d_ah 
(4, 4, -3), [1, 4, 4, -3, 20, 100, 125], 3.5.e_e_ad 
(4, 4, -1), [1, 4, 4, -1, 20, 100, 125], 3.5.e_e_ab 
(4, 5, -1), [1, 4, 5, -1, 25, 100, 125], 3.5.e_f_ab 
(4, 5, 3), [1, 4, 5, 3, 25, 100, 125], 3.5.e_f_d 
(4, 6, 3), [1, 4, 6, 3, 30, 100, 125], 3.5.e_g_d 
(4, 6, 7), [1, 4, 6, 7, 30, 100, 125], 3.5.e_g_h 
(4, 6, 9), [1, 4, 6, 9, 30, 100, 125], 3.5.e_g_j 
(4, 8, 11), [1, 4, 8, 11, 40, 100, 125], 3.5.e_i_l 
(4, 8, 13), [1, 4, 8, 13, 40, 100, 125], 3.5.e_i_n 
(4, 8, 17), [1, 4, 8, 17, 40, 100, 125], 3.5.e_i_r 
(4, 10, 17), [1, 4, 10, 17, 50, 100, 125], 3.5.e_k_r 
(4, 10, 19), [1, 4, 10, 19, 50, 100, 125], 3.5.e_k_t 
(4, 10, 21), [1, 4, 10, 21, 50, 100, 125], 3.5.e_k_v 
(4, 10, 23), [1, 4, 10, 23, 50, 100, 125], 3.5.e_k_x 
(4, 10, 27), [1, 4, 10, 27, 50, 100, 125], 3.5.e_k_bb 
(4, 12, 23), [1, 4, 12, 23, 60, 100, 125], 3.5.e_m_x 
(4, 12, 27), [1, 4, 12, 27, 60, 100, 125], 3.5.e_m_bb 
(4, 12, 29), [1, 4, 12, 29, 60, 100, 125], 3.5.e_m_bd 
(4, 12, 31), [1, 4, 12, 31, 60, 100, 125], 3.5.e_m_bf 
(4, 12, 33), [1, 4, 12, 33, 60, 100, 125], 3.5.e_m_bh 
(4, 13, 29), [1, 4, 13, 29, 65, 100, 125], 3.5.e_n_bd 
(4, 13, 39), [1, 4, 13, 39, 65, 100, 125], 3.5.e_n_bn 
(4, 14, 29), [1, 4, 14, 29, 70, 100, 125], 3.5.e_o_bd 
(4, 14, 31), [1, 4, 14, 31, 70, 100, 125], 3.5.e_o_bf 
(4, 14, 33), [1, 4, 14, 33, 70, 100, 125], 3.5.e_o_bh 
(4, 14, 37), [1, 4, 14, 37, 70, 100, 125], 3.5.e_o_bl 
(4, 14, 39), [1, 4, 14, 39, 70, 100, 125], 3.5.e_o_bn 
(4, 16, 36), [1, 4, 16, 36, 80, 100, 125], 3.5.e_q_bk 
(4, 16, 37), [1, 4, 16, 37, 80, 100, 125], 3.5.e_q_bl 
(4, 16, 39), [1, 4, 16, 39, 80, 100, 125], 3.5.e_q_bn 
(4, 18, 39), [1, 4, 18, 39, 90, 100, 125], 3.5.e_s_bn 
(5, 6, -1), [1, 5, 6, -1, 30, 125, 125], 3.5.f_g_ab 
(5, 8, 7), [1, 5, 8, 7, 40, 125, 125], 3.5.f_i_h 
(5, 8, 8), [1, 5, 8, 8, 40, 125, 125], 3.5.f_i_i 
(5, 12, 26), [1, 5, 12, 26, 60, 125, 125], 3.5.f_m_ba 
(5, 13, 28), [1, 5, 13, 28, 65, 125, 125], 3.5.f_n_bc 
(5, 14, 31), [1, 5, 14, 31, 70, 125, 125], 3.5.f_o_bf 
(5, 14, 33), [1, 5, 14, 33, 70, 125, 125], 3.5.f_o_bh 
(5, 16, 37), [1, 5, 16, 37, 80, 125, 125], 3.5.f_q_bl 
(5, 16, 39), [1, 5, 16, 39, 80, 125, 125], 3.5.f_q_bn 
(5, 16, 41), [1, 5, 16, 41, 80, 125, 125], 3.5.f_q_bp 
(5, 17, 39), [1, 5, 17, 39, 85, 125, 125], 3.5.f_r_bn 
(5, 18, 43), [1, 5, 18, 43, 90, 125, 125], 3.5.f_s_br 
(5, 18, 47), [1, 5, 18, 47, 90, 125, 125], 3.5.f_s_bv 
(5, 20, 49), [1, 5, 20, 49, 100, 125, 125], 3.5.f_u_bx 
(6, 15, 29), [1, 6, 15, 29, 75, 150, 125], 3.5.g_p_bd 
(6, 16, 33), [1, 6, 16, 33, 80, 150, 125], 3.5.g_q_bh 
(6, 18, 41), [1, 6, 18, 41, 90, 150, 125], 3.5.g_s_bp 
(6, 19, 47), [1, 6, 19, 47, 95, 150, 125], 3.5.g_t_bv 
(6, 20, 47), [1, 6, 20, 47, 100, 150, 125], 3.5.g_u_bv 
(6, 20, 49), [1, 6, 20, 49, 100, 150, 125], 3.5.g_u_bx 
(6, 20, 51), [1, 6, 20, 51, 100, 150, 125], 3.5.g_u_bz 
(6, 22, 57), [1, 6, 22, 57, 110, 150, 125], 3.5.g_w_cf 
(6, 22, 59), [1, 6, 22, 59, 110, 150, 125], 3.5.g_w_ch 
(6, 23, 61), [1, 6, 23, 61, 115, 150, 125], 3.5.g_x_cj 
(6, 24, 61), [1, 6, 24, 61, 120, 150, 125], 3.5.g_y_cj 
(6, 24, 63), [1, 6, 24, 63, 120, 150, 125], 3.5.g_y_cl 
(7, 24, 59), [1, 7, 24, 59, 120, 175, 125], 3.5.h_y_ch 
(7, 25, 63), [1, 7, 25, 63, 125, 175, 125], 3.5.h_z_cl 
(7, 26, 68), [1, 7, 26, 68, 130, 175, 125], 3.5.h_ba_cq 
(7, 27, 71), [1, 7, 27, 71, 135, 175, 125], 3.5.h_bb_ct 
(7, 27, 72), [1, 7, 27, 72, 135, 175, 125], 3.5.h_bb_cu 
(7, 27, 73), [1, 7, 27, 73, 135, 175, 125], 3.5.h_bb_cv 
(7, 29, 77), [1, 7, 29, 77, 145, 175, 125], 3.5.h_bd_cz 
(8, 34, 93), [1, 8, 34, 93, 170, 200, 125], 3.5.i_bi_dp 
