(-4, 7, -10), [1, -4, 7, -10, 21, -36, 27], 3.3.ae_h_ak 
(-4, 9, -17), [1, -4, 9, -17, 27, -36, 27], 3.3.ae_j_ar 
(-4, 10, -20), [1, -4, 10, -20, 30, -36, 27], 3.3.ae_k_au 
(-4, 11, -22), [1, -4, 11, -22, 33, -36, 27], 3.3.ae_l_aw 
(-3, 3, -1), [1, -3, 3, -1, 9, -27, 27], 3.3.ad_d_ab 
(-3, 5, -8), [1, -3, 5, -8, 15, -27, 27], 3.3.ad_f_ai 
(-3, 5, -7), [1, -3, 5, -7, 15, -27, 27], 3.3.ad_f_ah 
(-3, 5, -5), [1, -3, 5, -5, 15, -27, 27], 3.3.ad_f_af 
(-3, 6, -10), [1, -3, 6, -10, 18, -27, 27], 3.3.ad_g_ak 
(-3, 7, -13), [1, -3, 7, -13, 21, -27, 27], 3.3.ad_h_an 
(-3, 7, -11), [1, -3, 7, -11, 21, -27, 27], 3.3.ad_h_al 
(-3, 8, -16), [1, -3, 8, -16, 24, -27, 27], 3.3.ad_i_aq 
(-3, 8, -14), [1, -3, 8, -14, 24, -27, 27], 3.3.ad_i_ao 
(-3, 9, -17), [1, -3, 9, -17, 27, -27, 27], 3.3.ad_j_ar 
(-2, 0, 2), [1, -2, 0, 2, 0, -18, 27], 3.3.ac_a_c 
(-2, 0, 4), [1, -2, 0, 4, 0, -18, 27], 3.3.ac_a_e 
(-2, 1, 2), [1, -2, 1, 2, 3, -18, 27], 3.3.ac_b_c 
(-2, 2, -2), [1, -2, 2, -2, 6, -18, 27], 3.3.ac_c_ac 
(-2, 3, -7), [1, -2, 3, -7, 9, -18, 27], 3.3.ac_d_ah 
(-2, 3, -4), [1, -2, 3, -4, 9, -18, 27], 3.3.ac_d_ae 
(-2, 3, -2), [1, -2, 3, -2, 9, -18, 27], 3.3.ac_d_ac 
(-2, 4, -10), [1, -2, 4, -10, 12, -18, 27], 3.3.ac_e_ak 
(-2, 4, -8), [1, -2, 4, -8, 12, -18, 27], 3.3.ac_e_ai 
(-2, 4, -4), [1, -2, 4, -4, 12, -18, 27], 3.3.ac_e_ae 
(-2, 5, -10), [1, -2, 5, -10, 15, -18, 27], 3.3.ac_f_ak 
(-2, 5, -8), [1, -2, 5, -8, 15, -18, 27], 3.3.ac_f_ai 
(-2, 5, -5), [1, -2, 5, -5, 15, -18, 27], 3.3.ac_f_af 
(-2, 7, -10), [1, -2, 7, -10, 21, -18, 27], 3.3.ac_h_ak 
(-1, -1, 1), [1, -1, -1, 1, -3, -9, 27], 3.3.ab_ab_b 
(-1, -1, 2), [1, -1, -1, 2, -3, -9, 27], 3.3.ab_ab_c 
(-1, -1, 5), [1, -1, -1, 5, -3, -9, 27], 3.3.ab_ab_f 
(-1, -1, 7), [1, -1, -1, 7, -3, -9, 27], 3.3.ab_ab_h 
(-1, -1, 8), [1, -1, -1, 8, -3, -9, 27], 3.3.ab_ab_i 
(-1, 0, -4), [1, -1, 0, -4, 0, -9, 27], 3.3.ab_a_ae 
(-1, 0, -2), [1, -1, 0, -2, 0, -9, 27], 3.3.ab_a_ac 
(-1, 0, 2), [1, -1, 0, 2, 0, -9, 27], 3.3.ab_a_c 
(-1, 1, -7), [1, -1, 1, -7, 3, -9, 27], 3.3.ab_b_ah 
(-1, 1, -5), [1, -1, 1, -5, 3, -9, 27], 3.3.ab_b_af 
(-1, 1, -2), [1, -1, 1, -2, 3, -9, 27], 3.3.ab_b_ac 
(-1, 1, -1), [1, -1, 1, -1, 3, -9, 27], 3.3.ab_b_ab 
(-1, 1, 1), [1, -1, 1, 1, 3, -9, 27], 3.3.ab_b_b 
(-1, 1, 4), [1, -1, 1, 4, 3, -9, 27], 3.3.ab_b_e 
(-1, 1, 5), [1, -1, 1, 5, 3, -9, 27], 3.3.ab_b_f 
(-1, 2, -10), [1, -1, 2, -10, 6, -9, 27], 3.3.ab_c_ak 
(-1, 2, -4), [1, -1, 2, -4, 6, -9, 27], 3.3.ab_c_ae 
(-1, 2, -2), [1, -1, 2, -2, 6, -9, 27], 3.3.ab_c_ac 
(-1, 2, 2), [1, -1, 2, 2, 6, -9, 27], 3.3.ab_c_c 
(-1, 3, -8), [1, -1, 3, -8, 9, -9, 27], 3.3.ab_d_ai 
(-1, 3, -7), [1, -1, 3, -7, 9, -9, 27], 3.3.ab_d_ah 
(-1, 3, -5), [1, -1, 3, -5, 9, -9, 27], 3.3.ab_d_af 
(-1, 3, -4), [1, -1, 3, -4, 9, -9, 27], 3.3.ab_d_ae 
(-1, 3, -2), [1, -1, 3, -2, 9, -9, 27], 3.3.ab_d_ac 
(-1, 3, -1), [1, -1, 3, -1, 9, -9, 27], 3.3.ab_d_ab 
(-1, 3, 1), [1, -1, 3, 1, 9, -9, 27], 3.3.ab_d_b 
(-1, 4, -8), [1, -1, 4, -8, 12, -9, 27], 3.3.ab_e_ai 
(-1, 4, -2), [1, -1, 4, -2, 12, -9, 27], 3.3.ab_e_ac 
(-1, 5, -7), [1, -1, 5, -7, 15, -9, 27], 3.3.ab_f_ah 
(-1, 5, -5), [1, -1, 5, -5, 15, -9, 27], 3.3.ab_f_af 
(-1, 5, -4), [1, -1, 5, -4, 15, -9, 27], 3.3.ab_f_ae 
(0, -2, -2), [1, 0, -2, -2, -6, 0, 27], 3.3.a_ac_ac 
(0, -2, 2), [1, 0, -2, 2, -6, 0, 27], 3.3.a_ac_c 
(0, -1, -4), [1, 0, -1, -4, -3, 0, 27], 3.3.a_ab_ae 
(0, -1, -1), [1, 0, -1, -1, -3, 0, 27], 3.3.a_ab_ab 
(0, -1, 1), [1, 0, -1, 1, -3, 0, 27], 3.3.a_ab_b 
(0, -1, 4), [1, 0, -1, 4, -3, 0, 27], 3.3.a_ab_e 
(0, 0, -4), [1, 0, 0, -4, 0, 0, 27], 3.3.a_a_ae 
(0, 0, -2), [1, 0, 0, -2, 0, 0, 27], 3.3.a_a_ac 
(0, 0, 2), [1, 0, 0, 2, 0, 0, 27], 3.3.a_a_c 
(0, 0, 4), [1, 0, 0, 4, 0, 0, 27], 3.3.a_a_e 
(0, 1, -4), [1, 0, 1, -4, 3, 0, 27], 3.3.a_b_ae 
(0, 1, -2), [1, 0, 1, -2, 3, 0, 27], 3.3.a_b_ac 
(0, 1, -1), [1, 0, 1, -1, 3, 0, 27], 3.3.a_b_ab 
(0, 1, 1), [1, 0, 1, 1, 3, 0, 27], 3.3.a_b_b 
(0, 1, 2), [1, 0, 1, 2, 3, 0, 27], 3.3.a_b_c 
(0, 1, 4), [1, 0, 1, 4, 3, 0, 27], 3.3.a_b_e 
(0, 2, -4), [1, 0, 2, -4, 6, 0, 27], 3.3.a_c_ae 
(0, 2, -2), [1, 0, 2, -2, 6, 0, 27], 3.3.a_c_ac 
(0, 2, 2), [1, 0, 2, 2, 6, 0, 27], 3.3.a_c_c 
(0, 2, 4), [1, 0, 2, 4, 6, 0, 27], 3.3.a_c_e 
(0, 3, -2), [1, 0, 3, -2, 9, 0, 27], 3.3.a_d_ac 
(0, 3, -1), [1, 0, 3, -1, 9, 0, 27], 3.3.a_d_ab 
(0, 3, 1), [1, 0, 3, 1, 9, 0, 27], 3.3.a_d_b 
(0, 3, 2), [1, 0, 3, 2, 9, 0, 27], 3.3.a_d_c 
(0, 5, -2), [1, 0, 5, -2, 15, 0, 27], 3.3.a_f_ac 
(0, 5, -1), [1, 0, 5, -1, 15, 0, 27], 3.3.a_f_ab 
(0, 5, 1), [1, 0, 5, 1, 15, 0, 27], 3.3.a_f_b 
(0, 5, 2), [1, 0, 5, 2, 15, 0, 27], 3.3.a_f_c 
(1, -1, -8), [1, 1, -1, -8, -3, 9, 27], 3.3.b_ab_ai 
(1, -1, -7), [1, 1, -1, -7, -3, 9, 27], 3.3.b_ab_ah 
(1, -1, -5), [1, 1, -1, -5, -3, 9, 27], 3.3.b_ab_af 
(1, -1, -2), [1, 1, -1, -2, -3, 9, 27], 3.3.b_ab_ac 
(1, -1, -1), [1, 1, -1, -1, -3, 9, 27], 3.3.b_ab_ab 
(1, 0, -2), [1, 1, 0, -2, 0, 9, 27], 3.3.b_a_ac 
(1, 0, 2), [1, 1, 0, 2, 0, 9, 27], 3.3.b_a_c 
(1, 0, 4), [1, 1, 0, 4, 0, 9, 27], 3.3.b_a_e 
(1, 1, -5), [1, 1, 1, -5, 3, 9, 27], 3.3.b_b_af 
(1, 1, -4), [1, 1, 1, -4, 3, 9, 27], 3.3.b_b_ae 
(1, 1, -1), [1, 1, 1, -1, 3, 9, 27], 3.3.b_b_ab 
(1, 1, 1), [1, 1, 1, 1, 3, 9, 27], 3.3.b_b_b 
(1, 1, 2), [1, 1, 1, 2, 3, 9, 27], 3.3.b_b_c 
(1, 1, 5), [1, 1, 1, 5, 3, 9, 27], 3.3.b_b_f 
(1, 1, 7), [1, 1, 1, 7, 3, 9, 27], 3.3.b_b_h 
(1, 2, -2), [1, 1, 2, -2, 6, 9, 27], 3.3.b_c_ac 
(1, 2, 2), [1, 1, 2, 2, 6, 9, 27], 3.3.b_c_c 
(1, 2, 4), [1, 1, 2, 4, 6, 9, 27], 3.3.b_c_e 
(1, 2, 10), [1, 1, 2, 10, 6, 9, 27], 3.3.b_c_k 
(1, 3, -1), [1, 1, 3, -1, 9, 9, 27], 3.3.b_d_ab 
(1, 3, 1), [1, 1, 3, 1, 9, 9, 27], 3.3.b_d_b 
(1, 3, 2), [1, 1, 3, 2, 9, 9, 27], 3.3.b_d_c 
(1, 3, 4), [1, 1, 3, 4, 9, 9, 27], 3.3.b_d_e 
(1, 3, 5), [1, 1, 3, 5, 9, 9, 27], 3.3.b_d_f 
(1, 3, 7), [1, 1, 3, 7, 9, 9, 27], 3.3.b_d_h 
(1, 3, 8), [1, 1, 3, 8, 9, 9, 27], 3.3.b_d_i 
(1, 4, 2), [1, 1, 4, 2, 12, 9, 27], 3.3.b_e_c 
(1, 4, 8), [1, 1, 4, 8, 12, 9, 27], 3.3.b_e_i 
(1, 5, 4), [1, 1, 5, 4, 15, 9, 27], 3.3.b_f_e 
(1, 5, 5), [1, 1, 5, 5, 15, 9, 27], 3.3.b_f_f 
(1, 5, 7), [1, 1, 5, 7, 15, 9, 27], 3.3.b_f_h 
(2, 0, -4), [1, 2, 0, -4, 0, 18, 27], 3.3.c_a_ae 
(2, 0, -2), [1, 2, 0, -2, 0, 18, 27], 3.3.c_a_ac 
(2, 1, -2), [1, 2, 1, -2, 3, 18, 27], 3.3.c_b_ac 
(2, 2, 2), [1, 2, 2, 2, 6, 18, 27], 3.3.c_c_c 
(2, 3, 2), [1, 2, 3, 2, 9, 18, 27], 3.3.c_d_c 
(2, 3, 4), [1, 2, 3, 4, 9, 18, 27], 3.3.c_d_e 
(2, 3, 7), [1, 2, 3, 7, 9, 18, 27], 3.3.c_d_h 
(2, 4, 4), [1, 2, 4, 4, 12, 18, 27], 3.3.c_e_e 
(2, 4, 8), [1, 2, 4, 8, 12, 18, 27], 3.3.c_e_i 
(2, 4, 10), [1, 2, 4, 10, 12, 18, 27], 3.3.c_e_k 
(2, 5, 5), [1, 2, 5, 5, 15, 18, 27], 3.3.c_f_f 
(2, 5, 8), [1, 2, 5, 8, 15, 18, 27], 3.3.c_f_i 
(2, 5, 10), [1, 2, 5, 10, 15, 18, 27], 3.3.c_f_k 
(2, 7, 10), [1, 2, 7, 10, 21, 18, 27], 3.3.c_h_k 
(3, 3, 1), [1, 3, 3, 1, 9, 27, 27], 3.3.d_d_b 
(3, 5, 5), [1, 3, 5, 5, 15, 27, 27], 3.3.d_f_f 
(3, 5, 7), [1, 3, 5, 7, 15, 27, 27], 3.3.d_f_h 
(3, 5, 8), [1, 3, 5, 8, 15, 27, 27], 3.3.d_f_i 
(3, 6, 10), [1, 3, 6, 10, 18, 27, 27], 3.3.d_g_k 
(3, 7, 11), [1, 3, 7, 11, 21, 27, 27], 3.3.d_h_l 
(3, 7, 13), [1, 3, 7, 13, 21, 27, 27], 3.3.d_h_n 
(3, 8, 14), [1, 3, 8, 14, 24, 27, 27], 3.3.d_i_o 
(3, 8, 16), [1, 3, 8, 16, 24, 27, 27], 3.3.d_i_q 
(3, 9, 17), [1, 3, 9, 17, 27, 27, 27], 3.3.d_j_r 
(4, 7, 10), [1, 4, 7, 10, 21, 36, 27], 3.3.e_h_k 
(4, 9, 17), [1, 4, 9, 17, 27, 36, 27], 3.3.e_j_r 
(4, 10, 20), [1, 4, 10, 20, 30, 36, 27], 3.3.e_k_u 
(4, 11, 22), [1, 4, 11, 22, 33, 36, 27], 3.3.e_l_w 
