(-8, -9, 44), [1, -17, 132, -640, 2112, -4352, 4096], 3.16.ar_fc_ayq
(-8, -9, 48), [1, -17, 136, -672, 2176, -4352, 4096], 3.16.ar_fg_azw
(-8, -7, 28), [1, -15, 100, -448, 1600, -3840, 4096], 3.16.ap_dw_arg
(-8, -7, 36), [1, -15, 108, -512, 1728, -3840, 4096], 3.16.ap_ee_ats
(-8, -5, 12), [1, -13, 68, -256, 1088, -3328, 4096], 3.16.an_cq_ajw
(-8, -5, 16), [1, -13, 72, -288, 1152, -3328, 4096], 3.16.an_cu_alc
(-8, -5, 20), [1, -13, 76, -320, 1216, -3328, 4096], 3.16.an_cy_ami
(-8, -5, 28), [1, -13, 84, -384, 1344, -3328, 4096], 3.16.an_dg_aou
(-4, -9, 48), [1, -13, 100, -480, 1600, -3328, 4096], 3.16.an_dw_asm
(-8, -3, -4), [1, -11, 36, -64, 576, -2816, 4096], 3.16.al_bk_acm
(-8, -3, 0), [1, -11, 40, -96, 640, -2816, 4096], 3.16.al_bo_ads
(-8, -3, 12), [1, -11, 52, -192, 832, -2816, 4096], 3.16.al_ca_ahk
(-8, -3, 16), [1, -11, 56, -224, 896, -2816, 4096], 3.16.al_ce_aiq
(-8, -3, 20), [1, -11, 60, -256, 960, -2816, 4096], 3.16.al_ci_ajw
(-4, -7, 40), [1, -11, 84, -384, 1344, -2816, 4096], 3.16.al_dg_aou
(-8, -1, -20), [1, -9, 4, 128, 64, -2304, 4096], 3.16.aj_e_ey
(-8, -1, -16), [1, -9, 8, 96, 128, -2304, 4096], 3.16.aj_i_ds
(-8, -1, -12), [1, -9, 12, 64, 192, -2304, 4096], 3.16.aj_m_cm
(-8, -1, -4), [1, -9, 20, 0, 320, -2304, 4096], 3.16.aj_u_a
(-8, -1, 0), [1, -9, 24, -32, 384, -2304, 4096], 3.16.aj_y_abg
(-8, -1, 4), [1, -9, 28, -64, 448, -2304, 4096], 3.16.aj_bc_acm
(-8, -1, 16), [1, -9, 40, -160, 640, -2304, 4096], 3.16.aj_bo_age
(-8, -1, 28), [1, -9, 52, -256, 832, -2304, 4096], 3.16.aj_ca_ajw
(-8, 1, -20), [1, -7, -12, 192, -192, -1792, 4096], 3.16.ah_am_hk
(-8, 1, -16), [1, -7, -8, 160, -128, -1792, 4096], 3.16.ah_ai_ge
(-8, 1, -12), [1, -7, -4, 128, -64, -1792, 4096], 3.16.ah_ae_ey
(-8, 1, 0), [1, -7, 8, 32, 128, -1792, 4096], 3.16.ah_i_bg
(-8, 1, 4), [1, -7, 12, 0, 192, -1792, 4096], 3.16.ah_m_a
(-8, 1, 16), [1, -7, 24, -96, 384, -1792, 4096], 3.16.ah_y_ads
(-8, 1, 28), [1, -7, 36, -192, 576, -1792, 4096], 3.16.ah_bk_ahk
(0, -7, 28), [1, -7, 44, -224, 704, -1792, 4096], 3.16.ah_bs_aiq
(0, -7, 36), [1, -7, 52, -224, 832, -1792, 4096], 3.16.ah_ca_aiq
(-4, -3, 24), [1, -7, 52, -192, 832, -1792, 4096], 3.16.ah_ca_ahk
(0, -7, 40), [1, -7, 56, -224, 896, -1792, 4096], 3.16.ah_ce_aiq
(-8, 3, -4), [1, -5, -12, 128, -192, -1280, 4096], 3.16.af_am_ey
(-8, 3, 0), [1, -5, -8, 96, -128, -1280, 4096], 3.16.af_ai_ds
(-8, 3, 12), [1, -5, 4, 0, 64, -1280, 4096], 3.16.af_e_a
(-8, 3, 20), [1, -5, 12, -64, 192, -1280, 4096], 3.16.af_m_acm
(-4, -1, 16), [1, -5, 36, -96, 576, -1280, 4096], 3.16.af_bk_ads
(0, -5, 24), [1, -5, 40, -160, 640, -1280, 4096], 3.16.af_bo_age
(0, -5, 28), [1, -5, 44, -160, 704, -1280, 4096], 3.16.af_bs_age
(-4, -1, 24), [1, -5, 44, -128, 704, -1280, 4096], 3.16.af_bs_aey
(-8, 5, 12), [1, -3, -12, 64, -192, -768, 4096], 3.16.ad_am_cm
(-8, 5, 16), [1, -3, -8, 32, -128, -768, 4096], 3.16.ad_ai_bg
(-8, 5, 20), [1, -3, -4, 0, -64, -768, 4096], 3.16.ad_ae_a
(-4, 1, 8), [1, -3, 20, 0, 320, -768, 4096], 3.16.ad_u_a
(-4, 1, 16), [1, -3, 28, -32, 448, -768, 4096], 3.16.ad_bc_abg
(0, -3, 24), [1, -3, 40, -96, 640, -768, 4096], 3.16.ad_bo_ads
(-8, 7, 28), [1, -1, -12, 0, -192, -256, 4096], 3.16.ab_am_a
(8, -9, 44), [1, -1, -12, 64, -192, -256, 4096], 3.16.ab_am_cm
(8, -9, 48), [1, -1, -8, 96, -128, -256, 4096], 3.16.ab_ai_ds
(-8, 7, 36), [1, -1, -4, -64, -64, -256, 4096], 3.16.ab_ae_acm
(-4, 3, 0), [1, -1, 4, 96, 64, -256, 4096], 3.16.ab_e_ds
(0, -1, 24), [1, -1, 40, -32, 640, -256, 4096], 3.16.ab_bo_abg
(0, -1, 28), [1, -1, 44, -32, 704, -256, 4096], 3.16.ab_bs_abg
(-8, 9, 44), [1, 1, -12, -64, -192, 256, 4096], 3.16.b_am_acm
(8, -7, 28), [1, 1, -12, 0, -192, 256, 4096], 3.16.b_am_a
(-8, 9, 48), [1, 1, -8, -96, -128, 256, 4096], 3.16.b_ai_ads
(8, -7, 36), [1, 1, -4, 64, -64, 256, 4096], 3.16.b_ae_cm
(4, -3, 0), [1, 1, 4, -96, 64, 256, 4096], 3.16.b_e_ads
(0, 1, 24), [1, 1, 40, 32, 640, 256, 4096], 3.16.b_bo_bg
(0, 1, 28), [1, 1, 44, 32, 704, 256, 4096], 3.16.b_bs_bg
(8, -5, 12), [1, 3, -12, -64, -192, 768, 4096], 3.16.d_am_acm
(8, -5, 16), [1, 3, -8, -32, -128, 768, 4096], 3.16.d_ai_abg
(8, -5, 20), [1, 3, -4, 0, -64, 768, 4096], 3.16.d_ae_a
(4, -1, 8), [1, 3, 20, 0, 320, 768, 4096], 3.16.d_u_a
(4, -1, 16), [1, 3, 28, 32, 448, 768, 4096], 3.16.d_bc_bg
(0, 3, 24), [1, 3, 40, 96, 640, 768, 4096], 3.16.d_bo_ds
(8, -3, -4), [1, 5, -12, -128, -192, 1280, 4096], 3.16.f_am_aey
(8, -3, 0), [1, 5, -8, -96, -128, 1280, 4096], 3.16.f_ai_ads
(8, -3, 12), [1, 5, 4, 0, 64, 1280, 4096], 3.16.f_e_a
(8, -3, 20), [1, 5, 12, 64, 192, 1280, 4096], 3.16.f_m_cm
(4, 1, 16), [1, 5, 36, 96, 576, 1280, 4096], 3.16.f_bk_ds
(0, 5, 24), [1, 5, 40, 160, 640, 1280, 4096], 3.16.f_bo_ge
(4, 1, 24), [1, 5, 44, 128, 704, 1280, 4096], 3.16.f_bs_ey
(0, 5, 28), [1, 5, 44, 160, 704, 1280, 4096], 3.16.f_bs_ge
(8, -1, -20), [1, 7, -12, -192, -192, 1792, 4096], 3.16.h_am_ahk
(8, -1, -16), [1, 7, -8, -160, -128, 1792, 4096], 3.16.h_ai_age
(8, -1, -12), [1, 7, -4, -128, -64, 1792, 4096], 3.16.h_ae_aey
(8, -1, 0), [1, 7, 8, -32, 128, 1792, 4096], 3.16.h_i_abg
(8, -1, 4), [1, 7, 12, 0, 192, 1792, 4096], 3.16.h_m_a
(8, -1, 16), [1, 7, 24, 96, 384, 1792, 4096], 3.16.h_y_ds
(8, -1, 28), [1, 7, 36, 192, 576, 1792, 4096], 3.16.h_bk_hk
(0, 7, 28), [1, 7, 44, 224, 704, 1792, 4096], 3.16.h_bs_iq
(4, 3, 24), [1, 7, 52, 192, 832, 1792, 4096], 3.16.h_ca_hk
(0, 7, 36), [1, 7, 52, 224, 832, 1792, 4096], 3.16.h_ca_iq
(0, 7, 40), [1, 7, 56, 224, 896, 1792, 4096], 3.16.h_ce_iq
(8, 1, -20), [1, 9, 4, -128, 64, 2304, 4096], 3.16.j_e_aey
(8, 1, -16), [1, 9, 8, -96, 128, 2304, 4096], 3.16.j_i_ads
(8, 1, -12), [1, 9, 12, -64, 192, 2304, 4096], 3.16.j_m_acm
(8, 1, -4), [1, 9, 20, 0, 320, 2304, 4096], 3.16.j_u_a
(8, 1, 0), [1, 9, 24, 32, 384, 2304, 4096], 3.16.j_y_bg
(8, 1, 4), [1, 9, 28, 64, 448, 2304, 4096], 3.16.j_bc_cm
(8, 1, 16), [1, 9, 40, 160, 640, 2304, 4096], 3.16.j_bo_ge
(8, 1, 28), [1, 9, 52, 256, 832, 2304, 4096], 3.16.j_ca_jw
(8, 3, -4), [1, 11, 36, 64, 576, 2816, 4096], 3.16.l_bk_cm
(8, 3, 0), [1, 11, 40, 96, 640, 2816, 4096], 3.16.l_bo_ds
(8, 3, 12), [1, 11, 52, 192, 832, 2816, 4096], 3.16.l_ca_hk
(8, 3, 16), [1, 11, 56, 224, 896, 2816, 4096], 3.16.l_ce_iq
(8, 3, 20), [1, 11, 60, 256, 960, 2816, 4096], 3.16.l_ci_jw
(4, 7, 40), [1, 11, 84, 384, 1344, 2816, 4096], 3.16.l_dg_ou
(8, 5, 12), [1, 13, 68, 256, 1088, 3328, 4096], 3.16.n_cq_jw
(8, 5, 16), [1, 13, 72, 288, 1152, 3328, 4096], 3.16.n_cu_lc
(8, 5, 20), [1, 13, 76, 320, 1216, 3328, 4096], 3.16.n_cy_mi
(8, 5, 28), [1, 13, 84, 384, 1344, 3328, 4096], 3.16.n_dg_ou
(4, 9, 48), [1, 13, 100, 480, 1600, 3328, 4096], 3.16.n_dw_sm
(8, 7, 28), [1, 15, 100, 448, 1600, 3840, 4096], 3.16.p_dw_rg
(8, 7, 36), [1, 15, 108, 512, 1728, 3840, 4096], 3.16.p_ee_ts
(8, 9, 44), [1, 17, 132, 640, 2112, 4352, 4096], 3.16.r_fc_yq
(8, 9, 48), [1, 17, 136, 672, 2176, 4352, 4096], 3.16.r_fg_zw
