(-10, -10, -6), [1, -26, 295, -1900, 7375, -16250, 15625], 3.25.aba_lj_acvc, -6 
(-8, -5, -5), [1, -18, 180, -1100, 4500, -11250, 15625], 3.25.as_gy_abqi, 34 
(-10, -5, -1), [1, -16, 140, -850, 3500, -10000, 15625], 3.25.aq_fk_abgs, 74 
(-10, -10, 6), [1, -14, 55, -100, 1375, -8750, 15625], 3.25.ao_cd_adw, 6 
(-10, -10, 8), [1, -12, 15, 200, 375, -7500, 15625], 3.25.am_p_hs, 8 
(-10, -7, 5), [1, -12, 60, -250, 1500, -7500, 15625], 3.25.am_ci_ajq, 56 
(-5, -5, -2), [1, -12, 120, -650, 3000, -7500, 15625], 3.25.am_eq_aza, -2 
(-10, -5, 6), [1, -9, 35, -150, 875, -5625, 15625], 3.25.aj_bj_afu, 81 
(-10, -4, 5), [1, -9, 45, -250, 1125, -5625, 15625], 3.25.aj_bt_ajq, 89 
(-5, -5, 2), [1, -8, 80, -350, 2000, -5000, 15625], 3.25.ai_dc_anm, 2 
(-10, -5, 8), [1, -7, 5, 50, 125, -4375, 15625], 3.25.ah_f_by, 83 
(-10, -6, 10), [1, -6, -25, 300, -625, -3750, 15625], 3.25.ag_az_lo, 74 
(-10, -1, 5), [1, -6, 30, -250, 750, -3750, 15625], 3.25.ag_be_ajq, 104 
(-6, -5, 5), [1, -6, 50, -150, 1250, -3750, 15625], 3.25.ag_by_afu, 16 
(-5, -5, 4), [1, -6, 60, -200, 1500, -3750, 15625], 3.25.ag_ci_ahs, 4 
(-5, -5, 6), [1, -4, 40, -50, 1000, -2500, 15625], 3.25.ae_bo_aby, 6 
(-5, -5, 8), [1, -2, 20, 100, 500, -1250, 15625], 3.25.ac_u_dw, 8 
(-5, -2, 5), [1, -2, 50, -50, 1250, -1250, 15625], 3.25.ac_by_aby, 26 
(-8, 5, 5), [1, 2, 20, -100, 500, 1250, 15625], 3.25.c_u_adw, 44 
(-5, 2, 5), [1, 2, 50, 50, 1250, 1250, 15625], 3.25.c_by_by, 26 
(-6, 5, 5), [1, 4, 40, 50, 1000, 2500, 15625], 3.25.e_bo_by, 16 
(-10, 6, 10), [1, 6, -25, -300, -625, 3750, 15625], 3.25.g_az_alo, 74 
(-5, 1, 10), [1, 6, 30, 250, 750, 3750, 15625], 3.25.g_be_jq, 34 
(-5, 5, 6), [1, 6, 50, 150, 1250, 3750, 15625], 3.25.g_by_fu, 6 
(-4, 5, 5), [1, 6, 60, 200, 1500, 3750, 15625], 3.25.g_ci_hs, -4 
(-8, 5, 10), [1, 7, 5, -50, 125, 4375, 15625], 3.25.h_f_aby, 49 
(-2, 5, 5), [1, 8, 80, 350, 2000, 5000, 15625], 3.25.i_dc_nm, -16 
(-6, 5, 10), [1, 9, 35, 150, 875, 5625, 15625], 3.25.j_bj_fu, 21 
(-5, 4, 10), [1, 9, 45, 250, 1125, 5625, 15625], 3.25.j_bt_jq, 19 
(-8, 10, 10), [1, 12, 15, -200, 375, 7500, 15625], 3.25.m_p_ahs, -26 
(-5, 7, 10), [1, 12, 60, 250, 1500, 7500, 15625], 3.25.m_ci_jq, -14 
(2, 5, 5), [1, 12, 120, 650, 3000, 7500, 15625], 3.25.m_eq_za, -16 
(-6, 10, 10), [1, 14, 55, 100, 1375, 8750, 15625], 3.25.o_cd_dw, -54 
(1, 5, 10), [1, 16, 140, 850, 3500, 10000, 15625], 3.25.q_fk_bgs, -14 
(5, 5, 8), [1, 18, 180, 1100, 4500, 11250, 15625], 3.25.s_gy_bqi, 8 
(6, 10, 10), [1, 26, 295, 1900, 7375, 16250, 15625], 3.25.ba_lj_cvc, -54 
