(-6, -6, -5), [1, -17, 123, -486, 1107, -1377, 729], 3.9.ar_et_ass, -5 
(-6, -6, -4), [1, -16, 111, -432, 999, -1296, 729], 3.9.aq_eh_aqq, -4 
(-6, -6, -2), [1, -14, 87, -324, 783, -1134, 729], 3.9.ao_dj_amm, -2 
(-6, -5, -3), [1, -14, 90, -342, 810, -1134, 729], 3.9.ao_dm_ane, 8 
(-6, -6, -1), [1, -13, 75, -270, 675, -1053, 729], 3.9.an_cx_akk, -1 
(-6, -4, -3), [1, -13, 81, -306, 729, -1053, 729], 3.9.an_dd_alu, 17 
(-6, -6, 1), [1, -11, 51, -162, 459, -891, 729], 3.9.al_bz_agg, 1 
(-6, -5, 0), [1, -11, 57, -198, 513, -891, 729], 3.9.al_cf_ahq, 11 
(-6, -3, -2), [1, -11, 63, -234, 567, -891, 729], 3.9.al_cl_aja, 25 
(-5, -3, -3), [1, -11, 66, -243, 594, -891, 729], 3.9.al_co_ajj, 13 
(-6, -6, 2), [1, -10, 39, -108, 351, -810, 729], 3.9.ak_bn_aee, 2 
(-6, -4, 0), [1, -10, 51, -180, 459, -810, 729], 3.9.ak_bz_agy, 20 
(-6, -3, -1), [1, -10, 54, -198, 486, -810, 729], 3.9.ak_cc_ahq, 26 
(-4, -3, -3), [1, -10, 60, -216, 540, -810, 729], 3.9.ak_ci_aii, 4 
(-6, -6, 4), [1, -8, 15, 0, 135, -648, 729], 3.9.ai_p_a, 4 
(-6, -3, 1), [1, -8, 36, -126, 324, -648, 729], 3.9.ai_bk_aew, 28 
(-6, -2, 0), [1, -8, 39, -144, 351, -648, 729], 3.9.ai_bn_afo, 32 
(-5, -3, 0), [1, -8, 42, -144, 378, -648, 729], 3.9.ai_bq_afo, 16 
(-3, -3, -2), [1, -8, 48, -162, 432, -648, 729], 3.9.ai_bw_agg, -2 
(-6, -6, 5), [1, -7, 3, 54, 27, -567, 729], 3.9.ah_d_cc, 5 
(-6, -3, 2), [1, -7, 27, -90, 243, -567, 729], 3.9.ah_bb_adm, 29 
(-6, -1, 0), [1, -7, 33, -126, 297, -567, 729], 3.9.ah_bh_aew, 35 
(-4, -3, 0), [1, -7, 39, -126, 351, -567, 729], 3.9.ah_bn_aew, 7 
(-3, -3, -1), [1, -7, 42, -135, 378, -567, 729], 3.9.ah_bq_aff, -1 
(-6, -5, 6), [1, -5, -9, 90, -81, -405, 729], 3.9.af_aj_dm, 17 
(-6, -3, 4), [1, -5, 9, -18, 81, -405, 729], 3.9.af_j_as, 31 
(-5, -3, 3), [1, -5, 18, -45, 162, -405, 729], 3.9.af_s_abt, 19 
(-6, 0, 1), [1, -5, 21, -90, 189, -405, 729], 3.9.af_v_adm, 37 
(-3, -3, 1), [1, -5, 30, -81, 270, -405, 729], 3.9.af_be_add, 1 
(-3, -2, 0), [1, -5, 33, -90, 297, -405, 729], 3.9.af_bh_adm, 5 
(-6, -4, 6), [1, -4, -9, 72, -81, -324, 729], 3.9.ae_aj_cu, 26 
(-6, -3, 5), [1, -4, 0, 18, 0, -324, 729], 3.9.ae_a_s, 32 
(-6, 0, 2), [1, -4, 15, -72, 135, -324, 729], 3.9.ae_p_acu, 38 
(-4, -3, 3), [1, -4, 18, -36, 162, -324, 729], 3.9.ae_s_abk, 10 
(-3, -1, 0), [1, -4, 30, -72, 270, -324, 729], 3.9.ae_be_acu, 8 
(-6, -2, 6), [1, -2, -9, 36, -81, -162, 729], 3.9.ac_aj_bk, 38 
(-6, 0, 4), [1, -2, 3, -36, 27, -162, 729], 3.9.ac_d_abk, 40 
(-5, 0, 3), [1, -2, 12, -36, 108, -162, 729], 3.9.ac_m_abk, 28 
(-3, -2, 3), [1, -2, 18, -18, 162, -162, 729], 3.9.ac_s_as, 8 
(-3, 0, 1), [1, -2, 24, -36, 216, -162, 729], 3.9.ac_y_abk, 10 
(-6, -1, 6), [1, -1, -9, 18, -81, -81, 729], 3.9.ab_aj_s, 41 
(-6, 0, 5), [1, -1, -3, -18, -27, -81, 729], 3.9.ab_ad_as, 41 
(-4, -3, 6), [1, -1, -3, 54, -27, -81, 729], 3.9.ab_ad_cc, 13 
(-6, 2, 3), [1, -1, 3, -54, 27, -81, 729], 3.9.ab_d_acc, 35 
(-3, -3, 5), [1, -1, 6, 27, 54, -81, 729], 3.9.ab_g_bb, 5 
(-4, 0, 3), [1, -1, 15, -18, 135, -81, 729], 3.9.ab_p_as, 19 
(-3, -1, 3), [1, -1, 18, -9, 162, -81, 729], 3.9.ab_s_aj, 11 
(-3, 0, 2), [1, -1, 21, -18, 189, -81, 729], 3.9.ab_v_as, 11 
(-1, 0, 0), [1, -1, 27, -18, 243, -81, 729], 3.9.ab_bb_as, 1 
(-6, 1, 6), [1, 1, -9, -18, -81, 81, 729], 3.9.b_aj_as, 41 
(-6, 3, 4), [1, 1, -3, -54, -27, 81, 729], 3.9.b_ad_acc, 31 
(-5, 0, 6), [1, 1, -3, 18, -27, 81, 729], 3.9.b_ad_s, 31 
(-3, -2, 6), [1, 1, 3, 54, 27, 81, 729], 3.9.b_d_cc, 11 
(-5, 3, 3), [1, 1, 6, -27, 54, 81, 729], 3.9.b_g_abb, 19 
(-3, 0, 4), [1, 1, 15, 18, 135, 81, 729], 3.9.b_p_s, 13 
(-3, 1, 3), [1, 1, 18, 9, 162, 81, 729], 3.9.b_s_j, 11 
(-2, 0, 3), [1, 1, 21, 18, 189, 81, 729], 3.9.b_v_s, 7 
(0, 0, 1), [1, 1, 27, 18, 243, 81, 729], 3.9.b_bb_s, 1 
(-6, 2, 6), [1, 2, -9, -36, -81, 162, 729], 3.9.c_aj_abk, 38 
(-4, 0, 6), [1, 2, 3, 36, 27, 162, 729], 3.9.c_d_bk, 22 
(-3, 0, 5), [1, 2, 12, 36, 108, 162, 729], 3.9.c_m_bk, 14 
(-3, 2, 3), [1, 2, 18, 18, 162, 162, 729], 3.9.c_s_s, 8 
(-1, 0, 3), [1, 2, 24, 36, 216, 162, 729], 3.9.c_y_bk, 4 
(-6, 4, 6), [1, 4, -9, -72, -81, 324, 729], 3.9.e_aj_acu, 26 
(-5, 3, 6), [1, 4, 0, -18, 0, 324, 729], 3.9.e_a_as, 22 
(-2, 0, 6), [1, 4, 15, 72, 135, 324, 729], 3.9.e_p_cu, 10 
(-3, 3, 4), [1, 4, 18, 36, 162, 324, 729], 3.9.e_s_bk, 4 
(0, 1, 3), [1, 4, 30, 72, 270, 324, 729], 3.9.e_be_cu, 2 
(-6, 5, 6), [1, 5, -9, -90, -81, 405, 729], 3.9.f_aj_adm, 17 
(-4, 3, 6), [1, 5, 9, 18, 81, 405, 729], 3.9.f_j_s, 13 
(-3, 3, 5), [1, 5, 18, 45, 162, 405, 729], 3.9.f_s_bt, 5 
(-1, 0, 6), [1, 5, 21, 90, 189, 405, 729], 3.9.f_v_dm, 7 
(-1, 3, 3), [1, 5, 30, 81, 270, 405, 729], 3.9.f_be_dd, -5 
(0, 2, 3), [1, 5, 33, 90, 297, 405, 729], 3.9.f_bh_dm, -1 
(-5, 6, 6), [1, 7, 3, -54, 27, 567, 729], 3.9.h_d_acc, -5 
(-2, 3, 6), [1, 7, 27, 90, 243, 567, 729], 3.9.h_bb_dm, 1 
(0, 1, 6), [1, 7, 33, 126, 297, 567, 729], 3.9.h_bh_ew, 5 
(0, 3, 4), [1, 7, 39, 126, 351, 567, 729], 3.9.h_bn_ew, -5 
(1, 3, 3), [1, 7, 42, 135, 378, 567, 729], 3.9.h_bq_ff, -5 
(-4, 6, 6), [1, 8, 15, 0, 135, 648, 729], 3.9.i_p_a, -14 
(-1, 3, 6), [1, 8, 36, 126, 324, 648, 729], 3.9.i_bk_ew, -2 
(0, 2, 6), [1, 8, 39, 144, 351, 648, 729], 3.9.i_bn_fo, 2 
(0, 3, 5), [1, 8, 42, 144, 378, 648, 729], 3.9.i_bq_fo, -4 
(2, 3, 3), [1, 8, 48, 162, 432, 648, 729], 3.9.i_bw_gg, -2 
(-2, 6, 6), [1, 10, 39, 108, 351, 810, 729], 3.9.k_bn_ee, -26 
(0, 4, 6), [1, 10, 51, 180, 459, 810, 729], 3.9.k_bz_gy, -10 
(1, 3, 6), [1, 10, 54, 198, 486, 810, 729], 3.9.k_cc_hq, -2 
(3, 3, 4), [1, 10, 60, 216, 540, 810, 729], 3.9.k_ci_ii, 4 
(-1, 6, 6), [1, 11, 51, 162, 459, 891, 729], 3.9.l_bz_gg, -29 
(0, 5, 6), [1, 11, 57, 198, 513, 891, 729], 3.9.l_cf_hq, -19 
(2, 3, 6), [1, 11, 63, 234, 567, 891, 729], 3.9.l_cl_ja, 1 
(3, 3, 5), [1, 11, 66, 243, 594, 891, 729], 3.9.l_co_jj, 5 
(1, 6, 6), [1, 13, 75, 270, 675, 1053, 729], 3.9.n_cx_kk, -29 
(3, 4, 6), [1, 13, 81, 306, 729, 1053, 729], 3.9.n_dd_lu, -1 
(2, 6, 6), [1, 14, 87, 324, 783, 1134, 729], 3.9.o_dj_mm, -26 
(3, 5, 6), [1, 14, 90, 342, 810, 1134, 729], 3.9.o_dm_ne, -10 
(4, 6, 6), [1, 16, 111, 432, 999, 1296, 729], 3.9.q_eh_qq, -14 
(5, 6, 6), [1, 17, 123, 486, 1107, 1377, 729], 3.9.r_et_ss, -5 
