(-8, -6, -5), [1, -19, 169, -886, 2873, -5491, 4913], 3.17.at_gn_abic
(-8, -7, -3), [1, -18, 152, -780, 2584, -5202, 4913], 3.17.as_fw_abea
(-8, -5, -5), [1, -18, 156, -812, 2652, -5202, 4913], 3.17.as_ga_abfg
(-8, -8, -1), [1, -17, 131, -642, 2227, -4913, 4913], 3.17.ar_fb_ays
(-8, -7, -2), [1, -17, 137, -690, 2329, -4913, 4913], 3.17.ar_fh_abao
(-8, -5, -4), [1, -17, 143, -738, 2431, -4913, 4913], 3.17.ar_fn_abck
(-7, -6, -4), [1, -17, 145, -746, 2465, -4913, 4913], 3.17.ar_fp_abcs
(-7, -5, -4), [1, -16, 134, -684, 2278, -4624, 4913], 3.17.aq_fe_abai
(-6, -6, -4), [1, -16, 135, -688, 2295, -4624, 4913], 3.17.aq_ff_abam
(-8, -8, 1), [1, -15, 99, -446, 1683, -4335, 4913], 3.17.ap_dv_are
(-7, -6, -2), [1, -15, 119, -594, 2023, -4335, 4913], 3.17.ap_ep_aww
(-7, -4, -4), [1, -15, 123, -622, 2091, -4335, 4913], 3.17.ap_et_axy
(-6, -6, -3), [1, -15, 123, -618, 2091, -4335, 4913], 3.17.ap_et_axu
(-6, -5, -2), [1, -13, 103, -502, 1751, -3757, 4913], 3.17.an_dz_ati
(-6, -4, -3), [1, -13, 105, -514, 1785, -3757, 4913], 3.17.an_eb_atu
(-8, -8, 5), [1, -11, 35, -54, 595, -3179, 4913], 3.17.al_bj_acc
(-6, -3, -2), [1, -11, 87, -410, 1479, -3179, 4913], 3.17.al_dj_apu
(-5, -4, -2), [1, -11, 89, -414, 1513, -3179, 4913], 3.17.al_dl_apy
(-5, -4, -1), [1, -10, 80, -360, 1360, -2890, 4913], 3.17.ak_dc_anw
(-8, -8, 7), [1, -9, 3, 142, 51, -2601, 4913], 3.17.aj_d_fm
(-5, -2, -2), [1, -9, 75, -326, 1275, -2601, 4913], 3.17.aj_cx_amo
(-4, -4, -1), [1, -9, 75, -322, 1275, -2601, 4913], 3.17.aj_cx_amk
(-4, -2, -2), [1, -8, 71, -288, 1207, -2312, 4913], 3.17.ai_ct_alc
(-8, -7, 8), [1, -7, -13, 210, -221, -2023, 4913], 3.17.ah_an_ic
(-4, -2, -1), [1, -7, 65, -246, 1105, -2023, 4913], 3.17.ah_cn_ajm
(-2, -2, 1), [1, -3, 51, -98, 867, -867, 4913], 3.17.ad_bz_adu
(-2, -1, 2), [1, -1, 47, -30, 799, -289, 4913], 3.17.ab_bv_abe
(-2, 1, 2), [1, 1, 47, 30, 799, 289, 4913], 3.17.b_bv_be
(-1, 2, 2), [1, 3, 51, 98, 867, 867, 4913], 3.17.d_bz_du
(-8, 7, 8), [1, 7, -13, -210, -221, 2023, 4913], 3.17.h_an_aic
(1, 2, 4), [1, 7, 65, 246, 1105, 2023, 4913], 3.17.h_cn_jm
(2, 2, 4), [1, 8, 71, 288, 1207, 2312, 4913], 3.17.i_ct_lc
(-7, 8, 8), [1, 9, 3, -142, 51, 2601, 4913], 3.17.j_d_afm
(1, 4, 4), [1, 9, 75, 322, 1275, 2601, 4913], 3.17.j_cx_mk
(2, 2, 5), [1, 9, 75, 326, 1275, 2601, 4913], 3.17.j_cx_mo
(1, 4, 5), [1, 10, 80, 360, 1360, 2890, 4913], 3.17.k_dc_nw
(-5, 8, 8), [1, 11, 35, 54, 595, 3179, 4913], 3.17.l_bj_cc
(2, 3, 6), [1, 11, 87, 410, 1479, 3179, 4913], 3.17.l_dj_pu
(2, 4, 5), [1, 11, 89, 414, 1513, 3179, 4913], 3.17.l_dl_py
(2, 5, 6), [1, 13, 103, 502, 1751, 3757, 4913], 3.17.n_dz_ti
(3, 4, 6), [1, 13, 105, 514, 1785, 3757, 4913], 3.17.n_eb_tu
(-1, 8, 8), [1, 15, 99, 446, 1683, 4335, 4913], 3.17.p_dv_re
(2, 6, 7), [1, 15, 119, 594, 2023, 4335, 4913], 3.17.p_ep_ww
(3, 6, 6), [1, 15, 123, 618, 2091, 4335, 4913], 3.17.p_et_xu
(4, 4, 7), [1, 15, 123, 622, 2091, 4335, 4913], 3.17.p_et_xy
(4, 5, 7), [1, 16, 134, 684, 2278, 4624, 4913], 3.17.q_fe_bai
(4, 6, 6), [1, 16, 135, 688, 2295, 4624, 4913], 3.17.q_ff_bam
(1, 8, 8), [1, 17, 131, 642, 2227, 4913, 4913], 3.17.r_fb_ys
(2, 7, 8), [1, 17, 137, 690, 2329, 4913, 4913], 3.17.r_fh_bao
(4, 5, 8), [1, 17, 143, 738, 2431, 4913, 4913], 3.17.r_fn_bck
(4, 6, 7), [1, 17, 145, 746, 2465, 4913, 4913], 3.17.r_fp_bcs
(3, 7, 8), [1, 18, 152, 780, 2584, 5202, 4913], 3.17.s_fw_bea
(5, 5, 8), [1, 18, 156, 812, 2652, 5202, 4913], 3.17.s_ga_bfg
(3, 8, 8), [1, 19, 163, 838, 2771, 5491, 4913], 3.17.t_gh_bgg
(4, 7, 8), [1, 19, 167, 870, 2839, 5491, 4913], 3.17.t_gl_bhm
(5, 6, 8), [1, 19, 169, 886, 2873, 5491, 4913], 3.17.t_gn_bic
(4, 8, 8), [1, 20, 179, 936, 3043, 5780, 4913], 3.17.u_gx_bka
(5, 7, 8), [1, 20, 182, 960, 3094, 5780, 4913], 3.17.u_ha_bky
(6, 6, 8), [1, 20, 183, 968, 3111, 5780, 4913], 3.17.u_hb_blg
(5, 8, 8), [1, 21, 195, 1034, 3315, 6069, 4913], 3.17.v_hn_bnu
(6, 8, 8), [1, 22, 211, 1132, 3587, 6358, 4913], 3.17.w_id_bro
