(-7, -7, -7), [1, 1, 1], 3.13.av_he_abif 
(-7, -7, -6), [1, 1, 2], 3.13.au_gq_abfi 
(-7, -7, -5), [1, 1, 3], 3.13.at_gc_abcl 
(-7, -6, -6), [1, 2, 2], 3.13.at_gd_abcs 
(-7, -7, -4), [1, 1, 0], 3.13.as_fo_azo 
(-7, -6, -5), [1, 2, 3], 3.13.as_fq_abac 
(-6, -6, -6), [2, 2, 2], 3.13.as_fr_abai 
(-7, -7, -3), [1, 1, 1], 3.13.ar_fa_awr 
(-7, -6, -4), [1, 2, 0], 3.13.ar_fd_axm 
(-7, -5, -5), [1, 3, 3], 3.13.ar_fe_axt 
(-6, -6, -5), [2, 2, 3], 3.13.ar_ff_axy 
(-7, -7, -2), [1, 1, 2], 3.13.aq_em_atu 
(-7, -6, -3), [1, 2, 1], 3.13.aq_eq_auw 
(-7, -5, -4), [1, 3, 0], 3.13.aq_es_avk 
(-6, -6, -4), [2, 2, 0], 3.13.aq_et_avo 
(-6, -5, -5), [2, 3, 3], 3.13.aq_eu_avu 
(-7, -7, -1), [1, 1, 3], 3.13.ap_dy_aqx 
(-7, -6, -2), [1, 2, 2], 3.13.ap_ed_asg 
(-7, -5, -3), [1, 3, 1], 3.13.ap_eg_atb 
(-7, -4, -4), [1, 0, 0], 3.13.ap_eh_ati 
(-6, -6, -3), [2, 2, 1], 3.13.ap_eh_ate 
(-6, -5, -4), [2, 3, 0], 3.13.ap_ej_atq 
(-5, -5, -5), [3, 3, 3], 3.13.ap_ek_atv 
(-7, -5, -2), [1, 3, 2], 3.13.ao_du_aqs 
(-7, -4, -3), [1, 0, 1], 3.13.ao_dw_arg 
(-5, -5, -4), [3, 3, 0], 3.13.ao_ea_arw 
(-7, -7, 1), [1, 1, 1], 3.13.an_cw_ald 
(-7, -5, -1), [1, 3, 3], 3.13.an_di_aoj 
(-6, -6, -1), [2, 2, 3], 3.13.an_dj_aok 
(-7, -3, -3), [1, 1, 1], 3.13.an_dm_apl 
(-6, -5, -2), [2, 3, 2], 3.13.an_dn_api 
(-6, -4, -3), [2, 0, 1], 3.13.an_dp_apu 
(-5, -5, -3), [3, 3, 1], 3.13.an_dq_apx 
(-5, -4, -4), [3, 0, 0], 3.13.an_dr_aqc 
(-5, -4, -3), [3, 0, 1], 3.13.am_di_aoi 
(-7, -7, 3), [1, 1, 3], 3.13.al_bu_afj 
(-7, -5, 1), [1, 3, 1], 3.13.al_ck_ajr 
(-7, -3, -1), [1, 1, 3], 3.13.al_cs_alv 
(-5, -5, -1), [3, 3, 3], 3.13.al_cw_alz 
(-6, -3, -2), [2, 1, 2], 3.13.al_cx_amk 
(-5, -4, -2), [3, 0, 2], 3.13.al_cz_amo 
(-5, -3, -3), [3, 1, 1], 3.13.al_da_amt 
(-4, -4, -3), [0, 0, 1], 3.13.al_db_amw 
(-4, -3, -3), [0, 1, 1], 3.13.ak_cu_alk 
(-7, -7, 5), [1, 1, 1], 3.13.aj_s_l 
(-7, -5, 3), [1, 3, 3], 3.13.aj_bm_aez 
(-7, -3, 1), [1, 1, 1], 3.13.aj_by_aif 
(-7, -1, -1), [1, 3, 3], 3.13.aj_cc_ajh 
(-5, -5, 1), [3, 3, 1], 3.13.aj_cc_aib 
(-5, -3, -1), [3, 1, 3], 3.13.aj_ck_ajp 
(-5, -2, -2), [3, 2, 2], 3.13.aj_cl_aju 
(-4, -4, -1), [0, 0, 3], 3.13.aj_cl_ajq 
(-4, -3, -2), [0, 1, 2], 3.13.aj_cn_ajy 
(-3, -3, -3), [1, 1, 1], 3.13.aj_co_akb 
(-4, -2, -2), [0, 2, 2], 3.13.ai_ch_aiq 
(-3, -3, -2), [1, 1, 2], 3.13.ai_ci_ais 
(-7, -7, 7), [1, 1, 3], 3.13.ah_ak_gf 
(-7, -5, 5), [1, 3, 1], 3.13.ah_o_ah 
(-7, -3, 3), [1, 1, 3], 3.13.ah_be_aep 
(-5, -5, 3), [3, 3, 3], 3.13.ah_bi_aed 
(-7, -1, 1), [1, 3, 1], 3.13.ah_bm_agt 
(-5, -3, 1), [3, 1, 1], 3.13.ah_bu_agl 
(-5, -1, -1), [3, 3, 3], 3.13.ah_by_ahf 
(-4, -2, -1), [0, 2, 3], 3.13.ah_cb_ahi 
(-3, -3, -1), [1, 1, 3], 3.13.ah_cc_ahj 
(-3, -2, -2), [1, 2, 2], 3.13.ah_cd_ahm 
(-3, -2, -1), [1, 2, 3], 3.13.ag_by_agg 
(-7, -5, 7), [1, 3, 3], 3.13.af_ak_el 
(-7, -3, 5), [1, 1, 1], 3.13.af_k_az 
(-5, -5, 5), [3, 3, 1], 3.13.af_o_af 
(-7, -1, 3), [1, 3, 3], 3.13.af_w_aef 
(-7, 1, 1), [1, 1, 1], 3.13.af_ba_afh 
(-5, -3, 3), [3, 1, 3], 3.13.af_be_adh 
(-5, -1, 1), [3, 3, 1], 3.13.af_bm_aev 
(-3, -3, 1), [1, 1, 1], 3.13.af_bq_aer 
(-3, -1, -1), [1, 3, 3], 3.13.af_bu_afd 
(-2, -2, -1), [2, 2, 3], 3.13.af_bv_afe 
(-2, -1, -1), [2, 3, 3], 3.13.ae_bs_aec 
(-7, -3, 7), [1, 1, 3], 3.13.ad_ak_cr 
(-5, -5, 7), [3, 3, 3], 3.13.ad_ag_dt 
(-7, -1, 5), [1, 3, 1], 3.13.ad_g_abr 
(-7, 1, 3), [1, 1, 3], 3.13.ad_o_adv 
(-5, -3, 5), [3, 1, 1], 3.13.ad_o_ad 
(-5, -1, 3), [3, 3, 3], 3.13.ad_ba_acl 
(-5, 1, 1), [3, 1, 1], 3.13.ad_be_adf 
(-3, -3, 3), [1, 1, 3], 3.13.ad_be_abz 
(-3, -1, 1), [1, 3, 1], 3.13.ad_bm_acx 
(-2, -2, 1), [2, 2, 1], 3.13.ad_bn_acw 
(-1, -1, -1), [3, 3, 3], 3.13.ad_bq_adb 
(-7, -1, 7), [1, 3, 3], 3.13.ab_ak_x 
(-5, -3, 7), [3, 1, 3], 3.13.ab_ac_db 
(-7, 1, 5), [1, 1, 1], 3.13.ab_c_acj 
(-7, 3, 3), [1, 3, 3], 3.13.ab_g_adl 
(-5, -1, 5), [3, 3, 1], 3.13.ab_o_ab 
(-3, -3, 5), [1, 1, 1], 3.13.ab_s_t 
(-5, 1, 3), [3, 1, 3], 3.13.ab_w_abp 
(-3, -1, 3), [1, 3, 3], 3.13.ab_be_ar 
(-3, 1, 1), [1, 1, 1], 3.13.ab_bi_abd 
(-2, -1, 2), [2, 3, 2], 3.13.ab_bj_aw 
(-1, -1, 1), [3, 3, 1], 3.13.ab_bm_az 
(-7, 1, 7), [1, 1, 3], 3.13.b_ak_ax 
(-7, 3, 5), [1, 3, 1], 3.13.b_ac_adb 
(-5, -1, 7), [3, 3, 3], 3.13.b_c_cj 
(-3, -3, 7), [1, 1, 3], 3.13.b_g_dl 
(-5, 1, 5), [3, 1, 1], 3.13.b_o_b 
(-5, 3, 3), [3, 3, 3], 3.13.b_s_at 
(-3, -1, 5), [1, 3, 1], 3.13.b_w_bp 
(-3, 1, 3), [1, 1, 3], 3.13.b_be_r 
(-1, -1, 3), [3, 3, 3], 3.13.b_bi_bd 
(-2, 1, 2), [2, 1, 2], 3.13.b_bj_w 
(-1, 1, 1), [3, 1, 1], 3.13.b_bm_z 
(-7, 3, 7), [1, 3, 3], 3.13.d_ak_acr 
(-7, 5, 5), [1, 1, 1], 3.13.d_ag_adt 
(-5, 1, 7), [3, 1, 3], 3.13.d_g_br 
(-5, 3, 5), [3, 3, 1], 3.13.d_o_d 
(-3, -1, 7), [1, 3, 3], 3.13.d_o_dv 
(-3, 1, 5), [1, 1, 1], 3.13.d_ba_cl 
(-3, 3, 3), [1, 3, 3], 3.13.d_be_bz 
(-1, -1, 5), [3, 3, 1], 3.13.d_be_df 
(-1, 1, 3), [3, 1, 3], 3.13.d_bm_cx 
(-1, 2, 2), [3, 2, 2], 3.13.d_bn_cw 
(1, 1, 1), [1, 1, 1], 3.13.d_bq_db 
(1, 1, 2), [1, 1, 2], 3.13.e_bs_ec 
(-7, 5, 7), [1, 1, 3], 3.13.f_ak_ael 
(-5, 3, 7), [3, 3, 3], 3.13.f_k_z 
(-5, 5, 5), [3, 1, 1], 3.13.f_o_f 
(-3, 1, 7), [1, 1, 3], 3.13.f_w_ef 
(-1, -1, 7), [3, 3, 3], 3.13.f_ba_fh 
(-3, 3, 5), [1, 3, 1], 3.13.f_be_dh 
(-1, 1, 5), [3, 1, 1], 3.13.f_bm_ev 
(-1, 3, 3), [3, 3, 3], 3.13.f_bq_er 
(1, 1, 3), [1, 1, 3], 3.13.f_bu_fd 
(1, 2, 2), [1, 2, 2], 3.13.f_bv_fe 
(1, 2, 3), [1, 2, 3], 3.13.g_by_gg 
(-7, 7, 7), [1, 3, 3], 3.13.h_ak_agf 
(-5, 5, 7), [3, 1, 3], 3.13.h_o_h 
(-3, 3, 7), [1, 3, 3], 3.13.h_be_ep 
(-3, 5, 5), [1, 1, 1], 3.13.h_bi_ed 
(-1, 1, 7), [3, 1, 3], 3.13.h_bm_gt 
(-1, 3, 5), [3, 3, 1], 3.13.h_bu_gl 
(1, 1, 5), [1, 1, 1], 3.13.h_by_hf 
(1, 2, 4), [1, 2, 0], 3.13.h_cb_hi 
(1, 3, 3), [1, 3, 3], 3.13.h_cc_hj 
(2, 2, 3), [2, 2, 3], 3.13.h_cd_hm 
(2, 2, 4), [2, 2, 0], 3.13.i_ch_iq 
(2, 3, 3), [2, 3, 3], 3.13.i_ci_is 
(-5, 7, 7), [3, 3, 3], 3.13.j_s_al 
(-3, 5, 7), [1, 1, 3], 3.13.j_bm_ez 
(-1, 3, 7), [3, 3, 3], 3.13.j_by_if 
(-1, 5, 5), [3, 1, 1], 3.13.j_cc_ib 
(1, 1, 7), [1, 1, 3], 3.13.j_cc_jh 
(1, 3, 5), [1, 3, 1], 3.13.j_ck_jp 
(1, 4, 4), [1, 0, 0], 3.13.j_cl_jq 
(2, 2, 5), [2, 2, 1], 3.13.j_cl_ju 
(2, 3, 4), [2, 3, 0], 3.13.j_cn_jy 
(3, 3, 3), [3, 3, 3], 3.13.j_co_kb 
(3, 3, 4), [3, 3, 0], 3.13.k_cu_lk 
(-3, 7, 7), [1, 3, 3], 3.13.l_bu_fj 
(-1, 5, 7), [3, 1, 3], 3.13.l_ck_jr 
(1, 3, 7), [1, 3, 3], 3.13.l_cs_lv 
(1, 5, 5), [1, 1, 1], 3.13.l_cw_lz 
(2, 3, 6), [2, 3, 2], 3.13.l_cx_mk 
(2, 4, 5), [2, 0, 1], 3.13.l_cz_mo 
(3, 3, 5), [3, 3, 1], 3.13.l_da_mt 
(3, 4, 4), [3, 0, 0], 3.13.l_db_mw 
(3, 4, 5), [3, 0, 1], 3.13.m_di_oi 
(-1, 7, 7), [3, 3, 3], 3.13.n_cw_ld 
(1, 5, 7), [1, 1, 3], 3.13.n_di_oj 
(1, 6, 6), [1, 2, 2], 3.13.n_dj_ok 
(3, 3, 7), [3, 3, 3], 3.13.n_dm_pl 
(2, 5, 6), [2, 1, 2], 3.13.n_dn_pi 
(3, 4, 6), [3, 0, 2], 3.13.n_dp_pu 
(3, 5, 5), [3, 1, 1], 3.13.n_dq_px 
(4, 4, 5), [0, 0, 1], 3.13.n_dr_qc 
(2, 5, 7), [2, 1, 3], 3.13.o_du_qs 
(3, 4, 7), [3, 0, 3], 3.13.o_dw_rg 
(4, 5, 5), [0, 1, 1], 3.13.o_ea_rw 
(1, 7, 7), [1, 3, 3], 3.13.p_dy_qx 
(2, 6, 7), [2, 2, 3], 3.13.p_ed_sg 
(3, 5, 7), [3, 1, 3], 3.13.p_eg_tb 
(3, 6, 6), [3, 2, 2], 3.13.p_eh_te 
(4, 4, 7), [0, 0, 3], 3.13.p_eh_ti 
(4, 5, 6), [0, 1, 2], 3.13.p_ej_tq 
(5, 5, 5), [1, 1, 1], 3.13.p_ek_tv 
(2, 7, 7), [2, 3, 3], 3.13.q_em_tu 
(3, 6, 7), [3, 2, 3], 3.13.q_eq_uw 
(4, 5, 7), [0, 1, 3], 3.13.q_es_vk 
(4, 6, 6), [0, 2, 2], 3.13.q_et_vo 
(5, 5, 6), [1, 1, 2], 3.13.q_eu_vu 
(3, 7, 7), [3, 3, 3], 3.13.r_fa_wr 
(4, 6, 7), [0, 2, 3], 3.13.r_fd_xm 
(5, 5, 7), [1, 1, 3], 3.13.r_fe_xt 
(5, 6, 6), [1, 2, 2], 3.13.r_ff_xy 
(4, 7, 7), [0, 3, 3], 3.13.s_fo_zo 
(5, 6, 7), [1, 2, 3], 3.13.s_fq_bac 
(6, 6, 6), [2, 2, 2], 3.13.s_fr_bai 
(5, 7, 7), [1, 3, 3], 3.13.t_gc_bcl 
(6, 6, 7), [2, 2, 3], 3.13.t_gd_bcs 
(6, 7, 7), [2, 3, 3], 3.13.u_gq_bfi 
(7, 7, 7), [3, 3, 3], 3.13.v_he_bif 
