(-7, -6, -1), [1, 2, 3], 3.13.ao_dq_apq 
(-6, -6, -2), [2, 2, 2], 3.13.ao_dv_aqu 
(-6, -5, -3), [2, 3, 1], 3.13.ao_dy_arm 
(-6, -4, -4), [2, 0, 0], 3.13.ao_dz_ars 
(-7, -4, -2), [1, 0, 2], 3.13.an_dl_ape 
(-7, -7, 2), [1, 1, 2], 3.13.am_ci_aig 
(-7, -6, 1), [1, 2, 1], 3.13.am_cq_akk 
(-7, -4, -1), [1, 0, 3], 3.13.am_da_anc 
(-7, -3, -2), [1, 1, 2], 3.13.am_dc_anq 
(-6, -5, -1), [2, 3, 3], 3.13.am_dc_ane 
(-6, -4, -2), [2, 0, 2], 3.13.am_df_anw 
(-6, -3, -3), [2, 1, 1], 3.13.am_dg_aoc 
(-5, -5, -2), [3, 3, 2], 3.13.am_dg_any 
(-4, -4, -4), [0, 0, 0], 3.13.am_dj_aom 
(-7, -6, 2), [1, 2, 2], 3.13.al_cd_ahu 
(-6, -6, 1), [2, 2, 1], 3.13.al_cl_ajq 
(-7, -2, -2), [1, 2, 2], 3.13.al_ct_amc 
(-6, -4, -1), [2, 0, 3], 3.13.al_cv_aly 
(-7, -7, 4), [1, 1, 0], 3.13.ak_bg_acm 
(-7, -6, 3), [1, 2, 3], 3.13.ak_bq_afe 
(-7, -5, 2), [1, 3, 2], 3.13.ak_by_ahi 
(-6, -6, 2), [2, 2, 2], 3.13.ak_bz_ahg 
(-7, -4, 1), [1, 0, 1], 3.13.ak_ce_aiy 
(-6, -5, 1), [2, 3, 1], 3.13.ak_cg_aiw 
(-7, -2, -1), [1, 2, 3], 3.13.ak_ck_ako 
(-6, -3, -1), [2, 1, 3], 3.13.ak_co_aks 
(-6, -2, -2), [2, 2, 2], 3.13.ak_cp_aky 
(-5, -4, -1), [3, 0, 3], 3.13.ak_cq_aku 
(-5, -3, -2), [3, 1, 2], 3.13.ak_cs_ale 
(-4, -4, -2), [0, 0, 2], 3.13.ak_ct_alg 
(-7, -6, 4), [1, 2, 0], 3.13.aj_bd_aco 
(-6, -6, 3), [2, 2, 3], 3.13.aj_bn_aew 
(-7, -4, 2), [1, 0, 2], 3.13.aj_bt_agw 
(-6, -5, 2), [2, 3, 2], 3.13.aj_bv_ags 
(-6, -4, 1), [2, 0, 1], 3.13.aj_cb_aic 
(-6, -2, -1), [2, 2, 3], 3.13.aj_ch_ajm 
(-7, -7, 6), [1, 1, 2], 3.13.ai_e_di 
(-7, -6, 5), [1, 2, 1], 3.13.ai_q_c 
(-7, -5, 4), [1, 3, 0], 3.13.ai_ba_acq 
(-6, -6, 4), [2, 2, 0], 3.13.ai_bb_acm 
(-7, -4, 3), [1, 0, 3], 3.13.ai_bi_aeu 
(-6, -5, 3), [2, 3, 3], 3.13.ai_bk_aeo 
(-7, -3, 2), [1, 1, 2], 3.13.ai_bo_agk 
(-6, -4, 2), [2, 0, 2], 3.13.ai_br_age 
(-7, -2, 1), [1, 2, 1], 3.13.ai_bs_ahm 
(-5, -5, 2), [3, 3, 2], 3.13.ai_bs_agc 
(-6, -3, 1), [2, 1, 1], 3.13.ai_bw_ahi 
(-5, -4, 1), [3, 0, 1], 3.13.ai_by_ahg 
(-6, -1, -1), [2, 3, 3], 3.13.ai_ca_aig 
(-5, -2, -1), [3, 2, 3], 3.13.ai_ce_aik 
(-4, -3, -1), [0, 1, 3], 3.13.ai_cg_aim 
(-7, -6, 6), [1, 2, 2], 3.13.ah_d_cs 
(-6, -6, 5), [2, 2, 1], 3.13.ah_p_ac 
(-7, -4, 4), [1, 0, 0], 3.13.ah_x_acs 
(-6, -5, 4), [2, 3, 0], 3.13.ah_z_ack 
(-6, -4, 3), [2, 0, 3], 3.13.ah_bh_aeg 
(-7, -2, 2), [1, 2, 2], 3.13.ah_bj_afy 
(-6, -3, 2), [2, 1, 2], 3.13.ah_bn_afq 
(-5, -4, 2), [3, 0, 2], 3.13.ah_bp_afm 
(-6, -2, 1), [2, 2, 1], 3.13.ah_br_ago 
(-4, -4, 1), [0, 0, 1], 3.13.ah_bv_agk 
(-7, -6, 7), [1, 2, 3], 3.13.ag_ak_fi 
(-7, -5, 6), [1, 3, 2], 3.13.ag_c_cc 
(-6, -6, 6), [2, 2, 2], 3.13.ag_d_ci 
(-7, -4, 5), [1, 0, 1], 3.13.ag_m_aq 
(-6, -5, 5), [2, 3, 1], 3.13.ag_o_ag 
(-7, -3, 4), [1, 1, 0], 3.13.ag_u_acu 
(-6, -4, 4), [2, 0, 0], 3.13.ag_x_aci 
(-5, -5, 4), [3, 3, 0], 3.13.ag_y_ace 
(-7, -2, 3), [1, 2, 3], 3.13.ag_ba_aek 
(-7, -1, 2), [1, 3, 2], 3.13.ag_be_afm 
(-6, -3, 3), [2, 1, 3], 3.13.ag_be_ady 
(-5, -4, 3), [3, 0, 3], 3.13.ag_bg_ads 
(-6, -2, 2), [2, 2, 2], 3.13.ag_bj_afc 
(-6, -1, 1), [2, 3, 1], 3.13.ag_bm_afu 
(-5, -3, 2), [3, 1, 2], 3.13.ag_bm_aew 
(-4, -4, 2), [0, 0, 2], 3.13.ag_bn_aeu 
(-5, -2, 1), [3, 2, 1], 3.13.ag_bq_afq 
(-4, -3, 1), [0, 1, 1], 3.13.ag_bs_afo 
(-4, -1, -1), [0, 3, 3], 3.13.ag_bw_age 
(-2, -2, -2), [2, 2, 2], 3.13.ag_bz_agi 
(-6, -6, 7), [2, 2, 3], 3.13.af_aj_es 
(-7, -4, 6), [1, 0, 2], 3.13.af_b_bm 
(-6, -5, 6), [2, 3, 2], 3.13.af_d_by 
(-6, -4, 5), [2, 0, 1], 3.13.af_n_ak 
(-7, -2, 4), [1, 2, 0], 3.13.af_r_acw 
(-6, -3, 4), [2, 1, 0], 3.13.af_v_acg 
(-5, -4, 4), [3, 0, 0], 3.13.af_x_aby 
(-6, -2, 3), [2, 2, 3], 3.13.af_bb_adq 
(-6, -1, 2), [2, 3, 2], 3.13.af_bf_aeo 
(-4, -4, 3), [0, 0, 3], 3.13.af_bf_ade 
(-5, -2, 2), [3, 2, 2], 3.13.af_bj_aeg 
(-4, -3, 2), [0, 1, 2], 3.13.af_bl_aec 
(-4, -2, 1), [0, 2, 1], 3.13.af_bp_aes 
(-7, -4, 7), [1, 0, 3], 3.13.ae_ak_do 
(-6, -5, 7), [2, 3, 3], 3.13.ae_ai_ec 
(-7, -3, 6), [1, 1, 2], 3.13.ae_a_w 
(-6, -4, 6), [2, 0, 2], 3.13.ae_d_bo 
(-5, -5, 6), [3, 3, 2], 3.13.ae_e_bu 
(-7, -2, 5), [1, 2, 1], 3.13.ae_i_abi 
(-6, -3, 5), [2, 1, 1], 3.13.ae_m_ao 
(-7, -1, 4), [1, 3, 0], 3.13.ae_o_acy 
(-5, -4, 5), [3, 0, 1], 3.13.ae_o_ae 
(-6, -2, 4), [2, 2, 0], 3.13.ae_t_ace 
(-7, 1, 2), [1, 1, 2], 3.13.ae_u_aeo 
(-5, -3, 4), [3, 1, 0], 3.13.ae_w_abs 
(-4, -4, 4), [0, 0, 0], 3.13.ae_x_abo 
(-6, -1, 3), [2, 3, 3], 3.13.ae_y_adi 
(-6, 1, 1), [2, 1, 1], 3.13.ae_bc_aeg 
(-5, -2, 3), [3, 2, 3], 3.13.ae_bc_acw 
(-4, -3, 3), [0, 1, 3], 3.13.ae_be_acq 
(-5, -1, 2), [3, 3, 2], 3.13.ae_bg_adq 
(-4, -2, 2), [0, 2, 2], 3.13.ae_bj_adk 
(-3, -3, 2), [1, 1, 2], 3.13.ae_bk_adi 
(-4, -1, 1), [0, 3, 1], 3.13.ae_bm_adw 
(-3, -2, 1), [1, 2, 1], 3.13.ae_bo_adu 
(-6, -4, 7), [2, 0, 3], 3.13.ad_ah_dm 
(-7, -2, 6), [1, 2, 2], 3.13.ad_ab_g 
(-6, -3, 6), [2, 1, 2], 3.13.ad_d_be 
(-5, -4, 6), [3, 0, 2], 3.13.ad_f_bq 
(-6, -2, 5), [2, 2, 1], 3.13.ad_l_as 
(-7, 2, 2), [1, 2, 2], 3.13.ad_p_aec 
(-4, -4, 5), [0, 0, 1], 3.13.ad_p_c 
(-6, -1, 4), [2, 3, 0], 3.13.ad_r_acc 
(-5, -2, 4), [3, 2, 0], 3.13.ad_v_abm 
(-6, 1, 2), [2, 1, 2], 3.13.ad_x_adm 
(-4, -3, 4), [0, 1, 0], 3.13.ad_x_abe 
(-4, -2, 3), [0, 2, 3], 3.13.ad_bd_acc 
(-4, -1, 2), [0, 3, 2], 3.13.ad_bh_acs 
(-3, -2, 2), [1, 2, 2], 3.13.ad_bj_aco 
(-7, -2, 7), [1, 2, 3], 3.13.ac_ak_bu 
(-6, -3, 7), [2, 1, 3], 3.13.ac_ag_cw 
(-5, -4, 7), [3, 0, 3], 3.13.ac_ae_dk 
(-7, -1, 6), [1, 3, 2], 3.13.ac_ac_ak 
(-6, -2, 6), [2, 2, 2], 3.13.ac_d_u 
(-5, -3, 6), [3, 1, 2], 3.13.ac_g_bm 
(-4, -4, 6), [0, 0, 2], 3.13.ac_h_bs 
(-7, 1, 4), [1, 1, 0], 3.13.ac_i_adc 
(-7, 2, 3), [1, 2, 3], 3.13.ac_k_adq 
(-6, -1, 5), [2, 3, 1], 3.13.ac_k_aw 
(-5, -2, 5), [3, 2, 1], 3.13.ac_o_ac 
(-4, -3, 5), [0, 1, 1], 3.13.ac_q_i 
(-6, 1, 3), [2, 1, 3], 3.13.ac_s_acs 
(-6, 2, 2), [2, 2, 2], 3.13.ac_t_acy 
(-5, -1, 4), [3, 3, 0], 3.13.ac_u_abg 
(-4, -2, 4), [0, 2, 0], 3.13.ac_x_au 
(-3, -3, 4), [1, 1, 0], 3.13.ac_y_aq 
(-5, 1, 2), [3, 1, 2], 3.13.ac_ba_ack 
(-4, -1, 3), [0, 3, 3], 3.13.ac_bc_abo 
(-3, -2, 3), [1, 2, 3], 3.13.ac_be_abi 
(-4, 1, 1), [0, 1, 1], 3.13.ac_bg_ace 
(-3, -1, 2), [1, 3, 2], 3.13.ac_bi_abu 
(-2, -2, 2), [2, 2, 2], 3.13.ac_bj_abs 
(-2, -1, 1), [2, 3, 1], 3.13.ac_bm_aby 
(-6, -2, 7), [2, 2, 3], 3.13.ab_af_cg 
(-4, -4, 7), [0, 0, 3], 3.13.ab_ab_di 
(-6, -1, 6), [2, 3, 2], 3.13.ab_d_k 
(-7, 2, 4), [1, 2, 0], 3.13.ab_f_ade 
(-5, -2, 6), [3, 2, 2], 3.13.ab_h_bi 
(-4, -3, 6), [0, 1, 2], 3.13.ab_j_bu 
(-6, 1, 4), [2, 1, 0], 3.13.ab_n_aby 
(-6, 2, 3), [2, 2, 3], 3.13.ab_p_ack 
(-4, -2, 5), [0, 2, 1], 3.13.ab_r_o 
(-5, 2, 2), [3, 2, 2], 3.13.ab_x_abu 
(-4, -1, 4), [0, 3, 0], 3.13.ab_x_ak 
(-3, -2, 4), [1, 2, 0], 3.13.ab_z_ac 
(-4, 1, 2), [0, 1, 2], 3.13.ab_bd_abi 
(-2, -2, 3), [2, 2, 3], 3.13.ab_bf_ao 
(-7, 1, 6), [1, 1, 2], 3.13.a_ae_abq 
(-6, -1, 7), [2, 3, 3], 3.13.a_ae_bq 
(-7, 2, 5), [1, 2, 1], 3.13.a_a_acs 
(-5, -2, 7), [3, 2, 3], 3.13.a_a_cs 
(-7, 3, 4), [1, 3, 0], 3.13.a_c_adg 
(-4, -3, 7), [0, 1, 3], 3.13.a_c_dg 
(-6, 1, 5), [2, 1, 1], 3.13.a_i_abe 
(-5, -1, 6), [3, 3, 2], 3.13.a_i_be 
(-6, 2, 4), [2, 2, 0], 3.13.a_l_abw 
(-4, -2, 6), [0, 2, 2], 3.13.a_l_bw 
(-6, 3, 3), [2, 3, 3], 3.13.a_m_acc 
(-3, -3, 6), [1, 1, 2], 3.13.a_m_cc 
(-5, 1, 4), [3, 1, 0], 3.13.a_s_au 
(-4, -1, 5), [0, 3, 1], 3.13.a_s_u 
(-5, 2, 3), [3, 2, 3], 3.13.a_u_abe 
(-3, -2, 5), [1, 2, 1], 3.13.a_u_be 
(-4, 1, 3), [0, 1, 3], 3.13.a_ba_am 
(-3, -1, 4), [1, 3, 0], 3.13.a_ba_m 
(-4, 2, 2), [0, 2, 2], 3.13.a_bb_aq 
(-2, -2, 4), [2, 2, 0], 3.13.a_bb_q 
(-3, 1, 2), [1, 1, 2], 3.13.a_bg_ag 
(-2, -1, 3), [2, 3, 3], 3.13.a_bg_g 
(-2, 1, 1), [2, 1, 1], 3.13.a_bk_ac 
(-1, -1, 2), [3, 3, 2], 3.13.a_bk_c 
(-7, 2, 6), [1, 2, 2], 3.13.b_af_acg 
(-7, 4, 4), [1, 0, 0], 3.13.b_ab_adi 
(-6, 1, 6), [2, 1, 2], 3.13.b_d_ak 
(-4, -2, 7), [0, 2, 3], 3.13.b_f_de 
(-6, 2, 5), [2, 2, 1], 3.13.b_h_abi 
(-6, 3, 4), [2, 3, 0], 3.13.b_j_abu 
(-4, -1, 6), [0, 3, 2], 3.13.b_n_by 
(-3, -2, 6), [1, 2, 2], 3.13.b_p_ck 
(-5, 2, 4), [3, 2, 0], 3.13.b_r_ao 
(-4, 1, 4), [0, 1, 0], 3.13.b_x_k 
(-2, -2, 5), [2, 2, 1], 3.13.b_x_bu 
(-4, 2, 3), [0, 2, 3], 3.13.b_z_c 
(-2, -1, 4), [2, 3, 0], 3.13.b_bd_bi 
(-3, 2, 2), [1, 2, 2], 3.13.b_bf_o 
(-7, 2, 7), [1, 2, 3], 3.13.c_ak_abu 
(-7, 3, 6), [1, 3, 2], 3.13.c_ag_acw 
(-7, 4, 5), [1, 0, 1], 3.13.c_ae_adk 
(-6, 1, 7), [2, 1, 3], 3.13.c_ac_k 
(-6, 2, 6), [2, 2, 2], 3.13.c_d_au 
(-6, 3, 5), [2, 3, 1], 3.13.c_g_abm 
(-6, 4, 4), [2, 0, 0], 3.13.c_h_abs 
(-4, -1, 7), [0, 3, 3], 3.13.c_i_dc 
(-5, 1, 6), [3, 1, 2], 3.13.c_k_w 
(-3, -2, 7), [1, 2, 3], 3.13.c_k_dq 
(-5, 2, 5), [3, 2, 1], 3.13.c_o_c 
(-5, 3, 4), [3, 3, 0], 3.13.c_q_ai 
(-3, -1, 6), [1, 3, 2], 3.13.c_s_cs 
(-2, -2, 6), [2, 2, 2], 3.13.c_t_cy 
(-4, 1, 5), [0, 1, 1], 3.13.c_u_bg 
(-4, 2, 4), [0, 2, 0], 3.13.c_x_u 
(-4, 3, 3), [0, 3, 3], 3.13.c_y_q 
(-2, -1, 5), [2, 3, 1], 3.13.c_ba_ck 
(-3, 1, 4), [1, 1, 0], 3.13.c_bc_bo 
(-3, 2, 3), [1, 2, 3], 3.13.c_be_bi 
(-1, -1, 4), [3, 3, 0], 3.13.c_bg_ce 
(-2, 1, 3), [2, 1, 3], 3.13.c_bi_bu 
(-2, 2, 2), [2, 2, 2], 3.13.c_bj_bs 
(-1, 1, 2), [3, 1, 2], 3.13.c_bm_by 
(-7, 4, 6), [1, 0, 2], 3.13.d_ah_adm 
(-6, 2, 7), [2, 2, 3], 3.13.d_ab_ag 
(-6, 3, 6), [2, 3, 2], 3.13.d_d_abe 
(-6, 4, 5), [2, 0, 1], 3.13.d_f_abq 
(-5, 2, 6), [3, 2, 2], 3.13.d_l_s 
(-5, 4, 4), [3, 0, 0], 3.13.d_p_ac 
(-2, -2, 7), [2, 2, 3], 3.13.d_p_ec 
(-4, 1, 6), [0, 1, 2], 3.13.d_r_cc 
(-4, 2, 5), [0, 2, 1], 3.13.d_v_bm 
(-4, 3, 4), [0, 3, 0], 3.13.d_x_be 
(-2, -1, 6), [2, 3, 2], 3.13.d_x_dm 
(-3, 2, 4), [1, 2, 0], 3.13.d_bd_cc 
(-2, 1, 4), [2, 1, 0], 3.13.d_bh_cs 
(-2, 2, 3), [2, 2, 3], 3.13.d_bj_co 
(-7, 4, 7), [1, 0, 3], 3.13.e_ak_ado 
(-7, 5, 6), [1, 1, 2], 3.13.e_ai_aec 
(-6, 3, 7), [2, 3, 3], 3.13.e_a_aw 
(-6, 4, 6), [2, 0, 2], 3.13.e_d_abo 
(-6, 5, 5), [2, 1, 1], 3.13.e_e_abu 
(-5, 2, 7), [3, 2, 3], 3.13.e_i_bi 
(-5, 3, 6), [3, 3, 2], 3.13.e_m_o 
(-5, 4, 5), [3, 0, 1], 3.13.e_o_e 
(-4, 1, 7), [0, 1, 3], 3.13.e_o_cy 
(-4, 2, 6), [0, 2, 2], 3.13.e_t_ce 
(-2, -1, 7), [2, 3, 3], 3.13.e_u_eo 
(-4, 3, 5), [0, 3, 1], 3.13.e_w_bs 
(-4, 4, 4), [0, 0, 0], 3.13.e_x_bo 
(-3, 1, 6), [1, 1, 2], 3.13.e_y_di 
(-3, 2, 5), [1, 2, 1], 3.13.e_bc_cw 
(-1, -1, 6), [3, 3, 2], 3.13.e_bc_eg 
(-3, 3, 4), [1, 3, 0], 3.13.e_be_cq 
(-2, 1, 5), [2, 1, 1], 3.13.e_bg_dq 
(-2, 2, 4), [2, 2, 0], 3.13.e_bj_dk 
(-2, 3, 3), [2, 3, 3], 3.13.e_bk_di 
(-1, 1, 4), [3, 1, 0], 3.13.e_bm_dw 
(-1, 2, 3), [3, 2, 3], 3.13.e_bo_du 
(-7, 6, 6), [1, 2, 2], 3.13.f_aj_aes 
(-6, 4, 7), [2, 0, 3], 3.13.f_b_abm 
(-6, 5, 6), [2, 1, 2], 3.13.f_d_aby 
(-5, 4, 6), [3, 0, 2], 3.13.f_n_k 
(-4, 2, 7), [0, 2, 3], 3.13.f_r_cw 
(-4, 3, 6), [0, 3, 2], 3.13.f_v_cg 
(-4, 4, 5), [0, 0, 1], 3.13.f_x_by 
(-3, 2, 6), [1, 2, 2], 3.13.f_bb_dq 
(-3, 4, 4), [1, 0, 0], 3.13.f_bf_de 
(-2, 1, 6), [2, 1, 2], 3.13.f_bf_eo 
(-2, 2, 5), [2, 2, 1], 3.13.f_bj_eg 
(-2, 3, 4), [2, 3, 0], 3.13.f_bl_ec 
(-1, 2, 4), [3, 2, 0], 3.13.f_bp_es 
(-7, 6, 7), [1, 2, 3], 3.13.g_ak_afi 
(-6, 5, 7), [2, 1, 3], 3.13.g_c_acc 
(-6, 6, 6), [2, 2, 2], 3.13.g_d_aci 
(-5, 4, 7), [3, 0, 3], 3.13.g_m_q 
(-5, 5, 6), [3, 1, 2], 3.13.g_o_g 
(-4, 3, 7), [0, 3, 3], 3.13.g_u_cu 
(-4, 4, 6), [0, 0, 2], 3.13.g_x_ci 
(-4, 5, 5), [0, 1, 1], 3.13.g_y_ce 
(-3, 2, 7), [1, 2, 3], 3.13.g_ba_ek 
(-3, 3, 6), [1, 3, 2], 3.13.g_be_dy 
(-2, 1, 7), [2, 1, 3], 3.13.g_be_fm 
(-3, 4, 5), [1, 0, 1], 3.13.g_bg_ds 
(-2, 2, 6), [2, 2, 2], 3.13.g_bj_fc 
(-2, 3, 5), [2, 3, 1], 3.13.g_bm_ew 
(-1, 1, 6), [3, 1, 2], 3.13.g_bm_fu 
(-2, 4, 4), [2, 0, 0], 3.13.g_bn_eu 
(-1, 2, 5), [3, 2, 1], 3.13.g_bq_fq 
(-1, 3, 4), [3, 3, 0], 3.13.g_bs_fo 
(1, 1, 4), [1, 1, 0], 3.13.g_bw_ge 
(2, 2, 2), [2, 2, 2], 3.13.g_bz_gi 
(-6, 6, 7), [2, 2, 3], 3.13.h_d_acs 
(-5, 6, 6), [3, 2, 2], 3.13.h_p_c 
(-4, 4, 7), [0, 0, 3], 3.13.h_x_cs 
(-4, 5, 6), [0, 1, 2], 3.13.h_z_ck 
(-3, 4, 6), [1, 0, 2], 3.13.h_bh_eg 
(-2, 2, 7), [2, 2, 3], 3.13.h_bj_fy 
(-2, 3, 6), [2, 3, 2], 3.13.h_bn_fq 
(-2, 4, 5), [2, 0, 1], 3.13.h_bp_fm 
(-1, 2, 6), [3, 2, 2], 3.13.h_br_go 
(-1, 4, 4), [3, 0, 0], 3.13.h_bv_gk 
(-6, 7, 7), [2, 3, 3], 3.13.i_e_adi 
(-5, 6, 7), [3, 2, 3], 3.13.i_q_ac 
(-4, 5, 7), [0, 1, 3], 3.13.i_ba_cq 
(-4, 6, 6), [0, 2, 2], 3.13.i_bb_cm 
(-3, 4, 7), [1, 0, 3], 3.13.i_bi_eu 
(-3, 5, 6), [1, 1, 2], 3.13.i_bk_eo 
(-2, 3, 7), [2, 3, 3], 3.13.i_bo_gk 
(-2, 4, 6), [2, 0, 2], 3.13.i_br_ge 
(-2, 5, 5), [2, 1, 1], 3.13.i_bs_gc 
(-1, 2, 7), [3, 2, 3], 3.13.i_bs_hm 
(-1, 3, 6), [3, 3, 2], 3.13.i_bw_hi 
(-1, 4, 5), [3, 0, 1], 3.13.i_by_hg 
(1, 1, 6), [1, 1, 2], 3.13.i_ca_ig 
(1, 2, 5), [1, 2, 1], 3.13.i_ce_ik 
(1, 3, 4), [1, 3, 0], 3.13.i_cg_im 
(-4, 6, 7), [0, 2, 3], 3.13.j_bd_co 
(-3, 6, 6), [1, 2, 2], 3.13.j_bn_ew 
(-2, 4, 7), [2, 0, 3], 3.13.j_bt_gw 
(-2, 5, 6), [2, 1, 2], 3.13.j_bv_gs 
(-1, 4, 6), [3, 0, 2], 3.13.j_cb_ic 
(1, 2, 6), [1, 2, 2], 3.13.j_ch_jm 
(-4, 7, 7), [0, 3, 3], 3.13.k_bg_cm 
(-3, 6, 7), [1, 2, 3], 3.13.k_bq_fe 
(-2, 5, 7), [2, 1, 3], 3.13.k_by_hi 
(-2, 6, 6), [2, 2, 2], 3.13.k_bz_hg 
(-1, 4, 7), [3, 0, 3], 3.13.k_ce_iy 
(-1, 5, 6), [3, 1, 2], 3.13.k_cg_iw 
(1, 2, 7), [1, 2, 3], 3.13.k_ck_ko 
(1, 3, 6), [1, 3, 2], 3.13.k_co_ks 
(2, 2, 6), [2, 2, 2], 3.13.k_cp_ky 
(1, 4, 5), [1, 0, 1], 3.13.k_cq_ku 
(2, 3, 5), [2, 3, 1], 3.13.k_cs_le 
(2, 4, 4), [2, 0, 0], 3.13.k_ct_lg 
(-2, 6, 7), [2, 2, 3], 3.13.l_cd_hu 
(-1, 6, 6), [3, 2, 2], 3.13.l_cl_jq 
(2, 2, 7), [2, 2, 3], 3.13.l_ct_mc 
(1, 4, 6), [1, 0, 2], 3.13.l_cv_ly 
(-2, 7, 7), [2, 3, 3], 3.13.m_ci_ig 
(-1, 6, 7), [3, 2, 3], 3.13.m_cq_kk 
(1, 4, 7), [1, 0, 3], 3.13.m_da_nc 
(1, 5, 6), [1, 1, 2], 3.13.m_dc_ne 
(2, 3, 7), [2, 3, 3], 3.13.m_dc_nq 
(2, 4, 6), [2, 0, 2], 3.13.m_df_nw 
(2, 5, 5), [2, 1, 1], 3.13.m_dg_ny 
(3, 3, 6), [3, 3, 2], 3.13.m_dg_oc 
(4, 4, 4), [0, 0, 0], 3.13.m_dj_om 
(2, 4, 7), [2, 0, 3], 3.13.n_dl_pe 
(1, 6, 7), [1, 2, 3], 3.13.o_dq_pq 
(2, 6, 6), [2, 2, 2], 3.13.o_dv_qu 
(3, 5, 6), [3, 1, 2], 3.13.o_dy_rm 
(4, 4, 6), [0, 0, 2], 3.13.o_dz_rs 
