(-8, -8, -8), [0, 0, 0], 3.23.ay_kb_acke 
(-9, -9, -4), [3, 3, 0], 3.23.aw_io_abzk 
(-9, -9, -2), [3, 3, 2], 3.23.au_he_abpq 
(-9, -8, -3), [3, 0, 1], 3.23.au_hk_abrs 
(-9, -7, -4), [3, 1, 0], 3.23.au_ho_abtc 
(-8, -8, -4), [0, 0, 0], 3.23.au_hp_abtg 
(-9, -6, -5), [3, 2, 3], 3.23.au_hq_abtu 
(-8, -7, -5), [0, 1, 3], 3.23.au_hs_abue 
(-8, -6, -6), [0, 2, 2], 3.23.au_ht_abum 
(-9, -8, -2), [3, 0, 2], 3.23.at_gt_abne 
(-8, -8, -3), [0, 0, 1], 3.23.at_gz_abpa 
(-9, -6, -4), [3, 2, 0], 3.23.at_hb_abpy 
(-9, -8, -1), [3, 0, 3], 3.23.as_gc_abiq 
(-9, -7, -2), [3, 1, 2], 3.23.as_gi_abks 
(-8, -8, -2), [0, 0, 2], 3.23.as_gj_abku 
(-9, -6, -3), [3, 2, 1], 3.23.as_gm_abmc 
(-9, -5, -4), [3, 3, 0], 3.23.as_go_abmu 
(-8, -7, -3), [0, 1, 1], 3.23.as_go_abmi 
(-8, -6, -4), [0, 2, 0], 3.23.as_gr_abng 
(-8, -5, -5), [0, 3, 3], 3.23.as_gs_abno 
(-7, -7, -4), [1, 1, 0], 3.23.as_gs_abnk 
(-6, -6, -6), [2, 2, 2], 3.23.as_gv_aboe 
(-8, -8, -1), [0, 0, 3], 3.23.ar_ft_abgo 
(-9, -6, -2), [3, 2, 2], 3.23.ar_fx_abig 
(-8, -7, -2), [0, 1, 2], 3.23.ar_fz_abik 
(-9, -4, -4), [3, 0, 0], 3.23.ar_gb_abjq 
(-8, -6, -3), [0, 2, 1], 3.23.ar_gd_abjq 
(-9, -9, 2), [3, 3, 2], 3.23.aq_ek_awc 
(-9, -8, 1), [3, 0, 1], 3.23.aq_eu_azo 
(-9, -6, -1), [3, 2, 3], 3.23.aq_fi_abek 
(-8, -7, -1), [0, 1, 3], 3.23.aq_fk_abem 
(-9, -5, -2), [3, 3, 2], 3.23.aq_fm_abfu 
(-9, -4, -3), [3, 0, 1], 3.23.aq_fo_abgm 
(-8, -6, -2), [0, 2, 2], 3.23.aq_fp_abga 
(-7, -7, -2), [1, 1, 2], 3.23.aq_fq_abgc 
(-8, -5, -3), [0, 3, 1], 3.23.aq_fs_abgy 
(-8, -4, -4), [0, 0, 0], 3.23.aq_ft_abhg 
(-7, -6, -3), [1, 2, 1], 3.23.aq_fu_abhe 
(-7, -5, -4), [1, 3, 0], 3.23.aq_fw_abhs 
(-6, -6, -4), [2, 2, 0], 3.23.aq_fx_abhw 
(-9, -8, 2), [3, 0, 2], 3.23.ap_ed_ava 
(-8, -8, 1), [0, 0, 1], 3.23.ap_en_ayc 
(-9, -4, -2), [3, 0, 2], 3.23.ap_fb_abdi 
(-8, -6, -1), [0, 2, 3], 3.23.ap_fb_abck 
(-8, -5, -2), [0, 3, 2], 3.23.ap_ff_abdq 
(-8, -4, -3), [0, 0, 1], 3.23.ap_fh_abeg 
(-7, -6, -2), [1, 2, 2], 3.23.ap_fh_abdu 
(-9, -9, 4), [3, 3, 0], 3.23.ao_da_ami 
(-9, -8, 3), [3, 0, 3], 3.23.ao_dm_aqm 
(-9, -7, 2), [3, 1, 2], 3.23.ao_dw_aty 
(-8, -8, 2), [0, 0, 2], 3.23.ao_dx_atw 
(-9, -6, 1), [3, 2, 1], 3.23.ao_ee_aws 
(-8, -7, 1), [0, 1, 1], 3.23.ao_eg_awq 
(-9, -4, -1), [3, 0, 3], 3.23.ao_eo_abae 
(-9, -3, -2), [3, 1, 2], 3.23.ao_eq_abaw 
(-8, -5, -1), [0, 3, 3], 3.23.ao_es_abai 
(-7, -6, -1), [1, 2, 3], 3.23.ao_eu_abak 
(-8, -4, -2), [0, 0, 2], 3.23.ao_ev_abbg 
(-8, -3, -3), [0, 1, 1], 3.23.ao_ew_abbo 
(-7, -5, -2), [1, 3, 2], 3.23.ao_ey_abbm 
(-6, -6, -2), [2, 2, 2], 3.23.ao_ez_abbo 
(-7, -4, -3), [1, 0, 1], 3.23.ao_fa_abca 
(-9, -8, 4), [3, 0, 0], 3.23.an_cv_aly 
(-8, -8, 3), [0, 0, 3], 3.23.an_dh_apq 
(-9, -6, 2), [3, 2, 2], 3.23.an_dp_asw 
(-8, -7, 2), [0, 1, 2], 3.23.an_dr_ass 
(-8, -6, 1), [0, 2, 1], 3.23.an_dz_ave 
(-9, -2, -2), [3, 2, 2], 3.23.an_ef_ayk 
(-8, -4, -1), [0, 0, 3], 3.23.an_ej_ayg 
(-8, -3, -2), [0, 1, 2], 3.23.an_el_ayw 
(-6, -6, -1), [2, 2, 3], 3.23.an_en_ayk 
(-7, -4, -2), [1, 0, 2], 3.23.an_ep_aze 
(-9, -9, 6), [3, 3, 2], 3.23.am_bq_aco 
(-9, -8, 5), [3, 0, 1], 3.23.am_ce_ahk 
(-9, -7, 4), [3, 1, 0], 3.23.am_cq_alo 
(-8, -8, 4), [0, 0, 0], 3.23.am_cr_alk 
(-9, -6, 3), [3, 2, 3], 3.23.am_da_apa 
(-8, -7, 3), [0, 1, 3], 3.23.am_dc_aou 
(-9, -5, 2), [3, 3, 2], 3.23.am_di_aru 
(-8, -6, 2), [0, 2, 2], 3.23.am_dl_aro 
(-7, -7, 2), [1, 1, 2], 3.23.am_dm_arm 
(-9, -4, 1), [3, 0, 1], 3.23.am_do_atw 
(-8, -5, 1), [0, 3, 1], 3.23.am_ds_ats 
(-9, -2, -1), [3, 2, 3], 3.23.am_du_avy 
(-7, -6, 1), [1, 2, 1], 3.23.am_du_atq 
(-8, -3, -1), [0, 1, 3], 3.23.am_ea_awe 
(-8, -2, -2), [0, 2, 2], 3.23.am_eb_awm 
(-7, -4, -1), [1, 0, 3], 3.23.am_ee_awi 
(-7, -3, -2), [1, 1, 2], 3.23.am_eg_aww 
(-6, -5, -1), [2, 3, 3], 3.23.am_eg_awk 
(-6, -4, -2), [2, 0, 2], 3.23.am_ej_axc 
(-6, -3, -3), [2, 1, 1], 3.23.am_ek_axi 
(-5, -5, -2), [3, 3, 2], 3.23.am_ek_axe 
(-4, -4, -4), [0, 0, 0], 3.23.am_en_axs 
(-9, -8, 6), [3, 0, 2], 3.23.al_bn_acw 
(-8, -8, 5), [0, 0, 1], 3.23.al_cb_ahe 
(-9, -6, 4), [3, 2, 0], 3.23.al_cl_ale 
(-8, -7, 4), [0, 1, 0], 3.23.al_cn_akw 
(-8, -6, 3), [0, 2, 3], 3.23.al_cx_any 
(-9, -4, 2), [3, 0, 2], 3.23.al_db_aqs 
(-8, -5, 2), [0, 3, 2], 3.23.al_df_aqk 
(-7, -6, 2), [1, 2, 2], 3.23.al_dh_aqg 
(-8, -4, 1), [0, 0, 1], 3.23.al_dl_asg 
(-6, -6, 1), [2, 2, 1], 3.23.al_dp_asc 
(-8, -2, -1), [0, 2, 3], 3.23.al_dr_auc 
(-7, -2, -2), [1, 2, 2], 3.23.al_dx_auo 
(-6, -4, -1), [2, 0, 3], 3.23.al_dz_auk 
(-9, -9, 8), [3, 3, 0], 3.23.ak_g_hg 
(-9, -8, 7), [3, 0, 3], 3.23.ak_w_bs 
(-9, -7, 6), [3, 1, 2], 3.23.ak_bk_ade 
(-8, -8, 6), [0, 0, 2], 3.23.ak_bl_acy 
(-9, -6, 5), [3, 2, 1], 3.23.ak_bw_ahi 
(-8, -7, 5), [0, 1, 1], 3.23.ak_by_agy 
(-9, -5, 4), [3, 3, 0], 3.23.ak_cg_aku 
(-8, -6, 4), [0, 2, 0], 3.23.ak_cj_aki 
(-7, -7, 4), [1, 1, 0], 3.23.ak_ck_ake 
(-9, -4, 3), [3, 0, 3], 3.23.ak_co_ano 
(-8, -5, 3), [0, 3, 3], 3.23.ak_cs_anc 
(-9, -3, 2), [3, 1, 2], 3.23.ak_cu_apq 
(-7, -6, 3), [1, 2, 3], 3.23.ak_cu_amw 
(-9, -2, 1), [3, 2, 1], 3.23.ak_cy_ara 
(-8, -4, 2), [0, 0, 2], 3.23.ak_cz_apg 
(-7, -5, 2), [1, 3, 2], 3.23.ak_dc_apa 
(-6, -6, 2), [2, 2, 2], 3.23.ak_dd_aoy 
(-8, -3, 1), [0, 1, 1], 3.23.ak_de_aqu 
(-8, -1, -1), [0, 3, 3], 3.23.ak_di_asa 
(-7, -4, 1), [1, 0, 1], 3.23.ak_di_aqq 
(-6, -5, 1), [2, 3, 1], 3.23.ak_dk_aqo 
(-7, -2, -1), [1, 2, 3], 3.23.ak_do_asg 
(-6, -3, -1), [2, 1, 3], 3.23.ak_ds_ask 
(-6, -2, -2), [2, 2, 2], 3.23.ak_dt_asq 
(-5, -4, -1), [3, 0, 3], 3.23.ak_du_asm 
(-5, -3, -2), [3, 1, 2], 3.23.ak_dw_asw 
(-9, -8, 8), [3, 0, 0], 3.23.aj_f_gg 
(-8, -8, 7), [0, 0, 3], 3.23.aj_v_bi 
(-9, -6, 6), [3, 2, 2], 3.23.aj_bh_adm 
(-8, -7, 6), [0, 1, 2], 3.23.aj_bj_ada 
(-8, -6, 5), [0, 2, 1], 3.23.aj_bv_ags 
(-9, -4, 4), [3, 0, 0], 3.23.aj_cb_akk 
(-8, -5, 4), [0, 3, 0], 3.23.aj_cf_aju 
(-7, -6, 4), [1, 2, 0], 3.23.aj_ch_ajm 
(-9, -2, 2), [3, 2, 2], 3.23.aj_cn_aoo 
(-8, -4, 3), [0, 0, 3], 3.23.aj_cn_amg 
(-6, -6, 3), [2, 2, 3], 3.23.aj_cr_alu 
(-8, -3, 2), [0, 1, 2], 3.23.aj_ct_aoc 
(-8, -2, 1), [0, 2, 1], 3.23.aj_cx_api 
(-7, -4, 2), [1, 0, 2], 3.23.aj_cx_anu 
(-6, -5, 2), [2, 3, 2], 3.23.aj_cz_anq 
(-6, -4, 1), [2, 0, 1], 3.23.aj_df_apa 
(-6, -2, -1), [2, 2, 3], 3.23.aj_dl_aqk 
(-9, -8, 9), [3, 0, 1], 3.23.ai_am_ku 
(-9, -7, 8), [3, 1, 0], 3.23.ai_e_fg 
(-8, -8, 8), [0, 0, 0], 3.23.ai_f_fo 
(-9, -6, 7), [3, 2, 3], 3.23.ai_s_k 
(-8, -7, 7), [0, 1, 3], 3.23.ai_u_y 
(-9, -5, 6), [3, 3, 2], 3.23.ai_be_adu 
(-8, -6, 6), [0, 2, 2], 3.23.ai_bh_adc 
(-7, -7, 6), [1, 1, 2], 3.23.ai_bi_acw 
(-9, -4, 5), [3, 0, 1], 3.23.ai_bo_ahg 
(-8, -5, 5), [0, 3, 1], 3.23.ai_bs_agm 
(-7, -6, 5), [1, 2, 1], 3.23.ai_bu_agc 
(-9, -3, 4), [3, 1, 0], 3.23.ai_bw_aka 
(-8, -4, 4), [0, 0, 0], 3.23.ai_cb_ajg 
(-9, -2, 3), [3, 2, 3], 3.23.ai_cc_amc 
(-7, -5, 4), [1, 3, 0], 3.23.ai_ce_aiu 
(-6, -6, 4), [2, 2, 0], 3.23.ai_cf_aiq 
(-9, -1, 2), [3, 3, 2], 3.23.ai_cg_anm 
(-8, -3, 3), [0, 1, 3], 3.23.ai_ci_alk 
(-7, -4, 3), [1, 0, 3], 3.23.ai_cm_aky 
(-8, -2, 2), [0, 2, 2], 3.23.ai_cn_amy 
(-6, -5, 3), [2, 3, 3], 3.23.ai_co_aks 
(-8, -1, 1), [0, 3, 1], 3.23.ai_cq_anw 
(-7, -3, 2), [1, 1, 2], 3.23.ai_cs_amo 
(-6, -4, 2), [2, 0, 2], 3.23.ai_cv_ami 
(-7, -2, 1), [1, 2, 1], 3.23.ai_cw_anq 
(-5, -5, 2), [3, 3, 2], 3.23.ai_cw_amg 
(-6, -3, 1), [2, 1, 1], 3.23.ai_da_anm 
(-5, -4, 1), [3, 0, 1], 3.23.ai_dc_ank 
(-6, -1, -1), [2, 3, 3], 3.23.ai_de_aok 
(-5, -2, -1), [3, 2, 3], 3.23.ai_di_aoo 
(-4, -3, -1), [0, 1, 3], 3.23.ai_dk_aoq 
(-4, -2, -2), [0, 2, 2], 3.23.ai_dl_aou 
(-8, -8, 9), [0, 0, 1], 3.23.ah_al_ju 
(-9, -6, 8), [3, 2, 0], 3.23.ah_d_eg 
(-8, -7, 8), [0, 1, 0], 3.23.ah_f_ew 
(-8, -6, 7), [0, 2, 3], 3.23.ah_t_o 
(-9, -4, 6), [3, 0, 2], 3.23.ah_bb_aec 
(-8, -5, 6), [0, 3, 2], 3.23.ah_bf_ade 
(-7, -6, 6), [1, 2, 2], 3.23.ah_bh_acs 
(-8, -4, 5), [0, 0, 1], 3.23.ah_bp_agg 
(-9, -2, 4), [3, 2, 0], 3.23.ah_br_ajq 
(-6, -6, 5), [2, 2, 1], 3.23.ah_bt_afm 
(-8, -3, 4), [0, 1, 0], 3.23.ah_bx_ais 
(-7, -4, 4), [1, 0, 0], 3.23.ah_cb_aic 
(-8, -2, 3), [0, 2, 3], 3.23.ah_cd_ako 
(-6, -5, 4), [2, 3, 0], 3.23.ah_cd_ahu 
(-8, -1, 2), [0, 3, 2], 3.23.ah_ch_alu 
(-6, -4, 3), [2, 0, 3], 3.23.ah_cl_ajq 
(-7, -2, 2), [1, 2, 2], 3.23.ah_cn_ali 
(-6, -3, 2), [2, 1, 2], 3.23.ah_cr_ala 
(-5, -4, 2), [3, 0, 2], 3.23.ah_ct_akw 
(-6, -2, 1), [2, 2, 1], 3.23.ah_cv_aly 
(-4, -4, 1), [0, 0, 1], 3.23.ah_cz_alu 
(-9, -6, 9), [3, 2, 1], 3.23.ag_am_ic 
(-8, -7, 9), [0, 1, 1], 3.23.ag_ak_iu 
(-9, -5, 8), [3, 3, 0], 3.23.ag_c_dg 
(-8, -6, 8), [0, 2, 0], 3.23.ag_f_ee 
(-7, -7, 8), [1, 1, 0], 3.23.ag_g_em 
(-9, -4, 7), [3, 0, 3], 3.23.ag_o_ay 
(-8, -5, 7), [0, 3, 3], 3.23.ag_s_e 
(-7, -6, 7), [1, 2, 3], 3.23.ag_u_s 
(-9, -3, 6), [3, 1, 2], 3.23.ag_y_aek 
(-8, -4, 6), [0, 0, 2], 3.23.ag_bd_adg 
(-9, -2, 5), [3, 2, 1], 3.23.ag_bg_ahe 
(-7, -5, 6), [1, 3, 2], 3.23.ag_bg_aco 
(-6, -6, 6), [2, 2, 2], 3.23.ag_bh_aci 
(-9, -1, 4), [3, 3, 0], 3.23.ag_bm_ajg 
(-8, -3, 5), [0, 1, 1], 3.23.ag_bm_aga 
(-7, -4, 5), [1, 0, 1], 3.23.ag_bq_afg 
(-9, 1, 2), [3, 1, 2], 3.23.ag_bs_ali 
(-6, -5, 5), [2, 3, 1], 3.23.ag_bs_aew 
(-8, -2, 4), [0, 2, 0], 3.23.ag_bt_aie 
(-8, -1, 3), [0, 3, 3], 3.23.ag_by_ajs 
(-7, -3, 4), [1, 1, 0], 3.23.ag_by_ahk 
(-6, -4, 4), [2, 0, 0], 3.23.ag_cb_agy 
(-8, 1, 1), [0, 1, 1], 3.23.ag_cc_aky 
(-5, -5, 4), [3, 3, 0], 3.23.ag_cc_agu 
(-7, -2, 3), [1, 2, 3], 3.23.ag_ce_aja 
(-7, -1, 2), [1, 3, 2], 3.23.ag_ci_akc 
(-6, -3, 3), [2, 1, 3], 3.23.ag_ci_aio 
(-5, -4, 3), [3, 0, 3], 3.23.ag_ck_aii 
(-6, -2, 2), [2, 2, 2], 3.23.ag_cn_ajs 
(-6, -1, 1), [2, 3, 1], 3.23.ag_cq_akk 
(-5, -3, 2), [3, 1, 2], 3.23.ag_cq_ajm 
(-4, -4, 2), [0, 0, 2], 3.23.ag_cr_ajk 
(-5, -2, 1), [3, 2, 1], 3.23.ag_cu_akg 
(-4, -3, 1), [0, 1, 1], 3.23.ag_cw_ake 
(-4, -1, -1), [0, 3, 3], 3.23.ag_da_aku 
(-2, -2, -2), [2, 2, 2], 3.23.ag_dd_aky 
(-8, -6, 9), [0, 2, 1], 3.23.af_aj_hu 
(-9, -4, 8), [3, 0, 0], 3.23.af_b_cg 
(-8, -5, 8), [0, 3, 0], 3.23.af_f_dm 
(-7, -6, 8), [1, 2, 0], 3.23.af_h_ec 
(-8, -4, 7), [0, 0, 3], 3.23.af_r_ag 
(-9, -2, 6), [3, 2, 2], 3.23.af_v_aes 
(-6, -6, 7), [2, 2, 3], 3.23.af_v_w 
(-8, -3, 6), [0, 1, 2], 3.23.af_bb_adi 
(-7, -4, 6), [1, 0, 2], 3.23.af_bf_ack 
(-6, -5, 6), [2, 3, 2], 3.23.af_bh_aby 
(-8, -2, 5), [0, 2, 1], 3.23.af_bj_afu 
(-9, 2, 2), [3, 2, 2], 3.23.af_bl_akg 
(-8, -1, 4), [0, 3, 0], 3.23.af_bp_ahq 
(-6, -4, 5), [2, 0, 1], 3.23.af_br_aeg 
(-8, 1, 2), [0, 1, 2], 3.23.af_bv_ajm 
(-7, -2, 4), [1, 2, 0], 3.23.af_bv_ags 
(-6, -3, 4), [2, 1, 0], 3.23.af_bz_agc 
(-5, -4, 4), [3, 0, 0], 3.23.af_cb_afu 
(-6, -2, 3), [2, 2, 3], 3.23.af_cf_ahm 
(-6, -1, 2), [2, 3, 2], 3.23.af_cj_aik 
(-4, -4, 3), [0, 0, 3], 3.23.af_cj_aha 
(-5, -2, 2), [3, 2, 2], 3.23.af_cn_aic 
(-4, -3, 2), [0, 1, 2], 3.23.af_cp_ahy 
(-4, -2, 1), [0, 2, 1], 3.23.af_ct_aio 
(-9, -4, 9), [3, 0, 1], 3.23.ae_am_fk 
(-8, -5, 9), [0, 3, 1], 3.23.ae_ai_gu 
(-7, -6, 9), [1, 2, 1], 3.23.ae_ag_hm 
(-9, -3, 8), [3, 1, 0], 3.23.ae_a_bg 
(-8, -4, 8), [0, 0, 0], 3.23.ae_f_cu 
(-7, -5, 8), [1, 3, 0], 3.23.ae_i_ds 
(-6, -6, 8), [2, 2, 0], 3.23.ae_j_ea 
(-9, -2, 7), [3, 2, 3], 3.23.ae_k_acg 
(-8, -3, 7), [0, 1, 3], 3.23.ae_q_aq 
(-9, -1, 6), [3, 3, 2], 3.23.ae_s_afa 
(-7, -4, 7), [1, 0, 3], 3.23.ae_u_m 
(-6, -5, 7), [2, 3, 3], 3.23.ae_w_ba 
(-8, -2, 6), [0, 2, 2], 3.23.ae_z_adk 
(-9, 1, 4), [3, 1, 0], 3.23.ae_bc_aim 
(-9, 2, 3), [3, 2, 3], 3.23.ae_be_aje 
(-7, -3, 6), [1, 1, 2], 3.23.ae_be_acg 
(-8, -1, 5), [0, 3, 1], 3.23.ae_bg_afo 
(-6, -4, 6), [2, 0, 2], 3.23.ae_bh_abo 
(-5, -5, 6), [3, 3, 2], 3.23.ae_bi_abi 
(-7, -2, 5), [1, 2, 1], 3.23.ae_bm_aek 
(-8, 1, 3), [0, 1, 3], 3.23.ae_bo_aia 
(-8, 2, 2), [0, 2, 2], 3.23.ae_bp_aii 
(-6, -3, 5), [2, 1, 1], 3.23.ae_bq_adq 
(-7, -1, 4), [1, 3, 0], 3.23.ae_bs_aga 
(-5, -4, 5), [3, 0, 1], 3.23.ae_bs_adg 
(-6, -2, 4), [2, 2, 0], 3.23.ae_bx_afg 
(-7, 1, 2), [1, 1, 2], 3.23.ae_by_ahq 
(-5, -3, 4), [3, 1, 0], 3.23.ae_ca_aeu 
(-4, -4, 4), [0, 0, 0], 3.23.ae_cb_aeq 
(-6, -1, 3), [2, 3, 3], 3.23.ae_cc_agk 
(-6, 1, 1), [2, 1, 1], 3.23.ae_cg_ahi 
(-5, -2, 3), [3, 2, 3], 3.23.ae_cg_afy 
(-4, -3, 3), [0, 1, 3], 3.23.ae_ci_afs 
(-5, -1, 2), [3, 3, 2], 3.23.ae_ck_ags 
(-4, -2, 2), [0, 2, 2], 3.23.ae_cn_agm 
(-3, -3, 2), [1, 1, 2], 3.23.ae_co_agk 
(-4, -1, 1), [0, 3, 1], 3.23.ae_cq_agy 
(-3, -2, 1), [1, 2, 1], 3.23.ae_cs_agw 
(-8, -4, 9), [0, 0, 1], 3.23.ad_ah_fu 
(-6, -6, 9), [2, 2, 1], 3.23.ad_ad_he 
(-9, -2, 8), [3, 2, 0], 3.23.ad_ab_g 
(-8, -3, 8), [0, 1, 0], 3.23.ad_f_cc 
(-7, -4, 8), [1, 0, 0], 3.23.ad_j_di 
(-6, -5, 8), [2, 3, 0], 3.23.ad_l_dy 
(-8, -2, 7), [0, 2, 3], 3.23.ad_p_aba 
(-9, 2, 4), [3, 2, 0], 3.23.ad_x_aic 
(-8, -1, 6), [0, 3, 2], 3.23.ad_x_adm 
(-6, -4, 7), [2, 0, 3], 3.23.ad_x_be 
(-7, -2, 6), [1, 2, 2], 3.23.ad_bd_acc 
(-8, 1, 4), [0, 1, 0], 3.23.ad_bh_ago 
(-6, -3, 6), [2, 1, 2], 3.23.ad_bh_abe 
(-8, 2, 3), [0, 2, 3], 3.23.ad_bj_ahe 
(-5, -4, 6), [3, 0, 2], 3.23.ad_bj_as 
(-6, -2, 5), [2, 2, 1], 3.23.ad_bp_ada 
(-7, 2, 2), [1, 2, 2], 3.23.ad_bt_agk 
(-4, -4, 5), [0, 0, 1], 3.23.ad_bt_acg 
(-6, -1, 4), [2, 3, 0], 3.23.ad_bv_aek 
(-5, -2, 4), [3, 2, 0], 3.23.ad_bz_adu 
(-6, 1, 2), [2, 1, 2], 3.23.ad_cb_afu 
(-4, -3, 4), [0, 1, 0], 3.23.ad_cb_adm 
(-4, -2, 3), [0, 2, 3], 3.23.ad_ch_aek 
(-4, -1, 2), [0, 3, 2], 3.23.ad_cl_afa 
(-3, -2, 2), [1, 2, 2], 3.23.ad_cn_aew 
(-9, -2, 9), [3, 2, 1], 3.23.ac_am_cs 
(-8, -3, 9), [0, 1, 1], 3.23.ac_ag_eu 
(-9, -1, 8), [3, 3, 0], 3.23.ac_ac_au 
(-7, -4, 9), [1, 0, 1], 3.23.ac_ac_ge 
(-6, -5, 9), [2, 3, 1], 3.23.ac_a_gw 
(-8, -2, 8), [0, 2, 0], 3.23.ac_f_bk 
(-7, -3, 8), [1, 1, 0], 3.23.ac_k_cy 
(-9, 1, 6), [3, 1, 2], 3.23.ac_m_afq 
(-6, -4, 8), [2, 0, 0], 3.23.ac_n_dw 
(-8, -1, 7), [0, 3, 3], 3.23.ac_o_abk 
(-5, -5, 8), [3, 3, 0], 3.23.ac_o_ee 
(-9, 2, 5), [3, 2, 1], 3.23.ac_q_aha 
(-9, 3, 4), [3, 3, 0], 3.23.ac_s_ahs 
(-7, -2, 7), [1, 2, 3], 3.23.ac_u_g 
(-6, -3, 7), [2, 1, 3], 3.23.ac_y_bi 
(-8, 1, 5), [0, 1, 1], 3.23.ac_ba_afc 
(-5, -4, 7), [3, 0, 3], 3.23.ac_ba_bw 
(-7, -1, 6), [1, 3, 2], 3.23.ac_bc_aby 
(-8, 2, 4), [0, 2, 0], 3.23.ac_bd_aga 
(-8, 3, 3), [0, 3, 3], 3.23.ac_be_agi 
(-6, -2, 6), [2, 2, 2], 3.23.ac_bh_au 
(-5, -3, 6), [3, 1, 2], 3.23.ac_bk_ac 
(-4, -4, 6), [0, 0, 2], 3.23.ac_bl_e 
(-7, 1, 4), [1, 1, 0], 3.23.ac_bm_aeq 
(-7, 2, 3), [1, 2, 3], 3.23.ac_bo_afe 
(-6, -1, 5), [2, 3, 1], 3.23.ac_bo_ack 
(-5, -2, 5), [3, 2, 1], 3.23.ac_bs_abq 
(-4, -3, 5), [0, 1, 1], 3.23.ac_bu_abg 
(-6, 1, 3), [2, 1, 3], 3.23.ac_bw_aeg 
(-6, 2, 2), [2, 2, 2], 3.23.ac_bx_aem 
(-5, -1, 4), [3, 3, 0], 3.23.ac_by_acu 
(-4, -2, 4), [0, 2, 0], 3.23.ac_cb_aci 
(-3, -3, 4), [1, 1, 0], 3.23.ac_cc_ace 
(-5, 1, 2), [3, 1, 2], 3.23.ac_ce_ady 
(-4, -1, 3), [0, 3, 3], 3.23.ac_cg_adc 
(-3, -2, 3), [1, 2, 3], 3.23.ac_ci_acw 
(-4, 1, 1), [0, 1, 1], 3.23.ac_ck_ads 
(-3, -1, 2), [1, 3, 2], 3.23.ac_cm_adi 
(-2, -2, 2), [2, 2, 2], 3.23.ac_cn_adg 
(-2, -1, 1), [2, 3, 1], 3.23.ac_cq_adm 
(-8, -2, 9), [0, 2, 1], 3.23.ab_af_du 
(-6, -4, 9), [2, 0, 1], 3.23.ab_d_go 
(-8, -1, 8), [0, 3, 0], 3.23.ab_f_s 
(-9, 2, 6), [3, 2, 2], 3.23.ab_j_afy 
(-7, -2, 8), [1, 2, 0], 3.23.ab_l_co 
(-9, 4, 4), [3, 0, 0], 3.23.ab_n_ahi 
(-6, -3, 8), [2, 1, 0], 3.23.ab_p_du 
(-5, -4, 8), [3, 0, 0], 3.23.ab_r_ek 
(-8, 1, 6), [0, 1, 2], 3.23.ab_t_adq 
(-8, 2, 5), [0, 2, 1], 3.23.ab_x_aew 
(-8, 3, 4), [0, 3, 0], 3.23.ab_z_afm 
(-6, -2, 7), [2, 2, 3], 3.23.ab_z_bm 
(-4, -4, 7), [0, 0, 3], 3.23.ab_bd_co 
(-6, -1, 6), [2, 3, 2], 3.23.ab_bh_ak 
(-7, 2, 4), [1, 2, 0], 3.23.ab_bj_ady 
(-5, -2, 6), [3, 2, 2], 3.23.ab_bl_o 
(-4, -3, 6), [0, 1, 2], 3.23.ab_bn_ba 
(-6, 1, 4), [2, 1, 0], 3.23.ab_br_acs 
(-6, 2, 3), [2, 2, 3], 3.23.ab_bt_ade 
(-4, -2, 5), [0, 2, 1], 3.23.ab_bv_ag 
(-5, 2, 2), [3, 2, 2], 3.23.ab_cb_aco 
(-4, -1, 4), [0, 3, 0], 3.23.ab_cb_abe 
(-3, -2, 4), [1, 2, 0], 3.23.ab_cd_aw 
(-4, 1, 2), [0, 1, 2], 3.23.ab_ch_acc 
(-2, -2, 3), [2, 2, 3], 3.23.ab_cj_abi 
(-9, 1, 8), [3, 1, 0], 3.23.a_ae_acu 
(-8, -1, 9), [0, 3, 1], 3.23.a_ae_cu 
(-9, 2, 7), [3, 2, 3], 3.23.a_c_aew 
(-7, -2, 9), [1, 2, 1], 3.23.a_c_ew 
(-9, 3, 6), [3, 3, 2], 3.23.a_g_agg 
(-6, -3, 9), [2, 1, 1], 3.23.a_g_gg 
(-9, 4, 5), [3, 0, 1], 3.23.a_i_agy 
(-5, -4, 9), [3, 0, 1], 3.23.a_i_gy 
(-8, 1, 7), [0, 1, 3], 3.23.a_m_ace 
(-7, -1, 8), [1, 3, 0], 3.23.a_m_ce 
(-8, 2, 6), [0, 2, 2], 3.23.a_r_ads 
(-6, -2, 8), [2, 2, 0], 3.23.a_r_ds 
(-8, 3, 5), [0, 3, 1], 3.23.a_u_aeq 
(-5, -3, 8), [3, 1, 0], 3.23.a_u_eq 
(-8, 4, 4), [0, 0, 0], 3.23.a_v_aey 
(-4, -4, 8), [0, 0, 0], 3.23.a_v_ey 
(-7, 1, 6), [1, 1, 2], 3.23.a_ba_abq 
(-6, -1, 7), [2, 3, 3], 3.23.a_ba_bq 
(-7, 2, 5), [1, 2, 1], 3.23.a_be_acs 
(-5, -2, 7), [3, 2, 3], 3.23.a_be_cs 
(-7, 3, 4), [1, 3, 0], 3.23.a_bg_adg 
(-4, -3, 7), [0, 1, 3], 3.23.a_bg_dg 
(-6, 1, 5), [2, 1, 1], 3.23.a_bm_abe 
(-5, -1, 6), [3, 3, 2], 3.23.a_bm_be 
(-6, 2, 4), [2, 2, 0], 3.23.a_bp_abw 
(-4, -2, 6), [0, 2, 2], 3.23.a_bp_bw 
(-6, 3, 3), [2, 3, 3], 3.23.a_bq_acc 
(-3, -3, 6), [1, 1, 2], 3.23.a_bq_cc 
(-5, 1, 4), [3, 1, 0], 3.23.a_bw_au 
(-4, -1, 5), [0, 3, 1], 3.23.a_bw_u 
(-5, 2, 3), [3, 2, 3], 3.23.a_by_abe 
(-3, -2, 5), [1, 2, 1], 3.23.a_by_be 
(-4, 1, 3), [0, 1, 3], 3.23.a_ce_am 
(-3, -1, 4), [1, 3, 0], 3.23.a_ce_m 
(-4, 2, 2), [0, 2, 2], 3.23.a_cf_aq 
(-2, -2, 4), [2, 2, 0], 3.23.a_cf_q 
(-3, 1, 2), [1, 1, 2], 3.23.a_ck_ag 
(-2, -1, 3), [2, 3, 3], 3.23.a_ck_g 
(-2, 1, 1), [2, 1, 1], 3.23.a_co_ac 
(-1, -1, 2), [3, 3, 2], 3.23.a_co_c 
(-9, 2, 8), [3, 2, 0], 3.23.b_af_adu 
(-9, 4, 6), [3, 0, 2], 3.23.b_d_ago 
(-8, 1, 8), [0, 1, 0], 3.23.b_f_as 
(-6, -2, 9), [2, 2, 1], 3.23.b_j_fy 
(-8, 2, 7), [0, 2, 3], 3.23.b_l_aco 
(-4, -4, 9), [0, 0, 1], 3.23.b_n_hi 
(-8, 3, 6), [0, 3, 2], 3.23.b_p_adu 
(-8, 4, 5), [0, 0, 1], 3.23.b_r_aek 
(-6, -1, 8), [2, 3, 0], 3.23.b_t_dq 
(-5, -2, 8), [3, 2, 0], 3.23.b_x_ew 
(-7, 2, 6), [1, 2, 2], 3.23.b_z_abm 
(-4, -3, 8), [0, 1, 0], 3.23.b_z_fm 
(-7, 4, 4), [1, 0, 0], 3.23.b_bd_aco 
(-6, 1, 6), [2, 1, 2], 3.23.b_bh_k 
(-4, -2, 7), [0, 2, 3], 3.23.b_bj_dy 
(-6, 2, 5), [2, 2, 1], 3.23.b_bl_ao 
(-6, 3, 4), [2, 3, 0], 3.23.b_bn_aba 
(-4, -1, 6), [0, 3, 2], 3.23.b_br_cs 
(-3, -2, 6), [1, 2, 2], 3.23.b_bt_de 
(-5, 2, 4), [3, 2, 0], 3.23.b_bv_g 
(-4, 1, 4), [0, 1, 0], 3.23.b_cb_be 
(-2, -2, 5), [2, 2, 1], 3.23.b_cb_co 
(-4, 2, 3), [0, 2, 3], 3.23.b_cd_w 
(-2, -1, 4), [2, 3, 0], 3.23.b_ch_cc 
(-3, 2, 2), [1, 2, 2], 3.23.b_cj_bi 
(-9, 2, 9), [3, 2, 1], 3.23.c_am_acs 
(-9, 3, 8), [3, 3, 0], 3.23.c_ag_aeu 
(-9, 4, 7), [3, 0, 3], 3.23.c_ac_age 
(-8, 1, 9), [0, 1, 1], 3.23.c_ac_u 
(-9, 5, 6), [3, 1, 2], 3.23.c_a_agw 
(-8, 2, 8), [0, 2, 0], 3.23.c_f_abk 
(-8, 3, 7), [0, 3, 3], 3.23.c_k_acy 
(-6, -1, 9), [2, 3, 1], 3.23.c_m_fq 
(-8, 4, 6), [0, 0, 2], 3.23.c_n_adw 
(-8, 5, 5), [0, 1, 1], 3.23.c_o_aee 
(-7, 1, 8), [1, 1, 0], 3.23.c_o_bk 
(-5, -2, 9), [3, 2, 1], 3.23.c_q_ha 
(-4, -3, 9), [0, 1, 1], 3.23.c_s_hs 
(-7, 2, 7), [1, 2, 3], 3.23.c_u_ag 
(-7, 3, 6), [1, 3, 2], 3.23.c_y_abi 
(-7, 4, 5), [1, 0, 1], 3.23.c_ba_abw 
(-5, -1, 8), [3, 3, 0], 3.23.c_ba_fc 
(-6, 1, 7), [2, 1, 3], 3.23.c_bc_by 
(-4, -2, 8), [0, 2, 0], 3.23.c_bd_ga 
(-3, -3, 8), [1, 1, 0], 3.23.c_be_gi 
(-6, 2, 6), [2, 2, 2], 3.23.c_bh_u 
(-6, 3, 5), [2, 3, 1], 3.23.c_bk_c 
(-6, 4, 4), [2, 0, 0], 3.23.c_bl_ae 
(-4, -1, 7), [0, 3, 3], 3.23.c_bm_eq 
(-5, 1, 6), [3, 1, 2], 3.23.c_bo_ck 
(-3, -2, 7), [1, 2, 3], 3.23.c_bo_fe 
(-5, 2, 5), [3, 2, 1], 3.23.c_bs_bq 
(-5, 3, 4), [3, 3, 0], 3.23.c_bu_bg 
(-3, -1, 6), [1, 3, 2], 3.23.c_bw_eg 
(-2, -2, 6), [2, 2, 2], 3.23.c_bx_em 
(-4, 1, 5), [0, 1, 1], 3.23.c_by_cu 
(-4, 2, 4), [0, 2, 0], 3.23.c_cb_ci 
(-4, 3, 3), [0, 3, 3], 3.23.c_cc_ce 
(-2, -1, 5), [2, 3, 1], 3.23.c_ce_dy 
(-3, 1, 4), [1, 1, 0], 3.23.c_cg_dc 
(-3, 2, 3), [1, 2, 3], 3.23.c_ci_cw 
(-1, -1, 4), [3, 3, 0], 3.23.c_ck_ds 
(-2, 1, 3), [2, 1, 3], 3.23.c_cm_di 
(-2, 2, 2), [2, 2, 2], 3.23.c_cn_dg 
(-1, 1, 2), [3, 1, 2], 3.23.c_cq_dm 
(-9, 4, 8), [3, 0, 0], 3.23.d_ah_afu 
(-9, 6, 6), [3, 2, 2], 3.23.d_ad_ahe 
(-8, 2, 9), [0, 2, 1], 3.23.d_ab_ag 
(-8, 3, 8), [0, 3, 0], 3.23.d_f_acc 
(-8, 4, 7), [0, 0, 3], 3.23.d_j_adi 
(-8, 5, 6), [0, 1, 2], 3.23.d_l_ady 
(-7, 2, 8), [1, 2, 0], 3.23.d_p_ba 
(-7, 4, 6), [1, 0, 2], 3.23.d_x_abe 
(-6, 1, 8), [2, 1, 0], 3.23.d_x_dm 
(-4, -2, 9), [0, 2, 1], 3.23.d_x_ic 
(-6, 2, 7), [2, 2, 3], 3.23.d_bd_cc 
(-6, 3, 6), [2, 3, 2], 3.23.d_bh_be 
(-4, -1, 8), [0, 3, 0], 3.23.d_bh_go 
(-6, 4, 5), [2, 0, 1], 3.23.d_bj_s 
(-3, -2, 8), [1, 2, 0], 3.23.d_bj_he 
(-5, 2, 6), [3, 2, 2], 3.23.d_bp_da 
(-5, 4, 4), [3, 0, 0], 3.23.d_bt_cg 
(-2, -2, 7), [2, 2, 3], 3.23.d_bt_gk 
(-4, 1, 6), [0, 1, 2], 3.23.d_bv_ek 
(-4, 2, 5), [0, 2, 1], 3.23.d_bz_du 
(-4, 3, 4), [0, 3, 0], 3.23.d_cb_dm 
(-2, -1, 6), [2, 3, 2], 3.23.d_cb_fu 
(-3, 2, 4), [1, 2, 0], 3.23.d_ch_ek 
(-2, 1, 4), [2, 1, 0], 3.23.d_cl_fa 
(-2, 2, 3), [2, 2, 3], 3.23.d_cn_ew 
(-9, 4, 9), [3, 0, 1], 3.23.e_am_afk 
(-9, 5, 8), [3, 1, 0], 3.23.e_ai_agu 
(-9, 6, 7), [3, 2, 3], 3.23.e_ag_ahm 
(-8, 3, 9), [0, 3, 1], 3.23.e_a_abg 
(-8, 4, 8), [0, 0, 0], 3.23.e_f_acu 
(-8, 5, 7), [0, 1, 3], 3.23.e_i_ads 
(-8, 6, 6), [0, 2, 2], 3.23.e_j_aea 
(-7, 2, 9), [1, 2, 1], 3.23.e_k_cg 
(-7, 3, 8), [1, 3, 0], 3.23.e_q_q 
(-6, 1, 9), [2, 1, 1], 3.23.e_s_fa 
(-7, 4, 7), [1, 0, 3], 3.23.e_u_am 
(-7, 5, 6), [1, 1, 2], 3.23.e_w_aba 
(-6, 2, 8), [2, 2, 0], 3.23.e_z_dk 
(-4, -1, 9), [0, 3, 1], 3.23.e_bc_im 
(-6, 3, 7), [2, 3, 3], 3.23.e_be_cg 
(-3, -2, 9), [1, 2, 1], 3.23.e_be_je 
(-5, 1, 8), [3, 1, 0], 3.23.e_bg_fo 
(-6, 4, 6), [2, 0, 2], 3.23.e_bh_bo 
(-6, 5, 5), [2, 1, 1], 3.23.e_bi_bi 
(-5, 2, 7), [3, 2, 3], 3.23.e_bm_ek 
(-3, -1, 8), [1, 3, 0], 3.23.e_bo_ia 
(-2, -2, 8), [2, 2, 0], 3.23.e_bp_ii 
(-5, 3, 6), [3, 3, 2], 3.23.e_bq_dq 
(-5, 4, 5), [3, 0, 1], 3.23.e_bs_dg 
(-4, 1, 7), [0, 1, 3], 3.23.e_bs_ga 
(-4, 2, 6), [0, 2, 2], 3.23.e_bx_fg 
(-2, -1, 7), [2, 3, 3], 3.23.e_by_hq 
(-4, 3, 5), [0, 3, 1], 3.23.e_ca_eu 
(-4, 4, 4), [0, 0, 0], 3.23.e_cb_eq 
(-3, 1, 6), [1, 1, 2], 3.23.e_cc_gk 
(-3, 2, 5), [1, 2, 1], 3.23.e_cg_fy 
(-1, -1, 6), [3, 3, 2], 3.23.e_cg_hi 
(-3, 3, 4), [1, 3, 0], 3.23.e_ci_fs 
(-2, 1, 5), [2, 1, 1], 3.23.e_ck_gs 
(-2, 2, 4), [2, 2, 0], 3.23.e_cn_gm 
(-2, 3, 3), [2, 3, 3], 3.23.e_co_gk 
(-1, 1, 4), [3, 1, 0], 3.23.e_cq_gy 
(-1, 2, 3), [3, 2, 3], 3.23.e_cs_gw 
(-9, 6, 8), [3, 2, 0], 3.23.f_aj_ahu 
(-8, 4, 9), [0, 0, 1], 3.23.f_b_acg 
(-8, 5, 8), [0, 1, 0], 3.23.f_f_adm 
(-8, 6, 7), [0, 2, 3], 3.23.f_h_aec 
(-7, 4, 8), [1, 0, 0], 3.23.f_r_g 
(-7, 6, 6), [1, 2, 2], 3.23.f_v_aw 
(-6, 2, 9), [2, 2, 1], 3.23.f_v_es 
(-6, 3, 8), [2, 3, 0], 3.23.f_bb_di 
(-6, 4, 7), [2, 0, 3], 3.23.f_bf_ck 
(-6, 5, 6), [2, 1, 2], 3.23.f_bh_by 
(-5, 2, 8), [3, 2, 0], 3.23.f_bj_fu 
(-2, -2, 9), [2, 2, 1], 3.23.f_bl_kg 
(-4, 1, 8), [0, 1, 0], 3.23.f_bp_hq 
(-5, 4, 6), [3, 0, 2], 3.23.f_br_eg 
(-4, 2, 7), [0, 2, 3], 3.23.f_bv_gs 
(-2, -1, 8), [2, 3, 0], 3.23.f_bv_jm 
(-4, 3, 6), [0, 3, 2], 3.23.f_bz_gc 
(-4, 4, 5), [0, 0, 1], 3.23.f_cb_fu 
(-3, 2, 6), [1, 2, 2], 3.23.f_cf_hm 
(-3, 4, 4), [1, 0, 0], 3.23.f_cj_ha 
(-2, 1, 6), [2, 1, 2], 3.23.f_cj_ik 
(-2, 2, 5), [2, 2, 1], 3.23.f_cn_ic 
(-2, 3, 4), [2, 3, 0], 3.23.f_cp_hy 
(-1, 2, 4), [3, 2, 0], 3.23.f_ct_io 
(-9, 6, 9), [3, 2, 1], 3.23.g_am_aic 
(-9, 7, 8), [3, 3, 0], 3.23.g_ak_aiu 
(-8, 5, 9), [0, 1, 1], 3.23.g_c_adg 
(-8, 6, 8), [0, 2, 0], 3.23.g_f_aee 
(-8, 7, 7), [0, 3, 3], 3.23.g_g_aem 
(-7, 4, 9), [1, 0, 1], 3.23.g_o_y 
(-7, 5, 8), [1, 1, 0], 3.23.g_s_ae 
(-7, 6, 7), [1, 2, 3], 3.23.g_u_as 
(-6, 3, 9), [2, 3, 1], 3.23.g_y_ek 
(-6, 4, 8), [2, 0, 0], 3.23.g_bd_dg 
(-6, 5, 7), [2, 1, 3], 3.23.g_bg_co 
(-5, 2, 9), [3, 2, 1], 3.23.g_bg_he 
(-6, 6, 6), [2, 2, 2], 3.23.g_bh_ci 
(-5, 3, 8), [3, 3, 0], 3.23.g_bm_ga 
(-4, 1, 9), [0, 1, 1], 3.23.g_bm_jg 
(-5, 4, 7), [3, 0, 3], 3.23.g_bq_fg 
(-5, 5, 6), [3, 1, 2], 3.23.g_bs_ew 
(-2, -1, 9), [2, 3, 1], 3.23.g_bs_li 
(-4, 2, 8), [0, 2, 0], 3.23.g_bt_ie 
(-4, 3, 7), [0, 3, 3], 3.23.g_by_hk 
(-3, 1, 8), [1, 1, 0], 3.23.g_by_js 
(-4, 4, 6), [0, 0, 2], 3.23.g_cb_gy 
(-4, 5, 5), [0, 1, 1], 3.23.g_cc_gu 
(-1, -1, 8), [3, 3, 0], 3.23.g_cc_ky 
(-3, 2, 7), [1, 2, 3], 3.23.g_ce_ja 
(-3, 3, 6), [1, 3, 2], 3.23.g_ci_io 
(-2, 1, 7), [2, 1, 3], 3.23.g_ci_kc 
(-3, 4, 5), [1, 0, 1], 3.23.g_ck_ii 
(-2, 2, 6), [2, 2, 2], 3.23.g_cn_js 
(-2, 3, 5), [2, 3, 1], 3.23.g_cq_jm 
(-1, 1, 6), [3, 1, 2], 3.23.g_cq_kk 
(-2, 4, 4), [2, 0, 0], 3.23.g_cr_jk 
(-1, 2, 5), [3, 2, 1], 3.23.g_cu_kg 
(-1, 3, 4), [3, 3, 0], 3.23.g_cw_ke 
(1, 1, 4), [1, 1, 0], 3.23.g_da_ku 
(2, 2, 2), [2, 2, 2], 3.23.g_dd_ky 
(-9, 8, 8), [3, 0, 0], 3.23.h_al_aju 
(-8, 6, 9), [0, 2, 1], 3.23.h_d_aeg 
(-8, 7, 8), [0, 3, 0], 3.23.h_f_aew 
(-7, 6, 8), [1, 2, 0], 3.23.h_t_ao 
(-6, 4, 9), [2, 0, 1], 3.23.h_bb_ec 
(-6, 5, 8), [2, 1, 0], 3.23.h_bf_de 
(-6, 6, 7), [2, 2, 3], 3.23.h_bh_cs 
(-5, 4, 8), [3, 0, 0], 3.23.h_bp_gg 
(-4, 2, 9), [0, 2, 1], 3.23.h_br_jq 
(-5, 6, 6), [3, 2, 2], 3.23.h_bt_fm 
(-4, 3, 8), [0, 3, 0], 3.23.h_bx_is 
(-4, 4, 7), [0, 0, 3], 3.23.h_cb_ic 
(-4, 5, 6), [0, 1, 2], 3.23.h_cd_hu 
(-3, 2, 8), [1, 2, 0], 3.23.h_cd_ko 
(-2, 1, 8), [2, 1, 0], 3.23.h_ch_lu 
(-3, 4, 6), [1, 0, 2], 3.23.h_cl_jq 
(-2, 2, 7), [2, 2, 3], 3.23.h_cn_li 
(-2, 3, 6), [2, 3, 2], 3.23.h_cr_la 
(-2, 4, 5), [2, 0, 1], 3.23.h_ct_kw 
(-1, 2, 6), [3, 2, 2], 3.23.h_cv_ly 
(-1, 4, 4), [3, 0, 0], 3.23.h_cz_lu 
(-9, 8, 9), [3, 0, 1], 3.23.i_am_aku 
(-8, 7, 9), [0, 3, 1], 3.23.i_e_afg 
(-8, 8, 8), [0, 0, 0], 3.23.i_f_afo 
(-7, 6, 9), [1, 2, 1], 3.23.i_s_ak 
(-7, 7, 8), [1, 3, 0], 3.23.i_u_ay 
(-6, 5, 9), [2, 1, 1], 3.23.i_be_du 
(-6, 6, 8), [2, 2, 0], 3.23.i_bh_dc 
(-6, 7, 7), [2, 3, 3], 3.23.i_bi_cw 
(-5, 4, 9), [3, 0, 1], 3.23.i_bo_hg 
(-5, 5, 8), [3, 1, 0], 3.23.i_bs_gm 
(-5, 6, 7), [3, 2, 3], 3.23.i_bu_gc 
(-4, 3, 9), [0, 3, 1], 3.23.i_bw_ka 
(-4, 4, 8), [0, 0, 0], 3.23.i_cb_jg 
(-3, 2, 9), [1, 2, 1], 3.23.i_cc_mc 
(-4, 5, 7), [0, 1, 3], 3.23.i_ce_iu 
(-4, 6, 6), [0, 2, 2], 3.23.i_cf_iq 
(-2, 1, 9), [2, 1, 1], 3.23.i_cg_nm 
(-3, 3, 8), [1, 3, 0], 3.23.i_ci_lk 
(-3, 4, 7), [1, 0, 3], 3.23.i_cm_ky 
(-2, 2, 8), [2, 2, 0], 3.23.i_cn_my 
(-3, 5, 6), [1, 1, 2], 3.23.i_co_ks 
(-1, 1, 8), [3, 1, 0], 3.23.i_cq_nw 
(-2, 3, 7), [2, 3, 3], 3.23.i_cs_mo 
(-2, 4, 6), [2, 0, 2], 3.23.i_cv_mi 
(-2, 5, 5), [2, 1, 1], 3.23.i_cw_mg 
(-1, 2, 7), [3, 2, 3], 3.23.i_cw_nq 
(-1, 3, 6), [3, 3, 2], 3.23.i_da_nm 
(-1, 4, 5), [3, 0, 1], 3.23.i_dc_nk 
(1, 1, 6), [1, 1, 2], 3.23.i_de_ok 
(1, 2, 5), [1, 2, 1], 3.23.i_di_oo 
(1, 3, 4), [1, 3, 0], 3.23.i_dk_oq 
(2, 2, 4), [2, 2, 0], 3.23.i_dl_ou 
(-8, 8, 9), [0, 0, 1], 3.23.j_f_agg 
(-7, 8, 8), [1, 0, 0], 3.23.j_v_abi 
(-6, 6, 9), [2, 2, 1], 3.23.j_bh_dm 
(-6, 7, 8), [2, 3, 0], 3.23.j_bj_da 
(-5, 6, 8), [3, 2, 0], 3.23.j_bv_gs 
(-4, 4, 9), [0, 0, 1], 3.23.j_cb_kk 
(-4, 5, 8), [0, 1, 0], 3.23.j_cf_ju 
(-4, 6, 7), [0, 2, 3], 3.23.j_ch_jm 
(-3, 4, 8), [1, 0, 0], 3.23.j_cn_mg 
(-2, 2, 9), [2, 2, 1], 3.23.j_cn_oo 
(-3, 6, 6), [1, 2, 2], 3.23.j_cr_lu 
(-2, 3, 8), [2, 3, 0], 3.23.j_ct_oc 
(-2, 4, 7), [2, 0, 3], 3.23.j_cx_nu 
(-1, 2, 8), [3, 2, 0], 3.23.j_cx_pi 
(-2, 5, 6), [2, 1, 2], 3.23.j_cz_nq 
(-1, 4, 6), [3, 0, 2], 3.23.j_df_pa 
(1, 2, 6), [1, 2, 2], 3.23.j_dl_qk 
(-8, 9, 9), [0, 1, 1], 3.23.k_g_ahg 
(-7, 8, 9), [1, 0, 1], 3.23.k_w_abs 
(-6, 7, 9), [2, 3, 1], 3.23.k_bk_de 
(-6, 8, 8), [2, 0, 0], 3.23.k_bl_cy 
(-5, 6, 9), [3, 2, 1], 3.23.k_bw_hi 
(-5, 7, 8), [3, 3, 0], 3.23.k_by_gy 
(-4, 5, 9), [0, 1, 1], 3.23.k_cg_ku 
(-4, 6, 8), [0, 2, 0], 3.23.k_cj_ki 
(-4, 7, 7), [0, 3, 3], 3.23.k_ck_ke 
(-3, 4, 9), [1, 0, 1], 3.23.k_co_no 
(-3, 5, 8), [1, 1, 0], 3.23.k_cs_nc 
(-3, 6, 7), [1, 2, 3], 3.23.k_cu_mw 
(-2, 3, 9), [2, 3, 1], 3.23.k_cu_pq 
(-1, 2, 9), [3, 2, 1], 3.23.k_cy_ra 
(-2, 4, 8), [2, 0, 0], 3.23.k_cz_pg 
(-2, 5, 7), [2, 1, 3], 3.23.k_dc_pa 
(-2, 6, 6), [2, 2, 2], 3.23.k_dd_oy 
(-1, 3, 8), [3, 3, 0], 3.23.k_de_qu 
(-1, 4, 7), [3, 0, 3], 3.23.k_di_qq 
(1, 1, 8), [1, 1, 0], 3.23.k_di_sa 
(-1, 5, 6), [3, 1, 2], 3.23.k_dk_qo 
(1, 2, 7), [1, 2, 3], 3.23.k_do_sg 
(1, 3, 6), [1, 3, 2], 3.23.k_ds_sk 
(2, 2, 6), [2, 2, 2], 3.23.k_dt_sq 
(1, 4, 5), [1, 0, 1], 3.23.k_du_sm 
(2, 3, 5), [2, 3, 1], 3.23.k_dw_sw 
(-6, 8, 9), [2, 0, 1], 3.23.l_bn_cw 
(-5, 8, 8), [3, 0, 0], 3.23.l_cb_he 
(-4, 6, 9), [0, 2, 1], 3.23.l_cl_le 
(-4, 7, 8), [0, 3, 0], 3.23.l_cn_kw 
(-3, 6, 8), [1, 2, 0], 3.23.l_cx_ny 
(-2, 4, 9), [2, 0, 1], 3.23.l_db_qs 
(-2, 5, 8), [2, 1, 0], 3.23.l_df_qk 
(-2, 6, 7), [2, 2, 3], 3.23.l_dh_qg 
(-1, 4, 8), [3, 0, 0], 3.23.l_dl_sg 
(-1, 6, 6), [3, 2, 2], 3.23.l_dp_sc 
(1, 2, 8), [1, 2, 0], 3.23.l_dr_uc 
(2, 2, 7), [2, 2, 3], 3.23.l_dx_uo 
(1, 4, 6), [1, 0, 2], 3.23.l_dz_uk 
(-6, 9, 9), [2, 1, 1], 3.23.m_bq_co 
(-5, 8, 9), [3, 0, 1], 3.23.m_ce_hk 
(-4, 7, 9), [0, 3, 1], 3.23.m_cq_lo 
(-4, 8, 8), [0, 0, 0], 3.23.m_cr_lk 
(-3, 6, 9), [1, 2, 1], 3.23.m_da_pa 
(-3, 7, 8), [1, 3, 0], 3.23.m_dc_ou 
(-2, 5, 9), [2, 1, 1], 3.23.m_di_ru 
(-2, 6, 8), [2, 2, 0], 3.23.m_dl_ro 
(-2, 7, 7), [2, 3, 3], 3.23.m_dm_rm 
(-1, 4, 9), [3, 0, 1], 3.23.m_do_tw 
(-1, 5, 8), [3, 1, 0], 3.23.m_ds_ts 
(-1, 6, 7), [3, 2, 3], 3.23.m_du_tq 
(1, 2, 9), [1, 2, 1], 3.23.m_du_vy 
(1, 3, 8), [1, 3, 0], 3.23.m_ea_we 
(2, 2, 8), [2, 2, 0], 3.23.m_eb_wm 
(1, 4, 7), [1, 0, 3], 3.23.m_ee_wi 
(1, 5, 6), [1, 1, 2], 3.23.m_eg_wk 
(2, 3, 7), [2, 3, 3], 3.23.m_eg_ww 
(2, 4, 6), [2, 0, 2], 3.23.m_ej_xc 
(2, 5, 5), [2, 1, 1], 3.23.m_ek_xe 
(3, 3, 6), [3, 3, 2], 3.23.m_ek_xi 
(4, 4, 4), [0, 0, 0], 3.23.m_en_xs 
(-4, 8, 9), [0, 0, 1], 3.23.n_cv_ly 
(-3, 8, 8), [1, 0, 0], 3.23.n_dh_pq 
(-2, 6, 9), [2, 2, 1], 3.23.n_dp_sw 
(-2, 7, 8), [2, 3, 0], 3.23.n_dr_ss 
(-1, 6, 8), [3, 2, 0], 3.23.n_dz_ve 
(2, 2, 9), [2, 2, 1], 3.23.n_ef_yk 
(1, 4, 8), [1, 0, 0], 3.23.n_ej_yg 
(2, 3, 8), [2, 3, 0], 3.23.n_el_yw 
(1, 6, 6), [1, 2, 2], 3.23.n_en_yk 
(2, 4, 7), [2, 0, 3], 3.23.n_ep_ze 
(-4, 9, 9), [0, 1, 1], 3.23.o_da_mi 
(-3, 8, 9), [1, 0, 1], 3.23.o_dm_qm 
(-2, 7, 9), [2, 3, 1], 3.23.o_dw_ty 
(-2, 8, 8), [2, 0, 0], 3.23.o_dx_tw 
(-1, 6, 9), [3, 2, 1], 3.23.o_ee_ws 
(-1, 7, 8), [3, 3, 0], 3.23.o_eg_wq 
(1, 4, 9), [1, 0, 1], 3.23.o_eo_bae 
(2, 3, 9), [2, 3, 1], 3.23.o_eq_baw 
(1, 5, 8), [1, 1, 0], 3.23.o_es_bai 
(1, 6, 7), [1, 2, 3], 3.23.o_eu_bak 
(2, 4, 8), [2, 0, 0], 3.23.o_ev_bbg 
(3, 3, 8), [3, 3, 0], 3.23.o_ew_bbo 
(2, 5, 7), [2, 1, 3], 3.23.o_ey_bbm 
(2, 6, 6), [2, 2, 2], 3.23.o_ez_bbo 
(3, 4, 7), [3, 0, 3], 3.23.o_fa_bca 
(-2, 8, 9), [2, 0, 1], 3.23.p_ed_va 
(-1, 8, 8), [3, 0, 0], 3.23.p_en_yc 
(1, 6, 8), [1, 2, 0], 3.23.p_fb_bck 
(2, 4, 9), [2, 0, 1], 3.23.p_fb_bdi 
(2, 5, 8), [2, 1, 0], 3.23.p_ff_bdq 
(2, 6, 7), [2, 2, 3], 3.23.p_fh_bdu 
(3, 4, 8), [3, 0, 0], 3.23.p_fh_beg 
(-2, 9, 9), [2, 1, 1], 3.23.q_ek_wc 
(-1, 8, 9), [3, 0, 1], 3.23.q_eu_zo 
(1, 6, 9), [1, 2, 1], 3.23.q_fi_bek 
(1, 7, 8), [1, 3, 0], 3.23.q_fk_bem 
(2, 5, 9), [2, 1, 1], 3.23.q_fm_bfu 
(3, 4, 9), [3, 0, 1], 3.23.q_fo_bgm 
(2, 6, 8), [2, 2, 0], 3.23.q_fp_bga 
(2, 7, 7), [2, 3, 3], 3.23.q_fq_bgc 
(3, 5, 8), [3, 1, 0], 3.23.q_fs_bgy 
(4, 4, 8), [0, 0, 0], 3.23.q_ft_bhg 
(3, 6, 7), [3, 2, 3], 3.23.q_fu_bhe 
(4, 5, 7), [0, 1, 3], 3.23.q_fw_bhs 
(4, 6, 6), [0, 2, 2], 3.23.q_fx_bhw 
(1, 8, 8), [1, 0, 0], 3.23.r_ft_bgo 
(2, 6, 9), [2, 2, 1], 3.23.r_fx_big 
(2, 7, 8), [2, 3, 0], 3.23.r_fz_bik 
(4, 4, 9), [0, 0, 1], 3.23.r_gb_bjq 
(3, 6, 8), [3, 2, 0], 3.23.r_gd_bjq 
(1, 8, 9), [1, 0, 1], 3.23.s_gc_biq 
(2, 7, 9), [2, 3, 1], 3.23.s_gi_bks 
(2, 8, 8), [2, 0, 0], 3.23.s_gj_bku 
(3, 6, 9), [3, 2, 1], 3.23.s_gm_bmc 
(3, 7, 8), [3, 3, 0], 3.23.s_go_bmi 
(4, 5, 9), [0, 1, 1], 3.23.s_go_bmu 
(4, 6, 8), [0, 2, 0], 3.23.s_gr_bng 
(4, 7, 7), [0, 3, 3], 3.23.s_gs_bnk 
(5, 5, 8), [1, 1, 0], 3.23.s_gs_bno 
(6, 6, 6), [2, 2, 2], 3.23.s_gv_boe 
(2, 8, 9), [2, 0, 1], 3.23.t_gt_bne 
(3, 8, 8), [3, 0, 0], 3.23.t_gz_bpa 
(4, 6, 9), [0, 2, 1], 3.23.t_hb_bpy 
(2, 9, 9), [2, 1, 1], 3.23.u_he_bpq 
(3, 8, 9), [3, 0, 1], 3.23.u_hk_brs 
(4, 7, 9), [0, 3, 1], 3.23.u_ho_btc 
(4, 8, 8), [0, 0, 0], 3.23.u_hp_btg 
(5, 6, 9), [1, 2, 1], 3.23.u_hq_btu 
(5, 7, 8), [1, 3, 0], 3.23.u_hs_bue 
(6, 6, 8), [2, 2, 0], 3.23.u_ht_bum 
(4, 9, 9), [0, 1, 1], 3.23.w_io_bzk 
(8, 8, 8), [0, 0, 0], 3.23.y_kb_cke 
