(-5, -5, 2), [2, 2, 2], 3.7.ai_ba_ack 
(-5, -4, 1), [2, 3, 1], 3.7.ai_bg_ado 
(-5, -2, -1), [2, 5, 6], 3.7.ai_bm_aes 
(-4, -3, -1), [3, 4, 6], 3.7.ai_bo_aeu 
(-4, -2, -2), [3, 5, 5], 3.7.ai_bp_aey 
(-5, -4, 2), [2, 3, 2], 3.7.ah_x_acg 
(-4, -4, 1), [3, 3, 1], 3.7.ah_bd_ade 
(-5, -4, 3), [2, 3, 3], 3.7.ag_o_ay 
(-5, -3, 2), [2, 4, 2], 3.7.ag_u_acc 
(-4, -4, 2), [3, 3, 2], 3.7.ag_v_aca 
(-5, -2, 1), [2, 5, 1], 3.7.ag_y_acw 
(-4, -3, 1), [3, 4, 1], 3.7.ag_ba_acu 
(-4, -1, -1), [3, 6, 6], 3.7.ag_be_adk 
(-2, -2, -2), [5, 5, 5], 3.7.ag_bh_ado 
(-5, -4, 4), [2, 3, 4], 3.7.af_f_k 
(-4, -4, 3), [3, 3, 3], 3.7.af_n_aw 
(-5, -2, 2), [2, 5, 2], 3.7.af_r_aby 
(-4, -3, 2), [3, 4, 2], 3.7.af_t_abu 
(-4, -2, 1), [3, 5, 1], 3.7.af_x_ack 
(-5, -4, 5), [2, 3, 5], 3.7.ae_ae_bs 
(-5, -3, 4), [2, 4, 4], 3.7.ae_e_e 
(-4, -4, 4), [3, 3, 4], 3.7.ae_f_i 
(-5, -2, 3), [2, 5, 3], 3.7.ae_k_aba 
(-4, -3, 3), [3, 4, 3], 3.7.ae_m_au 
(-5, -1, 2), [2, 6, 2], 3.7.ae_o_abu 
(-4, -2, 2), [3, 5, 2], 3.7.ae_r_abo 
(-3, -3, 2), [4, 4, 2], 3.7.ae_s_abm 
(-4, -1, 1), [3, 6, 1], 3.7.ae_u_aca 
(-3, -2, 1), [4, 5, 1], 3.7.ae_w_aby 
(-4, -4, 5), [3, 3, 5], 3.7.ad_ad_bm 
(-5, -2, 4), [2, 5, 4], 3.7.ad_d_ac 
(-4, -3, 4), [3, 4, 4], 3.7.ad_f_g 
(-4, -2, 3), [3, 5, 3], 3.7.ad_l_as 
(-4, -1, 2), [3, 6, 2], 3.7.ad_p_abi 
(-3, -2, 2), [4, 5, 2], 3.7.ad_r_abe 
(-5, -2, 5), [2, 5, 5], 3.7.ac_ae_w 
(-4, -3, 5), [3, 4, 5], 3.7.ac_ac_bg 
(-5, -1, 4), [2, 6, 4], 3.7.ac_c_ai 
(-4, -2, 4), [3, 5, 4], 3.7.ac_f_e 
(-3, -3, 4), [4, 4, 4], 3.7.ac_g_i 
(-5, 1, 2), [2, 1, 2], 3.7.ac_i_abm 
(-4, -1, 3), [3, 6, 3], 3.7.ac_k_aq 
(-3, -2, 3), [4, 5, 3], 3.7.ac_m_ak 
(-4, 1, 1), [3, 1, 1], 3.7.ac_o_abg 
(-3, -1, 2), [4, 6, 2], 3.7.ac_q_aw 
(-2, -2, 2), [5, 5, 2], 3.7.ac_r_au 
(-2, -1, 1), [5, 6, 1], 3.7.ac_u_aba 
(-4, -2, 5), [3, 5, 5], 3.7.ab_ab_ba 
(-5, 2, 2), [2, 2, 2], 3.7.ab_f_abi 
(-4, -1, 4), [3, 6, 4], 3.7.ab_f_c 
(-3, -2, 4), [4, 5, 4], 3.7.ab_h_k 
(-4, 1, 2), [3, 1, 2], 3.7.ab_l_aw 
(-2, -2, 3), [5, 5, 3], 3.7.ab_n_ac 
(-5, 1, 4), [2, 1, 4], 3.7.a_a_au 
(-4, -1, 5), [3, 6, 5], 3.7.a_a_u 
(-5, 2, 3), [2, 2, 3], 3.7.a_c_abe 
(-3, -2, 5), [4, 5, 5], 3.7.a_c_be 
(-4, 1, 3), [3, 1, 3], 3.7.a_i_am 
(-3, -1, 4), [4, 6, 4], 3.7.a_i_m 
(-4, 2, 2), [3, 2, 2], 3.7.a_j_aq 
(-2, -2, 4), [5, 5, 4], 3.7.a_j_q 
(-3, 1, 2), [4, 1, 2], 3.7.a_o_ag 
(-2, -1, 3), [5, 6, 3], 3.7.a_o_g 
(-2, 1, 1), [5, 1, 1], 3.7.a_s_ac 
(-1, -1, 2), [6, 6, 2], 3.7.a_s_c 
(-5, 2, 4), [2, 2, 4], 3.7.b_ab_aba 
(-4, 1, 4), [3, 1, 4], 3.7.b_f_ac 
(-2, -2, 5), [5, 5, 5], 3.7.b_f_bi 
(-4, 2, 3), [3, 2, 3], 3.7.b_h_ak 
(-2, -1, 4), [5, 6, 4], 3.7.b_l_w 
(-3, 2, 2), [4, 2, 2], 3.7.b_n_c 
(-5, 2, 5), [2, 2, 5], 3.7.c_ae_aw 
(-5, 3, 4), [2, 3, 4], 3.7.c_ac_abg 
(-4, 1, 5), [3, 1, 5], 3.7.c_c_i 
(-4, 2, 4), [3, 2, 4], 3.7.c_f_ae 
(-4, 3, 3), [3, 3, 3], 3.7.c_g_ai 
(-2, -1, 5), [5, 6, 5], 3.7.c_i_bm 
(-3, 1, 4), [4, 1, 4], 3.7.c_k_q 
(-3, 2, 3), [4, 2, 3], 3.7.c_m_k 
(-1, -1, 4), [6, 6, 4], 3.7.c_o_bg 
(-2, 1, 3), [5, 1, 3], 3.7.c_q_w 
(-2, 2, 2), [5, 2, 2], 3.7.c_r_u 
(-1, 1, 2), [6, 1, 2], 3.7.c_u_ba 
(-5, 4, 4), [2, 4, 4], 3.7.d_ad_abm 
(-4, 2, 5), [3, 2, 5], 3.7.d_d_c 
(-4, 3, 4), [3, 3, 4], 3.7.d_f_ag 
(-3, 2, 4), [4, 2, 4], 3.7.d_l_s 
(-2, 1, 4), [5, 1, 4], 3.7.d_p_bi 
(-2, 2, 3), [5, 2, 3], 3.7.d_r_be 
(-5, 4, 5), [2, 4, 5], 3.7.e_ae_abs 
(-4, 3, 5), [3, 3, 5], 3.7.e_e_ae 
(-4, 4, 4), [3, 4, 4], 3.7.e_f_ai 
(-3, 2, 5), [4, 2, 5], 3.7.e_k_ba 
(-3, 3, 4), [4, 3, 4], 3.7.e_m_u 
(-2, 1, 5), [5, 1, 5], 3.7.e_o_bu 
(-2, 2, 4), [5, 2, 4], 3.7.e_r_bo 
(-2, 3, 3), [5, 3, 3], 3.7.e_s_bm 
(-1, 1, 4), [6, 1, 4], 3.7.e_u_ca 
(-1, 2, 3), [6, 2, 3], 3.7.e_w_by 
(-4, 4, 5), [3, 4, 5], 3.7.f_f_ak 
(-3, 4, 4), [4, 4, 4], 3.7.f_n_w 
(-2, 2, 5), [5, 2, 5], 3.7.f_r_by 
(-2, 3, 4), [5, 3, 4], 3.7.f_t_bu 
(-1, 2, 4), [6, 2, 4], 3.7.f_x_ck 
(-3, 4, 5), [4, 4, 5], 3.7.g_o_y 
(-2, 3, 5), [5, 3, 5], 3.7.g_u_cc 
(-2, 4, 4), [5, 4, 4], 3.7.g_v_ca 
(-1, 2, 5), [6, 2, 5], 3.7.g_y_cw 
(-1, 3, 4), [6, 3, 4], 3.7.g_ba_cu 
(1, 1, 4), [1, 1, 4], 3.7.g_be_dk 
(2, 2, 2), [2, 2, 2], 3.7.g_bh_do 
(-2, 4, 5), [5, 4, 5], 3.7.h_x_cg 
(-1, 4, 4), [6, 4, 4], 3.7.h_bd_de 
(-2, 5, 5), [5, 5, 5], 3.7.i_ba_ck 
(-1, 4, 5), [6, 4, 5], 3.7.i_bg_do 
(1, 2, 5), [1, 2, 5], 3.7.i_bm_es 
(1, 3, 4), [1, 3, 4], 3.7.i_bo_eu 
(2, 2, 4), [2, 2, 4], 3.7.i_bp_ey 
