(-8, -15, 93), [1, -23, 232, -1314, 4408, -8303, 6859], 3.19.ax_iy_abyo 
(-8, -14, 85), [1, -22, 216, -1212, 4104, -7942, 6859], 3.19.aw_ii_abuq 
(-7, -15, 93), [1, -22, 217, -1221, 4123, -7942, 6859], 3.19.aw_ij_abuz 
(-8, -13, 77), [1, -21, 200, -1110, 3800, -7581, 6859], 3.19.av_hs_abqs 
(-6, -15, 93), [1, -21, 202, -1128, 3838, -7581, 6859], 3.19.av_hu_abrk 
(-8, -13, 79), [1, -21, 202, -1126, 3838, -7581, 6859], 3.19.av_hu_abri 
(-8, -12, 67), [1, -20, 182, -992, 3458, -7220, 6859], 3.19.au_ha_abme 
(-8, -12, 68), [1, -20, 183, -1000, 3477, -7220, 6859], 3.19.au_hb_abmm 
(-8, -12, 69), [1, -20, 184, -1008, 3496, -7220, 6859], 3.19.au_hc_abmu 
(-8, -12, 71), [1, -20, 186, -1024, 3534, -7220, 6859], 3.19.au_he_abnk 
(-5, -15, 93), [1, -20, 187, -1035, 3553, -7220, 6859], 3.19.au_hf_abnv 
(-7, -13, 77), [1, -20, 187, -1033, 3553, -7220, 6859], 3.19.au_hf_abnt 
(-6, -14, 85), [1, -20, 188, -1042, 3572, -7220, 6859], 3.19.au_hg_aboc 
(-7, -13, 79), [1, -20, 189, -1047, 3591, -7220, 6859], 3.19.au_hh_aboh 
(-8, -11, 58), [1, -19, 165, -882, 3135, -6859, 6859], 3.19.at_gj_abhy 
(-8, -11, 59), [1, -19, 166, -890, 3154, -6859, 6859], 3.19.at_gk_abig 
(-8, -11, 60), [1, -19, 167, -898, 3173, -6859, 6859], 3.19.at_gl_abio 
(-8, -11, 61), [1, -19, 168, -906, 3192, -6859, 6859], 3.19.at_gm_abiw 
(-8, -11, 63), [1, -19, 170, -922, 3230, -6859, 6859], 3.19.at_go_abjm 
(-7, -12, 68), [1, -19, 171, -932, 3249, -6859, 6859], 3.19.at_gp_abjw 
(-8, -11, 64), [1, -19, 171, -930, 3249, -6859, 6859], 3.19.at_gp_abju 
(-4, -15, 93), [1, -19, 172, -942, 3268, -6859, 6859], 3.19.at_gq_abkg 
(-8, -11, 65), [1, -19, 172, -938, 3268, -6859, 6859], 3.19.at_gq_abkc 
(-6, -13, 77), [1, -19, 174, -956, 3306, -6859, 6859], 3.19.at_gs_abku 
(-8, -11, 67), [1, -19, 174, -954, 3306, -6859, 6859], 3.19.at_gs_abks 
(-7, -12, 72), [1, -19, 175, -960, 3325, -6859, 6859], 3.19.at_gt_abky 
(-6, -13, 79), [1, -19, 176, -968, 3344, -6859, 6859], 3.19.at_gu_ablg 
(-8, -10, 53), [1, -18, 152, -804, 2888, -6498, 6859], 3.19.as_fw_abey 
(-8, -10, 55), [1, -18, 154, -820, 2926, -6498, 6859], 3.19.as_fy_abfo 
(-8, -10, 56), [1, -18, 155, -828, 2945, -6498, 6859], 3.19.as_fz_abfw 
(-7, -11, 60), [1, -18, 156, -838, 2964, -6498, 6859], 3.19.as_ga_abgg 
(-3, -15, 93), [1, -18, 157, -849, 2983, -6498, 6859], 3.19.as_gb_abgr 
(-7, -11, 61), [1, -18, 157, -845, 2983, -6498, 6859], 3.19.as_gb_abgn 
(-6, -12, 67), [1, -18, 158, -858, 3002, -6498, 6859], 3.19.as_gc_abha 
(-7, -11, 63), [1, -18, 159, -859, 3021, -6498, 6859], 3.19.as_gd_abhb 
(-6, -12, 69), [1, -18, 160, -870, 3040, -6498, 6859], 3.19.as_ge_abhm 
(-8, -10, 61), [1, -18, 160, -868, 3040, -6498, 6859], 3.19.as_ge_abhk 
(-7, -11, 64), [1, -18, 160, -866, 3040, -6498, 6859], 3.19.as_ge_abhi 
(-5, -13, 77), [1, -18, 161, -879, 3059, -6498, 6859], 3.19.as_gf_abhv 
(-7, -11, 65), [1, -18, 161, -873, 3059, -6498, 6859], 3.19.as_gf_abhp 
(-6, -12, 71), [1, -18, 162, -882, 3078, -6498, 6859], 3.19.as_gg_abhy 
(-5, -13, 79), [1, -18, 163, -889, 3097, -6498, 6859], 3.19.as_gh_abif 
(-6, -12, 72), [1, -18, 163, -888, 3097, -6498, 6859], 3.19.as_gh_abie 
(-7, -11, 67), [1, -18, 163, -887, 3097, -6498, 6859], 3.19.as_gh_abid 
(-8, -9, 41), [1, -17, 132, -670, 2508, -6137, 6859], 3.19.ar_fc_azu 
(-8, -9, 42), [1, -17, 133, -678, 2527, -6137, 6859], 3.19.ar_fd_abac 
(-8, -9, 43), [1, -17, 134, -686, 2546, -6137, 6859], 3.19.ar_fe_abak 
(-8, -9, 44), [1, -17, 135, -694, 2565, -6137, 6859], 3.19.ar_ff_abas 
(-8, -9, 45), [1, -17, 136, -702, 2584, -6137, 6859], 3.19.ar_fg_abba 
(-8, -9, 47), [1, -17, 138, -718, 2622, -6137, 6859], 3.19.ar_fi_abbq 
(-7, -10, 50), [1, -17, 139, -730, 2641, -6137, 6859], 3.19.ar_fj_abcc 
(-8, -9, 48), [1, -17, 139, -726, 2641, -6137, 6859], 3.19.ar_fj_abby 
(-8, -9, 49), [1, -17, 140, -734, 2660, -6137, 6859], 3.19.ar_fk_abcg 
(-7, -10, 52), [1, -17, 141, -744, 2679, -6137, 6859], 3.19.ar_fl_abcq 
(-8, -9, 50), [1, -17, 141, -742, 2679, -6137, 6859], 3.19.ar_fl_abco 
(-8, -9, 51), [1, -17, 142, -750, 2698, -6137, 6859], 3.19.ar_fm_abcw 
(-6, -11, 58), [1, -17, 143, -766, 2717, -6137, 6859], 3.19.ar_fn_abdm 
(-6, -11, 59), [1, -17, 144, -772, 2736, -6137, 6859], 3.19.ar_fo_abds 
(-7, -10, 56), [1, -17, 145, -772, 2755, -6137, 6859], 3.19.ar_fp_abds 
(-7, -10, 58), [1, -17, 147, -786, 2793, -6137, 6859], 3.19.ar_fr_abeg 
(-4, -13, 77), [1, -17, 148, -802, 2812, -6137, 6859], 3.19.ar_fs_abew 
(-6, -11, 64), [1, -17, 149, -802, 2831, -6137, 6859], 3.19.ar_ft_abew 
(-7, -10, 60), [1, -17, 149, -800, 2831, -6137, 6859], 3.19.ar_ft_abeu 
(-4, -13, 79), [1, -17, 150, -810, 2850, -6137, 6859], 3.19.ar_fu_abfe 
(-6, -11, 65), [1, -17, 150, -808, 2850, -6137, 6859], 3.19.ar_fu_abfc 
(-5, -12, 72), [1, -17, 151, -816, 2869, -6137, 6859], 3.19.ar_fv_abfk 
(-6, -11, 67), [1, -17, 152, -820, 2888, -6137, 6859], 3.19.ar_fw_abfo 
(-8, -8, 35), [1, -16, 118, -584, 2242, -5776, 6859], 3.19.aq_eo_awm 
(-8, -8, 37), [1, -16, 120, -600, 2280, -5776, 6859], 3.19.aq_eq_axc 
(-8, -8, 39), [1, -16, 122, -616, 2318, -5776, 6859], 3.19.aq_es_axs 
(-8, -8, 41), [1, -16, 124, -632, 2356, -5776, 6859], 3.19.aq_eu_ayi 
(-6, -10, 51), [1, -16, 130, -686, 2470, -5776, 6859], 3.19.aq_fa_abak 
(-7, -9, 49), [1, -16, 131, -685, 2489, -5776, 6859], 3.19.aq_fb_abaj 
(-7, -9, 51), [1, -16, 133, -699, 2527, -5776, 6859], 3.19.aq_fd_abax 
(-8, -8, 51), [1, -16, 134, -712, 2546, -5776, 6859], 3.19.aq_fe_abbk 
(-6, -10, 55), [1, -16, 134, -710, 2546, -5776, 6859], 3.19.aq_fe_abbi 
(-4, -12, 68), [1, -16, 135, -728, 2565, -5776, 6859], 3.19.aq_ff_abca 
(-3, -13, 77), [1, -16, 135, -725, 2565, -5776, 6859], 3.19.aq_ff_abbx 
(-7, -9, 53), [1, -16, 135, -713, 2565, -5776, 6859], 3.19.aq_ff_abbl 
(-4, -12, 69), [1, -16, 136, -732, 2584, -5776, 6859], 3.19.aq_fg_abce 
(-7, -9, 55), [1, -16, 137, -727, 2603, -5776, 6859], 3.19.aq_fh_abbz 
(-4, -12, 71), [1, -16, 138, -740, 2622, -5776, 6859], 3.19.aq_fi_abcm 
(-5, -11, 65), [1, -16, 139, -743, 2641, -5776, 6859], 3.19.aq_fj_abcp 
(-6, -10, 60), [1, -16, 139, -740, 2641, -5776, 6859], 3.19.aq_fj_abcm 
(-6, -10, 61), [1, -16, 140, -746, 2660, -5776, 6859], 3.19.aq_fk_abcs 
(-5, -11, 67), [1, -16, 141, -753, 2679, -5776, 6859], 3.19.aq_fl_abcz 
(-8, -7, 26), [1, -15, 101, -474, 1919, -5415, 6859], 3.19.ap_dx_asg 
(-8, -7, 27), [1, -15, 102, -482, 1938, -5415, 6859], 3.19.ap_dy_aso 
(-8, -7, 28), [1, -15, 103, -490, 1957, -5415, 6859], 3.19.ap_dz_asw 
(-8, -7, 29), [1, -15, 104, -498, 1976, -5415, 6859], 3.19.ap_ea_ate 
(-8, -7, 31), [1, -15, 106, -514, 2014, -5415, 6859], 3.19.ap_ec_atu 
(-8, -7, 32), [1, -15, 107, -522, 2033, -5415, 6859], 3.19.ap_ed_auc 
(-8, -7, 33), [1, -15, 108, -530, 2052, -5415, 6859], 3.19.ap_ee_auk 
(-8, -7, 34), [1, -15, 109, -538, 2071, -5415, 6859], 3.19.ap_ef_aus 
(-7, -8, 42), [1, -15, 117, -598, 2223, -5415, 6859], 3.19.ap_en_axa 
(-7, -8, 44), [1, -15, 119, -612, 2261, -5415, 6859], 3.19.ap_ep_axo 
(-4, -11, 58), [1, -15, 121, -650, 2299, -5415, 6859], 3.19.ap_er_aza 
(-7, -8, 46), [1, -15, 121, -626, 2299, -5415, 6859], 3.19.ap_er_ayc 
(-2, -13, 77), [1, -15, 122, -648, 2318, -5415, 6859], 3.19.ap_es_ayy 
(-3, -12, 68), [1, -15, 123, -660, 2337, -5415, 6859], 3.19.ap_et_azk 
(-7, -8, 48), [1, -15, 123, -640, 2337, -5415, 6859], 3.19.ap_et_ayq 
(-4, -11, 63), [1, -15, 126, -670, 2394, -5415, 6859], 3.19.ap_ew_azu 
(-6, -9, 53), [1, -15, 126, -660, 2394, -5415, 6859], 3.19.ap_ew_azk 
(-4, -11, 64), [1, -15, 127, -674, 2413, -5415, 6859], 3.19.ap_ex_azy 
(-6, -9, 54), [1, -15, 127, -666, 2413, -5415, 6859], 3.19.ap_ex_azq 
(-4, -11, 65), [1, -15, 128, -678, 2432, -5415, 6859], 3.19.ap_ey_abac 
(-6, -9, 55), [1, -15, 128, -672, 2432, -5415, 6859], 3.19.ap_ey_azw 
(-5, -10, 60), [1, -15, 129, -680, 2451, -5415, 6859], 3.19.ap_ez_abae 
(-4, -11, 67), [1, -15, 130, -686, 2470, -5415, 6859], 3.19.ap_fa_abak 
(-8, -6, 17), [1, -14, 84, -364, 1596, -5054, 6859], 3.19.ao_dg_aoa 
(-8, -6, 21), [1, -14, 88, -396, 1672, -5054, 6859], 3.19.ao_dk_apg 
(-8, -6, 23), [1, -14, 90, -412, 1710, -5054, 6859], 3.19.ao_dm_apw 
(-8, -6, 25), [1, -14, 92, -428, 1748, -5054, 6859], 3.19.ao_do_aqm 
(-7, -7, 35), [1, -14, 103, -511, 1957, -5054, 6859], 3.19.ao_dz_atr 
(-7, -7, 37), [1, -14, 105, -525, 1995, -5054, 6859], 3.19.ao_eb_auf 
(-6, -8, 39), [1, -14, 106, -538, 2014, -5054, 6859], 3.19.ao_ec_aus 
(-7, -7, 39), [1, -14, 107, -539, 2033, -5054, 6859], 3.19.ao_ed_aut 
(-7, -7, 41), [1, -14, 109, -553, 2071, -5054, 6859], 3.19.ao_ef_avh 
(-2, -12, 67), [1, -14, 110, -590, 2090, -5054, 6859], 3.19.ao_eg_aws 
(-3, -11, 59), [1, -14, 111, -595, 2109, -5054, 6859], 3.19.ao_eh_awx 
(-3, -11, 61), [1, -14, 113, -601, 2147, -5054, 6859], 3.19.ao_ej_axd 
(-6, -8, 47), [1, -14, 114, -586, 2166, -5054, 6859], 3.19.ao_ek_awo 
(-3, -11, 63), [1, -14, 115, -607, 2185, -5054, 6859], 3.19.ao_el_axj 
(-3, -11, 64), [1, -14, 116, -610, 2204, -5054, 6859], 3.19.ao_em_axm 
(-6, -8, 49), [1, -14, 116, -598, 2204, -5054, 6859], 3.19.ao_em_axa 
(-3, -11, 65), [1, -14, 117, -613, 2223, -5054, 6859], 3.19.ao_en_axp 
(-6, -8, 51), [1, -14, 118, -610, 2242, -5054, 6859], 3.19.ao_eo_axm 
(-3, -11, 67), [1, -14, 119, -619, 2261, -5054, 6859], 3.19.ao_ep_axv 
(-5, -9, 55), [1, -14, 119, -617, 2261, -5054, 6859], 3.19.ao_ep_axt 
(-4, -10, 61), [1, -14, 120, -624, 2280, -5054, 6859], 3.19.ao_eq_aya 
(-8, -5, 11), [1, -13, 70, -278, 1330, -4693, 6859], 3.19.an_cs_aks 
(-8, -5, 12), [1, -13, 71, -286, 1349, -4693, 6859], 3.19.an_ct_ala 
(-8, -5, 13), [1, -13, 72, -294, 1368, -4693, 6859], 3.19.an_cu_ali 
(-8, -5, 15), [1, -13, 74, -310, 1406, -4693, 6859], 3.19.an_cw_aly 
(-8, -5, 16), [1, -13, 75, -318, 1425, -4693, 6859], 3.19.an_cx_amg 
(-8, -5, 17), [1, -13, 76, -326, 1444, -4693, 6859], 3.19.an_cy_amo 
(-8, -5, 23), [1, -13, 82, -374, 1558, -4693, 6859], 3.19.an_de_aok 
(-7, -6, 28), [1, -13, 89, -424, 1691, -4693, 6859], 3.19.an_dl_aqi 
(-7, -6, 30), [1, -13, 91, -438, 1729, -4693, 6859], 3.19.an_dn_aqw 
(-7, -6, 32), [1, -13, 93, -452, 1767, -4693, 6859], 3.19.an_dp_ark 
(-7, -6, 34), [1, -13, 95, -466, 1805, -4693, 6859], 3.19.an_dr_ary 
(-4, -9, 41), [1, -13, 96, -506, 1824, -4693, 6859], 3.19.an_ds_atm 
(-2, -11, 58), [1, -13, 99, -534, 1881, -4693, 6859], 3.19.an_dv_auo 
(-3, -10, 50), [1, -13, 99, -530, 1881, -4693, 6859], 3.19.an_dv_auk 
(-2, -11, 59), [1, -13, 100, -536, 1900, -4693, 6859], 3.19.an_dw_auq 
(-2, -11, 60), [1, -13, 101, -538, 1919, -4693, 6859], 3.19.an_dx_aus 
(-6, -7, 40), [1, -13, 101, -506, 1919, -4693, 6859], 3.19.an_dx_atm 
(-6, -7, 41), [1, -13, 102, -512, 1938, -4693, 6859], 3.19.an_dy_ats 
(-6, -7, 42), [1, -13, 103, -518, 1957, -4693, 6859], 3.19.an_dz_aty 
(-6, -7, 43), [1, -13, 104, -524, 1976, -4693, 6859], 3.19.an_ea_aue 
(-3, -10, 56), [1, -13, 105, -548, 1995, -4693, 6859], 3.19.an_eb_avc 
(-6, -7, 45), [1, -13, 106, -536, 2014, -4693, 6859], 3.19.an_ec_auq 
(-3, -10, 58), [1, -13, 107, -554, 2033, -4693, 6859], 3.19.an_ed_avi 
(-6, -7, 46), [1, -13, 107, -542, 2033, -4693, 6859], 3.19.an_ed_auw 
(-6, -7, 47), [1, -13, 108, -548, 2052, -4693, 6859], 3.19.an_ee_avc 
(-3, -10, 60), [1, -13, 109, -560, 2071, -4693, 6859], 3.19.an_ef_avo 
(-4, -9, 55), [1, -13, 110, -562, 2090, -4693, 6859], 3.19.an_eg_avq 
(-5, -8, 52), [1, -13, 111, -564, 2109, -4693, 6859], 3.19.an_eh_avs 
(-8, -4, 5), [1, -12, 56, -192, 1064, -4332, 6859], 3.19.am_ce_ahk 
(-8, -4, 7), [1, -12, 58, -208, 1102, -4332, 6859], 3.19.am_cg_aia 
(-7, -5, 21), [1, -12, 75, -337, 1425, -4332, 6859], 3.19.am_cx_amz 
(-7, -5, 23), [1, -12, 77, -351, 1463, -4332, 6859], 3.19.am_cz_ann 
(-7, -5, 25), [1, -12, 79, -365, 1501, -4332, 6859], 3.19.am_db_aob 
(-7, -5, 27), [1, -12, 81, -379, 1539, -4332, 6859], 3.19.am_dd_aop 
(-2, -10, 53), [1, -12, 92, -486, 1748, -4332, 6859], 3.19.am_do_ass 
(-6, -6, 37), [1, -12, 92, -450, 1748, -4332, 6859], 3.19.am_do_ari 
(-2, -10, 55), [1, -12, 94, -490, 1786, -4332, 6859], 3.19.am_dq_asw 
(-6, -6, 39), [1, -12, 94, -462, 1786, -4332, 6859], 3.19.am_dq_aru 
(-3, -9, 53), [1, -12, 99, -501, 1881, -4332, 6859], 3.19.am_dv_ath 
(-5, -7, 45), [1, -12, 99, -491, 1881, -4332, 6859], 3.19.am_dv_asx 
(-3, -9, 55), [1, -12, 101, -507, 1919, -4332, 6859], 3.19.am_dx_atn 
(-5, -7, 47), [1, -12, 101, -501, 1919, -4332, 6859], 3.19.am_dx_ath 
(-5, -7, 49), [1, -12, 103, -511, 1957, -4332, 6859], 3.19.am_dz_atr 
(-8, -3, -6), [1, -11, 37, -66, 703, -3971, 6859], 3.19.al_bl_aco 
(-8, -3, -5), [1, -11, 38, -74, 722, -3971, 6859], 3.19.al_bm_acw 
(-8, -3, -4), [1, -11, 39, -82, 741, -3971, 6859], 3.19.al_bn_ade 
(-8, -3, -3), [1, -11, 40, -90, 760, -3971, 6859], 3.19.al_bo_adm 
(-8, -3, -1), [1, -11, 42, -106, 798, -3971, 6859], 3.19.al_bq_aec 
(-8, -3, 1), [1, -11, 44, -122, 836, -3971, 6859], 3.19.al_bs_aes 
(-7, -4, 14), [1, -11, 61, -250, 1159, -3971, 6859], 3.19.al_cj_ajq 
(-7, -4, 16), [1, -11, 63, -264, 1197, -3971, 6859], 3.19.al_cl_ake 
(-7, -4, 18), [1, -11, 65, -278, 1235, -3971, 6859], 3.19.al_cn_aks 
(-7, -4, 20), [1, -11, 67, -292, 1273, -3971, 6859], 3.19.al_cp_alg 
(-2, -9, 41), [1, -11, 78, -424, 1482, -3971, 6859], 3.19.al_da_aqi 
(-6, -5, 29), [1, -11, 78, -364, 1482, -3971, 6859], 3.19.al_da_aoa 
(-1, -10, 50), [1, -11, 79, -430, 1501, -3971, 6859], 3.19.al_db_aqo 
(-6, -5, 30), [1, -11, 79, -370, 1501, -3971, 6859], 3.19.al_db_aog 
(-6, -5, 31), [1, -11, 80, -376, 1520, -3971, 6859], 3.19.al_dc_aom 
(-6, -5, 33), [1, -11, 82, -388, 1558, -3971, 6859], 3.19.al_de_aoy 
(-6, -5, 34), [1, -11, 83, -394, 1577, -3971, 6859], 3.19.al_df_ape 
(-6, -5, 35), [1, -11, 84, -400, 1596, -3971, 6859], 3.19.al_dg_apk 
(-2, -9, 49), [1, -11, 86, -440, 1634, -3971, 6859], 3.19.al_di_aqy 
(-2, -9, 50), [1, -11, 87, -442, 1653, -3971, 6859], 3.19.al_dj_ara 
(-2, -9, 51), [1, -11, 88, -444, 1672, -3971, 6859], 3.19.al_dk_arc 
(-5, -6, 40), [1, -11, 89, -428, 1691, -3971, 6859], 3.19.al_dl_aqm 
(-2, -9, 53), [1, -11, 90, -448, 1710, -3971, 6859], 3.19.al_dm_arg 
(-2, -9, 54), [1, -11, 91, -450, 1729, -3971, 6859], 3.19.al_dn_ari 
(-5, -6, 42), [1, -11, 91, -438, 1729, -3971, 6859], 3.19.al_dn_aqw 
(-2, -9, 55), [1, -11, 92, -452, 1748, -3971, 6859], 3.19.al_do_ark 
(-5, -6, 44), [1, -11, 93, -448, 1767, -3971, 6859], 3.19.al_dp_arg 
(-4, -7, 47), [1, -11, 94, -454, 1786, -3971, 6859], 3.19.al_dq_arm 
(-3, -8, 52), [1, -11, 95, -460, 1805, -3971, 6859], 3.19.al_dr_ars 
(-4, -7, 49), [1, -11, 96, -462, 1824, -3971, 6859], 3.19.al_ds_aru 
(-8, -2, -12), [1, -10, 23, 20, 437, -3610, 6859], 3.19.ak_x_u 
(-8, -2, -11), [1, -10, 24, 12, 456, -3610, 6859], 3.19.ak_y_m 
(-8, -2, -9), [1, -10, 26, -4, 494, -3610, 6859], 3.19.ak_ba_ae 
(-8, -2, -8), [1, -10, 27, -12, 513, -3610, 6859], 3.19.ak_bb_am 
(-7, -3, -11), [1, -10, 29, -37, 551, -3610, 6859], 3.19.ak_bd_abl 
(-7, -3, 5), [1, -10, 45, -149, 855, -3610, 6859], 3.19.ak_bt_aft 
(-7, -3, 7), [1, -10, 47, -163, 893, -3610, 6859], 3.19.ak_bv_agh 
(-7, -3, 9), [1, -10, 49, -177, 931, -3610, 6859], 3.19.ak_bx_agv 
(-7, -3, 11), [1, -10, 51, -191, 969, -3610, 6859], 3.19.ak_bz_ahj 
(-7, -3, 13), [1, -10, 53, -205, 1007, -3610, 6859], 3.19.ak_cb_ahx 
(-6, -4, 25), [1, -10, 68, -302, 1292, -3610, 6859], 3.19.ak_cq_alq 
(-6, -4, 27), [1, -10, 70, -314, 1330, -3610, 6859], 3.19.ak_cs_amc 
(-1, -9, 43), [1, -10, 71, -385, 1349, -3610, 6859], 3.19.ak_ct_aov 
(-1, -9, 45), [1, -10, 73, -387, 1387, -3610, 6859], 3.19.ak_cv_aox 
(-6, -4, 31), [1, -10, 74, -338, 1406, -3610, 6859], 3.19.ak_cw_ana 
(-1, -9, 47), [1, -10, 75, -389, 1425, -3610, 6859], 3.19.ak_cx_aoz 
(-1, -9, 49), [1, -10, 77, -391, 1463, -3610, 6859], 3.19.ak_cz_apb 
(-5, -5, 35), [1, -10, 79, -365, 1501, -3610, 6859], 3.19.ak_db_aob 
(-5, -5, 37), [1, -10, 81, -375, 1539, -3610, 6859], 3.19.ak_dd_aol 
(-2, -8, 47), [1, -10, 82, -398, 1558, -3610, 6859], 3.19.ak_de_api 
(-5, -5, 39), [1, -10, 83, -385, 1577, -3610, 6859], 3.19.ak_df_aov 
(-2, -8, 49), [1, -10, 84, -402, 1596, -3610, 6859], 3.19.ak_dg_apm 
(-5, -5, 41), [1, -10, 85, -395, 1615, -3610, 6859], 3.19.ak_dh_apf 
(-2, -8, 51), [1, -10, 86, -406, 1634, -3610, 6859], 3.19.ak_di_apq 
(-3, -7, 47), [1, -10, 87, -407, 1653, -3610, 6859], 3.19.ak_dj_apr 
(-5, -5, 43), [1, -10, 87, -405, 1653, -3610, 6859], 3.19.ak_dj_app 
(-4, -6, 45), [1, -10, 88, -408, 1672, -3610, 6859], 3.19.ak_dk_aps 
(-3, -7, 49), [1, -10, 89, -413, 1691, -3610, 6859], 3.19.ak_dl_apx 
(-8, -1, -29), [1, -9, -2, 194, -38, -3249, 6859], 3.19.aj_ac_hm 
(-8, -1, -21), [1, -9, 6, 130, 114, -3249, 6859], 3.19.aj_g_fa 
(-8, -1, -20), [1, -9, 7, 122, 133, -3249, 6859], 3.19.aj_h_es 
(-8, -1, -17), [1, -9, 10, 98, 190, -3249, 6859], 3.19.aj_k_du 
(-8, -1, -16), [1, -9, 11, 90, 209, -3249, 6859], 3.19.aj_l_dm 
(-8, -1, -15), [1, -9, 12, 82, 228, -3249, 6859], 3.19.aj_m_de 
(-8, -1, -14), [1, -9, 13, 74, 247, -3249, 6859], 3.19.aj_n_cw 
(-7, -2, 2), [1, -9, 35, -90, 665, -3249, 6859], 3.19.aj_bj_adm 
(-7, -2, 4), [1, -9, 37, -104, 703, -3249, 6859], 3.19.aj_bl_aea 
(-7, -2, 6), [1, -9, 39, -118, 741, -3249, 6859], 3.19.aj_bn_aeo 
(-6, -3, 17), [1, -9, 54, -216, 1026, -3249, 6859], 3.19.aj_cc_aii 
(-6, -3, 18), [1, -9, 55, -222, 1045, -3249, 6859], 3.19.aj_cd_aio 
(-6, -3, 21), [1, -9, 58, -240, 1102, -3249, 6859], 3.19.aj_cg_ajg 
(-6, -3, 22), [1, -9, 59, -246, 1121, -3249, 6859], 3.19.aj_ch_ajm 
(-6, -3, 23), [1, -9, 60, -252, 1140, -3249, 6859], 3.19.aj_ci_ajs 
(-1, -8, 42), [1, -9, 69, -346, 1311, -3249, 6859], 3.19.aj_cr_ani 
(-5, -4, 30), [1, -9, 69, -302, 1311, -3249, 6859], 3.19.aj_cr_alq 
(-1, -8, 44), [1, -9, 71, -348, 1349, -3249, 6859], 3.19.aj_ct_ank 
(-5, -4, 32), [1, -9, 71, -312, 1349, -3249, 6859], 3.19.aj_ct_ama 
(-1, -8, 46), [1, -9, 73, -350, 1387, -3249, 6859], 3.19.aj_cv_anm 
(-5, -4, 34), [1, -9, 73, -322, 1387, -3249, 6859], 3.19.aj_cv_amk 
(-1, -8, 48), [1, -9, 75, -352, 1425, -3249, 6859], 3.19.aj_cx_ano 
(-5, -4, 36), [1, -9, 75, -332, 1425, -3249, 6859], 3.19.aj_cx_amu 
(-2, -7, 45), [1, -9, 78, -356, 1482, -3249, 6859], 3.19.aj_da_ans 
(-4, -5, 39), [1, -9, 78, -346, 1482, -3249, 6859], 3.19.aj_da_ani 
(-2, -7, 46), [1, -9, 79, -358, 1501, -3249, 6859], 3.19.aj_db_anu 
(-4, -5, 40), [1, -9, 79, -350, 1501, -3249, 6859], 3.19.aj_db_anm 
(-2, -7, 47), [1, -9, 80, -360, 1520, -3249, 6859], 3.19.aj_dc_anw 
(-4, -5, 41), [1, -9, 80, -354, 1520, -3249, 6859], 3.19.aj_dc_anq 
(-3, -6, 44), [1, -9, 81, -360, 1539, -3249, 6859], 3.19.aj_dd_anw 
(-2, -7, 49), [1, -9, 82, -364, 1558, -3249, 6859], 3.19.aj_de_aoa 
(-4, -5, 43), [1, -9, 82, -362, 1558, -3249, 6859], 3.19.aj_de_any 
(-8, 0, -37), [1, -8, -18, 296, -342, -2888, 6859], 3.19.ai_as_lk 
(-8, 0, -36), [1, -8, -17, 288, -323, -2888, 6859], 3.19.ai_ar_lc 
(-8, 0, -35), [1, -8, -16, 280, -304, -2888, 6859], 3.19.ai_aq_ku 
(-8, 0, -29), [1, -8, -10, 232, -190, -2888, 6859], 3.19.ai_ak_iy 
(-8, 0, -28), [1, -8, -9, 224, -171, -2888, 6859], 3.19.ai_aj_iq 
(-8, 0, -27), [1, -8, -8, 216, -152, -2888, 6859], 3.19.ai_ai_ii 
(-8, 0, -25), [1, -8, -6, 200, -114, -2888, 6859], 3.19.ai_ag_hs 
(-8, 0, -24), [1, -8, -5, 192, -95, -2888, 6859], 3.19.ai_af_hk 
(-8, 0, -21), [1, -8, -2, 168, -38, -2888, 6859], 3.19.ai_ac_gm 
(-7, -1, -7), [1, -8, 19, 11, 361, -2888, 6859], 3.19.ai_t_l 
(-7, -1, -5), [1, -8, 21, -3, 399, -2888, 6859], 3.19.ai_v_ad 
(-7, -1, -3), [1, -8, 23, -17, 437, -2888, 6859], 3.19.ai_x_ar 
(-7, -1, -1), [1, -8, 25, -31, 475, -2888, 6859], 3.19.ai_z_abf 
(-6, -2, 13), [1, -8, 44, -154, 836, -2888, 6859], 3.19.ai_bs_afy 
(-6, -2, 15), [1, -8, 46, -166, 874, -2888, 6859], 3.19.ai_bu_agk 
(1, -9, 41), [1, -8, 51, -301, 969, -2888, 6859], 3.19.ai_bz_alp 
(-5, -3, 25), [1, -8, 59, -239, 1121, -2888, 6859], 3.19.ai_ch_ajf 
(-5, -3, 27), [1, -8, 61, -249, 1159, -2888, 6859], 3.19.ai_cj_ajp 
(-5, -3, 29), [1, -8, 63, -259, 1197, -2888, 6859], 3.19.ai_cl_ajz 
(-5, -3, 31), [1, -8, 65, -269, 1235, -2888, 6859], 3.19.ai_cn_akj 
(-1, -7, 41), [1, -8, 67, -307, 1273, -2888, 6859], 3.19.ai_cp_alv 
(-1, -7, 43), [1, -8, 69, -309, 1311, -2888, 6859], 3.19.ai_cr_alx 
(-1, -7, 45), [1, -8, 71, -311, 1349, -2888, 6859], 3.19.ai_ct_alz 
(-4, -4, 37), [1, -8, 72, -300, 1368, -2888, 6859], 3.19.ai_cu_alo 
(-1, -7, 47), [1, -8, 73, -313, 1387, -2888, 6859], 3.19.ai_cv_amb 
(-4, -4, 39), [1, -8, 74, -308, 1406, -2888, 6859], 3.19.ai_cw_alw 
(-3, -5, 41), [1, -8, 75, -313, 1425, -2888, 6859], 3.19.ai_cx_amb 
(-2, -6, 45), [1, -8, 76, -318, 1444, -2888, 6859], 3.19.ai_cy_amg 
(-3, -5, 43), [1, -8, 77, -319, 1463, -2888, 6859], 3.19.ai_cz_amh 
(-8, 1, -29), [1, -7, -18, 270, -342, -2527, 6859], 3.19.ah_as_kk 
(-7, 0, -36), [1, -7, -17, 252, -323, -2527, 6859], 3.19.ah_ar_js 
(-6, -1, -29), [1, -7, -4, 136, -76, -2527, 6859], 3.19.ah_ae_fg 
(-7, 0, -22), [1, -7, -3, 154, -57, -2527, 6859], 3.19.ah_ad_fy 
(-7, 0, -20), [1, -7, -1, 140, -19, -2527, 6859], 3.19.ah_ab_fk 
(-7, 0, -14), [1, -7, 5, 98, 95, -2527, 6859], 3.19.ah_f_du 
(-7, 0, -12), [1, -7, 7, 84, 133, -2527, 6859], 3.19.ah_h_dg 
(-7, 0, -10), [1, -7, 9, 70, 171, -2527, 6859], 3.19.ah_j_cs 
(-7, 0, -8), [1, -7, 11, 56, 209, -2527, 6859], 3.19.ah_l_ce 
(-6, -1, 5), [1, -7, 30, -68, 570, -2527, 6859], 3.19.ah_be_acq 
(-6, -1, 6), [1, -7, 31, -74, 589, -2527, 6859], 3.19.ah_bf_acw 
(-6, -1, 7), [1, -7, 32, -80, 608, -2527, 6859], 3.19.ah_bg_adc 
(-6, -1, 9), [1, -7, 34, -92, 646, -2527, 6859], 3.19.ah_bi_ado 
(-6, -1, 10), [1, -7, 35, -98, 665, -2527, 6859], 3.19.ah_bj_adu 
(-6, -1, 11), [1, -7, 36, -104, 684, -2527, 6859], 3.19.ah_bk_aea 
(1, -8, 32), [1, -7, 43, -272, 817, -2527, 6859], 3.19.ah_br_akm 
(-5, -2, 20), [1, -7, 49, -176, 931, -2527, 6859], 3.19.ah_bx_agu 
(-5, -2, 22), [1, -7, 51, -186, 969, -2527, 6859], 3.19.ah_bz_ahe 
(-5, -2, 24), [1, -7, 53, -196, 1007, -2527, 6859], 3.19.ah_cb_aho 
(-5, -2, 26), [1, -7, 55, -206, 1045, -2527, 6859], 3.19.ah_cd_ahy 
(-4, -3, 31), [1, -7, 62, -238, 1178, -2527, 6859], 3.19.ah_ck_aje 
(-4, -3, 32), [1, -7, 63, -242, 1197, -2527, 6859], 3.19.ah_cl_aji 
(-4, -3, 33), [1, -7, 64, -246, 1216, -2527, 6859], 3.19.ah_cm_ajm 
(-1, -6, 40), [1, -7, 65, -268, 1235, -2527, 6859], 3.19.ah_cn_aki 
(-4, -3, 35), [1, -7, 66, -254, 1254, -2527, 6859], 3.19.ah_co_aju 
(-1, -6, 42), [1, -7, 67, -270, 1273, -2527, 6859], 3.19.ah_cp_akk 
(-4, -3, 36), [1, -7, 67, -258, 1273, -2527, 6859], 3.19.ah_cp_ajy 
(-4, -3, 37), [1, -7, 68, -262, 1292, -2527, 6859], 3.19.ah_cq_akc 
(-1, -6, 44), [1, -7, 69, -272, 1311, -2527, 6859], 3.19.ah_cr_akm 
(-2, -5, 41), [1, -7, 70, -272, 1330, -2527, 6859], 3.19.ah_cs_akm 
(-3, -4, 40), [1, -7, 71, -272, 1349, -2527, 6859], 3.19.ah_ct_akm 
(-2, -5, 43), [1, -7, 72, -276, 1368, -2527, 6859], 3.19.ah_cu_akq 
(-8, 2, -20), [1, -6, -17, 236, -323, -2166, 6859], 3.19.ag_ar_jc 
(-7, 1, -29), [1, -6, -17, 241, -323, -2166, 6859], 3.19.ag_ar_jh 
(-7, 1, -25), [1, -6, -13, 213, -247, -2166, 6859], 3.19.ag_an_if 
(-7, 1, -24), [1, -6, -12, 206, -228, -2166, 6859], 3.19.ag_am_hy 
(-7, 1, -23), [1, -6, -11, 199, -209, -2166, 6859], 3.19.ag_al_hr 
(-7, 1, -21), [1, -6, -9, 185, -171, -2166, 6859], 3.19.ag_aj_hd 
(-7, 1, -17), [1, -6, -5, 157, -95, -2166, 6859], 3.19.ag_af_gb 
(-7, 1, -15), [1, -6, -3, 143, -57, -2166, 6859], 3.19.ag_ad_fn 
(-6, 0, 1), [1, -6, 20, -6, 380, -2166, 6859], 3.19.ag_u_ag 
(-6, 0, 3), [1, -6, 22, -18, 418, -2166, 6859], 3.19.ag_w_as 
(1, -7, 27), [1, -6, 39, -239, 741, -2166, 6859], 3.19.ag_bn_ajf 
(-5, -1, 15), [1, -6, 39, -113, 741, -2166, 6859], 3.19.ag_bn_aej 
(1, -7, 28), [1, -6, 40, -238, 760, -2166, 6859], 3.19.ag_bo_aje 
(1, -7, 29), [1, -6, 41, -237, 779, -2166, 6859], 3.19.ag_bp_ajd 
(-5, -1, 17), [1, -6, 41, -123, 779, -2166, 6859], 3.19.ag_bp_aet 
(1, -7, 31), [1, -6, 43, -235, 817, -2166, 6859], 3.19.ag_br_ajb 
(1, -7, 33), [1, -6, 45, -233, 855, -2166, 6859], 3.19.ag_bt_aiz 
(-5, -1, 21), [1, -6, 45, -143, 855, -2166, 6859], 3.19.ag_bt_afn 
(-4, -2, 29), [1, -6, 56, -192, 1064, -2166, 6859], 3.19.ag_ce_ahk 
(-4, -2, 31), [1, -6, 58, -200, 1102, -2166, 6859], 3.19.ag_cg_ahs 
(-1, -5, 39), [1, -6, 63, -229, 1197, -2166, 6859], 3.19.ag_cl_aiv 
(-3, -3, 35), [1, -6, 63, -219, 1197, -2166, 6859], 3.19.ag_cl_ail 
(-1, -5, 41), [1, -6, 65, -231, 1235, -2166, 6859], 3.19.ag_cn_aix 
(-3, -3, 37), [1, -6, 65, -225, 1235, -2166, 6859], 3.19.ag_cn_air 
(-2, -4, 39), [1, -6, 66, -230, 1254, -2166, 6859], 3.19.ag_co_aiw 
(-1, -5, 43), [1, -6, 67, -233, 1273, -2166, 6859], 3.19.ag_cp_aiz 
(-3, -3, 39), [1, -6, 67, -231, 1273, -2166, 6859], 3.19.ag_cp_aix 
(-5, 0, -36), [1, -5, -17, 180, -323, -1805, 6859], 3.19.af_ar_gy 
(-6, 1, -29), [1, -5, -16, 212, -304, -1805, 6859], 3.19.af_aq_ie 
(-7, 2, -20), [1, -5, -15, 216, -285, -1805, 6859], 3.19.af_ap_ii 
(-5, 0, -20), [1, -5, -1, 100, -19, -1805, 6859], 3.19.af_ab_dw 
(-6, 1, -7), [1, -5, 6, 80, 114, -1805, 6859], 3.19.af_g_dc 
(-6, 1, -6), [1, -5, 7, 74, 133, -1805, 6859], 3.19.af_h_cw 
(-6, 1, -5), [1, -5, 8, 68, 152, -1805, 6859], 3.19.af_i_cq 
(-6, 1, -3), [1, -5, 10, 56, 190, -1805, 6859], 3.19.af_k_ce 
(-6, 1, -2), [1, -5, 11, 50, 209, -1805, 6859], 3.19.af_l_by 
(-6, 1, -1), [1, -5, 12, 44, 228, -1805, 6859], 3.19.af_m_bs 
(-5, 0, 10), [1, -5, 29, -50, 551, -1805, 6859], 3.19.af_bd_aby 
(-5, 0, 12), [1, -5, 31, -60, 589, -1805, 6859], 3.19.af_bf_aci 
(-5, 0, 14), [1, -5, 33, -70, 627, -1805, 6859], 3.19.af_bh_acs 
(-5, 0, 16), [1, -5, 35, -80, 665, -1805, 6859], 3.19.af_bj_adc 
(1, -6, 28), [1, -5, 41, -200, 779, -1805, 6859], 3.19.af_bp_ahs 
(1, -6, 30), [1, -5, 43, -198, 817, -1805, 6859], 3.19.af_br_ahq 
(1, -6, 32), [1, -5, 45, -196, 855, -1805, 6859], 3.19.af_bt_aho 
(-4, -1, 23), [1, -5, 46, -130, 874, -1805, 6859], 3.19.af_bu_afa 
(1, -6, 34), [1, -5, 47, -194, 893, -1805, 6859], 3.19.af_bv_ahm 
(-4, -1, 24), [1, -5, 47, -134, 893, -1805, 6859], 3.19.af_bv_afe 
(-4, -1, 25), [1, -5, 48, -138, 912, -1805, 6859], 3.19.af_bw_afi 
(-4, -1, 27), [1, -5, 50, -146, 950, -1805, 6859], 3.19.af_by_afq 
(-4, -1, 28), [1, -5, 51, -150, 969, -1805, 6859], 3.19.af_bz_afu 
(-4, -1, 29), [1, -5, 52, -154, 988, -1805, 6859], 3.19.af_ca_afy 
(-3, -2, 32), [1, -5, 57, -172, 1083, -1805, 6859], 3.19.af_cf_agq 
(-3, -2, 34), [1, -5, 59, -178, 1121, -1805, 6859], 3.19.af_ch_agw 
(-3, -2, 36), [1, -5, 61, -184, 1159, -1805, 6859], 3.19.af_cj_ahc 
(-2, -3, 37), [1, -5, 62, -188, 1178, -1805, 6859], 3.19.af_ck_ahg 
(-1, -4, 40), [1, -5, 63, -192, 1197, -1805, 6859], 3.19.af_cl_ahk 
(-2, -3, 39), [1, -5, 64, -192, 1216, -1805, 6859], 3.19.af_cm_ahk 
(-4, 0, -37), [1, -4, -18, 148, -342, -1444, 6859], 3.19.ae_as_fs 
(-3, -1, -29), [1, -4, -7, 49, -133, -1444, 6859], 3.19.ae_ah_bx 
(-6, 2, -11), [1, -4, -4, 142, -76, -1444, 6859], 3.19.ae_ae_fm 
(-6, 2, -9), [1, -4, -2, 130, -38, -1444, 6859], 3.19.ae_ac_fa 
(-6, 2, -7), [1, -4, 0, 118, 0, -1444, 6859], 3.19.ae_a_eo 
(-5, 1, 5), [1, -4, 19, 13, 361, -1444, 6859], 3.19.ae_t_n 
(-5, 1, 7), [1, -4, 21, 3, 399, -1444, 6859], 3.19.ae_v_d 
(-5, 1, 9), [1, -4, 23, -7, 437, -1444, 6859], 3.19.ae_x_ah 
(2, -6, 17), [1, -4, 24, -194, 456, -1444, 6859], 3.19.ae_y_ahm 
(-5, 1, 11), [1, -4, 25, -17, 475, -1444, 6859], 3.19.ae_z_ar 
(2, -6, 21), [1, -4, 28, -186, 532, -1444, 6859], 3.19.ae_bc_ahe 
(2, -6, 23), [1, -4, 30, -182, 570, -1444, 6859], 3.19.ae_be_aha 
(-4, 0, 11), [1, -4, 30, -44, 570, -1444, 6859], 3.19.ae_be_abs 
(2, -6, 25), [1, -4, 32, -178, 608, -1444, 6859], 3.19.ae_bg_agw 
(-4, 0, 20), [1, -4, 39, -80, 741, -1444, 6859], 3.19.ae_bn_adc 
(-4, 0, 21), [1, -4, 40, -84, 760, -1444, 6859], 3.19.ae_bo_adg 
(-4, 0, 23), [1, -4, 42, -92, 798, -1444, 6859], 3.19.ae_bq_ado 
(1, -5, 29), [1, -4, 43, -161, 817, -1444, 6859], 3.19.ae_br_agf 
(1, -5, 31), [1, -4, 45, -159, 855, -1444, 6859], 3.19.ae_bt_agd 
(1, -5, 33), [1, -4, 47, -157, 893, -1444, 6859], 3.19.ae_bv_agb 
(1, -5, 35), [1, -4, 49, -155, 931, -1444, 6859], 3.19.ae_bx_afz 
(1, -5, 37), [1, -4, 51, -153, 969, -1444, 6859], 3.19.ae_bz_afx 
(-3, -1, 29), [1, -4, 51, -125, 969, -1444, 6859], 3.19.ae_bz_aev 
(-3, -1, 31), [1, -4, 53, -131, 1007, -1444, 6859], 3.19.ae_cb_afb 
(-3, -1, 33), [1, -4, 55, -137, 1045, -1444, 6859], 3.19.ae_cd_afh 
(-1, -3, 35), [1, -4, 57, -149, 1083, -1444, 6859], 3.19.ae_cf_aft 
(-3, -1, 35), [1, -4, 57, -143, 1083, -1444, 6859], 3.19.ae_cf_afn 
(-1, -3, 37), [1, -4, 59, -151, 1121, -1444, 6859], 3.19.ae_ch_afv 
(-2, -2, 37), [1, -4, 60, -150, 1140, -1444, 6859], 3.19.ae_ci_afu 
(-1, -3, 39), [1, -4, 61, -153, 1159, -1444, 6859], 3.19.ae_cj_afx 
(-6, 3, -11), [1, -3, -10, 180, -190, -1083, 6859], 3.19.ad_ak_gy 
(-5, 2, 2), [1, -3, 11, 66, 209, -1083, 6859], 3.19.ad_l_co 
(-5, 2, 4), [1, -3, 13, 56, 247, -1083, 6859], 3.19.ad_n_ce 
(-5, 2, 6), [1, -3, 15, 46, 285, -1083, 6859], 3.19.ad_p_bu 
(2, -5, 21), [1, -3, 30, -148, 570, -1083, 6859], 3.19.ad_be_afs 
(-4, 1, 15), [1, -3, 30, -22, 570, -1083, 6859], 3.19.ad_be_aw 
(2, -5, 22), [1, -3, 31, -146, 589, -1083, 6859], 3.19.ad_bf_afq 
(-4, 1, 16), [1, -3, 31, -26, 589, -1083, 6859], 3.19.ad_bf_aba 
(2, -5, 23), [1, -3, 32, -144, 608, -1083, 6859], 3.19.ad_bg_afo 
(-4, 1, 17), [1, -3, 32, -30, 608, -1083, 6859], 3.19.ad_bg_abe 
(2, -5, 25), [1, -3, 34, -140, 646, -1083, 6859], 3.19.ad_bi_afk 
(2, -5, 26), [1, -3, 35, -138, 665, -1083, 6859], 3.19.ad_bj_afi 
(-4, 1, 20), [1, -3, 35, -42, 665, -1083, 6859], 3.19.ad_bj_abq 
(2, -5, 27), [1, -3, 36, -136, 684, -1083, 6859], 3.19.ad_bk_afg 
(-4, 1, 21), [1, -3, 36, -46, 684, -1083, 6859], 3.19.ad_bk_abu 
(1, -4, 30), [1, -3, 45, -122, 855, -1083, 6859], 3.19.ad_bt_aes 
(-3, 0, 26), [1, -3, 45, -78, 855, -1083, 6859], 3.19.ad_bt_ada 
(1, -4, 32), [1, -3, 47, -120, 893, -1083, 6859], 3.19.ad_bv_aeq 
(-3, 0, 28), [1, -3, 47, -84, 893, -1083, 6859], 3.19.ad_bv_adg 
(1, -4, 34), [1, -3, 49, -118, 931, -1083, 6859], 3.19.ad_bx_aeo 
(-3, 0, 30), [1, -3, 49, -90, 931, -1083, 6859], 3.19.ad_bx_adm 
(1, -4, 36), [1, -3, 51, -116, 969, -1083, 6859], 3.19.ad_bz_aem 
(-3, 0, 32), [1, -3, 51, -96, 969, -1083, 6859], 3.19.ad_bz_ads 
(-2, -1, 33), [1, -3, 54, -104, 1026, -1083, 6859], 3.19.ad_cc_aea 
(-2, -1, 34), [1, -3, 55, -106, 1045, -1083, 6859], 3.19.ad_cd_aec 
(-2, -1, 35), [1, -3, 56, -108, 1064, -1083, 6859], 3.19.ad_ce_aee 
(-1, -2, 36), [1, -3, 57, -112, 1083, -1083, 6859], 3.19.ad_cf_aei 
(-2, -1, 37), [1, -3, 58, -112, 1102, -1083, 6859], 3.19.ad_cg_aei 
(-2, 0, -37), [1, -2, -18, 74, -342, -722, 6859], 3.19.ac_as_cw 
(-6, 4, -3), [1, -2, -8, 170, -152, -722, 6859], 3.19.ac_ai_go 
(-5, 3, -9), [1, -2, -5, 159, -95, -722, 6859], 3.19.ac_af_gd 
(-5, 3, -5), [1, -2, -1, 139, -19, -722, 6859], 3.19.ac_ab_fj 
(-5, 3, -3), [1, -2, 1, 129, 19, -722, 6859], 3.19.ac_b_ez 
(-5, 3, -1), [1, -2, 3, 119, 57, -722, 6859], 3.19.ac_d_ep 
(-5, 3, 1), [1, -2, 5, 109, 95, -722, 6859], 3.19.ac_f_ef 
(-2, 0, -13), [1, -2, 6, 26, 114, -722, 6859], 3.19.ac_g_ba 
(3, -5, 9), [1, -2, 13, -163, 247, -722, 6859], 3.19.ac_n_agh 
(3, -5, 11), [1, -2, 15, -157, 285, -722, 6859], 3.19.ac_p_agb 
(3, -5, 13), [1, -2, 17, -151, 323, -722, 6859], 3.19.ac_r_afv 
(3, -5, 15), [1, -2, 19, -145, 361, -722, 6859], 3.19.ac_t_afp 
(3, -5, 16), [1, -2, 20, -142, 380, -722, 6859], 3.19.ac_u_afm 
(3, -5, 17), [1, -2, 21, -139, 399, -722, 6859], 3.19.ac_v_afj 
(-4, 2, 13), [1, -2, 24, 24, 456, -722, 6859], 3.19.ac_y_y 
(-4, 2, 15), [1, -2, 26, 16, 494, -722, 6859], 3.19.ac_ba_q 
(-2, 0, 11), [1, -2, 30, -22, 570, -722, 6859], 3.19.ac_be_aw 
(2, -4, 25), [1, -2, 36, -102, 684, -722, 6859], 3.19.ac_bk_ady 
(2, -4, 27), [1, -2, 38, -98, 722, -722, 6859], 3.19.ac_bm_adu 
(-3, 1, 23), [1, -2, 39, -31, 741, -722, 6859], 3.19.ac_bn_abf 
(-3, 1, 25), [1, -2, 41, -37, 779, -722, 6859], 3.19.ac_bp_abl 
(-3, 1, 27), [1, -2, 43, -43, 817, -722, 6859], 3.19.ac_br_abr 
(-3, 1, 29), [1, -2, 45, -49, 855, -722, 6859], 3.19.ac_bt_abx 
(1, -3, 31), [1, -2, 47, -83, 893, -722, 6859], 3.19.ac_bv_adf 
(1, -3, 33), [1, -2, 49, -81, 931, -722, 6859], 3.19.ac_bx_add 
(1, -3, 35), [1, -2, 51, -79, 969, -722, 6859], 3.19.ac_bz_adb 
(-2, 0, 33), [1, -2, 52, -66, 988, -722, 6859], 3.19.ac_ca_aco 
(1, -3, 37), [1, -2, 53, -77, 1007, -722, 6859], 3.19.ac_cb_acz 
(-2, 0, 35), [1, -2, 54, -70, 1026, -722, 6859], 3.19.ac_cc_acs 
(-1, -1, 35), [1, -2, 55, -73, 1045, -722, 6859], 3.19.ac_cd_acv 
(-1, -1, 37), [1, -2, 57, -75, 1083, -722, 6859], 3.19.ac_cf_acx 
(-1, 0, -36), [1, -1, -17, 36, -323, -361, 6859], 3.19.ab_ar_bk 
(-1, 0, -22), [1, -1, -3, 22, -57, -361, 6859], 3.19.ab_ad_w 
(-1, 0, -20), [1, -1, -1, 20, -19, -361, 6859], 3.19.ab_ab_u 
(-4, 3, 7), [1, -1, 14, 86, 266, -361, 6859], 3.19.ab_o_di 
(-4, 3, 8), [1, -1, 15, 82, 285, -361, 6859], 3.19.ab_p_de 
(-4, 3, 9), [1, -1, 16, 78, 304, -361, 6859], 3.19.ab_q_da 
(-4, 3, 11), [1, -1, 18, 70, 342, -361, 6859], 3.19.ab_s_cs 
(-4, 3, 12), [1, -1, 19, 66, 361, -361, 6859], 3.19.ab_t_co 
(-4, 3, 13), [1, -1, 20, 62, 380, -361, 6859], 3.19.ab_u_ck 
(3, -4, 14), [1, -1, 21, -110, 399, -361, 6859], 3.19.ab_v_aeg 
(3, -4, 16), [1, -1, 23, -104, 437, -361, 6859], 3.19.ab_x_aea 
(3, -4, 18), [1, -1, 25, -98, 475, -361, 6859], 3.19.ab_z_adu 
(3, -4, 20), [1, -1, 27, -92, 513, -361, 6859], 3.19.ab_bb_ado 
(-3, 2, 20), [1, -1, 33, 16, 627, -361, 6859], 3.19.ab_bh_q 
(-3, 2, 22), [1, -1, 35, 10, 665, -361, 6859], 3.19.ab_bj_k 
(-3, 2, 24), [1, -1, 37, 4, 703, -361, 6859], 3.19.ab_bl_e 
(2, -3, 25), [1, -1, 38, -64, 722, -361, 6859], 3.19.ab_bm_acm 
(2, -3, 26), [1, -1, 39, -62, 741, -361, 6859], 3.19.ab_bn_ack 
(-3, 2, 26), [1, -1, 39, -2, 741, -361, 6859], 3.19.ab_bn_ac 
(2, -3, 27), [1, -1, 40, -60, 760, -361, 6859], 3.19.ab_bo_aci 
(2, -3, 29), [1, -1, 42, -56, 798, -361, 6859], 3.19.ab_bq_ace 
(2, -3, 30), [1, -1, 43, -54, 817, -361, 6859], 3.19.ab_br_acc 
(2, -3, 31), [1, -1, 44, -52, 836, -361, 6859], 3.19.ab_bs_aca 
(-2, 1, 29), [1, -1, 46, -20, 874, -361, 6859], 3.19.ab_bu_au 
(-2, 1, 30), [1, -1, 47, -22, 893, -361, 6859], 3.19.ab_bv_aw 
(-2, 1, 31), [1, -1, 48, -24, 912, -361, 6859], 3.19.ab_bw_ay 
(1, -2, 32), [1, -1, 49, -44, 931, -361, 6859], 3.19.ab_bx_abs 
(-2, 1, 33), [1, -1, 50, -28, 950, -361, 6859], 3.19.ab_by_abc 
(1, -2, 34), [1, -1, 51, -42, 969, -361, 6859], 3.19.ab_bz_abq 
(-2, 1, 34), [1, -1, 51, -30, 969, -361, 6859], 3.19.ab_bz_abe 
(-2, 1, 35), [1, -1, 52, -32, 988, -361, 6859], 3.19.ab_ca_abg 
(1, -2, 36), [1, -1, 53, -40, 1007, -361, 6859], 3.19.ab_cb_abo 
(-1, 0, 36), [1, -1, 55, -36, 1045, -361, 6859], 3.19.ab_cd_abk 
(4, -4, 5), [1, 0, 8, -132, 152, 0, 6859], 3.19.a_i_afc 
(-4, 4, 5), [1, 0, 8, 132, 152, 0, 6859], 3.19.a_i_fc 
(4, -4, 7), [1, 0, 10, -124, 190, 0, 6859], 3.19.a_k_aeu 
(-4, 4, 7), [1, 0, 10, 124, 190, 0, 6859], 3.19.a_k_eu 
(4, -4, 8), [1, 0, 11, -120, 209, 0, 6859], 3.19.a_l_aeq 
(-4, 4, 8), [1, 0, 11, 120, 209, 0, 6859], 3.19.a_l_eq 
(3, -3, 17), [1, 0, 27, -63, 513, 0, 6859], 3.19.a_bb_acl 
(-3, 3, 17), [1, 0, 27, 63, 513, 0, 6859], 3.19.a_bb_cl 
(3, -3, 21), [1, 0, 31, -51, 589, 0, 6859], 3.19.a_bf_abz 
(-3, 3, 21), [1, 0, 31, 51, 589, 0, 6859], 3.19.a_bf_bz 
(3, -3, 23), [1, 0, 33, -45, 627, 0, 6859], 3.19.a_bh_abt 
(-3, 3, 23), [1, 0, 33, 45, 627, 0, 6859], 3.19.a_bh_bt 
(2, -2, 29), [1, 0, 44, -18, 836, 0, 6859], 3.19.a_bs_as 
(-2, 2, 29), [1, 0, 44, 18, 836, 0, 6859], 3.19.a_bs_s 
(2, -2, 31), [1, 0, 46, -14, 874, 0, 6859], 3.19.a_bu_ao 
(-2, 2, 31), [1, 0, 46, 14, 874, 0, 6859], 3.19.a_bu_o 
(2, -2, 33), [1, 0, 48, -10, 912, 0, 6859], 3.19.a_bw_ak 
(-2, 2, 33), [1, 0, 48, 10, 912, 0, 6859], 3.19.a_bw_k 
(1, -1, 33), [1, 0, 51, -5, 969, 0, 6859], 3.19.a_bz_af 
(-1, 1, 33), [1, 0, 51, 5, 969, 0, 6859], 3.19.a_bz_f 
(1, -1, 35), [1, 0, 53, -3, 1007, 0, 6859], 3.19.a_cb_ad 
(-1, 1, 35), [1, 0, 53, 3, 1007, 0, 6859], 3.19.a_cb_d 
(1, -1, 37), [1, 0, 55, -1, 1045, 0, 6859], 3.19.a_cd_ab 
(-1, 1, 37), [1, 0, 55, 1, 1045, 0, 6859], 3.19.a_cd_b 
(1, 0, -36), [1, 1, -17, -36, -323, 361, 6859], 3.19.b_ar_abk 
(1, 0, -22), [1, 1, -3, -22, -57, 361, 6859], 3.19.b_ad_aw 
(1, 0, -20), [1, 1, -1, -20, -19, 361, 6859], 3.19.b_ab_au 
(4, -3, 7), [1, 1, 14, -86, 266, 361, 6859], 3.19.b_o_adi 
(4, -3, 8), [1, 1, 15, -82, 285, 361, 6859], 3.19.b_p_ade 
(4, -3, 9), [1, 1, 16, -78, 304, 361, 6859], 3.19.b_q_ada 
(4, -3, 11), [1, 1, 18, -70, 342, 361, 6859], 3.19.b_s_acs 
(4, -3, 12), [1, 1, 19, -66, 361, 361, 6859], 3.19.b_t_aco 
(4, -3, 13), [1, 1, 20, -62, 380, 361, 6859], 3.19.b_u_ack 
(-3, 4, 14), [1, 1, 21, 110, 399, 361, 6859], 3.19.b_v_eg 
(-3, 4, 16), [1, 1, 23, 104, 437, 361, 6859], 3.19.b_x_ea 
(-3, 4, 18), [1, 1, 25, 98, 475, 361, 6859], 3.19.b_z_du 
(-3, 4, 20), [1, 1, 27, 92, 513, 361, 6859], 3.19.b_bb_do 
(3, -2, 20), [1, 1, 33, -16, 627, 361, 6859], 3.19.b_bh_aq 
(3, -2, 22), [1, 1, 35, -10, 665, 361, 6859], 3.19.b_bj_ak 
(3, -2, 24), [1, 1, 37, -4, 703, 361, 6859], 3.19.b_bl_ae 
(-2, 3, 25), [1, 1, 38, 64, 722, 361, 6859], 3.19.b_bm_cm 
(3, -2, 26), [1, 1, 39, 2, 741, 361, 6859], 3.19.b_bn_c 
(-2, 3, 26), [1, 1, 39, 62, 741, 361, 6859], 3.19.b_bn_ck 
(-2, 3, 27), [1, 1, 40, 60, 760, 361, 6859], 3.19.b_bo_ci 
(-2, 3, 29), [1, 1, 42, 56, 798, 361, 6859], 3.19.b_bq_ce 
(-2, 3, 30), [1, 1, 43, 54, 817, 361, 6859], 3.19.b_br_cc 
(-2, 3, 31), [1, 1, 44, 52, 836, 361, 6859], 3.19.b_bs_ca 
(2, -1, 29), [1, 1, 46, 20, 874, 361, 6859], 3.19.b_bu_u 
(2, -1, 30), [1, 1, 47, 22, 893, 361, 6859], 3.19.b_bv_w 
(2, -1, 31), [1, 1, 48, 24, 912, 361, 6859], 3.19.b_bw_y 
(-1, 2, 32), [1, 1, 49, 44, 931, 361, 6859], 3.19.b_bx_bs 
(2, -1, 33), [1, 1, 50, 28, 950, 361, 6859], 3.19.b_by_bc 
(2, -1, 34), [1, 1, 51, 30, 969, 361, 6859], 3.19.b_bz_be 
(-1, 2, 34), [1, 1, 51, 42, 969, 361, 6859], 3.19.b_bz_bq 
(2, -1, 35), [1, 1, 52, 32, 988, 361, 6859], 3.19.b_ca_bg 
(-1, 2, 36), [1, 1, 53, 40, 1007, 361, 6859], 3.19.b_cb_bo 
(1, 0, 36), [1, 1, 55, 36, 1045, 361, 6859], 3.19.b_cd_bk 
(2, 0, -37), [1, 2, -18, -74, -342, 722, 6859], 3.19.c_as_acw 
(6, -4, -3), [1, 2, -8, -170, -152, 722, 6859], 3.19.c_ai_ago 
(5, -3, -9), [1, 2, -5, -159, -95, 722, 6859], 3.19.c_af_agd 
(5, -3, -5), [1, 2, -1, -139, -19, 722, 6859], 3.19.c_ab_afj 
(5, -3, -3), [1, 2, 1, -129, 19, 722, 6859], 3.19.c_b_aez 
(5, -3, -1), [1, 2, 3, -119, 57, 722, 6859], 3.19.c_d_aep 
(5, -3, 1), [1, 2, 5, -109, 95, 722, 6859], 3.19.c_f_aef 
(2, 0, -13), [1, 2, 6, -26, 114, 722, 6859], 3.19.c_g_aba 
(-3, 5, 9), [1, 2, 13, 163, 247, 722, 6859], 3.19.c_n_gh 
(-3, 5, 11), [1, 2, 15, 157, 285, 722, 6859], 3.19.c_p_gb 
(-3, 5, 13), [1, 2, 17, 151, 323, 722, 6859], 3.19.c_r_fv 
(-3, 5, 15), [1, 2, 19, 145, 361, 722, 6859], 3.19.c_t_fp 
(-3, 5, 16), [1, 2, 20, 142, 380, 722, 6859], 3.19.c_u_fm 
(-3, 5, 17), [1, 2, 21, 139, 399, 722, 6859], 3.19.c_v_fj 
(4, -2, 13), [1, 2, 24, -24, 456, 722, 6859], 3.19.c_y_ay 
(4, -2, 15), [1, 2, 26, -16, 494, 722, 6859], 3.19.c_ba_aq 
(2, 0, 11), [1, 2, 30, 22, 570, 722, 6859], 3.19.c_be_w 
(-2, 4, 25), [1, 2, 36, 102, 684, 722, 6859], 3.19.c_bk_dy 
(-2, 4, 27), [1, 2, 38, 98, 722, 722, 6859], 3.19.c_bm_du 
(3, -1, 23), [1, 2, 39, 31, 741, 722, 6859], 3.19.c_bn_bf 
(3, -1, 25), [1, 2, 41, 37, 779, 722, 6859], 3.19.c_bp_bl 
(3, -1, 27), [1, 2, 43, 43, 817, 722, 6859], 3.19.c_br_br 
(3, -1, 29), [1, 2, 45, 49, 855, 722, 6859], 3.19.c_bt_bx 
(-1, 3, 31), [1, 2, 47, 83, 893, 722, 6859], 3.19.c_bv_df 
(-1, 3, 33), [1, 2, 49, 81, 931, 722, 6859], 3.19.c_bx_dd 
(-1, 3, 35), [1, 2, 51, 79, 969, 722, 6859], 3.19.c_bz_db 
(2, 0, 33), [1, 2, 52, 66, 988, 722, 6859], 3.19.c_ca_co 
(-1, 3, 37), [1, 2, 53, 77, 1007, 722, 6859], 3.19.c_cb_cz 
(2, 0, 35), [1, 2, 54, 70, 1026, 722, 6859], 3.19.c_cc_cs 
(1, 1, 35), [1, 2, 55, 73, 1045, 722, 6859], 3.19.c_cd_cv 
(1, 1, 37), [1, 2, 57, 75, 1083, 722, 6859], 3.19.c_cf_cx 
(6, -3, -11), [1, 3, -10, -180, -190, 1083, 6859], 3.19.d_ak_agy 
(5, -2, 2), [1, 3, 11, -66, 209, 1083, 6859], 3.19.d_l_aco 
(5, -2, 4), [1, 3, 13, -56, 247, 1083, 6859], 3.19.d_n_ace 
(5, -2, 6), [1, 3, 15, -46, 285, 1083, 6859], 3.19.d_p_abu 
(4, -1, 15), [1, 3, 30, 22, 570, 1083, 6859], 3.19.d_be_w 
(-2, 5, 21), [1, 3, 30, 148, 570, 1083, 6859], 3.19.d_be_fs 
(4, -1, 16), [1, 3, 31, 26, 589, 1083, 6859], 3.19.d_bf_ba 
(-2, 5, 22), [1, 3, 31, 146, 589, 1083, 6859], 3.19.d_bf_fq 
(4, -1, 17), [1, 3, 32, 30, 608, 1083, 6859], 3.19.d_bg_be 
(-2, 5, 23), [1, 3, 32, 144, 608, 1083, 6859], 3.19.d_bg_fo 
(-2, 5, 25), [1, 3, 34, 140, 646, 1083, 6859], 3.19.d_bi_fk 
(4, -1, 20), [1, 3, 35, 42, 665, 1083, 6859], 3.19.d_bj_bq 
(-2, 5, 26), [1, 3, 35, 138, 665, 1083, 6859], 3.19.d_bj_fi 
(4, -1, 21), [1, 3, 36, 46, 684, 1083, 6859], 3.19.d_bk_bu 
(-2, 5, 27), [1, 3, 36, 136, 684, 1083, 6859], 3.19.d_bk_fg 
(3, 0, 26), [1, 3, 45, 78, 855, 1083, 6859], 3.19.d_bt_da 
(-1, 4, 30), [1, 3, 45, 122, 855, 1083, 6859], 3.19.d_bt_es 
(3, 0, 28), [1, 3, 47, 84, 893, 1083, 6859], 3.19.d_bv_dg 
(-1, 4, 32), [1, 3, 47, 120, 893, 1083, 6859], 3.19.d_bv_eq 
(3, 0, 30), [1, 3, 49, 90, 931, 1083, 6859], 3.19.d_bx_dm 
(-1, 4, 34), [1, 3, 49, 118, 931, 1083, 6859], 3.19.d_bx_eo 
(3, 0, 32), [1, 3, 51, 96, 969, 1083, 6859], 3.19.d_bz_ds 
(-1, 4, 36), [1, 3, 51, 116, 969, 1083, 6859], 3.19.d_bz_em 
(2, 1, 33), [1, 3, 54, 104, 1026, 1083, 6859], 3.19.d_cc_ea 
(2, 1, 34), [1, 3, 55, 106, 1045, 1083, 6859], 3.19.d_cd_ec 
(2, 1, 35), [1, 3, 56, 108, 1064, 1083, 6859], 3.19.d_ce_ee 
(1, 2, 36), [1, 3, 57, 112, 1083, 1083, 6859], 3.19.d_cf_ei 
(2, 1, 37), [1, 3, 58, 112, 1102, 1083, 6859], 3.19.d_cg_ei 
(4, 0, -37), [1, 4, -18, -148, -342, 1444, 6859], 3.19.e_as_afs 
(3, 1, -29), [1, 4, -7, -49, -133, 1444, 6859], 3.19.e_ah_abx 
(6, -2, -11), [1, 4, -4, -142, -76, 1444, 6859], 3.19.e_ae_afm 
(6, -2, -9), [1, 4, -2, -130, -38, 1444, 6859], 3.19.e_ac_afa 
(6, -2, -7), [1, 4, 0, -118, 0, 1444, 6859], 3.19.e_a_aeo 
(5, -1, 5), [1, 4, 19, -13, 361, 1444, 6859], 3.19.e_t_an 
(5, -1, 7), [1, 4, 21, -3, 399, 1444, 6859], 3.19.e_v_ad 
(5, -1, 9), [1, 4, 23, 7, 437, 1444, 6859], 3.19.e_x_h 
(-2, 6, 17), [1, 4, 24, 194, 456, 1444, 6859], 3.19.e_y_hm 
(5, -1, 11), [1, 4, 25, 17, 475, 1444, 6859], 3.19.e_z_r 
(-2, 6, 21), [1, 4, 28, 186, 532, 1444, 6859], 3.19.e_bc_he 
(4, 0, 11), [1, 4, 30, 44, 570, 1444, 6859], 3.19.e_be_bs 
(-2, 6, 23), [1, 4, 30, 182, 570, 1444, 6859], 3.19.e_be_ha 
(-2, 6, 25), [1, 4, 32, 178, 608, 1444, 6859], 3.19.e_bg_gw 
(4, 0, 20), [1, 4, 39, 80, 741, 1444, 6859], 3.19.e_bn_dc 
(4, 0, 21), [1, 4, 40, 84, 760, 1444, 6859], 3.19.e_bo_dg 
(4, 0, 23), [1, 4, 42, 92, 798, 1444, 6859], 3.19.e_bq_do 
(-1, 5, 29), [1, 4, 43, 161, 817, 1444, 6859], 3.19.e_br_gf 
(-1, 5, 31), [1, 4, 45, 159, 855, 1444, 6859], 3.19.e_bt_gd 
(-1, 5, 33), [1, 4, 47, 157, 893, 1444, 6859], 3.19.e_bv_gb 
(-1, 5, 35), [1, 4, 49, 155, 931, 1444, 6859], 3.19.e_bx_fz 
(3, 1, 29), [1, 4, 51, 125, 969, 1444, 6859], 3.19.e_bz_ev 
(-1, 5, 37), [1, 4, 51, 153, 969, 1444, 6859], 3.19.e_bz_fx 
(3, 1, 31), [1, 4, 53, 131, 1007, 1444, 6859], 3.19.e_cb_fb 
(3, 1, 33), [1, 4, 55, 137, 1045, 1444, 6859], 3.19.e_cd_fh 
(3, 1, 35), [1, 4, 57, 143, 1083, 1444, 6859], 3.19.e_cf_fn 
(1, 3, 35), [1, 4, 57, 149, 1083, 1444, 6859], 3.19.e_cf_ft 
(1, 3, 37), [1, 4, 59, 151, 1121, 1444, 6859], 3.19.e_ch_fv 
(2, 2, 37), [1, 4, 60, 150, 1140, 1444, 6859], 3.19.e_ci_fu 
(1, 3, 39), [1, 4, 61, 153, 1159, 1444, 6859], 3.19.e_cj_fx 
(5, 0, -36), [1, 5, -17, -180, -323, 1805, 6859], 3.19.f_ar_agy 
(6, -1, -29), [1, 5, -16, -212, -304, 1805, 6859], 3.19.f_aq_aie 
(7, -2, -20), [1, 5, -15, -216, -285, 1805, 6859], 3.19.f_ap_aii 
(5, 0, -20), [1, 5, -1, -100, -19, 1805, 6859], 3.19.f_ab_adw 
(6, -1, -7), [1, 5, 6, -80, 114, 1805, 6859], 3.19.f_g_adc 
(6, -1, -6), [1, 5, 7, -74, 133, 1805, 6859], 3.19.f_h_acw 
(6, -1, -5), [1, 5, 8, -68, 152, 1805, 6859], 3.19.f_i_acq 
(6, -1, -3), [1, 5, 10, -56, 190, 1805, 6859], 3.19.f_k_ace 
(6, -1, -2), [1, 5, 11, -50, 209, 1805, 6859], 3.19.f_l_aby 
(6, -1, -1), [1, 5, 12, -44, 228, 1805, 6859], 3.19.f_m_abs 
(5, 0, 10), [1, 5, 29, 50, 551, 1805, 6859], 3.19.f_bd_by 
(5, 0, 12), [1, 5, 31, 60, 589, 1805, 6859], 3.19.f_bf_ci 
(5, 0, 14), [1, 5, 33, 70, 627, 1805, 6859], 3.19.f_bh_cs 
(5, 0, 16), [1, 5, 35, 80, 665, 1805, 6859], 3.19.f_bj_dc 
(-1, 6, 28), [1, 5, 41, 200, 779, 1805, 6859], 3.19.f_bp_hs 
(-1, 6, 30), [1, 5, 43, 198, 817, 1805, 6859], 3.19.f_br_hq 
(-1, 6, 32), [1, 5, 45, 196, 855, 1805, 6859], 3.19.f_bt_ho 
(4, 1, 23), [1, 5, 46, 130, 874, 1805, 6859], 3.19.f_bu_fa 
(4, 1, 24), [1, 5, 47, 134, 893, 1805, 6859], 3.19.f_bv_fe 
(-1, 6, 34), [1, 5, 47, 194, 893, 1805, 6859], 3.19.f_bv_hm 
(4, 1, 25), [1, 5, 48, 138, 912, 1805, 6859], 3.19.f_bw_fi 
(4, 1, 27), [1, 5, 50, 146, 950, 1805, 6859], 3.19.f_by_fq 
(4, 1, 28), [1, 5, 51, 150, 969, 1805, 6859], 3.19.f_bz_fu 
(4, 1, 29), [1, 5, 52, 154, 988, 1805, 6859], 3.19.f_ca_fy 
(3, 2, 32), [1, 5, 57, 172, 1083, 1805, 6859], 3.19.f_cf_gq 
(3, 2, 34), [1, 5, 59, 178, 1121, 1805, 6859], 3.19.f_ch_gw 
(3, 2, 36), [1, 5, 61, 184, 1159, 1805, 6859], 3.19.f_cj_hc 
(2, 3, 37), [1, 5, 62, 188, 1178, 1805, 6859], 3.19.f_ck_hg 
(1, 4, 40), [1, 5, 63, 192, 1197, 1805, 6859], 3.19.f_cl_hk 
(2, 3, 39), [1, 5, 64, 192, 1216, 1805, 6859], 3.19.f_cm_hk 
(7, -1, -29), [1, 6, -17, -241, -323, 2166, 6859], 3.19.g_ar_ajh 
(8, -2, -20), [1, 6, -17, -236, -323, 2166, 6859], 3.19.g_ar_ajc 
(7, -1, -25), [1, 6, -13, -213, -247, 2166, 6859], 3.19.g_an_aif 
(7, -1, -24), [1, 6, -12, -206, -228, 2166, 6859], 3.19.g_am_ahy 
(7, -1, -23), [1, 6, -11, -199, -209, 2166, 6859], 3.19.g_al_ahr 
(7, -1, -21), [1, 6, -9, -185, -171, 2166, 6859], 3.19.g_aj_ahd 
(7, -1, -17), [1, 6, -5, -157, -95, 2166, 6859], 3.19.g_af_agb 
(7, -1, -15), [1, 6, -3, -143, -57, 2166, 6859], 3.19.g_ad_afn 
(6, 0, 1), [1, 6, 20, 6, 380, 2166, 6859], 3.19.g_u_g 
(6, 0, 3), [1, 6, 22, 18, 418, 2166, 6859], 3.19.g_w_s 
(5, 1, 15), [1, 6, 39, 113, 741, 2166, 6859], 3.19.g_bn_ej 
(-1, 7, 27), [1, 6, 39, 239, 741, 2166, 6859], 3.19.g_bn_jf 
(-1, 7, 28), [1, 6, 40, 238, 760, 2166, 6859], 3.19.g_bo_je 
(5, 1, 17), [1, 6, 41, 123, 779, 2166, 6859], 3.19.g_bp_et 
(-1, 7, 29), [1, 6, 41, 237, 779, 2166, 6859], 3.19.g_bp_jd 
(-1, 7, 31), [1, 6, 43, 235, 817, 2166, 6859], 3.19.g_br_jb 
(5, 1, 21), [1, 6, 45, 143, 855, 2166, 6859], 3.19.g_bt_fn 
(-1, 7, 33), [1, 6, 45, 233, 855, 2166, 6859], 3.19.g_bt_iz 
(4, 2, 29), [1, 6, 56, 192, 1064, 2166, 6859], 3.19.g_ce_hk 
(4, 2, 31), [1, 6, 58, 200, 1102, 2166, 6859], 3.19.g_cg_hs 
(3, 3, 35), [1, 6, 63, 219, 1197, 2166, 6859], 3.19.g_cl_il 
(1, 5, 39), [1, 6, 63, 229, 1197, 2166, 6859], 3.19.g_cl_iv 
(3, 3, 37), [1, 6, 65, 225, 1235, 2166, 6859], 3.19.g_cn_ir 
(1, 5, 41), [1, 6, 65, 231, 1235, 2166, 6859], 3.19.g_cn_ix 
(2, 4, 39), [1, 6, 66, 230, 1254, 2166, 6859], 3.19.g_co_iw 
(3, 3, 39), [1, 6, 67, 231, 1273, 2166, 6859], 3.19.g_cp_ix 
(1, 5, 43), [1, 6, 67, 233, 1273, 2166, 6859], 3.19.g_cp_iz 
(8, -1, -29), [1, 7, -18, -270, -342, 2527, 6859], 3.19.h_as_akk 
(7, 0, -36), [1, 7, -17, -252, -323, 2527, 6859], 3.19.h_ar_ajs 
(6, 1, -29), [1, 7, -4, -136, -76, 2527, 6859], 3.19.h_ae_afg 
(7, 0, -22), [1, 7, -3, -154, -57, 2527, 6859], 3.19.h_ad_afy 
(7, 0, -20), [1, 7, -1, -140, -19, 2527, 6859], 3.19.h_ab_afk 
(7, 0, -14), [1, 7, 5, -98, 95, 2527, 6859], 3.19.h_f_adu 
(7, 0, -12), [1, 7, 7, -84, 133, 2527, 6859], 3.19.h_h_adg 
(7, 0, -10), [1, 7, 9, -70, 171, 2527, 6859], 3.19.h_j_acs 
(7, 0, -8), [1, 7, 11, -56, 209, 2527, 6859], 3.19.h_l_ace 
(6, 1, 5), [1, 7, 30, 68, 570, 2527, 6859], 3.19.h_be_cq 
(6, 1, 6), [1, 7, 31, 74, 589, 2527, 6859], 3.19.h_bf_cw 
(6, 1, 7), [1, 7, 32, 80, 608, 2527, 6859], 3.19.h_bg_dc 
(6, 1, 9), [1, 7, 34, 92, 646, 2527, 6859], 3.19.h_bi_do 
(6, 1, 10), [1, 7, 35, 98, 665, 2527, 6859], 3.19.h_bj_du 
(6, 1, 11), [1, 7, 36, 104, 684, 2527, 6859], 3.19.h_bk_ea 
(-1, 8, 32), [1, 7, 43, 272, 817, 2527, 6859], 3.19.h_br_km 
(5, 2, 20), [1, 7, 49, 176, 931, 2527, 6859], 3.19.h_bx_gu 
(5, 2, 22), [1, 7, 51, 186, 969, 2527, 6859], 3.19.h_bz_he 
(5, 2, 24), [1, 7, 53, 196, 1007, 2527, 6859], 3.19.h_cb_ho 
(5, 2, 26), [1, 7, 55, 206, 1045, 2527, 6859], 3.19.h_cd_hy 
(4, 3, 31), [1, 7, 62, 238, 1178, 2527, 6859], 3.19.h_ck_je 
(4, 3, 32), [1, 7, 63, 242, 1197, 2527, 6859], 3.19.h_cl_ji 
(4, 3, 33), [1, 7, 64, 246, 1216, 2527, 6859], 3.19.h_cm_jm 
(1, 6, 40), [1, 7, 65, 268, 1235, 2527, 6859], 3.19.h_cn_ki 
(4, 3, 35), [1, 7, 66, 254, 1254, 2527, 6859], 3.19.h_co_ju 
(4, 3, 36), [1, 7, 67, 258, 1273, 2527, 6859], 3.19.h_cp_jy 
(1, 6, 42), [1, 7, 67, 270, 1273, 2527, 6859], 3.19.h_cp_kk 
(4, 3, 37), [1, 7, 68, 262, 1292, 2527, 6859], 3.19.h_cq_kc 
(1, 6, 44), [1, 7, 69, 272, 1311, 2527, 6859], 3.19.h_cr_km 
(2, 5, 41), [1, 7, 70, 272, 1330, 2527, 6859], 3.19.h_cs_km 
(3, 4, 40), [1, 7, 71, 272, 1349, 2527, 6859], 3.19.h_ct_km 
(2, 5, 43), [1, 7, 72, 276, 1368, 2527, 6859], 3.19.h_cu_kq 
(8, 0, -37), [1, 8, -18, -296, -342, 2888, 6859], 3.19.i_as_alk 
(8, 0, -36), [1, 8, -17, -288, -323, 2888, 6859], 3.19.i_ar_alc 
(8, 0, -35), [1, 8, -16, -280, -304, 2888, 6859], 3.19.i_aq_aku 
(8, 0, -29), [1, 8, -10, -232, -190, 2888, 6859], 3.19.i_ak_aiy 
(8, 0, -28), [1, 8, -9, -224, -171, 2888, 6859], 3.19.i_aj_aiq 
(8, 0, -27), [1, 8, -8, -216, -152, 2888, 6859], 3.19.i_ai_aii 
(8, 0, -25), [1, 8, -6, -200, -114, 2888, 6859], 3.19.i_ag_ahs 
(8, 0, -24), [1, 8, -5, -192, -95, 2888, 6859], 3.19.i_af_ahk 
(8, 0, -21), [1, 8, -2, -168, -38, 2888, 6859], 3.19.i_ac_agm 
(7, 1, -7), [1, 8, 19, -11, 361, 2888, 6859], 3.19.i_t_al 
(7, 1, -5), [1, 8, 21, 3, 399, 2888, 6859], 3.19.i_v_d 
(7, 1, -3), [1, 8, 23, 17, 437, 2888, 6859], 3.19.i_x_r 
(7, 1, -1), [1, 8, 25, 31, 475, 2888, 6859], 3.19.i_z_bf 
(6, 2, 13), [1, 8, 44, 154, 836, 2888, 6859], 3.19.i_bs_fy 
(6, 2, 15), [1, 8, 46, 166, 874, 2888, 6859], 3.19.i_bu_gk 
(-1, 9, 41), [1, 8, 51, 301, 969, 2888, 6859], 3.19.i_bz_lp 
(5, 3, 25), [1, 8, 59, 239, 1121, 2888, 6859], 3.19.i_ch_jf 
(5, 3, 27), [1, 8, 61, 249, 1159, 2888, 6859], 3.19.i_cj_jp 
(5, 3, 29), [1, 8, 63, 259, 1197, 2888, 6859], 3.19.i_cl_jz 
(5, 3, 31), [1, 8, 65, 269, 1235, 2888, 6859], 3.19.i_cn_kj 
(1, 7, 41), [1, 8, 67, 307, 1273, 2888, 6859], 3.19.i_cp_lv 
(1, 7, 43), [1, 8, 69, 309, 1311, 2888, 6859], 3.19.i_cr_lx 
(1, 7, 45), [1, 8, 71, 311, 1349, 2888, 6859], 3.19.i_ct_lz 
(4, 4, 37), [1, 8, 72, 300, 1368, 2888, 6859], 3.19.i_cu_lo 
(1, 7, 47), [1, 8, 73, 313, 1387, 2888, 6859], 3.19.i_cv_mb 
(4, 4, 39), [1, 8, 74, 308, 1406, 2888, 6859], 3.19.i_cw_lw 
(3, 5, 41), [1, 8, 75, 313, 1425, 2888, 6859], 3.19.i_cx_mb 
(2, 6, 45), [1, 8, 76, 318, 1444, 2888, 6859], 3.19.i_cy_mg 
(3, 5, 43), [1, 8, 77, 319, 1463, 2888, 6859], 3.19.i_cz_mh 
(8, 1, -29), [1, 9, -2, -194, -38, 3249, 6859], 3.19.j_ac_ahm 
(8, 1, -21), [1, 9, 6, -130, 114, 3249, 6859], 3.19.j_g_afa 
(8, 1, -20), [1, 9, 7, -122, 133, 3249, 6859], 3.19.j_h_aes 
(8, 1, -17), [1, 9, 10, -98, 190, 3249, 6859], 3.19.j_k_adu 
(8, 1, -16), [1, 9, 11, -90, 209, 3249, 6859], 3.19.j_l_adm 
(8, 1, -15), [1, 9, 12, -82, 228, 3249, 6859], 3.19.j_m_ade 
(8, 1, -14), [1, 9, 13, -74, 247, 3249, 6859], 3.19.j_n_acw 
(7, 2, 2), [1, 9, 35, 90, 665, 3249, 6859], 3.19.j_bj_dm 
(7, 2, 4), [1, 9, 37, 104, 703, 3249, 6859], 3.19.j_bl_ea 
(7, 2, 6), [1, 9, 39, 118, 741, 3249, 6859], 3.19.j_bn_eo 
(6, 3, 17), [1, 9, 54, 216, 1026, 3249, 6859], 3.19.j_cc_ii 
(6, 3, 18), [1, 9, 55, 222, 1045, 3249, 6859], 3.19.j_cd_io 
(6, 3, 21), [1, 9, 58, 240, 1102, 3249, 6859], 3.19.j_cg_jg 
(6, 3, 22), [1, 9, 59, 246, 1121, 3249, 6859], 3.19.j_ch_jm 
(6, 3, 23), [1, 9, 60, 252, 1140, 3249, 6859], 3.19.j_ci_js 
(5, 4, 30), [1, 9, 69, 302, 1311, 3249, 6859], 3.19.j_cr_lq 
(1, 8, 42), [1, 9, 69, 346, 1311, 3249, 6859], 3.19.j_cr_ni 
(5, 4, 32), [1, 9, 71, 312, 1349, 3249, 6859], 3.19.j_ct_ma 
(1, 8, 44), [1, 9, 71, 348, 1349, 3249, 6859], 3.19.j_ct_nk 
(5, 4, 34), [1, 9, 73, 322, 1387, 3249, 6859], 3.19.j_cv_mk 
(1, 8, 46), [1, 9, 73, 350, 1387, 3249, 6859], 3.19.j_cv_nm 
(5, 4, 36), [1, 9, 75, 332, 1425, 3249, 6859], 3.19.j_cx_mu 
(1, 8, 48), [1, 9, 75, 352, 1425, 3249, 6859], 3.19.j_cx_no 
(4, 5, 39), [1, 9, 78, 346, 1482, 3249, 6859], 3.19.j_da_ni 
(2, 7, 45), [1, 9, 78, 356, 1482, 3249, 6859], 3.19.j_da_ns 
(4, 5, 40), [1, 9, 79, 350, 1501, 3249, 6859], 3.19.j_db_nm 
(2, 7, 46), [1, 9, 79, 358, 1501, 3249, 6859], 3.19.j_db_nu 
(4, 5, 41), [1, 9, 80, 354, 1520, 3249, 6859], 3.19.j_dc_nq 
(2, 7, 47), [1, 9, 80, 360, 1520, 3249, 6859], 3.19.j_dc_nw 
(3, 6, 44), [1, 9, 81, 360, 1539, 3249, 6859], 3.19.j_dd_nw 
(4, 5, 43), [1, 9, 82, 362, 1558, 3249, 6859], 3.19.j_de_ny 
(2, 7, 49), [1, 9, 82, 364, 1558, 3249, 6859], 3.19.j_de_oa 
(8, 2, -12), [1, 10, 23, -20, 437, 3610, 6859], 3.19.k_x_au 
(8, 2, -11), [1, 10, 24, -12, 456, 3610, 6859], 3.19.k_y_am 
(8, 2, -9), [1, 10, 26, 4, 494, 3610, 6859], 3.19.k_ba_e 
(8, 2, -8), [1, 10, 27, 12, 513, 3610, 6859], 3.19.k_bb_m 
(7, 3, -11), [1, 10, 29, 37, 551, 3610, 6859], 3.19.k_bd_bl 
(7, 3, 5), [1, 10, 45, 149, 855, 3610, 6859], 3.19.k_bt_ft 
(7, 3, 7), [1, 10, 47, 163, 893, 3610, 6859], 3.19.k_bv_gh 
(7, 3, 9), [1, 10, 49, 177, 931, 3610, 6859], 3.19.k_bx_gv 
(7, 3, 11), [1, 10, 51, 191, 969, 3610, 6859], 3.19.k_bz_hj 
(7, 3, 13), [1, 10, 53, 205, 1007, 3610, 6859], 3.19.k_cb_hx 
(6, 4, 25), [1, 10, 68, 302, 1292, 3610, 6859], 3.19.k_cq_lq 
(6, 4, 27), [1, 10, 70, 314, 1330, 3610, 6859], 3.19.k_cs_mc 
(1, 9, 43), [1, 10, 71, 385, 1349, 3610, 6859], 3.19.k_ct_ov 
(1, 9, 45), [1, 10, 73, 387, 1387, 3610, 6859], 3.19.k_cv_ox 
(6, 4, 31), [1, 10, 74, 338, 1406, 3610, 6859], 3.19.k_cw_na 
(1, 9, 47), [1, 10, 75, 389, 1425, 3610, 6859], 3.19.k_cx_oz 
(1, 9, 49), [1, 10, 77, 391, 1463, 3610, 6859], 3.19.k_cz_pb 
(5, 5, 35), [1, 10, 79, 365, 1501, 3610, 6859], 3.19.k_db_ob 
(5, 5, 37), [1, 10, 81, 375, 1539, 3610, 6859], 3.19.k_dd_ol 
(2, 8, 47), [1, 10, 82, 398, 1558, 3610, 6859], 3.19.k_de_pi 
(5, 5, 39), [1, 10, 83, 385, 1577, 3610, 6859], 3.19.k_df_ov 
(2, 8, 49), [1, 10, 84, 402, 1596, 3610, 6859], 3.19.k_dg_pm 
(5, 5, 41), [1, 10, 85, 395, 1615, 3610, 6859], 3.19.k_dh_pf 
(2, 8, 51), [1, 10, 86, 406, 1634, 3610, 6859], 3.19.k_di_pq 
(5, 5, 43), [1, 10, 87, 405, 1653, 3610, 6859], 3.19.k_dj_pp 
(3, 7, 47), [1, 10, 87, 407, 1653, 3610, 6859], 3.19.k_dj_pr 
(4, 6, 45), [1, 10, 88, 408, 1672, 3610, 6859], 3.19.k_dk_ps 
(3, 7, 49), [1, 10, 89, 413, 1691, 3610, 6859], 3.19.k_dl_px 
(8, 3, -6), [1, 11, 37, 66, 703, 3971, 6859], 3.19.l_bl_co 
(8, 3, -5), [1, 11, 38, 74, 722, 3971, 6859], 3.19.l_bm_cw 
(8, 3, -4), [1, 11, 39, 82, 741, 3971, 6859], 3.19.l_bn_de 
(8, 3, -3), [1, 11, 40, 90, 760, 3971, 6859], 3.19.l_bo_dm 
(8, 3, -1), [1, 11, 42, 106, 798, 3971, 6859], 3.19.l_bq_ec 
(8, 3, 1), [1, 11, 44, 122, 836, 3971, 6859], 3.19.l_bs_es 
(7, 4, 14), [1, 11, 61, 250, 1159, 3971, 6859], 3.19.l_cj_jq 
(7, 4, 16), [1, 11, 63, 264, 1197, 3971, 6859], 3.19.l_cl_ke 
(7, 4, 18), [1, 11, 65, 278, 1235, 3971, 6859], 3.19.l_cn_ks 
(7, 4, 20), [1, 11, 67, 292, 1273, 3971, 6859], 3.19.l_cp_lg 
(6, 5, 29), [1, 11, 78, 364, 1482, 3971, 6859], 3.19.l_da_oa 
(2, 9, 41), [1, 11, 78, 424, 1482, 3971, 6859], 3.19.l_da_qi 
(6, 5, 30), [1, 11, 79, 370, 1501, 3971, 6859], 3.19.l_db_og 
(1, 10, 50), [1, 11, 79, 430, 1501, 3971, 6859], 3.19.l_db_qo 
(6, 5, 31), [1, 11, 80, 376, 1520, 3971, 6859], 3.19.l_dc_om 
(6, 5, 33), [1, 11, 82, 388, 1558, 3971, 6859], 3.19.l_de_oy 
(6, 5, 34), [1, 11, 83, 394, 1577, 3971, 6859], 3.19.l_df_pe 
(6, 5, 35), [1, 11, 84, 400, 1596, 3971, 6859], 3.19.l_dg_pk 
(2, 9, 49), [1, 11, 86, 440, 1634, 3971, 6859], 3.19.l_di_qy 
(2, 9, 50), [1, 11, 87, 442, 1653, 3971, 6859], 3.19.l_dj_ra 
(2, 9, 51), [1, 11, 88, 444, 1672, 3971, 6859], 3.19.l_dk_rc 
(5, 6, 40), [1, 11, 89, 428, 1691, 3971, 6859], 3.19.l_dl_qm 
(2, 9, 53), [1, 11, 90, 448, 1710, 3971, 6859], 3.19.l_dm_rg 
(5, 6, 42), [1, 11, 91, 438, 1729, 3971, 6859], 3.19.l_dn_qw 
(2, 9, 54), [1, 11, 91, 450, 1729, 3971, 6859], 3.19.l_dn_ri 
(2, 9, 55), [1, 11, 92, 452, 1748, 3971, 6859], 3.19.l_do_rk 
(5, 6, 44), [1, 11, 93, 448, 1767, 3971, 6859], 3.19.l_dp_rg 
(4, 7, 47), [1, 11, 94, 454, 1786, 3971, 6859], 3.19.l_dq_rm 
(3, 8, 52), [1, 11, 95, 460, 1805, 3971, 6859], 3.19.l_dr_rs 
(4, 7, 49), [1, 11, 96, 462, 1824, 3971, 6859], 3.19.l_ds_ru 
(8, 4, 5), [1, 12, 56, 192, 1064, 4332, 6859], 3.19.m_ce_hk 
(8, 4, 7), [1, 12, 58, 208, 1102, 4332, 6859], 3.19.m_cg_ia 
(7, 5, 21), [1, 12, 75, 337, 1425, 4332, 6859], 3.19.m_cx_mz 
(7, 5, 23), [1, 12, 77, 351, 1463, 4332, 6859], 3.19.m_cz_nn 
(7, 5, 25), [1, 12, 79, 365, 1501, 4332, 6859], 3.19.m_db_ob 
(7, 5, 27), [1, 12, 81, 379, 1539, 4332, 6859], 3.19.m_dd_op 
(6, 6, 37), [1, 12, 92, 450, 1748, 4332, 6859], 3.19.m_do_ri 
(2, 10, 53), [1, 12, 92, 486, 1748, 4332, 6859], 3.19.m_do_ss 
(6, 6, 39), [1, 12, 94, 462, 1786, 4332, 6859], 3.19.m_dq_ru 
(2, 10, 55), [1, 12, 94, 490, 1786, 4332, 6859], 3.19.m_dq_sw 
(5, 7, 45), [1, 12, 99, 491, 1881, 4332, 6859], 3.19.m_dv_sx 
(3, 9, 53), [1, 12, 99, 501, 1881, 4332, 6859], 3.19.m_dv_th 
(5, 7, 47), [1, 12, 101, 501, 1919, 4332, 6859], 3.19.m_dx_th 
(3, 9, 55), [1, 12, 101, 507, 1919, 4332, 6859], 3.19.m_dx_tn 
(5, 7, 49), [1, 12, 103, 511, 1957, 4332, 6859], 3.19.m_dz_tr 
(8, 5, 11), [1, 13, 70, 278, 1330, 4693, 6859], 3.19.n_cs_ks 
(8, 5, 12), [1, 13, 71, 286, 1349, 4693, 6859], 3.19.n_ct_la 
(8, 5, 13), [1, 13, 72, 294, 1368, 4693, 6859], 3.19.n_cu_li 
(8, 5, 15), [1, 13, 74, 310, 1406, 4693, 6859], 3.19.n_cw_ly 
(8, 5, 16), [1, 13, 75, 318, 1425, 4693, 6859], 3.19.n_cx_mg 
(8, 5, 17), [1, 13, 76, 326, 1444, 4693, 6859], 3.19.n_cy_mo 
(8, 5, 23), [1, 13, 82, 374, 1558, 4693, 6859], 3.19.n_de_ok 
(7, 6, 28), [1, 13, 89, 424, 1691, 4693, 6859], 3.19.n_dl_qi 
(7, 6, 30), [1, 13, 91, 438, 1729, 4693, 6859], 3.19.n_dn_qw 
(7, 6, 32), [1, 13, 93, 452, 1767, 4693, 6859], 3.19.n_dp_rk 
(7, 6, 34), [1, 13, 95, 466, 1805, 4693, 6859], 3.19.n_dr_ry 
(4, 9, 41), [1, 13, 96, 506, 1824, 4693, 6859], 3.19.n_ds_tm 
(3, 10, 50), [1, 13, 99, 530, 1881, 4693, 6859], 3.19.n_dv_uk 
(2, 11, 58), [1, 13, 99, 534, 1881, 4693, 6859], 3.19.n_dv_uo 
(2, 11, 59), [1, 13, 100, 536, 1900, 4693, 6859], 3.19.n_dw_uq 
(6, 7, 40), [1, 13, 101, 506, 1919, 4693, 6859], 3.19.n_dx_tm 
(2, 11, 60), [1, 13, 101, 538, 1919, 4693, 6859], 3.19.n_dx_us 
(6, 7, 41), [1, 13, 102, 512, 1938, 4693, 6859], 3.19.n_dy_ts 
(6, 7, 42), [1, 13, 103, 518, 1957, 4693, 6859], 3.19.n_dz_ty 
(6, 7, 43), [1, 13, 104, 524, 1976, 4693, 6859], 3.19.n_ea_ue 
(3, 10, 56), [1, 13, 105, 548, 1995, 4693, 6859], 3.19.n_eb_vc 
(6, 7, 45), [1, 13, 106, 536, 2014, 4693, 6859], 3.19.n_ec_uq 
(6, 7, 46), [1, 13, 107, 542, 2033, 4693, 6859], 3.19.n_ed_uw 
(3, 10, 58), [1, 13, 107, 554, 2033, 4693, 6859], 3.19.n_ed_vi 
(6, 7, 47), [1, 13, 108, 548, 2052, 4693, 6859], 3.19.n_ee_vc 
(3, 10, 60), [1, 13, 109, 560, 2071, 4693, 6859], 3.19.n_ef_vo 
(4, 9, 55), [1, 13, 110, 562, 2090, 4693, 6859], 3.19.n_eg_vq 
(5, 8, 52), [1, 13, 111, 564, 2109, 4693, 6859], 3.19.n_eh_vs 
(8, 6, 17), [1, 14, 84, 364, 1596, 5054, 6859], 3.19.o_dg_oa 
(8, 6, 21), [1, 14, 88, 396, 1672, 5054, 6859], 3.19.o_dk_pg 
(8, 6, 23), [1, 14, 90, 412, 1710, 5054, 6859], 3.19.o_dm_pw 
(8, 6, 25), [1, 14, 92, 428, 1748, 5054, 6859], 3.19.o_do_qm 
(7, 7, 35), [1, 14, 103, 511, 1957, 5054, 6859], 3.19.o_dz_tr 
(7, 7, 37), [1, 14, 105, 525, 1995, 5054, 6859], 3.19.o_eb_uf 
(6, 8, 39), [1, 14, 106, 538, 2014, 5054, 6859], 3.19.o_ec_us 
(7, 7, 39), [1, 14, 107, 539, 2033, 5054, 6859], 3.19.o_ed_ut 
(7, 7, 41), [1, 14, 109, 553, 2071, 5054, 6859], 3.19.o_ef_vh 
(2, 12, 67), [1, 14, 110, 590, 2090, 5054, 6859], 3.19.o_eg_ws 
(3, 11, 59), [1, 14, 111, 595, 2109, 5054, 6859], 3.19.o_eh_wx 
(3, 11, 61), [1, 14, 113, 601, 2147, 5054, 6859], 3.19.o_ej_xd 
(6, 8, 47), [1, 14, 114, 586, 2166, 5054, 6859], 3.19.o_ek_wo 
(3, 11, 63), [1, 14, 115, 607, 2185, 5054, 6859], 3.19.o_el_xj 
(6, 8, 49), [1, 14, 116, 598, 2204, 5054, 6859], 3.19.o_em_xa 
(3, 11, 64), [1, 14, 116, 610, 2204, 5054, 6859], 3.19.o_em_xm 
(3, 11, 65), [1, 14, 117, 613, 2223, 5054, 6859], 3.19.o_en_xp 
(6, 8, 51), [1, 14, 118, 610, 2242, 5054, 6859], 3.19.o_eo_xm 
(5, 9, 55), [1, 14, 119, 617, 2261, 5054, 6859], 3.19.o_ep_xt 
(3, 11, 67), [1, 14, 119, 619, 2261, 5054, 6859], 3.19.o_ep_xv 
(4, 10, 61), [1, 14, 120, 624, 2280, 5054, 6859], 3.19.o_eq_ya 
(8, 7, 26), [1, 15, 101, 474, 1919, 5415, 6859], 3.19.p_dx_sg 
(8, 7, 27), [1, 15, 102, 482, 1938, 5415, 6859], 3.19.p_dy_so 
(8, 7, 28), [1, 15, 103, 490, 1957, 5415, 6859], 3.19.p_dz_sw 
(8, 7, 29), [1, 15, 104, 498, 1976, 5415, 6859], 3.19.p_ea_te 
(8, 7, 31), [1, 15, 106, 514, 2014, 5415, 6859], 3.19.p_ec_tu 
(8, 7, 32), [1, 15, 107, 522, 2033, 5415, 6859], 3.19.p_ed_uc 
(8, 7, 33), [1, 15, 108, 530, 2052, 5415, 6859], 3.19.p_ee_uk 
(8, 7, 34), [1, 15, 109, 538, 2071, 5415, 6859], 3.19.p_ef_us 
(7, 8, 42), [1, 15, 117, 598, 2223, 5415, 6859], 3.19.p_en_xa 
(7, 8, 44), [1, 15, 119, 612, 2261, 5415, 6859], 3.19.p_ep_xo 
(7, 8, 46), [1, 15, 121, 626, 2299, 5415, 6859], 3.19.p_er_yc 
(4, 11, 58), [1, 15, 121, 650, 2299, 5415, 6859], 3.19.p_er_za 
(2, 13, 77), [1, 15, 122, 648, 2318, 5415, 6859], 3.19.p_es_yy 
(7, 8, 48), [1, 15, 123, 640, 2337, 5415, 6859], 3.19.p_et_yq 
(3, 12, 68), [1, 15, 123, 660, 2337, 5415, 6859], 3.19.p_et_zk 
(6, 9, 53), [1, 15, 126, 660, 2394, 5415, 6859], 3.19.p_ew_zk 
(4, 11, 63), [1, 15, 126, 670, 2394, 5415, 6859], 3.19.p_ew_zu 
(6, 9, 54), [1, 15, 127, 666, 2413, 5415, 6859], 3.19.p_ex_zq 
(4, 11, 64), [1, 15, 127, 674, 2413, 5415, 6859], 3.19.p_ex_zy 
(6, 9, 55), [1, 15, 128, 672, 2432, 5415, 6859], 3.19.p_ey_zw 
(4, 11, 65), [1, 15, 128, 678, 2432, 5415, 6859], 3.19.p_ey_bac 
(5, 10, 60), [1, 15, 129, 680, 2451, 5415, 6859], 3.19.p_ez_bae 
(4, 11, 67), [1, 15, 130, 686, 2470, 5415, 6859], 3.19.p_fa_bak 
(8, 8, 35), [1, 16, 118, 584, 2242, 5776, 6859], 3.19.q_eo_wm 
(8, 8, 37), [1, 16, 120, 600, 2280, 5776, 6859], 3.19.q_eq_xc 
(8, 8, 39), [1, 16, 122, 616, 2318, 5776, 6859], 3.19.q_es_xs 
(8, 8, 41), [1, 16, 124, 632, 2356, 5776, 6859], 3.19.q_eu_yi 
(6, 10, 51), [1, 16, 130, 686, 2470, 5776, 6859], 3.19.q_fa_bak 
(7, 9, 49), [1, 16, 131, 685, 2489, 5776, 6859], 3.19.q_fb_baj 
(7, 9, 51), [1, 16, 133, 699, 2527, 5776, 6859], 3.19.q_fd_bax 
(6, 10, 55), [1, 16, 134, 710, 2546, 5776, 6859], 3.19.q_fe_bbi 
(8, 8, 51), [1, 16, 134, 712, 2546, 5776, 6859], 3.19.q_fe_bbk 
(7, 9, 53), [1, 16, 135, 713, 2565, 5776, 6859], 3.19.q_ff_bbl 
(3, 13, 77), [1, 16, 135, 725, 2565, 5776, 6859], 3.19.q_ff_bbx 
(4, 12, 68), [1, 16, 135, 728, 2565, 5776, 6859], 3.19.q_ff_bca 
(4, 12, 69), [1, 16, 136, 732, 2584, 5776, 6859], 3.19.q_fg_bce 
(7, 9, 55), [1, 16, 137, 727, 2603, 5776, 6859], 3.19.q_fh_bbz 
(4, 12, 71), [1, 16, 138, 740, 2622, 5776, 6859], 3.19.q_fi_bcm 
(6, 10, 60), [1, 16, 139, 740, 2641, 5776, 6859], 3.19.q_fj_bcm 
(5, 11, 65), [1, 16, 139, 743, 2641, 5776, 6859], 3.19.q_fj_bcp 
(6, 10, 61), [1, 16, 140, 746, 2660, 5776, 6859], 3.19.q_fk_bcs 
(5, 11, 67), [1, 16, 141, 753, 2679, 5776, 6859], 3.19.q_fl_bcz 
(8, 9, 41), [1, 17, 132, 670, 2508, 6137, 6859], 3.19.r_fc_zu 
(8, 9, 42), [1, 17, 133, 678, 2527, 6137, 6859], 3.19.r_fd_bac 
(8, 9, 43), [1, 17, 134, 686, 2546, 6137, 6859], 3.19.r_fe_bak 
(8, 9, 44), [1, 17, 135, 694, 2565, 6137, 6859], 3.19.r_ff_bas 
(8, 9, 45), [1, 17, 136, 702, 2584, 6137, 6859], 3.19.r_fg_bba 
(8, 9, 47), [1, 17, 138, 718, 2622, 6137, 6859], 3.19.r_fi_bbq 
(8, 9, 48), [1, 17, 139, 726, 2641, 6137, 6859], 3.19.r_fj_bby 
(7, 10, 50), [1, 17, 139, 730, 2641, 6137, 6859], 3.19.r_fj_bcc 
(8, 9, 49), [1, 17, 140, 734, 2660, 6137, 6859], 3.19.r_fk_bcg 
(8, 9, 50), [1, 17, 141, 742, 2679, 6137, 6859], 3.19.r_fl_bco 
(7, 10, 52), [1, 17, 141, 744, 2679, 6137, 6859], 3.19.r_fl_bcq 
(8, 9, 51), [1, 17, 142, 750, 2698, 6137, 6859], 3.19.r_fm_bcw 
(6, 11, 58), [1, 17, 143, 766, 2717, 6137, 6859], 3.19.r_fn_bdm 
(6, 11, 59), [1, 17, 144, 772, 2736, 6137, 6859], 3.19.r_fo_bds 
(7, 10, 56), [1, 17, 145, 772, 2755, 6137, 6859], 3.19.r_fp_bds 
(7, 10, 58), [1, 17, 147, 786, 2793, 6137, 6859], 3.19.r_fr_beg 
(4, 13, 77), [1, 17, 148, 802, 2812, 6137, 6859], 3.19.r_fs_bew 
(7, 10, 60), [1, 17, 149, 800, 2831, 6137, 6859], 3.19.r_ft_beu 
(6, 11, 64), [1, 17, 149, 802, 2831, 6137, 6859], 3.19.r_ft_bew 
(6, 11, 65), [1, 17, 150, 808, 2850, 6137, 6859], 3.19.r_fu_bfc 
(4, 13, 79), [1, 17, 150, 810, 2850, 6137, 6859], 3.19.r_fu_bfe 
(5, 12, 72), [1, 17, 151, 816, 2869, 6137, 6859], 3.19.r_fv_bfk 
(6, 11, 67), [1, 17, 152, 820, 2888, 6137, 6859], 3.19.r_fw_bfo 
(8, 10, 53), [1, 18, 152, 804, 2888, 6498, 6859], 3.19.s_fw_bey 
(8, 10, 55), [1, 18, 154, 820, 2926, 6498, 6859], 3.19.s_fy_bfo 
(8, 10, 56), [1, 18, 155, 828, 2945, 6498, 6859], 3.19.s_fz_bfw 
(7, 11, 60), [1, 18, 156, 838, 2964, 6498, 6859], 3.19.s_ga_bgg 
(7, 11, 61), [1, 18, 157, 845, 2983, 6498, 6859], 3.19.s_gb_bgn 
(3, 15, 93), [1, 18, 157, 849, 2983, 6498, 6859], 3.19.s_gb_bgr 
(6, 12, 67), [1, 18, 158, 858, 3002, 6498, 6859], 3.19.s_gc_bha 
(7, 11, 63), [1, 18, 159, 859, 3021, 6498, 6859], 3.19.s_gd_bhb 
(7, 11, 64), [1, 18, 160, 866, 3040, 6498, 6859], 3.19.s_ge_bhi 
(8, 10, 61), [1, 18, 160, 868, 3040, 6498, 6859], 3.19.s_ge_bhk 
(6, 12, 69), [1, 18, 160, 870, 3040, 6498, 6859], 3.19.s_ge_bhm 
(7, 11, 65), [1, 18, 161, 873, 3059, 6498, 6859], 3.19.s_gf_bhp 
(5, 13, 77), [1, 18, 161, 879, 3059, 6498, 6859], 3.19.s_gf_bhv 
(6, 12, 71), [1, 18, 162, 882, 3078, 6498, 6859], 3.19.s_gg_bhy 
(7, 11, 67), [1, 18, 163, 887, 3097, 6498, 6859], 3.19.s_gh_bid 
(6, 12, 72), [1, 18, 163, 888, 3097, 6498, 6859], 3.19.s_gh_bie 
(5, 13, 79), [1, 18, 163, 889, 3097, 6498, 6859], 3.19.s_gh_bif 
(8, 11, 58), [1, 19, 165, 882, 3135, 6859, 6859], 3.19.t_gj_bhy 
(8, 11, 59), [1, 19, 166, 890, 3154, 6859, 6859], 3.19.t_gk_big 
(8, 11, 60), [1, 19, 167, 898, 3173, 6859, 6859], 3.19.t_gl_bio 
(8, 11, 61), [1, 19, 168, 906, 3192, 6859, 6859], 3.19.t_gm_biw 
(8, 11, 63), [1, 19, 170, 922, 3230, 6859, 6859], 3.19.t_go_bjm 
(8, 11, 64), [1, 19, 171, 930, 3249, 6859, 6859], 3.19.t_gp_bju 
(7, 12, 68), [1, 19, 171, 932, 3249, 6859, 6859], 3.19.t_gp_bjw 
(8, 11, 65), [1, 19, 172, 938, 3268, 6859, 6859], 3.19.t_gq_bkc 
(4, 15, 93), [1, 19, 172, 942, 3268, 6859, 6859], 3.19.t_gq_bkg 
(8, 11, 67), [1, 19, 174, 954, 3306, 6859, 6859], 3.19.t_gs_bks 
(6, 13, 77), [1, 19, 174, 956, 3306, 6859, 6859], 3.19.t_gs_bku 
(7, 12, 72), [1, 19, 175, 960, 3325, 6859, 6859], 3.19.t_gt_bky 
(6, 13, 79), [1, 19, 176, 968, 3344, 6859, 6859], 3.19.t_gu_blg 
(8, 12, 67), [1, 20, 182, 992, 3458, 7220, 6859], 3.19.u_ha_bme 
(8, 12, 68), [1, 20, 183, 1000, 3477, 7220, 6859], 3.19.u_hb_bmm 
(8, 12, 69), [1, 20, 184, 1008, 3496, 7220, 6859], 3.19.u_hc_bmu 
(8, 12, 71), [1, 20, 186, 1024, 3534, 7220, 6859], 3.19.u_he_bnk 
(7, 13, 77), [1, 20, 187, 1033, 3553, 7220, 6859], 3.19.u_hf_bnt 
(5, 15, 93), [1, 20, 187, 1035, 3553, 7220, 6859], 3.19.u_hf_bnv 
(6, 14, 85), [1, 20, 188, 1042, 3572, 7220, 6859], 3.19.u_hg_boc 
(7, 13, 79), [1, 20, 189, 1047, 3591, 7220, 6859], 3.19.u_hh_boh 
(8, 13, 77), [1, 21, 200, 1110, 3800, 7581, 6859], 3.19.v_hs_bqs 
(8, 13, 79), [1, 21, 202, 1126, 3838, 7581, 6859], 3.19.v_hu_bri 
(6, 15, 93), [1, 21, 202, 1128, 3838, 7581, 6859], 3.19.v_hu_brk 
(8, 14, 85), [1, 22, 216, 1212, 4104, 7942, 6859], 3.19.w_ii_buq 
(7, 15, 93), [1, 22, 217, 1221, 4123, 7942, 6859], 3.19.w_ij_buz 
(8, 15, 93), [1, 23, 232, 1314, 4408, 8303, 6859], 3.19.x_iy_byo 
