(-7, -7, 28), [1, -14, 90, -378, 1170, -2366, 2197], 3.13.ao_dm_aoo 
(-7, -7, 29), [1, -14, 91, -385, 1183, -2366, 2197], 3.13.ao_dn_aov 
(-7, -7, 31), [1, -14, 93, -399, 1209, -2366, 2197], 3.13.ao_dp_apj 
(-6, -8, 35), [1, -14, 96, -418, 1248, -2366, 2197], 3.13.ao_ds_aqc 
(-7, -7, 35), [1, -14, 97, -427, 1261, -2366, 2197], 3.13.ao_dt_aql 
(-7, -7, 37), [1, -14, 99, -441, 1287, -2366, 2197], 3.13.ao_dv_aqz 
(-5, -9, 41), [1, -14, 99, -439, 1287, -2366, 2197], 3.13.ao_dv_aqx 
(-3, -11, 55), [1, -14, 101, -451, 1313, -2366, 2197], 3.13.ao_dx_arj 
(-5, -9, 43), [1, -14, 101, -449, 1313, -2366, 2197], 3.13.ao_dx_arh 
(-6, -8, 40), [1, -14, 101, -448, 1313, -2366, 2197], 3.13.ao_dx_arg 
(-7, -6, 22), [1, -13, 77, -310, 1001, -2197, 2197], 3.13.an_cz_aly 
(-6, -7, 25), [1, -13, 80, -332, 1040, -2197, 2197], 3.13.an_dc_amu 
(-7, -6, 28), [1, -13, 83, -352, 1079, -2197, 2197], 3.13.an_df_ano 
(-6, -7, 28), [1, -13, 83, -350, 1079, -2197, 2197], 3.13.an_df_anm 
(-6, -7, 29), [1, -13, 84, -356, 1092, -2197, 2197], 3.13.an_dg_ans 
(-5, -8, 32), [1, -13, 85, -368, 1105, -2197, 2197], 3.13.an_dh_aoe 
(-7, -6, 30), [1, -13, 85, -366, 1105, -2197, 2197], 3.13.an_dh_aoc 
(-6, -7, 30), [1, -13, 85, -362, 1105, -2197, 2197], 3.13.an_dh_any 
(-7, -6, 32), [1, -13, 87, -380, 1131, -2197, 2197], 3.13.an_dj_aoq 
(-6, -7, 34), [1, -13, 89, -386, 1157, -2197, 2197], 3.13.an_dl_aow 
(-4, -9, 41), [1, -13, 90, -398, 1170, -2197, 2197], 3.13.an_dm_api 
(-2, -11, 55), [1, -13, 90, -396, 1170, -2197, 2197], 3.13.an_dm_apg 
(-6, -7, 35), [1, -13, 90, -392, 1170, -2197, 2197], 3.13.an_dm_apc 
(-4, -9, 43), [1, -13, 92, -406, 1196, -2197, 2197], 3.13.an_do_apq 
(-6, -7, 37), [1, -13, 92, -404, 1196, -2197, 2197], 3.13.an_do_apo 
(-7, -5, 14), [1, -12, 62, -228, 806, -2028, 2197], 3.13.am_ck_aiu 
(-7, -5, 15), [1, -12, 63, -235, 819, -2028, 2197], 3.13.am_cl_ajb 
(-7, -5, 18), [1, -12, 66, -256, 858, -2028, 2197], 3.13.am_co_ajw 
(-7, -5, 21), [1, -12, 69, -277, 897, -2028, 2197], 3.13.am_cr_akr 
(-7, -5, 22), [1, -12, 70, -284, 910, -2028, 2197], 3.13.am_cs_aky 
(-7, -5, 23), [1, -12, 71, -291, 923, -2028, 2197], 3.13.am_ct_alf 
(-7, -5, 29), [1, -12, 77, -333, 1001, -2028, 2197], 3.13.am_cz_amv 
(-4, -8, 35), [1, -12, 80, -348, 1040, -2028, 2197], 3.13.am_dc_ank 
(-3, -9, 41), [1, -12, 81, -357, 1053, -2028, 2197], 3.13.am_dd_ant 
(-5, -7, 33), [1, -12, 81, -347, 1053, -2028, 2197], 3.13.am_dd_anj 
(-3, -9, 42), [1, -12, 82, -360, 1066, -2028, 2197], 3.13.am_de_anw 
(-7, -4, 8), [1, -11, 49, -160, 637, -1859, 2197], 3.13.al_bx_age 
(-6, -5, 11), [1, -11, 54, -196, 702, -1859, 2197], 3.13.al_cc_aho 
(-6, -5, 16), [1, -11, 59, -226, 767, -1859, 2197], 3.13.al_ch_ais 
(-6, -5, 17), [1, -11, 60, -232, 780, -1859, 2197], 3.13.al_ci_aiy 
(-7, -4, 20), [1, -11, 61, -244, 793, -1859, 2197], 3.13.al_cj_ajk 
(-6, -5, 18), [1, -11, 61, -238, 793, -1859, 2197], 3.13.al_cj_aje 
(-6, -5, 22), [1, -11, 65, -262, 845, -1859, 2197], 3.13.al_cn_akc 
(-6, -5, 23), [1, -11, 66, -268, 858, -1859, 2197], 3.13.al_co_aki 
(-5, -6, 28), [1, -11, 71, -296, 923, -1859, 2197], 3.13.al_ct_alk 
(-6, -5, 29), [1, -11, 72, -304, 936, -1859, 2197], 3.13.al_cu_als 
(-2, -9, 42), [1, -11, 73, -318, 949, -1859, 2197], 3.13.al_cv_amg 
(-2, -9, 43), [1, -11, 74, -320, 962, -1859, 2197], 3.13.al_cw_ami 
(-4, -7, 35), [1, -11, 76, -322, 988, -1859, 2197], 3.13.al_cy_amk 
(-7, -3, -4), [1, -10, 30, -50, 390, -1690, 2197], 3.13.ak_be_aby 
(-7, -3, 1), [1, -10, 35, -85, 455, -1690, 2197], 3.13.ak_bj_adh 
(-7, -3, 2), [1, -10, 36, -92, 468, -1690, 2197], 3.13.ak_bk_ado 
(-7, -3, 3), [1, -10, 37, -99, 481, -1690, 2197], 3.13.ak_bl_adv 
(-7, -3, 5), [1, -10, 39, -113, 507, -1690, 2197], 3.13.ak_bn_aej 
(-3, -7, 25), [1, -10, 59, -257, 767, -1690, 2197], 3.13.ak_ch_ajx 
(-5, -5, 23), [1, -10, 61, -245, 793, -1690, 2197], 3.13.ak_cj_ajl 
(-5, -5, 29), [1, -10, 67, -275, 871, -1690, 2197], 3.13.ak_cp_akp 
(-3, -7, 35), [1, -10, 69, -287, 897, -1690, 2197], 3.13.ak_cr_alb 
(-7, -2, -6), [1, -9, 21, -10, 273, -1521, 2197], 3.13.aj_v_ak 
(-7, -2, -4), [1, -9, 23, -24, 299, -1521, 2197], 3.13.aj_x_ay 
(-6, -3, 5), [1, -9, 36, -108, 468, -1521, 2197], 3.13.aj_bk_aee 
(-6, -3, 6), [1, -9, 37, -114, 481, -1521, 2197], 3.13.aj_bl_aek 
(-6, -3, 10), [1, -9, 41, -138, 533, -1521, 2197], 3.13.aj_bp_afi 
(-6, -3, 11), [1, -9, 42, -144, 546, -1521, 2197], 3.13.aj_bq_afo 
(-5, -4, 18), [1, -9, 51, -194, 663, -1521, 2197], 3.13.aj_bz_ahm 
(-1, -8, 36), [1, -9, 57, -244, 741, -1521, 2197], 3.13.aj_cf_ajk 
(-5, -4, 24), [1, -9, 57, -224, 741, -1521, 2197], 3.13.aj_cf_aiq 
(-2, -7, 33), [1, -9, 60, -248, 780, -1521, 2197], 3.13.aj_ci_ajo 
(-4, -5, 27), [1, -9, 60, -238, 780, -1521, 2197], 3.13.aj_ci_aje 
(-2, -7, 34), [1, -9, 61, -250, 793, -1521, 2197], 3.13.aj_cj_ajq 
(-4, -5, 28), [1, -9, 61, -242, 793, -1521, 2197], 3.13.aj_cj_aji 
(-3, -6, 32), [1, -9, 63, -252, 819, -1521, 2197], 3.13.aj_cl_ajs 
(-7, -1, -18), [1, -8, 2, 100, 26, -1352, 2197], 3.13.ai_c_dw 
(-7, -1, -10), [1, -8, 10, 44, 130, -1352, 2197], 3.13.ai_k_bs 
(-7, -1, -9), [1, -8, 11, 37, 143, -1352, 2197], 3.13.ai_l_bl 
(-7, -1, -7), [1, -8, 13, 23, 169, -1352, 2197], 3.13.ai_n_x 
(-5, -3, 19), [1, -8, 47, -173, 611, -1352, 2197], 3.13.ai_bv_agr 
(-1, -7, 29), [1, -8, 49, -211, 637, -1352, 2197], 3.13.ai_bx_aid 
(-4, -4, 23), [1, -8, 52, -196, 676, -1352, 2197], 3.13.ai_ca_aho 
(-1, -7, 34), [1, -8, 54, -216, 702, -1352, 2197], 3.13.ai_cc_aii 
(-1, -7, 35), [1, -8, 55, -217, 715, -1352, 2197], 3.13.ai_cd_aij 
(-3, -5, 29), [1, -8, 57, -217, 741, -1352, 2197], 3.13.ai_cf_aij 
(-7, 0, -20), [1, -7, -7, 140, -91, -1183, 2197], 3.13.ah_ah_fk 
(-7, 0, -16), [1, -7, -3, 112, -39, -1183, 2197], 3.13.ah_ad_ei 
(-7, 0, -14), [1, -7, -1, 98, -13, -1183, 2197], 3.13.ah_ab_du 
(-6, -1, -17), [1, -7, 2, 76, 26, -1183, 2197], 3.13.ah_c_cy 
(-6, -1, -8), [1, -7, 11, 22, 143, -1183, 2197], 3.13.ah_l_w 
(-6, -1, -7), [1, -7, 12, 16, 156, -1183, 2197], 3.13.ah_m_q 
(-6, -1, -6), [1, -7, 13, 10, 169, -1183, 2197], 3.13.ah_n_k 
(-6, -1, -2), [1, -7, 17, -14, 221, -1183, 2197], 3.13.ah_r_ao 
(-6, -1, -1), [1, -7, 18, -20, 234, -1183, 2197], 3.13.ah_s_au 
(-5, -2, 8), [1, -7, 31, -92, 403, -1183, 2197], 3.13.ah_bf_ado 
(-5, -2, 14), [1, -7, 37, -122, 481, -1183, 2197], 3.13.ah_bl_aes 
(-4, -3, 19), [1, -7, 44, -154, 572, -1183, 2197], 3.13.ah_bs_afy 
(-4, -3, 20), [1, -7, 45, -158, 585, -1183, 2197], 3.13.ah_bt_agc 
(-1, -6, 28), [1, -7, 47, -184, 611, -1183, 2197], 3.13.ah_bv_ahc 
(-4, -3, 24), [1, -7, 49, -174, 637, -1183, 2197], 3.13.ah_bx_ags 
(-4, -3, 25), [1, -7, 50, -178, 650, -1183, 2197], 3.13.ah_by_agw 
(-2, -5, 29), [1, -7, 52, -188, 676, -1183, 2197], 3.13.ah_ca_ahg 
(-7, 1, -18), [1, -6, -12, 152, -156, -1014, 2197], 3.13.ag_am_fw 
(-7, 1, -17), [1, -6, -11, 145, -143, -1014, 2197], 3.13.ag_al_fp 
(-7, 1, -11), [1, -6, -5, 103, -65, -1014, 2197], 3.13.ag_af_dz 
(-7, 1, -5), [1, -6, 1, 61, 13, -1014, 2197], 3.13.ag_b_cj 
(-5, -1, 3), [1, -6, 21, -41, 273, -1014, 2197], 3.13.ag_v_abp 
(-5, -1, 9), [1, -6, 27, -71, 351, -1014, 2197], 3.13.ag_bb_act 
(1, -7, 25), [1, -6, 31, -157, 403, -1014, 2197], 3.13.ag_bf_agb 
(-4, -2, 21), [1, -6, 42, -136, 546, -1014, 2197], 3.13.ag_bq_afg 
(-5, -1, 25), [1, -6, 43, -151, 559, -1014, 2197], 3.13.ag_br_afv 
(-1, -5, 27), [1, -6, 45, -157, 585, -1014, 2197], 3.13.ag_bt_agb 
(-3, -3, 23), [1, -6, 45, -147, 585, -1014, 2197], 3.13.ag_bt_afr 
(-5, 0, -24), [1, -5, -11, 120, -143, -845, 2197], 3.13.af_al_eq 
(-6, 1, -18), [1, -5, -11, 134, -143, -845, 2197], 3.13.af_al_fe 
(-5, 0, -22), [1, -5, -9, 110, -117, -845, 2197], 3.13.af_aj_eg 
(-6, 1, -14), [1, -5, -7, 110, -91, -845, 2197], 3.13.af_ah_eg 
(-6, 1, -12), [1, -5, -5, 98, -65, -845, 2197], 3.13.af_af_du 
(-5, 0, -8), [1, -5, 5, 40, 65, -845, 2197], 3.13.af_f_bo 
(-5, 0, -2), [1, -5, 11, 10, 143, -845, 2197], 3.13.af_l_k 
(-5, 0, 4), [1, -5, 17, -20, 221, -845, 2197], 3.13.af_r_au 
(-4, -1, 11), [1, -5, 28, -70, 364, -845, 2197], 3.13.af_bc_acs 
(1, -6, 22), [1, -5, 29, -134, 377, -845, 2197], 3.13.af_bd_afe 
(-4, -1, 12), [1, -5, 29, -74, 377, -845, 2197], 3.13.af_bd_acw 
(-4, -1, 16), [1, -5, 33, -90, 429, -845, 2197], 3.13.af_bh_adm 
(-4, -1, 17), [1, -5, 34, -94, 442, -845, 2197], 3.13.af_bi_adq 
(-3, -2, 20), [1, -5, 39, -112, 507, -845, 2197], 3.13.af_bn_aei 
(-2, -3, 25), [1, -5, 44, -128, 572, -845, 2197], 3.13.af_bs_aey 
(-5, 1, -17), [1, -4, -9, 111, -117, -676, 2197], 3.13.ae_aj_eh 
(-5, 1, -7), [1, -4, 1, 61, 13, -676, 2197], 3.13.ae_b_cj 
(-5, 1, -1), [1, -4, 7, 31, 91, -676, 2197], 3.13.ae_h_bf 
(-4, 0, -1), [1, -4, 12, 4, 156, -676, 2197], 3.13.ae_m_e 
(1, -5, 17), [1, -4, 25, -113, 325, -676, 2197], 3.13.ae_z_aej 
(1, -5, 23), [1, -4, 31, -107, 403, -676, 2197], 3.13.ae_bf_aed 
(-3, -1, 17), [1, -4, 33, -77, 429, -676, 2197], 3.13.ae_bh_acz 
(1, -5, 29), [1, -4, 37, -101, 481, -676, 2197], 3.13.ae_bl_adx 
(-3, -1, 22), [1, -4, 38, -92, 494, -676, 2197], 3.13.ae_bm_ado 
(-3, -1, 23), [1, -4, 39, -95, 507, -676, 2197], 3.13.ae_bn_adr 
(-1, -3, 25), [1, -4, 41, -103, 533, -676, 2197], 3.13.ae_bp_adz 
(-3, -1, 25), [1, -4, 41, -101, 533, -676, 2197], 3.13.ae_bp_adx 
(-3, 0, -24), [1, -3, -11, 72, -143, -507, 2197], 3.13.ad_al_cu 
(-5, 2, -6), [1, -3, -3, 82, -39, -507, 2197], 3.13.ad_ad_de 
(-5, 2, -4), [1, -3, -1, 72, -13, -507, 2197], 3.13.ad_ab_cu 
(-4, 1, 3), [1, -3, 12, 14, 156, -507, 2197], 3.13.ad_m_o 
(-4, 1, 4), [1, -3, 13, 10, 169, -507, 2197], 3.13.ad_n_k 
(2, -5, 14), [1, -3, 17, -102, 221, -507, 2197], 3.13.ad_r_ady 
(-4, 1, 8), [1, -3, 17, -6, 221, -507, 2197], 3.13.ad_r_ag 
(2, -5, 15), [1, -3, 18, -100, 234, -507, 2197], 3.13.ad_s_adw 
(-4, 1, 9), [1, -3, 18, -10, 234, -507, 2197], 3.13.ad_s_ak 
(1, -4, 18), [1, -3, 27, -86, 351, -507, 2197], 3.13.ad_bb_adi 
(-3, 0, 14), [1, -3, 27, -42, 351, -507, 2197], 3.13.ad_bb_abq 
(1, -4, 24), [1, -3, 33, -80, 429, -507, 2197], 3.13.ad_bh_adc 
(-3, 0, 20), [1, -3, 33, -60, 429, -507, 2197], 3.13.ad_bh_aci 
(-2, -1, 21), [1, -3, 36, -68, 468, -507, 2197], 3.13.ad_bk_acq 
(-2, -1, 22), [1, -3, 37, -70, 481, -507, 2197], 3.13.ad_bl_acs 
(-1, -2, 24), [1, -3, 39, -76, 507, -507, 2197], 3.13.ad_bn_acy 
(-2, 0, -25), [1, -2, -12, 50, -156, -338, 2197], 3.13.ac_am_by 
(-2, 0, -1), [1, -2, 12, 2, 156, -338, 2197], 3.13.ac_m_c 
(-3, 1, 11), [1, -2, 21, -7, 273, -338, 2197], 3.13.ac_v_ah 
(-3, 1, 17), [1, -2, 27, -25, 351, -338, 2197], 3.13.ac_bb_az 
(1, -3, 19), [1, -2, 29, -59, 377, -338, 2197], 3.13.ac_bd_ach 
(1, -3, 25), [1, -2, 35, -53, 455, -338, 2197], 3.13.ac_bj_acb 
(1, -3, 27), [1, -2, 37, -51, 481, -338, 2197], 3.13.ac_bl_abz 
(-1, -1, 23), [1, -2, 37, -49, 481, -338, 2197], 3.13.ac_bl_abx 
(-1, 0, -24), [1, -1, -11, 24, -143, -169, 2197], 3.13.ab_al_y 
(-4, 3, -4), [1, -1, -3, 94, -39, -169, 2197], 3.13.ab_ad_dq 
(-4, 3, 1), [1, -1, 2, 74, 26, -169, 2197], 3.13.ab_c_cw 
(-1, 0, -8), [1, -1, 5, 8, 65, -169, 2197], 3.13.ab_f_i 
(3, -4, 8), [1, -1, 9, -80, 117, -169, 2197], 3.13.ab_j_adc 
(-3, 2, 8), [1, -1, 15, 28, 195, -169, 2197], 3.13.ab_p_bc 
(2, -3, 14), [1, -1, 21, -50, 273, -169, 2197], 3.13.ab_v_aby 
(-3, 2, 14), [1, -1, 21, 10, 273, -169, 2197], 3.13.ab_v_k 
(2, -3, 18), [1, -1, 25, -42, 325, -169, 2197], 3.13.ab_z_abq 
(2, -3, 19), [1, -1, 26, -40, 338, -169, 2197], 3.13.ab_ba_abo 
(-2, 1, 17), [1, -1, 28, -8, 364, -169, 2197], 3.13.ab_bc_ai 
(-2, 1, 18), [1, -1, 29, -10, 377, -169, 2197], 3.13.ab_bd_ak 
(1, -2, 20), [1, -1, 31, -32, 403, -169, 2197], 3.13.ab_bf_abg 
(-2, 1, 22), [1, -1, 33, -18, 429, -169, 2197], 3.13.ab_bh_as 
(-2, 1, 23), [1, -1, 34, -20, 442, -169, 2197], 3.13.ab_bi_au 
(3, -3, 5), [1, 0, 9, -63, 117, 0, 2197], 3.13.a_j_acl 
(-3, 3, 5), [1, 0, 9, 63, 117, 0, 2197], 3.13.a_j_cl 
(3, -3, 6), [1, 0, 10, -60, 130, 0, 2197], 3.13.a_k_aci 
(-3, 3, 6), [1, 0, 10, 60, 130, 0, 2197], 3.13.a_k_ci 
(3, -3, 11), [1, 0, 15, -45, 195, 0, 2197], 3.13.a_p_abt 
(-3, 3, 11), [1, 0, 15, 45, 195, 0, 2197], 3.13.a_p_bt 
(1, -1, 21), [1, 0, 33, -5, 429, 0, 2197], 3.13.a_bh_af 
(-1, 1, 21), [1, 0, 33, 5, 429, 0, 2197], 3.13.a_bh_f 
(1, 0, -24), [1, 1, -11, -24, -143, 169, 2197], 3.13.b_al_ay 
(4, -3, -4), [1, 1, -3, -94, -39, 169, 2197], 3.13.b_ad_adq 
(4, -3, 1), [1, 1, 2, -74, 26, 169, 2197], 3.13.b_c_acw 
(1, 0, -8), [1, 1, 5, -8, 65, 169, 2197], 3.13.b_f_ai 
(-3, 4, 8), [1, 1, 9, 80, 117, 169, 2197], 3.13.b_j_dc 
(3, -2, 8), [1, 1, 15, -28, 195, 169, 2197], 3.13.b_p_abc 
(3, -2, 14), [1, 1, 21, -10, 273, 169, 2197], 3.13.b_v_ak 
(-2, 3, 14), [1, 1, 21, 50, 273, 169, 2197], 3.13.b_v_by 
(-2, 3, 18), [1, 1, 25, 42, 325, 169, 2197], 3.13.b_z_bq 
(-2, 3, 19), [1, 1, 26, 40, 338, 169, 2197], 3.13.b_ba_bo 
(2, -1, 17), [1, 1, 28, 8, 364, 169, 2197], 3.13.b_bc_i 
(2, -1, 18), [1, 1, 29, 10, 377, 169, 2197], 3.13.b_bd_k 
(-1, 2, 20), [1, 1, 31, 32, 403, 169, 2197], 3.13.b_bf_bg 
(2, -1, 22), [1, 1, 33, 18, 429, 169, 2197], 3.13.b_bh_s 
(2, -1, 23), [1, 1, 34, 20, 442, 169, 2197], 3.13.b_bi_u 
(2, 0, -25), [1, 2, -12, -50, -156, 338, 2197], 3.13.c_am_aby 
(2, 0, -1), [1, 2, 12, -2, 156, 338, 2197], 3.13.c_m_ac 
(3, -1, 11), [1, 2, 21, 7, 273, 338, 2197], 3.13.c_v_h 
(3, -1, 17), [1, 2, 27, 25, 351, 338, 2197], 3.13.c_bb_z 
(-1, 3, 19), [1, 2, 29, 59, 377, 338, 2197], 3.13.c_bd_ch 
(-1, 3, 25), [1, 2, 35, 53, 455, 338, 2197], 3.13.c_bj_cb 
(1, 1, 23), [1, 2, 37, 49, 481, 338, 2197], 3.13.c_bl_bx 
(-1, 3, 27), [1, 2, 37, 51, 481, 338, 2197], 3.13.c_bl_bz 
(3, 0, -24), [1, 3, -11, -72, -143, 507, 2197], 3.13.d_al_acu 
(5, -2, -6), [1, 3, -3, -82, -39, 507, 2197], 3.13.d_ad_ade 
(5, -2, -4), [1, 3, -1, -72, -13, 507, 2197], 3.13.d_ab_acu 
(4, -1, 3), [1, 3, 12, -14, 156, 507, 2197], 3.13.d_m_ao 
(4, -1, 4), [1, 3, 13, -10, 169, 507, 2197], 3.13.d_n_ak 
(4, -1, 8), [1, 3, 17, 6, 221, 507, 2197], 3.13.d_r_g 
(-2, 5, 14), [1, 3, 17, 102, 221, 507, 2197], 3.13.d_r_dy 
(4, -1, 9), [1, 3, 18, 10, 234, 507, 2197], 3.13.d_s_k 
(-2, 5, 15), [1, 3, 18, 100, 234, 507, 2197], 3.13.d_s_dw 
(3, 0, 14), [1, 3, 27, 42, 351, 507, 2197], 3.13.d_bb_bq 
(-1, 4, 18), [1, 3, 27, 86, 351, 507, 2197], 3.13.d_bb_di 
(3, 0, 20), [1, 3, 33, 60, 429, 507, 2197], 3.13.d_bh_ci 
(-1, 4, 24), [1, 3, 33, 80, 429, 507, 2197], 3.13.d_bh_dc 
(2, 1, 21), [1, 3, 36, 68, 468, 507, 2197], 3.13.d_bk_cq 
(2, 1, 22), [1, 3, 37, 70, 481, 507, 2197], 3.13.d_bl_cs 
(1, 2, 24), [1, 3, 39, 76, 507, 507, 2197], 3.13.d_bn_cy 
(5, -1, -17), [1, 4, -9, -111, -117, 676, 2197], 3.13.e_aj_aeh 
(5, -1, -7), [1, 4, 1, -61, 13, 676, 2197], 3.13.e_b_acj 
(5, -1, -1), [1, 4, 7, -31, 91, 676, 2197], 3.13.e_h_abf 
(4, 0, -1), [1, 4, 12, -4, 156, 676, 2197], 3.13.e_m_ae 
(-1, 5, 17), [1, 4, 25, 113, 325, 676, 2197], 3.13.e_z_ej 
(-1, 5, 23), [1, 4, 31, 107, 403, 676, 2197], 3.13.e_bf_ed 
(3, 1, 17), [1, 4, 33, 77, 429, 676, 2197], 3.13.e_bh_cz 
(-1, 5, 29), [1, 4, 37, 101, 481, 676, 2197], 3.13.e_bl_dx 
(3, 1, 22), [1, 4, 38, 92, 494, 676, 2197], 3.13.e_bm_do 
(3, 1, 23), [1, 4, 39, 95, 507, 676, 2197], 3.13.e_bn_dr 
(3, 1, 25), [1, 4, 41, 101, 533, 676, 2197], 3.13.e_bp_dx 
(1, 3, 25), [1, 4, 41, 103, 533, 676, 2197], 3.13.e_bp_dz 
(6, -1, -18), [1, 5, -11, -134, -143, 845, 2197], 3.13.f_al_afe 
(5, 0, -24), [1, 5, -11, -120, -143, 845, 2197], 3.13.f_al_aeq 
(5, 0, -22), [1, 5, -9, -110, -117, 845, 2197], 3.13.f_aj_aeg 
(6, -1, -14), [1, 5, -7, -110, -91, 845, 2197], 3.13.f_ah_aeg 
(6, -1, -12), [1, 5, -5, -98, -65, 845, 2197], 3.13.f_af_adu 
(5, 0, -8), [1, 5, 5, -40, 65, 845, 2197], 3.13.f_f_abo 
(5, 0, -2), [1, 5, 11, -10, 143, 845, 2197], 3.13.f_l_ak 
(5, 0, 4), [1, 5, 17, 20, 221, 845, 2197], 3.13.f_r_u 
(4, 1, 11), [1, 5, 28, 70, 364, 845, 2197], 3.13.f_bc_cs 
(4, 1, 12), [1, 5, 29, 74, 377, 845, 2197], 3.13.f_bd_cw 
(-1, 6, 22), [1, 5, 29, 134, 377, 845, 2197], 3.13.f_bd_fe 
(4, 1, 16), [1, 5, 33, 90, 429, 845, 2197], 3.13.f_bh_dm 
(4, 1, 17), [1, 5, 34, 94, 442, 845, 2197], 3.13.f_bi_dq 
(3, 2, 20), [1, 5, 39, 112, 507, 845, 2197], 3.13.f_bn_ei 
(2, 3, 25), [1, 5, 44, 128, 572, 845, 2197], 3.13.f_bs_ey 
(7, -1, -18), [1, 6, -12, -152, -156, 1014, 2197], 3.13.g_am_afw 
(7, -1, -17), [1, 6, -11, -145, -143, 1014, 2197], 3.13.g_al_afp 
(7, -1, -11), [1, 6, -5, -103, -65, 1014, 2197], 3.13.g_af_adz 
(7, -1, -5), [1, 6, 1, -61, 13, 1014, 2197], 3.13.g_b_acj 
(5, 1, 3), [1, 6, 21, 41, 273, 1014, 2197], 3.13.g_v_bp 
(5, 1, 9), [1, 6, 27, 71, 351, 1014, 2197], 3.13.g_bb_ct 
(-1, 7, 25), [1, 6, 31, 157, 403, 1014, 2197], 3.13.g_bf_gb 
(4, 2, 21), [1, 6, 42, 136, 546, 1014, 2197], 3.13.g_bq_fg 
(5, 1, 25), [1, 6, 43, 151, 559, 1014, 2197], 3.13.g_br_fv 
(3, 3, 23), [1, 6, 45, 147, 585, 1014, 2197], 3.13.g_bt_fr 
(1, 5, 27), [1, 6, 45, 157, 585, 1014, 2197], 3.13.g_bt_gb 
(7, 0, -20), [1, 7, -7, -140, -91, 1183, 2197], 3.13.h_ah_afk 
(7, 0, -16), [1, 7, -3, -112, -39, 1183, 2197], 3.13.h_ad_aei 
(7, 0, -14), [1, 7, -1, -98, -13, 1183, 2197], 3.13.h_ab_adu 
(6, 1, -17), [1, 7, 2, -76, 26, 1183, 2197], 3.13.h_c_acy 
(6, 1, -8), [1, 7, 11, -22, 143, 1183, 2197], 3.13.h_l_aw 
(6, 1, -7), [1, 7, 12, -16, 156, 1183, 2197], 3.13.h_m_aq 
(6, 1, -6), [1, 7, 13, -10, 169, 1183, 2197], 3.13.h_n_ak 
(6, 1, -2), [1, 7, 17, 14, 221, 1183, 2197], 3.13.h_r_o 
(6, 1, -1), [1, 7, 18, 20, 234, 1183, 2197], 3.13.h_s_u 
(5, 2, 8), [1, 7, 31, 92, 403, 1183, 2197], 3.13.h_bf_do 
(5, 2, 14), [1, 7, 37, 122, 481, 1183, 2197], 3.13.h_bl_es 
(4, 3, 19), [1, 7, 44, 154, 572, 1183, 2197], 3.13.h_bs_fy 
(4, 3, 20), [1, 7, 45, 158, 585, 1183, 2197], 3.13.h_bt_gc 
(1, 6, 28), [1, 7, 47, 184, 611, 1183, 2197], 3.13.h_bv_hc 
(4, 3, 24), [1, 7, 49, 174, 637, 1183, 2197], 3.13.h_bx_gs 
(4, 3, 25), [1, 7, 50, 178, 650, 1183, 2197], 3.13.h_by_gw 
(2, 5, 29), [1, 7, 52, 188, 676, 1183, 2197], 3.13.h_ca_hg 
(7, 1, -18), [1, 8, 2, -100, 26, 1352, 2197], 3.13.i_c_adw 
(7, 1, -10), [1, 8, 10, -44, 130, 1352, 2197], 3.13.i_k_abs 
(7, 1, -9), [1, 8, 11, -37, 143, 1352, 2197], 3.13.i_l_abl 
(7, 1, -7), [1, 8, 13, -23, 169, 1352, 2197], 3.13.i_n_ax 
(5, 3, 19), [1, 8, 47, 173, 611, 1352, 2197], 3.13.i_bv_gr 
(1, 7, 29), [1, 8, 49, 211, 637, 1352, 2197], 3.13.i_bx_id 
(4, 4, 23), [1, 8, 52, 196, 676, 1352, 2197], 3.13.i_ca_ho 
(1, 7, 34), [1, 8, 54, 216, 702, 1352, 2197], 3.13.i_cc_ii 
(1, 7, 35), [1, 8, 55, 217, 715, 1352, 2197], 3.13.i_cd_ij 
(3, 5, 29), [1, 8, 57, 217, 741, 1352, 2197], 3.13.i_cf_ij 
(7, 2, -6), [1, 9, 21, 10, 273, 1521, 2197], 3.13.j_v_k 
(7, 2, -4), [1, 9, 23, 24, 299, 1521, 2197], 3.13.j_x_y 
(6, 3, 5), [1, 9, 36, 108, 468, 1521, 2197], 3.13.j_bk_ee 
(6, 3, 6), [1, 9, 37, 114, 481, 1521, 2197], 3.13.j_bl_ek 
(6, 3, 10), [1, 9, 41, 138, 533, 1521, 2197], 3.13.j_bp_fi 
(6, 3, 11), [1, 9, 42, 144, 546, 1521, 2197], 3.13.j_bq_fo 
(5, 4, 18), [1, 9, 51, 194, 663, 1521, 2197], 3.13.j_bz_hm 
(5, 4, 24), [1, 9, 57, 224, 741, 1521, 2197], 3.13.j_cf_iq 
(1, 8, 36), [1, 9, 57, 244, 741, 1521, 2197], 3.13.j_cf_jk 
(4, 5, 27), [1, 9, 60, 238, 780, 1521, 2197], 3.13.j_ci_je 
(2, 7, 33), [1, 9, 60, 248, 780, 1521, 2197], 3.13.j_ci_jo 
(4, 5, 28), [1, 9, 61, 242, 793, 1521, 2197], 3.13.j_cj_ji 
(2, 7, 34), [1, 9, 61, 250, 793, 1521, 2197], 3.13.j_cj_jq 
(3, 6, 32), [1, 9, 63, 252, 819, 1521, 2197], 3.13.j_cl_js 
(7, 3, -4), [1, 10, 30, 50, 390, 1690, 2197], 3.13.k_be_by 
(7, 3, 1), [1, 10, 35, 85, 455, 1690, 2197], 3.13.k_bj_dh 
(7, 3, 2), [1, 10, 36, 92, 468, 1690, 2197], 3.13.k_bk_do 
(7, 3, 3), [1, 10, 37, 99, 481, 1690, 2197], 3.13.k_bl_dv 
(7, 3, 5), [1, 10, 39, 113, 507, 1690, 2197], 3.13.k_bn_ej 
(3, 7, 25), [1, 10, 59, 257, 767, 1690, 2197], 3.13.k_ch_jx 
(5, 5, 23), [1, 10, 61, 245, 793, 1690, 2197], 3.13.k_cj_jl 
(5, 5, 29), [1, 10, 67, 275, 871, 1690, 2197], 3.13.k_cp_kp 
(3, 7, 35), [1, 10, 69, 287, 897, 1690, 2197], 3.13.k_cr_lb 
(7, 4, 8), [1, 11, 49, 160, 637, 1859, 2197], 3.13.l_bx_ge 
(6, 5, 11), [1, 11, 54, 196, 702, 1859, 2197], 3.13.l_cc_ho 
(6, 5, 16), [1, 11, 59, 226, 767, 1859, 2197], 3.13.l_ch_is 
(6, 5, 17), [1, 11, 60, 232, 780, 1859, 2197], 3.13.l_ci_iy 
(6, 5, 18), [1, 11, 61, 238, 793, 1859, 2197], 3.13.l_cj_je 
(7, 4, 20), [1, 11, 61, 244, 793, 1859, 2197], 3.13.l_cj_jk 
(6, 5, 22), [1, 11, 65, 262, 845, 1859, 2197], 3.13.l_cn_kc 
(6, 5, 23), [1, 11, 66, 268, 858, 1859, 2197], 3.13.l_co_ki 
(5, 6, 28), [1, 11, 71, 296, 923, 1859, 2197], 3.13.l_ct_lk 
(6, 5, 29), [1, 11, 72, 304, 936, 1859, 2197], 3.13.l_cu_ls 
(2, 9, 42), [1, 11, 73, 318, 949, 1859, 2197], 3.13.l_cv_mg 
(2, 9, 43), [1, 11, 74, 320, 962, 1859, 2197], 3.13.l_cw_mi 
(4, 7, 35), [1, 11, 76, 322, 988, 1859, 2197], 3.13.l_cy_mk 
(7, 5, 14), [1, 12, 62, 228, 806, 2028, 2197], 3.13.m_ck_iu 
(7, 5, 15), [1, 12, 63, 235, 819, 2028, 2197], 3.13.m_cl_jb 
(7, 5, 18), [1, 12, 66, 256, 858, 2028, 2197], 3.13.m_co_jw 
(7, 5, 21), [1, 12, 69, 277, 897, 2028, 2197], 3.13.m_cr_kr 
(7, 5, 22), [1, 12, 70, 284, 910, 2028, 2197], 3.13.m_cs_ky 
(7, 5, 23), [1, 12, 71, 291, 923, 2028, 2197], 3.13.m_ct_lf 
(7, 5, 29), [1, 12, 77, 333, 1001, 2028, 2197], 3.13.m_cz_mv 
(4, 8, 35), [1, 12, 80, 348, 1040, 2028, 2197], 3.13.m_dc_nk 
(5, 7, 33), [1, 12, 81, 347, 1053, 2028, 2197], 3.13.m_dd_nj 
(3, 9, 41), [1, 12, 81, 357, 1053, 2028, 2197], 3.13.m_dd_nt 
(3, 9, 42), [1, 12, 82, 360, 1066, 2028, 2197], 3.13.m_de_nw 
(7, 6, 22), [1, 13, 77, 310, 1001, 2197, 2197], 3.13.n_cz_ly 
(6, 7, 25), [1, 13, 80, 332, 1040, 2197, 2197], 3.13.n_dc_mu 
(6, 7, 28), [1, 13, 83, 350, 1079, 2197, 2197], 3.13.n_df_nm 
(7, 6, 28), [1, 13, 83, 352, 1079, 2197, 2197], 3.13.n_df_no 
(6, 7, 29), [1, 13, 84, 356, 1092, 2197, 2197], 3.13.n_dg_ns 
(6, 7, 30), [1, 13, 85, 362, 1105, 2197, 2197], 3.13.n_dh_ny 
(7, 6, 30), [1, 13, 85, 366, 1105, 2197, 2197], 3.13.n_dh_oc 
(5, 8, 32), [1, 13, 85, 368, 1105, 2197, 2197], 3.13.n_dh_oe 
(7, 6, 32), [1, 13, 87, 380, 1131, 2197, 2197], 3.13.n_dj_oq 
(6, 7, 34), [1, 13, 89, 386, 1157, 2197, 2197], 3.13.n_dl_ow 
(6, 7, 35), [1, 13, 90, 392, 1170, 2197, 2197], 3.13.n_dm_pc 
(2, 11, 55), [1, 13, 90, 396, 1170, 2197, 2197], 3.13.n_dm_pg 
(4, 9, 41), [1, 13, 90, 398, 1170, 2197, 2197], 3.13.n_dm_pi 
(6, 7, 37), [1, 13, 92, 404, 1196, 2197, 2197], 3.13.n_do_po 
(4, 9, 43), [1, 13, 92, 406, 1196, 2197, 2197], 3.13.n_do_pq 
(7, 7, 28), [1, 14, 90, 378, 1170, 2366, 2197], 3.13.o_dm_oo 
(7, 7, 29), [1, 14, 91, 385, 1183, 2366, 2197], 3.13.o_dn_ov 
(7, 7, 31), [1, 14, 93, 399, 1209, 2366, 2197], 3.13.o_dp_pj 
(6, 8, 35), [1, 14, 96, 418, 1248, 2366, 2197], 3.13.o_ds_qc 
(7, 7, 35), [1, 14, 97, 427, 1261, 2366, 2197], 3.13.o_dt_ql 
(5, 9, 41), [1, 14, 99, 439, 1287, 2366, 2197], 3.13.o_dv_qx 
(7, 7, 37), [1, 14, 99, 441, 1287, 2366, 2197], 3.13.o_dv_qz 
(6, 8, 40), [1, 14, 101, 448, 1313, 2366, 2197], 3.13.o_dx_rg 
(5, 9, 43), [1, 14, 101, 449, 1313, 2366, 2197], 3.13.o_dx_rh 
(3, 11, 55), [1, 14, 101, 451, 1313, 2366, 2197], 3.13.o_dx_rj 
