(-10, -6, -6), [15, 19, 19] 
(-10, -9, -1), [15, 16, 24] 
(-10, -8, -2), [15, 17, 23] 
(-10, -8, -1), [15, 17, 24] 
(-10, -7, -1), [15, 18, 24] 
(-10, -6, -2), [15, 19, 23] 
(-10, -4, -4), [15, 21, 21] 
(-10, -6, -1), [15, 19, 24] 
(-10, -8, 2), [15, 17, 2] 
(-10, -3, -3), [15, 22, 22] 
(-9, -5, -2), [16, 20, 23] 
(-8, -5, -3), [17, 20, 22] 
(-10, -7, 2), [15, 18, 2] 
(-8, -5, -2), [17, 20, 23] 
(-10, -8, 4), [15, 17, 4] 
(-10, -6, 2), [15, 19, 2] 
(-10, -3, -1), [15, 22, 24] 
(-10, -2, -2), [15, 23, 23] 
(-8, -5, -1), [17, 20, 24] 
(-7, -5, -2), [18, 20, 23] 
(-6, -5, -3), [19, 20, 22] 
(-10, -9, 6), [15, 16, 6] 
(-10, -8, 6), [15, 17, 6] 
(-9, -8, 5), [16, 17, 5] 
(-10, -6, 4), [15, 19, 4] 
(-10, -4, 2), [15, 21, 2] 
(-9, -5, 2), [16, 20, 2] 
(-10, -1, -1), [15, 24, 24] 
(-8, -5, 1), [17, 20, 1] 
(-6, -5, -1), [19, 20, 24] 
(-10, -9, 8), [15, 16, 8] 
(-10, -7, 6), [15, 18, 6] 
(5, -8, -8), [5, 17, 17] 
(-8, -5, 2), [17, 20, 2] 
(-10, -8, 8), [15, 17, 8] 
(-10, -6, 6), [15, 19, 6] 
(-9, -6, 5), [16, 19, 5] 
(-8, -7, 5), [17, 18, 5] 
(-10, -4, 4), [15, 21, 4] 
(-9, -5, 4), [16, 20, 4] 
(-10, -2, 2), [15, 23, 2] 
(-10, -1, 1), [15, 24, 1] 
(-8, -5, 3), [17, 20, 3] 
(-7, -5, 2), [18, 20, 2] 
(-6, -5, 1), [19, 20, 1] 
(-5, -4, -1), [20, 21, 24] 
(-5, -3, -2), [20, 22, 23] 
(-10, -7, 8), [15, 18, 8] 
(-10, -3, 4), [15, 22, 4] 
(-8, -6, 5), [17, 19, 5] 
(-8, -5, 4), [17, 20, 4] 
(-6, -5, 2), [19, 20, 2] 
(-10, -6, 8), [15, 19, 8] 
(-10, -4, 6), [15, 21, 6] 
(-9, -5, 6), [16, 20, 6] 
(-9, -4, 5), [16, 21, 5] 
(-10, -2, 4), [15, 23, 4] 
(-10, -1, 3), [15, 24, 3] 
(-7, -6, 5), [18, 19, 5] 
(-7, -5, 4), [18, 20, 4] 
(-6, -5, 3), [19, 20, 3] 
(-5, -4, 1), [20, 21, 1] 
(-5, -2, -1), [20, 23, 24] 
(-10, -3, 6), [15, 22, 6] 
(-8, -5, 6), [17, 20, 6] 
(-10, -1, 4), [15, 24, 4] 
(-8, -4, 5), [17, 21, 5] 
(5, -6, -6), [5, 19, 19] 
(-6, -5, 4), [19, 20, 4] 
(-5, -4, 2), [20, 21, 2] 
(10, -8, -8), [10, 17, 17] 
(-10, -4, 8), [15, 21, 8] 
(-9, -5, 8), [16, 20, 8] 
(-10, -2, 6), [15, 23, 6] 
(-8, -5, 7), [17, 20, 7] 
(-9, -2, 5), [16, 23, 5] 
(-7, -5, 6), [18, 20, 6] 
(-10, 2, 2), [15, 2, 2] 
(-8, -3, 5), [17, 22, 5] 
(-7, -4, 5), [18, 21, 5] 
(-5, -4, 3), [20, 21, 3] 
(-5, -3, 2), [20, 22, 2] 
(-5, -2, 1), [20, 23, 1] 
(-10, -3, 8), [15, 22, 8] 
(-8, -5, 8), [17, 20, 8] 
(-10, -1, 6), [15, 24, 6] 
(-6, -5, 6), [19, 20, 6] 
(-8, -2, 5), [17, 23, 5] 
(-6, -4, 5), [19, 21, 5] 
(-5, -4, 4), [20, 21, 4] 
(-5, -2, 2), [20, 23, 2] 
(10, -8, -6), [10, 17, 19] 
(10, -7, -7), [10, 18, 18] 
(-8, -5, 9), [17, 20, 9] 
(-10, -2, 8), [15, 23, 8] 
(-10, -1, 7), [15, 24, 7] 
(-7, -5, 8), [18, 20, 8] 
(-10, 3, 3), [15, 3, 3] 
(-6, -5, 7), [19, 20, 7] 
(-8, -1, 5), [17, 24, 5] 
(-7, -2, 5), [18, 23, 5] 
(-6, -3, 5), [19, 22, 5] 
(-5, -3, 4), [20, 22, 4] 
(-5, -2, 3), [20, 23, 3] 
(-5, -1, 2), [20, 24, 2] 
(-10, -1, 8), [15, 24, 8] 
(-10, 1, 6), [15, 1, 6] 
(-6, -5, 8), [19, 20, 8] 
(-5, -4, 6), [20, 21, 6] 
(-6, -2, 5), [19, 23, 5] 
(5, -4, -4), [5, 21, 21] 
(-5, -2, 4), [20, 23, 4] 
(-10, -1, 9), [15, 24, 9] 
(10, -8, -4), [10, 17, 21] 
(10, -6, -6), [10, 19, 19] 
(-6, -5, 9), [19, 20, 9] 
(-10, 2, 6), [15, 2, 6] 
(-10, 4, 4), [15, 4, 4] 
(-9, 2, 5), [16, 2, 5] 
(-8, 1, 5), [17, 1, 5] 
(-5, -4, 7), [20, 21, 7] 
(-5, -3, 6), [20, 22, 6] 
(-6, -1, 5), [19, 24, 5] 
(-4, -3, 5), [21, 22, 5] 
(-5, -1, 4), [20, 24, 4] 
(-5, 1, 2), [20, 1, 2] 
(10, -8, -3), [10, 17, 22] 
(-10, 1, 8), [15, 1, 8] 
(-5, -4, 8), [20, 21, 8] 
(-8, 2, 5), [17, 2, 5] 
(-5, -2, 6), [20, 23, 6] 
(-4, -2, 5), [21, 23, 5] 
(-5, 2, 2), [20, 2, 2] 
(-10, 2, 8), [15, 2, 8] 
(10, -8, -2), [10, 17, 23] 
(-9, 4, 5), [16, 4, 5] 
(-5, -4, 9), [20, 21, 9] 
(-8, 3, 5), [17, 3, 5] 
(-5, -3, 8), [20, 22, 8] 
(-7, 2, 5), [18, 2, 5] 
(-5, -2, 7), [20, 23, 7] 
(-6, 1, 5), [19, 1, 5] 
(-5, -1, 6), [20, 24, 6] 
(-5, 1, 4), [20, 1, 4] 
(-4, -1, 5), [21, 24, 5] 
(-5, 2, 3), [20, 2, 3] 
(-3, -2, 5), [22, 23, 5] 
(-10, 3, 8), [15, 3, 8] 
(10, -8, -1), [10, 17, 24] 
(-8, 4, 5), [17, 4, 5] 
(-5, -2, 8), [20, 23, 8] 
(-6, 2, 5), [19, 2, 5] 
(-5, 2, 4), [20, 2, 4] 
(5, -2, -2), [5, 23, 23] 
(10, -9, 1), [10, 16, 1] 
(-10, 4, 8), [15, 4, 8] 
(-10, 6, 6), [15, 6, 6] 
(-9, 5, 6), [16, 5, 6] 
(10, -6, -2), [10, 19, 23] 
(10, -4, -4), [10, 21, 21] 
(-5, -2, 9), [20, 23, 9] 
(-7, 4, 5), [18, 4, 5] 
(-5, -1, 8), [20, 24, 8] 
(-6, 3, 5), [19, 3, 5] 
(-5, 1, 6), [20, 1, 6] 
(-5, 3, 4), [20, 3, 4] 
(-4, 1, 5), [21, 1, 5] 
(-2, -1, 5), [23, 24, 5] 
(10, -8, 1), [10, 17, 1] 
(10, -6, -1), [10, 19, 24] 
(-8, 5, 6), [17, 5, 6] 
(-6, 4, 5), [19, 4, 5] 
(-5, 2, 6), [20, 2, 6] 
(-5, 4, 4), [20, 4, 4] 
(-4, 2, 5), [21, 2, 5] 
(-10, 6, 8), [15, 6, 8] 
(-10, 7, 7), [15, 7, 7] 
(-9, 5, 8), [16, 5, 8] 
(10, -8, 2), [10, 17, 2] 
(10, -7, 1), [10, 18, 1] 
(-8, 5, 7), [17, 5, 7] 
(10, -3, -3), [10, 22, 22] 
(-7, 5, 6), [18, 5, 6] 
(-5, 1, 8), [20, 1, 8] 
(-5, 2, 7), [20, 2, 7] 
(-5, 3, 6), [20, 3, 6] 
(-4, 3, 5), [21, 3, 5] 
(-3, 2, 5), [22, 2, 5] 
(-2, 1, 5), [23, 1, 5] 
(10, -8, 3), [10, 17, 3] 
(-8, 5, 8), [17, 5, 8] 
(10, -6, 1), [10, 19, 1] 
(-6, 5, 6), [19, 5, 6] 
(-5, 2, 8), [20, 2, 8] 
(-5, 4, 6), [20, 4, 6] 
(-4, 4, 5), [21, 4, 5] 
(-2, 2, 5), [23, 2, 5] 
(-10, 8, 8), [15, 8, 8] 
(10, -8, 4), [10, 17, 4] 
(-8, 5, 9), [17, 5, 9] 
(10, -6, 2), [10, 19, 2] 
(-7, 5, 8), [18, 5, 8] 
(-6, 5, 7), [19, 5, 7] 
(-5, 2, 9), [20, 2, 9] 
(10, -2, -2), [10, 23, 23] 
(-5, 3, 8), [20, 3, 8] 
(-5, 4, 7), [20, 4, 7] 
(-3, 4, 5), [22, 4, 5] 
(-2, 3, 5), [23, 3, 5] 
(-1, 2, 5), [24, 2, 5] 
(10, -6, 3), [10, 19, 3] 
(-6, 5, 8), [19, 5, 8] 
(10, -4, 1), [10, 21, 1] 
(-5, 4, 8), [20, 4, 8] 
(-5, 6, 6), [20, 6, 6] 
(-4, 5, 6), [21, 5, 6] 
(-2, 4, 5), [23, 4, 5] 
(10, -8, 6), [10, 17, 6] 
(10, -6, 4), [10, 19, 4] 
(-6, 5, 9), [19, 5, 9] 
(-5, 4, 9), [20, 4, 9] 
(10, -4, 2), [10, 21, 2] 
(-5, 6, 7), [20, 6, 7] 
(10, -3, 1), [10, 22, 1] 
(-4, 5, 7), [21, 5, 7] 
(-3, 5, 6), [22, 5, 6] 
(-1, 4, 5), [24, 4, 5] 
(1, 2, 5), [1, 2, 5] 
(10, -8, 7), [10, 17, 7] 
(-5, 6, 8), [20, 6, 8] 
(10, -4, 3), [10, 21, 3] 
(-4, 5, 8), [21, 5, 8] 
(-2, 5, 6), [23, 5, 6] 
(10, -8, 8), [10, 17, 8] 
(10, -6, 6), [10, 19, 6] 
(-5, 6, 9), [20, 6, 9] 
(-5, 7, 8), [20, 7, 8] 
(10, -4, 4), [10, 21, 4] 
(-4, 5, 9), [21, 5, 9] 
(10, -2, 2), [10, 23, 2] 
(10, -1, 1), [10, 24, 1] 
(-3, 5, 8), [22, 5, 8] 
(-2, 5, 7), [23, 5, 7] 
(-1, 5, 6), [24, 5, 6] 
(1, 4, 5), [1, 4, 5] 
(2, 3, 5), [2, 3, 5] 
(10, -8, 9), [10, 17, 9] 
(10, -6, 7), [10, 19, 7] 
(-5, 8, 8), [20, 8, 8] 
(-2, 5, 8), [23, 5, 8] 
(10, -6, 8), [10, 19, 8] 
(-5, 8, 9), [20, 8, 9] 
(10, -4, 6), [10, 21, 6] 
(10, -2, 4), [10, 23, 4] 
(-2, 5, 9), [23, 5, 9] 
(10, 1, 1), [10, 1, 1] 
(-1, 5, 8), [24, 5, 8] 
(1, 5, 6), [1, 5, 6] 
(10, -6, 9), [10, 19, 9] 
(10, -4, 8), [10, 21, 8] 
(10, -2, 6), [10, 23, 6] 
(10, 1, 3), [10, 1, 3] 
(10, 2, 2), [10, 2, 2] 
(1, 5, 8), [1, 5, 8] 
(2, 5, 7), [2, 5, 7] 
(3, 5, 6), [3, 5, 6] 
(10, -2, 7), [10, 23, 7] 
(2, 5, 8), [2, 5, 8] 
(10, -2, 8), [10, 23, 8] 
(10, 3, 3), [10, 3, 3] 
(2, 5, 9), [2, 5, 9] 
(3, 5, 8), [3, 5, 8] 
(10, 1, 6), [10, 1, 6] 
(10, 1, 7), [10, 1, 7] 
(10, 2, 6), [10, 2, 6] 
(10, 4, 4), [10, 4, 4] 
(10, 1, 8), [10, 1, 8] 
(10, 1, 9), [10, 1, 9] 
(10, 2, 8), [10, 2, 8] 
(10, 6, 6), [10, 6, 6] 
