(-9, -9, 0), [14, 14, 0], 3.23.as_fu_abfw 
(-9, -8, 0), [14, 15, 0], 3.23.ar_fl_abec 
(-9, -7, 0), [14, 16, 0], 3.23.aq_fc_abci 
(-8, -8, 0), [15, 15, 0], 3.23.aq_fd_abci 
(-9, -6, 0), [14, 17, 0], 3.23.ap_et_abao 
(-8, -7, 0), [15, 16, 0], 3.23.ap_ev_abao 
(-9, -5, 0), [14, 18, 0], 3.23.ao_ek_ayu 
(-8, -6, 0), [15, 17, 0], 3.23.ao_en_ayu 
(-7, -7, 0), [16, 16, 0], 3.23.ao_eo_ayu 
(-9, -4, 0), [14, 19, 0], 3.23.an_eb_axa 
(-8, -5, 0), [15, 18, 0], 3.23.an_ef_axa 
(-7, -6, 0), [16, 17, 0], 3.23.an_eh_axa 
(-9, -3, 0), [14, 20, 0], 3.23.am_ds_avg 
(-8, -4, 0), [15, 19, 0], 3.23.am_dx_avg 
(-7, -5, 0), [16, 18, 0], 3.23.am_ea_avg 
(-6, -6, 0), [17, 17, 0], 3.23.am_eb_avg 
(-9, -2, 0), [14, 21, 0], 3.23.al_dj_atm 
(-8, -3, 0), [15, 20, 0], 3.23.al_dp_atm 
(-7, -4, 0), [16, 19, 0], 3.23.al_dt_atm 
(-6, -5, 0), [17, 18, 0], 3.23.al_dv_atm 
(-9, -1, 0), [14, 22, 0], 3.23.ak_da_ars 
(-8, -2, 0), [15, 21, 0], 3.23.ak_dh_ars 
(-7, -3, 0), [16, 20, 0], 3.23.ak_dm_ars 
(-6, -4, 0), [17, 19, 0], 3.23.ak_dp_ars 
(-5, -5, 0), [18, 18, 0], 3.23.ak_dq_ars 
(-8, -1, 0), [15, 22, 0], 3.23.aj_cz_apy 
(-7, -2, 0), [16, 21, 0], 3.23.aj_df_apy 
(-6, -3, 0), [17, 20, 0], 3.23.aj_dj_apy 
(-5, -4, 0), [18, 19, 0], 3.23.aj_dl_apy 
(-9, 0, 1), [14, 0, 1], 3.23.ai_ci_aoe 
(-7, -1, 0), [16, 22, 0], 3.23.ai_cy_aoe 
(-6, -2, 0), [17, 21, 0], 3.23.ai_dd_aoe 
(-5, -3, 0), [18, 20, 0], 3.23.ai_dg_aoe 
(-4, -4, 0), [19, 19, 0], 3.23.ai_dh_aoe 
(-9, 0, 2), [14, 0, 2], 3.23.ah_bz_amk 
(-8, 0, 1), [15, 0, 1], 3.23.ah_cj_amk 
(-6, -1, 0), [17, 22, 0], 3.23.ah_cx_amk 
(-5, -2, 0), [18, 21, 0], 3.23.ah_db_amk 
(-9, 0, 3), [14, 0, 3], 3.23.ag_bq_akq 
(-8, 0, 2), [15, 0, 2], 3.23.ag_cb_akq 
(-7, 0, 1), [16, 0, 1], 3.23.ag_ck_akq 
(-5, -1, 0), [18, 22, 0], 3.23.ag_cw_akq 
(-4, -2, 0), [19, 21, 0], 3.23.ag_cz_akq 
(-3, -3, 0), [20, 20, 0], 3.23.ag_da_akq 
(-9, 0, 4), [14, 0, 4], 3.23.af_bh_aiw 
(-8, 0, 3), [15, 0, 3], 3.23.af_bt_aiw 
(-7, 0, 2), [16, 0, 2], 3.23.af_cd_aiw 
(-6, 0, 1), [17, 0, 1], 3.23.af_cl_aiw 
(-9, 0, 5), [14, 0, 5], 3.23.ae_y_ahc 
(-8, 0, 4), [15, 0, 4], 3.23.ae_bl_ahc 
(-7, 0, 3), [16, 0, 3], 3.23.ae_bw_ahc 
(-6, 0, 2), [17, 0, 2], 3.23.ae_cf_ahc 
(-5, 0, 1), [18, 0, 1], 3.23.ae_cm_ahc 
(-3, -1, 0), [20, 22, 0], 3.23.ae_cu_ahc 
(-2, -2, 0), [21, 21, 0], 3.23.ae_cv_ahc 
(-9, 0, 6), [14, 0, 6], 3.23.ad_p_afi 
(-8, 0, 5), [15, 0, 5], 3.23.ad_bd_afi 
(-7, 0, 4), [16, 0, 4], 3.23.ad_bp_afi 
(-6, 0, 3), [17, 0, 3], 3.23.ad_bz_afi 
(-5, 0, 2), [18, 0, 2], 3.23.ad_ch_afi 
(-4, 0, 1), [19, 0, 1], 3.23.ad_cn_afi 
(-9, 0, 7), [14, 0, 7], 3.23.ac_g_ado 
(-8, 0, 6), [15, 0, 6], 3.23.ac_v_ado 
(-7, 0, 5), [16, 0, 5], 3.23.ac_bi_ado 
(-6, 0, 4), [17, 0, 4], 3.23.ac_bt_ado 
(-5, 0, 3), [18, 0, 3], 3.23.ac_cc_ado 
(-4, 0, 2), [19, 0, 2], 3.23.ac_cj_ado 
(-3, 0, 1), [20, 0, 1], 3.23.ac_co_ado 
(-9, 0, 8), [14, 0, 8], 3.23.ab_ad_abu 
(-8, 0, 7), [15, 0, 7], 3.23.ab_n_abu 
(-7, 0, 6), [16, 0, 6], 3.23.ab_bb_abu 
(-6, 0, 5), [17, 0, 5], 3.23.ab_bn_abu 
(-5, 0, 4), [18, 0, 4], 3.23.ab_bx_abu 
(-4, 0, 3), [19, 0, 3], 3.23.ab_cf_abu 
(-3, 0, 2), [20, 0, 2], 3.23.ab_cl_abu 
(-9, 0, 9), [14, 0, 9], 3.23.a_am_a 
(-8, 0, 8), [15, 0, 8], 3.23.a_f_a 
(-7, 0, 7), [16, 0, 7], 3.23.a_u_a 
(-6, 0, 6), [17, 0, 6], 3.23.a_bh_a 
(-5, 0, 5), [18, 0, 5], 3.23.a_bs_a 
(-4, 0, 4), [19, 0, 4], 3.23.a_cb_a 
(-3, 0, 3), [20, 0, 3], 3.23.a_ci_a 
(-2, 0, 2), [21, 0, 2], 3.23.a_cn_a 
(-8, 0, 9), [15, 0, 9], 3.23.b_ad_bu 
(-7, 0, 8), [16, 0, 8], 3.23.b_n_bu 
(-6, 0, 7), [17, 0, 7], 3.23.b_bb_bu 
(-5, 0, 6), [18, 0, 6], 3.23.b_bn_bu 
(-4, 0, 5), [19, 0, 5], 3.23.b_bx_bu 
(-3, 0, 4), [20, 0, 4], 3.23.b_cf_bu 
(-2, 0, 3), [21, 0, 3], 3.23.b_cl_bu 
(-7, 0, 9), [16, 0, 9], 3.23.c_g_do 
(-6, 0, 8), [17, 0, 8], 3.23.c_v_do 
(-5, 0, 7), [18, 0, 7], 3.23.c_bi_do 
(-4, 0, 6), [19, 0, 6], 3.23.c_bt_do 
(-3, 0, 5), [20, 0, 5], 3.23.c_cc_do 
(-2, 0, 4), [21, 0, 4], 3.23.c_cj_do 
(-1, 0, 3), [22, 0, 3], 3.23.c_co_do 
(-6, 0, 9), [17, 0, 9], 3.23.d_p_fi 
(-5, 0, 8), [18, 0, 8], 3.23.d_bd_fi 
(-4, 0, 7), [19, 0, 7], 3.23.d_bp_fi 
(-3, 0, 6), [20, 0, 6], 3.23.d_bz_fi 
(-2, 0, 5), [21, 0, 5], 3.23.d_ch_fi 
(-1, 0, 4), [22, 0, 4], 3.23.d_cn_fi 
(-5, 0, 9), [18, 0, 9], 3.23.e_y_hc 
(-4, 0, 8), [19, 0, 8], 3.23.e_bl_hc 
(-3, 0, 7), [20, 0, 7], 3.23.e_bw_hc 
(-2, 0, 6), [21, 0, 6], 3.23.e_cf_hc 
(-1, 0, 5), [22, 0, 5], 3.23.e_cm_hc 
(0, 1, 3), [0, 1, 3], 3.23.e_cu_hc 
(0, 2, 2), [0, 2, 2], 3.23.e_cv_hc 
(-4, 0, 9), [19, 0, 9], 3.23.f_bh_iw 
(-3, 0, 8), [20, 0, 8], 3.23.f_bt_iw 
(-2, 0, 7), [21, 0, 7], 3.23.f_cd_iw 
(-1, 0, 6), [22, 0, 6], 3.23.f_cl_iw 
(-3, 0, 9), [20, 0, 9], 3.23.g_bq_kq 
(-2, 0, 8), [21, 0, 8], 3.23.g_cb_kq 
(-1, 0, 7), [22, 0, 7], 3.23.g_ck_kq 
(0, 1, 5), [0, 1, 5], 3.23.g_cw_kq 
(0, 2, 4), [0, 2, 4], 3.23.g_cz_kq 
(0, 3, 3), [0, 3, 3], 3.23.g_da_kq 
(-2, 0, 9), [21, 0, 9], 3.23.h_bz_mk 
(-1, 0, 8), [22, 0, 8], 3.23.h_cj_mk 
(0, 1, 6), [0, 1, 6], 3.23.h_cx_mk 
(0, 2, 5), [0, 2, 5], 3.23.h_db_mk 
(-1, 0, 9), [22, 0, 9], 3.23.i_ci_oe 
(0, 1, 7), [0, 1, 7], 3.23.i_cy_oe 
(0, 2, 6), [0, 2, 6], 3.23.i_dd_oe 
(0, 3, 5), [0, 3, 5], 3.23.i_dg_oe 
(0, 4, 4), [0, 4, 4], 3.23.i_dh_oe 
(0, 1, 8), [0, 1, 8], 3.23.j_cz_py 
(0, 2, 7), [0, 2, 7], 3.23.j_df_py 
(0, 3, 6), [0, 3, 6], 3.23.j_dj_py 
(0, 4, 5), [0, 4, 5], 3.23.j_dl_py 
(0, 1, 9), [0, 1, 9], 3.23.k_da_rs 
(0, 2, 8), [0, 2, 8], 3.23.k_dh_rs 
(0, 3, 7), [0, 3, 7], 3.23.k_dm_rs 
(0, 4, 6), [0, 4, 6], 3.23.k_dp_rs 
(0, 5, 5), [0, 5, 5], 3.23.k_dq_rs 
(0, 2, 9), [0, 2, 9], 3.23.l_dj_tm 
(0, 3, 8), [0, 3, 8], 3.23.l_dp_tm 
(0, 4, 7), [0, 4, 7], 3.23.l_dt_tm 
(0, 5, 6), [0, 5, 6], 3.23.l_dv_tm 
(0, 3, 9), [0, 3, 9], 3.23.m_ds_vg 
(0, 4, 8), [0, 4, 8], 3.23.m_dx_vg 
(0, 5, 7), [0, 5, 7], 3.23.m_ea_vg 
(0, 6, 6), [0, 6, 6], 3.23.m_eb_vg 
(0, 4, 9), [0, 4, 9], 3.23.n_eb_xa 
(0, 5, 8), [0, 5, 8], 3.23.n_ef_xa 
(0, 6, 7), [0, 6, 7], 3.23.n_eh_xa 
(0, 5, 9), [0, 5, 9], 3.23.o_ek_yu 
(0, 6, 8), [0, 6, 8], 3.23.o_en_yu 
(0, 7, 7), [0, 7, 7], 3.23.o_eo_yu 
(0, 6, 9), [0, 6, 9], 3.23.p_et_bao 
(0, 7, 8), [0, 7, 8], 3.23.p_ev_bao 
(0, 7, 9), [0, 7, 9], 3.23.q_fc_bci 
(0, 8, 8), [0, 8, 8], 3.23.q_fd_bci 
(0, 8, 9), [0, 8, 9], 3.23.r_fl_bec 
(0, 9, 9), [0, 9, 9], 3.23.s_fu_bfw 
