(-6, -3, 9), [1, -9, 36, -108, 324, -729, 729], 3.9.aj_bk_aee 
(-6, 0, -9), [1, -6, 0, 54, 0, -486, 729], 3.9.ag_a_cc 
(-3, -3, 9), [1, -6, 27, -81, 243, -486, 729], 3.9.ag_bb_add 
(-6, 3, 9), [1, -3, 0, 0, 0, -243, 729], 3.9.ad_a_a 
(-3, 0, -9), [1, -3, 0, 27, 0, -243, 729], 3.9.ad_a_bb 
(-3, 0, 0), [1, -3, 9, 0, 81, -243, 729], 3.9.ad_j_a 
(0, -3, 9), [1, -3, 18, -54, 162, -243, 729], 3.9.ad_s_acc 
(3, -3, 9), [1, 0, 9, -27, 81, 0, 729], 3.9.a_j_abb 
(-3, 3, 9), [1, 0, 9, 27, 81, 0, 729], 3.9.a_j_bb 
(3, 0, -9), [1, 3, 0, -27, 0, 243, 729], 3.9.d_a_abb 
(6, -3, 9), [1, 3, 0, 0, 0, 243, 729], 3.9.d_a_a 
(3, 0, 0), [1, 3, 9, 0, 81, 243, 729], 3.9.d_j_a 
(0, 3, 9), [1, 3, 18, 54, 162, 243, 729], 3.9.d_s_cc 
(6, 0, -9), [1, 6, 0, -54, 0, 486, 729], 3.9.g_a_acc 
(3, 3, 9), [1, 6, 27, 81, 243, 486, 729], 3.9.g_bb_dd 
(6, 3, 9), [1, 9, 36, 108, 324, 729, 729], 3.9.j_bk_ee 
