(-12, 67, -253), [1, -12, 67, -253, 737, -1452, 1331], 3.11.am_cp_ajt, -4598 
(-11, 59, -220), [1, -11, 59, -220, 649, -1331, 1331], 3.11.al_ch_aim, -3580 
(-11, 61, -231), [1, -11, 61, -231, 671, -1331, 1331], 3.11.al_cj_aix, -3831 
(-11, 69, -275), [1, -11, 69, -275, 759, -1331, 1331], 3.11.al_cr_akp, -4915 
(-10, 49, -176), [1, -10, 49, -176, 539, -1210, 1331], 3.11.ak_bx_agu, -2477 
(-10, 51, -187), [1, -10, 51, -187, 561, -1210, 1331], 3.11.ak_bz_ahf, -2688 
(-10, 53, -198), [1, -10, 53, -198, 583, -1210, 1331], 3.11.ak_cb_ahq, -2907 
(-10, 61, -242), [1, -10, 61, -242, 671, -1210, 1331], 3.11.ak_cj_aji, -3863 
(-9, 36, -110), [1, -9, 36, -110, 396, -1089, 1331], 3.11.aj_bk_aeg, -1325 
(-9, 39, -132), [1, -9, 39, -132, 429, -1089, 1331], 3.11.aj_bn_afc, -1572 
(-9, 41, -143), [1, -9, 41, -143, 451, -1089, 1331], 3.11.aj_bp_afn, -1743 
(-9, 43, -154), [1, -9, 43, -154, 473, -1089, 1331], 3.11.aj_br_afy, -1922 
(-9, 45, -165), [1, -9, 45, -165, 495, -1089, 1331], 3.11.aj_bt_agj, -2109 
(-9, 47, -176), [1, -9, 47, -176, 517, -1089, 1331], 3.11.aj_bv_agu, -2304 
(-9, 49, -187), [1, -9, 49, -187, 539, -1089, 1331], 3.11.aj_bx_ahf, -2507 
(-9, 53, -209), [1, -9, 53, -209, 583, -1089, 1331], 3.11.aj_cb_aib, -2937 
(-8, 21, -33), [1, -8, 21, -33, 231, -968, 1331], 3.11.ai_v_abh, -410 
(-8, 29, -88), [1, -8, 29, -88, 319, -968, 1331], 3.11.ai_bd_adk, -865 
(-8, 30, -88), [1, -8, 30, -88, 330, -968, 1331], 3.11.ai_be_adk, -924 
(-8, 31, -99), [1, -8, 31, -99, 341, -968, 1331], 3.11.ai_bf_adv, -996 
(-8, 35, -121), [1, -8, 35, -121, 385, -968, 1331], 3.11.ai_bj_aer, -1282 
(-8, 36, -132), [1, -8, 36, -132, 396, -968, 1331], 3.11.ai_bk_afc, -1364 
(-8, 37, -132), [1, -8, 37, -132, 407, -968, 1331], 3.11.ai_bl_afc, -1437 
(-8, 39, -154), [1, -8, 39, -154, 429, -968, 1331], 3.11.ai_bn_afy, -1611 
(-8, 39, -143), [1, -8, 39, -143, 429, -968, 1331], 3.11.ai_bn_afn, -1600 
(-8, 39, -132), [1, -8, 39, -132, 429, -968, 1331], 3.11.ai_bn_afc, -1589 
(-8, 40, -154), [1, -8, 40, -154, 440, -968, 1331], 3.11.ai_bo_afy, -1690 
(-8, 41, -165), [1, -8, 41, -165, 451, -968, 1331], 3.11.ai_bp_agj, -1782 
(-8, 41, -154), [1, -8, 41, -154, 451, -968, 1331], 3.11.ai_bp_afy, -1771 
(-8, 41, -143), [1, -8, 41, -143, 451, -968, 1331], 3.11.ai_bp_afn, -1760 
(-8, 42, -154), [1, -8, 42, -154, 462, -968, 1331], 3.11.ai_bq_afy, -1854 
(-8, 43, -165), [1, -8, 43, -165, 473, -968, 1331], 3.11.ai_br_agj, -1950 
(-8, 43, -154), [1, -8, 43, -154, 473, -968, 1331], 3.11.ai_br_afy, -1939 
(-8, 45, -165), [1, -8, 45, -165, 495, -968, 1331], 3.11.ai_bt_agj, -2126 
(-7, 9, 22), [1, -7, 9, 22, 99, -847, 1331], 3.11.ah_j_w, -10 
(-7, 13, 0), [1, -7, 13, 0, 143, -847, 1331], 3.11.ah_n_a, -120 
(-7, 15, -11), [1, -7, 15, -11, 165, -847, 1331], 3.11.ah_p_al, -187 
(-7, 16, -22), [1, -7, 16, -22, 176, -847, 1331], 3.11.ah_q_aw, -229 
(-7, 19, -44), [1, -7, 19, -44, 209, -847, 1331], 3.11.ah_t_abs, -356 
(-7, 19, -33), [1, -7, 19, -33, 209, -847, 1331], 3.11.ah_t_abh, -345 
(-7, 20, -44), [1, -7, 20, -44, 220, -847, 1331], 3.11.ah_u_abs, -395 
(-7, 21, -55), [1, -7, 21, -55, 231, -847, 1331], 3.11.ah_v_acd, -447 
(-7, 23, -55), [1, -7, 23, -55, 253, -847, 1331], 3.11.ah_x_acd, -535 
(-7, 24, -66), [1, -7, 24, -66, 264, -847, 1331], 3.11.ah_y_aco, -593 
(-7, 25, -77), [1, -7, 25, -77, 275, -847, 1331], 3.11.ah_z_acz, -653 
(-7, 25, -66), [1, -7, 25, -66, 275, -847, 1331], 3.11.ah_z_aco, -642 
(-7, 26, -88), [1, -7, 26, -88, 286, -847, 1331], 3.11.ah_ba_adk, -715 
(-7, 27, -88), [1, -7, 27, -88, 297, -847, 1331], 3.11.ah_bb_adk, -768 
(-7, 27, -77), [1, -7, 27, -77, 297, -847, 1331], 3.11.ah_bb_acz, -757 
(-7, 29, -110), [1, -7, 29, -110, 319, -847, 1331], 3.11.ah_bd_aeg, -902 
(-7, 29, -99), [1, -7, 29, -99, 319, -847, 1331], 3.11.ah_bd_adv, -891 
(-7, 29, -88), [1, -7, 29, -88, 319, -847, 1331], 3.11.ah_bd_adk, -880 
(-7, 30, -110), [1, -7, 30, -110, 330, -847, 1331], 3.11.ah_be_aeg, -961 
(-7, 31, -121), [1, -7, 31, -121, 341, -847, 1331], 3.11.ah_bf_aer, -1033 
(-7, 31, -110), [1, -7, 31, -110, 341, -847, 1331], 3.11.ah_bf_aeg, -1022 
(-7, 31, -99), [1, -7, 31, -99, 341, -847, 1331], 3.11.ah_bf_adv, -1011 
(-7, 32, -110), [1, -7, 32, -110, 352, -847, 1331], 3.11.ah_bg_aeg, -1085 
(-7, 34, -132), [1, -7, 34, -132, 374, -847, 1331], 3.11.ah_bi_afc, -1239 
(-7, 35, -143), [1, -7, 35, -143, 385, -847, 1331], 3.11.ah_bj_afn, -1319 
(-7, 35, -132), [1, -7, 35, -132, 385, -847, 1331], 3.11.ah_bj_afc, -1308 
(-7, 35, -121), [1, -7, 35, -121, 385, -847, 1331], 3.11.ah_bj_aer, -1297 
(-7, 36, -132), [1, -7, 36, -132, 396, -847, 1331], 3.11.ah_bk_afc, -1379 
(-7, 37, -143), [1, -7, 37, -143, 407, -847, 1331], 3.11.ah_bl_afn, -1463 
(-7, 37, -132), [1, -7, 37, -132, 407, -847, 1331], 3.11.ah_bl_afc, -1452 
(-7, 38, -132), [1, -7, 38, -132, 418, -847, 1331], 3.11.ah_bm_afc, -1527 
(-7, 39, -143), [1, -7, 39, -143, 429, -847, 1331], 3.11.ah_bn_afn, -1615 
(-7, 39, -132), [1, -7, 39, -132, 429, -847, 1331], 3.11.ah_bn_afc, -1604 
(-7, 41, -143), [1, -7, 41, -143, 451, -847, 1331], 3.11.ah_bp_afn, -1775 
(-6, -4, 88), [1, -6, -4, 88, -44, -726, 1331], 3.11.ag_ae_dk, 108 
(-6, -1, 66), [1, -6, -1, 66, -11, -726, 1331], 3.11.ag_ab_co, 101 
(-6, 3, 44), [1, -6, 3, 44, 33, -726, 1331], 3.11.ag_d_bs, 71 
(-6, 6, 22), [1, -6, 6, 22, 66, -726, 1331], 3.11.ag_g_w, 22 
(-6, 7, 22), [1, -6, 7, 22, 77, -726, 1331], 3.11.ag_h_w, 9 
(-6, 9, 0), [1, -6, 9, 0, 99, -726, 1331], 3.11.ag_j_a, -45 
(-6, 9, 11), [1, -6, 9, 11, 99, -726, 1331], 3.11.ag_j_l, -34 
(-6, 10, 0), [1, -6, 10, 0, 110, -726, 1331], 3.11.ag_k_a, -64 
(-6, 13, -22), [1, -6, 13, -22, 143, -726, 1331], 3.11.ag_n_aw, -155 
(-6, 13, -11), [1, -6, 13, -11, 143, -726, 1331], 3.11.ag_n_al, -144 
(-6, 14, -22), [1, -6, 14, -22, 154, -726, 1331], 3.11.ag_o_aw, -182 
(-6, 15, -33), [1, -6, 15, -33, 165, -726, 1331], 3.11.ag_p_abh, -222 
(-6, 15, -22), [1, -6, 15, -22, 165, -726, 1331], 3.11.ag_p_aw, -211 
(-6, 16, -44), [1, -6, 16, -44, 176, -726, 1331], 3.11.ag_q_abs, -264 
(-6, 17, -44), [1, -6, 17, -44, 187, -726, 1331], 3.11.ag_r_abs, -297 
(-6, 17, -33), [1, -6, 17, -33, 187, -726, 1331], 3.11.ag_r_abh, -286 
(-6, 18, -44), [1, -6, 18, -44, 198, -726, 1331], 3.11.ag_s_abs, -332 
(-6, 19, -66), [1, -6, 19, -66, 209, -726, 1331], 3.11.ag_t_aco, -391 
(-6, 19, -55), [1, -6, 19, -55, 209, -726, 1331], 3.11.ag_t_acd, -380 
(-6, 20, -44), [1, -6, 20, -44, 220, -726, 1331], 3.11.ag_u_abs, -408 
(-6, 21, -77), [1, -6, 21, -77, 231, -726, 1331], 3.11.ag_v_acz, -482 
(-6, 21, -66), [1, -6, 21, -66, 231, -726, 1331], 3.11.ag_v_aco, -471 
(-6, 21, -55), [1, -6, 21, -55, 231, -726, 1331], 3.11.ag_v_acd, -460 
(-6, 23, -88), [1, -6, 23, -88, 253, -726, 1331], 3.11.ag_x_adk, -581 
(-6, 23, -77), [1, -6, 23, -77, 253, -726, 1331], 3.11.ag_x_acz, -570 
(-6, 23, -66), [1, -6, 23, -66, 253, -726, 1331], 3.11.ag_x_aco, -559 
(-6, 24, -88), [1, -6, 24, -88, 264, -726, 1331], 3.11.ag_y_adk, -628 
(-6, 24, -66), [1, -6, 24, -66, 264, -726, 1331], 3.11.ag_y_aco, -606 
(-6, 25, -99), [1, -6, 25, -99, 275, -726, 1331], 3.11.ag_z_adv, -688 
(-6, 25, -88), [1, -6, 25, -88, 275, -726, 1331], 3.11.ag_z_adk, -677 
(-6, 25, -77), [1, -6, 25, -77, 275, -726, 1331], 3.11.ag_z_acz, -666 
(-6, 25, -66), [1, -6, 25, -66, 275, -726, 1331], 3.11.ag_z_aco, -655 
(-6, 26, -110), [1, -6, 26, -110, 286, -726, 1331], 3.11.ag_ba_aeg, -750 
(-6, 26, -88), [1, -6, 26, -88, 286, -726, 1331], 3.11.ag_ba_adk, -728 
(-6, 27, -110), [1, -6, 27, -110, 297, -726, 1331], 3.11.ag_bb_aeg, -803 
(-6, 27, -99), [1, -6, 27, -99, 297, -726, 1331], 3.11.ag_bb_adv, -792 
(-6, 27, -88), [1, -6, 27, -88, 297, -726, 1331], 3.11.ag_bb_adk, -781 
(-6, 28, -88), [1, -6, 28, -88, 308, -726, 1331], 3.11.ag_bc_adk, -836 
(-6, 29, -121), [1, -6, 29, -121, 319, -726, 1331], 3.11.ag_bd_aer, -926 
(-6, 29, -110), [1, -6, 29, -110, 319, -726, 1331], 3.11.ag_bd_aeg, -915 
(-6, 29, -99), [1, -6, 29, -99, 319, -726, 1331], 3.11.ag_bd_adv, -904 
(-6, 29, -88), [1, -6, 29, -88, 319, -726, 1331], 3.11.ag_bd_adk, -893 
(-6, 31, -121), [1, -6, 31, -121, 341, -726, 1331], 3.11.ag_bf_aer, -1046 
(-6, 31, -110), [1, -6, 31, -110, 341, -726, 1331], 3.11.ag_bf_aeg, -1035 
(-6, 32, -110), [1, -6, 32, -110, 352, -726, 1331], 3.11.ag_bg_aeg, -1098 
(-6, 34, -110), [1, -6, 34, -110, 374, -726, 1331], 3.11.ag_bi_aeg, -1230 
(-6, 35, -121), [1, -6, 35, -121, 385, -726, 1331], 3.11.ag_bj_aer, -1310 
(-6, 35, -110), [1, -6, 35, -110, 385, -726, 1331], 3.11.ag_bj_aeg, -1299 
(-5, -10, 110), [1, -5, -10, 110, -110, -605, 1331], 3.11.af_ak_eg, 35 
(-5, -9, 99), [1, -5, -9, 99, -99, -605, 1331], 3.11.af_aj_dv, 43 
(-5, -5, 77), [1, -5, -5, 77, -55, -605, 1331], 3.11.af_af_cz, 77 
(-5, -4, 66), [1, -5, -4, 66, -44, -605, 1331], 3.11.af_ae_co, 75 
(-5, -3, 66), [1, -5, -3, 66, -33, -605, 1331], 3.11.af_ad_co, 82 
(-5, -2, 66), [1, -5, -2, 66, -22, -605, 1331], 3.11.af_ac_co, 87 
(-5, -1, 44), [1, -5, -1, 44, -11, -605, 1331], 3.11.af_ab_bs, 68 
(-5, -1, 55), [1, -5, -1, 55, -11, -605, 1331], 3.11.af_ab_cd, 79 
(-5, 1, 33), [1, -5, 1, 33, 11, -605, 1331], 3.11.af_b_bh, 57 
(-5, 1, 44), [1, -5, 1, 44, 11, -605, 1331], 3.11.af_b_bs, 68 
(-5, 2, 44), [1, -5, 2, 44, 22, -605, 1331], 3.11.af_c_bs, 65 
(-5, 3, 22), [1, -5, 3, 22, 33, -605, 1331], 3.11.af_d_w, 38 
(-5, 3, 33), [1, -5, 3, 33, 33, -605, 1331], 3.11.af_d_bh, 49 
(-5, 5, 11), [1, -5, 5, 11, 55, -605, 1331], 3.11.af_f_l, 11 
(-5, 6, 0), [1, -5, 6, 0, 66, -605, 1331], 3.11.af_g_a, -11 
(-5, 6, 22), [1, -5, 6, 22, 66, -605, 1331], 3.11.af_g_w, 11 
(-5, 7, 0), [1, -5, 7, 0, 77, -605, 1331], 3.11.af_h_a, -24 
(-5, 7, 11), [1, -5, 7, 11, 77, -605, 1331], 3.11.af_h_l, -13 
(-5, 8, 0), [1, -5, 8, 0, 88, -605, 1331], 3.11.af_i_a, -39 
(-5, 9, -22), [1, -5, 9, -22, 99, -605, 1331], 3.11.af_j_aw, -78 
(-5, 9, -11), [1, -5, 9, -11, 99, -605, 1331], 3.11.af_j_al, -67 
(-5, 9, 0), [1, -5, 9, 0, 99, -605, 1331], 3.11.af_j_a, -56 
(-5, 10, -22), [1, -5, 10, -22, 110, -605, 1331], 3.11.af_k_aw, -97 
(-5, 10, 0), [1, -5, 10, 0, 110, -605, 1331], 3.11.af_k_a, -75 
(-5, 12, -22), [1, -5, 12, -22, 132, -605, 1331], 3.11.af_m_aw, -141 
(-5, 13, -44), [1, -5, 13, -44, 143, -605, 1331], 3.11.af_n_abs, -188 
(-5, 13, -33), [1, -5, 13, -33, 143, -605, 1331], 3.11.af_n_abh, -177 
(-5, 13, -22), [1, -5, 13, -22, 143, -605, 1331], 3.11.af_n_aw, -166 
(-5, 13, -11), [1, -5, 13, -11, 143, -605, 1331], 3.11.af_n_al, -155 
(-5, 14, -44), [1, -5, 14, -44, 154, -605, 1331], 3.11.af_o_abs, -215 
(-5, 14, -22), [1, -5, 14, -22, 154, -605, 1331], 3.11.af_o_aw, -193 
(-5, 15, -55), [1, -5, 15, -55, 165, -605, 1331], 3.11.af_p_acd, -255 
(-5, 15, -44), [1, -5, 15, -44, 165, -605, 1331], 3.11.af_p_abs, -244 
(-5, 15, -33), [1, -5, 15, -33, 165, -605, 1331], 3.11.af_p_abh, -233 
(-5, 16, -66), [1, -5, 16, -66, 176, -605, 1331], 3.11.af_q_aco, -297 
(-5, 17, -55), [1, -5, 17, -55, 187, -605, 1331], 3.11.af_r_acd, -319 
(-5, 17, -33), [1, -5, 17, -33, 187, -605, 1331], 3.11.af_r_abh, -297 
(-5, 18, -66), [1, -5, 18, -66, 198, -605, 1331], 3.11.af_s_aco, -365 
(-5, 18, -44), [1, -5, 18, -44, 198, -605, 1331], 3.11.af_s_abs, -343 
(-5, 19, -88), [1, -5, 19, -88, 209, -605, 1331], 3.11.af_t_adk, -424 
(-5, 19, -77), [1, -5, 19, -77, 209, -605, 1331], 3.11.af_t_acz, -413 
(-5, 19, -66), [1, -5, 19, -66, 209, -605, 1331], 3.11.af_t_aco, -402 
(-5, 19, -55), [1, -5, 19, -55, 209, -605, 1331], 3.11.af_t_acd, -391 
(-5, 19, -44), [1, -5, 19, -44, 209, -605, 1331], 3.11.af_t_abs, -380 
(-5, 20, -88), [1, -5, 20, -88, 220, -605, 1331], 3.11.af_u_adk, -463 
(-5, 20, -66), [1, -5, 20, -66, 220, -605, 1331], 3.11.af_u_aco, -441 
(-5, 20, -44), [1, -5, 20, -44, 220, -605, 1331], 3.11.af_u_abs, -419 
(-5, 21, -99), [1, -5, 21, -99, 231, -605, 1331], 3.11.af_v_adv, -515 
(-5, 21, -88), [1, -5, 21, -88, 231, -605, 1331], 3.11.af_v_adk, -504 
(-5, 21, -77), [1, -5, 21, -77, 231, -605, 1331], 3.11.af_v_acz, -493 
(-5, 21, -66), [1, -5, 21, -66, 231, -605, 1331], 3.11.af_v_aco, -482 
(-5, 21, -55), [1, -5, 21, -55, 231, -605, 1331], 3.11.af_v_acd, -471 
(-5, 23, -99), [1, -5, 23, -99, 253, -605, 1331], 3.11.af_x_adv, -603 
(-5, 23, -88), [1, -5, 23, -88, 253, -605, 1331], 3.11.af_x_adk, -592 
(-5, 23, -77), [1, -5, 23, -77, 253, -605, 1331], 3.11.af_x_acz, -581 
(-5, 23, -66), [1, -5, 23, -66, 253, -605, 1331], 3.11.af_x_aco, -570 
(-5, 23, -55), [1, -5, 23, -55, 253, -605, 1331], 3.11.af_x_acd, -559 
(-5, 24, -88), [1, -5, 24, -88, 264, -605, 1331], 3.11.af_y_adk, -639 
(-5, 24, -66), [1, -5, 24, -66, 264, -605, 1331], 3.11.af_y_aco, -617 
(-5, 25, -99), [1, -5, 25, -99, 275, -605, 1331], 3.11.af_z_adv, -699 
(-5, 25, -88), [1, -5, 25, -88, 275, -605, 1331], 3.11.af_z_adk, -688 
(-5, 25, -77), [1, -5, 25, -77, 275, -605, 1331], 3.11.af_z_acz, -677 
(-5, 25, -66), [1, -5, 25, -66, 275, -605, 1331], 3.11.af_z_aco, -666 
(-5, 26, -88), [1, -5, 26, -88, 286, -605, 1331], 3.11.af_ba_adk, -739 
(-5, 27, -99), [1, -5, 27, -99, 297, -605, 1331], 3.11.af_bb_adv, -803 
(-5, 27, -88), [1, -5, 27, -88, 297, -605, 1331], 3.11.af_bb_adk, -792 
(-5, 27, -77), [1, -5, 27, -77, 297, -605, 1331], 3.11.af_bb_acz, -781 
(-5, 29, -99), [1, -5, 29, -99, 319, -605, 1331], 3.11.af_bd_adv, -915 
(-5, 29, -88), [1, -5, 29, -88, 319, -605, 1331], 3.11.af_bd_adk, -904 
(-5, 31, -99), [1, -5, 31, -99, 341, -605, 1331], 3.11.af_bf_adv, -1035 
(-5, 31, -88), [1, -5, 31, -88, 341, -605, 1331], 3.11.af_bf_adk, -1024 
(-5, 35, -99), [1, -5, 35, -99, 385, -605, 1331], 3.11.af_bj_adv, -1299 
(-4, -10, 88), [1, -4, -10, 88, -110, -484, 1331], 3.11.ae_ak_dk, 4 
(-4, -9, 88), [1, -4, -9, 88, -99, -484, 1331], 3.11.ae_aj_dk, 23 
(-4, -8, 88), [1, -4, -8, 88, -88, -484, 1331], 3.11.ae_ai_dk, 40 
(-4, -7, 66), [1, -4, -7, 66, -77, -484, 1331], 3.11.ae_ah_co, 33 
(-4, -7, 77), [1, -4, -7, 77, -77, -484, 1331], 3.11.ae_ah_cz, 44 
(-4, -6, 66), [1, -4, -6, 66, -66, -484, 1331], 3.11.ae_ag_co, 46 
(-4, -5, 55), [1, -4, -5, 55, -55, -484, 1331], 3.11.ae_af_cd, 46 
(-4, -5, 66), [1, -4, -5, 66, -55, -484, 1331], 3.11.ae_af_co, 57 
(-4, -4, 44), [1, -4, -4, 44, -44, -484, 1331], 3.11.ae_ae_bs, 44 
(-4, -4, 66), [1, -4, -4, 66, -44, -484, 1331], 3.11.ae_ae_co, 66 
(-4, -3, 44), [1, -4, -3, 44, -33, -484, 1331], 3.11.ae_ad_bs, 51 
(-4, -3, 55), [1, -4, -3, 55, -33, -484, 1331], 3.11.ae_ad_cd, 62 
(-4, -3, 66), [1, -4, -3, 66, -33, -484, 1331], 3.11.ae_ad_co, 73 
(-4, -2, 44), [1, -4, -2, 44, -22, -484, 1331], 3.11.ae_ac_bs, 56 
(-4, -1, 22), [1, -4, -1, 22, -11, -484, 1331], 3.11.ae_ab_w, 37 
(-4, -1, 33), [1, -4, -1, 33, -11, -484, 1331], 3.11.ae_ab_bh, 48 
(-4, -1, 55), [1, -4, -1, 55, -11, -484, 1331], 3.11.ae_ab_cd, 70 
(-4, 1, 11), [1, -4, 1, 11, 11, -484, 1331], 3.11.ae_b_l, 26 
(-4, 1, 22), [1, -4, 1, 22, 11, -484, 1331], 3.11.ae_b_w, 37 
(-4, 1, 33), [1, -4, 1, 33, 11, -484, 1331], 3.11.ae_b_bh, 48 
(-4, 1, 44), [1, -4, 1, 44, 11, -484, 1331], 3.11.ae_b_bs, 59 
(-4, 2, 22), [1, -4, 2, 22, 22, -484, 1331], 3.11.ae_c_w, 34 
(-4, 3, 0), [1, -4, 3, 0, 33, -484, 1331], 3.11.ae_d_a, 7 
(-4, 3, 22), [1, -4, 3, 22, 33, -484, 1331], 3.11.ae_d_w, 29 
(-4, 3, 33), [1, -4, 3, 33, 33, -484, 1331], 3.11.ae_d_bh, 40 
(-4, 4, 0), [1, -4, 4, 0, 44, -484, 1331], 3.11.ae_e_a, 0 
(-4, 4, 22), [1, -4, 4, 22, 44, -484, 1331], 3.11.ae_e_w, 22 
(-4, 5, -11), [1, -4, 5, -11, 55, -484, 1331], 3.11.ae_f_al, -20 
(-4, 5, 0), [1, -4, 5, 0, 55, -484, 1331], 3.11.ae_f_a, -9 
(-4, 5, 11), [1, -4, 5, 11, 55, -484, 1331], 3.11.ae_f_l, 2 
(-4, 5, 22), [1, -4, 5, 22, 55, -484, 1331], 3.11.ae_f_w, 13 
(-4, 6, -22), [1, -4, 6, -22, 66, -484, 1331], 3.11.ae_g_aw, -42 
(-4, 6, 0), [1, -4, 6, 0, 66, -484, 1331], 3.11.ae_g_a, -20 
(-4, 7, -22), [1, -4, 7, -22, 77, -484, 1331], 3.11.ae_h_aw, -55 
(-4, 7, -11), [1, -4, 7, -11, 77, -484, 1331], 3.11.ae_h_al, -44 
(-4, 7, 0), [1, -4, 7, 0, 77, -484, 1331], 3.11.ae_h_a, -33 
(-4, 7, 11), [1, -4, 7, 11, 77, -484, 1331], 3.11.ae_h_l, -22 
(-4, 8, -22), [1, -4, 8, -22, 88, -484, 1331], 3.11.ae_i_aw, -70 
(-4, 8, 0), [1, -4, 8, 0, 88, -484, 1331], 3.11.ae_i_a, -48 
(-4, 9, -44), [1, -4, 9, -44, 99, -484, 1331], 3.11.ae_j_abs, -109 
(-4, 9, -33), [1, -4, 9, -33, 99, -484, 1331], 3.11.ae_j_abh, -98 
(-4, 9, -22), [1, -4, 9, -22, 99, -484, 1331], 3.11.ae_j_aw, -87 
(-4, 9, -11), [1, -4, 9, -11, 99, -484, 1331], 3.11.ae_j_al, -76 
(-4, 9, 0), [1, -4, 9, 0, 99, -484, 1331], 3.11.ae_j_a, -65 
(-4, 10, -44), [1, -4, 10, -44, 110, -484, 1331], 3.11.ae_k_abs, -128 
(-4, 10, 0), [1, -4, 10, 0, 110, -484, 1331], 3.11.ae_k_a, -84 
(-4, 12, -22), [1, -4, 12, -22, 132, -484, 1331], 3.11.ae_m_aw, -150 
(-4, 13, -66), [1, -4, 13, -66, 143, -484, 1331], 3.11.ae_n_aco, -219 
(-4, 13, -55), [1, -4, 13, -55, 143, -484, 1331], 3.11.ae_n_acd, -208 
(-4, 13, -44), [1, -4, 13, -44, 143, -484, 1331], 3.11.ae_n_abs, -197 
(-4, 13, -33), [1, -4, 13, -33, 143, -484, 1331], 3.11.ae_n_abh, -186 
(-4, 13, -22), [1, -4, 13, -22, 143, -484, 1331], 3.11.ae_n_aw, -175 
(-4, 13, -11), [1, -4, 13, -11, 143, -484, 1331], 3.11.ae_n_al, -164 
(-4, 14, -44), [1, -4, 14, -44, 154, -484, 1331], 3.11.ae_o_abs, -224 
(-4, 15, -77), [1, -4, 15, -77, 165, -484, 1331], 3.11.ae_p_acz, -286 
(-4, 15, -66), [1, -4, 15, -66, 165, -484, 1331], 3.11.ae_p_aco, -275 
(-4, 15, -55), [1, -4, 15, -55, 165, -484, 1331], 3.11.ae_p_acd, -264 
(-4, 15, -33), [1, -4, 15, -33, 165, -484, 1331], 3.11.ae_p_abh, -242 
(-4, 15, -22), [1, -4, 15, -22, 165, -484, 1331], 3.11.ae_p_aw, -231 
(-4, 16, -66), [1, -4, 16, -66, 176, -484, 1331], 3.11.ae_q_aco, -306 
(-4, 16, -44), [1, -4, 16, -44, 176, -484, 1331], 3.11.ae_q_abs, -284 
(-4, 16, -22), [1, -4, 16, -22, 176, -484, 1331], 3.11.ae_q_aw, -262 
(-4, 17, -77), [1, -4, 17, -77, 187, -484, 1331], 3.11.ae_r_acz, -350 
(-4, 17, -66), [1, -4, 17, -66, 187, -484, 1331], 3.11.ae_r_aco, -339 
(-4, 17, -55), [1, -4, 17, -55, 187, -484, 1331], 3.11.ae_r_acd, -328 
(-4, 17, -44), [1, -4, 17, -44, 187, -484, 1331], 3.11.ae_r_abs, -317 
(-4, 18, -66), [1, -4, 18, -66, 198, -484, 1331], 3.11.ae_s_aco, -374 
(-4, 18, -44), [1, -4, 18, -44, 198, -484, 1331], 3.11.ae_s_abs, -352 
(-4, 19, -77), [1, -4, 19, -77, 209, -484, 1331], 3.11.ae_t_acz, -422 
(-4, 19, -66), [1, -4, 19, -66, 209, -484, 1331], 3.11.ae_t_aco, -411 
(-4, 19, -55), [1, -4, 19, -55, 209, -484, 1331], 3.11.ae_t_acd, -400 
(-4, 19, -44), [1, -4, 19, -44, 209, -484, 1331], 3.11.ae_t_abs, -389 
(-4, 19, -33), [1, -4, 19, -33, 209, -484, 1331], 3.11.ae_t_abh, -378 
(-4, 20, -66), [1, -4, 20, -66, 220, -484, 1331], 3.11.ae_u_aco, -450 
(-4, 20, -44), [1, -4, 20, -44, 220, -484, 1331], 3.11.ae_u_abs, -428 
(-4, 21, -77), [1, -4, 21, -77, 231, -484, 1331], 3.11.ae_v_acz, -502 
(-4, 21, -66), [1, -4, 21, -66, 231, -484, 1331], 3.11.ae_v_aco, -491 
(-4, 21, -55), [1, -4, 21, -55, 231, -484, 1331], 3.11.ae_v_acd, -480 
(-4, 21, -44), [1, -4, 21, -44, 231, -484, 1331], 3.11.ae_v_abs, -469 
(-4, 23, -77), [1, -4, 23, -77, 253, -484, 1331], 3.11.ae_x_acz, -590 
(-4, 23, -66), [1, -4, 23, -66, 253, -484, 1331], 3.11.ae_x_aco, -579 
(-4, 24, -66), [1, -4, 24, -66, 264, -484, 1331], 3.11.ae_y_aco, -626 
(-4, 25, -66), [1, -4, 25, -66, 275, -484, 1331], 3.11.ae_z_aco, -675 
(-4, 27, -77), [1, -4, 27, -77, 297, -484, 1331], 3.11.ae_bb_acz, -790 
(-4, 27, -66), [1, -4, 27, -66, 297, -484, 1331], 3.11.ae_bb_aco, -779 
(-4, 28, -66), [1, -4, 28, -66, 308, -484, 1331], 3.11.ae_bc_aco, -834 
(-4, 31, -77), [1, -4, 31, -77, 341, -484, 1331], 3.11.ae_bf_acz, -1022 
(-3, -10, 66), [1, -3, -10, 66, -110, -363, 1331], 3.11.ad_ak_co, -25 
(-3, -9, 66), [1, -3, -9, 66, -99, -363, 1331], 3.11.ad_aj_co, -6 
(-3, -9, 77), [1, -3, -9, 77, -99, -363, 1331], 3.11.ad_aj_cz, 5 
(-3, -8, 66), [1, -3, -8, 66, -88, -363, 1331], 3.11.ad_ai_co, 11 
(-3, -7, 44), [1, -3, -7, 44, -77, -363, 1331], 3.11.ad_ah_bs, 4 
(-3, -7, 55), [1, -3, -7, 55, -77, -363, 1331], 3.11.ad_ah_cd, 15 
(-3, -7, 77), [1, -3, -7, 77, -77, -363, 1331], 3.11.ad_ah_cz, 37 
(-3, -6, 44), [1, -3, -6, 44, -66, -363, 1331], 3.11.ad_ag_bs, 17 
(-3, -6, 66), [1, -3, -6, 66, -66, -363, 1331], 3.11.ad_ag_co, 39 
(-3, -5, 33), [1, -3, -5, 33, -55, -363, 1331], 3.11.ad_af_bh, 17 
(-3, -5, 44), [1, -3, -5, 44, -55, -363, 1331], 3.11.ad_af_bs, 28 
(-3, -5, 55), [1, -3, -5, 55, -55, -363, 1331], 3.11.ad_af_cd, 39 
(-3, -5, 66), [1, -3, -5, 66, -55, -363, 1331], 3.11.ad_af_co, 50 
(-3, -4, 22), [1, -3, -4, 22, -44, -363, 1331], 3.11.ad_ae_w, 15 
(-3, -4, 44), [1, -3, -4, 44, -44, -363, 1331], 3.11.ad_ae_bs, 37 
(-3, -3, 22), [1, -3, -3, 22, -33, -363, 1331], 3.11.ad_ad_w, 22 
(-3, -3, 33), [1, -3, -3, 33, -33, -363, 1331], 3.11.ad_ad_bh, 33 
(-3, -3, 44), [1, -3, -3, 44, -33, -363, 1331], 3.11.ad_ad_bs, 44 
(-3, -3, 55), [1, -3, -3, 55, -33, -363, 1331], 3.11.ad_ad_cd, 55 
(-3, -2, 22), [1, -3, -2, 22, -22, -363, 1331], 3.11.ad_ac_w, 27 
(-3, -2, 44), [1, -3, -2, 44, -22, -363, 1331], 3.11.ad_ac_bs, 49 
(-3, -1, 0), [1, -3, -1, 0, -11, -363, 1331], 3.11.ad_ab_a, 8 
(-3, -1, 11), [1, -3, -1, 11, -11, -363, 1331], 3.11.ad_ab_l, 19 
(-3, -1, 22), [1, -3, -1, 22, -11, -363, 1331], 3.11.ad_ab_w, 30 
(-3, -1, 33), [1, -3, -1, 33, -11, -363, 1331], 3.11.ad_ab_bh, 41 
(-3, -1, 44), [1, -3, -1, 44, -11, -363, 1331], 3.11.ad_ab_bs, 52 
(-3, -1, 55), [1, -3, -1, 55, -11, -363, 1331], 3.11.ad_ab_cd, 63 
(-3, 1, -11), [1, -3, 1, -11, 11, -363, 1331], 3.11.ad_b_al, -3 
(-3, 1, 0), [1, -3, 1, 0, 11, -363, 1331], 3.11.ad_b_a, 8 
(-3, 1, 11), [1, -3, 1, 11, 11, -363, 1331], 3.11.ad_b_l, 19 
(-3, 1, 22), [1, -3, 1, 22, 11, -363, 1331], 3.11.ad_b_w, 30 
(-3, 1, 33), [1, -3, 1, 33, 11, -363, 1331], 3.11.ad_b_bh, 41 
(-3, 2, 22), [1, -3, 2, 22, 22, -363, 1331], 3.11.ad_c_w, 27 
(-3, 3, -22), [1, -3, 3, -22, 33, -363, 1331], 3.11.ad_d_aw, -22 
(-3, 3, -11), [1, -3, 3, -11, 33, -363, 1331], 3.11.ad_d_al, -11 
(-3, 3, 0), [1, -3, 3, 0, 33, -363, 1331], 3.11.ad_d_a, 0 
(-3, 3, 11), [1, -3, 3, 11, 33, -363, 1331], 3.11.ad_d_l, 11 
(-3, 3, 22), [1, -3, 3, 22, 33, -363, 1331], 3.11.ad_d_w, 22 
(-3, 3, 33), [1, -3, 3, 33, 33, -363, 1331], 3.11.ad_d_bh, 33 
(-3, 4, -22), [1, -3, 4, -22, 44, -363, 1331], 3.11.ad_e_aw, -29 
(-3, 4, 22), [1, -3, 4, 22, 44, -363, 1331], 3.11.ad_e_w, 15 
(-3, 5, -33), [1, -3, 5, -33, 55, -363, 1331], 3.11.ad_f_abh, -49 
(-3, 5, -22), [1, -3, 5, -22, 55, -363, 1331], 3.11.ad_f_aw, -38 
(-3, 5, -11), [1, -3, 5, -11, 55, -363, 1331], 3.11.ad_f_al, -27 
(-3, 5, 0), [1, -3, 5, 0, 55, -363, 1331], 3.11.ad_f_a, -16 
(-3, 5, 11), [1, -3, 5, 11, 55, -363, 1331], 3.11.ad_f_l, -5 
(-3, 5, 22), [1, -3, 5, 22, 55, -363, 1331], 3.11.ad_f_w, 6 
(-3, 6, -44), [1, -3, 6, -44, 66, -363, 1331], 3.11.ad_g_abs, -71 
(-3, 6, -22), [1, -3, 6, -22, 66, -363, 1331], 3.11.ad_g_aw, -49 
(-3, 6, 0), [1, -3, 6, 0, 66, -363, 1331], 3.11.ad_g_a, -27 
(-3, 6, 22), [1, -3, 6, 22, 66, -363, 1331], 3.11.ad_g_w, -5 
(-3, 7, -44), [1, -3, 7, -44, 77, -363, 1331], 3.11.ad_h_abs, -84 
(-3, 7, -33), [1, -3, 7, -33, 77, -363, 1331], 3.11.ad_h_abh, -73 
(-3, 7, -22), [1, -3, 7, -22, 77, -363, 1331], 3.11.ad_h_aw, -62 
(-3, 7, -11), [1, -3, 7, -11, 77, -363, 1331], 3.11.ad_h_al, -51 
(-3, 7, 0), [1, -3, 7, 0, 77, -363, 1331], 3.11.ad_h_a, -40 
(-3, 7, 11), [1, -3, 7, 11, 77, -363, 1331], 3.11.ad_h_l, -29 
(-3, 8, -44), [1, -3, 8, -44, 88, -363, 1331], 3.11.ad_i_abs, -99 
(-3, 8, -22), [1, -3, 8, -22, 88, -363, 1331], 3.11.ad_i_aw, -77 
(-3, 8, 0), [1, -3, 8, 0, 88, -363, 1331], 3.11.ad_i_a, -55 
(-3, 9, -55), [1, -3, 9, -55, 99, -363, 1331], 3.11.ad_j_acd, -127 
(-3, 9, -44), [1, -3, 9, -44, 99, -363, 1331], 3.11.ad_j_abs, -116 
(-3, 9, -33), [1, -3, 9, -33, 99, -363, 1331], 3.11.ad_j_abh, -105 
(-3, 9, -22), [1, -3, 9, -22, 99, -363, 1331], 3.11.ad_j_aw, -94 
(-3, 9, -11), [1, -3, 9, -11, 99, -363, 1331], 3.11.ad_j_al, -83 
(-3, 9, 0), [1, -3, 9, 0, 99, -363, 1331], 3.11.ad_j_a, -72 
(-3, 9, 11), [1, -3, 9, 11, 99, -363, 1331], 3.11.ad_j_l, -61 
(-3, 10, -44), [1, -3, 10, -44, 110, -363, 1331], 3.11.ad_k_abs, -135 
(-3, 10, -22), [1, -3, 10, -22, 110, -363, 1331], 3.11.ad_k_aw, -113 
(-3, 10, 0), [1, -3, 10, 0, 110, -363, 1331], 3.11.ad_k_a, -91 
(-3, 12, -44), [1, -3, 12, -44, 132, -363, 1331], 3.11.ad_m_abs, -179 
(-3, 12, -22), [1, -3, 12, -22, 132, -363, 1331], 3.11.ad_m_aw, -157 
(-3, 12, 0), [1, -3, 12, 0, 132, -363, 1331], 3.11.ad_m_a, -135 
(-3, 13, -77), [1, -3, 13, -77, 143, -363, 1331], 3.11.ad_n_acz, -237 
(-3, 13, -55), [1, -3, 13, -55, 143, -363, 1331], 3.11.ad_n_acd, -215 
(-3, 13, -33), [1, -3, 13, -33, 143, -363, 1331], 3.11.ad_n_abh, -193 
(-3, 13, -11), [1, -3, 13, -11, 143, -363, 1331], 3.11.ad_n_al, -171 
(-3, 14, -44), [1, -3, 14, -44, 154, -363, 1331], 3.11.ad_o_abs, -231 
(-3, 14, -22), [1, -3, 14, -22, 154, -363, 1331], 3.11.ad_o_aw, -209 
(-3, 15, -77), [1, -3, 15, -77, 165, -363, 1331], 3.11.ad_p_acz, -293 
(-3, 15, -55), [1, -3, 15, -55, 165, -363, 1331], 3.11.ad_p_acd, -271 
(-3, 15, -44), [1, -3, 15, -44, 165, -363, 1331], 3.11.ad_p_abs, -260 
(-3, 15, -33), [1, -3, 15, -33, 165, -363, 1331], 3.11.ad_p_abh, -249 
(-3, 15, -22), [1, -3, 15, -22, 165, -363, 1331], 3.11.ad_p_aw, -238 
(-3, 15, -11), [1, -3, 15, -11, 165, -363, 1331], 3.11.ad_p_al, -227 
(-3, 16, -44), [1, -3, 16, -44, 176, -363, 1331], 3.11.ad_q_abs, -291 
(-3, 17, -77), [1, -3, 17, -77, 187, -363, 1331], 3.11.ad_r_acz, -357 
(-3, 17, -55), [1, -3, 17, -55, 187, -363, 1331], 3.11.ad_r_acd, -335 
(-3, 17, -44), [1, -3, 17, -44, 187, -363, 1331], 3.11.ad_r_abs, -324 
(-3, 17, -33), [1, -3, 17, -33, 187, -363, 1331], 3.11.ad_r_abh, -313 
(-3, 17, -22), [1, -3, 17, -22, 187, -363, 1331], 3.11.ad_r_aw, -302 
(-3, 18, -44), [1, -3, 18, -44, 198, -363, 1331], 3.11.ad_s_abs, -359 
(-3, 19, -55), [1, -3, 19, -55, 209, -363, 1331], 3.11.ad_t_acd, -407 
(-3, 19, -44), [1, -3, 19, -44, 209, -363, 1331], 3.11.ad_t_abs, -396 
(-3, 19, -33), [1, -3, 19, -33, 209, -363, 1331], 3.11.ad_t_abh, -385 
(-3, 20, -44), [1, -3, 20, -44, 220, -363, 1331], 3.11.ad_u_abs, -435 
(-3, 21, -55), [1, -3, 21, -55, 231, -363, 1331], 3.11.ad_v_acd, -487 
(-3, 21, -44), [1, -3, 21, -44, 231, -363, 1331], 3.11.ad_v_abs, -476 
(-3, 21, -33), [1, -3, 21, -33, 231, -363, 1331], 3.11.ad_v_abh, -465 
(-3, 23, -55), [1, -3, 23, -55, 253, -363, 1331], 3.11.ad_x_acd, -575 
(-3, 23, -44), [1, -3, 23, -44, 253, -363, 1331], 3.11.ad_x_abs, -564 
(-3, 25, -55), [1, -3, 25, -55, 275, -363, 1331], 3.11.ad_z_acd, -671 
(-3, 25, -44), [1, -3, 25, -44, 275, -363, 1331], 3.11.ad_z_abs, -660 
(-3, 27, -55), [1, -3, 27, -55, 297, -363, 1331], 3.11.ad_bb_acd, -775 
(-3, 29, -55), [1, -3, 29, -55, 319, -363, 1331], 3.11.ad_bd_acd, -887 
(-2, -10, 44), [1, -2, -10, 44, -110, -242, 1331], 3.11.ac_ak_bs, -52 
(-2, -9, 33), [1, -2, -9, 33, -99, -242, 1331], 3.11.ac_aj_bh, -44 
(-2, -9, 44), [1, -2, -9, 44, -99, -242, 1331], 3.11.ac_aj_bs, -33 
(-2, -9, 55), [1, -2, -9, 55, -99, -242, 1331], 3.11.ac_aj_cd, -22 
(-2, -8, 44), [1, -2, -8, 44, -88, -242, 1331], 3.11.ac_ai_bs, -16 
(-2, -7, 22), [1, -2, -7, 22, -77, -242, 1331], 3.11.ac_ah_w, -23 
(-2, -7, 33), [1, -2, -7, 33, -77, -242, 1331], 3.11.ac_ah_bh, -12 
(-2, -7, 44), [1, -2, -7, 44, -77, -242, 1331], 3.11.ac_ah_bs, -1 
(-2, -7, 55), [1, -2, -7, 55, -77, -242, 1331], 3.11.ac_ah_cd, 10 
(-2, -7, 66), [1, -2, -7, 66, -77, -242, 1331], 3.11.ac_ah_co, 21 
(-2, -6, 22), [1, -2, -6, 22, -66, -242, 1331], 3.11.ac_ag_w, -10 
(-2, -6, 44), [1, -2, -6, 44, -66, -242, 1331], 3.11.ac_ag_bs, 12 
(-2, -6, 66), [1, -2, -6, 66, -66, -242, 1331], 3.11.ac_ag_co, 34 
(-2, -5, 11), [1, -2, -5, 11, -55, -242, 1331], 3.11.ac_af_l, -10 
(-2, -5, 22), [1, -2, -5, 22, -55, -242, 1331], 3.11.ac_af_w, 1 
(-2, -5, 33), [1, -2, -5, 33, -55, -242, 1331], 3.11.ac_af_bh, 12 
(-2, -5, 44), [1, -2, -5, 44, -55, -242, 1331], 3.11.ac_af_bs, 23 
(-2, -5, 55), [1, -2, -5, 55, -55, -242, 1331], 3.11.ac_af_cd, 34 
(-2, -5, 66), [1, -2, -5, 66, -55, -242, 1331], 3.11.ac_af_co, 45 
(-2, -4, 0), [1, -2, -4, 0, -44, -242, 1331], 3.11.ac_ae_a, -12 
(-2, -4, 44), [1, -2, -4, 44, -44, -242, 1331], 3.11.ac_ae_bs, 32 
(-2, -3, 0), [1, -2, -3, 0, -33, -242, 1331], 3.11.ac_ad_a, -5 
(-2, -3, 11), [1, -2, -3, 11, -33, -242, 1331], 3.11.ac_ad_l, 6 
(-2, -3, 22), [1, -2, -3, 22, -33, -242, 1331], 3.11.ac_ad_w, 17 
(-2, -3, 33), [1, -2, -3, 33, -33, -242, 1331], 3.11.ac_ad_bh, 28 
(-2, -3, 44), [1, -2, -3, 44, -33, -242, 1331], 3.11.ac_ad_bs, 39 
(-2, -3, 66), [1, -2, -3, 66, -33, -242, 1331], 3.11.ac_ad_co, 61 
(-2, -2, 0), [1, -2, -2, 0, -22, -242, 1331], 3.11.ac_ac_a, 0 
(-2, -2, 44), [1, -2, -2, 44, -22, -242, 1331], 3.11.ac_ac_bs, 44 
(-2, -1, -22), [1, -2, -1, -22, -11, -242, 1331], 3.11.ac_ab_aw, -19 
(-2, -1, -11), [1, -2, -1, -11, -11, -242, 1331], 3.11.ac_ab_al, -8 
(-2, -1, 0), [1, -2, -1, 0, -11, -242, 1331], 3.11.ac_ab_a, 3 
(-2, -1, 11), [1, -2, -1, 11, -11, -242, 1331], 3.11.ac_ab_l, 14 
(-2, -1, 22), [1, -2, -1, 22, -11, -242, 1331], 3.11.ac_ab_w, 25 
(-2, -1, 33), [1, -2, -1, 33, -11, -242, 1331], 3.11.ac_ab_bh, 36 
(-2, -1, 44), [1, -2, -1, 44, -11, -242, 1331], 3.11.ac_ab_bs, 47 
(-2, -1, 55), [1, -2, -1, 55, -11, -242, 1331], 3.11.ac_ab_cd, 58 
(-2, 1, -33), [1, -2, 1, -33, 11, -242, 1331], 3.11.ac_b_abh, -30 
(-2, 1, -22), [1, -2, 1, -22, 11, -242, 1331], 3.11.ac_b_aw, -19 
(-2, 1, 0), [1, -2, 1, 0, 11, -242, 1331], 3.11.ac_b_a, 3 
(-2, 1, 11), [1, -2, 1, 11, 11, -242, 1331], 3.11.ac_b_l, 14 
(-2, 1, 22), [1, -2, 1, 22, 11, -242, 1331], 3.11.ac_b_w, 25 
(-2, 1, 33), [1, -2, 1, 33, 11, -242, 1331], 3.11.ac_b_bh, 36 
(-2, 1, 44), [1, -2, 1, 44, 11, -242, 1331], 3.11.ac_b_bs, 47 
(-2, 2, -22), [1, -2, 2, -22, 22, -242, 1331], 3.11.ac_c_aw, -22 
(-2, 2, 0), [1, -2, 2, 0, 22, -242, 1331], 3.11.ac_c_a, 0 
(-2, 2, 22), [1, -2, 2, 22, 22, -242, 1331], 3.11.ac_c_w, 22 
(-2, 2, 44), [1, -2, 2, 44, 22, -242, 1331], 3.11.ac_c_bs, 44 
(-2, 3, -33), [1, -2, 3, -33, 33, -242, 1331], 3.11.ac_d_abh, -38 
(-2, 3, -22), [1, -2, 3, -22, 33, -242, 1331], 3.11.ac_d_aw, -27 
(-2, 3, -11), [1, -2, 3, -11, 33, -242, 1331], 3.11.ac_d_al, -16 
(-2, 3, 0), [1, -2, 3, 0, 33, -242, 1331], 3.11.ac_d_a, -5 
(-2, 3, 11), [1, -2, 3, 11, 33, -242, 1331], 3.11.ac_d_l, 6 
(-2, 3, 22), [1, -2, 3, 22, 33, -242, 1331], 3.11.ac_d_w, 17 
(-2, 3, 33), [1, -2, 3, 33, 33, -242, 1331], 3.11.ac_d_bh, 28 
(-2, 4, -22), [1, -2, 4, -22, 44, -242, 1331], 3.11.ac_e_aw, -34 
(-2, 4, 0), [1, -2, 4, 0, 44, -242, 1331], 3.11.ac_e_a, -12 
(-2, 4, 22), [1, -2, 4, 22, 44, -242, 1331], 3.11.ac_e_w, 10 
(-2, 5, -55), [1, -2, 5, -55, 55, -242, 1331], 3.11.ac_f_acd, -76 
(-2, 5, -33), [1, -2, 5, -33, 55, -242, 1331], 3.11.ac_f_abh, -54 
(-2, 5, -22), [1, -2, 5, -22, 55, -242, 1331], 3.11.ac_f_aw, -43 
(-2, 5, -11), [1, -2, 5, -11, 55, -242, 1331], 3.11.ac_f_al, -32 
(-2, 5, 0), [1, -2, 5, 0, 55, -242, 1331], 3.11.ac_f_a, -21 
(-2, 5, 11), [1, -2, 5, 11, 55, -242, 1331], 3.11.ac_f_l, -10 
(-2, 5, 22), [1, -2, 5, 22, 55, -242, 1331], 3.11.ac_f_w, 1 
(-2, 5, 33), [1, -2, 5, 33, 55, -242, 1331], 3.11.ac_f_bh, 12 
(-2, 6, -66), [1, -2, 6, -66, 66, -242, 1331], 3.11.ac_g_aco, -98 
(-2, 6, -22), [1, -2, 6, -22, 66, -242, 1331], 3.11.ac_g_aw, -54 
(-2, 6, 0), [1, -2, 6, 0, 66, -242, 1331], 3.11.ac_g_a, -32 
(-2, 6, 22), [1, -2, 6, 22, 66, -242, 1331], 3.11.ac_g_w, -10 
(-2, 7, -66), [1, -2, 7, -66, 77, -242, 1331], 3.11.ac_h_aco, -111 
(-2, 7, -55), [1, -2, 7, -55, 77, -242, 1331], 3.11.ac_h_acd, -100 
(-2, 7, -33), [1, -2, 7, -33, 77, -242, 1331], 3.11.ac_h_abh, -78 
(-2, 7, -22), [1, -2, 7, -22, 77, -242, 1331], 3.11.ac_h_aw, -67 
(-2, 7, -11), [1, -2, 7, -11, 77, -242, 1331], 3.11.ac_h_al, -56 
(-2, 7, 0), [1, -2, 7, 0, 77, -242, 1331], 3.11.ac_h_a, -45 
(-2, 7, 22), [1, -2, 7, 22, 77, -242, 1331], 3.11.ac_h_w, -23 
(-2, 8, -22), [1, -2, 8, -22, 88, -242, 1331], 3.11.ac_i_aw, -82 
(-2, 8, 0), [1, -2, 8, 0, 88, -242, 1331], 3.11.ac_i_a, -60 
(-2, 9, -66), [1, -2, 9, -66, 99, -242, 1331], 3.11.ac_j_aco, -143 
(-2, 9, -55), [1, -2, 9, -55, 99, -242, 1331], 3.11.ac_j_acd, -132 
(-2, 9, -33), [1, -2, 9, -33, 99, -242, 1331], 3.11.ac_j_abh, -110 
(-2, 9, -22), [1, -2, 9, -22, 99, -242, 1331], 3.11.ac_j_aw, -99 
(-2, 9, -11), [1, -2, 9, -11, 99, -242, 1331], 3.11.ac_j_al, -88 
(-2, 9, 0), [1, -2, 9, 0, 99, -242, 1331], 3.11.ac_j_a, -77 
(-2, 10, -66), [1, -2, 10, -66, 110, -242, 1331], 3.11.ac_k_aco, -162 
(-2, 10, -22), [1, -2, 10, -22, 110, -242, 1331], 3.11.ac_k_aw, -118 
(-2, 10, 0), [1, -2, 10, 0, 110, -242, 1331], 3.11.ac_k_a, -96 
(-2, 12, -66), [1, -2, 12, -66, 132, -242, 1331], 3.11.ac_m_aco, -206 
(-2, 12, 0), [1, -2, 12, 0, 132, -242, 1331], 3.11.ac_m_a, -140 
(-2, 13, -66), [1, -2, 13, -66, 143, -242, 1331], 3.11.ac_n_aco, -231 
(-2, 13, -55), [1, -2, 13, -55, 143, -242, 1331], 3.11.ac_n_acd, -220 
(-2, 13, -33), [1, -2, 13, -33, 143, -242, 1331], 3.11.ac_n_abh, -198 
(-2, 13, -22), [1, -2, 13, -22, 143, -242, 1331], 3.11.ac_n_aw, -187 
(-2, 13, -11), [1, -2, 13, -11, 143, -242, 1331], 3.11.ac_n_al, -176 
(-2, 13, 0), [1, -2, 13, 0, 143, -242, 1331], 3.11.ac_n_a, -165 
(-2, 14, -22), [1, -2, 14, -22, 154, -242, 1331], 3.11.ac_o_aw, -214 
(-2, 15, -55), [1, -2, 15, -55, 165, -242, 1331], 3.11.ac_p_acd, -276 
(-2, 15, -33), [1, -2, 15, -33, 165, -242, 1331], 3.11.ac_p_abh, -254 
(-2, 15, -22), [1, -2, 15, -22, 165, -242, 1331], 3.11.ac_p_aw, -243 
(-2, 15, -11), [1, -2, 15, -11, 165, -242, 1331], 3.11.ac_p_al, -232 
(-2, 15, 0), [1, -2, 15, 0, 165, -242, 1331], 3.11.ac_p_a, -221 
(-2, 16, -22), [1, -2, 16, -22, 176, -242, 1331], 3.11.ac_q_aw, -274 
(-2, 17, -55), [1, -2, 17, -55, 187, -242, 1331], 3.11.ac_r_acd, -340 
(-2, 17, -33), [1, -2, 17, -33, 187, -242, 1331], 3.11.ac_r_abh, -318 
(-2, 17, -22), [1, -2, 17, -22, 187, -242, 1331], 3.11.ac_r_aw, -307 
(-2, 17, -11), [1, -2, 17, -11, 187, -242, 1331], 3.11.ac_r_al, -296 
(-2, 18, -22), [1, -2, 18, -22, 198, -242, 1331], 3.11.ac_s_aw, -342 
(-2, 19, -33), [1, -2, 19, -33, 209, -242, 1331], 3.11.ac_t_abh, -390 
(-2, 19, -22), [1, -2, 19, -22, 209, -242, 1331], 3.11.ac_t_aw, -379 
(-2, 20, -22), [1, -2, 20, -22, 220, -242, 1331], 3.11.ac_u_aw, -418 
(-2, 21, -33), [1, -2, 21, -33, 231, -242, 1331], 3.11.ac_v_abh, -470 
(-2, 21, -22), [1, -2, 21, -22, 231, -242, 1331], 3.11.ac_v_aw, -459 
(-2, 25, -33), [1, -2, 25, -33, 275, -242, 1331], 3.11.ac_z_abh, -654 
(-2, 27, -33), [1, -2, 27, -33, 297, -242, 1331], 3.11.ac_bb_abh, -758 
(-1, -10, 22), [1, -1, -10, 22, -110, -121, 1331], 3.11.ab_ak_w, -77 
(-1, -9, 11), [1, -1, -9, 11, -99, -121, 1331], 3.11.ab_aj_l, -69 
(-1, -9, 22), [1, -1, -9, 22, -99, -121, 1331], 3.11.ab_aj_w, -58 
(-1, -9, 33), [1, -1, -9, 33, -99, -121, 1331], 3.11.ab_aj_bh, -47 
(-1, -8, 22), [1, -1, -8, 22, -88, -121, 1331], 3.11.ab_ai_w, -41 
(-1, -7, 0), [1, -1, -7, 0, -77, -121, 1331], 3.11.ab_ah_a, -48 
(-1, -7, 11), [1, -1, -7, 11, -77, -121, 1331], 3.11.ab_ah_l, -37 
(-1, -7, 22), [1, -1, -7, 22, -77, -121, 1331], 3.11.ab_ah_w, -26 
(-1, -7, 33), [1, -1, -7, 33, -77, -121, 1331], 3.11.ab_ah_bh, -15 
(-1, -7, 44), [1, -1, -7, 44, -77, -121, 1331], 3.11.ab_ah_bs, -4 
(-1, -6, 0), [1, -1, -6, 0, -66, -121, 1331], 3.11.ab_ag_a, -35 
(-1, -6, 22), [1, -1, -6, 22, -66, -121, 1331], 3.11.ab_ag_w, -13 
(-1, -6, 44), [1, -1, -6, 44, -66, -121, 1331], 3.11.ab_ag_bs, 9 
(-1, -5, -11), [1, -1, -5, -11, -55, -121, 1331], 3.11.ab_af_al, -35 
(-1, -5, 0), [1, -1, -5, 0, -55, -121, 1331], 3.11.ab_af_a, -24 
(-1, -5, 11), [1, -1, -5, 11, -55, -121, 1331], 3.11.ab_af_l, -13 
(-1, -5, 22), [1, -1, -5, 22, -55, -121, 1331], 3.11.ab_af_w, -2 
(-1, -5, 33), [1, -1, -5, 33, -55, -121, 1331], 3.11.ab_af_bh, 9 
(-1, -5, 44), [1, -1, -5, 44, -55, -121, 1331], 3.11.ab_af_bs, 20 
(-1, -5, 55), [1, -1, -5, 55, -55, -121, 1331], 3.11.ab_af_cd, 31 
(-1, -4, 0), [1, -1, -4, 0, -44, -121, 1331], 3.11.ab_ae_a, -15 
(-1, -4, 22), [1, -1, -4, 22, -44, -121, 1331], 3.11.ab_ae_w, 7 
(-1, -4, 44), [1, -1, -4, 44, -44, -121, 1331], 3.11.ab_ae_bs, 29 
(-1, -4, 66), [1, -1, -4, 66, -44, -121, 1331], 3.11.ab_ae_co, 51 
(-1, -3, -11), [1, -1, -3, -11, -33, -121, 1331], 3.11.ab_ad_al, -19 
(-1, -3, 0), [1, -1, -3, 0, -33, -121, 1331], 3.11.ab_ad_a, -8 
(-1, -3, 11), [1, -1, -3, 11, -33, -121, 1331], 3.11.ab_ad_l, 3 
(-1, -3, 22), [1, -1, -3, 22, -33, -121, 1331], 3.11.ab_ad_w, 14 
(-1, -3, 33), [1, -1, -3, 33, -33, -121, 1331], 3.11.ab_ad_bh, 25 
(-1, -3, 44), [1, -1, -3, 44, -33, -121, 1331], 3.11.ab_ad_bs, 36 
(-1, -3, 55), [1, -1, -3, 55, -33, -121, 1331], 3.11.ab_ad_cd, 47 
(-1, -3, 66), [1, -1, -3, 66, -33, -121, 1331], 3.11.ab_ad_co, 58 
(-1, -2, 0), [1, -1, -2, 0, -22, -121, 1331], 3.11.ab_ac_a, -3 
(-1, -2, 22), [1, -1, -2, 22, -22, -121, 1331], 3.11.ab_ac_w, 19 
(-1, -2, 66), [1, -1, -2, 66, -22, -121, 1331], 3.11.ab_ac_co, 63 
(-1, -1, -33), [1, -1, -1, -33, -11, -121, 1331], 3.11.ab_ab_abh, -33 
(-1, -1, -11), [1, -1, -1, -11, -11, -121, 1331], 3.11.ab_ab_al, -11 
(-1, -1, 0), [1, -1, -1, 0, -11, -121, 1331], 3.11.ab_ab_a, 0 
(-1, -1, 11), [1, -1, -1, 11, -11, -121, 1331], 3.11.ab_ab_l, 11 
(-1, -1, 22), [1, -1, -1, 22, -11, -121, 1331], 3.11.ab_ab_w, 22 
(-1, -1, 33), [1, -1, -1, 33, -11, -121, 1331], 3.11.ab_ab_bh, 33 
(-1, -1, 44), [1, -1, -1, 44, -11, -121, 1331], 3.11.ab_ab_bs, 44 
(-1, -1, 55), [1, -1, -1, 55, -11, -121, 1331], 3.11.ab_ab_cd, 55 
(-1, 1, -55), [1, -1, 1, -55, 11, -121, 1331], 3.11.ab_b_acd, -55 
(-1, 1, -44), [1, -1, 1, -44, 11, -121, 1331], 3.11.ab_b_abs, -44 
(-1, 1, -33), [1, -1, 1, -33, 11, -121, 1331], 3.11.ab_b_abh, -33 
(-1, 1, -11), [1, -1, 1, -11, 11, -121, 1331], 3.11.ab_b_al, -11 
(-1, 1, 0), [1, -1, 1, 0, 11, -121, 1331], 3.11.ab_b_a, 0 
(-1, 1, 11), [1, -1, 1, 11, 11, -121, 1331], 3.11.ab_b_l, 11 
(-1, 1, 22), [1, -1, 1, 22, 11, -121, 1331], 3.11.ab_b_w, 22 
(-1, 1, 33), [1, -1, 1, 33, 11, -121, 1331], 3.11.ab_b_bh, 33 
(-1, 1, 44), [1, -1, 1, 44, 11, -121, 1331], 3.11.ab_b_bs, 44 
(-1, 1, 55), [1, -1, 1, 55, 11, -121, 1331], 3.11.ab_b_cd, 55 
(-1, 2, -44), [1, -1, 2, -44, 22, -121, 1331], 3.11.ab_c_abs, -47 
(-1, 2, 0), [1, -1, 2, 0, 22, -121, 1331], 3.11.ab_c_a, -3 
(-1, 2, 22), [1, -1, 2, 22, 22, -121, 1331], 3.11.ab_c_w, 19 
(-1, 3, -66), [1, -1, 3, -66, 33, -121, 1331], 3.11.ab_d_aco, -74 
(-1, 3, -55), [1, -1, 3, -55, 33, -121, 1331], 3.11.ab_d_acd, -63 
(-1, 3, -44), [1, -1, 3, -44, 33, -121, 1331], 3.11.ab_d_abs, -52 
(-1, 3, -33), [1, -1, 3, -33, 33, -121, 1331], 3.11.ab_d_abh, -41 
(-1, 3, -11), [1, -1, 3, -11, 33, -121, 1331], 3.11.ab_d_al, -19 
(-1, 3, 0), [1, -1, 3, 0, 33, -121, 1331], 3.11.ab_d_a, -8 
(-1, 3, 11), [1, -1, 3, 11, 33, -121, 1331], 3.11.ab_d_l, 3 
(-1, 3, 22), [1, -1, 3, 22, 33, -121, 1331], 3.11.ab_d_w, 14 
(-1, 3, 33), [1, -1, 3, 33, 33, -121, 1331], 3.11.ab_d_bh, 25 
(-1, 3, 44), [1, -1, 3, 44, 33, -121, 1331], 3.11.ab_d_bs, 36 
(-1, 4, -66), [1, -1, 4, -66, 44, -121, 1331], 3.11.ab_e_aco, -81 
(-1, 4, -44), [1, -1, 4, -44, 44, -121, 1331], 3.11.ab_e_abs, -59 
(-1, 4, 0), [1, -1, 4, 0, 44, -121, 1331], 3.11.ab_e_a, -15 
(-1, 4, 22), [1, -1, 4, 22, 44, -121, 1331], 3.11.ab_e_w, 7 
(-1, 4, 44), [1, -1, 4, 44, 44, -121, 1331], 3.11.ab_e_bs, 29 
(-1, 5, -55), [1, -1, 5, -55, 55, -121, 1331], 3.11.ab_f_acd, -79 
(-1, 5, -44), [1, -1, 5, -44, 55, -121, 1331], 3.11.ab_f_abs, -68 
(-1, 5, -33), [1, -1, 5, -33, 55, -121, 1331], 3.11.ab_f_abh, -57 
(-1, 5, -11), [1, -1, 5, -11, 55, -121, 1331], 3.11.ab_f_al, -35 
(-1, 5, 0), [1, -1, 5, 0, 55, -121, 1331], 3.11.ab_f_a, -24 
(-1, 5, 11), [1, -1, 5, 11, 55, -121, 1331], 3.11.ab_f_l, -13 
(-1, 5, 22), [1, -1, 5, 22, 55, -121, 1331], 3.11.ab_f_w, -2 
(-1, 5, 33), [1, -1, 5, 33, 55, -121, 1331], 3.11.ab_f_bh, 9 
(-1, 6, -66), [1, -1, 6, -66, 66, -121, 1331], 3.11.ab_g_aco, -101 
(-1, 6, -44), [1, -1, 6, -44, 66, -121, 1331], 3.11.ab_g_abs, -79 
(-1, 6, 0), [1, -1, 6, 0, 66, -121, 1331], 3.11.ab_g_a, -35 
(-1, 6, 22), [1, -1, 6, 22, 66, -121, 1331], 3.11.ab_g_w, -13 
(-1, 7, -55), [1, -1, 7, -55, 77, -121, 1331], 3.11.ab_h_acd, -103 
(-1, 7, -44), [1, -1, 7, -44, 77, -121, 1331], 3.11.ab_h_abs, -92 
(-1, 7, -33), [1, -1, 7, -33, 77, -121, 1331], 3.11.ab_h_abh, -81 
(-1, 7, -11), [1, -1, 7, -11, 77, -121, 1331], 3.11.ab_h_al, -59 
(-1, 7, 0), [1, -1, 7, 0, 77, -121, 1331], 3.11.ab_h_a, -48 
(-1, 7, 11), [1, -1, 7, 11, 77, -121, 1331], 3.11.ab_h_l, -37 
(-1, 7, 22), [1, -1, 7, 22, 77, -121, 1331], 3.11.ab_h_w, -26 
(-1, 7, 33), [1, -1, 7, 33, 77, -121, 1331], 3.11.ab_h_bh, -15 
(-1, 8, -44), [1, -1, 8, -44, 88, -121, 1331], 3.11.ab_i_abs, -107 
(-1, 8, 0), [1, -1, 8, 0, 88, -121, 1331], 3.11.ab_i_a, -63 
(-1, 8, 22), [1, -1, 8, 22, 88, -121, 1331], 3.11.ab_i_w, -41 
(-1, 9, -55), [1, -1, 9, -55, 99, -121, 1331], 3.11.ab_j_acd, -135 
(-1, 9, -33), [1, -1, 9, -33, 99, -121, 1331], 3.11.ab_j_abh, -113 
(-1, 9, -11), [1, -1, 9, -11, 99, -121, 1331], 3.11.ab_j_al, -91 
(-1, 9, 0), [1, -1, 9, 0, 99, -121, 1331], 3.11.ab_j_a, -80 
(-1, 9, 11), [1, -1, 9, 11, 99, -121, 1331], 3.11.ab_j_l, -69 
(-1, 10, -44), [1, -1, 10, -44, 110, -121, 1331], 3.11.ab_k_abs, -143 
(-1, 10, 0), [1, -1, 10, 0, 110, -121, 1331], 3.11.ab_k_a, -99 
(-1, 12, -44), [1, -1, 12, -44, 132, -121, 1331], 3.11.ab_m_abs, -187 
(-1, 12, 0), [1, -1, 12, 0, 132, -121, 1331], 3.11.ab_m_a, -143 
(-1, 12, 22), [1, -1, 12, 22, 132, -121, 1331], 3.11.ab_m_w, -121 
(-1, 13, -44), [1, -1, 13, -44, 143, -121, 1331], 3.11.ab_n_abs, -212 
(-1, 13, -33), [1, -1, 13, -33, 143, -121, 1331], 3.11.ab_n_abh, -201 
(-1, 13, -11), [1, -1, 13, -11, 143, -121, 1331], 3.11.ab_n_al, -179 
(-1, 13, 0), [1, -1, 13, 0, 143, -121, 1331], 3.11.ab_n_a, -168 
(-1, 13, 11), [1, -1, 13, 11, 143, -121, 1331], 3.11.ab_n_l, -157 
(-1, 14, -44), [1, -1, 14, -44, 154, -121, 1331], 3.11.ab_o_abs, -239 
(-1, 14, 0), [1, -1, 14, 0, 154, -121, 1331], 3.11.ab_o_a, -195 
(-1, 15, -44), [1, -1, 15, -44, 165, -121, 1331], 3.11.ab_p_abs, -268 
(-1, 15, -33), [1, -1, 15, -33, 165, -121, 1331], 3.11.ab_p_abh, -257 
(-1, 15, -11), [1, -1, 15, -11, 165, -121, 1331], 3.11.ab_p_al, -235 
(-1, 15, 0), [1, -1, 15, 0, 165, -121, 1331], 3.11.ab_p_a, -224 
(-1, 15, 11), [1, -1, 15, 11, 165, -121, 1331], 3.11.ab_p_l, -213 
(-1, 16, 0), [1, -1, 16, 0, 176, -121, 1331], 3.11.ab_q_a, -255 
(-1, 17, -33), [1, -1, 17, -33, 187, -121, 1331], 3.11.ab_r_abh, -321 
(-1, 17, -11), [1, -1, 17, -11, 187, -121, 1331], 3.11.ab_r_al, -299 
(-1, 17, 0), [1, -1, 17, 0, 187, -121, 1331], 3.11.ab_r_a, -288 
(-1, 18, 0), [1, -1, 18, 0, 198, -121, 1331], 3.11.ab_s_a, -323 
(-1, 19, -33), [1, -1, 19, -33, 209, -121, 1331], 3.11.ab_t_abh, -393 
(-1, 19, -11), [1, -1, 19, -11, 209, -121, 1331], 3.11.ab_t_al, -371 
(-1, 19, 0), [1, -1, 19, 0, 209, -121, 1331], 3.11.ab_t_a, -360 
(-1, 21, -33), [1, -1, 21, -33, 231, -121, 1331], 3.11.ab_v_abh, -473 
(-1, 21, -11), [1, -1, 21, -11, 231, -121, 1331], 3.11.ab_v_al, -451 
(-1, 23, -11), [1, -1, 23, -11, 253, -121, 1331], 3.11.ab_x_al, -539 
(-1, 25, -11), [1, -1, 25, -11, 275, -121, 1331], 3.11.ab_z_al, -635 
(0, -9, -11), [1, 0, -9, -11, -99, 0, 1331], 3.11.a_aj_al, -92 
(0, -9, 11), [1, 0, -9, 11, -99, 0, 1331], 3.11.a_aj_l, -70 
(0, -7, -22), [1, 0, -7, -22, -77, 0, 1331], 3.11.a_ah_aw, -71 
(0, -7, -11), [1, 0, -7, -11, -77, 0, 1331], 3.11.a_ah_al, -60 
(0, -7, 11), [1, 0, -7, 11, -77, 0, 1331], 3.11.a_ah_l, -38 
(0, -7, 22), [1, 0, -7, 22, -77, 0, 1331], 3.11.a_ah_w, -27 
(0, -6, -22), [1, 0, -6, -22, -66, 0, 1331], 3.11.a_ag_aw, -58 
(0, -6, 22), [1, 0, -6, 22, -66, 0, 1331], 3.11.a_ag_w, -14 
(0, -5, -22), [1, 0, -5, -22, -55, 0, 1331], 3.11.a_af_aw, -47 
(0, -5, -11), [1, 0, -5, -11, -55, 0, 1331], 3.11.a_af_al, -36 
(0, -5, 11), [1, 0, -5, 11, -55, 0, 1331], 3.11.a_af_l, -14 
(0, -5, 22), [1, 0, -5, 22, -55, 0, 1331], 3.11.a_af_w, -3 
(0, -4, -44), [1, 0, -4, -44, -44, 0, 1331], 3.11.a_ae_abs, -60 
(0, -4, -22), [1, 0, -4, -22, -44, 0, 1331], 3.11.a_ae_aw, -38 
(0, -4, 22), [1, 0, -4, 22, -44, 0, 1331], 3.11.a_ae_w, 6 
(0, -4, 44), [1, 0, -4, 44, -44, 0, 1331], 3.11.a_ae_bs, 28 
(0, -3, -44), [1, 0, -3, -44, -33, 0, 1331], 3.11.a_ad_abs, -53 
(0, -3, -33), [1, 0, -3, -33, -33, 0, 1331], 3.11.a_ad_abh, -42 
(0, -3, -22), [1, 0, -3, -22, -33, 0, 1331], 3.11.a_ad_aw, -31 
(0, -3, -11), [1, 0, -3, -11, -33, 0, 1331], 3.11.a_ad_al, -20 
(0, -3, 11), [1, 0, -3, 11, -33, 0, 1331], 3.11.a_ad_l, 2 
(0, -3, 22), [1, 0, -3, 22, -33, 0, 1331], 3.11.a_ad_w, 13 
(0, -3, 33), [1, 0, -3, 33, -33, 0, 1331], 3.11.a_ad_bh, 24 
(0, -3, 44), [1, 0, -3, 44, -33, 0, 1331], 3.11.a_ad_bs, 35 
(0, -2, -44), [1, 0, -2, -44, -22, 0, 1331], 3.11.a_ac_abs, -48 
(0, -2, -22), [1, 0, -2, -22, -22, 0, 1331], 3.11.a_ac_aw, -26 
(0, -2, 22), [1, 0, -2, 22, -22, 0, 1331], 3.11.a_ac_w, 18 
(0, -2, 44), [1, 0, -2, 44, -22, 0, 1331], 3.11.a_ac_bs, 40 
(0, -1, -66), [1, 0, -1, -66, -11, 0, 1331], 3.11.a_ab_aco, -67 
(0, -1, -55), [1, 0, -1, -55, -11, 0, 1331], 3.11.a_ab_acd, -56 
(0, -1, -44), [1, 0, -1, -44, -11, 0, 1331], 3.11.a_ab_abs, -45 
(0, -1, -22), [1, 0, -1, -22, -11, 0, 1331], 3.11.a_ab_aw, -23 
(0, -1, -11), [1, 0, -1, -11, -11, 0, 1331], 3.11.a_ab_al, -12 
(0, -1, 11), [1, 0, -1, 11, -11, 0, 1331], 3.11.a_ab_l, 10 
(0, -1, 22), [1, 0, -1, 22, -11, 0, 1331], 3.11.a_ab_w, 21 
(0, -1, 44), [1, 0, -1, 44, -11, 0, 1331], 3.11.a_ab_bs, 43 
(0, -1, 55), [1, 0, -1, 55, -11, 0, 1331], 3.11.a_ab_cd, 54 
(0, -1, 66), [1, 0, -1, 66, -11, 0, 1331], 3.11.a_ab_co, 65 
(0, 1, -66), [1, 0, 1, -66, 11, 0, 1331], 3.11.a_b_aco, -67 
(0, 1, -55), [1, 0, 1, -55, 11, 0, 1331], 3.11.a_b_acd, -56 
(0, 1, -44), [1, 0, 1, -44, 11, 0, 1331], 3.11.a_b_abs, -45 
(0, 1, -33), [1, 0, 1, -33, 11, 0, 1331], 3.11.a_b_abh, -34 
(0, 1, -22), [1, 0, 1, -22, 11, 0, 1331], 3.11.a_b_aw, -23 
(0, 1, -11), [1, 0, 1, -11, 11, 0, 1331], 3.11.a_b_al, -12 
(0, 1, 11), [1, 0, 1, 11, 11, 0, 1331], 3.11.a_b_l, 10 
(0, 1, 22), [1, 0, 1, 22, 11, 0, 1331], 3.11.a_b_w, 21 
(0, 1, 33), [1, 0, 1, 33, 11, 0, 1331], 3.11.a_b_bh, 32 
(0, 1, 44), [1, 0, 1, 44, 11, 0, 1331], 3.11.a_b_bs, 43 
(0, 1, 55), [1, 0, 1, 55, 11, 0, 1331], 3.11.a_b_cd, 54 
(0, 1, 66), [1, 0, 1, 66, 11, 0, 1331], 3.11.a_b_co, 65 
(0, 2, -44), [1, 0, 2, -44, 22, 0, 1331], 3.11.a_c_abs, -48 
(0, 2, -22), [1, 0, 2, -22, 22, 0, 1331], 3.11.a_c_aw, -26 
(0, 2, 22), [1, 0, 2, 22, 22, 0, 1331], 3.11.a_c_w, 18 
(0, 2, 44), [1, 0, 2, 44, 22, 0, 1331], 3.11.a_c_bs, 40 
(0, 3, -55), [1, 0, 3, -55, 33, 0, 1331], 3.11.a_d_acd, -64 
(0, 3, -44), [1, 0, 3, -44, 33, 0, 1331], 3.11.a_d_abs, -53 
(0, 3, -33), [1, 0, 3, -33, 33, 0, 1331], 3.11.a_d_abh, -42 
(0, 3, -22), [1, 0, 3, -22, 33, 0, 1331], 3.11.a_d_aw, -31 
(0, 3, -11), [1, 0, 3, -11, 33, 0, 1331], 3.11.a_d_al, -20 
(0, 3, 11), [1, 0, 3, 11, 33, 0, 1331], 3.11.a_d_l, 2 
(0, 3, 22), [1, 0, 3, 22, 33, 0, 1331], 3.11.a_d_w, 13 
(0, 3, 33), [1, 0, 3, 33, 33, 0, 1331], 3.11.a_d_bh, 24 
(0, 3, 44), [1, 0, 3, 44, 33, 0, 1331], 3.11.a_d_bs, 35 
(0, 3, 55), [1, 0, 3, 55, 33, 0, 1331], 3.11.a_d_cd, 46 
(0, 4, -44), [1, 0, 4, -44, 44, 0, 1331], 3.11.a_e_abs, -60 
(0, 4, -22), [1, 0, 4, -22, 44, 0, 1331], 3.11.a_e_aw, -38 
(0, 4, 22), [1, 0, 4, 22, 44, 0, 1331], 3.11.a_e_w, 6 
(0, 4, 44), [1, 0, 4, 44, 44, 0, 1331], 3.11.a_e_bs, 28 
(0, 5, -55), [1, 0, 5, -55, 55, 0, 1331], 3.11.a_f_acd, -80 
(0, 5, -44), [1, 0, 5, -44, 55, 0, 1331], 3.11.a_f_abs, -69 
(0, 5, -33), [1, 0, 5, -33, 55, 0, 1331], 3.11.a_f_abh, -58 
(0, 5, -22), [1, 0, 5, -22, 55, 0, 1331], 3.11.a_f_aw, -47 
(0, 5, -11), [1, 0, 5, -11, 55, 0, 1331], 3.11.a_f_al, -36 
(0, 5, 11), [1, 0, 5, 11, 55, 0, 1331], 3.11.a_f_l, -14 
(0, 5, 22), [1, 0, 5, 22, 55, 0, 1331], 3.11.a_f_w, -3 
(0, 5, 33), [1, 0, 5, 33, 55, 0, 1331], 3.11.a_f_bh, 8 
(0, 5, 44), [1, 0, 5, 44, 55, 0, 1331], 3.11.a_f_bs, 19 
(0, 5, 55), [1, 0, 5, 55, 55, 0, 1331], 3.11.a_f_cd, 30 
(0, 6, -22), [1, 0, 6, -22, 66, 0, 1331], 3.11.a_g_aw, -58 
(0, 6, 22), [1, 0, 6, 22, 66, 0, 1331], 3.11.a_g_w, -14 
(0, 7, -33), [1, 0, 7, -33, 77, 0, 1331], 3.11.a_h_abh, -82 
(0, 7, -22), [1, 0, 7, -22, 77, 0, 1331], 3.11.a_h_aw, -71 
(0, 7, -11), [1, 0, 7, -11, 77, 0, 1331], 3.11.a_h_al, -60 
(0, 7, 11), [1, 0, 7, 11, 77, 0, 1331], 3.11.a_h_l, -38 
(0, 7, 22), [1, 0, 7, 22, 77, 0, 1331], 3.11.a_h_w, -27 
(0, 7, 33), [1, 0, 7, 33, 77, 0, 1331], 3.11.a_h_bh, -16 
(0, 8, -44), [1, 0, 8, -44, 88, 0, 1331], 3.11.a_i_abs, -108 
(0, 8, -22), [1, 0, 8, -22, 88, 0, 1331], 3.11.a_i_aw, -86 
(0, 8, 22), [1, 0, 8, 22, 88, 0, 1331], 3.11.a_i_w, -42 
(0, 8, 44), [1, 0, 8, 44, 88, 0, 1331], 3.11.a_i_bs, -20 
(0, 9, -44), [1, 0, 9, -44, 99, 0, 1331], 3.11.a_j_abs, -125 
(0, 9, -33), [1, 0, 9, -33, 99, 0, 1331], 3.11.a_j_abh, -114 
(0, 9, -22), [1, 0, 9, -22, 99, 0, 1331], 3.11.a_j_aw, -103 
(0, 9, -11), [1, 0, 9, -11, 99, 0, 1331], 3.11.a_j_al, -92 
(0, 9, 11), [1, 0, 9, 11, 99, 0, 1331], 3.11.a_j_l, -70 
(0, 9, 22), [1, 0, 9, 22, 99, 0, 1331], 3.11.a_j_w, -59 
(0, 9, 33), [1, 0, 9, 33, 99, 0, 1331], 3.11.a_j_bh, -48 
(0, 9, 44), [1, 0, 9, 44, 99, 0, 1331], 3.11.a_j_bs, -37 
(0, 12, -22), [1, 0, 12, -22, 132, 0, 1331], 3.11.a_m_aw, -166 
(0, 12, 22), [1, 0, 12, 22, 132, 0, 1331], 3.11.a_m_w, -122 
(0, 13, -22), [1, 0, 13, -22, 143, 0, 1331], 3.11.a_n_aw, -191 
(0, 13, -11), [1, 0, 13, -11, 143, 0, 1331], 3.11.a_n_al, -180 
(0, 13, 11), [1, 0, 13, 11, 143, 0, 1331], 3.11.a_n_l, -158 
(0, 13, 22), [1, 0, 13, 22, 143, 0, 1331], 3.11.a_n_w, -147 
(0, 14, -22), [1, 0, 14, -22, 154, 0, 1331], 3.11.a_o_aw, -218 
(0, 14, 22), [1, 0, 14, 22, 154, 0, 1331], 3.11.a_o_w, -174 
(0, 15, -22), [1, 0, 15, -22, 165, 0, 1331], 3.11.a_p_aw, -247 
(0, 15, -11), [1, 0, 15, -11, 165, 0, 1331], 3.11.a_p_al, -236 
(0, 15, 11), [1, 0, 15, 11, 165, 0, 1331], 3.11.a_p_l, -214 
(0, 15, 22), [1, 0, 15, 22, 165, 0, 1331], 3.11.a_p_w, -203 
(0, 16, -22), [1, 0, 16, -22, 176, 0, 1331], 3.11.a_q_aw, -278 
(0, 16, 22), [1, 0, 16, 22, 176, 0, 1331], 3.11.a_q_w, -234 
(0, 17, -22), [1, 0, 17, -22, 187, 0, 1331], 3.11.a_r_aw, -311 
(0, 17, -11), [1, 0, 17, -11, 187, 0, 1331], 3.11.a_r_al, -300 
(0, 17, 11), [1, 0, 17, 11, 187, 0, 1331], 3.11.a_r_l, -278 
(0, 17, 22), [1, 0, 17, 22, 187, 0, 1331], 3.11.a_r_w, -267 
(0, 19, -11), [1, 0, 19, -11, 209, 0, 1331], 3.11.a_t_al, -372 
(0, 19, 11), [1, 0, 19, 11, 209, 0, 1331], 3.11.a_t_l, -350 
(0, 23, -11), [1, 0, 23, -11, 253, 0, 1331], 3.11.a_x_al, -540 
(0, 23, 11), [1, 0, 23, 11, 253, 0, 1331], 3.11.a_x_l, -518 
(1, -10, -22), [1, 1, -10, -22, -110, 121, 1331], 3.11.b_ak_aw, -121 
(1, -9, -33), [1, 1, -9, -33, -99, 121, 1331], 3.11.b_aj_abh, -113 
(1, -9, -22), [1, 1, -9, -22, -99, 121, 1331], 3.11.b_aj_aw, -102 
(1, -9, -11), [1, 1, -9, -11, -99, 121, 1331], 3.11.b_aj_al, -91 
(1, -8, -22), [1, 1, -8, -22, -88, 121, 1331], 3.11.b_ai_aw, -85 
(1, -7, -44), [1, 1, -7, -44, -77, 121, 1331], 3.11.b_ah_abs, -92 
(1, -7, -33), [1, 1, -7, -33, -77, 121, 1331], 3.11.b_ah_abh, -81 
(1, -7, -22), [1, 1, -7, -22, -77, 121, 1331], 3.11.b_ah_aw, -70 
(1, -7, -11), [1, 1, -7, -11, -77, 121, 1331], 3.11.b_ah_al, -59 
(1, -7, 0), [1, 1, -7, 0, -77, 121, 1331], 3.11.b_ah_a, -48 
(1, -6, -44), [1, 1, -6, -44, -66, 121, 1331], 3.11.b_ag_abs, -79 
(1, -6, -22), [1, 1, -6, -22, -66, 121, 1331], 3.11.b_ag_aw, -57 
(1, -6, 0), [1, 1, -6, 0, -66, 121, 1331], 3.11.b_ag_a, -35 
(1, -5, -55), [1, 1, -5, -55, -55, 121, 1331], 3.11.b_af_acd, -79 
(1, -5, -44), [1, 1, -5, -44, -55, 121, 1331], 3.11.b_af_abs, -68 
(1, -5, -33), [1, 1, -5, -33, -55, 121, 1331], 3.11.b_af_abh, -57 
(1, -5, -22), [1, 1, -5, -22, -55, 121, 1331], 3.11.b_af_aw, -46 
(1, -5, -11), [1, 1, -5, -11, -55, 121, 1331], 3.11.b_af_al, -35 
(1, -5, 0), [1, 1, -5, 0, -55, 121, 1331], 3.11.b_af_a, -24 
(1, -5, 11), [1, 1, -5, 11, -55, 121, 1331], 3.11.b_af_l, -13 
(1, -4, -66), [1, 1, -4, -66, -44, 121, 1331], 3.11.b_ae_aco, -81 
(1, -4, -44), [1, 1, -4, -44, -44, 121, 1331], 3.11.b_ae_abs, -59 
(1, -4, -22), [1, 1, -4, -22, -44, 121, 1331], 3.11.b_ae_aw, -37 
(1, -4, 0), [1, 1, -4, 0, -44, 121, 1331], 3.11.b_ae_a, -15 
(1, -3, -66), [1, 1, -3, -66, -33, 121, 1331], 3.11.b_ad_aco, -74 
(1, -3, -55), [1, 1, -3, -55, -33, 121, 1331], 3.11.b_ad_acd, -63 
(1, -3, -44), [1, 1, -3, -44, -33, 121, 1331], 3.11.b_ad_abs, -52 
(1, -3, -33), [1, 1, -3, -33, -33, 121, 1331], 3.11.b_ad_abh, -41 
(1, -3, -22), [1, 1, -3, -22, -33, 121, 1331], 3.11.b_ad_aw, -30 
(1, -3, -11), [1, 1, -3, -11, -33, 121, 1331], 3.11.b_ad_al, -19 
(1, -3, 0), [1, 1, -3, 0, -33, 121, 1331], 3.11.b_ad_a, -8 
(1, -3, 11), [1, 1, -3, 11, -33, 121, 1331], 3.11.b_ad_l, 3 
(1, -2, -66), [1, 1, -2, -66, -22, 121, 1331], 3.11.b_ac_aco, -69 
(1, -2, -22), [1, 1, -2, -22, -22, 121, 1331], 3.11.b_ac_aw, -25 
(1, -2, 0), [1, 1, -2, 0, -22, 121, 1331], 3.11.b_ac_a, -3 
(1, -1, -55), [1, 1, -1, -55, -11, 121, 1331], 3.11.b_ab_acd, -55 
(1, -1, -44), [1, 1, -1, -44, -11, 121, 1331], 3.11.b_ab_abs, -44 
(1, -1, -33), [1, 1, -1, -33, -11, 121, 1331], 3.11.b_ab_abh, -33 
(1, -1, -22), [1, 1, -1, -22, -11, 121, 1331], 3.11.b_ab_aw, -22 
(1, -1, -11), [1, 1, -1, -11, -11, 121, 1331], 3.11.b_ab_al, -11 
(1, -1, 0), [1, 1, -1, 0, -11, 121, 1331], 3.11.b_ab_a, 0 
(1, -1, 11), [1, 1, -1, 11, -11, 121, 1331], 3.11.b_ab_l, 11 
(1, -1, 33), [1, 1, -1, 33, -11, 121, 1331], 3.11.b_ab_bh, 33 
(1, 1, -55), [1, 1, 1, -55, 11, 121, 1331], 3.11.b_b_acd, -55 
(1, 1, -44), [1, 1, 1, -44, 11, 121, 1331], 3.11.b_b_abs, -44 
(1, 1, -33), [1, 1, 1, -33, 11, 121, 1331], 3.11.b_b_abh, -33 
(1, 1, -22), [1, 1, 1, -22, 11, 121, 1331], 3.11.b_b_aw, -22 
(1, 1, -11), [1, 1, 1, -11, 11, 121, 1331], 3.11.b_b_al, -11 
(1, 1, 0), [1, 1, 1, 0, 11, 121, 1331], 3.11.b_b_a, 0 
(1, 1, 11), [1, 1, 1, 11, 11, 121, 1331], 3.11.b_b_l, 11 
(1, 1, 33), [1, 1, 1, 33, 11, 121, 1331], 3.11.b_b_bh, 33 
(1, 1, 44), [1, 1, 1, 44, 11, 121, 1331], 3.11.b_b_bs, 44 
(1, 1, 55), [1, 1, 1, 55, 11, 121, 1331], 3.11.b_b_cd, 55 
(1, 2, -22), [1, 1, 2, -22, 22, 121, 1331], 3.11.b_c_aw, -25 
(1, 2, 0), [1, 1, 2, 0, 22, 121, 1331], 3.11.b_c_a, -3 
(1, 2, 44), [1, 1, 2, 44, 22, 121, 1331], 3.11.b_c_bs, 41 
(1, 3, -44), [1, 1, 3, -44, 33, 121, 1331], 3.11.b_d_abs, -52 
(1, 3, -33), [1, 1, 3, -33, 33, 121, 1331], 3.11.b_d_abh, -41 
(1, 3, -22), [1, 1, 3, -22, 33, 121, 1331], 3.11.b_d_aw, -30 
(1, 3, -11), [1, 1, 3, -11, 33, 121, 1331], 3.11.b_d_al, -19 
(1, 3, 0), [1, 1, 3, 0, 33, 121, 1331], 3.11.b_d_a, -8 
(1, 3, 11), [1, 1, 3, 11, 33, 121, 1331], 3.11.b_d_l, 3 
(1, 3, 33), [1, 1, 3, 33, 33, 121, 1331], 3.11.b_d_bh, 25 
(1, 3, 44), [1, 1, 3, 44, 33, 121, 1331], 3.11.b_d_bs, 36 
(1, 3, 55), [1, 1, 3, 55, 33, 121, 1331], 3.11.b_d_cd, 47 
(1, 3, 66), [1, 1, 3, 66, 33, 121, 1331], 3.11.b_d_co, 58 
(1, 4, -44), [1, 1, 4, -44, 44, 121, 1331], 3.11.b_e_abs, -59 
(1, 4, -22), [1, 1, 4, -22, 44, 121, 1331], 3.11.b_e_aw, -37 
(1, 4, 0), [1, 1, 4, 0, 44, 121, 1331], 3.11.b_e_a, -15 
(1, 4, 44), [1, 1, 4, 44, 44, 121, 1331], 3.11.b_e_bs, 29 
(1, 4, 66), [1, 1, 4, 66, 44, 121, 1331], 3.11.b_e_co, 51 
(1, 5, -33), [1, 1, 5, -33, 55, 121, 1331], 3.11.b_f_abh, -57 
(1, 5, -22), [1, 1, 5, -22, 55, 121, 1331], 3.11.b_f_aw, -46 
(1, 5, -11), [1, 1, 5, -11, 55, 121, 1331], 3.11.b_f_al, -35 
(1, 5, 0), [1, 1, 5, 0, 55, 121, 1331], 3.11.b_f_a, -24 
(1, 5, 11), [1, 1, 5, 11, 55, 121, 1331], 3.11.b_f_l, -13 
(1, 5, 33), [1, 1, 5, 33, 55, 121, 1331], 3.11.b_f_bh, 9 
(1, 5, 44), [1, 1, 5, 44, 55, 121, 1331], 3.11.b_f_bs, 20 
(1, 5, 55), [1, 1, 5, 55, 55, 121, 1331], 3.11.b_f_cd, 31 
(1, 6, -22), [1, 1, 6, -22, 66, 121, 1331], 3.11.b_g_aw, -57 
(1, 6, 0), [1, 1, 6, 0, 66, 121, 1331], 3.11.b_g_a, -35 
(1, 6, 44), [1, 1, 6, 44, 66, 121, 1331], 3.11.b_g_bs, 9 
(1, 6, 66), [1, 1, 6, 66, 66, 121, 1331], 3.11.b_g_co, 31 
(1, 7, -33), [1, 1, 7, -33, 77, 121, 1331], 3.11.b_h_abh, -81 
(1, 7, -22), [1, 1, 7, -22, 77, 121, 1331], 3.11.b_h_aw, -70 
(1, 7, -11), [1, 1, 7, -11, 77, 121, 1331], 3.11.b_h_al, -59 
(1, 7, 0), [1, 1, 7, 0, 77, 121, 1331], 3.11.b_h_a, -48 
(1, 7, 11), [1, 1, 7, 11, 77, 121, 1331], 3.11.b_h_l, -37 
(1, 7, 33), [1, 1, 7, 33, 77, 121, 1331], 3.11.b_h_bh, -15 
(1, 7, 44), [1, 1, 7, 44, 77, 121, 1331], 3.11.b_h_bs, -4 
(1, 7, 55), [1, 1, 7, 55, 77, 121, 1331], 3.11.b_h_cd, 7 
(1, 8, -22), [1, 1, 8, -22, 88, 121, 1331], 3.11.b_i_aw, -85 
(1, 8, 0), [1, 1, 8, 0, 88, 121, 1331], 3.11.b_i_a, -63 
(1, 8, 44), [1, 1, 8, 44, 88, 121, 1331], 3.11.b_i_bs, -19 
(1, 9, -11), [1, 1, 9, -11, 99, 121, 1331], 3.11.b_j_al, -91 
(1, 9, 0), [1, 1, 9, 0, 99, 121, 1331], 3.11.b_j_a, -80 
(1, 9, 11), [1, 1, 9, 11, 99, 121, 1331], 3.11.b_j_l, -69 
(1, 9, 33), [1, 1, 9, 33, 99, 121, 1331], 3.11.b_j_bh, -47 
(1, 9, 55), [1, 1, 9, 55, 99, 121, 1331], 3.11.b_j_cd, -25 
(1, 10, 0), [1, 1, 10, 0, 110, 121, 1331], 3.11.b_k_a, -99 
(1, 10, 44), [1, 1, 10, 44, 110, 121, 1331], 3.11.b_k_bs, -55 
(1, 12, -22), [1, 1, 12, -22, 132, 121, 1331], 3.11.b_m_aw, -165 
(1, 12, 0), [1, 1, 12, 0, 132, 121, 1331], 3.11.b_m_a, -143 
(1, 12, 44), [1, 1, 12, 44, 132, 121, 1331], 3.11.b_m_bs, -99 
(1, 13, -11), [1, 1, 13, -11, 143, 121, 1331], 3.11.b_n_al, -179 
(1, 13, 0), [1, 1, 13, 0, 143, 121, 1331], 3.11.b_n_a, -168 
(1, 13, 11), [1, 1, 13, 11, 143, 121, 1331], 3.11.b_n_l, -157 
(1, 13, 33), [1, 1, 13, 33, 143, 121, 1331], 3.11.b_n_bh, -135 
(1, 13, 44), [1, 1, 13, 44, 143, 121, 1331], 3.11.b_n_bs, -124 
(1, 14, 0), [1, 1, 14, 0, 154, 121, 1331], 3.11.b_o_a, -195 
(1, 14, 44), [1, 1, 14, 44, 154, 121, 1331], 3.11.b_o_bs, -151 
(1, 15, -11), [1, 1, 15, -11, 165, 121, 1331], 3.11.b_p_al, -235 
(1, 15, 0), [1, 1, 15, 0, 165, 121, 1331], 3.11.b_p_a, -224 
(1, 15, 11), [1, 1, 15, 11, 165, 121, 1331], 3.11.b_p_l, -213 
(1, 15, 33), [1, 1, 15, 33, 165, 121, 1331], 3.11.b_p_bh, -191 
(1, 15, 44), [1, 1, 15, 44, 165, 121, 1331], 3.11.b_p_bs, -180 
(1, 16, 0), [1, 1, 16, 0, 176, 121, 1331], 3.11.b_q_a, -255 
(1, 17, 0), [1, 1, 17, 0, 187, 121, 1331], 3.11.b_r_a, -288 
(1, 17, 11), [1, 1, 17, 11, 187, 121, 1331], 3.11.b_r_l, -277 
(1, 17, 33), [1, 1, 17, 33, 187, 121, 1331], 3.11.b_r_bh, -255 
(1, 18, 0), [1, 1, 18, 0, 198, 121, 1331], 3.11.b_s_a, -323 
(1, 19, 0), [1, 1, 19, 0, 209, 121, 1331], 3.11.b_t_a, -360 
(1, 19, 11), [1, 1, 19, 11, 209, 121, 1331], 3.11.b_t_l, -349 
(1, 19, 33), [1, 1, 19, 33, 209, 121, 1331], 3.11.b_t_bh, -327 
(1, 21, 11), [1, 1, 21, 11, 231, 121, 1331], 3.11.b_v_l, -429 
(1, 21, 33), [1, 1, 21, 33, 231, 121, 1331], 3.11.b_v_bh, -407 
(1, 23, 11), [1, 1, 23, 11, 253, 121, 1331], 3.11.b_x_l, -517 
(1, 25, 11), [1, 1, 25, 11, 275, 121, 1331], 3.11.b_z_l, -613 
(2, -10, -44), [1, 2, -10, -44, -110, 242, 1331], 3.11.c_ak_abs, -140 
(2, -9, -55), [1, 2, -9, -55, -99, 242, 1331], 3.11.c_aj_acd, -132 
(2, -9, -44), [1, 2, -9, -44, -99, 242, 1331], 3.11.c_aj_abs, -121 
(2, -9, -33), [1, 2, -9, -33, -99, 242, 1331], 3.11.c_aj_abh, -110 
(2, -8, -44), [1, 2, -8, -44, -88, 242, 1331], 3.11.c_ai_abs, -104 
(2, -7, -66), [1, 2, -7, -66, -77, 242, 1331], 3.11.c_ah_aco, -111 
(2, -7, -55), [1, 2, -7, -55, -77, 242, 1331], 3.11.c_ah_acd, -100 
(2, -7, -44), [1, 2, -7, -44, -77, 242, 1331], 3.11.c_ah_abs, -89 
(2, -7, -33), [1, 2, -7, -33, -77, 242, 1331], 3.11.c_ah_abh, -78 
(2, -7, -22), [1, 2, -7, -22, -77, 242, 1331], 3.11.c_ah_aw, -67 
(2, -6, -66), [1, 2, -6, -66, -66, 242, 1331], 3.11.c_ag_aco, -98 
(2, -6, -44), [1, 2, -6, -44, -66, 242, 1331], 3.11.c_ag_abs, -76 
(2, -6, -22), [1, 2, -6, -22, -66, 242, 1331], 3.11.c_ag_aw, -54 
(2, -5, -66), [1, 2, -5, -66, -55, 242, 1331], 3.11.c_af_aco, -87 
(2, -5, -55), [1, 2, -5, -55, -55, 242, 1331], 3.11.c_af_acd, -76 
(2, -5, -44), [1, 2, -5, -44, -55, 242, 1331], 3.11.c_af_abs, -65 
(2, -5, -33), [1, 2, -5, -33, -55, 242, 1331], 3.11.c_af_abh, -54 
(2, -5, -22), [1, 2, -5, -22, -55, 242, 1331], 3.11.c_af_aw, -43 
(2, -5, -11), [1, 2, -5, -11, -55, 242, 1331], 3.11.c_af_al, -32 
(2, -4, -44), [1, 2, -4, -44, -44, 242, 1331], 3.11.c_ae_abs, -56 
(2, -4, 0), [1, 2, -4, 0, -44, 242, 1331], 3.11.c_ae_a, -12 
(2, -3, -66), [1, 2, -3, -66, -33, 242, 1331], 3.11.c_ad_aco, -71 
(2, -3, -44), [1, 2, -3, -44, -33, 242, 1331], 3.11.c_ad_abs, -49 
(2, -3, -33), [1, 2, -3, -33, -33, 242, 1331], 3.11.c_ad_abh, -38 
(2, -3, -22), [1, 2, -3, -22, -33, 242, 1331], 3.11.c_ad_aw, -27 
(2, -3, -11), [1, 2, -3, -11, -33, 242, 1331], 3.11.c_ad_al, -16 
(2, -3, 0), [1, 2, -3, 0, -33, 242, 1331], 3.11.c_ad_a, -5 
(2, -2, -44), [1, 2, -2, -44, -22, 242, 1331], 3.11.c_ac_abs, -44 
(2, -2, 0), [1, 2, -2, 0, -22, 242, 1331], 3.11.c_ac_a, 0 
(2, -1, -55), [1, 2, -1, -55, -11, 242, 1331], 3.11.c_ab_acd, -52 
(2, -1, -44), [1, 2, -1, -44, -11, 242, 1331], 3.11.c_ab_abs, -41 
(2, -1, -33), [1, 2, -1, -33, -11, 242, 1331], 3.11.c_ab_abh, -30 
(2, -1, -22), [1, 2, -1, -22, -11, 242, 1331], 3.11.c_ab_aw, -19 
(2, -1, -11), [1, 2, -1, -11, -11, 242, 1331], 3.11.c_ab_al, -8 
(2, -1, 0), [1, 2, -1, 0, -11, 242, 1331], 3.11.c_ab_a, 3 
(2, -1, 11), [1, 2, -1, 11, -11, 242, 1331], 3.11.c_ab_l, 14 
(2, -1, 22), [1, 2, -1, 22, -11, 242, 1331], 3.11.c_ab_w, 25 
(2, 1, -44), [1, 2, 1, -44, 11, 242, 1331], 3.11.c_b_abs, -41 
(2, 1, -33), [1, 2, 1, -33, 11, 242, 1331], 3.11.c_b_abh, -30 
(2, 1, -22), [1, 2, 1, -22, 11, 242, 1331], 3.11.c_b_aw, -19 
(2, 1, -11), [1, 2, 1, -11, 11, 242, 1331], 3.11.c_b_al, -8 
(2, 1, 0), [1, 2, 1, 0, 11, 242, 1331], 3.11.c_b_a, 3 
(2, 1, 22), [1, 2, 1, 22, 11, 242, 1331], 3.11.c_b_w, 25 
(2, 1, 33), [1, 2, 1, 33, 11, 242, 1331], 3.11.c_b_bh, 36 
(2, 2, -44), [1, 2, 2, -44, 22, 242, 1331], 3.11.c_c_abs, -44 
(2, 2, -22), [1, 2, 2, -22, 22, 242, 1331], 3.11.c_c_aw, -22 
(2, 2, 0), [1, 2, 2, 0, 22, 242, 1331], 3.11.c_c_a, 0 
(2, 2, 22), [1, 2, 2, 22, 22, 242, 1331], 3.11.c_c_w, 22 
(2, 3, -33), [1, 2, 3, -33, 33, 242, 1331], 3.11.c_d_abh, -38 
(2, 3, -22), [1, 2, 3, -22, 33, 242, 1331], 3.11.c_d_aw, -27 
(2, 3, -11), [1, 2, 3, -11, 33, 242, 1331], 3.11.c_d_al, -16 
(2, 3, 0), [1, 2, 3, 0, 33, 242, 1331], 3.11.c_d_a, -5 
(2, 3, 11), [1, 2, 3, 11, 33, 242, 1331], 3.11.c_d_l, 6 
(2, 3, 22), [1, 2, 3, 22, 33, 242, 1331], 3.11.c_d_w, 17 
(2, 3, 33), [1, 2, 3, 33, 33, 242, 1331], 3.11.c_d_bh, 28 
(2, 4, -22), [1, 2, 4, -22, 44, 242, 1331], 3.11.c_e_aw, -34 
(2, 4, 0), [1, 2, 4, 0, 44, 242, 1331], 3.11.c_e_a, -12 
(2, 4, 22), [1, 2, 4, 22, 44, 242, 1331], 3.11.c_e_w, 10 
(2, 5, -33), [1, 2, 5, -33, 55, 242, 1331], 3.11.c_f_abh, -54 
(2, 5, -22), [1, 2, 5, -22, 55, 242, 1331], 3.11.c_f_aw, -43 
(2, 5, -11), [1, 2, 5, -11, 55, 242, 1331], 3.11.c_f_al, -32 
(2, 5, 0), [1, 2, 5, 0, 55, 242, 1331], 3.11.c_f_a, -21 
(2, 5, 11), [1, 2, 5, 11, 55, 242, 1331], 3.11.c_f_l, -10 
(2, 5, 22), [1, 2, 5, 22, 55, 242, 1331], 3.11.c_f_w, 1 
(2, 5, 33), [1, 2, 5, 33, 55, 242, 1331], 3.11.c_f_bh, 12 
(2, 5, 55), [1, 2, 5, 55, 55, 242, 1331], 3.11.c_f_cd, 34 
(2, 6, -22), [1, 2, 6, -22, 66, 242, 1331], 3.11.c_g_aw, -54 
(2, 6, 0), [1, 2, 6, 0, 66, 242, 1331], 3.11.c_g_a, -32 
(2, 6, 22), [1, 2, 6, 22, 66, 242, 1331], 3.11.c_g_w, -10 
(2, 6, 66), [1, 2, 6, 66, 66, 242, 1331], 3.11.c_g_co, 34 
(2, 7, -22), [1, 2, 7, -22, 77, 242, 1331], 3.11.c_h_aw, -67 
(2, 7, 0), [1, 2, 7, 0, 77, 242, 1331], 3.11.c_h_a, -45 
(2, 7, 11), [1, 2, 7, 11, 77, 242, 1331], 3.11.c_h_l, -34 
(2, 7, 22), [1, 2, 7, 22, 77, 242, 1331], 3.11.c_h_w, -23 
(2, 7, 33), [1, 2, 7, 33, 77, 242, 1331], 3.11.c_h_bh, -12 
(2, 7, 55), [1, 2, 7, 55, 77, 242, 1331], 3.11.c_h_cd, 10 
(2, 7, 66), [1, 2, 7, 66, 77, 242, 1331], 3.11.c_h_co, 21 
(2, 8, 0), [1, 2, 8, 0, 88, 242, 1331], 3.11.c_i_a, -60 
(2, 8, 22), [1, 2, 8, 22, 88, 242, 1331], 3.11.c_i_w, -38 
(2, 9, 0), [1, 2, 9, 0, 99, 242, 1331], 3.11.c_j_a, -77 
(2, 9, 11), [1, 2, 9, 11, 99, 242, 1331], 3.11.c_j_l, -66 
(2, 9, 22), [1, 2, 9, 22, 99, 242, 1331], 3.11.c_j_w, -55 
(2, 9, 33), [1, 2, 9, 33, 99, 242, 1331], 3.11.c_j_bh, -44 
(2, 9, 55), [1, 2, 9, 55, 99, 242, 1331], 3.11.c_j_cd, -22 
(2, 9, 66), [1, 2, 9, 66, 99, 242, 1331], 3.11.c_j_co, -11 
(2, 10, 0), [1, 2, 10, 0, 110, 242, 1331], 3.11.c_k_a, -96 
(2, 10, 22), [1, 2, 10, 22, 110, 242, 1331], 3.11.c_k_w, -74 
(2, 10, 66), [1, 2, 10, 66, 110, 242, 1331], 3.11.c_k_co, -30 
(2, 12, 0), [1, 2, 12, 0, 132, 242, 1331], 3.11.c_m_a, -140 
(2, 12, 66), [1, 2, 12, 66, 132, 242, 1331], 3.11.c_m_co, -74 
(2, 13, 0), [1, 2, 13, 0, 143, 242, 1331], 3.11.c_n_a, -165 
(2, 13, 11), [1, 2, 13, 11, 143, 242, 1331], 3.11.c_n_l, -154 
(2, 13, 22), [1, 2, 13, 22, 143, 242, 1331], 3.11.c_n_w, -143 
(2, 13, 33), [1, 2, 13, 33, 143, 242, 1331], 3.11.c_n_bh, -132 
(2, 13, 55), [1, 2, 13, 55, 143, 242, 1331], 3.11.c_n_cd, -110 
(2, 13, 66), [1, 2, 13, 66, 143, 242, 1331], 3.11.c_n_co, -99 
(2, 14, 22), [1, 2, 14, 22, 154, 242, 1331], 3.11.c_o_w, -170 
(2, 15, 0), [1, 2, 15, 0, 165, 242, 1331], 3.11.c_p_a, -221 
(2, 15, 11), [1, 2, 15, 11, 165, 242, 1331], 3.11.c_p_l, -210 
(2, 15, 22), [1, 2, 15, 22, 165, 242, 1331], 3.11.c_p_w, -199 
(2, 15, 33), [1, 2, 15, 33, 165, 242, 1331], 3.11.c_p_bh, -188 
(2, 15, 55), [1, 2, 15, 55, 165, 242, 1331], 3.11.c_p_cd, -166 
(2, 16, 22), [1, 2, 16, 22, 176, 242, 1331], 3.11.c_q_w, -230 
(2, 17, 11), [1, 2, 17, 11, 187, 242, 1331], 3.11.c_r_l, -274 
(2, 17, 22), [1, 2, 17, 22, 187, 242, 1331], 3.11.c_r_w, -263 
(2, 17, 33), [1, 2, 17, 33, 187, 242, 1331], 3.11.c_r_bh, -252 
(2, 17, 55), [1, 2, 17, 55, 187, 242, 1331], 3.11.c_r_cd, -230 
(2, 18, 22), [1, 2, 18, 22, 198, 242, 1331], 3.11.c_s_w, -298 
(2, 19, 22), [1, 2, 19, 22, 209, 242, 1331], 3.11.c_t_w, -335 
(2, 19, 33), [1, 2, 19, 33, 209, 242, 1331], 3.11.c_t_bh, -324 
(2, 20, 22), [1, 2, 20, 22, 220, 242, 1331], 3.11.c_u_w, -374 
(2, 21, 22), [1, 2, 21, 22, 231, 242, 1331], 3.11.c_v_w, -415 
(2, 21, 33), [1, 2, 21, 33, 231, 242, 1331], 3.11.c_v_bh, -404 
(2, 25, 33), [1, 2, 25, 33, 275, 242, 1331], 3.11.c_z_bh, -588 
(2, 27, 33), [1, 2, 27, 33, 297, 242, 1331], 3.11.c_bb_bh, -692 
(3, -10, -66), [1, 3, -10, -66, -110, 363, 1331], 3.11.d_ak_aco, -157 
(3, -9, -77), [1, 3, -9, -77, -99, 363, 1331], 3.11.d_aj_acz, -149 
(3, -9, -66), [1, 3, -9, -66, -99, 363, 1331], 3.11.d_aj_aco, -138 
(3, -8, -66), [1, 3, -8, -66, -88, 363, 1331], 3.11.d_ai_aco, -121 
(3, -7, -77), [1, 3, -7, -77, -77, 363, 1331], 3.11.d_ah_acz, -117 
(3, -7, -55), [1, 3, -7, -55, -77, 363, 1331], 3.11.d_ah_acd, -95 
(3, -7, -44), [1, 3, -7, -44, -77, 363, 1331], 3.11.d_ah_abs, -84 
(3, -6, -66), [1, 3, -6, -66, -66, 363, 1331], 3.11.d_ag_aco, -93 
(3, -6, -44), [1, 3, -6, -44, -66, 363, 1331], 3.11.d_ag_abs, -71 
(3, -5, -66), [1, 3, -5, -66, -55, 363, 1331], 3.11.d_af_aco, -82 
(3, -5, -55), [1, 3, -5, -55, -55, 363, 1331], 3.11.d_af_acd, -71 
(3, -5, -44), [1, 3, -5, -44, -55, 363, 1331], 3.11.d_af_abs, -60 
(3, -5, -33), [1, 3, -5, -33, -55, 363, 1331], 3.11.d_af_abh, -49 
(3, -4, -44), [1, 3, -4, -44, -44, 363, 1331], 3.11.d_ae_abs, -51 
(3, -4, -22), [1, 3, -4, -22, -44, 363, 1331], 3.11.d_ae_aw, -29 
(3, -3, -55), [1, 3, -3, -55, -33, 363, 1331], 3.11.d_ad_acd, -55 
(3, -3, -44), [1, 3, -3, -44, -33, 363, 1331], 3.11.d_ad_abs, -44 
(3, -3, -33), [1, 3, -3, -33, -33, 363, 1331], 3.11.d_ad_abh, -33 
(3, -3, -22), [1, 3, -3, -22, -33, 363, 1331], 3.11.d_ad_aw, -22 
(3, -2, -44), [1, 3, -2, -44, -22, 363, 1331], 3.11.d_ac_abs, -39 
(3, -2, -22), [1, 3, -2, -22, -22, 363, 1331], 3.11.d_ac_aw, -17 
(3, -1, -55), [1, 3, -1, -55, -11, 363, 1331], 3.11.d_ab_acd, -47 
(3, -1, -44), [1, 3, -1, -44, -11, 363, 1331], 3.11.d_ab_abs, -36 
(3, -1, -33), [1, 3, -1, -33, -11, 363, 1331], 3.11.d_ab_abh, -25 
(3, -1, -22), [1, 3, -1, -22, -11, 363, 1331], 3.11.d_ab_aw, -14 
(3, -1, -11), [1, 3, -1, -11, -11, 363, 1331], 3.11.d_ab_al, -3 
(3, -1, 0), [1, 3, -1, 0, -11, 363, 1331], 3.11.d_ab_a, 8 
(3, 1, -33), [1, 3, 1, -33, 11, 363, 1331], 3.11.d_b_abh, -25 
(3, 1, -22), [1, 3, 1, -22, 11, 363, 1331], 3.11.d_b_aw, -14 
(3, 1, -11), [1, 3, 1, -11, 11, 363, 1331], 3.11.d_b_al, -3 
(3, 1, 0), [1, 3, 1, 0, 11, 363, 1331], 3.11.d_b_a, 8 
(3, 1, 11), [1, 3, 1, 11, 11, 363, 1331], 3.11.d_b_l, 19 
(3, 2, -22), [1, 3, 2, -22, 22, 363, 1331], 3.11.d_c_aw, -17 
(3, 3, -33), [1, 3, 3, -33, 33, 363, 1331], 3.11.d_d_abh, -33 
(3, 3, -22), [1, 3, 3, -22, 33, 363, 1331], 3.11.d_d_aw, -22 
(3, 3, -11), [1, 3, 3, -11, 33, 363, 1331], 3.11.d_d_al, -11 
(3, 3, 0), [1, 3, 3, 0, 33, 363, 1331], 3.11.d_d_a, 0 
(3, 3, 11), [1, 3, 3, 11, 33, 363, 1331], 3.11.d_d_l, 11 
(3, 3, 22), [1, 3, 3, 22, 33, 363, 1331], 3.11.d_d_w, 22 
(3, 4, -22), [1, 3, 4, -22, 44, 363, 1331], 3.11.d_e_aw, -29 
(3, 4, 22), [1, 3, 4, 22, 44, 363, 1331], 3.11.d_e_w, 15 
(3, 5, -22), [1, 3, 5, -22, 55, 363, 1331], 3.11.d_f_aw, -38 
(3, 5, -11), [1, 3, 5, -11, 55, 363, 1331], 3.11.d_f_al, -27 
(3, 5, 0), [1, 3, 5, 0, 55, 363, 1331], 3.11.d_f_a, -16 
(3, 5, 11), [1, 3, 5, 11, 55, 363, 1331], 3.11.d_f_l, -5 
(3, 5, 22), [1, 3, 5, 22, 55, 363, 1331], 3.11.d_f_w, 6 
(3, 5, 33), [1, 3, 5, 33, 55, 363, 1331], 3.11.d_f_bh, 17 
(3, 6, -22), [1, 3, 6, -22, 66, 363, 1331], 3.11.d_g_aw, -49 
(3, 6, 0), [1, 3, 6, 0, 66, 363, 1331], 3.11.d_g_a, -27 
(3, 6, 22), [1, 3, 6, 22, 66, 363, 1331], 3.11.d_g_w, -5 
(3, 6, 44), [1, 3, 6, 44, 66, 363, 1331], 3.11.d_g_bs, 17 
(3, 7, -11), [1, 3, 7, -11, 77, 363, 1331], 3.11.d_h_al, -51 
(3, 7, 0), [1, 3, 7, 0, 77, 363, 1331], 3.11.d_h_a, -40 
(3, 7, 11), [1, 3, 7, 11, 77, 363, 1331], 3.11.d_h_l, -29 
(3, 7, 22), [1, 3, 7, 22, 77, 363, 1331], 3.11.d_h_w, -18 
(3, 7, 33), [1, 3, 7, 33, 77, 363, 1331], 3.11.d_h_bh, -7 
(3, 7, 44), [1, 3, 7, 44, 77, 363, 1331], 3.11.d_h_bs, 4 
(3, 8, 0), [1, 3, 8, 0, 88, 363, 1331], 3.11.d_i_a, -55 
(3, 8, 22), [1, 3, 8, 22, 88, 363, 1331], 3.11.d_i_w, -33 
(3, 8, 44), [1, 3, 8, 44, 88, 363, 1331], 3.11.d_i_bs, -11 
(3, 9, -11), [1, 3, 9, -11, 99, 363, 1331], 3.11.d_j_al, -83 
(3, 9, 0), [1, 3, 9, 0, 99, 363, 1331], 3.11.d_j_a, -72 
(3, 9, 11), [1, 3, 9, 11, 99, 363, 1331], 3.11.d_j_l, -61 
(3, 9, 22), [1, 3, 9, 22, 99, 363, 1331], 3.11.d_j_w, -50 
(3, 9, 33), [1, 3, 9, 33, 99, 363, 1331], 3.11.d_j_bh, -39 
(3, 9, 44), [1, 3, 9, 44, 99, 363, 1331], 3.11.d_j_bs, -28 
(3, 9, 55), [1, 3, 9, 55, 99, 363, 1331], 3.11.d_j_cd, -17 
(3, 10, 0), [1, 3, 10, 0, 110, 363, 1331], 3.11.d_k_a, -91 
(3, 10, 22), [1, 3, 10, 22, 110, 363, 1331], 3.11.d_k_w, -69 
(3, 10, 44), [1, 3, 10, 44, 110, 363, 1331], 3.11.d_k_bs, -47 
(3, 12, 0), [1, 3, 12, 0, 132, 363, 1331], 3.11.d_m_a, -135 
(3, 12, 22), [1, 3, 12, 22, 132, 363, 1331], 3.11.d_m_w, -113 
(3, 12, 44), [1, 3, 12, 44, 132, 363, 1331], 3.11.d_m_bs, -91 
(3, 13, 11), [1, 3, 13, 11, 143, 363, 1331], 3.11.d_n_l, -149 
(3, 13, 33), [1, 3, 13, 33, 143, 363, 1331], 3.11.d_n_bh, -127 
(3, 13, 55), [1, 3, 13, 55, 143, 363, 1331], 3.11.d_n_cd, -105 
(3, 13, 77), [1, 3, 13, 77, 143, 363, 1331], 3.11.d_n_cz, -83 
(3, 14, 22), [1, 3, 14, 22, 154, 363, 1331], 3.11.d_o_w, -165 
(3, 14, 44), [1, 3, 14, 44, 154, 363, 1331], 3.11.d_o_bs, -143 
(3, 15, 11), [1, 3, 15, 11, 165, 363, 1331], 3.11.d_p_l, -205 
(3, 15, 22), [1, 3, 15, 22, 165, 363, 1331], 3.11.d_p_w, -194 
(3, 15, 33), [1, 3, 15, 33, 165, 363, 1331], 3.11.d_p_bh, -183 
(3, 15, 44), [1, 3, 15, 44, 165, 363, 1331], 3.11.d_p_bs, -172 
(3, 15, 55), [1, 3, 15, 55, 165, 363, 1331], 3.11.d_p_cd, -161 
(3, 15, 77), [1, 3, 15, 77, 165, 363, 1331], 3.11.d_p_cz, -139 
(3, 16, 44), [1, 3, 16, 44, 176, 363, 1331], 3.11.d_q_bs, -203 
(3, 17, 22), [1, 3, 17, 22, 187, 363, 1331], 3.11.d_r_w, -258 
(3, 17, 33), [1, 3, 17, 33, 187, 363, 1331], 3.11.d_r_bh, -247 
(3, 17, 44), [1, 3, 17, 44, 187, 363, 1331], 3.11.d_r_bs, -236 
(3, 17, 55), [1, 3, 17, 55, 187, 363, 1331], 3.11.d_r_cd, -225 
(3, 17, 77), [1, 3, 17, 77, 187, 363, 1331], 3.11.d_r_cz, -203 
(3, 18, 44), [1, 3, 18, 44, 198, 363, 1331], 3.11.d_s_bs, -271 
(3, 19, 33), [1, 3, 19, 33, 209, 363, 1331], 3.11.d_t_bh, -319 
(3, 19, 44), [1, 3, 19, 44, 209, 363, 1331], 3.11.d_t_bs, -308 
(3, 19, 55), [1, 3, 19, 55, 209, 363, 1331], 3.11.d_t_cd, -297 
(3, 20, 44), [1, 3, 20, 44, 220, 363, 1331], 3.11.d_u_bs, -347 
(3, 21, 33), [1, 3, 21, 33, 231, 363, 1331], 3.11.d_v_bh, -399 
(3, 21, 44), [1, 3, 21, 44, 231, 363, 1331], 3.11.d_v_bs, -388 
(3, 21, 55), [1, 3, 21, 55, 231, 363, 1331], 3.11.d_v_cd, -377 
(3, 23, 44), [1, 3, 23, 44, 253, 363, 1331], 3.11.d_x_bs, -476 
(3, 23, 55), [1, 3, 23, 55, 253, 363, 1331], 3.11.d_x_cd, -465 
(3, 25, 44), [1, 3, 25, 44, 275, 363, 1331], 3.11.d_z_bs, -572 
(3, 25, 55), [1, 3, 25, 55, 275, 363, 1331], 3.11.d_z_cd, -561 
(3, 27, 55), [1, 3, 27, 55, 297, 363, 1331], 3.11.d_bb_cd, -665 
(3, 29, 55), [1, 3, 29, 55, 319, 363, 1331], 3.11.d_bd_cd, -777 
(4, -10, -88), [1, 4, -10, -88, -110, 484, 1331], 3.11.e_ak_adk, -172 
(4, -9, -88), [1, 4, -9, -88, -99, 484, 1331], 3.11.e_aj_adk, -153 
(4, -8, -88), [1, 4, -8, -88, -88, 484, 1331], 3.11.e_ai_adk, -136 
(4, -7, -77), [1, 4, -7, -77, -77, 484, 1331], 3.11.e_ah_acz, -110 
(4, -7, -66), [1, 4, -7, -66, -77, 484, 1331], 3.11.e_ah_aco, -99 
(4, -6, -66), [1, 4, -6, -66, -66, 484, 1331], 3.11.e_ag_aco, -86 
(4, -5, -66), [1, 4, -5, -66, -55, 484, 1331], 3.11.e_af_aco, -75 
(4, -5, -55), [1, 4, -5, -55, -55, 484, 1331], 3.11.e_af_acd, -64 
(4, -4, -66), [1, 4, -4, -66, -44, 484, 1331], 3.11.e_ae_aco, -66 
(4, -4, -44), [1, 4, -4, -44, -44, 484, 1331], 3.11.e_ae_abs, -44 
(4, -3, -66), [1, 4, -3, -66, -33, 484, 1331], 3.11.e_ad_aco, -59 
(4, -3, -55), [1, 4, -3, -55, -33, 484, 1331], 3.11.e_ad_acd, -48 
(4, -3, -44), [1, 4, -3, -44, -33, 484, 1331], 3.11.e_ad_abs, -37 
(4, -2, -44), [1, 4, -2, -44, -22, 484, 1331], 3.11.e_ac_abs, -32 
(4, -1, -55), [1, 4, -1, -55, -11, 484, 1331], 3.11.e_ab_acd, -40 
(4, -1, -33), [1, 4, -1, -33, -11, 484, 1331], 3.11.e_ab_abh, -18 
(4, -1, -22), [1, 4, -1, -22, -11, 484, 1331], 3.11.e_ab_aw, -7 
(4, 1, -44), [1, 4, 1, -44, 11, 484, 1331], 3.11.e_b_abs, -29 
(4, 1, -33), [1, 4, 1, -33, 11, 484, 1331], 3.11.e_b_abh, -18 
(4, 1, -22), [1, 4, 1, -22, 11, 484, 1331], 3.11.e_b_aw, -7 
(4, 1, -11), [1, 4, 1, -11, 11, 484, 1331], 3.11.e_b_al, 4 
(4, 2, -22), [1, 4, 2, -22, 22, 484, 1331], 3.11.e_c_aw, -10 
(4, 3, -33), [1, 4, 3, -33, 33, 484, 1331], 3.11.e_d_abh, -26 
(4, 3, -22), [1, 4, 3, -22, 33, 484, 1331], 3.11.e_d_aw, -15 
(4, 3, 0), [1, 4, 3, 0, 33, 484, 1331], 3.11.e_d_a, 7 
(4, 4, -22), [1, 4, 4, -22, 44, 484, 1331], 3.11.e_e_aw, -22 
(4, 4, 0), [1, 4, 4, 0, 44, 484, 1331], 3.11.e_e_a, 0 
(4, 5, -22), [1, 4, 5, -22, 55, 484, 1331], 3.11.e_f_aw, -31 
(4, 5, -11), [1, 4, 5, -11, 55, 484, 1331], 3.11.e_f_al, -20 
(4, 5, 0), [1, 4, 5, 0, 55, 484, 1331], 3.11.e_f_a, -9 
(4, 5, 11), [1, 4, 5, 11, 55, 484, 1331], 3.11.e_f_l, 2 
(4, 6, 0), [1, 4, 6, 0, 66, 484, 1331], 3.11.e_g_a, -20 
(4, 6, 22), [1, 4, 6, 22, 66, 484, 1331], 3.11.e_g_w, 2 
(4, 7, -11), [1, 4, 7, -11, 77, 484, 1331], 3.11.e_h_al, -44 
(4, 7, 0), [1, 4, 7, 0, 77, 484, 1331], 3.11.e_h_a, -33 
(4, 7, 11), [1, 4, 7, 11, 77, 484, 1331], 3.11.e_h_l, -22 
(4, 7, 22), [1, 4, 7, 22, 77, 484, 1331], 3.11.e_h_w, -11 
(4, 8, 0), [1, 4, 8, 0, 88, 484, 1331], 3.11.e_i_a, -48 
(4, 8, 22), [1, 4, 8, 22, 88, 484, 1331], 3.11.e_i_w, -26 
(4, 9, 0), [1, 4, 9, 0, 99, 484, 1331], 3.11.e_j_a, -65 
(4, 9, 11), [1, 4, 9, 11, 99, 484, 1331], 3.11.e_j_l, -54 
(4, 9, 22), [1, 4, 9, 22, 99, 484, 1331], 3.11.e_j_w, -43 
(4, 9, 33), [1, 4, 9, 33, 99, 484, 1331], 3.11.e_j_bh, -32 
(4, 9, 44), [1, 4, 9, 44, 99, 484, 1331], 3.11.e_j_bs, -21 
(4, 10, 0), [1, 4, 10, 0, 110, 484, 1331], 3.11.e_k_a, -84 
(4, 10, 44), [1, 4, 10, 44, 110, 484, 1331], 3.11.e_k_bs, -40 
(4, 12, 22), [1, 4, 12, 22, 132, 484, 1331], 3.11.e_m_w, -106 
(4, 13, 11), [1, 4, 13, 11, 143, 484, 1331], 3.11.e_n_l, -142 
(4, 13, 22), [1, 4, 13, 22, 143, 484, 1331], 3.11.e_n_w, -131 
(4, 13, 33), [1, 4, 13, 33, 143, 484, 1331], 3.11.e_n_bh, -120 
(4, 13, 44), [1, 4, 13, 44, 143, 484, 1331], 3.11.e_n_bs, -109 
(4, 13, 55), [1, 4, 13, 55, 143, 484, 1331], 3.11.e_n_cd, -98 
(4, 13, 66), [1, 4, 13, 66, 143, 484, 1331], 3.11.e_n_co, -87 
(4, 14, 44), [1, 4, 14, 44, 154, 484, 1331], 3.11.e_o_bs, -136 
(4, 15, 22), [1, 4, 15, 22, 165, 484, 1331], 3.11.e_p_w, -187 
(4, 15, 33), [1, 4, 15, 33, 165, 484, 1331], 3.11.e_p_bh, -176 
(4, 15, 55), [1, 4, 15, 55, 165, 484, 1331], 3.11.e_p_cd, -154 
(4, 15, 66), [1, 4, 15, 66, 165, 484, 1331], 3.11.e_p_co, -143 
(4, 15, 77), [1, 4, 15, 77, 165, 484, 1331], 3.11.e_p_cz, -132 
(4, 16, 22), [1, 4, 16, 22, 176, 484, 1331], 3.11.e_q_w, -218 
(4, 16, 44), [1, 4, 16, 44, 176, 484, 1331], 3.11.e_q_bs, -196 
(4, 16, 66), [1, 4, 16, 66, 176, 484, 1331], 3.11.e_q_co, -174 
(4, 17, 44), [1, 4, 17, 44, 187, 484, 1331], 3.11.e_r_bs, -229 
(4, 17, 55), [1, 4, 17, 55, 187, 484, 1331], 3.11.e_r_cd, -218 
(4, 17, 66), [1, 4, 17, 66, 187, 484, 1331], 3.11.e_r_co, -207 
(4, 17, 77), [1, 4, 17, 77, 187, 484, 1331], 3.11.e_r_cz, -196 
(4, 18, 44), [1, 4, 18, 44, 198, 484, 1331], 3.11.e_s_bs, -264 
(4, 18, 66), [1, 4, 18, 66, 198, 484, 1331], 3.11.e_s_co, -242 
(4, 19, 33), [1, 4, 19, 33, 209, 484, 1331], 3.11.e_t_bh, -312 
(4, 19, 44), [1, 4, 19, 44, 209, 484, 1331], 3.11.e_t_bs, -301 
(4, 19, 55), [1, 4, 19, 55, 209, 484, 1331], 3.11.e_t_cd, -290 
(4, 19, 66), [1, 4, 19, 66, 209, 484, 1331], 3.11.e_t_co, -279 
(4, 19, 77), [1, 4, 19, 77, 209, 484, 1331], 3.11.e_t_cz, -268 
(4, 20, 44), [1, 4, 20, 44, 220, 484, 1331], 3.11.e_u_bs, -340 
(4, 20, 66), [1, 4, 20, 66, 220, 484, 1331], 3.11.e_u_co, -318 
(4, 21, 44), [1, 4, 21, 44, 231, 484, 1331], 3.11.e_v_bs, -381 
(4, 21, 55), [1, 4, 21, 55, 231, 484, 1331], 3.11.e_v_cd, -370 
(4, 21, 66), [1, 4, 21, 66, 231, 484, 1331], 3.11.e_v_co, -359 
(4, 21, 77), [1, 4, 21, 77, 231, 484, 1331], 3.11.e_v_cz, -348 
(4, 23, 66), [1, 4, 23, 66, 253, 484, 1331], 3.11.e_x_co, -447 
(4, 23, 77), [1, 4, 23, 77, 253, 484, 1331], 3.11.e_x_cz, -436 
(4, 24, 66), [1, 4, 24, 66, 264, 484, 1331], 3.11.e_y_co, -494 
(4, 25, 66), [1, 4, 25, 66, 275, 484, 1331], 3.11.e_z_co, -543 
(4, 27, 66), [1, 4, 27, 66, 297, 484, 1331], 3.11.e_bb_co, -647 
(4, 27, 77), [1, 4, 27, 77, 297, 484, 1331], 3.11.e_bb_cz, -636 
(4, 28, 66), [1, 4, 28, 66, 308, 484, 1331], 3.11.e_bc_co, -702 
(4, 31, 77), [1, 4, 31, 77, 341, 484, 1331], 3.11.e_bf_cz, -868 
(5, -10, -110), [1, 5, -10, -110, -110, 605, 1331], 3.11.f_ak_aeg, -185 
(5, -9, -99), [1, 5, -9, -99, -99, 605, 1331], 3.11.f_aj_adv, -155 
(5, -5, -77), [1, 5, -5, -77, -55, 605, 1331], 3.11.f_af_acz, -77 
(5, -4, -66), [1, 5, -4, -66, -44, 605, 1331], 3.11.f_ae_aco, -57 
(5, -3, -66), [1, 5, -3, -66, -33, 605, 1331], 3.11.f_ad_aco, -50 
(5, -2, -66), [1, 5, -2, -66, -22, 605, 1331], 3.11.f_ac_aco, -45 
(5, -1, -55), [1, 5, -1, -55, -11, 605, 1331], 3.11.f_ab_acd, -31 
(5, -1, -44), [1, 5, -1, -44, -11, 605, 1331], 3.11.f_ab_abs, -20 
(5, 1, -44), [1, 5, 1, -44, 11, 605, 1331], 3.11.f_b_abs, -20 
(5, 1, -33), [1, 5, 1, -33, 11, 605, 1331], 3.11.f_b_abh, -9 
(5, 2, -44), [1, 5, 2, -44, 22, 605, 1331], 3.11.f_c_abs, -23 
(5, 3, -33), [1, 5, 3, -33, 33, 605, 1331], 3.11.f_d_abh, -17 
(5, 3, -22), [1, 5, 3, -22, 33, 605, 1331], 3.11.f_d_aw, -6 
(5, 5, -11), [1, 5, 5, -11, 55, 605, 1331], 3.11.f_f_al, -11 
(5, 6, -22), [1, 5, 6, -22, 66, 605, 1331], 3.11.f_g_aw, -33 
(5, 6, 0), [1, 5, 6, 0, 66, 605, 1331], 3.11.f_g_a, -11 
(5, 7, -11), [1, 5, 7, -11, 77, 605, 1331], 3.11.f_h_al, -35 
(5, 7, 0), [1, 5, 7, 0, 77, 605, 1331], 3.11.f_h_a, -24 
(5, 8, 0), [1, 5, 8, 0, 88, 605, 1331], 3.11.f_i_a, -39 
(5, 9, 0), [1, 5, 9, 0, 99, 605, 1331], 3.11.f_j_a, -56 
(5, 9, 11), [1, 5, 9, 11, 99, 605, 1331], 3.11.f_j_l, -45 
(5, 9, 22), [1, 5, 9, 22, 99, 605, 1331], 3.11.f_j_w, -34 
(5, 10, 0), [1, 5, 10, 0, 110, 605, 1331], 3.11.f_k_a, -75 
(5, 10, 22), [1, 5, 10, 22, 110, 605, 1331], 3.11.f_k_w, -53 
(5, 12, 22), [1, 5, 12, 22, 132, 605, 1331], 3.11.f_m_w, -97 
(5, 13, 11), [1, 5, 13, 11, 143, 605, 1331], 3.11.f_n_l, -133 
(5, 13, 22), [1, 5, 13, 22, 143, 605, 1331], 3.11.f_n_w, -122 
(5, 13, 33), [1, 5, 13, 33, 143, 605, 1331], 3.11.f_n_bh, -111 
(5, 13, 44), [1, 5, 13, 44, 143, 605, 1331], 3.11.f_n_bs, -100 
(5, 14, 22), [1, 5, 14, 22, 154, 605, 1331], 3.11.f_o_w, -149 
(5, 14, 44), [1, 5, 14, 44, 154, 605, 1331], 3.11.f_o_bs, -127 
(5, 15, 33), [1, 5, 15, 33, 165, 605, 1331], 3.11.f_p_bh, -167 
(5, 15, 44), [1, 5, 15, 44, 165, 605, 1331], 3.11.f_p_bs, -156 
(5, 15, 55), [1, 5, 15, 55, 165, 605, 1331], 3.11.f_p_cd, -145 
(5, 16, 66), [1, 5, 16, 66, 176, 605, 1331], 3.11.f_q_co, -165 
(5, 17, 33), [1, 5, 17, 33, 187, 605, 1331], 3.11.f_r_bh, -231 
(5, 17, 55), [1, 5, 17, 55, 187, 605, 1331], 3.11.f_r_cd, -209 
(5, 18, 44), [1, 5, 18, 44, 198, 605, 1331], 3.11.f_s_bs, -255 
(5, 18, 66), [1, 5, 18, 66, 198, 605, 1331], 3.11.f_s_co, -233 
(5, 19, 44), [1, 5, 19, 44, 209, 605, 1331], 3.11.f_t_bs, -292 
(5, 19, 55), [1, 5, 19, 55, 209, 605, 1331], 3.11.f_t_cd, -281 
(5, 19, 66), [1, 5, 19, 66, 209, 605, 1331], 3.11.f_t_co, -270 
(5, 19, 77), [1, 5, 19, 77, 209, 605, 1331], 3.11.f_t_cz, -259 
(5, 19, 88), [1, 5, 19, 88, 209, 605, 1331], 3.11.f_t_dk, -248 
(5, 20, 44), [1, 5, 20, 44, 220, 605, 1331], 3.11.f_u_bs, -331 
(5, 20, 66), [1, 5, 20, 66, 220, 605, 1331], 3.11.f_u_co, -309 
(5, 20, 88), [1, 5, 20, 88, 220, 605, 1331], 3.11.f_u_dk, -287 
(5, 21, 55), [1, 5, 21, 55, 231, 605, 1331], 3.11.f_v_cd, -361 
(5, 21, 66), [1, 5, 21, 66, 231, 605, 1331], 3.11.f_v_co, -350 
(5, 21, 77), [1, 5, 21, 77, 231, 605, 1331], 3.11.f_v_cz, -339 
(5, 21, 88), [1, 5, 21, 88, 231, 605, 1331], 3.11.f_v_dk, -328 
(5, 21, 99), [1, 5, 21, 99, 231, 605, 1331], 3.11.f_v_dv, -317 
(5, 23, 55), [1, 5, 23, 55, 253, 605, 1331], 3.11.f_x_cd, -449 
(5, 23, 66), [1, 5, 23, 66, 253, 605, 1331], 3.11.f_x_co, -438 
(5, 23, 77), [1, 5, 23, 77, 253, 605, 1331], 3.11.f_x_cz, -427 
(5, 23, 88), [1, 5, 23, 88, 253, 605, 1331], 3.11.f_x_dk, -416 
(5, 23, 99), [1, 5, 23, 99, 253, 605, 1331], 3.11.f_x_dv, -405 
(5, 24, 66), [1, 5, 24, 66, 264, 605, 1331], 3.11.f_y_co, -485 
(5, 24, 88), [1, 5, 24, 88, 264, 605, 1331], 3.11.f_y_dk, -463 
(5, 25, 66), [1, 5, 25, 66, 275, 605, 1331], 3.11.f_z_co, -534 
(5, 25, 77), [1, 5, 25, 77, 275, 605, 1331], 3.11.f_z_cz, -523 
(5, 25, 88), [1, 5, 25, 88, 275, 605, 1331], 3.11.f_z_dk, -512 
(5, 25, 99), [1, 5, 25, 99, 275, 605, 1331], 3.11.f_z_dv, -501 
(5, 26, 88), [1, 5, 26, 88, 286, 605, 1331], 3.11.f_ba_dk, -563 
(5, 27, 77), [1, 5, 27, 77, 297, 605, 1331], 3.11.f_bb_cz, -627 
(5, 27, 88), [1, 5, 27, 88, 297, 605, 1331], 3.11.f_bb_dk, -616 
(5, 27, 99), [1, 5, 27, 99, 297, 605, 1331], 3.11.f_bb_dv, -605 
(5, 29, 88), [1, 5, 29, 88, 319, 605, 1331], 3.11.f_bd_dk, -728 
(5, 29, 99), [1, 5, 29, 99, 319, 605, 1331], 3.11.f_bd_dv, -717 
(5, 31, 88), [1, 5, 31, 88, 341, 605, 1331], 3.11.f_bf_dk, -848 
(5, 31, 99), [1, 5, 31, 99, 341, 605, 1331], 3.11.f_bf_dv, -837 
(5, 35, 99), [1, 5, 35, 99, 385, 605, 1331], 3.11.f_bj_dv, -1101 
(6, -4, -88), [1, 6, -4, -88, -44, 726, 1331], 3.11.g_ae_adk, -68 
(6, -1, -66), [1, 6, -1, -66, -11, 726, 1331], 3.11.g_ab_aco, -31 
(6, 3, -44), [1, 6, 3, -44, 33, 726, 1331], 3.11.g_d_abs, -17 
(6, 6, -22), [1, 6, 6, -22, 66, 726, 1331], 3.11.g_g_aw, -22 
(6, 7, -22), [1, 6, 7, -22, 77, 726, 1331], 3.11.g_h_aw, -35 
(6, 9, -11), [1, 6, 9, -11, 99, 726, 1331], 3.11.g_j_al, -56 
(6, 9, 0), [1, 6, 9, 0, 99, 726, 1331], 3.11.g_j_a, -45 
(6, 10, 0), [1, 6, 10, 0, 110, 726, 1331], 3.11.g_k_a, -64 
(6, 13, 11), [1, 6, 13, 11, 143, 726, 1331], 3.11.g_n_l, -122 
(6, 13, 22), [1, 6, 13, 22, 143, 726, 1331], 3.11.g_n_w, -111 
(6, 14, 22), [1, 6, 14, 22, 154, 726, 1331], 3.11.g_o_w, -138 
(6, 15, 22), [1, 6, 15, 22, 165, 726, 1331], 3.11.g_p_w, -167 
(6, 15, 33), [1, 6, 15, 33, 165, 726, 1331], 3.11.g_p_bh, -156 
(6, 16, 44), [1, 6, 16, 44, 176, 726, 1331], 3.11.g_q_bs, -176 
(6, 17, 33), [1, 6, 17, 33, 187, 726, 1331], 3.11.g_r_bh, -220 
(6, 17, 44), [1, 6, 17, 44, 187, 726, 1331], 3.11.g_r_bs, -209 
(6, 18, 44), [1, 6, 18, 44, 198, 726, 1331], 3.11.g_s_bs, -244 
(6, 19, 55), [1, 6, 19, 55, 209, 726, 1331], 3.11.g_t_cd, -270 
(6, 19, 66), [1, 6, 19, 66, 209, 726, 1331], 3.11.g_t_co, -259 
(6, 20, 44), [1, 6, 20, 44, 220, 726, 1331], 3.11.g_u_bs, -320 
(6, 21, 55), [1, 6, 21, 55, 231, 726, 1331], 3.11.g_v_cd, -350 
(6, 21, 66), [1, 6, 21, 66, 231, 726, 1331], 3.11.g_v_co, -339 
(6, 21, 77), [1, 6, 21, 77, 231, 726, 1331], 3.11.g_v_cz, -328 
(6, 23, 66), [1, 6, 23, 66, 253, 726, 1331], 3.11.g_x_co, -427 
(6, 23, 77), [1, 6, 23, 77, 253, 726, 1331], 3.11.g_x_cz, -416 
(6, 23, 88), [1, 6, 23, 88, 253, 726, 1331], 3.11.g_x_dk, -405 
(6, 24, 66), [1, 6, 24, 66, 264, 726, 1331], 3.11.g_y_co, -474 
(6, 24, 88), [1, 6, 24, 88, 264, 726, 1331], 3.11.g_y_dk, -452 
(6, 25, 66), [1, 6, 25, 66, 275, 726, 1331], 3.11.g_z_co, -523 
(6, 25, 77), [1, 6, 25, 77, 275, 726, 1331], 3.11.g_z_cz, -512 
(6, 25, 88), [1, 6, 25, 88, 275, 726, 1331], 3.11.g_z_dk, -501 
(6, 25, 99), [1, 6, 25, 99, 275, 726, 1331], 3.11.g_z_dv, -490 
(6, 26, 88), [1, 6, 26, 88, 286, 726, 1331], 3.11.g_ba_dk, -552 
(6, 26, 110), [1, 6, 26, 110, 286, 726, 1331], 3.11.g_ba_eg, -530 
(6, 27, 88), [1, 6, 27, 88, 297, 726, 1331], 3.11.g_bb_dk, -605 
(6, 27, 99), [1, 6, 27, 99, 297, 726, 1331], 3.11.g_bb_dv, -594 
(6, 27, 110), [1, 6, 27, 110, 297, 726, 1331], 3.11.g_bb_eg, -583 
(6, 28, 88), [1, 6, 28, 88, 308, 726, 1331], 3.11.g_bc_dk, -660 
(6, 29, 88), [1, 6, 29, 88, 319, 726, 1331], 3.11.g_bd_dk, -717 
(6, 29, 99), [1, 6, 29, 99, 319, 726, 1331], 3.11.g_bd_dv, -706 
(6, 29, 110), [1, 6, 29, 110, 319, 726, 1331], 3.11.g_bd_eg, -695 
(6, 29, 121), [1, 6, 29, 121, 319, 726, 1331], 3.11.g_bd_er, -684 
(6, 31, 110), [1, 6, 31, 110, 341, 726, 1331], 3.11.g_bf_eg, -815 
(6, 31, 121), [1, 6, 31, 121, 341, 726, 1331], 3.11.g_bf_er, -804 
(6, 32, 110), [1, 6, 32, 110, 352, 726, 1331], 3.11.g_bg_eg, -878 
(6, 34, 110), [1, 6, 34, 110, 374, 726, 1331], 3.11.g_bi_eg, -1010 
(6, 35, 110), [1, 6, 35, 110, 385, 726, 1331], 3.11.g_bj_eg, -1079 
(6, 35, 121), [1, 6, 35, 121, 385, 726, 1331], 3.11.g_bj_er, -1068 
(7, 9, -22), [1, 7, 9, -22, 99, 847, 1331], 3.11.h_j_aw, -54 
(7, 13, 0), [1, 7, 13, 0, 143, 847, 1331], 3.11.h_n_a, -120 
(7, 15, 11), [1, 7, 15, 11, 165, 847, 1331], 3.11.h_p_l, -165 
(7, 16, 22), [1, 7, 16, 22, 176, 847, 1331], 3.11.h_q_w, -185 
(7, 19, 33), [1, 7, 19, 33, 209, 847, 1331], 3.11.h_t_bh, -279 
(7, 19, 44), [1, 7, 19, 44, 209, 847, 1331], 3.11.h_t_bs, -268 
(7, 20, 44), [1, 7, 20, 44, 220, 847, 1331], 3.11.h_u_bs, -307 
(7, 21, 55), [1, 7, 21, 55, 231, 847, 1331], 3.11.h_v_cd, -337 
(7, 23, 55), [1, 7, 23, 55, 253, 847, 1331], 3.11.h_x_cd, -425 
(7, 24, 66), [1, 7, 24, 66, 264, 847, 1331], 3.11.h_y_co, -461 
(7, 25, 66), [1, 7, 25, 66, 275, 847, 1331], 3.11.h_z_co, -510 
(7, 25, 77), [1, 7, 25, 77, 275, 847, 1331], 3.11.h_z_cz, -499 
(7, 26, 88), [1, 7, 26, 88, 286, 847, 1331], 3.11.h_ba_dk, -539 
(7, 27, 77), [1, 7, 27, 77, 297, 847, 1331], 3.11.h_bb_cz, -603 
(7, 27, 88), [1, 7, 27, 88, 297, 847, 1331], 3.11.h_bb_dk, -592 
(7, 29, 88), [1, 7, 29, 88, 319, 847, 1331], 3.11.h_bd_dk, -704 
(7, 29, 99), [1, 7, 29, 99, 319, 847, 1331], 3.11.h_bd_dv, -693 
(7, 29, 110), [1, 7, 29, 110, 319, 847, 1331], 3.11.h_bd_eg, -682 
(7, 30, 110), [1, 7, 30, 110, 330, 847, 1331], 3.11.h_be_eg, -741 
(7, 31, 99), [1, 7, 31, 99, 341, 847, 1331], 3.11.h_bf_dv, -813 
(7, 31, 110), [1, 7, 31, 110, 341, 847, 1331], 3.11.h_bf_eg, -802 
(7, 31, 121), [1, 7, 31, 121, 341, 847, 1331], 3.11.h_bf_er, -791 
(7, 32, 110), [1, 7, 32, 110, 352, 847, 1331], 3.11.h_bg_eg, -865 
(7, 34, 132), [1, 7, 34, 132, 374, 847, 1331], 3.11.h_bi_fc, -975 
(7, 35, 121), [1, 7, 35, 121, 385, 847, 1331], 3.11.h_bj_er, -1055 
(7, 35, 132), [1, 7, 35, 132, 385, 847, 1331], 3.11.h_bj_fc, -1044 
(7, 35, 143), [1, 7, 35, 143, 385, 847, 1331], 3.11.h_bj_fn, -1033 
(7, 36, 132), [1, 7, 36, 132, 396, 847, 1331], 3.11.h_bk_fc, -1115 
(7, 37, 132), [1, 7, 37, 132, 407, 847, 1331], 3.11.h_bl_fc, -1188 
(7, 37, 143), [1, 7, 37, 143, 407, 847, 1331], 3.11.h_bl_fn, -1177 
(7, 38, 132), [1, 7, 38, 132, 418, 847, 1331], 3.11.h_bm_fc, -1263 
(7, 39, 132), [1, 7, 39, 132, 429, 847, 1331], 3.11.h_bn_fc, -1340 
(7, 39, 143), [1, 7, 39, 143, 429, 847, 1331], 3.11.h_bn_fn, -1329 
(7, 41, 143), [1, 7, 41, 143, 451, 847, 1331], 3.11.h_bp_fn, -1489 
(8, 21, 33), [1, 8, 21, 33, 231, 968, 1331], 3.11.i_v_bh, -344 
(8, 29, 88), [1, 8, 29, 88, 319, 968, 1331], 3.11.i_bd_dk, -689 
(8, 30, 88), [1, 8, 30, 88, 330, 968, 1331], 3.11.i_be_dk, -748 
(8, 31, 99), [1, 8, 31, 99, 341, 968, 1331], 3.11.i_bf_dv, -798 
(8, 35, 121), [1, 8, 35, 121, 385, 968, 1331], 3.11.i_bj_er, -1040 
(8, 36, 132), [1, 8, 36, 132, 396, 968, 1331], 3.11.i_bk_fc, -1100 
(8, 37, 132), [1, 8, 37, 132, 407, 968, 1331], 3.11.i_bl_fc, -1173 
(8, 39, 132), [1, 8, 39, 132, 429, 968, 1331], 3.11.i_bn_fc, -1325 
(8, 39, 143), [1, 8, 39, 143, 429, 968, 1331], 3.11.i_bn_fn, -1314 
(8, 39, 154), [1, 8, 39, 154, 429, 968, 1331], 3.11.i_bn_fy, -1303 
(8, 40, 154), [1, 8, 40, 154, 440, 968, 1331], 3.11.i_bo_fy, -1382 
(8, 41, 143), [1, 8, 41, 143, 451, 968, 1331], 3.11.i_bp_fn, -1474 
(8, 41, 154), [1, 8, 41, 154, 451, 968, 1331], 3.11.i_bp_fy, -1463 
(8, 41, 165), [1, 8, 41, 165, 451, 968, 1331], 3.11.i_bp_gj, -1452 
(8, 42, 154), [1, 8, 42, 154, 462, 968, 1331], 3.11.i_bq_fy, -1546 
(8, 43, 154), [1, 8, 43, 154, 473, 968, 1331], 3.11.i_br_fy, -1631 
(8, 43, 165), [1, 8, 43, 165, 473, 968, 1331], 3.11.i_br_gj, -1620 
(8, 45, 165), [1, 8, 45, 165, 495, 968, 1331], 3.11.i_bt_gj, -1796 
(9, 36, 110), [1, 9, 36, 110, 396, 1089, 1331], 3.11.j_bk_eg, -1105 
(9, 39, 132), [1, 9, 39, 132, 429, 1089, 1331], 3.11.j_bn_fc, -1308 
(9, 41, 143), [1, 9, 41, 143, 451, 1089, 1331], 3.11.j_bp_fn, -1457 
(9, 43, 154), [1, 9, 43, 154, 473, 1089, 1331], 3.11.j_br_fy, -1614 
(9, 45, 165), [1, 9, 45, 165, 495, 1089, 1331], 3.11.j_bt_gj, -1779 
(9, 47, 176), [1, 9, 47, 176, 517, 1089, 1331], 3.11.j_bv_gu, -1952 
(9, 49, 187), [1, 9, 49, 187, 539, 1089, 1331], 3.11.j_bx_hf, -2133 
(9, 53, 209), [1, 9, 53, 209, 583, 1089, 1331], 3.11.j_cb_ib, -2519 
(10, 49, 176), [1, 10, 49, 176, 539, 1210, 1331], 3.11.k_bx_gu, -2125 
(10, 51, 187), [1, 10, 51, 187, 561, 1210, 1331], 3.11.k_bz_hf, -2314 
(10, 53, 198), [1, 10, 53, 198, 583, 1210, 1331], 3.11.k_cb_hq, -2511 
(10, 61, 242), [1, 10, 61, 242, 671, 1210, 1331], 3.11.k_cj_ji, -3379 
(11, 59, 220), [1, 11, 59, 220, 649, 1331, 1331], 3.11.l_ch_im, -3140 
(11, 61, 231), [1, 11, 61, 231, 671, 1331, 1331], 3.11.l_cj_ix, -3369 
(11, 69, 275), [1, 11, 69, 275, 759, 1331, 1331], 3.11.l_cr_kp, -4365 
(12, 67, 253), [1, 12, 67, 253, 737, 1452, 1331], 3.11.m_cp_jt, -4092 
