(-15, 110, -494), [1, -15, 110, -494, 1430, -2535, 2197], 3.13.ap_eg_ata, -12369 
(-14, 99, -442), [1, -14, 99, -442, 1287, -2366, 2197], 3.13.ao_dv_ara, -10047 
(-14, 102, -455), [1, -14, 102, -455, 1326, -2366, 2197], 3.13.ao_dy_arn, -10663 
(-13, 79, -325), [1, -13, 79, -325, 1027, -2197, 2197], 3.13.an_db_amn, -6397 
(-13, 83, -351), [1, -13, 83, -351, 1079, -2197, 2197], 3.13.an_df_ann, -7071 
(-12, 72, -299), [1, -12, 72, -299, 936, -2028, 2197], 3.13.am_cu_aln, -5339 
(-12, 76, -325), [1, -12, 76, -325, 988, -2028, 2197], 3.13.am_cy_amn, -5957 
(-12, 80, -351), [1, -12, 80, -351, 1040, -2028, 2197], 3.13.am_dc_ann, -6607 
(-11, 58, -221), [1, -11, 58, -221, 754, -1859, 2197], 3.13.al_cg_ain, -3464 
(-11, 62, -247), [1, -11, 62, -247, 806, -1859, 2197], 3.13.al_ck_ajn, -3970 
(-11, 66, -273), [1, -11, 66, -273, 858, -1859, 2197], 3.13.al_co_akn, -4508 
(-11, 70, -299), [1, -11, 70, -299, 910, -1859, 2197], 3.13.al_cs_aln, -5078 
(-10, 54, -221), [1, -10, 54, -221, 702, -1690, 2197], 3.13.ak_cc_ain, -3037 
(-10, 56, -221), [1, -10, 56, -221, 728, -1690, 2197], 3.13.ak_ce_ain, -3257 
(-10, 58, -247), [1, -10, 58, -247, 754, -1690, 2197], 3.13.ak_cg_ajn, -3511 
(-10, 60, -247), [1, -10, 60, -247, 780, -1690, 2197], 3.13.ak_ci_ajn, -3747 
(-10, 62, -273), [1, -10, 62, -273, 806, -1690, 2197], 3.13.ak_ck_akn, -4017 
(-10, 64, -273), [1, -10, 64, -273, 832, -1690, 2197], 3.13.ak_cm_akn, -4269 
(-10, 66, -273), [1, -10, 66, -273, 858, -1690, 2197], 3.13.ak_co_akn, -4529 
(-9, 36, -117), [1, -9, 36, -117, 468, -1521, 2197], 3.13.aj_bk_aen, -1332 
(-9, 44, -169), [1, -9, 44, -169, 572, -1521, 2197], 3.13.aj_bs_agn, -2024 
(-9, 48, -195), [1, -9, 48, -195, 624, -1521, 2197], 3.13.aj_bw_ahn, -2418 
(-9, 50, -195), [1, -9, 50, -195, 650, -1521, 2197], 3.13.aj_by_ahn, -2614 
(-9, 54, -221), [1, -9, 54, -221, 702, -1521, 2197], 3.13.aj_cc_ain, -3056 
(-9, 56, -221), [1, -9, 56, -221, 728, -1521, 2197], 3.13.aj_ce_ain, -3276 
(-9, 62, -247), [1, -9, 62, -247, 806, -1521, 2197], 3.13.aj_ck_ajn, -4010 
(-8, 18, -13), [1, -8, 18, -13, 234, -1352, 2197], 3.13.ai_s_an, -273 
(-8, 22, -39), [1, -8, 22, -39, 286, -1352, 2197], 3.13.ai_w_abn, -459 
(-8, 30, -91), [1, -8, 30, -91, 390, -1352, 2197], 3.13.ai_be_adn, -927 
(-8, 34, -117), [1, -8, 34, -117, 442, -1352, 2197], 3.13.ai_bi_aen, -1209 
(-8, 36, -143), [1, -8, 36, -143, 468, -1352, 2197], 3.13.ai_bk_afn, -1375 
(-8, 36, -117), [1, -8, 36, -117, 468, -1352, 2197], 3.13.ai_bk_aen, -1349 
(-8, 38, -143), [1, -8, 38, -143, 494, -1352, 2197], 3.13.ai_bm_afn, -1523 
(-8, 40, -169), [1, -8, 40, -169, 520, -1352, 2197], 3.13.ai_bo_agn, -1705 
(-8, 40, -143), [1, -8, 40, -143, 520, -1352, 2197], 3.13.ai_bo_afn, -1679 
(-8, 42, -169), [1, -8, 42, -169, 546, -1352, 2197], 3.13.ai_bq_agn, -1869 
(-8, 44, -195), [1, -8, 44, -195, 572, -1352, 2197], 3.13.ai_bs_ahn, -2067 
(-8, 44, -169), [1, -8, 44, -169, 572, -1352, 2197], 3.13.ai_bs_agn, -2041 
(-8, 46, -195), [1, -8, 46, -195, 598, -1352, 2197], 3.13.ai_bu_ahn, -2247 
(-8, 46, -169), [1, -8, 46, -169, 598, -1352, 2197], 3.13.ai_bu_agn, -2221 
(-8, 48, -195), [1, -8, 48, -195, 624, -1352, 2197], 3.13.ai_bw_ahn, -2435 
(-8, 50, -195), [1, -8, 50, -195, 650, -1352, 2197], 3.13.ai_by_ahn, -2631 
(-8, 58, -221), [1, -8, 58, -221, 754, -1352, 2197], 3.13.ai_cg_ain, -3521 
(-7, -2, 104), [1, -7, -2, 104, -26, -1183, 2197], 3.13.ah_ac_ea, 149 
(-7, 4, 65), [1, -7, 4, 65, 52, -1183, 2197], 3.13.ah_e_cn, 98 
(-7, 8, 39), [1, -7, 8, 39, 104, -1183, 2197], 3.13.ah_i_bn, 24 
(-7, 11, 13), [1, -7, 11, 13, 143, -1183, 2197], 3.13.ah_l_n, -59 
(-7, 12, 13), [1, -7, 12, 13, 156, -1183, 2197], 3.13.ah_m_n, -82 
(-7, 16, -13), [1, -7, 16, -13, 208, -1183, 2197], 3.13.ah_q_an, -220 
(-7, 18, -39), [1, -7, 18, -39, 234, -1183, 2197], 3.13.ah_s_abn, -314 
(-7, 20, -39), [1, -7, 20, -39, 260, -1183, 2197], 3.13.ah_u_abn, -390 
(-7, 22, -65), [1, -7, 22, -65, 286, -1183, 2197], 3.13.ah_w_acn, -500 
(-7, 24, -65), [1, -7, 24, -65, 312, -1183, 2197], 3.13.ah_y_acn, -592 
(-7, 28, -91), [1, -7, 28, -91, 364, -1183, 2197], 3.13.ah_bc_adn, -826 
(-7, 30, -117), [1, -7, 30, -117, 390, -1183, 2197], 3.13.ah_be_aen, -968 
(-7, 30, -91), [1, -7, 30, -91, 390, -1183, 2197], 3.13.ah_be_adn, -942 
(-7, 32, -117), [1, -7, 32, -117, 416, -1183, 2197], 3.13.ah_bg_aen, -1092 
(-7, 34, -143), [1, -7, 34, -143, 442, -1183, 2197], 3.13.ah_bi_afn, -1250 
(-7, 34, -117), [1, -7, 34, -117, 442, -1183, 2197], 3.13.ah_bi_aen, -1224 
(-7, 36, -169), [1, -7, 36, -169, 468, -1183, 2197], 3.13.ah_bk_agn, -1416 
(-7, 36, -143), [1, -7, 36, -143, 468, -1183, 2197], 3.13.ah_bk_afn, -1390 
(-7, 38, -169), [1, -7, 38, -169, 494, -1183, 2197], 3.13.ah_bm_agn, -1564 
(-7, 40, -169), [1, -7, 40, -169, 520, -1183, 2197], 3.13.ah_bo_agn, -1720 
(-7, 40, -143), [1, -7, 40, -143, 520, -1183, 2197], 3.13.ah_bo_afn, -1694 
(-7, 42, -169), [1, -7, 42, -169, 546, -1183, 2197], 3.13.ah_bq_agn, -1884 
(-7, 46, -169), [1, -7, 46, -169, 598, -1183, 2197], 3.13.ah_bu_agn, -2236 
(-6, -11, 143), [1, -6, -11, 143, -143, -1014, 2197], 3.13.ag_al_fn, 58 
(-6, -1, 78), [1, -6, -1, 78, -13, -1014, 2197], 3.13.ag_ab_da, 113 
(-6, 2, 65), [1, -6, 2, 65, 26, -1014, 2197], 3.13.ag_c_cn, 97 
(-6, 4, 39), [1, -6, 4, 39, 52, -1014, 2197], 3.13.ag_e_bn, 59 
(-6, 6, 39), [1, -6, 6, 39, 78, -1014, 2197], 3.13.ag_g_bn, 39 
(-6, 8, 13), [1, -6, 8, 13, 104, -1014, 2197], 3.13.ag_i_n, -15 
(-6, 10, 13), [1, -6, 10, 13, 130, -1014, 2197], 3.13.ag_k_n, -51 
(-6, 11, 13), [1, -6, 11, 13, 143, -1014, 2197], 3.13.ag_l_n, -72 
(-6, 12, -13), [1, -6, 12, -13, 156, -1014, 2197], 3.13.ag_m_an, -121 
(-6, 14, -13), [1, -6, 14, -13, 182, -1014, 2197], 3.13.ag_o_an, -173 
(-6, 16, -39), [1, -6, 16, -39, 208, -1014, 2197], 3.13.ag_q_abn, -259 
(-6, 18, -65), [1, -6, 18, -65, 234, -1014, 2197], 3.13.ag_s_acn, -353 
(-6, 18, -39), [1, -6, 18, -39, 234, -1014, 2197], 3.13.ag_s_abn, -327 
(-6, 20, -65), [1, -6, 20, -65, 260, -1014, 2197], 3.13.ag_u_acn, -429 
(-6, 20, -39), [1, -6, 20, -39, 260, -1014, 2197], 3.13.ag_u_abn, -403 
(-6, 22, -91), [1, -6, 22, -91, 286, -1014, 2197], 3.13.ag_w_adn, -539 
(-6, 22, -65), [1, -6, 22, -65, 286, -1014, 2197], 3.13.ag_w_acn, -513 
(-6, 24, -91), [1, -6, 24, -91, 312, -1014, 2197], 3.13.ag_y_adn, -631 
(-6, 24, -65), [1, -6, 24, -65, 312, -1014, 2197], 3.13.ag_y_acn, -605 
(-6, 28, -117), [1, -6, 28, -117, 364, -1014, 2197], 3.13.ag_bc_aen, -865 
(-6, 28, -91), [1, -6, 28, -91, 364, -1014, 2197], 3.13.ag_bc_adn, -839 
(-6, 30, -143), [1, -6, 30, -143, 390, -1014, 2197], 3.13.ag_be_afn, -1007 
(-6, 30, -117), [1, -6, 30, -117, 390, -1014, 2197], 3.13.ag_be_aen, -981 
(-6, 30, -91), [1, -6, 30, -91, 390, -1014, 2197], 3.13.ag_be_adn, -955 
(-6, 32, -143), [1, -6, 32, -143, 416, -1014, 2197], 3.13.ag_bg_afn, -1131 
(-6, 32, -117), [1, -6, 32, -117, 416, -1014, 2197], 3.13.ag_bg_aen, -1105 
(-6, 34, -143), [1, -6, 34, -143, 442, -1014, 2197], 3.13.ag_bi_afn, -1263 
(-6, 34, -117), [1, -6, 34, -117, 442, -1014, 2197], 3.13.ag_bi_aen, -1237 
(-6, 36, -143), [1, -6, 36, -143, 468, -1014, 2197], 3.13.ag_bk_afn, -1403 
(-6, 36, -117), [1, -6, 36, -117, 468, -1014, 2197], 3.13.ag_bk_aen, -1377 
(-6, 38, -143), [1, -6, 38, -143, 494, -1014, 2197], 3.13.ag_bm_afn, -1551 
(-6, 40, -143), [1, -6, 40, -143, 520, -1014, 2197], 3.13.ag_bo_afn, -1707 
(-6, 42, -143), [1, -6, 42, -143, 546, -1014, 2197], 3.13.ag_bq_afn, -1871 
(-6, 44, -143), [1, -6, 44, -143, 572, -1014, 2197], 3.13.ag_bs_afn, -2043 
(-5, -10, 117), [1, -5, -10, 117, -130, -845, 2197], 3.13.af_ak_en, 42 
(-5, -6, 91), [1, -5, -6, 91, -78, -845, 2197], 3.13.af_ag_dn, 80 
(-5, -4, 91), [1, -5, -4, 91, -52, -845, 2197], 3.13.af_ae_dn, 100 
(-5, -3, 65), [1, -5, -3, 65, -39, -845, 2197], 3.13.af_ad_cn, 81 
(-5, -2, 65), [1, -5, -2, 65, -26, -845, 2197], 3.13.af_ac_cn, 86 
(-5, 2, 39), [1, -5, 2, 39, 26, -845, 2197], 3.13.af_c_bn, 60 
(-5, 4, 13), [1, -5, 4, 13, 52, -845, 2197], 3.13.af_e_n, 22 
(-5, 4, 39), [1, -5, 4, 39, 52, -845, 2197], 3.13.af_e_bn, 48 
(-5, 6, 13), [1, -5, 6, 13, 78, -845, 2197], 3.13.af_g_n, 2 
(-5, 8, -13), [1, -5, 8, -13, 104, -845, 2197], 3.13.af_i_an, -52 
(-5, 8, 13), [1, -5, 8, 13, 104, -845, 2197], 3.13.af_i_n, -26 
(-5, 10, -13), [1, -5, 10, -13, 130, -845, 2197], 3.13.af_k_an, -88 
(-5, 10, 13), [1, -5, 10, 13, 130, -845, 2197], 3.13.af_k_n, -62 
(-5, 12, -13), [1, -5, 12, -13, 156, -845, 2197], 3.13.af_m_an, -132 
(-5, 14, -39), [1, -5, 14, -39, 182, -845, 2197], 3.13.af_o_abn, -210 
(-5, 14, -13), [1, -5, 14, -13, 182, -845, 2197], 3.13.af_o_an, -184 
(-5, 16, -65), [1, -5, 16, -65, 208, -845, 2197], 3.13.af_q_acn, -296 
(-5, 16, -39), [1, -5, 16, -39, 208, -845, 2197], 3.13.af_q_abn, -270 
(-5, 18, -91), [1, -5, 18, -91, 234, -845, 2197], 3.13.af_s_adn, -390 
(-5, 18, -65), [1, -5, 18, -65, 234, -845, 2197], 3.13.af_s_acn, -364 
(-5, 18, -39), [1, -5, 18, -39, 234, -845, 2197], 3.13.af_s_abn, -338 
(-5, 20, -91), [1, -5, 20, -91, 260, -845, 2197], 3.13.af_u_adn, -466 
(-5, 20, -65), [1, -5, 20, -65, 260, -845, 2197], 3.13.af_u_acn, -440 
(-5, 20, -39), [1, -5, 20, -39, 260, -845, 2197], 3.13.af_u_abn, -414 
(-5, 22, -117), [1, -5, 22, -117, 286, -845, 2197], 3.13.af_w_aen, -576 
(-5, 22, -91), [1, -5, 22, -91, 286, -845, 2197], 3.13.af_w_adn, -550 
(-5, 22, -65), [1, -5, 22, -65, 286, -845, 2197], 3.13.af_w_acn, -524 
(-5, 24, -117), [1, -5, 24, -117, 312, -845, 2197], 3.13.af_y_aen, -668 
(-5, 24, -91), [1, -5, 24, -91, 312, -845, 2197], 3.13.af_y_adn, -642 
(-5, 24, -65), [1, -5, 24, -65, 312, -845, 2197], 3.13.af_y_acn, -616 
(-5, 28, -117), [1, -5, 28, -117, 364, -845, 2197], 3.13.af_bc_aen, -876 
(-5, 30, -91), [1, -5, 30, -91, 390, -845, 2197], 3.13.af_be_adn, -966 
(-5, 32, -117), [1, -5, 32, -117, 416, -845, 2197], 3.13.af_bg_aen, -1116 
(-5, 34, -117), [1, -5, 34, -117, 442, -845, 2197], 3.13.af_bi_aen, -1248 
(-5, 36, -117), [1, -5, 36, -117, 468, -845, 2197], 3.13.af_bk_aen, -1388 
(-5, 38, -117), [1, -5, 38, -117, 494, -845, 2197], 3.13.af_bm_aen, -1536 
(-5, 40, -117), [1, -5, 40, -117, 520, -845, 2197], 3.13.af_bo_aen, -1692 
(-4, -11, 91), [1, -4, -11, 91, -143, -676, 2197], 3.13.ae_al_dn, -14 
(-4, -11, 117), [1, -4, -11, 117, -143, -676, 2197], 3.13.ae_al_en, 12 
(-4, -10, 91), [1, -4, -10, 91, -130, -676, 2197], 3.13.ae_ak_dn, 7 
(-4, -10, 117), [1, -4, -10, 117, -130, -676, 2197], 3.13.ae_ak_en, 33 
(-4, -8, 91), [1, -4, -8, 91, -104, -676, 2197], 3.13.ae_ai_dn, 43 
(-4, -7, 91), [1, -4, -7, 91, -91, -676, 2197], 3.13.ae_ah_dn, 58 
(-4, -6, 65), [1, -4, -6, 65, -78, -676, 2197], 3.13.ae_ag_cn, 45 
(-4, -6, 91), [1, -4, -6, 91, -78, -676, 2197], 3.13.ae_ag_dn, 71 
(-4, -4, 65), [1, -4, -4, 65, -52, -676, 2197], 3.13.ae_ae_cn, 65 
(-4, -2, 39), [1, -4, -2, 39, -26, -676, 2197], 3.13.ae_ac_bn, 51 
(-4, -2, 65), [1, -4, -2, 65, -26, -676, 2197], 3.13.ae_ac_cn, 77 
(-4, 2, 13), [1, -4, 2, 13, 26, -676, 2197], 3.13.ae_c_n, 25 
(-4, 2, 39), [1, -4, 2, 39, 26, -676, 2197], 3.13.ae_c_bn, 51 
(-4, 4, -13), [1, -4, 4, -13, 52, -676, 2197], 3.13.ae_e_an, -13 
(-4, 4, 13), [1, -4, 4, 13, 52, -676, 2197], 3.13.ae_e_n, 13 
(-4, 4, 39), [1, -4, 4, 39, 52, -676, 2197], 3.13.ae_e_bn, 39 
(-4, 6, -13), [1, -4, 6, -13, 78, -676, 2197], 3.13.ae_g_an, -33 
(-4, 6, 13), [1, -4, 6, 13, 78, -676, 2197], 3.13.ae_g_n, -7 
(-4, 8, -39), [1, -4, 8, -39, 104, -676, 2197], 3.13.ae_i_abn, -87 
(-4, 8, -13), [1, -4, 8, -13, 104, -676, 2197], 3.13.ae_i_an, -61 
(-4, 8, 13), [1, -4, 8, 13, 104, -676, 2197], 3.13.ae_i_n, -35 
(-4, 10, -39), [1, -4, 10, -39, 130, -676, 2197], 3.13.ae_k_abn, -123 
(-4, 10, -13), [1, -4, 10, -13, 130, -676, 2197], 3.13.ae_k_an, -97 
(-4, 10, 13), [1, -4, 10, 13, 130, -676, 2197], 3.13.ae_k_n, -71 
(-4, 12, -65), [1, -4, 12, -65, 156, -676, 2197], 3.13.ae_m_acn, -193 
(-4, 12, -39), [1, -4, 12, -39, 156, -676, 2197], 3.13.ae_m_abn, -167 
(-4, 12, -13), [1, -4, 12, -13, 156, -676, 2197], 3.13.ae_m_an, -141 
(-4, 14, -65), [1, -4, 14, -65, 182, -676, 2197], 3.13.ae_o_acn, -245 
(-4, 14, -39), [1, -4, 14, -39, 182, -676, 2197], 3.13.ae_o_abn, -219 
(-4, 14, -13), [1, -4, 14, -13, 182, -676, 2197], 3.13.ae_o_an, -193 
(-4, 16, -91), [1, -4, 16, -91, 208, -676, 2197], 3.13.ae_q_adn, -331 
(-4, 16, -65), [1, -4, 16, -65, 208, -676, 2197], 3.13.ae_q_acn, -305 
(-4, 16, -39), [1, -4, 16, -39, 208, -676, 2197], 3.13.ae_q_abn, -279 
(-4, 16, -13), [1, -4, 16, -13, 208, -676, 2197], 3.13.ae_q_an, -253 
(-4, 18, -117), [1, -4, 18, -117, 234, -676, 2197], 3.13.ae_s_aen, -425 
(-4, 18, -91), [1, -4, 18, -91, 234, -676, 2197], 3.13.ae_s_adn, -399 
(-4, 18, -65), [1, -4, 18, -65, 234, -676, 2197], 3.13.ae_s_acn, -373 
(-4, 18, -39), [1, -4, 18, -39, 234, -676, 2197], 3.13.ae_s_abn, -347 
(-4, 20, -117), [1, -4, 20, -117, 260, -676, 2197], 3.13.ae_u_aen, -501 
(-4, 20, -91), [1, -4, 20, -91, 260, -676, 2197], 3.13.ae_u_adn, -475 
(-4, 20, -65), [1, -4, 20, -65, 260, -676, 2197], 3.13.ae_u_acn, -449 
(-4, 20, -39), [1, -4, 20, -39, 260, -676, 2197], 3.13.ae_u_abn, -423 
(-4, 22, -117), [1, -4, 22, -117, 286, -676, 2197], 3.13.ae_w_aen, -585 
(-4, 22, -91), [1, -4, 22, -91, 286, -676, 2197], 3.13.ae_w_adn, -559 
(-4, 22, -65), [1, -4, 22, -65, 286, -676, 2197], 3.13.ae_w_acn, -533 
(-4, 22, -39), [1, -4, 22, -39, 286, -676, 2197], 3.13.ae_w_abn, -507 
(-4, 24, -91), [1, -4, 24, -91, 312, -676, 2197], 3.13.ae_y_adn, -651 
(-4, 24, -65), [1, -4, 24, -65, 312, -676, 2197], 3.13.ae_y_acn, -625 
(-4, 28, -91), [1, -4, 28, -91, 364, -676, 2197], 3.13.ae_bc_adn, -859 
(-4, 28, -65), [1, -4, 28, -65, 364, -676, 2197], 3.13.ae_bc_acn, -833 
(-4, 30, -91), [1, -4, 30, -91, 390, -676, 2197], 3.13.ae_be_adn, -975 
(-4, 32, -91), [1, -4, 32, -91, 416, -676, 2197], 3.13.ae_bg_adn, -1099 
(-4, 34, -91), [1, -4, 34, -91, 442, -676, 2197], 3.13.ae_bi_adn, -1231 
(-4, 36, -91), [1, -4, 36, -91, 468, -676, 2197], 3.13.ae_bk_adn, -1371 
(-3, -12, 78), [1, -3, -12, 78, -156, -507, 2197], 3.13.ad_am_da, -57 
(-3, -10, 65), [1, -3, -10, 65, -130, -507, 2197], 3.13.ad_ak_cn, -26 
(-3, -10, 91), [1, -3, -10, 91, -130, -507, 2197], 3.13.ad_ak_dn, 0 
(-3, -8, 65), [1, -3, -8, 65, -104, -507, 2197], 3.13.ad_ai_cn, 10 
(-3, -8, 91), [1, -3, -8, 91, -104, -507, 2197], 3.13.ad_ai_dn, 36 
(-3, -6, 39), [1, -3, -6, 39, -78, -507, 2197], 3.13.ad_ag_bn, 12 
(-3, -6, 65), [1, -3, -6, 65, -78, -507, 2197], 3.13.ad_ag_cn, 38 
(-3, -6, 91), [1, -3, -6, 91, -78, -507, 2197], 3.13.ad_ag_dn, 64 
(-3, -4, 39), [1, -3, -4, 39, -52, -507, 2197], 3.13.ad_ae_bn, 32 
(-3, -4, 65), [1, -3, -4, 65, -52, -507, 2197], 3.13.ad_ae_cn, 58 
(-3, -2, 39), [1, -3, -2, 39, -26, -507, 2197], 3.13.ad_ac_bn, 44 
(-3, -2, 65), [1, -3, -2, 65, -26, -507, 2197], 3.13.ad_ac_cn, 70 
(-3, 2, -13), [1, -3, 2, -13, 26, -507, 2197], 3.13.ad_c_an, -8 
(-3, 2, 13), [1, -3, 2, 13, 26, -507, 2197], 3.13.ad_c_n, 18 
(-3, 2, 39), [1, -3, 2, 39, 26, -507, 2197], 3.13.ad_c_bn, 44 
(-3, 4, -39), [1, -3, 4, -39, 52, -507, 2197], 3.13.ad_e_abn, -46 
(-3, 4, -13), [1, -3, 4, -13, 52, -507, 2197], 3.13.ad_e_an, -20 
(-3, 4, 13), [1, -3, 4, 13, 52, -507, 2197], 3.13.ad_e_n, 6 
(-3, 4, 39), [1, -3, 4, 39, 52, -507, 2197], 3.13.ad_e_bn, 32 
(-3, 6, -39), [1, -3, 6, -39, 78, -507, 2197], 3.13.ad_g_abn, -66 
(-3, 6, -13), [1, -3, 6, -13, 78, -507, 2197], 3.13.ad_g_an, -40 
(-3, 6, 13), [1, -3, 6, 13, 78, -507, 2197], 3.13.ad_g_n, -14 
(-3, 6, 39), [1, -3, 6, 39, 78, -507, 2197], 3.13.ad_g_bn, 12 
(-3, 8, -65), [1, -3, 8, -65, 104, -507, 2197], 3.13.ad_i_acn, -120 
(-3, 8, -39), [1, -3, 8, -39, 104, -507, 2197], 3.13.ad_i_abn, -94 
(-3, 8, -13), [1, -3, 8, -13, 104, -507, 2197], 3.13.ad_i_an, -68 
(-3, 8, 13), [1, -3, 8, 13, 104, -507, 2197], 3.13.ad_i_n, -42 
(-3, 10, -65), [1, -3, 10, -65, 130, -507, 2197], 3.13.ad_k_acn, -156 
(-3, 10, -39), [1, -3, 10, -39, 130, -507, 2197], 3.13.ad_k_abn, -130 
(-3, 10, -13), [1, -3, 10, -13, 130, -507, 2197], 3.13.ad_k_an, -104 
(-3, 10, 13), [1, -3, 10, 13, 130, -507, 2197], 3.13.ad_k_n, -78 
(-3, 12, -91), [1, -3, 12, -91, 156, -507, 2197], 3.13.ad_m_adn, -226 
(-3, 12, -65), [1, -3, 12, -65, 156, -507, 2197], 3.13.ad_m_acn, -200 
(-3, 12, -39), [1, -3, 12, -39, 156, -507, 2197], 3.13.ad_m_abn, -174 
(-3, 12, 13), [1, -3, 12, 13, 156, -507, 2197], 3.13.ad_m_n, -122 
(-3, 14, -91), [1, -3, 14, -91, 182, -507, 2197], 3.13.ad_o_adn, -278 
(-3, 14, -65), [1, -3, 14, -65, 182, -507, 2197], 3.13.ad_o_acn, -252 
(-3, 14, -39), [1, -3, 14, -39, 182, -507, 2197], 3.13.ad_o_abn, -226 
(-3, 14, -13), [1, -3, 14, -13, 182, -507, 2197], 3.13.ad_o_an, -200 
(-3, 16, -91), [1, -3, 16, -91, 208, -507, 2197], 3.13.ad_q_adn, -338 
(-3, 16, -65), [1, -3, 16, -65, 208, -507, 2197], 3.13.ad_q_acn, -312 
(-3, 16, -39), [1, -3, 16, -39, 208, -507, 2197], 3.13.ad_q_abn, -286 
(-3, 18, -91), [1, -3, 18, -91, 234, -507, 2197], 3.13.ad_s_adn, -406 
(-3, 18, -65), [1, -3, 18, -65, 234, -507, 2197], 3.13.ad_s_acn, -380 
(-3, 18, -39), [1, -3, 18, -39, 234, -507, 2197], 3.13.ad_s_abn, -354 
(-3, 18, -13), [1, -3, 18, -13, 234, -507, 2197], 3.13.ad_s_an, -328 
(-3, 20, -91), [1, -3, 20, -91, 260, -507, 2197], 3.13.ad_u_adn, -482 
(-3, 20, -65), [1, -3, 20, -65, 260, -507, 2197], 3.13.ad_u_acn, -456 
(-3, 20, -39), [1, -3, 20, -39, 260, -507, 2197], 3.13.ad_u_abn, -430 
(-3, 22, -65), [1, -3, 22, -65, 286, -507, 2197], 3.13.ad_w_acn, -540 
(-3, 22, -39), [1, -3, 22, -39, 286, -507, 2197], 3.13.ad_w_abn, -514 
(-3, 24, -65), [1, -3, 24, -65, 312, -507, 2197], 3.13.ad_y_acn, -632 
(-3, 24, -39), [1, -3, 24, -39, 312, -507, 2197], 3.13.ad_y_abn, -606 
(-3, 30, -65), [1, -3, 30, -65, 390, -507, 2197], 3.13.ad_be_acn, -956 
(-3, 32, -65), [1, -3, 32, -65, 416, -507, 2197], 3.13.ad_bg_acn, -1080 
(-3, 34, -65), [1, -3, 34, -65, 442, -507, 2197], 3.13.ad_bi_acn, -1212 
(-2, -11, 65), [1, -2, -11, 65, -143, -338, 2197], 3.13.ac_al_cn, -52 
(-2, -10, 39), [1, -2, -10, 39, -130, -338, 2197], 3.13.ac_ak_bn, -57 
(-2, -10, 65), [1, -2, -10, 65, -130, -338, 2197], 3.13.ac_ak_cn, -31 
(-2, -8, 39), [1, -2, -8, 39, -104, -338, 2197], 3.13.ac_ai_bn, -21 
(-2, -8, 65), [1, -2, -8, 65, -104, -338, 2197], 3.13.ac_ai_cn, 5 
(-2, -6, 13), [1, -2, -6, 13, -78, -338, 2197], 3.13.ac_ag_n, -19 
(-2, -6, 39), [1, -2, -6, 39, -78, -338, 2197], 3.13.ac_ag_bn, 7 
(-2, -6, 65), [1, -2, -6, 65, -78, -338, 2197], 3.13.ac_ag_cn, 33 
(-2, -6, 91), [1, -2, -6, 91, -78, -338, 2197], 3.13.ac_ag_dn, 59 
(-2, -4, 13), [1, -2, -4, 13, -52, -338, 2197], 3.13.ac_ae_n, 1 
(-2, -4, 39), [1, -2, -4, 39, -52, -338, 2197], 3.13.ac_ae_bn, 27 
(-2, -4, 65), [1, -2, -4, 65, -52, -338, 2197], 3.13.ac_ae_cn, 53 
(-2, -2, -13), [1, -2, -2, -13, -26, -338, 2197], 3.13.ac_ac_an, -13 
(-2, -2, 13), [1, -2, -2, 13, -26, -338, 2197], 3.13.ac_ac_n, 13 
(-2, -2, 39), [1, -2, -2, 39, -26, -338, 2197], 3.13.ac_ac_bn, 39 
(-2, -2, 65), [1, -2, -2, 65, -26, -338, 2197], 3.13.ac_ac_cn, 65 
(-2, 2, -39), [1, -2, 2, -39, 26, -338, 2197], 3.13.ac_c_abn, -39 
(-2, 2, -13), [1, -2, 2, -13, 26, -338, 2197], 3.13.ac_c_an, -13 
(-2, 2, 13), [1, -2, 2, 13, 26, -338, 2197], 3.13.ac_c_n, 13 
(-2, 2, 39), [1, -2, 2, 39, 26, -338, 2197], 3.13.ac_c_bn, 39 
(-2, 4, -65), [1, -2, 4, -65, 52, -338, 2197], 3.13.ac_e_acn, -77 
(-2, 4, -39), [1, -2, 4, -39, 52, -338, 2197], 3.13.ac_e_abn, -51 
(-2, 4, -13), [1, -2, 4, -13, 52, -338, 2197], 3.13.ac_e_an, -25 
(-2, 4, 13), [1, -2, 4, 13, 52, -338, 2197], 3.13.ac_e_n, 1 
(-2, 4, 39), [1, -2, 4, 39, 52, -338, 2197], 3.13.ac_e_bn, 27 
(-2, 6, -65), [1, -2, 6, -65, 78, -338, 2197], 3.13.ac_g_acn, -97 
(-2, 6, -39), [1, -2, 6, -39, 78, -338, 2197], 3.13.ac_g_abn, -71 
(-2, 6, -13), [1, -2, 6, -13, 78, -338, 2197], 3.13.ac_g_an, -45 
(-2, 6, 13), [1, -2, 6, 13, 78, -338, 2197], 3.13.ac_g_n, -19 
(-2, 6, 39), [1, -2, 6, 39, 78, -338, 2197], 3.13.ac_g_bn, 7 
(-2, 8, -91), [1, -2, 8, -91, 104, -338, 2197], 3.13.ac_i_adn, -151 
(-2, 8, -65), [1, -2, 8, -65, 104, -338, 2197], 3.13.ac_i_acn, -125 
(-2, 8, -39), [1, -2, 8, -39, 104, -338, 2197], 3.13.ac_i_abn, -99 
(-2, 8, -13), [1, -2, 8, -13, 104, -338, 2197], 3.13.ac_i_an, -73 
(-2, 8, 13), [1, -2, 8, 13, 104, -338, 2197], 3.13.ac_i_n, -47 
(-2, 8, 39), [1, -2, 8, 39, 104, -338, 2197], 3.13.ac_i_bn, -21 
(-2, 10, -91), [1, -2, 10, -91, 130, -338, 2197], 3.13.ac_k_adn, -187 
(-2, 10, -65), [1, -2, 10, -65, 130, -338, 2197], 3.13.ac_k_acn, -161 
(-2, 10, -39), [1, -2, 10, -39, 130, -338, 2197], 3.13.ac_k_abn, -135 
(-2, 10, -13), [1, -2, 10, -13, 130, -338, 2197], 3.13.ac_k_an, -109 
(-2, 10, 13), [1, -2, 10, 13, 130, -338, 2197], 3.13.ac_k_n, -83 
(-2, 12, -91), [1, -2, 12, -91, 156, -338, 2197], 3.13.ac_m_adn, -231 
(-2, 12, -65), [1, -2, 12, -65, 156, -338, 2197], 3.13.ac_m_acn, -205 
(-2, 12, -39), [1, -2, 12, -39, 156, -338, 2197], 3.13.ac_m_abn, -179 
(-2, 12, -13), [1, -2, 12, -13, 156, -338, 2197], 3.13.ac_m_an, -153 
(-2, 12, 13), [1, -2, 12, 13, 156, -338, 2197], 3.13.ac_m_n, -127 
(-2, 14, -65), [1, -2, 14, -65, 182, -338, 2197], 3.13.ac_o_acn, -257 
(-2, 14, -39), [1, -2, 14, -39, 182, -338, 2197], 3.13.ac_o_abn, -231 
(-2, 14, -13), [1, -2, 14, -13, 182, -338, 2197], 3.13.ac_o_an, -205 
(-2, 14, 13), [1, -2, 14, 13, 182, -338, 2197], 3.13.ac_o_n, -179 
(-2, 16, -65), [1, -2, 16, -65, 208, -338, 2197], 3.13.ac_q_acn, -317 
(-2, 16, -39), [1, -2, 16, -39, 208, -338, 2197], 3.13.ac_q_abn, -291 
(-2, 16, -13), [1, -2, 16, -13, 208, -338, 2197], 3.13.ac_q_an, -265 
(-2, 18, -65), [1, -2, 18, -65, 234, -338, 2197], 3.13.ac_s_acn, -385 
(-2, 18, -39), [1, -2, 18, -39, 234, -338, 2197], 3.13.ac_s_abn, -359 
(-2, 18, -13), [1, -2, 18, -13, 234, -338, 2197], 3.13.ac_s_an, -333 
(-2, 20, -65), [1, -2, 20, -65, 260, -338, 2197], 3.13.ac_u_acn, -461 
(-2, 20, -39), [1, -2, 20, -39, 260, -338, 2197], 3.13.ac_u_abn, -435 
(-2, 20, -13), [1, -2, 20, -13, 260, -338, 2197], 3.13.ac_u_an, -409 
(-2, 22, -65), [1, -2, 22, -65, 286, -338, 2197], 3.13.ac_w_acn, -545 
(-2, 22, -39), [1, -2, 22, -39, 286, -338, 2197], 3.13.ac_w_abn, -519 
(-2, 22, -13), [1, -2, 22, -13, 286, -338, 2197], 3.13.ac_w_an, -493 
(-2, 24, -65), [1, -2, 24, -65, 312, -338, 2197], 3.13.ac_y_acn, -637 
(-2, 24, -39), [1, -2, 24, -39, 312, -338, 2197], 3.13.ac_y_abn, -611 
(-2, 28, -39), [1, -2, 28, -39, 364, -338, 2197], 3.13.ac_bc_abn, -819 
(-2, 30, -39), [1, -2, 30, -39, 390, -338, 2197], 3.13.ac_be_abn, -935 
(-2, 32, -39), [1, -2, 32, -39, 416, -338, 2197], 3.13.ac_bg_abn, -1059 
(-1, -11, 39), [1, -1, -11, 39, -143, -169, 2197], 3.13.ab_al_bn, -81 
(-1, -10, 13), [1, -1, -10, 13, -130, -169, 2197], 3.13.ab_ak_n, -86 
(-1, -10, 39), [1, -1, -10, 39, -130, -169, 2197], 3.13.ab_ak_bn, -60 
(-1, -8, 13), [1, -1, -8, 13, -104, -169, 2197], 3.13.ab_ai_n, -50 
(-1, -8, 39), [1, -1, -8, 39, -104, -169, 2197], 3.13.ab_ai_bn, -24 
(-1, -6, -13), [1, -1, -6, -13, -78, -169, 2197], 3.13.ab_ag_an, -48 
(-1, -6, 13), [1, -1, -6, 13, -78, -169, 2197], 3.13.ab_ag_n, -22 
(-1, -6, 39), [1, -1, -6, 39, -78, -169, 2197], 3.13.ab_ag_bn, 4 
(-1, -6, 65), [1, -1, -6, 65, -78, -169, 2197], 3.13.ab_ag_cn, 30 
(-1, -4, -13), [1, -1, -4, -13, -52, -169, 2197], 3.13.ab_ae_an, -28 
(-1, -4, 13), [1, -1, -4, 13, -52, -169, 2197], 3.13.ab_ae_n, -2 
(-1, -4, 39), [1, -1, -4, 39, -52, -169, 2197], 3.13.ab_ae_bn, 24 
(-1, -2, -39), [1, -1, -2, -39, -26, -169, 2197], 3.13.ab_ac_abn, -42 
(-1, -2, -13), [1, -1, -2, -13, -26, -169, 2197], 3.13.ab_ac_an, -16 
(-1, -2, 13), [1, -1, -2, 13, -26, -169, 2197], 3.13.ab_ac_n, 10 
(-1, -2, 39), [1, -1, -2, 39, -26, -169, 2197], 3.13.ab_ac_bn, 36 
(-1, -2, 65), [1, -1, -2, 65, -26, -169, 2197], 3.13.ab_ac_cn, 62 
(-1, 2, -65), [1, -1, 2, -65, 26, -169, 2197], 3.13.ab_c_acn, -68 
(-1, 2, -39), [1, -1, 2, -39, 26, -169, 2197], 3.13.ab_c_abn, -42 
(-1, 2, -13), [1, -1, 2, -13, 26, -169, 2197], 3.13.ab_c_an, -16 
(-1, 2, 13), [1, -1, 2, 13, 26, -169, 2197], 3.13.ab_c_n, 10 
(-1, 2, 39), [1, -1, 2, 39, 26, -169, 2197], 3.13.ab_c_bn, 36 
(-1, 2, 65), [1, -1, 2, 65, 26, -169, 2197], 3.13.ab_c_cn, 62 
(-1, 4, -91), [1, -1, 4, -91, 52, -169, 2197], 3.13.ab_e_adn, -106 
(-1, 4, -65), [1, -1, 4, -65, 52, -169, 2197], 3.13.ab_e_acn, -80 
(-1, 4, -39), [1, -1, 4, -39, 52, -169, 2197], 3.13.ab_e_abn, -54 
(-1, 4, -13), [1, -1, 4, -13, 52, -169, 2197], 3.13.ab_e_an, -28 
(-1, 4, 13), [1, -1, 4, 13, 52, -169, 2197], 3.13.ab_e_n, -2 
(-1, 4, 39), [1, -1, 4, 39, 52, -169, 2197], 3.13.ab_e_bn, 24 
(-1, 4, 65), [1, -1, 4, 65, 52, -169, 2197], 3.13.ab_e_cn, 50 
(-1, 6, -65), [1, -1, 6, -65, 78, -169, 2197], 3.13.ab_g_acn, -100 
(-1, 6, -39), [1, -1, 6, -39, 78, -169, 2197], 3.13.ab_g_abn, -74 
(-1, 6, -13), [1, -1, 6, -13, 78, -169, 2197], 3.13.ab_g_an, -48 
(-1, 6, 13), [1, -1, 6, 13, 78, -169, 2197], 3.13.ab_g_n, -22 
(-1, 8, -65), [1, -1, 8, -65, 104, -169, 2197], 3.13.ab_i_acn, -128 
(-1, 8, -39), [1, -1, 8, -39, 104, -169, 2197], 3.13.ab_i_abn, -102 
(-1, 8, -13), [1, -1, 8, -13, 104, -169, 2197], 3.13.ab_i_an, -76 
(-1, 8, 13), [1, -1, 8, 13, 104, -169, 2197], 3.13.ab_i_n, -50 
(-1, 8, 39), [1, -1, 8, 39, 104, -169, 2197], 3.13.ab_i_bn, -24 
(-1, 10, -65), [1, -1, 10, -65, 130, -169, 2197], 3.13.ab_k_acn, -164 
(-1, 10, -39), [1, -1, 10, -39, 130, -169, 2197], 3.13.ab_k_abn, -138 
(-1, 10, -13), [1, -1, 10, -13, 130, -169, 2197], 3.13.ab_k_an, -112 
(-1, 10, 13), [1, -1, 10, 13, 130, -169, 2197], 3.13.ab_k_n, -86 
(-1, 10, 39), [1, -1, 10, 39, 130, -169, 2197], 3.13.ab_k_bn, -60 
(-1, 12, -65), [1, -1, 12, -65, 156, -169, 2197], 3.13.ab_m_acn, -208 
(-1, 12, -39), [1, -1, 12, -39, 156, -169, 2197], 3.13.ab_m_abn, -182 
(-1, 12, -13), [1, -1, 12, -13, 156, -169, 2197], 3.13.ab_m_an, -156 
(-1, 12, 13), [1, -1, 12, 13, 156, -169, 2197], 3.13.ab_m_n, -130 
(-1, 14, -39), [1, -1, 14, -39, 182, -169, 2197], 3.13.ab_o_abn, -234 
(-1, 14, -13), [1, -1, 14, -13, 182, -169, 2197], 3.13.ab_o_an, -208 
(-1, 14, 13), [1, -1, 14, 13, 182, -169, 2197], 3.13.ab_o_n, -182 
(-1, 16, -39), [1, -1, 16, -39, 208, -169, 2197], 3.13.ab_q_abn, -294 
(-1, 16, -13), [1, -1, 16, -13, 208, -169, 2197], 3.13.ab_q_an, -268 
(-1, 16, 13), [1, -1, 16, 13, 208, -169, 2197], 3.13.ab_q_n, -242 
(-1, 18, -39), [1, -1, 18, -39, 234, -169, 2197], 3.13.ab_s_abn, -362 
(-1, 18, -13), [1, -1, 18, -13, 234, -169, 2197], 3.13.ab_s_an, -336 
(-1, 18, 13), [1, -1, 18, 13, 234, -169, 2197], 3.13.ab_s_n, -310 
(-1, 20, -39), [1, -1, 20, -39, 260, -169, 2197], 3.13.ab_u_abn, -438 
(-1, 20, -13), [1, -1, 20, -13, 260, -169, 2197], 3.13.ab_u_an, -412 
(-1, 22, -39), [1, -1, 22, -39, 286, -169, 2197], 3.13.ab_w_abn, -522 
(-1, 22, -13), [1, -1, 22, -13, 286, -169, 2197], 3.13.ab_w_an, -496 
(-1, 24, -13), [1, -1, 24, -13, 312, -169, 2197], 3.13.ab_y_an, -588 
(-1, 28, -13), [1, -1, 28, -13, 364, -169, 2197], 3.13.ab_bc_an, -796 
(-1, 30, -13), [1, -1, 30, -13, 390, -169, 2197], 3.13.ab_be_an, -912 
(0, -10, -13), [1, 0, -10, -13, -130, 0, 2197], 3.13.a_ak_an, -113 
(0, -10, 13), [1, 0, -10, 13, -130, 0, 2197], 3.13.a_ak_n, -87 
(0, -8, -13), [1, 0, -8, -13, -104, 0, 2197], 3.13.a_ai_an, -77 
(0, -8, 13), [1, 0, -8, 13, -104, 0, 2197], 3.13.a_ai_n, -51 
(0, -6, -39), [1, 0, -6, -39, -78, 0, 2197], 3.13.a_ag_abn, -75 
(0, -6, -13), [1, 0, -6, -13, -78, 0, 2197], 3.13.a_ag_an, -49 
(0, -6, 13), [1, 0, -6, 13, -78, 0, 2197], 3.13.a_ag_n, -23 
(0, -6, 39), [1, 0, -6, 39, -78, 0, 2197], 3.13.a_ag_bn, 3 
(0, -4, -39), [1, 0, -4, -39, -52, 0, 2197], 3.13.a_ae_abn, -55 
(0, -4, -13), [1, 0, -4, -13, -52, 0, 2197], 3.13.a_ae_an, -29 
(0, -4, 13), [1, 0, -4, 13, -52, 0, 2197], 3.13.a_ae_n, -3 
(0, -4, 39), [1, 0, -4, 39, -52, 0, 2197], 3.13.a_ae_bn, 23 
(0, -2, -65), [1, 0, -2, -65, -26, 0, 2197], 3.13.a_ac_acn, -69 
(0, -2, -39), [1, 0, -2, -39, -26, 0, 2197], 3.13.a_ac_abn, -43 
(0, -2, -13), [1, 0, -2, -13, -26, 0, 2197], 3.13.a_ac_an, -17 
(0, -2, 13), [1, 0, -2, 13, -26, 0, 2197], 3.13.a_ac_n, 9 
(0, -2, 39), [1, 0, -2, 39, -26, 0, 2197], 3.13.a_ac_bn, 35 
(0, -2, 65), [1, 0, -2, 65, -26, 0, 2197], 3.13.a_ac_cn, 61 
(0, 2, -65), [1, 0, 2, -65, 26, 0, 2197], 3.13.a_c_acn, -69 
(0, 2, -39), [1, 0, 2, -39, 26, 0, 2197], 3.13.a_c_abn, -43 
(0, 2, -13), [1, 0, 2, -13, 26, 0, 2197], 3.13.a_c_an, -17 
(0, 2, 13), [1, 0, 2, 13, 26, 0, 2197], 3.13.a_c_n, 9 
(0, 2, 39), [1, 0, 2, 39, 26, 0, 2197], 3.13.a_c_bn, 35 
(0, 2, 65), [1, 0, 2, 65, 26, 0, 2197], 3.13.a_c_cn, 61 
(0, 4, -65), [1, 0, 4, -65, 52, 0, 2197], 3.13.a_e_acn, -81 
(0, 4, -39), [1, 0, 4, -39, 52, 0, 2197], 3.13.a_e_abn, -55 
(0, 4, -13), [1, 0, 4, -13, 52, 0, 2197], 3.13.a_e_an, -29 
(0, 4, 13), [1, 0, 4, 13, 52, 0, 2197], 3.13.a_e_n, -3 
(0, 4, 39), [1, 0, 4, 39, 52, 0, 2197], 3.13.a_e_bn, 23 
(0, 4, 65), [1, 0, 4, 65, 52, 0, 2197], 3.13.a_e_cn, 49 
(0, 6, -65), [1, 0, 6, -65, 78, 0, 2197], 3.13.a_g_acn, -101 
(0, 6, -39), [1, 0, 6, -39, 78, 0, 2197], 3.13.a_g_abn, -75 
(0, 6, -13), [1, 0, 6, -13, 78, 0, 2197], 3.13.a_g_an, -49 
(0, 6, 13), [1, 0, 6, 13, 78, 0, 2197], 3.13.a_g_n, -23 
(0, 6, 39), [1, 0, 6, 39, 78, 0, 2197], 3.13.a_g_bn, 3 
(0, 6, 65), [1, 0, 6, 65, 78, 0, 2197], 3.13.a_g_cn, 29 
(0, 8, -65), [1, 0, 8, -65, 104, 0, 2197], 3.13.a_i_acn, -129 
(0, 8, -39), [1, 0, 8, -39, 104, 0, 2197], 3.13.a_i_abn, -103 
(0, 8, -13), [1, 0, 8, -13, 104, 0, 2197], 3.13.a_i_an, -77 
(0, 8, 13), [1, 0, 8, 13, 104, 0, 2197], 3.13.a_i_n, -51 
(0, 8, 39), [1, 0, 8, 39, 104, 0, 2197], 3.13.a_i_bn, -25 
(0, 8, 65), [1, 0, 8, 65, 104, 0, 2197], 3.13.a_i_cn, 1 
(0, 10, -39), [1, 0, 10, -39, 130, 0, 2197], 3.13.a_k_abn, -139 
(0, 10, -13), [1, 0, 10, -13, 130, 0, 2197], 3.13.a_k_an, -113 
(0, 10, 13), [1, 0, 10, 13, 130, 0, 2197], 3.13.a_k_n, -87 
(0, 10, 39), [1, 0, 10, 39, 130, 0, 2197], 3.13.a_k_bn, -61 
(0, 12, -39), [1, 0, 12, -39, 156, 0, 2197], 3.13.a_m_abn, -183 
(0, 12, -13), [1, 0, 12, -13, 156, 0, 2197], 3.13.a_m_an, -157 
(0, 12, 13), [1, 0, 12, 13, 156, 0, 2197], 3.13.a_m_n, -131 
(0, 12, 39), [1, 0, 12, 39, 156, 0, 2197], 3.13.a_m_bn, -105 
(0, 14, -39), [1, 0, 14, -39, 182, 0, 2197], 3.13.a_o_abn, -235 
(0, 14, -13), [1, 0, 14, -13, 182, 0, 2197], 3.13.a_o_an, -209 
(0, 14, 13), [1, 0, 14, 13, 182, 0, 2197], 3.13.a_o_n, -183 
(0, 14, 39), [1, 0, 14, 39, 182, 0, 2197], 3.13.a_o_bn, -157 
(0, 16, -39), [1, 0, 16, -39, 208, 0, 2197], 3.13.a_q_abn, -295 
(0, 16, -13), [1, 0, 16, -13, 208, 0, 2197], 3.13.a_q_an, -269 
(0, 16, 13), [1, 0, 16, 13, 208, 0, 2197], 3.13.a_q_n, -243 
(0, 16, 39), [1, 0, 16, 39, 208, 0, 2197], 3.13.a_q_bn, -217 
(0, 18, -13), [1, 0, 18, -13, 234, 0, 2197], 3.13.a_s_an, -337 
(0, 18, 13), [1, 0, 18, 13, 234, 0, 2197], 3.13.a_s_n, -311 
(0, 20, -13), [1, 0, 20, -13, 260, 0, 2197], 3.13.a_u_an, -413 
(0, 20, 13), [1, 0, 20, 13, 260, 0, 2197], 3.13.a_u_n, -387 
(0, 22, -13), [1, 0, 22, -13, 286, 0, 2197], 3.13.a_w_an, -497 
(0, 22, 13), [1, 0, 22, 13, 286, 0, 2197], 3.13.a_w_n, -471 
(0, 24, -13), [1, 0, 24, -13, 312, 0, 2197], 3.13.a_y_an, -589 
(0, 24, 13), [1, 0, 24, 13, 312, 0, 2197], 3.13.a_y_n, -563 
(0, 28, -13), [1, 0, 28, -13, 364, 0, 2197], 3.13.a_bc_an, -797 
(0, 28, 13), [1, 0, 28, 13, 364, 0, 2197], 3.13.a_bc_n, -771 
(1, -11, -39), [1, 1, -11, -39, -143, 169, 2197], 3.13.b_al_abn, -159 
(1, -10, -39), [1, 1, -10, -39, -130, 169, 2197], 3.13.b_ak_abn, -138 
(1, -10, -13), [1, 1, -10, -13, -130, 169, 2197], 3.13.b_ak_an, -112 
(1, -8, -39), [1, 1, -8, -39, -104, 169, 2197], 3.13.b_ai_abn, -102 
(1, -8, -13), [1, 1, -8, -13, -104, 169, 2197], 3.13.b_ai_an, -76 
(1, -6, -65), [1, 1, -6, -65, -78, 169, 2197], 3.13.b_ag_acn, -100 
(1, -6, -39), [1, 1, -6, -39, -78, 169, 2197], 3.13.b_ag_abn, -74 
(1, -6, -13), [1, 1, -6, -13, -78, 169, 2197], 3.13.b_ag_an, -48 
(1, -6, 13), [1, 1, -6, 13, -78, 169, 2197], 3.13.b_ag_n, -22 
(1, -4, -39), [1, 1, -4, -39, -52, 169, 2197], 3.13.b_ae_abn, -54 
(1, -4, -13), [1, 1, -4, -13, -52, 169, 2197], 3.13.b_ae_an, -28 
(1, -4, 13), [1, 1, -4, 13, -52, 169, 2197], 3.13.b_ae_n, -2 
(1, -2, -65), [1, 1, -2, -65, -26, 169, 2197], 3.13.b_ac_acn, -68 
(1, -2, -39), [1, 1, -2, -39, -26, 169, 2197], 3.13.b_ac_abn, -42 
(1, -2, -13), [1, 1, -2, -13, -26, 169, 2197], 3.13.b_ac_an, -16 
(1, -2, 13), [1, 1, -2, 13, -26, 169, 2197], 3.13.b_ac_n, 10 
(1, -2, 39), [1, 1, -2, 39, -26, 169, 2197], 3.13.b_ac_bn, 36 
(1, 2, -65), [1, 1, 2, -65, 26, 169, 2197], 3.13.b_c_acn, -68 
(1, 2, -39), [1, 1, 2, -39, 26, 169, 2197], 3.13.b_c_abn, -42 
(1, 2, -13), [1, 1, 2, -13, 26, 169, 2197], 3.13.b_c_an, -16 
(1, 2, 13), [1, 1, 2, 13, 26, 169, 2197], 3.13.b_c_n, 10 
(1, 2, 39), [1, 1, 2, 39, 26, 169, 2197], 3.13.b_c_bn, 36 
(1, 2, 65), [1, 1, 2, 65, 26, 169, 2197], 3.13.b_c_cn, 62 
(1, 4, -65), [1, 1, 4, -65, 52, 169, 2197], 3.13.b_e_acn, -80 
(1, 4, -39), [1, 1, 4, -39, 52, 169, 2197], 3.13.b_e_abn, -54 
(1, 4, -13), [1, 1, 4, -13, 52, 169, 2197], 3.13.b_e_an, -28 
(1, 4, 13), [1, 1, 4, 13, 52, 169, 2197], 3.13.b_e_n, -2 
(1, 4, 39), [1, 1, 4, 39, 52, 169, 2197], 3.13.b_e_bn, 24 
(1, 4, 65), [1, 1, 4, 65, 52, 169, 2197], 3.13.b_e_cn, 50 
(1, 4, 91), [1, 1, 4, 91, 52, 169, 2197], 3.13.b_e_dn, 76 
(1, 6, -13), [1, 1, 6, -13, 78, 169, 2197], 3.13.b_g_an, -48 
(1, 6, 13), [1, 1, 6, 13, 78, 169, 2197], 3.13.b_g_n, -22 
(1, 6, 39), [1, 1, 6, 39, 78, 169, 2197], 3.13.b_g_bn, 4 
(1, 6, 65), [1, 1, 6, 65, 78, 169, 2197], 3.13.b_g_cn, 30 
(1, 8, -39), [1, 1, 8, -39, 104, 169, 2197], 3.13.b_i_abn, -102 
(1, 8, -13), [1, 1, 8, -13, 104, 169, 2197], 3.13.b_i_an, -76 
(1, 8, 13), [1, 1, 8, 13, 104, 169, 2197], 3.13.b_i_n, -50 
(1, 8, 39), [1, 1, 8, 39, 104, 169, 2197], 3.13.b_i_bn, -24 
(1, 8, 65), [1, 1, 8, 65, 104, 169, 2197], 3.13.b_i_cn, 2 
(1, 10, -39), [1, 1, 10, -39, 130, 169, 2197], 3.13.b_k_abn, -138 
(1, 10, -13), [1, 1, 10, -13, 130, 169, 2197], 3.13.b_k_an, -112 
(1, 10, 13), [1, 1, 10, 13, 130, 169, 2197], 3.13.b_k_n, -86 
(1, 10, 39), [1, 1, 10, 39, 130, 169, 2197], 3.13.b_k_bn, -60 
(1, 10, 65), [1, 1, 10, 65, 130, 169, 2197], 3.13.b_k_cn, -34 
(1, 12, -13), [1, 1, 12, -13, 156, 169, 2197], 3.13.b_m_an, -156 
(1, 12, 13), [1, 1, 12, 13, 156, 169, 2197], 3.13.b_m_n, -130 
(1, 12, 39), [1, 1, 12, 39, 156, 169, 2197], 3.13.b_m_bn, -104 
(1, 12, 65), [1, 1, 12, 65, 156, 169, 2197], 3.13.b_m_cn, -78 
(1, 14, -13), [1, 1, 14, -13, 182, 169, 2197], 3.13.b_o_an, -208 
(1, 14, 13), [1, 1, 14, 13, 182, 169, 2197], 3.13.b_o_n, -182 
(1, 14, 39), [1, 1, 14, 39, 182, 169, 2197], 3.13.b_o_bn, -156 
(1, 16, -13), [1, 1, 16, -13, 208, 169, 2197], 3.13.b_q_an, -268 
(1, 16, 13), [1, 1, 16, 13, 208, 169, 2197], 3.13.b_q_n, -242 
(1, 16, 39), [1, 1, 16, 39, 208, 169, 2197], 3.13.b_q_bn, -216 
(1, 18, -13), [1, 1, 18, -13, 234, 169, 2197], 3.13.b_s_an, -336 
(1, 18, 13), [1, 1, 18, 13, 234, 169, 2197], 3.13.b_s_n, -310 
(1, 18, 39), [1, 1, 18, 39, 234, 169, 2197], 3.13.b_s_bn, -284 
(1, 20, 13), [1, 1, 20, 13, 260, 169, 2197], 3.13.b_u_n, -386 
(1, 20, 39), [1, 1, 20, 39, 260, 169, 2197], 3.13.b_u_bn, -360 
(1, 22, 13), [1, 1, 22, 13, 286, 169, 2197], 3.13.b_w_n, -470 
(1, 22, 39), [1, 1, 22, 39, 286, 169, 2197], 3.13.b_w_bn, -444 
(1, 24, 13), [1, 1, 24, 13, 312, 169, 2197], 3.13.b_y_n, -562 
(1, 28, 13), [1, 1, 28, 13, 364, 169, 2197], 3.13.b_bc_n, -770 
(1, 30, 13), [1, 1, 30, 13, 390, 169, 2197], 3.13.b_be_n, -886 
(2, -11, -65), [1, 2, -11, -65, -143, 338, 2197], 3.13.c_al_acn, -182 
(2, -10, -65), [1, 2, -10, -65, -130, 338, 2197], 3.13.c_ak_acn, -161 
(2, -10, -39), [1, 2, -10, -39, -130, 338, 2197], 3.13.c_ak_abn, -135 
(2, -8, -65), [1, 2, -8, -65, -104, 338, 2197], 3.13.c_ai_acn, -125 
(2, -8, -39), [1, 2, -8, -39, -104, 338, 2197], 3.13.c_ai_abn, -99 
(2, -6, -91), [1, 2, -6, -91, -78, 338, 2197], 3.13.c_ag_adn, -123 
(2, -6, -65), [1, 2, -6, -65, -78, 338, 2197], 3.13.c_ag_acn, -97 
(2, -6, -39), [1, 2, -6, -39, -78, 338, 2197], 3.13.c_ag_abn, -71 
(2, -6, -13), [1, 2, -6, -13, -78, 338, 2197], 3.13.c_ag_an, -45 
(2, -4, -65), [1, 2, -4, -65, -52, 338, 2197], 3.13.c_ae_acn, -77 
(2, -4, -39), [1, 2, -4, -39, -52, 338, 2197], 3.13.c_ae_abn, -51 
(2, -4, -13), [1, 2, -4, -13, -52, 338, 2197], 3.13.c_ae_an, -25 
(2, -2, -65), [1, 2, -2, -65, -26, 338, 2197], 3.13.c_ac_acn, -65 
(2, -2, -39), [1, 2, -2, -39, -26, 338, 2197], 3.13.c_ac_abn, -39 
(2, -2, -13), [1, 2, -2, -13, -26, 338, 2197], 3.13.c_ac_an, -13 
(2, -2, 13), [1, 2, -2, 13, -26, 338, 2197], 3.13.c_ac_n, 13 
(2, 2, -39), [1, 2, 2, -39, 26, 338, 2197], 3.13.c_c_abn, -39 
(2, 2, -13), [1, 2, 2, -13, 26, 338, 2197], 3.13.c_c_an, -13 
(2, 2, 13), [1, 2, 2, 13, 26, 338, 2197], 3.13.c_c_n, 13 
(2, 2, 39), [1, 2, 2, 39, 26, 338, 2197], 3.13.c_c_bn, 39 
(2, 4, -39), [1, 2, 4, -39, 52, 338, 2197], 3.13.c_e_abn, -51 
(2, 4, -13), [1, 2, 4, -13, 52, 338, 2197], 3.13.c_e_an, -25 
(2, 4, 13), [1, 2, 4, 13, 52, 338, 2197], 3.13.c_e_n, 1 
(2, 4, 39), [1, 2, 4, 39, 52, 338, 2197], 3.13.c_e_bn, 27 
(2, 4, 65), [1, 2, 4, 65, 52, 338, 2197], 3.13.c_e_cn, 53 
(2, 6, -39), [1, 2, 6, -39, 78, 338, 2197], 3.13.c_g_abn, -71 
(2, 6, -13), [1, 2, 6, -13, 78, 338, 2197], 3.13.c_g_an, -45 
(2, 6, 13), [1, 2, 6, 13, 78, 338, 2197], 3.13.c_g_n, -19 
(2, 6, 39), [1, 2, 6, 39, 78, 338, 2197], 3.13.c_g_bn, 7 
(2, 6, 65), [1, 2, 6, 65, 78, 338, 2197], 3.13.c_g_cn, 33 
(2, 8, -39), [1, 2, 8, -39, 104, 338, 2197], 3.13.c_i_abn, -99 
(2, 8, -13), [1, 2, 8, -13, 104, 338, 2197], 3.13.c_i_an, -73 
(2, 8, 13), [1, 2, 8, 13, 104, 338, 2197], 3.13.c_i_n, -47 
(2, 8, 39), [1, 2, 8, 39, 104, 338, 2197], 3.13.c_i_bn, -21 
(2, 8, 65), [1, 2, 8, 65, 104, 338, 2197], 3.13.c_i_cn, 5 
(2, 8, 91), [1, 2, 8, 91, 104, 338, 2197], 3.13.c_i_dn, 31 
(2, 10, -13), [1, 2, 10, -13, 130, 338, 2197], 3.13.c_k_an, -109 
(2, 10, 13), [1, 2, 10, 13, 130, 338, 2197], 3.13.c_k_n, -83 
(2, 10, 39), [1, 2, 10, 39, 130, 338, 2197], 3.13.c_k_bn, -57 
(2, 10, 65), [1, 2, 10, 65, 130, 338, 2197], 3.13.c_k_cn, -31 
(2, 10, 91), [1, 2, 10, 91, 130, 338, 2197], 3.13.c_k_dn, -5 
(2, 12, -13), [1, 2, 12, -13, 156, 338, 2197], 3.13.c_m_an, -153 
(2, 12, 13), [1, 2, 12, 13, 156, 338, 2197], 3.13.c_m_n, -127 
(2, 12, 39), [1, 2, 12, 39, 156, 338, 2197], 3.13.c_m_bn, -101 
(2, 12, 65), [1, 2, 12, 65, 156, 338, 2197], 3.13.c_m_cn, -75 
(2, 12, 91), [1, 2, 12, 91, 156, 338, 2197], 3.13.c_m_dn, -49 
(2, 14, -13), [1, 2, 14, -13, 182, 338, 2197], 3.13.c_o_an, -205 
(2, 14, 13), [1, 2, 14, 13, 182, 338, 2197], 3.13.c_o_n, -179 
(2, 14, 39), [1, 2, 14, 39, 182, 338, 2197], 3.13.c_o_bn, -153 
(2, 14, 65), [1, 2, 14, 65, 182, 338, 2197], 3.13.c_o_cn, -127 
(2, 16, 13), [1, 2, 16, 13, 208, 338, 2197], 3.13.c_q_n, -239 
(2, 16, 39), [1, 2, 16, 39, 208, 338, 2197], 3.13.c_q_bn, -213 
(2, 16, 65), [1, 2, 16, 65, 208, 338, 2197], 3.13.c_q_cn, -187 
(2, 18, 13), [1, 2, 18, 13, 234, 338, 2197], 3.13.c_s_n, -307 
(2, 18, 39), [1, 2, 18, 39, 234, 338, 2197], 3.13.c_s_bn, -281 
(2, 18, 65), [1, 2, 18, 65, 234, 338, 2197], 3.13.c_s_cn, -255 
(2, 20, 13), [1, 2, 20, 13, 260, 338, 2197], 3.13.c_u_n, -383 
(2, 20, 39), [1, 2, 20, 39, 260, 338, 2197], 3.13.c_u_bn, -357 
(2, 20, 65), [1, 2, 20, 65, 260, 338, 2197], 3.13.c_u_cn, -331 
(2, 22, 13), [1, 2, 22, 13, 286, 338, 2197], 3.13.c_w_n, -467 
(2, 22, 39), [1, 2, 22, 39, 286, 338, 2197], 3.13.c_w_bn, -441 
(2, 22, 65), [1, 2, 22, 65, 286, 338, 2197], 3.13.c_w_cn, -415 
(2, 24, 39), [1, 2, 24, 39, 312, 338, 2197], 3.13.c_y_bn, -533 
(2, 24, 65), [1, 2, 24, 65, 312, 338, 2197], 3.13.c_y_cn, -507 
(2, 28, 39), [1, 2, 28, 39, 364, 338, 2197], 3.13.c_bc_bn, -741 
(2, 30, 39), [1, 2, 30, 39, 390, 338, 2197], 3.13.c_be_bn, -857 
(2, 32, 39), [1, 2, 32, 39, 416, 338, 2197], 3.13.c_bg_bn, -981 
(3, -12, -78), [1, 3, -12, -78, -156, 507, 2197], 3.13.d_am_ada, -213 
(3, -10, -91), [1, 3, -10, -91, -130, 507, 2197], 3.13.d_ak_adn, -182 
(3, -10, -65), [1, 3, -10, -65, -130, 507, 2197], 3.13.d_ak_acn, -156 
(3, -8, -91), [1, 3, -8, -91, -104, 507, 2197], 3.13.d_ai_adn, -146 
(3, -8, -65), [1, 3, -8, -65, -104, 507, 2197], 3.13.d_ai_acn, -120 
(3, -6, -91), [1, 3, -6, -91, -78, 507, 2197], 3.13.d_ag_adn, -118 
(3, -6, -65), [1, 3, -6, -65, -78, 507, 2197], 3.13.d_ag_acn, -92 
(3, -6, -39), [1, 3, -6, -39, -78, 507, 2197], 3.13.d_ag_abn, -66 
(3, -4, -65), [1, 3, -4, -65, -52, 507, 2197], 3.13.d_ae_acn, -72 
(3, -4, -39), [1, 3, -4, -39, -52, 507, 2197], 3.13.d_ae_abn, -46 
(3, -2, -65), [1, 3, -2, -65, -26, 507, 2197], 3.13.d_ac_acn, -60 
(3, -2, -39), [1, 3, -2, -39, -26, 507, 2197], 3.13.d_ac_abn, -34 
(3, 2, -39), [1, 3, 2, -39, 26, 507, 2197], 3.13.d_c_abn, -34 
(3, 2, -13), [1, 3, 2, -13, 26, 507, 2197], 3.13.d_c_an, -8 
(3, 2, 13), [1, 3, 2, 13, 26, 507, 2197], 3.13.d_c_n, 18 
(3, 4, -39), [1, 3, 4, -39, 52, 507, 2197], 3.13.d_e_abn, -46 
(3, 4, -13), [1, 3, 4, -13, 52, 507, 2197], 3.13.d_e_an, -20 
(3, 4, 13), [1, 3, 4, 13, 52, 507, 2197], 3.13.d_e_n, 6 
(3, 4, 39), [1, 3, 4, 39, 52, 507, 2197], 3.13.d_e_bn, 32 
(3, 6, -39), [1, 3, 6, -39, 78, 507, 2197], 3.13.d_g_abn, -66 
(3, 6, -13), [1, 3, 6, -13, 78, 507, 2197], 3.13.d_g_an, -40 
(3, 6, 13), [1, 3, 6, 13, 78, 507, 2197], 3.13.d_g_n, -14 
(3, 6, 39), [1, 3, 6, 39, 78, 507, 2197], 3.13.d_g_bn, 12 
(3, 8, -13), [1, 3, 8, -13, 104, 507, 2197], 3.13.d_i_an, -68 
(3, 8, 13), [1, 3, 8, 13, 104, 507, 2197], 3.13.d_i_n, -42 
(3, 8, 39), [1, 3, 8, 39, 104, 507, 2197], 3.13.d_i_bn, -16 
(3, 8, 65), [1, 3, 8, 65, 104, 507, 2197], 3.13.d_i_cn, 10 
(3, 10, -13), [1, 3, 10, -13, 130, 507, 2197], 3.13.d_k_an, -104 
(3, 10, 13), [1, 3, 10, 13, 130, 507, 2197], 3.13.d_k_n, -78 
(3, 10, 39), [1, 3, 10, 39, 130, 507, 2197], 3.13.d_k_bn, -52 
(3, 10, 65), [1, 3, 10, 65, 130, 507, 2197], 3.13.d_k_cn, -26 
(3, 12, -13), [1, 3, 12, -13, 156, 507, 2197], 3.13.d_m_an, -148 
(3, 12, 39), [1, 3, 12, 39, 156, 507, 2197], 3.13.d_m_bn, -96 
(3, 12, 65), [1, 3, 12, 65, 156, 507, 2197], 3.13.d_m_cn, -70 
(3, 12, 91), [1, 3, 12, 91, 156, 507, 2197], 3.13.d_m_dn, -44 
(3, 14, 13), [1, 3, 14, 13, 182, 507, 2197], 3.13.d_o_n, -174 
(3, 14, 39), [1, 3, 14, 39, 182, 507, 2197], 3.13.d_o_bn, -148 
(3, 14, 65), [1, 3, 14, 65, 182, 507, 2197], 3.13.d_o_cn, -122 
(3, 14, 91), [1, 3, 14, 91, 182, 507, 2197], 3.13.d_o_dn, -96 
(3, 16, 39), [1, 3, 16, 39, 208, 507, 2197], 3.13.d_q_bn, -208 
(3, 16, 65), [1, 3, 16, 65, 208, 507, 2197], 3.13.d_q_cn, -182 
(3, 16, 91), [1, 3, 16, 91, 208, 507, 2197], 3.13.d_q_dn, -156 
(3, 18, 13), [1, 3, 18, 13, 234, 507, 2197], 3.13.d_s_n, -302 
(3, 18, 39), [1, 3, 18, 39, 234, 507, 2197], 3.13.d_s_bn, -276 
(3, 18, 65), [1, 3, 18, 65, 234, 507, 2197], 3.13.d_s_cn, -250 
(3, 18, 91), [1, 3, 18, 91, 234, 507, 2197], 3.13.d_s_dn, -224 
(3, 20, 39), [1, 3, 20, 39, 260, 507, 2197], 3.13.d_u_bn, -352 
(3, 20, 65), [1, 3, 20, 65, 260, 507, 2197], 3.13.d_u_cn, -326 
(3, 20, 91), [1, 3, 20, 91, 260, 507, 2197], 3.13.d_u_dn, -300 
(3, 22, 39), [1, 3, 22, 39, 286, 507, 2197], 3.13.d_w_bn, -436 
(3, 22, 65), [1, 3, 22, 65, 286, 507, 2197], 3.13.d_w_cn, -410 
(3, 24, 39), [1, 3, 24, 39, 312, 507, 2197], 3.13.d_y_bn, -528 
(3, 24, 65), [1, 3, 24, 65, 312, 507, 2197], 3.13.d_y_cn, -502 
(3, 30, 65), [1, 3, 30, 65, 390, 507, 2197], 3.13.d_be_cn, -826 
(3, 32, 65), [1, 3, 32, 65, 416, 507, 2197], 3.13.d_bg_cn, -950 
(3, 34, 65), [1, 3, 34, 65, 442, 507, 2197], 3.13.d_bi_cn, -1082 
(4, -11, -117), [1, 4, -11, -117, -143, 676, 2197], 3.13.e_al_aen, -222 
(4, -11, -91), [1, 4, -11, -91, -143, 676, 2197], 3.13.e_al_adn, -196 
(4, -10, -117), [1, 4, -10, -117, -130, 676, 2197], 3.13.e_ak_aen, -201 
(4, -10, -91), [1, 4, -10, -91, -130, 676, 2197], 3.13.e_ak_adn, -175 
(4, -8, -91), [1, 4, -8, -91, -104, 676, 2197], 3.13.e_ai_adn, -139 
(4, -7, -91), [1, 4, -7, -91, -91, 676, 2197], 3.13.e_ah_adn, -124 
(4, -6, -91), [1, 4, -6, -91, -78, 676, 2197], 3.13.e_ag_adn, -111 
(4, -6, -65), [1, 4, -6, -65, -78, 676, 2197], 3.13.e_ag_acn, -85 
(4, -4, -65), [1, 4, -4, -65, -52, 676, 2197], 3.13.e_ae_acn, -65 
(4, -2, -65), [1, 4, -2, -65, -26, 676, 2197], 3.13.e_ac_acn, -53 
(4, -2, -39), [1, 4, -2, -39, -26, 676, 2197], 3.13.e_ac_abn, -27 
(4, 2, -39), [1, 4, 2, -39, 26, 676, 2197], 3.13.e_c_abn, -27 
(4, 2, -13), [1, 4, 2, -13, 26, 676, 2197], 3.13.e_c_an, -1 
(4, 4, -39), [1, 4, 4, -39, 52, 676, 2197], 3.13.e_e_abn, -39 
(4, 4, -13), [1, 4, 4, -13, 52, 676, 2197], 3.13.e_e_an, -13 
(4, 4, 13), [1, 4, 4, 13, 52, 676, 2197], 3.13.e_e_n, 13 
(4, 6, -13), [1, 4, 6, -13, 78, 676, 2197], 3.13.e_g_an, -33 
(4, 6, 13), [1, 4, 6, 13, 78, 676, 2197], 3.13.e_g_n, -7 
(4, 8, -13), [1, 4, 8, -13, 104, 676, 2197], 3.13.e_i_an, -61 
(4, 8, 13), [1, 4, 8, 13, 104, 676, 2197], 3.13.e_i_n, -35 
(4, 8, 39), [1, 4, 8, 39, 104, 676, 2197], 3.13.e_i_bn, -9 
(4, 10, -13), [1, 4, 10, -13, 130, 676, 2197], 3.13.e_k_an, -97 
(4, 10, 13), [1, 4, 10, 13, 130, 676, 2197], 3.13.e_k_n, -71 
(4, 10, 39), [1, 4, 10, 39, 130, 676, 2197], 3.13.e_k_bn, -45 
(4, 12, 13), [1, 4, 12, 13, 156, 676, 2197], 3.13.e_m_n, -115 
(4, 12, 39), [1, 4, 12, 39, 156, 676, 2197], 3.13.e_m_bn, -89 
(4, 12, 65), [1, 4, 12, 65, 156, 676, 2197], 3.13.e_m_cn, -63 
(4, 14, 13), [1, 4, 14, 13, 182, 676, 2197], 3.13.e_o_n, -167 
(4, 14, 39), [1, 4, 14, 39, 182, 676, 2197], 3.13.e_o_bn, -141 
(4, 14, 65), [1, 4, 14, 65, 182, 676, 2197], 3.13.e_o_cn, -115 
(4, 16, 13), [1, 4, 16, 13, 208, 676, 2197], 3.13.e_q_n, -227 
(4, 16, 39), [1, 4, 16, 39, 208, 676, 2197], 3.13.e_q_bn, -201 
(4, 16, 65), [1, 4, 16, 65, 208, 676, 2197], 3.13.e_q_cn, -175 
(4, 16, 91), [1, 4, 16, 91, 208, 676, 2197], 3.13.e_q_dn, -149 
(4, 18, 39), [1, 4, 18, 39, 234, 676, 2197], 3.13.e_s_bn, -269 
(4, 18, 65), [1, 4, 18, 65, 234, 676, 2197], 3.13.e_s_cn, -243 
(4, 18, 91), [1, 4, 18, 91, 234, 676, 2197], 3.13.e_s_dn, -217 
(4, 18, 117), [1, 4, 18, 117, 234, 676, 2197], 3.13.e_s_en, -191 
(4, 20, 39), [1, 4, 20, 39, 260, 676, 2197], 3.13.e_u_bn, -345 
(4, 20, 65), [1, 4, 20, 65, 260, 676, 2197], 3.13.e_u_cn, -319 
(4, 20, 91), [1, 4, 20, 91, 260, 676, 2197], 3.13.e_u_dn, -293 
(4, 20, 117), [1, 4, 20, 117, 260, 676, 2197], 3.13.e_u_en, -267 
(4, 22, 39), [1, 4, 22, 39, 286, 676, 2197], 3.13.e_w_bn, -429 
(4, 22, 65), [1, 4, 22, 65, 286, 676, 2197], 3.13.e_w_cn, -403 
(4, 22, 91), [1, 4, 22, 91, 286, 676, 2197], 3.13.e_w_dn, -377 
(4, 22, 117), [1, 4, 22, 117, 286, 676, 2197], 3.13.e_w_en, -351 
(4, 24, 65), [1, 4, 24, 65, 312, 676, 2197], 3.13.e_y_cn, -495 
(4, 24, 91), [1, 4, 24, 91, 312, 676, 2197], 3.13.e_y_dn, -469 
(4, 28, 65), [1, 4, 28, 65, 364, 676, 2197], 3.13.e_bc_cn, -703 
(4, 28, 91), [1, 4, 28, 91, 364, 676, 2197], 3.13.e_bc_dn, -677 
(4, 30, 91), [1, 4, 30, 91, 390, 676, 2197], 3.13.e_be_dn, -793 
(4, 32, 91), [1, 4, 32, 91, 416, 676, 2197], 3.13.e_bg_dn, -917 
(4, 34, 91), [1, 4, 34, 91, 442, 676, 2197], 3.13.e_bi_dn, -1049 
(4, 36, 91), [1, 4, 36, 91, 468, 676, 2197], 3.13.e_bk_dn, -1189 
(5, -10, -117), [1, 5, -10, -117, -130, 845, 2197], 3.13.f_ak_aen, -192 
(5, -6, -91), [1, 5, -6, -91, -78, 845, 2197], 3.13.f_ag_adn, -102 
(5, -4, -91), [1, 5, -4, -91, -52, 845, 2197], 3.13.f_ae_adn, -82 
(5, -3, -65), [1, 5, -3, -65, -39, 845, 2197], 3.13.f_ad_acn, -49 
(5, -2, -65), [1, 5, -2, -65, -26, 845, 2197], 3.13.f_ac_acn, -44 
(5, 2, -39), [1, 5, 2, -39, 26, 845, 2197], 3.13.f_c_abn, -18 
(5, 4, -39), [1, 5, 4, -39, 52, 845, 2197], 3.13.f_e_abn, -30 
(5, 4, -13), [1, 5, 4, -13, 52, 845, 2197], 3.13.f_e_an, -4 
(5, 6, -13), [1, 5, 6, -13, 78, 845, 2197], 3.13.f_g_an, -24 
(5, 8, -13), [1, 5, 8, -13, 104, 845, 2197], 3.13.f_i_an, -52 
(5, 8, 13), [1, 5, 8, 13, 104, 845, 2197], 3.13.f_i_n, -26 
(5, 10, -13), [1, 5, 10, -13, 130, 845, 2197], 3.13.f_k_an, -88 
(5, 10, 13), [1, 5, 10, 13, 130, 845, 2197], 3.13.f_k_n, -62 
(5, 12, 13), [1, 5, 12, 13, 156, 845, 2197], 3.13.f_m_n, -106 
(5, 14, 13), [1, 5, 14, 13, 182, 845, 2197], 3.13.f_o_n, -158 
(5, 14, 39), [1, 5, 14, 39, 182, 845, 2197], 3.13.f_o_bn, -132 
(5, 16, 39), [1, 5, 16, 39, 208, 845, 2197], 3.13.f_q_bn, -192 
(5, 16, 65), [1, 5, 16, 65, 208, 845, 2197], 3.13.f_q_cn, -166 
(5, 18, 39), [1, 5, 18, 39, 234, 845, 2197], 3.13.f_s_bn, -260 
(5, 18, 65), [1, 5, 18, 65, 234, 845, 2197], 3.13.f_s_cn, -234 
(5, 18, 91), [1, 5, 18, 91, 234, 845, 2197], 3.13.f_s_dn, -208 
(5, 20, 39), [1, 5, 20, 39, 260, 845, 2197], 3.13.f_u_bn, -336 
(5, 20, 65), [1, 5, 20, 65, 260, 845, 2197], 3.13.f_u_cn, -310 
(5, 20, 91), [1, 5, 20, 91, 260, 845, 2197], 3.13.f_u_dn, -284 
(5, 22, 65), [1, 5, 22, 65, 286, 845, 2197], 3.13.f_w_cn, -394 
(5, 22, 91), [1, 5, 22, 91, 286, 845, 2197], 3.13.f_w_dn, -368 
(5, 22, 117), [1, 5, 22, 117, 286, 845, 2197], 3.13.f_w_en, -342 
(5, 24, 65), [1, 5, 24, 65, 312, 845, 2197], 3.13.f_y_cn, -486 
(5, 24, 91), [1, 5, 24, 91, 312, 845, 2197], 3.13.f_y_dn, -460 
(5, 24, 117), [1, 5, 24, 117, 312, 845, 2197], 3.13.f_y_en, -434 
(5, 28, 117), [1, 5, 28, 117, 364, 845, 2197], 3.13.f_bc_en, -642 
(5, 30, 91), [1, 5, 30, 91, 390, 845, 2197], 3.13.f_be_dn, -784 
(5, 32, 117), [1, 5, 32, 117, 416, 845, 2197], 3.13.f_bg_en, -882 
(5, 34, 117), [1, 5, 34, 117, 442, 845, 2197], 3.13.f_bi_en, -1014 
(5, 36, 117), [1, 5, 36, 117, 468, 845, 2197], 3.13.f_bk_en, -1154 
(5, 38, 117), [1, 5, 38, 117, 494, 845, 2197], 3.13.f_bm_en, -1302 
(5, 40, 117), [1, 5, 40, 117, 520, 845, 2197], 3.13.f_bo_en, -1458 
(6, -11, -143), [1, 6, -11, -143, -143, 1014, 2197], 3.13.g_al_afn, -228 
(6, -1, -78), [1, 6, -1, -78, -13, 1014, 2197], 3.13.g_ab_ada, -43 
(6, 2, -65), [1, 6, 2, -65, 26, 1014, 2197], 3.13.g_c_acn, -33 
(6, 4, -39), [1, 6, 4, -39, 52, 1014, 2197], 3.13.g_e_abn, -19 
(6, 6, -39), [1, 6, 6, -39, 78, 1014, 2197], 3.13.g_g_abn, -39 
(6, 8, -13), [1, 6, 8, -13, 104, 1014, 2197], 3.13.g_i_an, -41 
(6, 10, -13), [1, 6, 10, -13, 130, 1014, 2197], 3.13.g_k_an, -77 
(6, 11, -13), [1, 6, 11, -13, 143, 1014, 2197], 3.13.g_l_an, -98 
(6, 12, 13), [1, 6, 12, 13, 156, 1014, 2197], 3.13.g_m_n, -95 
(6, 14, 13), [1, 6, 14, 13, 182, 1014, 2197], 3.13.g_o_n, -147 
(6, 16, 39), [1, 6, 16, 39, 208, 1014, 2197], 3.13.g_q_bn, -181 
(6, 18, 39), [1, 6, 18, 39, 234, 1014, 2197], 3.13.g_s_bn, -249 
(6, 18, 65), [1, 6, 18, 65, 234, 1014, 2197], 3.13.g_s_cn, -223 
(6, 20, 39), [1, 6, 20, 39, 260, 1014, 2197], 3.13.g_u_bn, -325 
(6, 20, 65), [1, 6, 20, 65, 260, 1014, 2197], 3.13.g_u_cn, -299 
(6, 22, 65), [1, 6, 22, 65, 286, 1014, 2197], 3.13.g_w_cn, -383 
(6, 22, 91), [1, 6, 22, 91, 286, 1014, 2197], 3.13.g_w_dn, -357 
(6, 24, 65), [1, 6, 24, 65, 312, 1014, 2197], 3.13.g_y_cn, -475 
(6, 24, 91), [1, 6, 24, 91, 312, 1014, 2197], 3.13.g_y_dn, -449 
(6, 28, 91), [1, 6, 28, 91, 364, 1014, 2197], 3.13.g_bc_dn, -657 
(6, 28, 117), [1, 6, 28, 117, 364, 1014, 2197], 3.13.g_bc_en, -631 
(6, 30, 91), [1, 6, 30, 91, 390, 1014, 2197], 3.13.g_be_dn, -773 
(6, 30, 117), [1, 6, 30, 117, 390, 1014, 2197], 3.13.g_be_en, -747 
(6, 30, 143), [1, 6, 30, 143, 390, 1014, 2197], 3.13.g_be_fn, -721 
(6, 32, 117), [1, 6, 32, 117, 416, 1014, 2197], 3.13.g_bg_en, -871 
(6, 32, 143), [1, 6, 32, 143, 416, 1014, 2197], 3.13.g_bg_fn, -845 
(6, 34, 117), [1, 6, 34, 117, 442, 1014, 2197], 3.13.g_bi_en, -1003 
(6, 34, 143), [1, 6, 34, 143, 442, 1014, 2197], 3.13.g_bi_fn, -977 
(6, 36, 117), [1, 6, 36, 117, 468, 1014, 2197], 3.13.g_bk_en, -1143 
(6, 36, 143), [1, 6, 36, 143, 468, 1014, 2197], 3.13.g_bk_fn, -1117 
(6, 38, 143), [1, 6, 38, 143, 494, 1014, 2197], 3.13.g_bm_fn, -1265 
(6, 40, 143), [1, 6, 40, 143, 520, 1014, 2197], 3.13.g_bo_fn, -1421 
(6, 42, 143), [1, 6, 42, 143, 546, 1014, 2197], 3.13.g_bq_fn, -1585 
(6, 44, 143), [1, 6, 44, 143, 572, 1014, 2197], 3.13.g_bs_fn, -1757 
(7, -2, -104), [1, 7, -2, -104, -26, 1183, 2197], 3.13.h_ac_aea, -59 
(7, 4, -65), [1, 7, 4, -65, 52, 1183, 2197], 3.13.h_e_acn, -32 
(7, 8, -39), [1, 7, 8, -39, 104, 1183, 2197], 3.13.h_i_abn, -54 
(7, 11, -13), [1, 7, 11, -13, 143, 1183, 2197], 3.13.h_l_an, -85 
(7, 12, -13), [1, 7, 12, -13, 156, 1183, 2197], 3.13.h_m_an, -108 
(7, 16, 13), [1, 7, 16, 13, 208, 1183, 2197], 3.13.h_q_n, -194 
(7, 18, 39), [1, 7, 18, 39, 234, 1183, 2197], 3.13.h_s_bn, -236 
(7, 20, 39), [1, 7, 20, 39, 260, 1183, 2197], 3.13.h_u_bn, -312 
(7, 22, 65), [1, 7, 22, 65, 286, 1183, 2197], 3.13.h_w_cn, -370 
(7, 24, 65), [1, 7, 24, 65, 312, 1183, 2197], 3.13.h_y_cn, -462 
(7, 28, 91), [1, 7, 28, 91, 364, 1183, 2197], 3.13.h_bc_dn, -644 
(7, 30, 91), [1, 7, 30, 91, 390, 1183, 2197], 3.13.h_be_dn, -760 
(7, 30, 117), [1, 7, 30, 117, 390, 1183, 2197], 3.13.h_be_en, -734 
(7, 32, 117), [1, 7, 32, 117, 416, 1183, 2197], 3.13.h_bg_en, -858 
(7, 34, 117), [1, 7, 34, 117, 442, 1183, 2197], 3.13.h_bi_en, -990 
(7, 34, 143), [1, 7, 34, 143, 442, 1183, 2197], 3.13.h_bi_fn, -964 
(7, 36, 143), [1, 7, 36, 143, 468, 1183, 2197], 3.13.h_bk_fn, -1104 
(7, 36, 169), [1, 7, 36, 169, 468, 1183, 2197], 3.13.h_bk_gn, -1078 
(7, 38, 169), [1, 7, 38, 169, 494, 1183, 2197], 3.13.h_bm_gn, -1226 
(7, 40, 143), [1, 7, 40, 143, 520, 1183, 2197], 3.13.h_bo_fn, -1408 
(7, 40, 169), [1, 7, 40, 169, 520, 1183, 2197], 3.13.h_bo_gn, -1382 
(7, 42, 169), [1, 7, 42, 169, 546, 1183, 2197], 3.13.h_bq_gn, -1546 
(7, 46, 169), [1, 7, 46, 169, 598, 1183, 2197], 3.13.h_bu_gn, -1898 
(8, 18, 13), [1, 8, 18, 13, 234, 1352, 2197], 3.13.i_s_n, -247 
(8, 22, 39), [1, 8, 22, 39, 286, 1352, 2197], 3.13.i_w_bn, -381 
(8, 30, 91), [1, 8, 30, 91, 390, 1352, 2197], 3.13.i_be_dn, -745 
(8, 34, 117), [1, 8, 34, 117, 442, 1352, 2197], 3.13.i_bi_en, -975 
(8, 36, 117), [1, 8, 36, 117, 468, 1352, 2197], 3.13.i_bk_en, -1115 
(8, 36, 143), [1, 8, 36, 143, 468, 1352, 2197], 3.13.i_bk_fn, -1089 
(8, 38, 143), [1, 8, 38, 143, 494, 1352, 2197], 3.13.i_bm_fn, -1237 
(8, 40, 143), [1, 8, 40, 143, 520, 1352, 2197], 3.13.i_bo_fn, -1393 
(8, 40, 169), [1, 8, 40, 169, 520, 1352, 2197], 3.13.i_bo_gn, -1367 
(8, 42, 169), [1, 8, 42, 169, 546, 1352, 2197], 3.13.i_bq_gn, -1531 
(8, 44, 169), [1, 8, 44, 169, 572, 1352, 2197], 3.13.i_bs_gn, -1703 
(8, 44, 195), [1, 8, 44, 195, 572, 1352, 2197], 3.13.i_bs_hn, -1677 
(8, 46, 169), [1, 8, 46, 169, 598, 1352, 2197], 3.13.i_bu_gn, -1883 
(8, 46, 195), [1, 8, 46, 195, 598, 1352, 2197], 3.13.i_bu_hn, -1857 
(8, 48, 195), [1, 8, 48, 195, 624, 1352, 2197], 3.13.i_bw_hn, -2045 
(8, 50, 195), [1, 8, 50, 195, 650, 1352, 2197], 3.13.i_by_hn, -2241 
(8, 58, 221), [1, 8, 58, 221, 754, 1352, 2197], 3.13.i_cg_in, -3079 
(9, 36, 117), [1, 9, 36, 117, 468, 1521, 2197], 3.13.j_bk_en, -1098 
(9, 44, 169), [1, 9, 44, 169, 572, 1521, 2197], 3.13.j_bs_gn, -1686 
(9, 48, 195), [1, 9, 48, 195, 624, 1521, 2197], 3.13.j_bw_hn, -2028 
(9, 50, 195), [1, 9, 50, 195, 650, 1521, 2197], 3.13.j_by_hn, -2224 
(9, 54, 221), [1, 9, 54, 221, 702, 1521, 2197], 3.13.j_cc_in, -2614 
(9, 56, 221), [1, 9, 56, 221, 728, 1521, 2197], 3.13.j_ce_in, -2834 
(9, 62, 247), [1, 9, 62, 247, 806, 1521, 2197], 3.13.j_ck_jn, -3516 
(10, 54, 221), [1, 10, 54, 221, 702, 1690, 2197], 3.13.k_cc_in, -2595 
(10, 56, 221), [1, 10, 56, 221, 728, 1690, 2197], 3.13.k_ce_in, -2815 
(10, 58, 247), [1, 10, 58, 247, 754, 1690, 2197], 3.13.k_cg_jn, -3017 
(10, 60, 247), [1, 10, 60, 247, 780, 1690, 2197], 3.13.k_ci_jn, -3253 
(10, 62, 273), [1, 10, 62, 273, 806, 1690, 2197], 3.13.k_ck_kn, -3471 
(10, 64, 273), [1, 10, 64, 273, 832, 1690, 2197], 3.13.k_cm_kn, -3723 
(10, 66, 273), [1, 10, 66, 273, 858, 1690, 2197], 3.13.k_co_kn, -3983 
(11, 58, 221), [1, 11, 58, 221, 754, 1859, 2197], 3.13.l_cg_in, -3022 
(11, 62, 247), [1, 11, 62, 247, 806, 1859, 2197], 3.13.l_ck_jn, -3476 
(11, 66, 273), [1, 11, 66, 273, 858, 1859, 2197], 3.13.l_co_kn, -3962 
(11, 70, 299), [1, 11, 70, 299, 910, 1859, 2197], 3.13.l_cs_ln, -4480 
(12, 72, 299), [1, 12, 72, 299, 936, 2028, 2197], 3.13.m_cu_ln, -4741 
(12, 76, 325), [1, 12, 76, 325, 988, 2028, 2197], 3.13.m_cy_mn, -5307 
(12, 80, 351), [1, 12, 80, 351, 1040, 2028, 2197], 3.13.m_dc_nn, -5905 
(13, 79, 325), [1, 13, 79, 325, 1027, 2197, 2197], 3.13.n_db_mn, -5747 
(13, 83, 351), [1, 13, 83, 351, 1079, 2197, 2197], 3.13.n_df_nn, -6369 
(14, 99, 442), [1, 14, 99, 442, 1287, 2366, 2197], 3.13.o_dv_ra, -9163 
(14, 102, 455), [1, 14, 102, 455, 1326, 2366, 2197], 3.13.o_dy_rn, -9753 
(15, 110, 494), [1, 15, 110, 494, 1430, 2535, 2197], 3.13.p_eg_ta, -11381 
