(-18, 150, -765), [1, -18, 150, -765, 2550, -5202, 4913], 3.17.as_fu_abdl 
(-17, 142, -731), [1, -17, 142, -731, 2414, -4913, 4913], 3.17.ar_fm_abcd 
(-16, 126, -629), [1, -16, 126, -629, 2142, -4624, 4913], 3.17.aq_ew_ayf 
(-16, 130, -663), [1, -16, 130, -663, 2210, -4624, 4913], 3.17.aq_fa_azn 
(-15, 105, -493), [1, -15, 105, -493, 1785, -4335, 4913], 3.17.ap_eb_asz 
(-15, 114, -561), [1, -15, 114, -561, 1938, -4335, 4913], 3.17.ap_ek_avp 
(-15, 115, -578), [1, -15, 115, -578, 1955, -4335, 4913], 3.17.ap_el_awg 
(-15, 116, -578), [1, -15, 116, -578, 1972, -4335, 4913], 3.17.ap_em_awg 
(-14, 106, -527), [1, -14, 106, -527, 1802, -4046, 4913], 3.17.ao_ec_auh 
(-14, 107, -544), [1, -14, 107, -544, 1819, -4046, 4913], 3.17.ao_ed_auy 
(-13, 78, -340), [1, -13, 78, -340, 1326, -3757, 4913], 3.17.an_da_anc 
(-13, 80, -357), [1, -13, 80, -357, 1360, -3757, 4913], 3.17.an_dc_ant 
(-13, 82, -374), [1, -13, 82, -374, 1394, -3757, 4913], 3.17.an_de_aok 
(-13, 90, -425), [1, -13, 90, -425, 1530, -3757, 4913], 3.17.an_dm_aqj 
(-13, 94, -459), [1, -13, 94, -459, 1598, -3757, 4913], 3.17.an_dq_arr 
(-13, 100, -493), [1, -13, 100, -493, 1700, -3757, 4913], 3.17.an_dw_asz 
(-12, 64, -255), [1, -12, 64, -255, 1088, -3468, 4913], 3.17.am_cm_ajv 
(-12, 72, -323), [1, -12, 72, -323, 1224, -3468, 4913], 3.17.am_cu_aml 
(-12, 76, -357), [1, -12, 76, -357, 1292, -3468, 4913], 3.17.am_cy_ant 
(-12, 78, -357), [1, -12, 78, -357, 1326, -3468, 4913], 3.17.am_da_ant 
(-12, 80, -391), [1, -12, 80, -391, 1360, -3468, 4913], 3.17.am_dc_apb 
(-12, 82, -391), [1, -12, 82, -391, 1394, -3468, 4913], 3.17.am_de_apb 
(-12, 84, -391), [1, -12, 84, -391, 1428, -3468, 4913], 3.17.am_dg_apb 
(-12, 86, -425), [1, -12, 86, -425, 1462, -3468, 4913], 3.17.am_di_aqj 
(-12, 88, -425), [1, -12, 88, -425, 1496, -3468, 4913], 3.17.am_dk_aqj 
(-12, 96, -459), [1, -12, 96, -459, 1632, -3468, 4913], 3.17.am_ds_arr 
(-11, 47, -153), [1, -11, 47, -153, 799, -3179, 4913], 3.17.al_bv_afx 
(-11, 52, -187), [1, -11, 52, -187, 884, -3179, 4913], 3.17.al_ca_ahf 
(-11, 56, -221), [1, -11, 56, -221, 952, -3179, 4913], 3.17.al_ce_ain 
(-11, 60, -255), [1, -11, 60, -255, 1020, -3179, 4913], 3.17.al_ci_ajv 
(-11, 66, -289), [1, -11, 66, -289, 1122, -3179, 4913], 3.17.al_co_ald 
(-11, 70, -323), [1, -11, 70, -323, 1190, -3179, 4913], 3.17.al_cs_aml 
(-11, 72, -357), [1, -11, 72, -357, 1224, -3179, 4913], 3.17.al_cu_ant 
(-11, 72, -323), [1, -11, 72, -323, 1224, -3179, 4913], 3.17.al_cu_aml 
(-11, 74, -357), [1, -11, 74, -357, 1258, -3179, 4913], 3.17.al_cw_ant 
(-11, 75, -340), [1, -11, 75, -340, 1275, -3179, 4913], 3.17.al_cx_anc 
(-11, 76, -357), [1, -11, 76, -357, 1292, -3179, 4913], 3.17.al_cy_ant 
(-11, 78, -357), [1, -11, 78, -357, 1326, -3179, 4913], 3.17.al_da_ant 
(-11, 80, -391), [1, -11, 80, -391, 1360, -3179, 4913], 3.17.al_dc_apb 
(-11, 82, -391), [1, -11, 82, -391, 1394, -3179, 4913], 3.17.al_de_apb 
(-11, 84, -391), [1, -11, 84, -391, 1428, -3179, 4913], 3.17.al_dg_apb 
(-10, 40, -119), [1, -10, 40, -119, 680, -2890, 4913], 3.17.ak_bo_aep 
(-10, 44, -153), [1, -10, 44, -153, 748, -2890, 4913], 3.17.ak_bs_afx 
(-10, 48, -187), [1, -10, 48, -187, 816, -2890, 4913], 3.17.ak_bw_ahf 
(-10, 50, -187), [1, -10, 50, -187, 850, -2890, 4913], 3.17.ak_by_ahf 
(-10, 52, -221), [1, -10, 52, -221, 884, -2890, 4913], 3.17.ak_ca_ain 
(-10, 54, -221), [1, -10, 54, -221, 918, -2890, 4913], 3.17.ak_cc_ain 
(-10, 56, -255), [1, -10, 56, -255, 952, -2890, 4913], 3.17.ak_ce_ajv 
(-10, 58, -255), [1, -10, 58, -255, 986, -2890, 4913], 3.17.ak_cg_ajv 
(-10, 60, -289), [1, -10, 60, -289, 1020, -2890, 4913], 3.17.ak_ci_ald 
(-10, 60, -255), [1, -10, 60, -255, 1020, -2890, 4913], 3.17.ak_ci_ajv 
(-10, 62, -289), [1, -10, 62, -289, 1054, -2890, 4913], 3.17.ak_ck_ald 
(-10, 64, -323), [1, -10, 64, -323, 1088, -2890, 4913], 3.17.ak_cm_aml 
(-10, 64, -289), [1, -10, 64, -289, 1088, -2890, 4913], 3.17.ak_cm_ald 
(-10, 66, -323), [1, -10, 66, -323, 1122, -2890, 4913], 3.17.ak_co_aml 
(-10, 66, -289), [1, -10, 66, -289, 1122, -2890, 4913], 3.17.ak_co_ald 
(-10, 70, -323), [1, -10, 70, -323, 1190, -2890, 4913], 3.17.ak_cs_aml 
(-10, 72, -323), [1, -10, 72, -323, 1224, -2890, 4913], 3.17.ak_cu_aml 
(-10, 76, -357), [1, -10, 76, -357, 1292, -2890, 4913], 3.17.ak_cy_ant 
(-10, 78, -357), [1, -10, 78, -357, 1326, -2890, 4913], 3.17.ak_da_ant 
(-10, 79, -357), [1, -10, 79, -357, 1343, -2890, 4913], 3.17.ak_db_ant 
(-9, 10, 85), [1, -9, 10, 85, 170, -2601, 4913], 3.17.aj_k_dh 
(-9, 28, -51), [1, -9, 28, -51, 476, -2601, 4913], 3.17.aj_bc_abz 
(-9, 32, -85), [1, -9, 32, -85, 544, -2601, 4913], 3.17.aj_bg_adh 
(-9, 36, -119), [1, -9, 36, -119, 612, -2601, 4913], 3.17.aj_bk_aep 
(-9, 38, -119), [1, -9, 38, -119, 646, -2601, 4913], 3.17.aj_bm_aep 
(-9, 40, -153), [1, -9, 40, -153, 680, -2601, 4913], 3.17.aj_bo_afx 
(-9, 42, -153), [1, -9, 42, -153, 714, -2601, 4913], 3.17.aj_bq_afx 
(-9, 44, -187), [1, -9, 44, -187, 748, -2601, 4913], 3.17.aj_bs_ahf 
(-9, 46, -187), [1, -9, 46, -187, 782, -2601, 4913], 3.17.aj_bu_ahf 
(-9, 48, -221), [1, -9, 48, -221, 816, -2601, 4913], 3.17.aj_bw_ain 
(-9, 50, -221), [1, -9, 50, -221, 850, -2601, 4913], 3.17.aj_by_ain 
(-9, 52, -221), [1, -9, 52, -221, 884, -2601, 4913], 3.17.aj_ca_ain 
(-9, 54, -255), [1, -9, 54, -255, 918, -2601, 4913], 3.17.aj_cc_ajv 
(-9, 56, -289), [1, -9, 56, -289, 952, -2601, 4913], 3.17.aj_ce_ald 
(-9, 56, -255), [1, -9, 56, -255, 952, -2601, 4913], 3.17.aj_ce_ajv 
(-9, 58, -255), [1, -9, 58, -255, 986, -2601, 4913], 3.17.aj_cg_ajv 
(-9, 60, -289), [1, -9, 60, -289, 1020, -2601, 4913], 3.17.aj_ci_ald 
(-9, 60, -255), [1, -9, 60, -255, 1020, -2601, 4913], 3.17.aj_ci_ajv 
(-9, 62, -289), [1, -9, 62, -289, 1054, -2601, 4913], 3.17.aj_ck_ald 
(-9, 64, -289), [1, -9, 64, -289, 1088, -2601, 4913], 3.17.aj_cm_ald 
(-9, 66, -289), [1, -9, 66, -289, 1122, -2601, 4913], 3.17.aj_co_ald 
(-9, 74, -323), [1, -9, 74, -323, 1258, -2601, 4913], 3.17.aj_cw_aml 
(-8, -2, 153), [1, -8, -2, 153, -34, -2312, 4913], 3.17.ai_ac_fx 
(-8, 2, 119), [1, -8, 2, 119, 34, -2312, 4913], 3.17.ai_c_ep 
(-8, 6, 85), [1, -8, 6, 85, 102, -2312, 4913], 3.17.ai_g_dh 
(-8, 10, 51), [1, -8, 10, 51, 170, -2312, 4913], 3.17.ai_k_bz 
(-8, 11, 51), [1, -8, 11, 51, 187, -2312, 4913], 3.17.ai_l_bz 
(-8, 14, 17), [1, -8, 14, 17, 238, -2312, 4913], 3.17.ai_o_r 
(-8, 16, 17), [1, -8, 16, 17, 272, -2312, 4913], 3.17.ai_q_r 
(-8, 20, -17), [1, -8, 20, -17, 340, -2312, 4913], 3.17.ai_u_ar 
(-8, 24, -51), [1, -8, 24, -51, 408, -2312, 4913], 3.17.ai_y_abz 
(-8, 26, -51), [1, -8, 26, -51, 442, -2312, 4913], 3.17.ai_ba_abz 
(-8, 28, -85), [1, -8, 28, -85, 476, -2312, 4913], 3.17.ai_bc_adh 
(-8, 30, -85), [1, -8, 30, -85, 510, -2312, 4913], 3.17.ai_be_adh 
(-8, 32, -119), [1, -8, 32, -119, 544, -2312, 4913], 3.17.ai_bg_aep 
(-8, 32, -85), [1, -8, 32, -85, 544, -2312, 4913], 3.17.ai_bg_adh 
(-8, 36, -153), [1, -8, 36, -153, 612, -2312, 4913], 3.17.ai_bk_afx 
(-8, 36, -119), [1, -8, 36, -119, 612, -2312, 4913], 3.17.ai_bk_aep 
(-8, 38, -153), [1, -8, 38, -153, 646, -2312, 4913], 3.17.ai_bm_afx 
(-8, 40, -187), [1, -8, 40, -187, 680, -2312, 4913], 3.17.ai_bo_ahf 
(-8, 40, -153), [1, -8, 40, -153, 680, -2312, 4913], 3.17.ai_bo_afx 
(-8, 42, -187), [1, -8, 42, -187, 714, -2312, 4913], 3.17.ai_bq_ahf 
(-8, 42, -153), [1, -8, 42, -153, 714, -2312, 4913], 3.17.ai_bq_afx 
(-8, 44, -221), [1, -8, 44, -221, 748, -2312, 4913], 3.17.ai_bs_ain 
(-8, 44, -187), [1, -8, 44, -187, 748, -2312, 4913], 3.17.ai_bs_ahf 
(-8, 46, -221), [1, -8, 46, -221, 782, -2312, 4913], 3.17.ai_bu_ain 
(-8, 46, -187), [1, -8, 46, -187, 782, -2312, 4913], 3.17.ai_bu_ahf 
(-8, 48, -255), [1, -8, 48, -255, 816, -2312, 4913], 3.17.ai_bw_ajv 
(-8, 48, -221), [1, -8, 48, -221, 816, -2312, 4913], 3.17.ai_bw_ain 
(-8, 48, -187), [1, -8, 48, -187, 816, -2312, 4913], 3.17.ai_bw_ahf 
(-8, 50, -255), [1, -8, 50, -255, 850, -2312, 4913], 3.17.ai_by_ajv 
(-8, 50, -221), [1, -8, 50, -221, 850, -2312, 4913], 3.17.ai_by_ain 
(-8, 52, -255), [1, -8, 52, -255, 884, -2312, 4913], 3.17.ai_ca_ajv 
(-8, 52, -221), [1, -8, 52, -221, 884, -2312, 4913], 3.17.ai_ca_ain 
(-8, 54, -255), [1, -8, 54, -255, 918, -2312, 4913], 3.17.ai_cc_ajv 
(-8, 54, -221), [1, -8, 54, -221, 918, -2312, 4913], 3.17.ai_cc_ain 
(-8, 56, -255), [1, -8, 56, -255, 952, -2312, 4913], 3.17.ai_ce_ajv 
(-8, 58, -255), [1, -8, 58, -255, 986, -2312, 4913], 3.17.ai_cg_ajv 
(-8, 60, -255), [1, -8, 60, -255, 1020, -2312, 4913], 3.17.ai_ci_ajv 
(-8, 62, -255), [1, -8, 62, -255, 1054, -2312, 4913], 3.17.ai_ck_ajv 
(-7, -14, 221), [1, -7, -14, 221, -238, -2023, 4913], 3.17.ah_ao_in 
(-7, -10, 187), [1, -7, -10, 187, -170, -2023, 4913], 3.17.ah_ak_hf 
(-7, -6, 153), [1, -7, -6, 153, -102, -2023, 4913], 3.17.ah_ag_fx 
(-7, -2, 119), [1, -7, -2, 119, -34, -2023, 4913], 3.17.ah_ac_ep 
(-7, 2, 85), [1, -7, 2, 85, 34, -2023, 4913], 3.17.ah_c_dh 
(-7, 4, 85), [1, -7, 4, 85, 68, -2023, 4913], 3.17.ah_e_dh 
(-7, 6, 51), [1, -7, 6, 51, 102, -2023, 4913], 3.17.ah_g_bz 
(-7, 8, 51), [1, -7, 8, 51, 136, -2023, 4913], 3.17.ah_i_bz 
(-7, 12, 17), [1, -7, 12, 17, 204, -2023, 4913], 3.17.ah_m_r 
(-7, 14, -17), [1, -7, 14, -17, 238, -2023, 4913], 3.17.ah_o_ar 
(-7, 14, 17), [1, -7, 14, 17, 238, -2023, 4913], 3.17.ah_o_r 
(-7, 16, -17), [1, -7, 16, -17, 272, -2023, 4913], 3.17.ah_q_ar 
(-7, 18, -17), [1, -7, 18, -17, 306, -2023, 4913], 3.17.ah_s_ar 
(-7, 20, -51), [1, -7, 20, -51, 340, -2023, 4913], 3.17.ah_u_abz 
(-7, 20, -17), [1, -7, 20, -17, 340, -2023, 4913], 3.17.ah_u_ar 
(-7, 22, -51), [1, -7, 22, -51, 374, -2023, 4913], 3.17.ah_w_abz 
(-7, 24, -85), [1, -7, 24, -85, 408, -2023, 4913], 3.17.ah_y_adh 
(-7, 24, -51), [1, -7, 24, -51, 408, -2023, 4913], 3.17.ah_y_abz 
(-7, 26, -85), [1, -7, 26, -85, 442, -2023, 4913], 3.17.ah_ba_adh 
(-7, 28, -119), [1, -7, 28, -119, 476, -2023, 4913], 3.17.ah_bc_aep 
(-7, 28, -85), [1, -7, 28, -85, 476, -2023, 4913], 3.17.ah_bc_adh 
(-7, 30, -119), [1, -7, 30, -119, 510, -2023, 4913], 3.17.ah_be_aep 
(-7, 30, -85), [1, -7, 30, -85, 510, -2023, 4913], 3.17.ah_be_adh 
(-7, 32, -153), [1, -7, 32, -153, 544, -2023, 4913], 3.17.ah_bg_afx 
(-7, 32, -119), [1, -7, 32, -119, 544, -2023, 4913], 3.17.ah_bg_aep 
(-7, 36, -187), [1, -7, 36, -187, 612, -2023, 4913], 3.17.ah_bk_ahf 
(-7, 36, -153), [1, -7, 36, -153, 612, -2023, 4913], 3.17.ah_bk_afx 
(-7, 36, -119), [1, -7, 36, -119, 612, -2023, 4913], 3.17.ah_bk_aep 
(-7, 38, -153), [1, -7, 38, -153, 646, -2023, 4913], 3.17.ah_bm_afx 
(-7, 40, -187), [1, -7, 40, -187, 680, -2023, 4913], 3.17.ah_bo_ahf 
(-7, 40, -153), [1, -7, 40, -153, 680, -2023, 4913], 3.17.ah_bo_afx 
(-7, 42, -221), [1, -7, 42, -221, 714, -2023, 4913], 3.17.ah_bq_ain 
(-7, 42, -187), [1, -7, 42, -187, 714, -2023, 4913], 3.17.ah_bq_ahf 
(-7, 42, -153), [1, -7, 42, -153, 714, -2023, 4913], 3.17.ah_bq_afx 
(-7, 44, -221), [1, -7, 44, -221, 748, -2023, 4913], 3.17.ah_bs_ain 
(-7, 44, -187), [1, -7, 44, -187, 748, -2023, 4913], 3.17.ah_bs_ahf 
(-7, 46, -221), [1, -7, 46, -221, 782, -2023, 4913], 3.17.ah_bu_ain 
(-7, 48, -221), [1, -7, 48, -221, 816, -2023, 4913], 3.17.ah_bw_ain 
(-7, 48, -187), [1, -7, 48, -187, 816, -2023, 4913], 3.17.ah_bw_ahf 
(-7, 50, -221), [1, -7, 50, -221, 850, -2023, 4913], 3.17.ah_by_ain 
(-7, 50, -187), [1, -7, 50, -187, 850, -2023, 4913], 3.17.ah_by_ahf 
(-7, 52, -221), [1, -7, 52, -221, 884, -2023, 4913], 3.17.ah_ca_ain 
(-7, 54, -221), [1, -7, 54, -221, 918, -2023, 4913], 3.17.ah_cc_ain 
(-7, 56, -221), [1, -7, 56, -221, 952, -2023, 4913], 3.17.ah_ce_ain 
(-7, 58, -221), [1, -7, 58, -221, 986, -2023, 4913], 3.17.ah_cg_ain 
(-6, -14, 187), [1, -6, -14, 187, -238, -1734, 4913], 3.17.ag_ao_hf 
(-6, -12, 187), [1, -6, -12, 187, -204, -1734, 4913], 3.17.ag_am_hf 
(-6, -10, 153), [1, -6, -10, 153, -170, -1734, 4913], 3.17.ag_ak_fx 
(-6, -8, 153), [1, -6, -8, 153, -136, -1734, 4913], 3.17.ag_ai_fx 
(-6, -6, 119), [1, -6, -6, 119, -102, -1734, 4913], 3.17.ag_ag_ep 
(-6, -4, 119), [1, -6, -4, 119, -68, -1734, 4913], 3.17.ag_ae_ep 
(-6, -2, 85), [1, -6, -2, 85, -34, -1734, 4913], 3.17.ag_ac_dh 
(-6, -2, 119), [1, -6, -2, 119, -34, -1734, 4913], 3.17.ag_ac_ep 
(-6, 2, 51), [1, -6, 2, 51, 34, -1734, 4913], 3.17.ag_c_bz 
(-6, 2, 85), [1, -6, 2, 85, 34, -1734, 4913], 3.17.ag_c_dh 
(-6, 3, 85), [1, -6, 3, 85, 51, -1734, 4913], 3.17.ag_d_dh 
(-6, 4, 51), [1, -6, 4, 51, 68, -1734, 4913], 3.17.ag_e_bz 
(-6, 6, 17), [1, -6, 6, 17, 102, -1734, 4913], 3.17.ag_g_r 
(-6, 6, 51), [1, -6, 6, 51, 102, -1734, 4913], 3.17.ag_g_bz 
(-6, 8, 17), [1, -6, 8, 17, 136, -1734, 4913], 3.17.ag_i_r 
(-6, 8, 51), [1, -6, 8, 51, 136, -1734, 4913], 3.17.ag_i_bz 
(-6, 10, -17), [1, -6, 10, -17, 170, -1734, 4913], 3.17.ag_k_ar 
(-6, 10, 17), [1, -6, 10, 17, 170, -1734, 4913], 3.17.ag_k_r 
(-6, 12, -17), [1, -6, 12, -17, 204, -1734, 4913], 3.17.ag_m_ar 
(-6, 12, 17), [1, -6, 12, 17, 204, -1734, 4913], 3.17.ag_m_r 
(-6, 14, -51), [1, -6, 14, -51, 238, -1734, 4913], 3.17.ag_o_abz 
(-6, 14, -17), [1, -6, 14, -17, 238, -1734, 4913], 3.17.ag_o_ar 
(-6, 14, 17), [1, -6, 14, 17, 238, -1734, 4913], 3.17.ag_o_r 
(-6, 16, -68), [1, -6, 16, -68, 272, -1734, 4913], 3.17.ag_q_acq 
(-6, 16, -51), [1, -6, 16, -51, 272, -1734, 4913], 3.17.ag_q_abz 
(-6, 16, -17), [1, -6, 16, -17, 272, -1734, 4913], 3.17.ag_q_ar 
(-6, 18, -51), [1, -6, 18, -51, 306, -1734, 4913], 3.17.ag_s_abz 
(-6, 18, -17), [1, -6, 18, -17, 306, -1734, 4913], 3.17.ag_s_ar 
(-6, 20, -85), [1, -6, 20, -85, 340, -1734, 4913], 3.17.ag_u_adh 
(-6, 20, -51), [1, -6, 20, -51, 340, -1734, 4913], 3.17.ag_u_abz 
(-6, 22, -85), [1, -6, 22, -85, 374, -1734, 4913], 3.17.ag_w_adh 
(-6, 22, -51), [1, -6, 22, -51, 374, -1734, 4913], 3.17.ag_w_abz 
(-6, 24, -119), [1, -6, 24, -119, 408, -1734, 4913], 3.17.ag_y_aep 
(-6, 24, -85), [1, -6, 24, -85, 408, -1734, 4913], 3.17.ag_y_adh 
(-6, 24, -51), [1, -6, 24, -51, 408, -1734, 4913], 3.17.ag_y_abz 
(-6, 26, -119), [1, -6, 26, -119, 442, -1734, 4913], 3.17.ag_ba_aep 
(-6, 26, -85), [1, -6, 26, -85, 442, -1734, 4913], 3.17.ag_ba_adh 
(-6, 28, -153), [1, -6, 28, -153, 476, -1734, 4913], 3.17.ag_bc_afx 
(-6, 28, -119), [1, -6, 28, -119, 476, -1734, 4913], 3.17.ag_bc_aep 
(-6, 28, -85), [1, -6, 28, -85, 476, -1734, 4913], 3.17.ag_bc_adh 
(-6, 30, -153), [1, -6, 30, -153, 510, -1734, 4913], 3.17.ag_be_afx 
(-6, 30, -119), [1, -6, 30, -119, 510, -1734, 4913], 3.17.ag_be_aep 
(-6, 30, -85), [1, -6, 30, -85, 510, -1734, 4913], 3.17.ag_be_adh 
(-6, 32, -187), [1, -6, 32, -187, 544, -1734, 4913], 3.17.ag_bg_ahf 
(-6, 32, -153), [1, -6, 32, -153, 544, -1734, 4913], 3.17.ag_bg_afx 
(-6, 32, -119), [1, -6, 32, -119, 544, -1734, 4913], 3.17.ag_bg_aep 
(-6, 32, -85), [1, -6, 32, -85, 544, -1734, 4913], 3.17.ag_bg_adh 
(-6, 36, -187), [1, -6, 36, -187, 612, -1734, 4913], 3.17.ag_bk_ahf 
(-6, 36, -153), [1, -6, 36, -153, 612, -1734, 4913], 3.17.ag_bk_afx 
(-6, 36, -119), [1, -6, 36, -119, 612, -1734, 4913], 3.17.ag_bk_aep 
(-6, 38, -187), [1, -6, 38, -187, 646, -1734, 4913], 3.17.ag_bm_ahf 
(-6, 38, -153), [1, -6, 38, -153, 646, -1734, 4913], 3.17.ag_bm_afx 
(-6, 38, -119), [1, -6, 38, -119, 646, -1734, 4913], 3.17.ag_bm_aep 
(-6, 40, -187), [1, -6, 40, -187, 680, -1734, 4913], 3.17.ag_bo_ahf 
(-6, 40, -153), [1, -6, 40, -153, 680, -1734, 4913], 3.17.ag_bo_afx 
(-6, 42, -187), [1, -6, 42, -187, 714, -1734, 4913], 3.17.ag_bq_ahf 
(-6, 42, -153), [1, -6, 42, -153, 714, -1734, 4913], 3.17.ag_bq_afx 
(-6, 44, -187), [1, -6, 44, -187, 748, -1734, 4913], 3.17.ag_bs_ahf 
(-6, 44, -153), [1, -6, 44, -153, 748, -1734, 4913], 3.17.ag_bs_afx 
(-6, 46, -187), [1, -6, 46, -187, 782, -1734, 4913], 3.17.ag_bu_ahf 
(-6, 46, -153), [1, -6, 46, -153, 782, -1734, 4913], 3.17.ag_bu_afx 
(-6, 48, -187), [1, -6, 48, -187, 816, -1734, 4913], 3.17.ag_bw_ahf 
(-6, 50, -187), [1, -6, 50, -187, 850, -1734, 4913], 3.17.ag_by_ahf 
(-6, 52, -187), [1, -6, 52, -187, 884, -1734, 4913], 3.17.ag_ca_ahf 
(-6, 54, -187), [1, -6, 54, -187, 918, -1734, 4913], 3.17.ag_cc_ahf 
(-5, -16, 170), [1, -5, -16, 170, -272, -1445, 4913], 3.17.af_aq_go 
(-5, -14, 153), [1, -5, -14, 153, -238, -1445, 4913], 3.17.af_ao_fx 
(-5, -12, 153), [1, -5, -12, 153, -204, -1445, 4913], 3.17.af_am_fx 
(-5, -10, 119), [1, -5, -10, 119, -170, -1445, 4913], 3.17.af_ak_ep 
(-5, -10, 153), [1, -5, -10, 153, -170, -1445, 4913], 3.17.af_ak_fx 
(-5, -8, 119), [1, -5, -8, 119, -136, -1445, 4913], 3.17.af_ai_ep 
(-5, -6, 85), [1, -5, -6, 85, -102, -1445, 4913], 3.17.af_ag_dh 
(-5, -6, 119), [1, -5, -6, 119, -102, -1445, 4913], 3.17.af_ag_ep 
(-5, -4, 85), [1, -5, -4, 85, -68, -1445, 4913], 3.17.af_ae_dh 
(-5, -4, 119), [1, -5, -4, 119, -68, -1445, 4913], 3.17.af_ae_ep 
(-5, -2, 51), [1, -5, -2, 51, -34, -1445, 4913], 3.17.af_ac_bz 
(-5, -2, 85), [1, -5, -2, 85, -34, -1445, 4913], 3.17.af_ac_dh 
(-5, 2, 17), [1, -5, 2, 17, 34, -1445, 4913], 3.17.af_c_r 
(-5, 2, 51), [1, -5, 2, 51, 34, -1445, 4913], 3.17.af_c_bz 
(-5, 2, 85), [1, -5, 2, 85, 34, -1445, 4913], 3.17.af_c_dh 
(-5, 4, 17), [1, -5, 4, 17, 68, -1445, 4913], 3.17.af_e_r 
(-5, 4, 51), [1, -5, 4, 51, 68, -1445, 4913], 3.17.af_e_bz 
(-5, 6, 17), [1, -5, 6, 17, 102, -1445, 4913], 3.17.af_g_r 
(-5, 6, 51), [1, -5, 6, 51, 102, -1445, 4913], 3.17.af_g_bz 
(-5, 8, -17), [1, -5, 8, -17, 136, -1445, 4913], 3.17.af_i_ar 
(-5, 8, 17), [1, -5, 8, 17, 136, -1445, 4913], 3.17.af_i_r 
(-5, 8, 51), [1, -5, 8, 51, 136, -1445, 4913], 3.17.af_i_bz 
(-5, 10, -51), [1, -5, 10, -51, 170, -1445, 4913], 3.17.af_k_abz 
(-5, 10, -17), [1, -5, 10, -17, 170, -1445, 4913], 3.17.af_k_ar 
(-5, 10, 17), [1, -5, 10, 17, 170, -1445, 4913], 3.17.af_k_r 
(-5, 12, -51), [1, -5, 12, -51, 204, -1445, 4913], 3.17.af_m_abz 
(-5, 12, -17), [1, -5, 12, -17, 204, -1445, 4913], 3.17.af_m_ar 
(-5, 12, 17), [1, -5, 12, 17, 204, -1445, 4913], 3.17.af_m_r 
(-5, 14, -85), [1, -5, 14, -85, 238, -1445, 4913], 3.17.af_o_adh 
(-5, 14, -51), [1, -5, 14, -51, 238, -1445, 4913], 3.17.af_o_abz 
(-5, 14, -17), [1, -5, 14, -17, 238, -1445, 4913], 3.17.af_o_ar 
(-5, 14, 17), [1, -5, 14, 17, 238, -1445, 4913], 3.17.af_o_r 
(-5, 16, -102), [1, -5, 16, -102, 272, -1445, 4913], 3.17.af_q_ady 
(-5, 16, -85), [1, -5, 16, -85, 272, -1445, 4913], 3.17.af_q_adh 
(-5, 16, -51), [1, -5, 16, -51, 272, -1445, 4913], 3.17.af_q_abz 
(-5, 16, -17), [1, -5, 16, -17, 272, -1445, 4913], 3.17.af_q_ar 
(-5, 18, -51), [1, -5, 18, -51, 306, -1445, 4913], 3.17.af_s_abz 
(-5, 18, -17), [1, -5, 18, -17, 306, -1445, 4913], 3.17.af_s_ar 
(-5, 20, -119), [1, -5, 20, -119, 340, -1445, 4913], 3.17.af_u_aep 
(-5, 20, -85), [1, -5, 20, -85, 340, -1445, 4913], 3.17.af_u_adh 
(-5, 20, -17), [1, -5, 20, -17, 340, -1445, 4913], 3.17.af_u_ar 
(-5, 22, -119), [1, -5, 22, -119, 374, -1445, 4913], 3.17.af_w_aep 
(-5, 22, -85), [1, -5, 22, -85, 374, -1445, 4913], 3.17.af_w_adh 
(-5, 22, -51), [1, -5, 22, -51, 374, -1445, 4913], 3.17.af_w_abz 
(-5, 24, -153), [1, -5, 24, -153, 408, -1445, 4913], 3.17.af_y_afx 
(-5, 24, -119), [1, -5, 24, -119, 408, -1445, 4913], 3.17.af_y_aep 
(-5, 24, -85), [1, -5, 24, -85, 408, -1445, 4913], 3.17.af_y_adh 
(-5, 24, -51), [1, -5, 24, -51, 408, -1445, 4913], 3.17.af_y_abz 
(-5, 26, -153), [1, -5, 26, -153, 442, -1445, 4913], 3.17.af_ba_afx 
(-5, 26, -119), [1, -5, 26, -119, 442, -1445, 4913], 3.17.af_ba_aep 
(-5, 26, -85), [1, -5, 26, -85, 442, -1445, 4913], 3.17.af_ba_adh 
(-5, 26, -51), [1, -5, 26, -51, 442, -1445, 4913], 3.17.af_ba_abz 
(-5, 28, -153), [1, -5, 28, -153, 476, -1445, 4913], 3.17.af_bc_afx 
(-5, 28, -119), [1, -5, 28, -119, 476, -1445, 4913], 3.17.af_bc_aep 
(-5, 28, -85), [1, -5, 28, -85, 476, -1445, 4913], 3.17.af_bc_adh 
(-5, 30, -153), [1, -5, 30, -153, 510, -1445, 4913], 3.17.af_be_afx 
(-5, 30, -119), [1, -5, 30, -119, 510, -1445, 4913], 3.17.af_be_aep 
(-5, 30, -85), [1, -5, 30, -85, 510, -1445, 4913], 3.17.af_be_adh 
(-5, 32, -153), [1, -5, 32, -153, 544, -1445, 4913], 3.17.af_bg_afx 
(-5, 32, -119), [1, -5, 32, -119, 544, -1445, 4913], 3.17.af_bg_aep 
(-5, 32, -85), [1, -5, 32, -85, 544, -1445, 4913], 3.17.af_bg_adh 
(-5, 36, -153), [1, -5, 36, -153, 612, -1445, 4913], 3.17.af_bk_afx 
(-5, 36, -119), [1, -5, 36, -119, 612, -1445, 4913], 3.17.af_bk_aep 
(-5, 38, -119), [1, -5, 38, -119, 646, -1445, 4913], 3.17.af_bm_aep 
(-5, 40, -153), [1, -5, 40, -153, 680, -1445, 4913], 3.17.af_bo_afx 
(-5, 42, -153), [1, -5, 42, -153, 714, -1445, 4913], 3.17.af_bq_afx 
(-5, 42, -119), [1, -5, 42, -119, 714, -1445, 4913], 3.17.af_bq_aep 
(-5, 44, -153), [1, -5, 44, -153, 748, -1445, 4913], 3.17.af_bs_afx 
(-5, 46, -153), [1, -5, 46, -153, 782, -1445, 4913], 3.17.af_bu_afx 
(-5, 48, -153), [1, -5, 48, -153, 816, -1445, 4913], 3.17.af_bw_afx 
(-5, 50, -153), [1, -5, 50, -153, 850, -1445, 4913], 3.17.af_by_afx 
(-4, -14, 119), [1, -4, -14, 119, -238, -1156, 4913], 3.17.ae_ao_ep 
(-4, -14, 153), [1, -4, -14, 153, -238, -1156, 4913], 3.17.ae_ao_fx 
(-4, -12, 119), [1, -4, -12, 119, -204, -1156, 4913], 3.17.ae_am_ep 
(-4, -12, 153), [1, -4, -12, 153, -204, -1156, 4913], 3.17.ae_am_fx 
(-4, -10, 85), [1, -4, -10, 85, -170, -1156, 4913], 3.17.ae_ak_dh 
(-4, -10, 119), [1, -4, -10, 119, -170, -1156, 4913], 3.17.ae_ak_ep 
(-4, -10, 153), [1, -4, -10, 153, -170, -1156, 4913], 3.17.ae_ak_fx 
(-4, -8, 85), [1, -4, -8, 85, -136, -1156, 4913], 3.17.ae_ai_dh 
(-4, -8, 119), [1, -4, -8, 119, -136, -1156, 4913], 3.17.ae_ai_ep 
(-4, -6, 51), [1, -4, -6, 51, -102, -1156, 4913], 3.17.ae_ag_bz 
(-4, -6, 85), [1, -4, -6, 85, -102, -1156, 4913], 3.17.ae_ag_dh 
(-4, -6, 119), [1, -4, -6, 119, -102, -1156, 4913], 3.17.ae_ag_ep 
(-4, -4, 51), [1, -4, -4, 51, -68, -1156, 4913], 3.17.ae_ae_bz 
(-4, -4, 85), [1, -4, -4, 85, -68, -1156, 4913], 3.17.ae_ae_dh 
(-4, -4, 119), [1, -4, -4, 119, -68, -1156, 4913], 3.17.ae_ae_ep 
(-4, -2, 17), [1, -4, -2, 17, -34, -1156, 4913], 3.17.ae_ac_r 
(-4, -2, 51), [1, -4, -2, 51, -34, -1156, 4913], 3.17.ae_ac_bz 
(-4, -2, 85), [1, -4, -2, 85, -34, -1156, 4913], 3.17.ae_ac_dh 
(-4, 2, -17), [1, -4, 2, -17, 34, -1156, 4913], 3.17.ae_c_ar 
(-4, 2, 17), [1, -4, 2, 17, 34, -1156, 4913], 3.17.ae_c_r 
(-4, 2, 51), [1, -4, 2, 51, 34, -1156, 4913], 3.17.ae_c_bz 
(-4, 2, 85), [1, -4, 2, 85, 34, -1156, 4913], 3.17.ae_c_dh 
(-4, 4, -17), [1, -4, 4, -17, 68, -1156, 4913], 3.17.ae_e_ar 
(-4, 4, 17), [1, -4, 4, 17, 68, -1156, 4913], 3.17.ae_e_r 
(-4, 4, 51), [1, -4, 4, 51, 68, -1156, 4913], 3.17.ae_e_bz 
(-4, 6, -51), [1, -4, 6, -51, 102, -1156, 4913], 3.17.ae_g_abz 
(-4, 6, -17), [1, -4, 6, -17, 102, -1156, 4913], 3.17.ae_g_ar 
(-4, 6, 17), [1, -4, 6, 17, 102, -1156, 4913], 3.17.ae_g_r 
(-4, 6, 51), [1, -4, 6, 51, 102, -1156, 4913], 3.17.ae_g_bz 
(-4, 8, -51), [1, -4, 8, -51, 136, -1156, 4913], 3.17.ae_i_abz 
(-4, 8, -17), [1, -4, 8, -17, 136, -1156, 4913], 3.17.ae_i_ar 
(-4, 8, 17), [1, -4, 8, 17, 136, -1156, 4913], 3.17.ae_i_r 
(-4, 8, 51), [1, -4, 8, 51, 136, -1156, 4913], 3.17.ae_i_bz 
(-4, 10, -85), [1, -4, 10, -85, 170, -1156, 4913], 3.17.ae_k_adh 
(-4, 10, -51), [1, -4, 10, -51, 170, -1156, 4913], 3.17.ae_k_abz 
(-4, 10, -17), [1, -4, 10, -17, 170, -1156, 4913], 3.17.ae_k_ar 
(-4, 10, 17), [1, -4, 10, 17, 170, -1156, 4913], 3.17.ae_k_r 
(-4, 12, -85), [1, -4, 12, -85, 204, -1156, 4913], 3.17.ae_m_adh 
(-4, 12, -51), [1, -4, 12, -51, 204, -1156, 4913], 3.17.ae_m_abz 
(-4, 12, -17), [1, -4, 12, -17, 204, -1156, 4913], 3.17.ae_m_ar 
(-4, 12, 17), [1, -4, 12, 17, 204, -1156, 4913], 3.17.ae_m_r 
(-4, 14, -119), [1, -4, 14, -119, 238, -1156, 4913], 3.17.ae_o_aep 
(-4, 14, -85), [1, -4, 14, -85, 238, -1156, 4913], 3.17.ae_o_adh 
(-4, 14, -51), [1, -4, 14, -51, 238, -1156, 4913], 3.17.ae_o_abz 
(-4, 14, -17), [1, -4, 14, -17, 238, -1156, 4913], 3.17.ae_o_ar 
(-4, 14, 17), [1, -4, 14, 17, 238, -1156, 4913], 3.17.ae_o_r 
(-4, 16, -119), [1, -4, 16, -119, 272, -1156, 4913], 3.17.ae_q_aep 
(-4, 16, -85), [1, -4, 16, -85, 272, -1156, 4913], 3.17.ae_q_adh 
(-4, 16, -51), [1, -4, 16, -51, 272, -1156, 4913], 3.17.ae_q_abz 
(-4, 16, -17), [1, -4, 16, -17, 272, -1156, 4913], 3.17.ae_q_ar 
(-4, 18, -119), [1, -4, 18, -119, 306, -1156, 4913], 3.17.ae_s_aep 
(-4, 18, -85), [1, -4, 18, -85, 306, -1156, 4913], 3.17.ae_s_adh 
(-4, 18, -51), [1, -4, 18, -51, 306, -1156, 4913], 3.17.ae_s_abz 
(-4, 18, -17), [1, -4, 18, -17, 306, -1156, 4913], 3.17.ae_s_ar 
(-4, 20, -153), [1, -4, 20, -153, 340, -1156, 4913], 3.17.ae_u_afx 
(-4, 20, -119), [1, -4, 20, -119, 340, -1156, 4913], 3.17.ae_u_aep 
(-4, 20, -85), [1, -4, 20, -85, 340, -1156, 4913], 3.17.ae_u_adh 
(-4, 20, -51), [1, -4, 20, -51, 340, -1156, 4913], 3.17.ae_u_abz 
(-4, 20, -17), [1, -4, 20, -17, 340, -1156, 4913], 3.17.ae_u_ar 
(-4, 22, -153), [1, -4, 22, -153, 374, -1156, 4913], 3.17.ae_w_afx 
(-4, 22, -119), [1, -4, 22, -119, 374, -1156, 4913], 3.17.ae_w_aep 
(-4, 22, -85), [1, -4, 22, -85, 374, -1156, 4913], 3.17.ae_w_adh 
(-4, 22, -51), [1, -4, 22, -51, 374, -1156, 4913], 3.17.ae_w_abz 
(-4, 22, -17), [1, -4, 22, -17, 374, -1156, 4913], 3.17.ae_w_ar 
(-4, 24, -153), [1, -4, 24, -153, 408, -1156, 4913], 3.17.ae_y_afx 
(-4, 24, -119), [1, -4, 24, -119, 408, -1156, 4913], 3.17.ae_y_aep 
(-4, 24, -85), [1, -4, 24, -85, 408, -1156, 4913], 3.17.ae_y_adh 
(-4, 24, -51), [1, -4, 24, -51, 408, -1156, 4913], 3.17.ae_y_abz 
(-4, 26, -153), [1, -4, 26, -153, 442, -1156, 4913], 3.17.ae_ba_afx 
(-4, 26, -119), [1, -4, 26, -119, 442, -1156, 4913], 3.17.ae_ba_aep 
(-4, 26, -85), [1, -4, 26, -85, 442, -1156, 4913], 3.17.ae_ba_adh 
(-4, 26, -51), [1, -4, 26, -51, 442, -1156, 4913], 3.17.ae_ba_abz 
(-4, 28, -153), [1, -4, 28, -153, 476, -1156, 4913], 3.17.ae_bc_afx 
(-4, 28, -119), [1, -4, 28, -119, 476, -1156, 4913], 3.17.ae_bc_aep 
(-4, 28, -85), [1, -4, 28, -85, 476, -1156, 4913], 3.17.ae_bc_adh 
(-4, 28, -51), [1, -4, 28, -51, 476, -1156, 4913], 3.17.ae_bc_abz 
(-4, 30, -153), [1, -4, 30, -153, 510, -1156, 4913], 3.17.ae_be_afx 
(-4, 30, -119), [1, -4, 30, -119, 510, -1156, 4913], 3.17.ae_be_aep 
(-4, 30, -85), [1, -4, 30, -85, 510, -1156, 4913], 3.17.ae_be_adh 
(-4, 32, -119), [1, -4, 32, -119, 544, -1156, 4913], 3.17.ae_bg_aep 
(-4, 32, -85), [1, -4, 32, -85, 544, -1156, 4913], 3.17.ae_bg_adh 
(-4, 36, -119), [1, -4, 36, -119, 612, -1156, 4913], 3.17.ae_bk_aep 
(-4, 36, -85), [1, -4, 36, -85, 612, -1156, 4913], 3.17.ae_bk_adh 
(-4, 38, -119), [1, -4, 38, -119, 646, -1156, 4913], 3.17.ae_bm_aep 
(-4, 38, -85), [1, -4, 38, -85, 646, -1156, 4913], 3.17.ae_bm_adh 
(-4, 40, -119), [1, -4, 40, -119, 680, -1156, 4913], 3.17.ae_bo_aep 
(-4, 42, -119), [1, -4, 42, -119, 714, -1156, 4913], 3.17.ae_bq_aep 
(-4, 44, -119), [1, -4, 44, -119, 748, -1156, 4913], 3.17.ae_bs_aep 
(-4, 46, -119), [1, -4, 46, -119, 782, -1156, 4913], 3.17.ae_bu_aep 
(-4, 48, -119), [1, -4, 48, -119, 816, -1156, 4913], 3.17.ae_bw_aep 
(-3, -14, 85), [1, -3, -14, 85, -238, -867, 4913], 3.17.ad_ao_dh 
(-3, -14, 119), [1, -3, -14, 119, -238, -867, 4913], 3.17.ad_ao_ep 
(-3, -12, 85), [1, -3, -12, 85, -204, -867, 4913], 3.17.ad_am_dh 
(-3, -12, 119), [1, -3, -12, 119, -204, -867, 4913], 3.17.ad_am_ep 
(-3, -10, 51), [1, -3, -10, 51, -170, -867, 4913], 3.17.ad_ak_bz 
(-3, -10, 85), [1, -3, -10, 85, -170, -867, 4913], 3.17.ad_ak_dh 
(-3, -10, 119), [1, -3, -10, 119, -170, -867, 4913], 3.17.ad_ak_ep 
(-3, -8, 51), [1, -3, -8, 51, -136, -867, 4913], 3.17.ad_ai_bz 
(-3, -8, 85), [1, -3, -8, 85, -136, -867, 4913], 3.17.ad_ai_dh 
(-3, -8, 119), [1, -3, -8, 119, -136, -867, 4913], 3.17.ad_ai_ep 
(-3, -6, 17), [1, -3, -6, 17, -102, -867, 4913], 3.17.ad_ag_r 
(-3, -6, 51), [1, -3, -6, 51, -102, -867, 4913], 3.17.ad_ag_bz 
(-3, -6, 85), [1, -3, -6, 85, -102, -867, 4913], 3.17.ad_ag_dh 
(-3, -6, 119), [1, -3, -6, 119, -102, -867, 4913], 3.17.ad_ag_ep 
(-3, -4, 17), [1, -3, -4, 17, -68, -867, 4913], 3.17.ad_ae_r 
(-3, -4, 51), [1, -3, -4, 51, -68, -867, 4913], 3.17.ad_ae_bz 
(-3, -4, 85), [1, -3, -4, 85, -68, -867, 4913], 3.17.ad_ae_dh 
(-3, -4, 119), [1, -3, -4, 119, -68, -867, 4913], 3.17.ad_ae_ep 
(-3, -2, -17), [1, -3, -2, -17, -34, -867, 4913], 3.17.ad_ac_ar 
(-3, -2, 51), [1, -3, -2, 51, -34, -867, 4913], 3.17.ad_ac_bz 
(-3, -2, 85), [1, -3, -2, 85, -34, -867, 4913], 3.17.ad_ac_dh 
(-3, 2, -17), [1, -3, 2, -17, 34, -867, 4913], 3.17.ad_c_ar 
(-3, 2, 17), [1, -3, 2, 17, 34, -867, 4913], 3.17.ad_c_r 
(-3, 2, 51), [1, -3, 2, 51, 34, -867, 4913], 3.17.ad_c_bz 
(-3, 2, 85), [1, -3, 2, 85, 34, -867, 4913], 3.17.ad_c_dh 
(-3, 4, -51), [1, -3, 4, -51, 68, -867, 4913], 3.17.ad_e_abz 
(-3, 4, -17), [1, -3, 4, -17, 68, -867, 4913], 3.17.ad_e_ar 
(-3, 4, 17), [1, -3, 4, 17, 68, -867, 4913], 3.17.ad_e_r 
(-3, 4, 51), [1, -3, 4, 51, 68, -867, 4913], 3.17.ad_e_bz 
(-3, 6, -85), [1, -3, 6, -85, 102, -867, 4913], 3.17.ad_g_adh 
(-3, 6, -51), [1, -3, 6, -51, 102, -867, 4913], 3.17.ad_g_abz 
(-3, 6, -17), [1, -3, 6, -17, 102, -867, 4913], 3.17.ad_g_ar 
(-3, 6, 51), [1, -3, 6, 51, 102, -867, 4913], 3.17.ad_g_bz 
(-3, 8, -85), [1, -3, 8, -85, 136, -867, 4913], 3.17.ad_i_adh 
(-3, 8, -51), [1, -3, 8, -51, 136, -867, 4913], 3.17.ad_i_abz 
(-3, 8, -17), [1, -3, 8, -17, 136, -867, 4913], 3.17.ad_i_ar 
(-3, 8, 17), [1, -3, 8, 17, 136, -867, 4913], 3.17.ad_i_r 
(-3, 8, 51), [1, -3, 8, 51, 136, -867, 4913], 3.17.ad_i_bz 
(-3, 10, -119), [1, -3, 10, -119, 170, -867, 4913], 3.17.ad_k_aep 
(-3, 10, -85), [1, -3, 10, -85, 170, -867, 4913], 3.17.ad_k_adh 
(-3, 10, -51), [1, -3, 10, -51, 170, -867, 4913], 3.17.ad_k_abz 
(-3, 10, -17), [1, -3, 10, -17, 170, -867, 4913], 3.17.ad_k_ar 
(-3, 10, 17), [1, -3, 10, 17, 170, -867, 4913], 3.17.ad_k_r 
(-3, 10, 51), [1, -3, 10, 51, 170, -867, 4913], 3.17.ad_k_bz 
(-3, 12, -136), [1, -3, 12, -136, 204, -867, 4913], 3.17.ad_m_afg 
(-3, 12, -119), [1, -3, 12, -119, 204, -867, 4913], 3.17.ad_m_aep 
(-3, 12, -85), [1, -3, 12, -85, 204, -867, 4913], 3.17.ad_m_adh 
(-3, 12, -51), [1, -3, 12, -51, 204, -867, 4913], 3.17.ad_m_abz 
(-3, 12, -17), [1, -3, 12, -17, 204, -867, 4913], 3.17.ad_m_ar 
(-3, 12, 17), [1, -3, 12, 17, 204, -867, 4913], 3.17.ad_m_r 
(-3, 14, -153), [1, -3, 14, -153, 238, -867, 4913], 3.17.ad_o_afx 
(-3, 14, -119), [1, -3, 14, -119, 238, -867, 4913], 3.17.ad_o_aep 
(-3, 14, -85), [1, -3, 14, -85, 238, -867, 4913], 3.17.ad_o_adh 
(-3, 14, -51), [1, -3, 14, -51, 238, -867, 4913], 3.17.ad_o_abz 
(-3, 14, -17), [1, -3, 14, -17, 238, -867, 4913], 3.17.ad_o_ar 
(-3, 14, 17), [1, -3, 14, 17, 238, -867, 4913], 3.17.ad_o_r 
(-3, 16, -119), [1, -3, 16, -119, 272, -867, 4913], 3.17.ad_q_aep 
(-3, 16, -85), [1, -3, 16, -85, 272, -867, 4913], 3.17.ad_q_adh 
(-3, 16, -51), [1, -3, 16, -51, 272, -867, 4913], 3.17.ad_q_abz 
(-3, 16, -17), [1, -3, 16, -17, 272, -867, 4913], 3.17.ad_q_ar 
(-3, 16, 17), [1, -3, 16, 17, 272, -867, 4913], 3.17.ad_q_r 
(-3, 18, -119), [1, -3, 18, -119, 306, -867, 4913], 3.17.ad_s_aep 
(-3, 18, -85), [1, -3, 18, -85, 306, -867, 4913], 3.17.ad_s_adh 
(-3, 18, -51), [1, -3, 18, -51, 306, -867, 4913], 3.17.ad_s_abz 
(-3, 18, -17), [1, -3, 18, -17, 306, -867, 4913], 3.17.ad_s_ar 
(-3, 20, -119), [1, -3, 20, -119, 340, -867, 4913], 3.17.ad_u_aep 
(-3, 20, -85), [1, -3, 20, -85, 340, -867, 4913], 3.17.ad_u_adh 
(-3, 20, -51), [1, -3, 20, -51, 340, -867, 4913], 3.17.ad_u_abz 
(-3, 20, -17), [1, -3, 20, -17, 340, -867, 4913], 3.17.ad_u_ar 
(-3, 22, -119), [1, -3, 22, -119, 374, -867, 4913], 3.17.ad_w_aep 
(-3, 22, -85), [1, -3, 22, -85, 374, -867, 4913], 3.17.ad_w_adh 
(-3, 22, -51), [1, -3, 22, -51, 374, -867, 4913], 3.17.ad_w_abz 
(-3, 22, -17), [1, -3, 22, -17, 374, -867, 4913], 3.17.ad_w_ar 
(-3, 24, -119), [1, -3, 24, -119, 408, -867, 4913], 3.17.ad_y_aep 
(-3, 24, -85), [1, -3, 24, -85, 408, -867, 4913], 3.17.ad_y_adh 
(-3, 24, -51), [1, -3, 24, -51, 408, -867, 4913], 3.17.ad_y_abz 
(-3, 26, -119), [1, -3, 26, -119, 442, -867, 4913], 3.17.ad_ba_aep 
(-3, 26, -85), [1, -3, 26, -85, 442, -867, 4913], 3.17.ad_ba_adh 
(-3, 26, -51), [1, -3, 26, -51, 442, -867, 4913], 3.17.ad_ba_abz 
(-3, 28, -119), [1, -3, 28, -119, 476, -867, 4913], 3.17.ad_bc_aep 
(-3, 28, -85), [1, -3, 28, -85, 476, -867, 4913], 3.17.ad_bc_adh 
(-3, 28, -51), [1, -3, 28, -51, 476, -867, 4913], 3.17.ad_bc_abz 
(-3, 30, -85), [1, -3, 30, -85, 510, -867, 4913], 3.17.ad_be_adh 
(-3, 30, -51), [1, -3, 30, -51, 510, -867, 4913], 3.17.ad_be_abz 
(-3, 32, -119), [1, -3, 32, -119, 544, -867, 4913], 3.17.ad_bg_aep 
(-3, 32, -85), [1, -3, 32, -85, 544, -867, 4913], 3.17.ad_bg_adh 
(-3, 32, -51), [1, -3, 32, -51, 544, -867, 4913], 3.17.ad_bg_abz 
(-3, 33, -119), [1, -3, 33, -119, 561, -867, 4913], 3.17.ad_bh_aep 
(-3, 38, -85), [1, -3, 38, -85, 646, -867, 4913], 3.17.ad_bm_adh 
(-3, 40, -85), [1, -3, 40, -85, 680, -867, 4913], 3.17.ad_bo_adh 
(-3, 42, -85), [1, -3, 42, -85, 714, -867, 4913], 3.17.ad_bq_adh 
(-3, 44, -85), [1, -3, 44, -85, 748, -867, 4913], 3.17.ad_bs_adh 
(-2, -14, 51), [1, -2, -14, 51, -238, -578, 4913], 3.17.ac_ao_bz 
(-2, -14, 85), [1, -2, -14, 85, -238, -578, 4913], 3.17.ac_ao_dh 
(-2, -12, 51), [1, -2, -12, 51, -204, -578, 4913], 3.17.ac_am_bz 
(-2, -12, 85), [1, -2, -12, 85, -204, -578, 4913], 3.17.ac_am_dh 
(-2, -10, 17), [1, -2, -10, 17, -170, -578, 4913], 3.17.ac_ak_r 
(-2, -10, 51), [1, -2, -10, 51, -170, -578, 4913], 3.17.ac_ak_bz 
(-2, -10, 85), [1, -2, -10, 85, -170, -578, 4913], 3.17.ac_ak_dh 
(-2, -10, 119), [1, -2, -10, 119, -170, -578, 4913], 3.17.ac_ak_ep 
(-2, -8, 17), [1, -2, -8, 17, -136, -578, 4913], 3.17.ac_ai_r 
(-2, -8, 51), [1, -2, -8, 51, -136, -578, 4913], 3.17.ac_ai_bz 
(-2, -8, 85), [1, -2, -8, 85, -136, -578, 4913], 3.17.ac_ai_dh 
(-2, -8, 119), [1, -2, -8, 119, -136, -578, 4913], 3.17.ac_ai_ep 
(-2, -6, -17), [1, -2, -6, -17, -102, -578, 4913], 3.17.ac_ag_ar 
(-2, -6, 17), [1, -2, -6, 17, -102, -578, 4913], 3.17.ac_ag_r 
(-2, -6, 51), [1, -2, -6, 51, -102, -578, 4913], 3.17.ac_ag_bz 
(-2, -6, 85), [1, -2, -6, 85, -102, -578, 4913], 3.17.ac_ag_dh 
(-2, -6, 119), [1, -2, -6, 119, -102, -578, 4913], 3.17.ac_ag_ep 
(-2, -4, -17), [1, -2, -4, -17, -68, -578, 4913], 3.17.ac_ae_ar 
(-2, -4, 17), [1, -2, -4, 17, -68, -578, 4913], 3.17.ac_ae_r 
(-2, -4, 51), [1, -2, -4, 51, -68, -578, 4913], 3.17.ac_ae_bz 
(-2, -4, 85), [1, -2, -4, 85, -68, -578, 4913], 3.17.ac_ae_dh 
(-2, -4, 119), [1, -2, -4, 119, -68, -578, 4913], 3.17.ac_ae_ep 
(-2, -2, -51), [1, -2, -2, -51, -34, -578, 4913], 3.17.ac_ac_abz 
(-2, -2, -17), [1, -2, -2, -17, -34, -578, 4913], 3.17.ac_ac_ar 
(-2, -2, 17), [1, -2, -2, 17, -34, -578, 4913], 3.17.ac_ac_r 
(-2, -2, 51), [1, -2, -2, 51, -34, -578, 4913], 3.17.ac_ac_bz 
(-2, -2, 85), [1, -2, -2, 85, -34, -578, 4913], 3.17.ac_ac_dh 
(-2, -2, 119), [1, -2, -2, 119, -34, -578, 4913], 3.17.ac_ac_ep 
(-2, 2, -85), [1, -2, 2, -85, 34, -578, 4913], 3.17.ac_c_adh 
(-2, 2, -51), [1, -2, 2, -51, 34, -578, 4913], 3.17.ac_c_abz 
(-2, 2, -17), [1, -2, 2, -17, 34, -578, 4913], 3.17.ac_c_ar 
(-2, 2, 17), [1, -2, 2, 17, 34, -578, 4913], 3.17.ac_c_r 
(-2, 2, 51), [1, -2, 2, 51, 34, -578, 4913], 3.17.ac_c_bz 
(-2, 2, 85), [1, -2, 2, 85, 34, -578, 4913], 3.17.ac_c_dh 
(-2, 4, -85), [1, -2, 4, -85, 68, -578, 4913], 3.17.ac_e_adh 
(-2, 4, -51), [1, -2, 4, -51, 68, -578, 4913], 3.17.ac_e_abz 
(-2, 4, -17), [1, -2, 4, -17, 68, -578, 4913], 3.17.ac_e_ar 
(-2, 4, 17), [1, -2, 4, 17, 68, -578, 4913], 3.17.ac_e_r 
(-2, 4, 51), [1, -2, 4, 51, 68, -578, 4913], 3.17.ac_e_bz 
(-2, 4, 85), [1, -2, 4, 85, 68, -578, 4913], 3.17.ac_e_dh 
(-2, 6, -119), [1, -2, 6, -119, 102, -578, 4913], 3.17.ac_g_aep 
(-2, 6, -85), [1, -2, 6, -85, 102, -578, 4913], 3.17.ac_g_adh 
(-2, 6, -51), [1, -2, 6, -51, 102, -578, 4913], 3.17.ac_g_abz 
(-2, 6, -17), [1, -2, 6, -17, 102, -578, 4913], 3.17.ac_g_ar 
(-2, 6, 17), [1, -2, 6, 17, 102, -578, 4913], 3.17.ac_g_r 
(-2, 6, 51), [1, -2, 6, 51, 102, -578, 4913], 3.17.ac_g_bz 
(-2, 8, -119), [1, -2, 8, -119, 136, -578, 4913], 3.17.ac_i_aep 
(-2, 8, -85), [1, -2, 8, -85, 136, -578, 4913], 3.17.ac_i_adh 
(-2, 8, -51), [1, -2, 8, -51, 136, -578, 4913], 3.17.ac_i_abz 
(-2, 8, -17), [1, -2, 8, -17, 136, -578, 4913], 3.17.ac_i_ar 
(-2, 8, 17), [1, -2, 8, 17, 136, -578, 4913], 3.17.ac_i_r 
(-2, 8, 51), [1, -2, 8, 51, 136, -578, 4913], 3.17.ac_i_bz 
(-2, 10, -119), [1, -2, 10, -119, 170, -578, 4913], 3.17.ac_k_aep 
(-2, 10, -85), [1, -2, 10, -85, 170, -578, 4913], 3.17.ac_k_adh 
(-2, 10, -51), [1, -2, 10, -51, 170, -578, 4913], 3.17.ac_k_abz 
(-2, 10, -17), [1, -2, 10, -17, 170, -578, 4913], 3.17.ac_k_ar 
(-2, 10, 17), [1, -2, 10, 17, 170, -578, 4913], 3.17.ac_k_r 
(-2, 10, 51), [1, -2, 10, 51, 170, -578, 4913], 3.17.ac_k_bz 
(-2, 12, -119), [1, -2, 12, -119, 204, -578, 4913], 3.17.ac_m_aep 
(-2, 12, -85), [1, -2, 12, -85, 204, -578, 4913], 3.17.ac_m_adh 
(-2, 12, -51), [1, -2, 12, -51, 204, -578, 4913], 3.17.ac_m_abz 
(-2, 12, -17), [1, -2, 12, -17, 204, -578, 4913], 3.17.ac_m_ar 
(-2, 12, 17), [1, -2, 12, 17, 204, -578, 4913], 3.17.ac_m_r 
(-2, 12, 51), [1, -2, 12, 51, 204, -578, 4913], 3.17.ac_m_bz 
(-2, 14, -119), [1, -2, 14, -119, 238, -578, 4913], 3.17.ac_o_aep 
(-2, 14, -85), [1, -2, 14, -85, 238, -578, 4913], 3.17.ac_o_adh 
(-2, 14, -51), [1, -2, 14, -51, 238, -578, 4913], 3.17.ac_o_abz 
(-2, 14, -17), [1, -2, 14, -17, 238, -578, 4913], 3.17.ac_o_ar 
(-2, 14, 17), [1, -2, 14, 17, 238, -578, 4913], 3.17.ac_o_r 
(-2, 16, -119), [1, -2, 16, -119, 272, -578, 4913], 3.17.ac_q_aep 
(-2, 16, -85), [1, -2, 16, -85, 272, -578, 4913], 3.17.ac_q_adh 
(-2, 16, -51), [1, -2, 16, -51, 272, -578, 4913], 3.17.ac_q_abz 
(-2, 16, -17), [1, -2, 16, -17, 272, -578, 4913], 3.17.ac_q_ar 
(-2, 16, 17), [1, -2, 16, 17, 272, -578, 4913], 3.17.ac_q_r 
(-2, 18, -119), [1, -2, 18, -119, 306, -578, 4913], 3.17.ac_s_aep 
(-2, 18, -85), [1, -2, 18, -85, 306, -578, 4913], 3.17.ac_s_adh 
(-2, 18, -51), [1, -2, 18, -51, 306, -578, 4913], 3.17.ac_s_abz 
(-2, 18, -17), [1, -2, 18, -17, 306, -578, 4913], 3.17.ac_s_ar 
(-2, 18, 17), [1, -2, 18, 17, 306, -578, 4913], 3.17.ac_s_r 
(-2, 20, -85), [1, -2, 20, -85, 340, -578, 4913], 3.17.ac_u_adh 
(-2, 20, -51), [1, -2, 20, -51, 340, -578, 4913], 3.17.ac_u_abz 
(-2, 20, -17), [1, -2, 20, -17, 340, -578, 4913], 3.17.ac_u_ar 
(-2, 20, 17), [1, -2, 20, 17, 340, -578, 4913], 3.17.ac_u_r 
(-2, 22, -85), [1, -2, 22, -85, 374, -578, 4913], 3.17.ac_w_adh 
(-2, 22, -51), [1, -2, 22, -51, 374, -578, 4913], 3.17.ac_w_abz 
(-2, 22, -17), [1, -2, 22, -17, 374, -578, 4913], 3.17.ac_w_ar 
(-2, 24, -85), [1, -2, 24, -85, 408, -578, 4913], 3.17.ac_y_adh 
(-2, 24, -51), [1, -2, 24, -51, 408, -578, 4913], 3.17.ac_y_abz 
(-2, 24, -17), [1, -2, 24, -17, 408, -578, 4913], 3.17.ac_y_ar 
(-2, 26, -85), [1, -2, 26, -85, 442, -578, 4913], 3.17.ac_ba_adh 
(-2, 26, -51), [1, -2, 26, -51, 442, -578, 4913], 3.17.ac_ba_abz 
(-2, 26, -17), [1, -2, 26, -17, 442, -578, 4913], 3.17.ac_ba_ar 
(-2, 28, -85), [1, -2, 28, -85, 476, -578, 4913], 3.17.ac_bc_adh 
(-2, 28, -51), [1, -2, 28, -51, 476, -578, 4913], 3.17.ac_bc_abz 
(-2, 28, -17), [1, -2, 28, -17, 476, -578, 4913], 3.17.ac_bc_ar 
(-2, 30, -85), [1, -2, 30, -85, 510, -578, 4913], 3.17.ac_be_adh 
(-2, 30, -51), [1, -2, 30, -51, 510, -578, 4913], 3.17.ac_be_abz 
(-2, 30, -17), [1, -2, 30, -17, 510, -578, 4913], 3.17.ac_be_ar 
(-2, 32, -85), [1, -2, 32, -85, 544, -578, 4913], 3.17.ac_bg_adh 
(-2, 32, -51), [1, -2, 32, -51, 544, -578, 4913], 3.17.ac_bg_abz 
(-2, 36, -51), [1, -2, 36, -51, 612, -578, 4913], 3.17.ac_bk_abz 
(-2, 38, -51), [1, -2, 38, -51, 646, -578, 4913], 3.17.ac_bm_abz 
(-2, 40, -51), [1, -2, 40, -51, 680, -578, 4913], 3.17.ac_bo_abz 
(-2, 42, -51), [1, -2, 42, -51, 714, -578, 4913], 3.17.ac_bq_abz 
(-1, -14, 17), [1, -1, -14, 17, -238, -289, 4913], 3.17.ab_ao_r 
(-1, -14, 51), [1, -1, -14, 51, -238, -289, 4913], 3.17.ab_ao_bz 
(-1, -12, 17), [1, -1, -12, 17, -204, -289, 4913], 3.17.ab_am_r 
(-1, -12, 51), [1, -1, -12, 51, -204, -289, 4913], 3.17.ab_am_bz 
(-1, -10, -17), [1, -1, -10, -17, -170, -289, 4913], 3.17.ab_ak_ar 
(-1, -10, 17), [1, -1, -10, 17, -170, -289, 4913], 3.17.ab_ak_r 
(-1, -10, 51), [1, -1, -10, 51, -170, -289, 4913], 3.17.ab_ak_bz 
(-1, -10, 85), [1, -1, -10, 85, -170, -289, 4913], 3.17.ab_ak_dh 
(-1, -8, -17), [1, -1, -8, -17, -136, -289, 4913], 3.17.ab_ai_ar 
(-1, -8, 17), [1, -1, -8, 17, -136, -289, 4913], 3.17.ab_ai_r 
(-1, -8, 51), [1, -1, -8, 51, -136, -289, 4913], 3.17.ab_ai_bz 
(-1, -6, -51), [1, -1, -6, -51, -102, -289, 4913], 3.17.ab_ag_abz 
(-1, -6, -17), [1, -1, -6, -17, -102, -289, 4913], 3.17.ab_ag_ar 
(-1, -6, 17), [1, -1, -6, 17, -102, -289, 4913], 3.17.ab_ag_r 
(-1, -6, 51), [1, -1, -6, 51, -102, -289, 4913], 3.17.ab_ag_bz 
(-1, -6, 85), [1, -1, -6, 85, -102, -289, 4913], 3.17.ab_ag_dh 
(-1, -4, -51), [1, -1, -4, -51, -68, -289, 4913], 3.17.ab_ae_abz 
(-1, -4, -17), [1, -1, -4, -17, -68, -289, 4913], 3.17.ab_ae_ar 
(-1, -4, 17), [1, -1, -4, 17, -68, -289, 4913], 3.17.ab_ae_r 
(-1, -4, 51), [1, -1, -4, 51, -68, -289, 4913], 3.17.ab_ae_bz 
(-1, -4, 85), [1, -1, -4, 85, -68, -289, 4913], 3.17.ab_ae_dh 
(-1, -4, 119), [1, -1, -4, 119, -68, -289, 4913], 3.17.ab_ae_ep 
(-1, -4, 136), [1, -1, -4, 136, -68, -289, 4913], 3.17.ab_ae_fg 
(-1, -2, -51), [1, -1, -2, -51, -34, -289, 4913], 3.17.ab_ac_abz 
(-1, -2, -17), [1, -1, -2, -17, -34, -289, 4913], 3.17.ab_ac_ar 
(-1, -2, 17), [1, -1, -2, 17, -34, -289, 4913], 3.17.ab_ac_r 
(-1, -2, 51), [1, -1, -2, 51, -34, -289, 4913], 3.17.ab_ac_bz 
(-1, -2, 85), [1, -1, -2, 85, -34, -289, 4913], 3.17.ab_ac_dh 
(-1, -2, 119), [1, -1, -2, 119, -34, -289, 4913], 3.17.ab_ac_ep 
(-1, 2, -119), [1, -1, 2, -119, 34, -289, 4913], 3.17.ab_c_aep 
(-1, 2, -85), [1, -1, 2, -85, 34, -289, 4913], 3.17.ab_c_adh 
(-1, 2, -51), [1, -1, 2, -51, 34, -289, 4913], 3.17.ab_c_abz 
(-1, 2, -17), [1, -1, 2, -17, 34, -289, 4913], 3.17.ab_c_ar 
(-1, 2, 17), [1, -1, 2, 17, 34, -289, 4913], 3.17.ab_c_r 
(-1, 2, 51), [1, -1, 2, 51, 34, -289, 4913], 3.17.ab_c_bz 
(-1, 2, 85), [1, -1, 2, 85, 34, -289, 4913], 3.17.ab_c_dh 
(-1, 4, -85), [1, -1, 4, -85, 68, -289, 4913], 3.17.ab_e_adh 
(-1, 4, -51), [1, -1, 4, -51, 68, -289, 4913], 3.17.ab_e_abz 
(-1, 4, -17), [1, -1, 4, -17, 68, -289, 4913], 3.17.ab_e_ar 
(-1, 4, 17), [1, -1, 4, 17, 68, -289, 4913], 3.17.ab_e_r 
(-1, 4, 51), [1, -1, 4, 51, 68, -289, 4913], 3.17.ab_e_bz 
(-1, 4, 85), [1, -1, 4, 85, 68, -289, 4913], 3.17.ab_e_dh 
(-1, 6, -119), [1, -1, 6, -119, 102, -289, 4913], 3.17.ab_g_aep 
(-1, 6, -85), [1, -1, 6, -85, 102, -289, 4913], 3.17.ab_g_adh 
(-1, 6, -51), [1, -1, 6, -51, 102, -289, 4913], 3.17.ab_g_abz 
(-1, 6, -17), [1, -1, 6, -17, 102, -289, 4913], 3.17.ab_g_ar 
(-1, 6, 17), [1, -1, 6, 17, 102, -289, 4913], 3.17.ab_g_r 
(-1, 6, 51), [1, -1, 6, 51, 102, -289, 4913], 3.17.ab_g_bz 
(-1, 6, 85), [1, -1, 6, 85, 102, -289, 4913], 3.17.ab_g_dh 
(-1, 8, -119), [1, -1, 8, -119, 136, -289, 4913], 3.17.ab_i_aep 
(-1, 8, -85), [1, -1, 8, -85, 136, -289, 4913], 3.17.ab_i_adh 
(-1, 8, -51), [1, -1, 8, -51, 136, -289, 4913], 3.17.ab_i_abz 
(-1, 8, -17), [1, -1, 8, -17, 136, -289, 4913], 3.17.ab_i_ar 
(-1, 8, 17), [1, -1, 8, 17, 136, -289, 4913], 3.17.ab_i_r 
(-1, 8, 51), [1, -1, 8, 51, 136, -289, 4913], 3.17.ab_i_bz 
(-1, 8, 85), [1, -1, 8, 85, 136, -289, 4913], 3.17.ab_i_dh 
(-1, 10, -119), [1, -1, 10, -119, 170, -289, 4913], 3.17.ab_k_aep 
(-1, 10, -85), [1, -1, 10, -85, 170, -289, 4913], 3.17.ab_k_adh 
(-1, 10, -51), [1, -1, 10, -51, 170, -289, 4913], 3.17.ab_k_abz 
(-1, 10, -17), [1, -1, 10, -17, 170, -289, 4913], 3.17.ab_k_ar 
(-1, 10, 17), [1, -1, 10, 17, 170, -289, 4913], 3.17.ab_k_r 
(-1, 10, 51), [1, -1, 10, 51, 170, -289, 4913], 3.17.ab_k_bz 
(-1, 12, -85), [1, -1, 12, -85, 204, -289, 4913], 3.17.ab_m_adh 
(-1, 12, -51), [1, -1, 12, -51, 204, -289, 4913], 3.17.ab_m_abz 
(-1, 12, -17), [1, -1, 12, -17, 204, -289, 4913], 3.17.ab_m_ar 
(-1, 12, 17), [1, -1, 12, 17, 204, -289, 4913], 3.17.ab_m_r 
(-1, 12, 51), [1, -1, 12, 51, 204, -289, 4913], 3.17.ab_m_bz 
(-1, 14, -85), [1, -1, 14, -85, 238, -289, 4913], 3.17.ab_o_adh 
(-1, 14, -51), [1, -1, 14, -51, 238, -289, 4913], 3.17.ab_o_abz 
(-1, 14, -17), [1, -1, 14, -17, 238, -289, 4913], 3.17.ab_o_ar 
(-1, 14, 17), [1, -1, 14, 17, 238, -289, 4913], 3.17.ab_o_r 
(-1, 16, -85), [1, -1, 16, -85, 272, -289, 4913], 3.17.ab_q_adh 
(-1, 16, -51), [1, -1, 16, -51, 272, -289, 4913], 3.17.ab_q_abz 
(-1, 16, -17), [1, -1, 16, -17, 272, -289, 4913], 3.17.ab_q_ar 
(-1, 16, 17), [1, -1, 16, 17, 272, -289, 4913], 3.17.ab_q_r 
(-1, 16, 51), [1, -1, 16, 51, 272, -289, 4913], 3.17.ab_q_bz 
(-1, 18, -85), [1, -1, 18, -85, 306, -289, 4913], 3.17.ab_s_adh 
(-1, 18, -51), [1, -1, 18, -51, 306, -289, 4913], 3.17.ab_s_abz 
(-1, 18, -17), [1, -1, 18, -17, 306, -289, 4913], 3.17.ab_s_ar 
(-1, 18, 17), [1, -1, 18, 17, 306, -289, 4913], 3.17.ab_s_r 
(-1, 18, 51), [1, -1, 18, 51, 306, -289, 4913], 3.17.ab_s_bz 
(-1, 20, -85), [1, -1, 20, -85, 340, -289, 4913], 3.17.ab_u_adh 
(-1, 20, -51), [1, -1, 20, -51, 340, -289, 4913], 3.17.ab_u_abz 
(-1, 20, -17), [1, -1, 20, -17, 340, -289, 4913], 3.17.ab_u_ar 
(-1, 20, 17), [1, -1, 20, 17, 340, -289, 4913], 3.17.ab_u_r 
(-1, 22, -51), [1, -1, 22, -51, 374, -289, 4913], 3.17.ab_w_abz 
(-1, 22, -17), [1, -1, 22, -17, 374, -289, 4913], 3.17.ab_w_ar 
(-1, 22, 17), [1, -1, 22, 17, 374, -289, 4913], 3.17.ab_w_r 
(-1, 24, -51), [1, -1, 24, -51, 408, -289, 4913], 3.17.ab_y_abz 
(-1, 24, -17), [1, -1, 24, -17, 408, -289, 4913], 3.17.ab_y_ar 
(-1, 24, 17), [1, -1, 24, 17, 408, -289, 4913], 3.17.ab_y_r 
(-1, 26, -51), [1, -1, 26, -51, 442, -289, 4913], 3.17.ab_ba_abz 
(-1, 26, -17), [1, -1, 26, -17, 442, -289, 4913], 3.17.ab_ba_ar 
(-1, 26, 17), [1, -1, 26, 17, 442, -289, 4913], 3.17.ab_ba_r 
(-1, 28, -51), [1, -1, 28, -51, 476, -289, 4913], 3.17.ab_bc_abz 
(-1, 28, -17), [1, -1, 28, -17, 476, -289, 4913], 3.17.ab_bc_ar 
(-1, 30, -51), [1, -1, 30, -51, 510, -289, 4913], 3.17.ab_be_abz 
(-1, 30, -17), [1, -1, 30, -17, 510, -289, 4913], 3.17.ab_be_ar 
(-1, 32, -17), [1, -1, 32, -17, 544, -289, 4913], 3.17.ab_bg_ar 
(-1, 36, -51), [1, -1, 36, -51, 612, -289, 4913], 3.17.ab_bk_abz 
(-1, 36, -17), [1, -1, 36, -17, 612, -289, 4913], 3.17.ab_bk_ar 
(-1, 38, -17), [1, -1, 38, -17, 646, -289, 4913], 3.17.ab_bm_ar 
(-1, 40, -17), [1, -1, 40, -17, 680, -289, 4913], 3.17.ab_bo_ar 
(0, -14, -17), [1, 0, -14, -17, -238, 0, 4913], 3.17.a_ao_ar 
(0, -14, 17), [1, 0, -14, 17, -238, 0, 4913], 3.17.a_ao_r 
(0, -12, -17), [1, 0, -12, -17, -204, 0, 4913], 3.17.a_am_ar 
(0, -12, 17), [1, 0, -12, 17, -204, 0, 4913], 3.17.a_am_r 
(0, -10, -51), [1, 0, -10, -51, -170, 0, 4913], 3.17.a_ak_abz 
(0, -10, -17), [1, 0, -10, -17, -170, 0, 4913], 3.17.a_ak_ar 
(0, -10, 17), [1, 0, -10, 17, -170, 0, 4913], 3.17.a_ak_r 
(0, -10, 51), [1, 0, -10, 51, -170, 0, 4913], 3.17.a_ak_bz 
(0, -8, -51), [1, 0, -8, -51, -136, 0, 4913], 3.17.a_ai_abz 
(0, -8, -17), [1, 0, -8, -17, -136, 0, 4913], 3.17.a_ai_ar 
(0, -8, 17), [1, 0, -8, 17, -136, 0, 4913], 3.17.a_ai_r 
(0, -8, 51), [1, 0, -8, 51, -136, 0, 4913], 3.17.a_ai_bz 
(0, -6, -85), [1, 0, -6, -85, -102, 0, 4913], 3.17.a_ag_adh 
(0, -6, -51), [1, 0, -6, -51, -102, 0, 4913], 3.17.a_ag_abz 
(0, -6, -17), [1, 0, -6, -17, -102, 0, 4913], 3.17.a_ag_ar 
(0, -6, 17), [1, 0, -6, 17, -102, 0, 4913], 3.17.a_ag_r 
(0, -6, 51), [1, 0, -6, 51, -102, 0, 4913], 3.17.a_ag_bz 
(0, -6, 85), [1, 0, -6, 85, -102, 0, 4913], 3.17.a_ag_dh 
(0, -4, -85), [1, 0, -4, -85, -68, 0, 4913], 3.17.a_ae_adh 
(0, -4, -51), [1, 0, -4, -51, -68, 0, 4913], 3.17.a_ae_abz 
(0, -4, -17), [1, 0, -4, -17, -68, 0, 4913], 3.17.a_ae_ar 
(0, -4, 17), [1, 0, -4, 17, -68, 0, 4913], 3.17.a_ae_r 
(0, -4, 51), [1, 0, -4, 51, -68, 0, 4913], 3.17.a_ae_bz 
(0, -4, 85), [1, 0, -4, 85, -68, 0, 4913], 3.17.a_ae_dh 
(0, -2, -119), [1, 0, -2, -119, -34, 0, 4913], 3.17.a_ac_aep 
(0, -2, -85), [1, 0, -2, -85, -34, 0, 4913], 3.17.a_ac_adh 
(0, -2, -51), [1, 0, -2, -51, -34, 0, 4913], 3.17.a_ac_abz 
(0, -2, -17), [1, 0, -2, -17, -34, 0, 4913], 3.17.a_ac_ar 
(0, -2, 17), [1, 0, -2, 17, -34, 0, 4913], 3.17.a_ac_r 
(0, -2, 51), [1, 0, -2, 51, -34, 0, 4913], 3.17.a_ac_bz 
(0, -2, 85), [1, 0, -2, 85, -34, 0, 4913], 3.17.a_ac_dh 
(0, -2, 119), [1, 0, -2, 119, -34, 0, 4913], 3.17.a_ac_ep 
(0, 2, -119), [1, 0, 2, -119, 34, 0, 4913], 3.17.a_c_aep 
(0, 2, -85), [1, 0, 2, -85, 34, 0, 4913], 3.17.a_c_adh 
(0, 2, -51), [1, 0, 2, -51, 34, 0, 4913], 3.17.a_c_abz 
(0, 2, -17), [1, 0, 2, -17, 34, 0, 4913], 3.17.a_c_ar 
(0, 2, 17), [1, 0, 2, 17, 34, 0, 4913], 3.17.a_c_r 
(0, 2, 51), [1, 0, 2, 51, 34, 0, 4913], 3.17.a_c_bz 
(0, 2, 85), [1, 0, 2, 85, 34, 0, 4913], 3.17.a_c_dh 
(0, 2, 119), [1, 0, 2, 119, 34, 0, 4913], 3.17.a_c_ep 
(0, 4, -119), [1, 0, 4, -119, 68, 0, 4913], 3.17.a_e_aep 
(0, 4, -85), [1, 0, 4, -85, 68, 0, 4913], 3.17.a_e_adh 
(0, 4, -51), [1, 0, 4, -51, 68, 0, 4913], 3.17.a_e_abz 
(0, 4, -17), [1, 0, 4, -17, 68, 0, 4913], 3.17.a_e_ar 
(0, 4, 17), [1, 0, 4, 17, 68, 0, 4913], 3.17.a_e_r 
(0, 4, 51), [1, 0, 4, 51, 68, 0, 4913], 3.17.a_e_bz 
(0, 4, 85), [1, 0, 4, 85, 68, 0, 4913], 3.17.a_e_dh 
(0, 4, 119), [1, 0, 4, 119, 68, 0, 4913], 3.17.a_e_ep 
(0, 6, -85), [1, 0, 6, -85, 102, 0, 4913], 3.17.a_g_adh 
(0, 6, -51), [1, 0, 6, -51, 102, 0, 4913], 3.17.a_g_abz 
(0, 6, -17), [1, 0, 6, -17, 102, 0, 4913], 3.17.a_g_ar 
(0, 6, 17), [1, 0, 6, 17, 102, 0, 4913], 3.17.a_g_r 
(0, 6, 51), [1, 0, 6, 51, 102, 0, 4913], 3.17.a_g_bz 
(0, 6, 85), [1, 0, 6, 85, 102, 0, 4913], 3.17.a_g_dh 
(0, 8, -85), [1, 0, 8, -85, 136, 0, 4913], 3.17.a_i_adh 
(0, 8, -51), [1, 0, 8, -51, 136, 0, 4913], 3.17.a_i_abz 
(0, 8, -17), [1, 0, 8, -17, 136, 0, 4913], 3.17.a_i_ar 
(0, 8, 17), [1, 0, 8, 17, 136, 0, 4913], 3.17.a_i_r 
(0, 8, 51), [1, 0, 8, 51, 136, 0, 4913], 3.17.a_i_bz 
(0, 8, 85), [1, 0, 8, 85, 136, 0, 4913], 3.17.a_i_dh 
(0, 10, -85), [1, 0, 10, -85, 170, 0, 4913], 3.17.a_k_adh 
(0, 10, -51), [1, 0, 10, -51, 170, 0, 4913], 3.17.a_k_abz 
(0, 10, -17), [1, 0, 10, -17, 170, 0, 4913], 3.17.a_k_ar 
(0, 10, 17), [1, 0, 10, 17, 170, 0, 4913], 3.17.a_k_r 
(0, 10, 51), [1, 0, 10, 51, 170, 0, 4913], 3.17.a_k_bz 
(0, 10, 85), [1, 0, 10, 85, 170, 0, 4913], 3.17.a_k_dh 
(0, 12, -85), [1, 0, 12, -85, 204, 0, 4913], 3.17.a_m_adh 
(0, 12, -51), [1, 0, 12, -51, 204, 0, 4913], 3.17.a_m_abz 
(0, 12, -17), [1, 0, 12, -17, 204, 0, 4913], 3.17.a_m_ar 
(0, 12, 17), [1, 0, 12, 17, 204, 0, 4913], 3.17.a_m_r 
(0, 12, 51), [1, 0, 12, 51, 204, 0, 4913], 3.17.a_m_bz 
(0, 12, 85), [1, 0, 12, 85, 204, 0, 4913], 3.17.a_m_dh 
(0, 14, -85), [1, 0, 14, -85, 238, 0, 4913], 3.17.a_o_adh 
(0, 14, -51), [1, 0, 14, -51, 238, 0, 4913], 3.17.a_o_abz 
(0, 14, -17), [1, 0, 14, -17, 238, 0, 4913], 3.17.a_o_ar 
(0, 14, 17), [1, 0, 14, 17, 238, 0, 4913], 3.17.a_o_r 
(0, 14, 51), [1, 0, 14, 51, 238, 0, 4913], 3.17.a_o_bz 
(0, 14, 85), [1, 0, 14, 85, 238, 0, 4913], 3.17.a_o_dh 
(0, 16, -51), [1, 0, 16, -51, 272, 0, 4913], 3.17.a_q_abz 
(0, 16, -17), [1, 0, 16, -17, 272, 0, 4913], 3.17.a_q_ar 
(0, 16, 17), [1, 0, 16, 17, 272, 0, 4913], 3.17.a_q_r 
(0, 16, 51), [1, 0, 16, 51, 272, 0, 4913], 3.17.a_q_bz 
(0, 18, -51), [1, 0, 18, -51, 306, 0, 4913], 3.17.a_s_abz 
(0, 18, -17), [1, 0, 18, -17, 306, 0, 4913], 3.17.a_s_ar 
(0, 18, 17), [1, 0, 18, 17, 306, 0, 4913], 3.17.a_s_r 
(0, 18, 51), [1, 0, 18, 51, 306, 0, 4913], 3.17.a_s_bz 
(0, 20, -51), [1, 0, 20, -51, 340, 0, 4913], 3.17.a_u_abz 
(0, 20, -17), [1, 0, 20, -17, 340, 0, 4913], 3.17.a_u_ar 
(0, 20, 17), [1, 0, 20, 17, 340, 0, 4913], 3.17.a_u_r 
(0, 20, 51), [1, 0, 20, 51, 340, 0, 4913], 3.17.a_u_bz 
(0, 22, -51), [1, 0, 22, -51, 374, 0, 4913], 3.17.a_w_abz 
(0, 22, -17), [1, 0, 22, -17, 374, 0, 4913], 3.17.a_w_ar 
(0, 22, 17), [1, 0, 22, 17, 374, 0, 4913], 3.17.a_w_r 
(0, 22, 51), [1, 0, 22, 51, 374, 0, 4913], 3.17.a_w_bz 
(0, 24, -51), [1, 0, 24, -51, 408, 0, 4913], 3.17.a_y_abz 
(0, 24, -17), [1, 0, 24, -17, 408, 0, 4913], 3.17.a_y_ar 
(0, 24, 17), [1, 0, 24, 17, 408, 0, 4913], 3.17.a_y_r 
(0, 24, 51), [1, 0, 24, 51, 408, 0, 4913], 3.17.a_y_bz 
(0, 26, -17), [1, 0, 26, -17, 442, 0, 4913], 3.17.a_ba_ar 
(0, 26, 17), [1, 0, 26, 17, 442, 0, 4913], 3.17.a_ba_r 
(0, 28, -17), [1, 0, 28, -17, 476, 0, 4913], 3.17.a_bc_ar 
(0, 28, 17), [1, 0, 28, 17, 476, 0, 4913], 3.17.a_bc_r 
(0, 30, -17), [1, 0, 30, -17, 510, 0, 4913], 3.17.a_be_ar 
(0, 30, 17), [1, 0, 30, 17, 510, 0, 4913], 3.17.a_be_r 
(0, 32, -17), [1, 0, 32, -17, 544, 0, 4913], 3.17.a_bg_ar 
(0, 32, 17), [1, 0, 32, 17, 544, 0, 4913], 3.17.a_bg_r 
(0, 36, -17), [1, 0, 36, -17, 612, 0, 4913], 3.17.a_bk_ar 
(0, 36, 17), [1, 0, 36, 17, 612, 0, 4913], 3.17.a_bk_r 
(0, 38, -17), [1, 0, 38, -17, 646, 0, 4913], 3.17.a_bm_ar 
(0, 38, 17), [1, 0, 38, 17, 646, 0, 4913], 3.17.a_bm_r 
(1, -14, -51), [1, 1, -14, -51, -238, 289, 4913], 3.17.b_ao_abz 
(1, -14, -17), [1, 1, -14, -17, -238, 289, 4913], 3.17.b_ao_ar 
(1, -12, -51), [1, 1, -12, -51, -204, 289, 4913], 3.17.b_am_abz 
(1, -12, -17), [1, 1, -12, -17, -204, 289, 4913], 3.17.b_am_ar 
(1, -10, -85), [1, 1, -10, -85, -170, 289, 4913], 3.17.b_ak_adh 
(1, -10, -51), [1, 1, -10, -51, -170, 289, 4913], 3.17.b_ak_abz 
(1, -10, -17), [1, 1, -10, -17, -170, 289, 4913], 3.17.b_ak_ar 
(1, -10, 17), [1, 1, -10, 17, -170, 289, 4913], 3.17.b_ak_r 
(1, -8, -51), [1, 1, -8, -51, -136, 289, 4913], 3.17.b_ai_abz 
(1, -8, -17), [1, 1, -8, -17, -136, 289, 4913], 3.17.b_ai_ar 
(1, -8, 17), [1, 1, -8, 17, -136, 289, 4913], 3.17.b_ai_r 
(1, -6, -85), [1, 1, -6, -85, -102, 289, 4913], 3.17.b_ag_adh 
(1, -6, -51), [1, 1, -6, -51, -102, 289, 4913], 3.17.b_ag_abz 
(1, -6, -17), [1, 1, -6, -17, -102, 289, 4913], 3.17.b_ag_ar 
(1, -6, 17), [1, 1, -6, 17, -102, 289, 4913], 3.17.b_ag_r 
(1, -6, 51), [1, 1, -6, 51, -102, 289, 4913], 3.17.b_ag_bz 
(1, -4, -136), [1, 1, -4, -136, -68, 289, 4913], 3.17.b_ae_afg 
(1, -4, -119), [1, 1, -4, -119, -68, 289, 4913], 3.17.b_ae_aep 
(1, -4, -85), [1, 1, -4, -85, -68, 289, 4913], 3.17.b_ae_adh 
(1, -4, -51), [1, 1, -4, -51, -68, 289, 4913], 3.17.b_ae_abz 
(1, -4, -17), [1, 1, -4, -17, -68, 289, 4913], 3.17.b_ae_ar 
(1, -4, 17), [1, 1, -4, 17, -68, 289, 4913], 3.17.b_ae_r 
(1, -4, 51), [1, 1, -4, 51, -68, 289, 4913], 3.17.b_ae_bz 
(1, -2, -119), [1, 1, -2, -119, -34, 289, 4913], 3.17.b_ac_aep 
(1, -2, -85), [1, 1, -2, -85, -34, 289, 4913], 3.17.b_ac_adh 
(1, -2, -51), [1, 1, -2, -51, -34, 289, 4913], 3.17.b_ac_abz 
(1, -2, -17), [1, 1, -2, -17, -34, 289, 4913], 3.17.b_ac_ar 
(1, -2, 17), [1, 1, -2, 17, -34, 289, 4913], 3.17.b_ac_r 
(1, -2, 51), [1, 1, -2, 51, -34, 289, 4913], 3.17.b_ac_bz 
(1, 2, -85), [1, 1, 2, -85, 34, 289, 4913], 3.17.b_c_adh 
(1, 2, -51), [1, 1, 2, -51, 34, 289, 4913], 3.17.b_c_abz 
(1, 2, -17), [1, 1, 2, -17, 34, 289, 4913], 3.17.b_c_ar 
(1, 2, 17), [1, 1, 2, 17, 34, 289, 4913], 3.17.b_c_r 
(1, 2, 51), [1, 1, 2, 51, 34, 289, 4913], 3.17.b_c_bz 
(1, 2, 85), [1, 1, 2, 85, 34, 289, 4913], 3.17.b_c_dh 
(1, 2, 119), [1, 1, 2, 119, 34, 289, 4913], 3.17.b_c_ep 
(1, 4, -85), [1, 1, 4, -85, 68, 289, 4913], 3.17.b_e_adh 
(1, 4, -51), [1, 1, 4, -51, 68, 289, 4913], 3.17.b_e_abz 
(1, 4, -17), [1, 1, 4, -17, 68, 289, 4913], 3.17.b_e_ar 
(1, 4, 17), [1, 1, 4, 17, 68, 289, 4913], 3.17.b_e_r 
(1, 4, 51), [1, 1, 4, 51, 68, 289, 4913], 3.17.b_e_bz 
(1, 4, 85), [1, 1, 4, 85, 68, 289, 4913], 3.17.b_e_dh 
(1, 6, -85), [1, 1, 6, -85, 102, 289, 4913], 3.17.b_g_adh 
(1, 6, -51), [1, 1, 6, -51, 102, 289, 4913], 3.17.b_g_abz 
(1, 6, -17), [1, 1, 6, -17, 102, 289, 4913], 3.17.b_g_ar 
(1, 6, 17), [1, 1, 6, 17, 102, 289, 4913], 3.17.b_g_r 
(1, 6, 51), [1, 1, 6, 51, 102, 289, 4913], 3.17.b_g_bz 
(1, 6, 85), [1, 1, 6, 85, 102, 289, 4913], 3.17.b_g_dh 
(1, 6, 119), [1, 1, 6, 119, 102, 289, 4913], 3.17.b_g_ep 
(1, 8, -85), [1, 1, 8, -85, 136, 289, 4913], 3.17.b_i_adh 
(1, 8, -51), [1, 1, 8, -51, 136, 289, 4913], 3.17.b_i_abz 
(1, 8, -17), [1, 1, 8, -17, 136, 289, 4913], 3.17.b_i_ar 
(1, 8, 17), [1, 1, 8, 17, 136, 289, 4913], 3.17.b_i_r 
(1, 8, 51), [1, 1, 8, 51, 136, 289, 4913], 3.17.b_i_bz 
(1, 8, 85), [1, 1, 8, 85, 136, 289, 4913], 3.17.b_i_dh 
(1, 8, 119), [1, 1, 8, 119, 136, 289, 4913], 3.17.b_i_ep 
(1, 10, -51), [1, 1, 10, -51, 170, 289, 4913], 3.17.b_k_abz 
(1, 10, -17), [1, 1, 10, -17, 170, 289, 4913], 3.17.b_k_ar 
(1, 10, 17), [1, 1, 10, 17, 170, 289, 4913], 3.17.b_k_r 
(1, 10, 51), [1, 1, 10, 51, 170, 289, 4913], 3.17.b_k_bz 
(1, 10, 85), [1, 1, 10, 85, 170, 289, 4913], 3.17.b_k_dh 
(1, 10, 119), [1, 1, 10, 119, 170, 289, 4913], 3.17.b_k_ep 
(1, 12, -51), [1, 1, 12, -51, 204, 289, 4913], 3.17.b_m_abz 
(1, 12, -17), [1, 1, 12, -17, 204, 289, 4913], 3.17.b_m_ar 
(1, 12, 17), [1, 1, 12, 17, 204, 289, 4913], 3.17.b_m_r 
(1, 12, 51), [1, 1, 12, 51, 204, 289, 4913], 3.17.b_m_bz 
(1, 12, 85), [1, 1, 12, 85, 204, 289, 4913], 3.17.b_m_dh 
(1, 14, -17), [1, 1, 14, -17, 238, 289, 4913], 3.17.b_o_ar 
(1, 14, 17), [1, 1, 14, 17, 238, 289, 4913], 3.17.b_o_r 
(1, 14, 51), [1, 1, 14, 51, 238, 289, 4913], 3.17.b_o_bz 
(1, 14, 85), [1, 1, 14, 85, 238, 289, 4913], 3.17.b_o_dh 
(1, 16, -51), [1, 1, 16, -51, 272, 289, 4913], 3.17.b_q_abz 
(1, 16, -17), [1, 1, 16, -17, 272, 289, 4913], 3.17.b_q_ar 
(1, 16, 17), [1, 1, 16, 17, 272, 289, 4913], 3.17.b_q_r 
(1, 16, 51), [1, 1, 16, 51, 272, 289, 4913], 3.17.b_q_bz 
(1, 16, 85), [1, 1, 16, 85, 272, 289, 4913], 3.17.b_q_dh 
(1, 18, -51), [1, 1, 18, -51, 306, 289, 4913], 3.17.b_s_abz 
(1, 18, -17), [1, 1, 18, -17, 306, 289, 4913], 3.17.b_s_ar 
(1, 18, 17), [1, 1, 18, 17, 306, 289, 4913], 3.17.b_s_r 
(1, 18, 51), [1, 1, 18, 51, 306, 289, 4913], 3.17.b_s_bz 
(1, 18, 85), [1, 1, 18, 85, 306, 289, 4913], 3.17.b_s_dh 
(1, 20, -17), [1, 1, 20, -17, 340, 289, 4913], 3.17.b_u_ar 
(1, 20, 17), [1, 1, 20, 17, 340, 289, 4913], 3.17.b_u_r 
(1, 20, 51), [1, 1, 20, 51, 340, 289, 4913], 3.17.b_u_bz 
(1, 20, 85), [1, 1, 20, 85, 340, 289, 4913], 3.17.b_u_dh 
(1, 22, -17), [1, 1, 22, -17, 374, 289, 4913], 3.17.b_w_ar 
(1, 22, 17), [1, 1, 22, 17, 374, 289, 4913], 3.17.b_w_r 
(1, 22, 51), [1, 1, 22, 51, 374, 289, 4913], 3.17.b_w_bz 
(1, 24, -17), [1, 1, 24, -17, 408, 289, 4913], 3.17.b_y_ar 
(1, 24, 17), [1, 1, 24, 17, 408, 289, 4913], 3.17.b_y_r 
(1, 24, 51), [1, 1, 24, 51, 408, 289, 4913], 3.17.b_y_bz 
(1, 26, -17), [1, 1, 26, -17, 442, 289, 4913], 3.17.b_ba_ar 
(1, 26, 17), [1, 1, 26, 17, 442, 289, 4913], 3.17.b_ba_r 
(1, 26, 51), [1, 1, 26, 51, 442, 289, 4913], 3.17.b_ba_bz 
(1, 28, 17), [1, 1, 28, 17, 476, 289, 4913], 3.17.b_bc_r 
(1, 28, 51), [1, 1, 28, 51, 476, 289, 4913], 3.17.b_bc_bz 
(1, 30, 17), [1, 1, 30, 17, 510, 289, 4913], 3.17.b_be_r 
(1, 30, 51), [1, 1, 30, 51, 510, 289, 4913], 3.17.b_be_bz 
(1, 32, 17), [1, 1, 32, 17, 544, 289, 4913], 3.17.b_bg_r 
(1, 36, 17), [1, 1, 36, 17, 612, 289, 4913], 3.17.b_bk_r 
(1, 36, 51), [1, 1, 36, 51, 612, 289, 4913], 3.17.b_bk_bz 
(1, 38, 17), [1, 1, 38, 17, 646, 289, 4913], 3.17.b_bm_r 
(1, 40, 17), [1, 1, 40, 17, 680, 289, 4913], 3.17.b_bo_r 
(2, -14, -85), [1, 2, -14, -85, -238, 578, 4913], 3.17.c_ao_adh 
(2, -14, -51), [1, 2, -14, -51, -238, 578, 4913], 3.17.c_ao_abz 
(2, -12, -85), [1, 2, -12, -85, -204, 578, 4913], 3.17.c_am_adh 
(2, -12, -51), [1, 2, -12, -51, -204, 578, 4913], 3.17.c_am_abz 
(2, -10, -119), [1, 2, -10, -119, -170, 578, 4913], 3.17.c_ak_aep 
(2, -10, -85), [1, 2, -10, -85, -170, 578, 4913], 3.17.c_ak_adh 
(2, -10, -51), [1, 2, -10, -51, -170, 578, 4913], 3.17.c_ak_abz 
(2, -10, -17), [1, 2, -10, -17, -170, 578, 4913], 3.17.c_ak_ar 
(2, -8, -119), [1, 2, -8, -119, -136, 578, 4913], 3.17.c_ai_aep 
(2, -8, -85), [1, 2, -8, -85, -136, 578, 4913], 3.17.c_ai_adh 
(2, -8, -51), [1, 2, -8, -51, -136, 578, 4913], 3.17.c_ai_abz 
(2, -8, -17), [1, 2, -8, -17, -136, 578, 4913], 3.17.c_ai_ar 
(2, -6, -119), [1, 2, -6, -119, -102, 578, 4913], 3.17.c_ag_aep 
(2, -6, -85), [1, 2, -6, -85, -102, 578, 4913], 3.17.c_ag_adh 
(2, -6, -51), [1, 2, -6, -51, -102, 578, 4913], 3.17.c_ag_abz 
(2, -6, -17), [1, 2, -6, -17, -102, 578, 4913], 3.17.c_ag_ar 
(2, -6, 17), [1, 2, -6, 17, -102, 578, 4913], 3.17.c_ag_r 
(2, -4, -119), [1, 2, -4, -119, -68, 578, 4913], 3.17.c_ae_aep 
(2, -4, -85), [1, 2, -4, -85, -68, 578, 4913], 3.17.c_ae_adh 
(2, -4, -51), [1, 2, -4, -51, -68, 578, 4913], 3.17.c_ae_abz 
(2, -4, -17), [1, 2, -4, -17, -68, 578, 4913], 3.17.c_ae_ar 
(2, -4, 17), [1, 2, -4, 17, -68, 578, 4913], 3.17.c_ae_r 
(2, -2, -119), [1, 2, -2, -119, -34, 578, 4913], 3.17.c_ac_aep 
(2, -2, -85), [1, 2, -2, -85, -34, 578, 4913], 3.17.c_ac_adh 
(2, -2, -51), [1, 2, -2, -51, -34, 578, 4913], 3.17.c_ac_abz 
(2, -2, -17), [1, 2, -2, -17, -34, 578, 4913], 3.17.c_ac_ar 
(2, -2, 17), [1, 2, -2, 17, -34, 578, 4913], 3.17.c_ac_r 
(2, -2, 51), [1, 2, -2, 51, -34, 578, 4913], 3.17.c_ac_bz 
(2, 2, -85), [1, 2, 2, -85, 34, 578, 4913], 3.17.c_c_adh 
(2, 2, -51), [1, 2, 2, -51, 34, 578, 4913], 3.17.c_c_abz 
(2, 2, -17), [1, 2, 2, -17, 34, 578, 4913], 3.17.c_c_ar 
(2, 2, 17), [1, 2, 2, 17, 34, 578, 4913], 3.17.c_c_r 
(2, 2, 51), [1, 2, 2, 51, 34, 578, 4913], 3.17.c_c_bz 
(2, 2, 85), [1, 2, 2, 85, 34, 578, 4913], 3.17.c_c_dh 
(2, 4, -85), [1, 2, 4, -85, 68, 578, 4913], 3.17.c_e_adh 
(2, 4, -51), [1, 2, 4, -51, 68, 578, 4913], 3.17.c_e_abz 
(2, 4, -17), [1, 2, 4, -17, 68, 578, 4913], 3.17.c_e_ar 
(2, 4, 17), [1, 2, 4, 17, 68, 578, 4913], 3.17.c_e_r 
(2, 4, 51), [1, 2, 4, 51, 68, 578, 4913], 3.17.c_e_bz 
(2, 4, 85), [1, 2, 4, 85, 68, 578, 4913], 3.17.c_e_dh 
(2, 6, -51), [1, 2, 6, -51, 102, 578, 4913], 3.17.c_g_abz 
(2, 6, -17), [1, 2, 6, -17, 102, 578, 4913], 3.17.c_g_ar 
(2, 6, 17), [1, 2, 6, 17, 102, 578, 4913], 3.17.c_g_r 
(2, 6, 51), [1, 2, 6, 51, 102, 578, 4913], 3.17.c_g_bz 
(2, 6, 85), [1, 2, 6, 85, 102, 578, 4913], 3.17.c_g_dh 
(2, 6, 119), [1, 2, 6, 119, 102, 578, 4913], 3.17.c_g_ep 
(2, 8, -51), [1, 2, 8, -51, 136, 578, 4913], 3.17.c_i_abz 
(2, 8, -17), [1, 2, 8, -17, 136, 578, 4913], 3.17.c_i_ar 
(2, 8, 17), [1, 2, 8, 17, 136, 578, 4913], 3.17.c_i_r 
(2, 8, 51), [1, 2, 8, 51, 136, 578, 4913], 3.17.c_i_bz 
(2, 8, 85), [1, 2, 8, 85, 136, 578, 4913], 3.17.c_i_dh 
(2, 8, 119), [1, 2, 8, 119, 136, 578, 4913], 3.17.c_i_ep 
(2, 10, -51), [1, 2, 10, -51, 170, 578, 4913], 3.17.c_k_abz 
(2, 10, -17), [1, 2, 10, -17, 170, 578, 4913], 3.17.c_k_ar 
(2, 10, 17), [1, 2, 10, 17, 170, 578, 4913], 3.17.c_k_r 
(2, 10, 51), [1, 2, 10, 51, 170, 578, 4913], 3.17.c_k_bz 
(2, 10, 85), [1, 2, 10, 85, 170, 578, 4913], 3.17.c_k_dh 
(2, 10, 119), [1, 2, 10, 119, 170, 578, 4913], 3.17.c_k_ep 
(2, 12, -51), [1, 2, 12, -51, 204, 578, 4913], 3.17.c_m_abz 
(2, 12, -17), [1, 2, 12, -17, 204, 578, 4913], 3.17.c_m_ar 
(2, 12, 17), [1, 2, 12, 17, 204, 578, 4913], 3.17.c_m_r 
(2, 12, 51), [1, 2, 12, 51, 204, 578, 4913], 3.17.c_m_bz 
(2, 12, 85), [1, 2, 12, 85, 204, 578, 4913], 3.17.c_m_dh 
(2, 12, 119), [1, 2, 12, 119, 204, 578, 4913], 3.17.c_m_ep 
(2, 14, -17), [1, 2, 14, -17, 238, 578, 4913], 3.17.c_o_ar 
(2, 14, 17), [1, 2, 14, 17, 238, 578, 4913], 3.17.c_o_r 
(2, 14, 51), [1, 2, 14, 51, 238, 578, 4913], 3.17.c_o_bz 
(2, 14, 85), [1, 2, 14, 85, 238, 578, 4913], 3.17.c_o_dh 
(2, 14, 119), [1, 2, 14, 119, 238, 578, 4913], 3.17.c_o_ep 
(2, 16, -17), [1, 2, 16, -17, 272, 578, 4913], 3.17.c_q_ar 
(2, 16, 17), [1, 2, 16, 17, 272, 578, 4913], 3.17.c_q_r 
(2, 16, 51), [1, 2, 16, 51, 272, 578, 4913], 3.17.c_q_bz 
(2, 16, 85), [1, 2, 16, 85, 272, 578, 4913], 3.17.c_q_dh 
(2, 16, 119), [1, 2, 16, 119, 272, 578, 4913], 3.17.c_q_ep 
(2, 18, -17), [1, 2, 18, -17, 306, 578, 4913], 3.17.c_s_ar 
(2, 18, 17), [1, 2, 18, 17, 306, 578, 4913], 3.17.c_s_r 
(2, 18, 51), [1, 2, 18, 51, 306, 578, 4913], 3.17.c_s_bz 
(2, 18, 85), [1, 2, 18, 85, 306, 578, 4913], 3.17.c_s_dh 
(2, 18, 119), [1, 2, 18, 119, 306, 578, 4913], 3.17.c_s_ep 
(2, 20, -17), [1, 2, 20, -17, 340, 578, 4913], 3.17.c_u_ar 
(2, 20, 17), [1, 2, 20, 17, 340, 578, 4913], 3.17.c_u_r 
(2, 20, 51), [1, 2, 20, 51, 340, 578, 4913], 3.17.c_u_bz 
(2, 20, 85), [1, 2, 20, 85, 340, 578, 4913], 3.17.c_u_dh 
(2, 22, 17), [1, 2, 22, 17, 374, 578, 4913], 3.17.c_w_r 
(2, 22, 51), [1, 2, 22, 51, 374, 578, 4913], 3.17.c_w_bz 
(2, 22, 85), [1, 2, 22, 85, 374, 578, 4913], 3.17.c_w_dh 
(2, 24, 17), [1, 2, 24, 17, 408, 578, 4913], 3.17.c_y_r 
(2, 24, 51), [1, 2, 24, 51, 408, 578, 4913], 3.17.c_y_bz 
(2, 24, 85), [1, 2, 24, 85, 408, 578, 4913], 3.17.c_y_dh 
(2, 26, 17), [1, 2, 26, 17, 442, 578, 4913], 3.17.c_ba_r 
(2, 26, 51), [1, 2, 26, 51, 442, 578, 4913], 3.17.c_ba_bz 
(2, 26, 85), [1, 2, 26, 85, 442, 578, 4913], 3.17.c_ba_dh 
(2, 28, 17), [1, 2, 28, 17, 476, 578, 4913], 3.17.c_bc_r 
(2, 28, 51), [1, 2, 28, 51, 476, 578, 4913], 3.17.c_bc_bz 
(2, 28, 85), [1, 2, 28, 85, 476, 578, 4913], 3.17.c_bc_dh 
(2, 30, 17), [1, 2, 30, 17, 510, 578, 4913], 3.17.c_be_r 
(2, 30, 51), [1, 2, 30, 51, 510, 578, 4913], 3.17.c_be_bz 
(2, 30, 85), [1, 2, 30, 85, 510, 578, 4913], 3.17.c_be_dh 
(2, 32, 51), [1, 2, 32, 51, 544, 578, 4913], 3.17.c_bg_bz 
(2, 32, 85), [1, 2, 32, 85, 544, 578, 4913], 3.17.c_bg_dh 
(2, 36, 51), [1, 2, 36, 51, 612, 578, 4913], 3.17.c_bk_bz 
(2, 38, 51), [1, 2, 38, 51, 646, 578, 4913], 3.17.c_bm_bz 
(2, 40, 51), [1, 2, 40, 51, 680, 578, 4913], 3.17.c_bo_bz 
(2, 42, 51), [1, 2, 42, 51, 714, 578, 4913], 3.17.c_bq_bz 
(3, -14, -119), [1, 3, -14, -119, -238, 867, 4913], 3.17.d_ao_aep 
(3, -14, -85), [1, 3, -14, -85, -238, 867, 4913], 3.17.d_ao_adh 
(3, -12, -119), [1, 3, -12, -119, -204, 867, 4913], 3.17.d_am_aep 
(3, -12, -85), [1, 3, -12, -85, -204, 867, 4913], 3.17.d_am_adh 
(3, -10, -119), [1, 3, -10, -119, -170, 867, 4913], 3.17.d_ak_aep 
(3, -10, -85), [1, 3, -10, -85, -170, 867, 4913], 3.17.d_ak_adh 
(3, -10, -51), [1, 3, -10, -51, -170, 867, 4913], 3.17.d_ak_abz 
(3, -8, -119), [1, 3, -8, -119, -136, 867, 4913], 3.17.d_ai_aep 
(3, -8, -85), [1, 3, -8, -85, -136, 867, 4913], 3.17.d_ai_adh 
(3, -8, -51), [1, 3, -8, -51, -136, 867, 4913], 3.17.d_ai_abz 
(3, -6, -119), [1, 3, -6, -119, -102, 867, 4913], 3.17.d_ag_aep 
(3, -6, -85), [1, 3, -6, -85, -102, 867, 4913], 3.17.d_ag_adh 
(3, -6, -51), [1, 3, -6, -51, -102, 867, 4913], 3.17.d_ag_abz 
(3, -6, -17), [1, 3, -6, -17, -102, 867, 4913], 3.17.d_ag_ar 
(3, -4, -119), [1, 3, -4, -119, -68, 867, 4913], 3.17.d_ae_aep 
(3, -4, -85), [1, 3, -4, -85, -68, 867, 4913], 3.17.d_ae_adh 
(3, -4, -51), [1, 3, -4, -51, -68, 867, 4913], 3.17.d_ae_abz 
(3, -4, -17), [1, 3, -4, -17, -68, 867, 4913], 3.17.d_ae_ar 
(3, -2, -85), [1, 3, -2, -85, -34, 867, 4913], 3.17.d_ac_adh 
(3, -2, -51), [1, 3, -2, -51, -34, 867, 4913], 3.17.d_ac_abz 
(3, -2, 17), [1, 3, -2, 17, -34, 867, 4913], 3.17.d_ac_r 
(3, 2, -85), [1, 3, 2, -85, 34, 867, 4913], 3.17.d_c_adh 
(3, 2, -51), [1, 3, 2, -51, 34, 867, 4913], 3.17.d_c_abz 
(3, 2, -17), [1, 3, 2, -17, 34, 867, 4913], 3.17.d_c_ar 
(3, 2, 17), [1, 3, 2, 17, 34, 867, 4913], 3.17.d_c_r 
(3, 4, -51), [1, 3, 4, -51, 68, 867, 4913], 3.17.d_e_abz 
(3, 4, -17), [1, 3, 4, -17, 68, 867, 4913], 3.17.d_e_ar 
(3, 4, 17), [1, 3, 4, 17, 68, 867, 4913], 3.17.d_e_r 
(3, 4, 51), [1, 3, 4, 51, 68, 867, 4913], 3.17.d_e_bz 
(3, 6, -51), [1, 3, 6, -51, 102, 867, 4913], 3.17.d_g_abz 
(3, 6, 17), [1, 3, 6, 17, 102, 867, 4913], 3.17.d_g_r 
(3, 6, 51), [1, 3, 6, 51, 102, 867, 4913], 3.17.d_g_bz 
(3, 6, 85), [1, 3, 6, 85, 102, 867, 4913], 3.17.d_g_dh 
(3, 8, -51), [1, 3, 8, -51, 136, 867, 4913], 3.17.d_i_abz 
(3, 8, -17), [1, 3, 8, -17, 136, 867, 4913], 3.17.d_i_ar 
(3, 8, 17), [1, 3, 8, 17, 136, 867, 4913], 3.17.d_i_r 
(3, 8, 51), [1, 3, 8, 51, 136, 867, 4913], 3.17.d_i_bz 
(3, 8, 85), [1, 3, 8, 85, 136, 867, 4913], 3.17.d_i_dh 
(3, 10, -51), [1, 3, 10, -51, 170, 867, 4913], 3.17.d_k_abz 
(3, 10, -17), [1, 3, 10, -17, 170, 867, 4913], 3.17.d_k_ar 
(3, 10, 17), [1, 3, 10, 17, 170, 867, 4913], 3.17.d_k_r 
(3, 10, 51), [1, 3, 10, 51, 170, 867, 4913], 3.17.d_k_bz 
(3, 10, 85), [1, 3, 10, 85, 170, 867, 4913], 3.17.d_k_dh 
(3, 10, 119), [1, 3, 10, 119, 170, 867, 4913], 3.17.d_k_ep 
(3, 12, -17), [1, 3, 12, -17, 204, 867, 4913], 3.17.d_m_ar 
(3, 12, 17), [1, 3, 12, 17, 204, 867, 4913], 3.17.d_m_r 
(3, 12, 51), [1, 3, 12, 51, 204, 867, 4913], 3.17.d_m_bz 
(3, 12, 85), [1, 3, 12, 85, 204, 867, 4913], 3.17.d_m_dh 
(3, 12, 119), [1, 3, 12, 119, 204, 867, 4913], 3.17.d_m_ep 
(3, 12, 136), [1, 3, 12, 136, 204, 867, 4913], 3.17.d_m_fg 
(3, 14, -17), [1, 3, 14, -17, 238, 867, 4913], 3.17.d_o_ar 
(3, 14, 17), [1, 3, 14, 17, 238, 867, 4913], 3.17.d_o_r 
(3, 14, 51), [1, 3, 14, 51, 238, 867, 4913], 3.17.d_o_bz 
(3, 14, 85), [1, 3, 14, 85, 238, 867, 4913], 3.17.d_o_dh 
(3, 14, 119), [1, 3, 14, 119, 238, 867, 4913], 3.17.d_o_ep 
(3, 14, 153), [1, 3, 14, 153, 238, 867, 4913], 3.17.d_o_fx 
(3, 16, -17), [1, 3, 16, -17, 272, 867, 4913], 3.17.d_q_ar 
(3, 16, 17), [1, 3, 16, 17, 272, 867, 4913], 3.17.d_q_r 
(3, 16, 51), [1, 3, 16, 51, 272, 867, 4913], 3.17.d_q_bz 
(3, 16, 85), [1, 3, 16, 85, 272, 867, 4913], 3.17.d_q_dh 
(3, 16, 119), [1, 3, 16, 119, 272, 867, 4913], 3.17.d_q_ep 
(3, 18, 17), [1, 3, 18, 17, 306, 867, 4913], 3.17.d_s_r 
(3, 18, 51), [1, 3, 18, 51, 306, 867, 4913], 3.17.d_s_bz 
(3, 18, 85), [1, 3, 18, 85, 306, 867, 4913], 3.17.d_s_dh 
(3, 18, 119), [1, 3, 18, 119, 306, 867, 4913], 3.17.d_s_ep 
(3, 20, 17), [1, 3, 20, 17, 340, 867, 4913], 3.17.d_u_r 
(3, 20, 51), [1, 3, 20, 51, 340, 867, 4913], 3.17.d_u_bz 
(3, 20, 85), [1, 3, 20, 85, 340, 867, 4913], 3.17.d_u_dh 
(3, 20, 119), [1, 3, 20, 119, 340, 867, 4913], 3.17.d_u_ep 
(3, 22, 17), [1, 3, 22, 17, 374, 867, 4913], 3.17.d_w_r 
(3, 22, 51), [1, 3, 22, 51, 374, 867, 4913], 3.17.d_w_bz 
(3, 22, 85), [1, 3, 22, 85, 374, 867, 4913], 3.17.d_w_dh 
(3, 22, 119), [1, 3, 22, 119, 374, 867, 4913], 3.17.d_w_ep 
(3, 24, 51), [1, 3, 24, 51, 408, 867, 4913], 3.17.d_y_bz 
(3, 24, 85), [1, 3, 24, 85, 408, 867, 4913], 3.17.d_y_dh 
(3, 24, 119), [1, 3, 24, 119, 408, 867, 4913], 3.17.d_y_ep 
(3, 26, 51), [1, 3, 26, 51, 442, 867, 4913], 3.17.d_ba_bz 
(3, 26, 85), [1, 3, 26, 85, 442, 867, 4913], 3.17.d_ba_dh 
(3, 26, 119), [1, 3, 26, 119, 442, 867, 4913], 3.17.d_ba_ep 
(3, 28, 51), [1, 3, 28, 51, 476, 867, 4913], 3.17.d_bc_bz 
(3, 28, 85), [1, 3, 28, 85, 476, 867, 4913], 3.17.d_bc_dh 
(3, 28, 119), [1, 3, 28, 119, 476, 867, 4913], 3.17.d_bc_ep 
(3, 30, 51), [1, 3, 30, 51, 510, 867, 4913], 3.17.d_be_bz 
(3, 30, 85), [1, 3, 30, 85, 510, 867, 4913], 3.17.d_be_dh 
(3, 32, 51), [1, 3, 32, 51, 544, 867, 4913], 3.17.d_bg_bz 
(3, 32, 85), [1, 3, 32, 85, 544, 867, 4913], 3.17.d_bg_dh 
(3, 32, 119), [1, 3, 32, 119, 544, 867, 4913], 3.17.d_bg_ep 
(3, 33, 119), [1, 3, 33, 119, 561, 867, 4913], 3.17.d_bh_ep 
(3, 38, 85), [1, 3, 38, 85, 646, 867, 4913], 3.17.d_bm_dh 
(3, 40, 85), [1, 3, 40, 85, 680, 867, 4913], 3.17.d_bo_dh 
(3, 42, 85), [1, 3, 42, 85, 714, 867, 4913], 3.17.d_bq_dh 
(3, 44, 85), [1, 3, 44, 85, 748, 867, 4913], 3.17.d_bs_dh 
(4, -14, -153), [1, 4, -14, -153, -238, 1156, 4913], 3.17.e_ao_afx 
(4, -14, -119), [1, 4, -14, -119, -238, 1156, 4913], 3.17.e_ao_aep 
(4, -12, -153), [1, 4, -12, -153, -204, 1156, 4913], 3.17.e_am_afx 
(4, -12, -119), [1, 4, -12, -119, -204, 1156, 4913], 3.17.e_am_aep 
(4, -10, -153), [1, 4, -10, -153, -170, 1156, 4913], 3.17.e_ak_afx 
(4, -10, -119), [1, 4, -10, -119, -170, 1156, 4913], 3.17.e_ak_aep 
(4, -10, -85), [1, 4, -10, -85, -170, 1156, 4913], 3.17.e_ak_adh 
(4, -8, -119), [1, 4, -8, -119, -136, 1156, 4913], 3.17.e_ai_aep 
(4, -8, -85), [1, 4, -8, -85, -136, 1156, 4913], 3.17.e_ai_adh 
(4, -6, -119), [1, 4, -6, -119, -102, 1156, 4913], 3.17.e_ag_aep 
(4, -6, -85), [1, 4, -6, -85, -102, 1156, 4913], 3.17.e_ag_adh 
(4, -6, -51), [1, 4, -6, -51, -102, 1156, 4913], 3.17.e_ag_abz 
(4, -4, -119), [1, 4, -4, -119, -68, 1156, 4913], 3.17.e_ae_aep 
(4, -4, -85), [1, 4, -4, -85, -68, 1156, 4913], 3.17.e_ae_adh 
(4, -4, -51), [1, 4, -4, -51, -68, 1156, 4913], 3.17.e_ae_abz 
(4, -2, -85), [1, 4, -2, -85, -34, 1156, 4913], 3.17.e_ac_adh 
(4, -2, -51), [1, 4, -2, -51, -34, 1156, 4913], 3.17.e_ac_abz 
(4, -2, -17), [1, 4, -2, -17, -34, 1156, 4913], 3.17.e_ac_ar 
(4, 2, -85), [1, 4, 2, -85, 34, 1156, 4913], 3.17.e_c_adh 
(4, 2, -51), [1, 4, 2, -51, 34, 1156, 4913], 3.17.e_c_abz 
(4, 2, -17), [1, 4, 2, -17, 34, 1156, 4913], 3.17.e_c_ar 
(4, 2, 17), [1, 4, 2, 17, 34, 1156, 4913], 3.17.e_c_r 
(4, 4, -51), [1, 4, 4, -51, 68, 1156, 4913], 3.17.e_e_abz 
(4, 4, -17), [1, 4, 4, -17, 68, 1156, 4913], 3.17.e_e_ar 
(4, 4, 17), [1, 4, 4, 17, 68, 1156, 4913], 3.17.e_e_r 
(4, 6, -51), [1, 4, 6, -51, 102, 1156, 4913], 3.17.e_g_abz 
(4, 6, -17), [1, 4, 6, -17, 102, 1156, 4913], 3.17.e_g_ar 
(4, 6, 17), [1, 4, 6, 17, 102, 1156, 4913], 3.17.e_g_r 
(4, 6, 51), [1, 4, 6, 51, 102, 1156, 4913], 3.17.e_g_bz 
(4, 8, -51), [1, 4, 8, -51, 136, 1156, 4913], 3.17.e_i_abz 
(4, 8, -17), [1, 4, 8, -17, 136, 1156, 4913], 3.17.e_i_ar 
(4, 8, 17), [1, 4, 8, 17, 136, 1156, 4913], 3.17.e_i_r 
(4, 8, 51), [1, 4, 8, 51, 136, 1156, 4913], 3.17.e_i_bz 
(4, 10, -17), [1, 4, 10, -17, 170, 1156, 4913], 3.17.e_k_ar 
(4, 10, 17), [1, 4, 10, 17, 170, 1156, 4913], 3.17.e_k_r 
(4, 10, 51), [1, 4, 10, 51, 170, 1156, 4913], 3.17.e_k_bz 
(4, 10, 85), [1, 4, 10, 85, 170, 1156, 4913], 3.17.e_k_dh 
(4, 12, -17), [1, 4, 12, -17, 204, 1156, 4913], 3.17.e_m_ar 
(4, 12, 17), [1, 4, 12, 17, 204, 1156, 4913], 3.17.e_m_r 
(4, 12, 51), [1, 4, 12, 51, 204, 1156, 4913], 3.17.e_m_bz 
(4, 12, 85), [1, 4, 12, 85, 204, 1156, 4913], 3.17.e_m_dh 
(4, 14, -17), [1, 4, 14, -17, 238, 1156, 4913], 3.17.e_o_ar 
(4, 14, 17), [1, 4, 14, 17, 238, 1156, 4913], 3.17.e_o_r 
(4, 14, 51), [1, 4, 14, 51, 238, 1156, 4913], 3.17.e_o_bz 
(4, 14, 85), [1, 4, 14, 85, 238, 1156, 4913], 3.17.e_o_dh 
(4, 14, 119), [1, 4, 14, 119, 238, 1156, 4913], 3.17.e_o_ep 
(4, 16, 17), [1, 4, 16, 17, 272, 1156, 4913], 3.17.e_q_r 
(4, 16, 51), [1, 4, 16, 51, 272, 1156, 4913], 3.17.e_q_bz 
(4, 16, 85), [1, 4, 16, 85, 272, 1156, 4913], 3.17.e_q_dh 
(4, 16, 119), [1, 4, 16, 119, 272, 1156, 4913], 3.17.e_q_ep 
(4, 18, 17), [1, 4, 18, 17, 306, 1156, 4913], 3.17.e_s_r 
(4, 18, 51), [1, 4, 18, 51, 306, 1156, 4913], 3.17.e_s_bz 
(4, 18, 85), [1, 4, 18, 85, 306, 1156, 4913], 3.17.e_s_dh 
(4, 18, 119), [1, 4, 18, 119, 306, 1156, 4913], 3.17.e_s_ep 
(4, 20, 17), [1, 4, 20, 17, 340, 1156, 4913], 3.17.e_u_r 
(4, 20, 51), [1, 4, 20, 51, 340, 1156, 4913], 3.17.e_u_bz 
(4, 20, 85), [1, 4, 20, 85, 340, 1156, 4913], 3.17.e_u_dh 
(4, 20, 119), [1, 4, 20, 119, 340, 1156, 4913], 3.17.e_u_ep 
(4, 20, 153), [1, 4, 20, 153, 340, 1156, 4913], 3.17.e_u_fx 
(4, 22, 17), [1, 4, 22, 17, 374, 1156, 4913], 3.17.e_w_r 
(4, 22, 51), [1, 4, 22, 51, 374, 1156, 4913], 3.17.e_w_bz 
(4, 22, 85), [1, 4, 22, 85, 374, 1156, 4913], 3.17.e_w_dh 
(4, 22, 119), [1, 4, 22, 119, 374, 1156, 4913], 3.17.e_w_ep 
(4, 22, 153), [1, 4, 22, 153, 374, 1156, 4913], 3.17.e_w_fx 
(4, 24, 51), [1, 4, 24, 51, 408, 1156, 4913], 3.17.e_y_bz 
(4, 24, 85), [1, 4, 24, 85, 408, 1156, 4913], 3.17.e_y_dh 
(4, 24, 119), [1, 4, 24, 119, 408, 1156, 4913], 3.17.e_y_ep 
(4, 24, 153), [1, 4, 24, 153, 408, 1156, 4913], 3.17.e_y_fx 
(4, 26, 51), [1, 4, 26, 51, 442, 1156, 4913], 3.17.e_ba_bz 
(4, 26, 85), [1, 4, 26, 85, 442, 1156, 4913], 3.17.e_ba_dh 
(4, 26, 119), [1, 4, 26, 119, 442, 1156, 4913], 3.17.e_ba_ep 
(4, 26, 153), [1, 4, 26, 153, 442, 1156, 4913], 3.17.e_ba_fx 
(4, 28, 51), [1, 4, 28, 51, 476, 1156, 4913], 3.17.e_bc_bz 
(4, 28, 85), [1, 4, 28, 85, 476, 1156, 4913], 3.17.e_bc_dh 
(4, 28, 119), [1, 4, 28, 119, 476, 1156, 4913], 3.17.e_bc_ep 
(4, 28, 153), [1, 4, 28, 153, 476, 1156, 4913], 3.17.e_bc_fx 
(4, 30, 85), [1, 4, 30, 85, 510, 1156, 4913], 3.17.e_be_dh 
(4, 30, 119), [1, 4, 30, 119, 510, 1156, 4913], 3.17.e_be_ep 
(4, 30, 153), [1, 4, 30, 153, 510, 1156, 4913], 3.17.e_be_fx 
(4, 32, 85), [1, 4, 32, 85, 544, 1156, 4913], 3.17.e_bg_dh 
(4, 32, 119), [1, 4, 32, 119, 544, 1156, 4913], 3.17.e_bg_ep 
(4, 36, 85), [1, 4, 36, 85, 612, 1156, 4913], 3.17.e_bk_dh 
(4, 36, 119), [1, 4, 36, 119, 612, 1156, 4913], 3.17.e_bk_ep 
(4, 38, 85), [1, 4, 38, 85, 646, 1156, 4913], 3.17.e_bm_dh 
(4, 38, 119), [1, 4, 38, 119, 646, 1156, 4913], 3.17.e_bm_ep 
(4, 40, 119), [1, 4, 40, 119, 680, 1156, 4913], 3.17.e_bo_ep 
(4, 42, 119), [1, 4, 42, 119, 714, 1156, 4913], 3.17.e_bq_ep 
(4, 44, 119), [1, 4, 44, 119, 748, 1156, 4913], 3.17.e_bs_ep 
(4, 46, 119), [1, 4, 46, 119, 782, 1156, 4913], 3.17.e_bu_ep 
(4, 48, 119), [1, 4, 48, 119, 816, 1156, 4913], 3.17.e_bw_ep 
(5, -16, -170), [1, 5, -16, -170, -272, 1445, 4913], 3.17.f_aq_ago 
(5, -14, -153), [1, 5, -14, -153, -238, 1445, 4913], 3.17.f_ao_afx 
(5, -12, -153), [1, 5, -12, -153, -204, 1445, 4913], 3.17.f_am_afx 
(5, -10, -153), [1, 5, -10, -153, -170, 1445, 4913], 3.17.f_ak_afx 
(5, -10, -119), [1, 5, -10, -119, -170, 1445, 4913], 3.17.f_ak_aep 
(5, -8, -119), [1, 5, -8, -119, -136, 1445, 4913], 3.17.f_ai_aep 
(5, -6, -119), [1, 5, -6, -119, -102, 1445, 4913], 3.17.f_ag_aep 
(5, -6, -85), [1, 5, -6, -85, -102, 1445, 4913], 3.17.f_ag_adh 
(5, -4, -119), [1, 5, -4, -119, -68, 1445, 4913], 3.17.f_ae_aep 
(5, -4, -85), [1, 5, -4, -85, -68, 1445, 4913], 3.17.f_ae_adh 
(5, -2, -85), [1, 5, -2, -85, -34, 1445, 4913], 3.17.f_ac_adh 
(5, -2, -51), [1, 5, -2, -51, -34, 1445, 4913], 3.17.f_ac_abz 
(5, 2, -85), [1, 5, 2, -85, 34, 1445, 4913], 3.17.f_c_adh 
(5, 2, -51), [1, 5, 2, -51, 34, 1445, 4913], 3.17.f_c_abz 
(5, 2, -17), [1, 5, 2, -17, 34, 1445, 4913], 3.17.f_c_ar 
(5, 4, -51), [1, 5, 4, -51, 68, 1445, 4913], 3.17.f_e_abz 
(5, 4, -17), [1, 5, 4, -17, 68, 1445, 4913], 3.17.f_e_ar 
(5, 6, -51), [1, 5, 6, -51, 102, 1445, 4913], 3.17.f_g_abz 
(5, 6, -17), [1, 5, 6, -17, 102, 1445, 4913], 3.17.f_g_ar 
(5, 8, -51), [1, 5, 8, -51, 136, 1445, 4913], 3.17.f_i_abz 
(5, 8, -17), [1, 5, 8, -17, 136, 1445, 4913], 3.17.f_i_ar 
(5, 8, 17), [1, 5, 8, 17, 136, 1445, 4913], 3.17.f_i_r 
(5, 10, -17), [1, 5, 10, -17, 170, 1445, 4913], 3.17.f_k_ar 
(5, 10, 17), [1, 5, 10, 17, 170, 1445, 4913], 3.17.f_k_r 
(5, 10, 51), [1, 5, 10, 51, 170, 1445, 4913], 3.17.f_k_bz 
(5, 12, -17), [1, 5, 12, -17, 204, 1445, 4913], 3.17.f_m_ar 
(5, 12, 17), [1, 5, 12, 17, 204, 1445, 4913], 3.17.f_m_r 
(5, 12, 51), [1, 5, 12, 51, 204, 1445, 4913], 3.17.f_m_bz 
(5, 14, -17), [1, 5, 14, -17, 238, 1445, 4913], 3.17.f_o_ar 
(5, 14, 17), [1, 5, 14, 17, 238, 1445, 4913], 3.17.f_o_r 
(5, 14, 51), [1, 5, 14, 51, 238, 1445, 4913], 3.17.f_o_bz 
(5, 14, 85), [1, 5, 14, 85, 238, 1445, 4913], 3.17.f_o_dh 
(5, 16, 17), [1, 5, 16, 17, 272, 1445, 4913], 3.17.f_q_r 
(5, 16, 51), [1, 5, 16, 51, 272, 1445, 4913], 3.17.f_q_bz 
(5, 16, 85), [1, 5, 16, 85, 272, 1445, 4913], 3.17.f_q_dh 
(5, 16, 102), [1, 5, 16, 102, 272, 1445, 4913], 3.17.f_q_dy 
(5, 18, 17), [1, 5, 18, 17, 306, 1445, 4913], 3.17.f_s_r 
(5, 18, 51), [1, 5, 18, 51, 306, 1445, 4913], 3.17.f_s_bz 
(5, 20, 17), [1, 5, 20, 17, 340, 1445, 4913], 3.17.f_u_r 
(5, 20, 85), [1, 5, 20, 85, 340, 1445, 4913], 3.17.f_u_dh 
(5, 20, 119), [1, 5, 20, 119, 340, 1445, 4913], 3.17.f_u_ep 
(5, 22, 51), [1, 5, 22, 51, 374, 1445, 4913], 3.17.f_w_bz 
(5, 22, 85), [1, 5, 22, 85, 374, 1445, 4913], 3.17.f_w_dh 
(5, 22, 119), [1, 5, 22, 119, 374, 1445, 4913], 3.17.f_w_ep 
(5, 24, 51), [1, 5, 24, 51, 408, 1445, 4913], 3.17.f_y_bz 
(5, 24, 85), [1, 5, 24, 85, 408, 1445, 4913], 3.17.f_y_dh 
(5, 24, 119), [1, 5, 24, 119, 408, 1445, 4913], 3.17.f_y_ep 
(5, 24, 153), [1, 5, 24, 153, 408, 1445, 4913], 3.17.f_y_fx 
(5, 26, 51), [1, 5, 26, 51, 442, 1445, 4913], 3.17.f_ba_bz 
(5, 26, 85), [1, 5, 26, 85, 442, 1445, 4913], 3.17.f_ba_dh 
(5, 26, 119), [1, 5, 26, 119, 442, 1445, 4913], 3.17.f_ba_ep 
(5, 26, 153), [1, 5, 26, 153, 442, 1445, 4913], 3.17.f_ba_fx 
(5, 28, 85), [1, 5, 28, 85, 476, 1445, 4913], 3.17.f_bc_dh 
(5, 28, 119), [1, 5, 28, 119, 476, 1445, 4913], 3.17.f_bc_ep 
(5, 28, 153), [1, 5, 28, 153, 476, 1445, 4913], 3.17.f_bc_fx 
(5, 30, 85), [1, 5, 30, 85, 510, 1445, 4913], 3.17.f_be_dh 
(5, 30, 119), [1, 5, 30, 119, 510, 1445, 4913], 3.17.f_be_ep 
(5, 30, 153), [1, 5, 30, 153, 510, 1445, 4913], 3.17.f_be_fx 
(5, 32, 85), [1, 5, 32, 85, 544, 1445, 4913], 3.17.f_bg_dh 
(5, 32, 119), [1, 5, 32, 119, 544, 1445, 4913], 3.17.f_bg_ep 
(5, 32, 153), [1, 5, 32, 153, 544, 1445, 4913], 3.17.f_bg_fx 
(5, 36, 119), [1, 5, 36, 119, 612, 1445, 4913], 3.17.f_bk_ep 
(5, 36, 153), [1, 5, 36, 153, 612, 1445, 4913], 3.17.f_bk_fx 
(5, 38, 119), [1, 5, 38, 119, 646, 1445, 4913], 3.17.f_bm_ep 
(5, 40, 153), [1, 5, 40, 153, 680, 1445, 4913], 3.17.f_bo_fx 
(5, 42, 119), [1, 5, 42, 119, 714, 1445, 4913], 3.17.f_bq_ep 
(5, 42, 153), [1, 5, 42, 153, 714, 1445, 4913], 3.17.f_bq_fx 
(5, 44, 153), [1, 5, 44, 153, 748, 1445, 4913], 3.17.f_bs_fx 
(5, 46, 153), [1, 5, 46, 153, 782, 1445, 4913], 3.17.f_bu_fx 
(5, 48, 153), [1, 5, 48, 153, 816, 1445, 4913], 3.17.f_bw_fx 
(5, 50, 153), [1, 5, 50, 153, 850, 1445, 4913], 3.17.f_by_fx 
(6, -14, -187), [1, 6, -14, -187, -238, 1734, 4913], 3.17.g_ao_ahf 
(6, -12, -187), [1, 6, -12, -187, -204, 1734, 4913], 3.17.g_am_ahf 
(6, -10, -153), [1, 6, -10, -153, -170, 1734, 4913], 3.17.g_ak_afx 
(6, -8, -153), [1, 6, -8, -153, -136, 1734, 4913], 3.17.g_ai_afx 
(6, -6, -119), [1, 6, -6, -119, -102, 1734, 4913], 3.17.g_ag_aep 
(6, -4, -119), [1, 6, -4, -119, -68, 1734, 4913], 3.17.g_ae_aep 
(6, -2, -119), [1, 6, -2, -119, -34, 1734, 4913], 3.17.g_ac_aep 
(6, -2, -85), [1, 6, -2, -85, -34, 1734, 4913], 3.17.g_ac_adh 
(6, 2, -85), [1, 6, 2, -85, 34, 1734, 4913], 3.17.g_c_adh 
(6, 2, -51), [1, 6, 2, -51, 34, 1734, 4913], 3.17.g_c_abz 
(6, 3, -85), [1, 6, 3, -85, 51, 1734, 4913], 3.17.g_d_adh 
(6, 4, -51), [1, 6, 4, -51, 68, 1734, 4913], 3.17.g_e_abz 
(6, 6, -51), [1, 6, 6, -51, 102, 1734, 4913], 3.17.g_g_abz 
(6, 6, -17), [1, 6, 6, -17, 102, 1734, 4913], 3.17.g_g_ar 
(6, 8, -51), [1, 6, 8, -51, 136, 1734, 4913], 3.17.g_i_abz 
(6, 8, -17), [1, 6, 8, -17, 136, 1734, 4913], 3.17.g_i_ar 
(6, 10, -17), [1, 6, 10, -17, 170, 1734, 4913], 3.17.g_k_ar 
(6, 10, 17), [1, 6, 10, 17, 170, 1734, 4913], 3.17.g_k_r 
(6, 12, -17), [1, 6, 12, -17, 204, 1734, 4913], 3.17.g_m_ar 
(6, 12, 17), [1, 6, 12, 17, 204, 1734, 4913], 3.17.g_m_r 
(6, 14, -17), [1, 6, 14, -17, 238, 1734, 4913], 3.17.g_o_ar 
(6, 14, 17), [1, 6, 14, 17, 238, 1734, 4913], 3.17.g_o_r 
(6, 14, 51), [1, 6, 14, 51, 238, 1734, 4913], 3.17.g_o_bz 
(6, 16, 17), [1, 6, 16, 17, 272, 1734, 4913], 3.17.g_q_r 
(6, 16, 51), [1, 6, 16, 51, 272, 1734, 4913], 3.17.g_q_bz 
(6, 16, 68), [1, 6, 16, 68, 272, 1734, 4913], 3.17.g_q_cq 
(6, 18, 17), [1, 6, 18, 17, 306, 1734, 4913], 3.17.g_s_r 
(6, 18, 51), [1, 6, 18, 51, 306, 1734, 4913], 3.17.g_s_bz 
(6, 20, 51), [1, 6, 20, 51, 340, 1734, 4913], 3.17.g_u_bz 
(6, 20, 85), [1, 6, 20, 85, 340, 1734, 4913], 3.17.g_u_dh 
(6, 22, 51), [1, 6, 22, 51, 374, 1734, 4913], 3.17.g_w_bz 
(6, 22, 85), [1, 6, 22, 85, 374, 1734, 4913], 3.17.g_w_dh 
(6, 24, 51), [1, 6, 24, 51, 408, 1734, 4913], 3.17.g_y_bz 
(6, 24, 85), [1, 6, 24, 85, 408, 1734, 4913], 3.17.g_y_dh 
(6, 24, 119), [1, 6, 24, 119, 408, 1734, 4913], 3.17.g_y_ep 
(6, 26, 85), [1, 6, 26, 85, 442, 1734, 4913], 3.17.g_ba_dh 
(6, 26, 119), [1, 6, 26, 119, 442, 1734, 4913], 3.17.g_ba_ep 
(6, 28, 85), [1, 6, 28, 85, 476, 1734, 4913], 3.17.g_bc_dh 
(6, 28, 119), [1, 6, 28, 119, 476, 1734, 4913], 3.17.g_bc_ep 
(6, 28, 153), [1, 6, 28, 153, 476, 1734, 4913], 3.17.g_bc_fx 
(6, 30, 85), [1, 6, 30, 85, 510, 1734, 4913], 3.17.g_be_dh 
(6, 30, 119), [1, 6, 30, 119, 510, 1734, 4913], 3.17.g_be_ep 
(6, 30, 153), [1, 6, 30, 153, 510, 1734, 4913], 3.17.g_be_fx 
(6, 32, 85), [1, 6, 32, 85, 544, 1734, 4913], 3.17.g_bg_dh 
(6, 32, 119), [1, 6, 32, 119, 544, 1734, 4913], 3.17.g_bg_ep 
(6, 32, 153), [1, 6, 32, 153, 544, 1734, 4913], 3.17.g_bg_fx 
(6, 32, 187), [1, 6, 32, 187, 544, 1734, 4913], 3.17.g_bg_hf 
(6, 36, 119), [1, 6, 36, 119, 612, 1734, 4913], 3.17.g_bk_ep 
(6, 36, 153), [1, 6, 36, 153, 612, 1734, 4913], 3.17.g_bk_fx 
(6, 36, 187), [1, 6, 36, 187, 612, 1734, 4913], 3.17.g_bk_hf 
(6, 38, 119), [1, 6, 38, 119, 646, 1734, 4913], 3.17.g_bm_ep 
(6, 38, 153), [1, 6, 38, 153, 646, 1734, 4913], 3.17.g_bm_fx 
(6, 38, 187), [1, 6, 38, 187, 646, 1734, 4913], 3.17.g_bm_hf 
(6, 40, 153), [1, 6, 40, 153, 680, 1734, 4913], 3.17.g_bo_fx 
(6, 40, 187), [1, 6, 40, 187, 680, 1734, 4913], 3.17.g_bo_hf 
(6, 42, 153), [1, 6, 42, 153, 714, 1734, 4913], 3.17.g_bq_fx 
(6, 42, 187), [1, 6, 42, 187, 714, 1734, 4913], 3.17.g_bq_hf 
(6, 44, 153), [1, 6, 44, 153, 748, 1734, 4913], 3.17.g_bs_fx 
(6, 44, 187), [1, 6, 44, 187, 748, 1734, 4913], 3.17.g_bs_hf 
(6, 46, 153), [1, 6, 46, 153, 782, 1734, 4913], 3.17.g_bu_fx 
(6, 46, 187), [1, 6, 46, 187, 782, 1734, 4913], 3.17.g_bu_hf 
(6, 48, 187), [1, 6, 48, 187, 816, 1734, 4913], 3.17.g_bw_hf 
(6, 50, 187), [1, 6, 50, 187, 850, 1734, 4913], 3.17.g_by_hf 
(6, 52, 187), [1, 6, 52, 187, 884, 1734, 4913], 3.17.g_ca_hf 
(6, 54, 187), [1, 6, 54, 187, 918, 1734, 4913], 3.17.g_cc_hf 
(7, -14, -221), [1, 7, -14, -221, -238, 2023, 4913], 3.17.h_ao_ain 
(7, -10, -187), [1, 7, -10, -187, -170, 2023, 4913], 3.17.h_ak_ahf 
(7, -6, -153), [1, 7, -6, -153, -102, 2023, 4913], 3.17.h_ag_afx 
(7, -2, -119), [1, 7, -2, -119, -34, 2023, 4913], 3.17.h_ac_aep 
(7, 2, -85), [1, 7, 2, -85, 34, 2023, 4913], 3.17.h_c_adh 
(7, 4, -85), [1, 7, 4, -85, 68, 2023, 4913], 3.17.h_e_adh 
(7, 6, -51), [1, 7, 6, -51, 102, 2023, 4913], 3.17.h_g_abz 
(7, 8, -51), [1, 7, 8, -51, 136, 2023, 4913], 3.17.h_i_abz 
(7, 12, -17), [1, 7, 12, -17, 204, 2023, 4913], 3.17.h_m_ar 
(7, 14, -17), [1, 7, 14, -17, 238, 2023, 4913], 3.17.h_o_ar 
(7, 14, 17), [1, 7, 14, 17, 238, 2023, 4913], 3.17.h_o_r 
(7, 16, 17), [1, 7, 16, 17, 272, 2023, 4913], 3.17.h_q_r 
(7, 18, 17), [1, 7, 18, 17, 306, 2023, 4913], 3.17.h_s_r 
(7, 20, 17), [1, 7, 20, 17, 340, 2023, 4913], 3.17.h_u_r 
(7, 20, 51), [1, 7, 20, 51, 340, 2023, 4913], 3.17.h_u_bz 
(7, 22, 51), [1, 7, 22, 51, 374, 2023, 4913], 3.17.h_w_bz 
(7, 24, 51), [1, 7, 24, 51, 408, 2023, 4913], 3.17.h_y_bz 
(7, 24, 85), [1, 7, 24, 85, 408, 2023, 4913], 3.17.h_y_dh 
(7, 26, 85), [1, 7, 26, 85, 442, 2023, 4913], 3.17.h_ba_dh 
(7, 28, 85), [1, 7, 28, 85, 476, 2023, 4913], 3.17.h_bc_dh 
(7, 28, 119), [1, 7, 28, 119, 476, 2023, 4913], 3.17.h_bc_ep 
(7, 30, 85), [1, 7, 30, 85, 510, 2023, 4913], 3.17.h_be_dh 
(7, 30, 119), [1, 7, 30, 119, 510, 2023, 4913], 3.17.h_be_ep 
(7, 32, 119), [1, 7, 32, 119, 544, 2023, 4913], 3.17.h_bg_ep 
(7, 32, 153), [1, 7, 32, 153, 544, 2023, 4913], 3.17.h_bg_fx 
(7, 36, 119), [1, 7, 36, 119, 612, 2023, 4913], 3.17.h_bk_ep 
(7, 36, 153), [1, 7, 36, 153, 612, 2023, 4913], 3.17.h_bk_fx 
(7, 36, 187), [1, 7, 36, 187, 612, 2023, 4913], 3.17.h_bk_hf 
(7, 38, 153), [1, 7, 38, 153, 646, 2023, 4913], 3.17.h_bm_fx 
(7, 40, 153), [1, 7, 40, 153, 680, 2023, 4913], 3.17.h_bo_fx 
(7, 40, 187), [1, 7, 40, 187, 680, 2023, 4913], 3.17.h_bo_hf 
(7, 42, 153), [1, 7, 42, 153, 714, 2023, 4913], 3.17.h_bq_fx 
(7, 42, 187), [1, 7, 42, 187, 714, 2023, 4913], 3.17.h_bq_hf 
(7, 42, 221), [1, 7, 42, 221, 714, 2023, 4913], 3.17.h_bq_in 
(7, 44, 187), [1, 7, 44, 187, 748, 2023, 4913], 3.17.h_bs_hf 
(7, 44, 221), [1, 7, 44, 221, 748, 2023, 4913], 3.17.h_bs_in 
(7, 46, 221), [1, 7, 46, 221, 782, 2023, 4913], 3.17.h_bu_in 
(7, 48, 187), [1, 7, 48, 187, 816, 2023, 4913], 3.17.h_bw_hf 
(7, 48, 221), [1, 7, 48, 221, 816, 2023, 4913], 3.17.h_bw_in 
(7, 50, 187), [1, 7, 50, 187, 850, 2023, 4913], 3.17.h_by_hf 
(7, 50, 221), [1, 7, 50, 221, 850, 2023, 4913], 3.17.h_by_in 
(7, 52, 221), [1, 7, 52, 221, 884, 2023, 4913], 3.17.h_ca_in 
(7, 54, 221), [1, 7, 54, 221, 918, 2023, 4913], 3.17.h_cc_in 
(7, 56, 221), [1, 7, 56, 221, 952, 2023, 4913], 3.17.h_ce_in 
(7, 58, 221), [1, 7, 58, 221, 986, 2023, 4913], 3.17.h_cg_in 
(8, -2, -153), [1, 8, -2, -153, -34, 2312, 4913], 3.17.i_ac_afx 
(8, 2, -119), [1, 8, 2, -119, 34, 2312, 4913], 3.17.i_c_aep 
(8, 6, -85), [1, 8, 6, -85, 102, 2312, 4913], 3.17.i_g_adh 
(8, 10, -51), [1, 8, 10, -51, 170, 2312, 4913], 3.17.i_k_abz 
(8, 11, -51), [1, 8, 11, -51, 187, 2312, 4913], 3.17.i_l_abz 
(8, 14, -17), [1, 8, 14, -17, 238, 2312, 4913], 3.17.i_o_ar 
(8, 16, -17), [1, 8, 16, -17, 272, 2312, 4913], 3.17.i_q_ar 
(8, 20, 17), [1, 8, 20, 17, 340, 2312, 4913], 3.17.i_u_r 
(8, 24, 51), [1, 8, 24, 51, 408, 2312, 4913], 3.17.i_y_bz 
(8, 26, 51), [1, 8, 26, 51, 442, 2312, 4913], 3.17.i_ba_bz 
(8, 28, 85), [1, 8, 28, 85, 476, 2312, 4913], 3.17.i_bc_dh 
(8, 30, 85), [1, 8, 30, 85, 510, 2312, 4913], 3.17.i_be_dh 
(8, 32, 85), [1, 8, 32, 85, 544, 2312, 4913], 3.17.i_bg_dh 
(8, 32, 119), [1, 8, 32, 119, 544, 2312, 4913], 3.17.i_bg_ep 
(8, 36, 119), [1, 8, 36, 119, 612, 2312, 4913], 3.17.i_bk_ep 
(8, 36, 153), [1, 8, 36, 153, 612, 2312, 4913], 3.17.i_bk_fx 
(8, 38, 153), [1, 8, 38, 153, 646, 2312, 4913], 3.17.i_bm_fx 
(8, 40, 153), [1, 8, 40, 153, 680, 2312, 4913], 3.17.i_bo_fx 
(8, 40, 187), [1, 8, 40, 187, 680, 2312, 4913], 3.17.i_bo_hf 
(8, 42, 153), [1, 8, 42, 153, 714, 2312, 4913], 3.17.i_bq_fx 
(8, 42, 187), [1, 8, 42, 187, 714, 2312, 4913], 3.17.i_bq_hf 
(8, 44, 187), [1, 8, 44, 187, 748, 2312, 4913], 3.17.i_bs_hf 
(8, 44, 221), [1, 8, 44, 221, 748, 2312, 4913], 3.17.i_bs_in 
(8, 46, 187), [1, 8, 46, 187, 782, 2312, 4913], 3.17.i_bu_hf 
(8, 46, 221), [1, 8, 46, 221, 782, 2312, 4913], 3.17.i_bu_in 
(8, 48, 187), [1, 8, 48, 187, 816, 2312, 4913], 3.17.i_bw_hf 
(8, 48, 221), [1, 8, 48, 221, 816, 2312, 4913], 3.17.i_bw_in 
(8, 48, 255), [1, 8, 48, 255, 816, 2312, 4913], 3.17.i_bw_jv 
(8, 50, 221), [1, 8, 50, 221, 850, 2312, 4913], 3.17.i_by_in 
(8, 50, 255), [1, 8, 50, 255, 850, 2312, 4913], 3.17.i_by_jv 
(8, 52, 221), [1, 8, 52, 221, 884, 2312, 4913], 3.17.i_ca_in 
(8, 52, 255), [1, 8, 52, 255, 884, 2312, 4913], 3.17.i_ca_jv 
(8, 54, 221), [1, 8, 54, 221, 918, 2312, 4913], 3.17.i_cc_in 
(8, 54, 255), [1, 8, 54, 255, 918, 2312, 4913], 3.17.i_cc_jv 
(8, 56, 255), [1, 8, 56, 255, 952, 2312, 4913], 3.17.i_ce_jv 
(8, 58, 255), [1, 8, 58, 255, 986, 2312, 4913], 3.17.i_cg_jv 
(8, 60, 255), [1, 8, 60, 255, 1020, 2312, 4913], 3.17.i_ci_jv 
(8, 62, 255), [1, 8, 62, 255, 1054, 2312, 4913], 3.17.i_ck_jv 
(9, 10, -85), [1, 9, 10, -85, 170, 2601, 4913], 3.17.j_k_adh 
(9, 28, 51), [1, 9, 28, 51, 476, 2601, 4913], 3.17.j_bc_bz 
(9, 32, 85), [1, 9, 32, 85, 544, 2601, 4913], 3.17.j_bg_dh 
(9, 36, 119), [1, 9, 36, 119, 612, 2601, 4913], 3.17.j_bk_ep 
(9, 38, 119), [1, 9, 38, 119, 646, 2601, 4913], 3.17.j_bm_ep 
(9, 40, 153), [1, 9, 40, 153, 680, 2601, 4913], 3.17.j_bo_fx 
(9, 42, 153), [1, 9, 42, 153, 714, 2601, 4913], 3.17.j_bq_fx 
(9, 44, 187), [1, 9, 44, 187, 748, 2601, 4913], 3.17.j_bs_hf 
(9, 46, 187), [1, 9, 46, 187, 782, 2601, 4913], 3.17.j_bu_hf 
(9, 48, 221), [1, 9, 48, 221, 816, 2601, 4913], 3.17.j_bw_in 
(9, 50, 221), [1, 9, 50, 221, 850, 2601, 4913], 3.17.j_by_in 
(9, 52, 221), [1, 9, 52, 221, 884, 2601, 4913], 3.17.j_ca_in 
(9, 54, 255), [1, 9, 54, 255, 918, 2601, 4913], 3.17.j_cc_jv 
(9, 56, 255), [1, 9, 56, 255, 952, 2601, 4913], 3.17.j_ce_jv 
(9, 56, 289), [1, 9, 56, 289, 952, 2601, 4913], 3.17.j_ce_ld 
(9, 58, 255), [1, 9, 58, 255, 986, 2601, 4913], 3.17.j_cg_jv 
(9, 60, 255), [1, 9, 60, 255, 1020, 2601, 4913], 3.17.j_ci_jv 
(9, 60, 289), [1, 9, 60, 289, 1020, 2601, 4913], 3.17.j_ci_ld 
(9, 62, 289), [1, 9, 62, 289, 1054, 2601, 4913], 3.17.j_ck_ld 
(9, 64, 289), [1, 9, 64, 289, 1088, 2601, 4913], 3.17.j_cm_ld 
(9, 66, 289), [1, 9, 66, 289, 1122, 2601, 4913], 3.17.j_co_ld 
(9, 74, 323), [1, 9, 74, 323, 1258, 2601, 4913], 3.17.j_cw_ml 
(10, 40, 119), [1, 10, 40, 119, 680, 2890, 4913], 3.17.k_bo_ep 
(10, 44, 153), [1, 10, 44, 153, 748, 2890, 4913], 3.17.k_bs_fx 
(10, 48, 187), [1, 10, 48, 187, 816, 2890, 4913], 3.17.k_bw_hf 
(10, 50, 187), [1, 10, 50, 187, 850, 2890, 4913], 3.17.k_by_hf 
(10, 52, 221), [1, 10, 52, 221, 884, 2890, 4913], 3.17.k_ca_in 
(10, 54, 221), [1, 10, 54, 221, 918, 2890, 4913], 3.17.k_cc_in 
(10, 56, 255), [1, 10, 56, 255, 952, 2890, 4913], 3.17.k_ce_jv 
(10, 58, 255), [1, 10, 58, 255, 986, 2890, 4913], 3.17.k_cg_jv 
(10, 60, 255), [1, 10, 60, 255, 1020, 2890, 4913], 3.17.k_ci_jv 
(10, 60, 289), [1, 10, 60, 289, 1020, 2890, 4913], 3.17.k_ci_ld 
(10, 62, 289), [1, 10, 62, 289, 1054, 2890, 4913], 3.17.k_ck_ld 
(10, 64, 289), [1, 10, 64, 289, 1088, 2890, 4913], 3.17.k_cm_ld 
(10, 64, 323), [1, 10, 64, 323, 1088, 2890, 4913], 3.17.k_cm_ml 
(10, 66, 289), [1, 10, 66, 289, 1122, 2890, 4913], 3.17.k_co_ld 
(10, 66, 323), [1, 10, 66, 323, 1122, 2890, 4913], 3.17.k_co_ml 
(10, 70, 323), [1, 10, 70, 323, 1190, 2890, 4913], 3.17.k_cs_ml 
(10, 72, 323), [1, 10, 72, 323, 1224, 2890, 4913], 3.17.k_cu_ml 
(10, 76, 357), [1, 10, 76, 357, 1292, 2890, 4913], 3.17.k_cy_nt 
(10, 78, 357), [1, 10, 78, 357, 1326, 2890, 4913], 3.17.k_da_nt 
(10, 79, 357), [1, 10, 79, 357, 1343, 2890, 4913], 3.17.k_db_nt 
(11, 47, 153), [1, 11, 47, 153, 799, 3179, 4913], 3.17.l_bv_fx 
(11, 52, 187), [1, 11, 52, 187, 884, 3179, 4913], 3.17.l_ca_hf 
(11, 56, 221), [1, 11, 56, 221, 952, 3179, 4913], 3.17.l_ce_in 
(11, 60, 255), [1, 11, 60, 255, 1020, 3179, 4913], 3.17.l_ci_jv 
(11, 66, 289), [1, 11, 66, 289, 1122, 3179, 4913], 3.17.l_co_ld 
(11, 70, 323), [1, 11, 70, 323, 1190, 3179, 4913], 3.17.l_cs_ml 
(11, 72, 323), [1, 11, 72, 323, 1224, 3179, 4913], 3.17.l_cu_ml 
(11, 72, 357), [1, 11, 72, 357, 1224, 3179, 4913], 3.17.l_cu_nt 
(11, 74, 357), [1, 11, 74, 357, 1258, 3179, 4913], 3.17.l_cw_nt 
(11, 75, 340), [1, 11, 75, 340, 1275, 3179, 4913], 3.17.l_cx_nc 
(11, 76, 357), [1, 11, 76, 357, 1292, 3179, 4913], 3.17.l_cy_nt 
(11, 78, 357), [1, 11, 78, 357, 1326, 3179, 4913], 3.17.l_da_nt 
(11, 80, 391), [1, 11, 80, 391, 1360, 3179, 4913], 3.17.l_dc_pb 
(11, 82, 391), [1, 11, 82, 391, 1394, 3179, 4913], 3.17.l_de_pb 
(11, 84, 391), [1, 11, 84, 391, 1428, 3179, 4913], 3.17.l_dg_pb 
(12, 64, 255), [1, 12, 64, 255, 1088, 3468, 4913], 3.17.m_cm_jv 
(12, 72, 323), [1, 12, 72, 323, 1224, 3468, 4913], 3.17.m_cu_ml 
(12, 76, 357), [1, 12, 76, 357, 1292, 3468, 4913], 3.17.m_cy_nt 
(12, 78, 357), [1, 12, 78, 357, 1326, 3468, 4913], 3.17.m_da_nt 
(12, 80, 391), [1, 12, 80, 391, 1360, 3468, 4913], 3.17.m_dc_pb 
(12, 82, 391), [1, 12, 82, 391, 1394, 3468, 4913], 3.17.m_de_pb 
(12, 84, 391), [1, 12, 84, 391, 1428, 3468, 4913], 3.17.m_dg_pb 
(12, 86, 425), [1, 12, 86, 425, 1462, 3468, 4913], 3.17.m_di_qj 
(12, 88, 425), [1, 12, 88, 425, 1496, 3468, 4913], 3.17.m_dk_qj 
(12, 96, 459), [1, 12, 96, 459, 1632, 3468, 4913], 3.17.m_ds_rr 
(13, 78, 340), [1, 13, 78, 340, 1326, 3757, 4913], 3.17.n_da_nc 
(13, 80, 357), [1, 13, 80, 357, 1360, 3757, 4913], 3.17.n_dc_nt 
(13, 82, 374), [1, 13, 82, 374, 1394, 3757, 4913], 3.17.n_de_ok 
(13, 90, 425), [1, 13, 90, 425, 1530, 3757, 4913], 3.17.n_dm_qj 
(13, 94, 459), [1, 13, 94, 459, 1598, 3757, 4913], 3.17.n_dq_rr 
(13, 100, 493), [1, 13, 100, 493, 1700, 3757, 4913], 3.17.n_dw_sz 
(14, 106, 527), [1, 14, 106, 527, 1802, 4046, 4913], 3.17.o_ec_uh 
(14, 107, 544), [1, 14, 107, 544, 1819, 4046, 4913], 3.17.o_ed_uy 
(15, 105, 493), [1, 15, 105, 493, 1785, 4335, 4913], 3.17.p_eb_sz 
(15, 114, 561), [1, 15, 114, 561, 1938, 4335, 4913], 3.17.p_ek_vp 
(15, 115, 578), [1, 15, 115, 578, 1955, 4335, 4913], 3.17.p_el_wg 
(15, 116, 578), [1, 15, 116, 578, 1972, 4335, 4913], 3.17.p_em_wg 
(16, 126, 629), [1, 16, 126, 629, 2142, 4624, 4913], 3.17.q_ew_yf 
(16, 130, 663), [1, 16, 130, 663, 2210, 4624, 4913], 3.17.q_fa_zn 
(17, 142, 731), [1, 17, 142, 731, 2414, 4913, 4913], 3.17.r_fm_bcd 
(18, 150, 765), [1, 18, 150, 765, 2550, 5202, 4913], 3.17.s_fu_bdl 
