(-8, 33, -98), [1, -8, 33, -98, 231, -392, 343], 3.7.ai_bh_adu, -1123 
(-8, 37, -119), [1, -8, 37, -119, 259, -392, 343], 3.7.ai_bl_aep, -1424 
(-7, 25, -70), [1, -7, 25, -70, 175, -343, 343], 3.7.ah_z_acs, -646 
(-7, 27, -77), [1, -7, 27, -77, 189, -343, 343], 3.7.ah_bb_acz, -757 
(-7, 29, -91), [1, -7, 29, -91, 203, -343, 343], 3.7.ah_bd_adn, -883 
(-7, 31, -91), [1, -7, 31, -91, 217, -343, 343], 3.7.ah_bf_adn, -1003 
(-6, 9, 0), [1, -6, 9, 0, 63, -294, 343], 3.7.ag_j_a, -45 
(-6, 18, -42), [1, -6, 18, -42, 126, -294, 343], 3.7.ag_s_abq, -330 
(-6, 20, -56), [1, -6, 20, -56, 140, -294, 343], 3.7.ag_u_ace, -420 
(-6, 23, -70), [1, -6, 23, -70, 161, -294, 343], 3.7.ag_x_acs, -563 
(-6, 24, -70), [1, -6, 24, -70, 168, -294, 343], 3.7.ag_y_acs, -610 
(-6, 25, -70), [1, -6, 25, -70, 175, -294, 343], 3.7.ag_z_acs, -659 
(-6, 27, -77), [1, -6, 27, -77, 189, -294, 343], 3.7.ag_bb_acz, -770 
(-5, 5, 7), [1, -5, 5, 7, 35, -245, 343], 3.7.af_f_h, 7 
(-5, 9, -14), [1, -5, 9, -14, 63, -245, 343], 3.7.af_j_ao, -70 
(-5, 9, -7), [1, -5, 9, -7, 63, -245, 343], 3.7.af_j_ah, -63 
(-5, 10, -14), [1, -5, 10, -14, 70, -245, 343], 3.7.af_k_ao, -89 
(-5, 11, -21), [1, -5, 11, -21, 77, -245, 343], 3.7.af_l_av, -117 
(-5, 12, -28), [1, -5, 12, -28, 84, -245, 343], 3.7.af_m_abc, -147 
(-5, 13, -35), [1, -5, 13, -35, 91, -245, 343], 3.7.af_n_abj, -179 
(-5, 15, -42), [1, -5, 15, -42, 105, -245, 343], 3.7.af_p_abq, -242 
(-5, 15, -35), [1, -5, 15, -35, 105, -245, 343], 3.7.af_p_abj, -235 
(-5, 16, -42), [1, -5, 16, -42, 112, -245, 343], 3.7.af_q_abq, -273 
(-5, 17, -56), [1, -5, 17, -56, 119, -245, 343], 3.7.af_r_ace, -320 
(-5, 17, -49), [1, -5, 17, -49, 119, -245, 343], 3.7.af_r_abx, -313 
(-5, 17, -42), [1, -5, 17, -42, 119, -245, 343], 3.7.af_r_abq, -306 
(-5, 18, -56), [1, -5, 18, -56, 126, -245, 343], 3.7.af_s_ace, -355 
(-5, 19, -63), [1, -5, 19, -63, 133, -245, 343], 3.7.af_t_acl, -399 
(-5, 19, -56), [1, -5, 19, -56, 133, -245, 343], 3.7.af_t_ace, -392 
(-5, 19, -49), [1, -5, 19, -49, 133, -245, 343], 3.7.af_t_abx, -385 
(-5, 22, -56), [1, -5, 22, -56, 154, -245, 343], 3.7.af_w_ace, -515 
(-5, 23, -63), [1, -5, 23, -63, 161, -245, 343], 3.7.af_x_acl, -567 
(-4, -1, 28), [1, -4, -1, 28, -7, -196, 343], 3.7.ae_ab_bc, 43 
(-4, 1, 14), [1, -4, 1, 14, 7, -196, 343], 3.7.ae_b_o, 29 
(-4, 1, 21), [1, -4, 1, 21, 7, -196, 343], 3.7.ae_b_v, 36 
(-4, 3, 14), [1, -4, 3, 14, 21, -196, 343], 3.7.ae_d_o, 21 
(-4, 4, 0), [1, -4, 4, 0, 28, -196, 343], 3.7.ae_e_a, 0 
(-4, 5, 0), [1, -4, 5, 0, 35, -196, 343], 3.7.ae_f_a, -9 
(-4, 6, 0), [1, -4, 6, 0, 42, -196, 343], 3.7.ae_g_a, -20 
(-4, 8, -14), [1, -4, 8, -14, 56, -196, 343], 3.7.ae_i_ao, -62 
(-4, 9, -28), [1, -4, 9, -28, 63, -196, 343], 3.7.ae_j_abc, -93 
(-4, 9, -14), [1, -4, 9, -14, 63, -196, 343], 3.7.ae_j_ao, -79 
(-4, 10, -28), [1, -4, 10, -28, 70, -196, 343], 3.7.ae_k_abc, -112 
(-4, 11, -35), [1, -4, 11, -35, 77, -196, 343], 3.7.ae_l_abj, -140 
(-4, 11, -21), [1, -4, 11, -21, 77, -196, 343], 3.7.ae_l_av, -126 
(-4, 12, -42), [1, -4, 12, -42, 84, -196, 343], 3.7.ae_m_abq, -170 
(-4, 12, -28), [1, -4, 12, -28, 84, -196, 343], 3.7.ae_m_abc, -156 
(-4, 13, -42), [1, -4, 13, -42, 91, -196, 343], 3.7.ae_n_abq, -195 
(-4, 13, -35), [1, -4, 13, -35, 91, -196, 343], 3.7.ae_n_abj, -188 
(-4, 13, -28), [1, -4, 13, -28, 91, -196, 343], 3.7.ae_n_abc, -181 
(-4, 15, -49), [1, -4, 15, -49, 105, -196, 343], 3.7.ae_p_abx, -258 
(-4, 15, -42), [1, -4, 15, -42, 105, -196, 343], 3.7.ae_p_abq, -251 
(-4, 15, -35), [1, -4, 15, -35, 105, -196, 343], 3.7.ae_p_abj, -244 
(-4, 17, -42), [1, -4, 17, -42, 119, -196, 343], 3.7.ae_r_abq, -315 
(-4, 19, -49), [1, -4, 19, -49, 133, -196, 343], 3.7.ae_t_abx, -394 
(-4, 19, -42), [1, -4, 19, -42, 133, -196, 343], 3.7.ae_t_abq, -387 
(-3, -5, 35), [1, -3, -5, 35, -35, -147, 343], 3.7.ad_af_bj, 19 
(-3, -5, 42), [1, -3, -5, 42, -35, -147, 343], 3.7.ad_af_bq, 26 
(-3, -4, 28), [1, -3, -4, 28, -28, -147, 343], 3.7.ad_ae_bc, 21 
(-3, -3, 35), [1, -3, -3, 35, -21, -147, 343], 3.7.ad_ad_bj, 35 
(-3, -1, 14), [1, -3, -1, 14, -7, -147, 343], 3.7.ad_ab_o, 22 
(-3, -1, 21), [1, -3, -1, 21, -7, -147, 343], 3.7.ad_ab_v, 29 
(-3, -1, 28), [1, -3, -1, 28, -7, -147, 343], 3.7.ad_ab_bc, 36 
(-3, 1, 0), [1, -3, 1, 0, 7, -147, 343], 3.7.ad_b_a, 8 
(-3, 1, 7), [1, -3, 1, 7, 7, -147, 343], 3.7.ad_b_h, 15 
(-3, 1, 14), [1, -3, 1, 14, 7, -147, 343], 3.7.ad_b_o, 22 
(-3, 1, 21), [1, -3, 1, 21, 7, -147, 343], 3.7.ad_b_v, 29 
(-3, 2, 14), [1, -3, 2, 14, 14, -147, 343], 3.7.ad_c_o, 19 
(-3, 3, -7), [1, -3, 3, -7, 21, -147, 343], 3.7.ad_d_ah, -7 
(-3, 3, 0), [1, -3, 3, 0, 21, -147, 343], 3.7.ad_d_a, 0 
(-3, 3, 7), [1, -3, 3, 7, 21, -147, 343], 3.7.ad_d_h, 7 
(-3, 4, -14), [1, -3, 4, -14, 28, -147, 343], 3.7.ad_e_ao, -21 
(-3, 4, 0), [1, -3, 4, 0, 28, -147, 343], 3.7.ad_e_a, -7 
(-3, 5, -21), [1, -3, 5, -21, 35, -147, 343], 3.7.ad_f_av, -37 
(-3, 5, -14), [1, -3, 5, -14, 35, -147, 343], 3.7.ad_f_ao, -30 
(-3, 5, -7), [1, -3, 5, -7, 35, -147, 343], 3.7.ad_f_ah, -23 
(-3, 5, 0), [1, -3, 5, 0, 35, -147, 343], 3.7.ad_f_a, -16 
(-3, 5, 7), [1, -3, 5, 7, 35, -147, 343], 3.7.ad_f_h, -9 
(-3, 6, -14), [1, -3, 6, -14, 42, -147, 343], 3.7.ad_g_ao, -41 
(-3, 6, 0), [1, -3, 6, 0, 42, -147, 343], 3.7.ad_g_a, -27 
(-3, 8, -28), [1, -3, 8, -28, 56, -147, 343], 3.7.ad_i_abc, -83 
(-3, 8, -14), [1, -3, 8, -14, 56, -147, 343], 3.7.ad_i_ao, -69 
(-3, 9, -35), [1, -3, 9, -35, 63, -147, 343], 3.7.ad_j_abj, -107 
(-3, 9, -21), [1, -3, 9, -21, 63, -147, 343], 3.7.ad_j_av, -93 
(-3, 9, -7), [1, -3, 9, -7, 63, -147, 343], 3.7.ad_j_ah, -79 
(-3, 10, -28), [1, -3, 10, -28, 70, -147, 343], 3.7.ad_k_abc, -119 
(-3, 11, -35), [1, -3, 11, -35, 77, -147, 343], 3.7.ad_l_abj, -147 
(-3, 11, -28), [1, -3, 11, -28, 77, -147, 343], 3.7.ad_l_abc, -140 
(-3, 11, -21), [1, -3, 11, -21, 77, -147, 343], 3.7.ad_l_av, -133 
(-3, 11, -14), [1, -3, 11, -14, 77, -147, 343], 3.7.ad_l_ao, -126 
(-3, 12, -28), [1, -3, 12, -28, 84, -147, 343], 3.7.ad_m_abc, -163 
(-3, 13, -35), [1, -3, 13, -35, 91, -147, 343], 3.7.ad_n_abj, -195 
(-3, 13, -28), [1, -3, 13, -28, 91, -147, 343], 3.7.ad_n_abc, -188 
(-3, 13, -21), [1, -3, 13, -21, 91, -147, 343], 3.7.ad_n_av, -181 
(-3, 15, -35), [1, -3, 15, -35, 105, -147, 343], 3.7.ad_p_abj, -251 
(-3, 15, -28), [1, -3, 15, -28, 105, -147, 343], 3.7.ad_p_abc, -244 
(-3, 17, -35), [1, -3, 17, -35, 119, -147, 343], 3.7.ad_r_abj, -315 
(-2, -6, 28), [1, -2, -6, 28, -42, -98, 343], 3.7.ac_ag_bc, -4 
(-2, -5, 21), [1, -2, -5, 21, -35, -98, 343], 3.7.ac_af_v, 0 
(-2, -5, 28), [1, -2, -5, 28, -35, -98, 343], 3.7.ac_af_bc, 7 
(-2, -4, 14), [1, -2, -4, 14, -28, -98, 343], 3.7.ac_ae_o, 2 
(-2, -4, 28), [1, -2, -4, 28, -28, -98, 343], 3.7.ac_ae_bc, 16 
(-2, -3, 14), [1, -2, -3, 14, -21, -98, 343], 3.7.ac_ad_o, 9 
(-2, -3, 28), [1, -2, -3, 28, -21, -98, 343], 3.7.ac_ad_bc, 23 
(-2, -2, 14), [1, -2, -2, 14, -14, -98, 343], 3.7.ac_ac_o, 14 
(-2, -2, 28), [1, -2, -2, 28, -14, -98, 343], 3.7.ac_ac_bc, 28 
(-2, -1, 0), [1, -2, -1, 0, -7, -98, 343], 3.7.ac_ab_a, 3 
(-2, -1, 14), [1, -2, -1, 14, -7, -98, 343], 3.7.ac_ab_o, 17 
(-2, -1, 21), [1, -2, -1, 21, -7, -98, 343], 3.7.ac_ab_v, 24 
(-2, 1, -14), [1, -2, 1, -14, 7, -98, 343], 3.7.ac_b_ao, -11 
(-2, 1, 0), [1, -2, 1, 0, 7, -98, 343], 3.7.ac_b_a, 3 
(-2, 1, 7), [1, -2, 1, 7, 7, -98, 343], 3.7.ac_b_h, 10 
(-2, 1, 14), [1, -2, 1, 14, 7, -98, 343], 3.7.ac_b_o, 17 
(-2, 1, 21), [1, -2, 1, 21, 7, -98, 343], 3.7.ac_b_v, 24 
(-2, 2, -14), [1, -2, 2, -14, 14, -98, 343], 3.7.ac_c_ao, -14 
(-2, 2, 0), [1, -2, 2, 0, 14, -98, 343], 3.7.ac_c_a, 0 
(-2, 2, 14), [1, -2, 2, 14, 14, -98, 343], 3.7.ac_c_o, 14 
(-2, 3, -14), [1, -2, 3, -14, 21, -98, 343], 3.7.ac_d_ao, -19 
(-2, 3, -7), [1, -2, 3, -7, 21, -98, 343], 3.7.ac_d_ah, -12 
(-2, 3, 0), [1, -2, 3, 0, 21, -98, 343], 3.7.ac_d_a, -5 
(-2, 3, 7), [1, -2, 3, 7, 21, -98, 343], 3.7.ac_d_h, 2 
(-2, 3, 14), [1, -2, 3, 14, 21, -98, 343], 3.7.ac_d_o, 9 
(-2, 4, -14), [1, -2, 4, -14, 28, -98, 343], 3.7.ac_e_ao, -26 
(-2, 5, -35), [1, -2, 5, -35, 35, -98, 343], 3.7.ac_f_abj, -56 
(-2, 5, -21), [1, -2, 5, -21, 35, -98, 343], 3.7.ac_f_av, -42 
(-2, 5, -14), [1, -2, 5, -14, 35, -98, 343], 3.7.ac_f_ao, -35 
(-2, 5, -7), [1, -2, 5, -7, 35, -98, 343], 3.7.ac_f_ah, -28 
(-2, 5, 0), [1, -2, 5, 0, 35, -98, 343], 3.7.ac_f_a, -21 
(-2, 5, 7), [1, -2, 5, 7, 35, -98, 343], 3.7.ac_f_h, -14 
(-2, 6, -14), [1, -2, 6, -14, 42, -98, 343], 3.7.ac_g_ao, -46 
(-2, 8, 0), [1, -2, 8, 0, 56, -98, 343], 3.7.ac_i_a, -60 
(-2, 9, -35), [1, -2, 9, -35, 63, -98, 343], 3.7.ac_j_abj, -112 
(-2, 9, -21), [1, -2, 9, -21, 63, -98, 343], 3.7.ac_j_av, -98 
(-2, 9, -14), [1, -2, 9, -14, 63, -98, 343], 3.7.ac_j_ao, -91 
(-2, 9, -7), [1, -2, 9, -7, 63, -98, 343], 3.7.ac_j_ah, -84 
(-2, 10, -14), [1, -2, 10, -14, 70, -98, 343], 3.7.ac_k_ao, -110 
(-2, 11, -21), [1, -2, 11, -21, 77, -98, 343], 3.7.ac_l_av, -138 
(-2, 11, -14), [1, -2, 11, -14, 77, -98, 343], 3.7.ac_l_ao, -131 
(-2, 12, -14), [1, -2, 12, -14, 84, -98, 343], 3.7.ac_m_ao, -154 
(-2, 13, -21), [1, -2, 13, -21, 91, -98, 343], 3.7.ac_n_av, -186 
(-2, 13, -14), [1, -2, 13, -14, 91, -98, 343], 3.7.ac_n_ao, -179 
(-2, 17, -21), [1, -2, 17, -21, 119, -98, 343], 3.7.ac_r_av, -306 
(-1, -6, 14), [1, -1, -6, 14, -42, -49, 343], 3.7.ab_ag_o, -21 
(-1, -5, 7), [1, -1, -5, 7, -35, -49, 343], 3.7.ab_af_h, -17 
(-1, -5, 14), [1, -1, -5, 14, -35, -49, 343], 3.7.ab_af_o, -10 
(-1, -5, 21), [1, -1, -5, 21, -35, -49, 343], 3.7.ab_af_v, -3 
(-1, -4, 0), [1, -1, -4, 0, -28, -49, 343], 3.7.ab_ae_a, -15 
(-1, -4, 14), [1, -1, -4, 14, -28, -49, 343], 3.7.ab_ae_o, -1 
(-1, -3, -7), [1, -1, -3, -7, -21, -49, 343], 3.7.ab_ad_ah, -15 
(-1, -3, 0), [1, -1, -3, 0, -21, -49, 343], 3.7.ab_ad_a, -8 
(-1, -3, 7), [1, -1, -3, 7, -21, -49, 343], 3.7.ab_ad_h, -1 
(-1, -3, 14), [1, -1, -3, 14, -21, -49, 343], 3.7.ab_ad_o, 6 
(-1, -3, 21), [1, -1, -3, 21, -21, -49, 343], 3.7.ab_ad_v, 13 
(-1, -3, 28), [1, -1, -3, 28, -21, -49, 343], 3.7.ab_ad_bc, 20 
(-1, -2, 0), [1, -1, -2, 0, -14, -49, 343], 3.7.ab_ac_a, -3 
(-1, -2, 14), [1, -1, -2, 14, -14, -49, 343], 3.7.ab_ac_o, 11 
(-1, -1, -7), [1, -1, -1, -7, -7, -49, 343], 3.7.ab_ab_ah, -7 
(-1, -1, 0), [1, -1, -1, 0, -7, -49, 343], 3.7.ab_ab_a, 0 
(-1, -1, 7), [1, -1, -1, 7, -7, -49, 343], 3.7.ab_ab_h, 7 
(-1, -1, 14), [1, -1, -1, 14, -7, -49, 343], 3.7.ab_ab_o, 14 
(-1, -1, 21), [1, -1, -1, 21, -7, -49, 343], 3.7.ab_ab_v, 21 
(-1, 1, -21), [1, -1, 1, -21, 7, -49, 343], 3.7.ab_b_av, -21 
(-1, 1, -7), [1, -1, 1, -7, 7, -49, 343], 3.7.ab_b_ah, -7 
(-1, 1, 0), [1, -1, 1, 0, 7, -49, 343], 3.7.ab_b_a, 0 
(-1, 1, 7), [1, -1, 1, 7, 7, -49, 343], 3.7.ab_b_h, 7 
(-1, 1, 14), [1, -1, 1, 14, 7, -49, 343], 3.7.ab_b_o, 14 
(-1, 1, 21), [1, -1, 1, 21, 7, -49, 343], 3.7.ab_b_v, 21 
(-1, 2, -28), [1, -1, 2, -28, 14, -49, 343], 3.7.ab_c_abc, -31 
(-1, 2, 0), [1, -1, 2, 0, 14, -49, 343], 3.7.ab_c_a, -3 
(-1, 3, -28), [1, -1, 3, -28, 21, -49, 343], 3.7.ab_d_abc, -36 
(-1, 3, -21), [1, -1, 3, -21, 21, -49, 343], 3.7.ab_d_av, -29 
(-1, 3, -7), [1, -1, 3, -7, 21, -49, 343], 3.7.ab_d_ah, -15 
(-1, 3, 0), [1, -1, 3, 0, 21, -49, 343], 3.7.ab_d_a, -8 
(-1, 3, 7), [1, -1, 3, 7, 21, -49, 343], 3.7.ab_d_h, -1 
(-1, 3, 14), [1, -1, 3, 14, 21, -49, 343], 3.7.ab_d_o, 6 
(-1, 3, 21), [1, -1, 3, 21, 21, -49, 343], 3.7.ab_d_v, 13 
(-1, 4, -28), [1, -1, 4, -28, 28, -49, 343], 3.7.ab_e_abc, -43 
(-1, 4, 0), [1, -1, 4, 0, 28, -49, 343], 3.7.ab_e_a, -15 
(-1, 4, 14), [1, -1, 4, 14, 28, -49, 343], 3.7.ab_e_o, -1 
(-1, 5, -21), [1, -1, 5, -21, 35, -49, 343], 3.7.ab_f_av, -45 
(-1, 5, -7), [1, -1, 5, -7, 35, -49, 343], 3.7.ab_f_ah, -31 
(-1, 5, 0), [1, -1, 5, 0, 35, -49, 343], 3.7.ab_f_a, -24 
(-1, 5, 7), [1, -1, 5, 7, 35, -49, 343], 3.7.ab_f_h, -17 
(-1, 6, -28), [1, -1, 6, -28, 42, -49, 343], 3.7.ab_g_abc, -63 
(-1, 6, 0), [1, -1, 6, 0, 42, -49, 343], 3.7.ab_g_a, -35 
(-1, 6, 14), [1, -1, 6, 14, 42, -49, 343], 3.7.ab_g_o, -21 
(-1, 8, 0), [1, -1, 8, 0, 56, -49, 343], 3.7.ab_i_a, -63 
(-1, 9, -21), [1, -1, 9, -21, 63, -49, 343], 3.7.ab_j_av, -101 
(-1, 9, -7), [1, -1, 9, -7, 63, -49, 343], 3.7.ab_j_ah, -87 
(-1, 9, 0), [1, -1, 9, 0, 63, -49, 343], 3.7.ab_j_a, -80 
(-1, 10, 0), [1, -1, 10, 0, 70, -49, 343], 3.7.ab_k_a, -99 
(-1, 11, -21), [1, -1, 11, -21, 77, -49, 343], 3.7.ab_l_av, -141 
(-1, 11, -7), [1, -1, 11, -7, 77, -49, 343], 3.7.ab_l_ah, -127 
(-1, 11, 0), [1, -1, 11, 0, 77, -49, 343], 3.7.ab_l_a, -120 
(-1, 13, -7), [1, -1, 13, -7, 91, -49, 343], 3.7.ab_n_ah, -175 
(-1, 15, -7), [1, -1, 15, -7, 105, -49, 343], 3.7.ab_p_ah, -231 
(0, -4, -14), [1, 0, -4, -14, -28, 0, 343], 3.7.a_ae_ao, -30 
(0, -4, 14), [1, 0, -4, 14, -28, 0, 343], 3.7.a_ae_o, -2 
(0, -3, -21), [1, 0, -3, -21, -21, 0, 343], 3.7.a_ad_av, -30 
(0, -3, -14), [1, 0, -3, -14, -21, 0, 343], 3.7.a_ad_ao, -23 
(0, -3, -7), [1, 0, -3, -7, -21, 0, 343], 3.7.a_ad_ah, -16 
(0, -3, 7), [1, 0, -3, 7, -21, 0, 343], 3.7.a_ad_h, -2 
(0, -3, 14), [1, 0, -3, 14, -21, 0, 343], 3.7.a_ad_o, 5 
(0, -3, 21), [1, 0, -3, 21, -21, 0, 343], 3.7.a_ad_v, 12 
(0, -2, -14), [1, 0, -2, -14, -14, 0, 343], 3.7.a_ac_ao, -18 
(0, -2, 14), [1, 0, -2, 14, -14, 0, 343], 3.7.a_ac_o, 10 
(0, -1, -28), [1, 0, -1, -28, -7, 0, 343], 3.7.a_ab_abc, -29 
(0, -1, -14), [1, 0, -1, -14, -7, 0, 343], 3.7.a_ab_ao, -15 
(0, -1, -7), [1, 0, -1, -7, -7, 0, 343], 3.7.a_ab_ah, -8 
(0, -1, 7), [1, 0, -1, 7, -7, 0, 343], 3.7.a_ab_h, 6 
(0, -1, 14), [1, 0, -1, 14, -7, 0, 343], 3.7.a_ab_o, 13 
(0, -1, 28), [1, 0, -1, 28, -7, 0, 343], 3.7.a_ab_bc, 27 
(0, 1, -28), [1, 0, 1, -28, 7, 0, 343], 3.7.a_b_abc, -29 
(0, 1, -21), [1, 0, 1, -21, 7, 0, 343], 3.7.a_b_av, -22 
(0, 1, -14), [1, 0, 1, -14, 7, 0, 343], 3.7.a_b_ao, -15 
(0, 1, -7), [1, 0, 1, -7, 7, 0, 343], 3.7.a_b_ah, -8 
(0, 1, 7), [1, 0, 1, 7, 7, 0, 343], 3.7.a_b_h, 6 
(0, 1, 14), [1, 0, 1, 14, 7, 0, 343], 3.7.a_b_o, 13 
(0, 1, 21), [1, 0, 1, 21, 7, 0, 343], 3.7.a_b_v, 20 
(0, 1, 28), [1, 0, 1, 28, 7, 0, 343], 3.7.a_b_bc, 27 
(0, 2, -28), [1, 0, 2, -28, 14, 0, 343], 3.7.a_c_abc, -32 
(0, 2, -14), [1, 0, 2, -14, 14, 0, 343], 3.7.a_c_ao, -18 
(0, 2, 14), [1, 0, 2, 14, 14, 0, 343], 3.7.a_c_o, 10 
(0, 2, 28), [1, 0, 2, 28, 14, 0, 343], 3.7.a_c_bc, 24 
(0, 3, -21), [1, 0, 3, -21, 21, 0, 343], 3.7.a_d_av, -30 
(0, 3, -14), [1, 0, 3, -14, 21, 0, 343], 3.7.a_d_ao, -23 
(0, 3, -7), [1, 0, 3, -7, 21, 0, 343], 3.7.a_d_ah, -16 
(0, 3, 7), [1, 0, 3, 7, 21, 0, 343], 3.7.a_d_h, -2 
(0, 3, 14), [1, 0, 3, 14, 21, 0, 343], 3.7.a_d_o, 5 
(0, 3, 21), [1, 0, 3, 21, 21, 0, 343], 3.7.a_d_v, 12 
(0, 4, -14), [1, 0, 4, -14, 28, 0, 343], 3.7.a_e_ao, -30 
(0, 4, 14), [1, 0, 4, 14, 28, 0, 343], 3.7.a_e_o, -2 
(0, 5, -14), [1, 0, 5, -14, 35, 0, 343], 3.7.a_f_ao, -39 
(0, 5, -7), [1, 0, 5, -7, 35, 0, 343], 3.7.a_f_ah, -32 
(0, 5, 7), [1, 0, 5, 7, 35, 0, 343], 3.7.a_f_h, -18 
(0, 5, 14), [1, 0, 5, 14, 35, 0, 343], 3.7.a_f_o, -11 
(0, 8, -14), [1, 0, 8, -14, 56, 0, 343], 3.7.a_i_ao, -78 
(0, 8, 14), [1, 0, 8, 14, 56, 0, 343], 3.7.a_i_o, -50 
(0, 9, -14), [1, 0, 9, -14, 63, 0, 343], 3.7.a_j_ao, -95 
(0, 9, -7), [1, 0, 9, -7, 63, 0, 343], 3.7.a_j_ah, -88 
(0, 9, 7), [1, 0, 9, 7, 63, 0, 343], 3.7.a_j_h, -74 
(0, 9, 14), [1, 0, 9, 14, 63, 0, 343], 3.7.a_j_o, -67 
(0, 11, -7), [1, 0, 11, -7, 77, 0, 343], 3.7.a_l_ah, -128 
(0, 11, 7), [1, 0, 11, 7, 77, 0, 343], 3.7.a_l_h, -114 
(1, -6, -14), [1, 1, -6, -14, -42, 49, 343], 3.7.b_ag_ao, -49 
(1, -5, -21), [1, 1, -5, -21, -35, 49, 343], 3.7.b_af_av, -45 
(1, -5, -14), [1, 1, -5, -14, -35, 49, 343], 3.7.b_af_ao, -38 
(1, -5, -7), [1, 1, -5, -7, -35, 49, 343], 3.7.b_af_ah, -31 
(1, -4, -14), [1, 1, -4, -14, -28, 49, 343], 3.7.b_ae_ao, -29 
(1, -4, 0), [1, 1, -4, 0, -28, 49, 343], 3.7.b_ae_a, -15 
(1, -3, -28), [1, 1, -3, -28, -21, 49, 343], 3.7.b_ad_abc, -36 
(1, -3, -21), [1, 1, -3, -21, -21, 49, 343], 3.7.b_ad_av, -29 
(1, -3, -14), [1, 1, -3, -14, -21, 49, 343], 3.7.b_ad_ao, -22 
(1, -3, -7), [1, 1, -3, -7, -21, 49, 343], 3.7.b_ad_ah, -15 
(1, -3, 0), [1, 1, -3, 0, -21, 49, 343], 3.7.b_ad_a, -8 
(1, -3, 7), [1, 1, -3, 7, -21, 49, 343], 3.7.b_ad_h, -1 
(1, -2, -14), [1, 1, -2, -14, -14, 49, 343], 3.7.b_ac_ao, -17 
(1, -2, 0), [1, 1, -2, 0, -14, 49, 343], 3.7.b_ac_a, -3 
(1, -1, -21), [1, 1, -1, -21, -7, 49, 343], 3.7.b_ab_av, -21 
(1, -1, -14), [1, 1, -1, -14, -7, 49, 343], 3.7.b_ab_ao, -14 
(1, -1, -7), [1, 1, -1, -7, -7, 49, 343], 3.7.b_ab_ah, -7 
(1, -1, 0), [1, 1, -1, 0, -7, 49, 343], 3.7.b_ab_a, 0 
(1, -1, 7), [1, 1, -1, 7, -7, 49, 343], 3.7.b_ab_h, 7 
(1, 1, -21), [1, 1, 1, -21, 7, 49, 343], 3.7.b_b_av, -21 
(1, 1, -14), [1, 1, 1, -14, 7, 49, 343], 3.7.b_b_ao, -14 
(1, 1, -7), [1, 1, 1, -7, 7, 49, 343], 3.7.b_b_ah, -7 
(1, 1, 0), [1, 1, 1, 0, 7, 49, 343], 3.7.b_b_a, 0 
(1, 1, 7), [1, 1, 1, 7, 7, 49, 343], 3.7.b_b_h, 7 
(1, 1, 21), [1, 1, 1, 21, 7, 49, 343], 3.7.b_b_v, 21 
(1, 2, 0), [1, 1, 2, 0, 14, 49, 343], 3.7.b_c_a, -3 
(1, 2, 28), [1, 1, 2, 28, 14, 49, 343], 3.7.b_c_bc, 25 
(1, 3, -21), [1, 1, 3, -21, 21, 49, 343], 3.7.b_d_av, -29 
(1, 3, -14), [1, 1, 3, -14, 21, 49, 343], 3.7.b_d_ao, -22 
(1, 3, -7), [1, 1, 3, -7, 21, 49, 343], 3.7.b_d_ah, -15 
(1, 3, 0), [1, 1, 3, 0, 21, 49, 343], 3.7.b_d_a, -8 
(1, 3, 7), [1, 1, 3, 7, 21, 49, 343], 3.7.b_d_h, -1 
(1, 3, 21), [1, 1, 3, 21, 21, 49, 343], 3.7.b_d_v, 13 
(1, 3, 28), [1, 1, 3, 28, 21, 49, 343], 3.7.b_d_bc, 20 
(1, 4, -14), [1, 1, 4, -14, 28, 49, 343], 3.7.b_e_ao, -29 
(1, 4, 0), [1, 1, 4, 0, 28, 49, 343], 3.7.b_e_a, -15 
(1, 4, 28), [1, 1, 4, 28, 28, 49, 343], 3.7.b_e_bc, 13 
(1, 5, -7), [1, 1, 5, -7, 35, 49, 343], 3.7.b_f_ah, -31 
(1, 5, 0), [1, 1, 5, 0, 35, 49, 343], 3.7.b_f_a, -24 
(1, 5, 7), [1, 1, 5, 7, 35, 49, 343], 3.7.b_f_h, -17 
(1, 5, 21), [1, 1, 5, 21, 35, 49, 343], 3.7.b_f_v, -3 
(1, 6, -14), [1, 1, 6, -14, 42, 49, 343], 3.7.b_g_ao, -49 
(1, 6, 0), [1, 1, 6, 0, 42, 49, 343], 3.7.b_g_a, -35 
(1, 6, 28), [1, 1, 6, 28, 42, 49, 343], 3.7.b_g_bc, -7 
(1, 8, 0), [1, 1, 8, 0, 56, 49, 343], 3.7.b_i_a, -63 
(1, 9, 0), [1, 1, 9, 0, 63, 49, 343], 3.7.b_j_a, -80 
(1, 9, 7), [1, 1, 9, 7, 63, 49, 343], 3.7.b_j_h, -73 
(1, 9, 21), [1, 1, 9, 21, 63, 49, 343], 3.7.b_j_v, -59 
(1, 10, 0), [1, 1, 10, 0, 70, 49, 343], 3.7.b_k_a, -99 
(1, 11, 0), [1, 1, 11, 0, 77, 49, 343], 3.7.b_l_a, -120 
(1, 11, 7), [1, 1, 11, 7, 77, 49, 343], 3.7.b_l_h, -113 
(1, 11, 21), [1, 1, 11, 21, 77, 49, 343], 3.7.b_l_v, -99 
(1, 13, 7), [1, 1, 13, 7, 91, 49, 343], 3.7.b_n_h, -161 
(1, 15, 7), [1, 1, 15, 7, 105, 49, 343], 3.7.b_p_h, -217 
(2, -6, -28), [1, 2, -6, -28, -42, 98, 343], 3.7.c_ag_abc, -60 
(2, -5, -28), [1, 2, -5, -28, -35, 98, 343], 3.7.c_af_abc, -49 
(2, -5, -21), [1, 2, -5, -21, -35, 98, 343], 3.7.c_af_av, -42 
(2, -4, -28), [1, 2, -4, -28, -28, 98, 343], 3.7.c_ae_abc, -40 
(2, -4, -14), [1, 2, -4, -14, -28, 98, 343], 3.7.c_ae_ao, -26 
(2, -3, -28), [1, 2, -3, -28, -21, 98, 343], 3.7.c_ad_abc, -33 
(2, -3, -14), [1, 2, -3, -14, -21, 98, 343], 3.7.c_ad_ao, -19 
(2, -2, -28), [1, 2, -2, -28, -14, 98, 343], 3.7.c_ac_abc, -28 
(2, -2, -14), [1, 2, -2, -14, -14, 98, 343], 3.7.c_ac_ao, -14 
(2, -1, -21), [1, 2, -1, -21, -7, 98, 343], 3.7.c_ab_av, -18 
(2, -1, -14), [1, 2, -1, -14, -7, 98, 343], 3.7.c_ab_ao, -11 
(2, -1, 0), [1, 2, -1, 0, -7, 98, 343], 3.7.c_ab_a, 3 
(2, 1, -21), [1, 2, 1, -21, 7, 98, 343], 3.7.c_b_av, -18 
(2, 1, -14), [1, 2, 1, -14, 7, 98, 343], 3.7.c_b_ao, -11 
(2, 1, -7), [1, 2, 1, -7, 7, 98, 343], 3.7.c_b_ah, -4 
(2, 1, 0), [1, 2, 1, 0, 7, 98, 343], 3.7.c_b_a, 3 
(2, 1, 14), [1, 2, 1, 14, 7, 98, 343], 3.7.c_b_o, 17 
(2, 2, -14), [1, 2, 2, -14, 14, 98, 343], 3.7.c_c_ao, -14 
(2, 2, 0), [1, 2, 2, 0, 14, 98, 343], 3.7.c_c_a, 0 
(2, 2, 14), [1, 2, 2, 14, 14, 98, 343], 3.7.c_c_o, 14 
(2, 3, -14), [1, 2, 3, -14, 21, 98, 343], 3.7.c_d_ao, -19 
(2, 3, -7), [1, 2, 3, -7, 21, 98, 343], 3.7.c_d_ah, -12 
(2, 3, 0), [1, 2, 3, 0, 21, 98, 343], 3.7.c_d_a, -5 
(2, 3, 7), [1, 2, 3, 7, 21, 98, 343], 3.7.c_d_h, 2 
(2, 3, 14), [1, 2, 3, 14, 21, 98, 343], 3.7.c_d_o, 9 
(2, 4, 14), [1, 2, 4, 14, 28, 98, 343], 3.7.c_e_o, 2 
(2, 5, -7), [1, 2, 5, -7, 35, 98, 343], 3.7.c_f_ah, -28 
(2, 5, 0), [1, 2, 5, 0, 35, 98, 343], 3.7.c_f_a, -21 
(2, 5, 7), [1, 2, 5, 7, 35, 98, 343], 3.7.c_f_h, -14 
(2, 5, 14), [1, 2, 5, 14, 35, 98, 343], 3.7.c_f_o, -7 
(2, 5, 21), [1, 2, 5, 21, 35, 98, 343], 3.7.c_f_v, 0 
(2, 5, 35), [1, 2, 5, 35, 35, 98, 343], 3.7.c_f_bj, 14 
(2, 6, 14), [1, 2, 6, 14, 42, 98, 343], 3.7.c_g_o, -18 
(2, 8, 0), [1, 2, 8, 0, 56, 98, 343], 3.7.c_i_a, -60 
(2, 9, 7), [1, 2, 9, 7, 63, 98, 343], 3.7.c_j_h, -70 
(2, 9, 14), [1, 2, 9, 14, 63, 98, 343], 3.7.c_j_o, -63 
(2, 9, 21), [1, 2, 9, 21, 63, 98, 343], 3.7.c_j_v, -56 
(2, 9, 35), [1, 2, 9, 35, 63, 98, 343], 3.7.c_j_bj, -42 
(2, 10, 14), [1, 2, 10, 14, 70, 98, 343], 3.7.c_k_o, -82 
(2, 11, 14), [1, 2, 11, 14, 77, 98, 343], 3.7.c_l_o, -103 
(2, 11, 21), [1, 2, 11, 21, 77, 98, 343], 3.7.c_l_v, -96 
(2, 12, 14), [1, 2, 12, 14, 84, 98, 343], 3.7.c_m_o, -126 
(2, 13, 14), [1, 2, 13, 14, 91, 98, 343], 3.7.c_n_o, -151 
(2, 13, 21), [1, 2, 13, 21, 91, 98, 343], 3.7.c_n_v, -144 
(2, 17, 21), [1, 2, 17, 21, 119, 98, 343], 3.7.c_r_v, -264 
(3, -5, -42), [1, 3, -5, -42, -35, 147, 343], 3.7.d_af_abq, -58 
(3, -5, -35), [1, 3, -5, -35, -35, 147, 343], 3.7.d_af_abj, -51 
(3, -4, -28), [1, 3, -4, -28, -28, 147, 343], 3.7.d_ae_abc, -35 
(3, -3, -35), [1, 3, -3, -35, -21, 147, 343], 3.7.d_ad_abj, -35 
(3, -1, -28), [1, 3, -1, -28, -7, 147, 343], 3.7.d_ab_abc, -20 
(3, -1, -21), [1, 3, -1, -21, -7, 147, 343], 3.7.d_ab_av, -13 
(3, -1, -14), [1, 3, -1, -14, -7, 147, 343], 3.7.d_ab_ao, -6 
(3, 1, -21), [1, 3, 1, -21, 7, 147, 343], 3.7.d_b_av, -13 
(3, 1, -14), [1, 3, 1, -14, 7, 147, 343], 3.7.d_b_ao, -6 
(3, 1, -7), [1, 3, 1, -7, 7, 147, 343], 3.7.d_b_ah, 1 
(3, 1, 0), [1, 3, 1, 0, 7, 147, 343], 3.7.d_b_a, 8 
(3, 2, -14), [1, 3, 2, -14, 14, 147, 343], 3.7.d_c_ao, -9 
(3, 3, -7), [1, 3, 3, -7, 21, 147, 343], 3.7.d_d_ah, -7 
(3, 3, 0), [1, 3, 3, 0, 21, 147, 343], 3.7.d_d_a, 0 
(3, 3, 7), [1, 3, 3, 7, 21, 147, 343], 3.7.d_d_h, 7 
(3, 4, 0), [1, 3, 4, 0, 28, 147, 343], 3.7.d_e_a, -7 
(3, 4, 14), [1, 3, 4, 14, 28, 147, 343], 3.7.d_e_o, 7 
(3, 5, -7), [1, 3, 5, -7, 35, 147, 343], 3.7.d_f_ah, -23 
(3, 5, 0), [1, 3, 5, 0, 35, 147, 343], 3.7.d_f_a, -16 
(3, 5, 7), [1, 3, 5, 7, 35, 147, 343], 3.7.d_f_h, -9 
(3, 5, 14), [1, 3, 5, 14, 35, 147, 343], 3.7.d_f_o, -2 
(3, 5, 21), [1, 3, 5, 21, 35, 147, 343], 3.7.d_f_v, 5 
(3, 6, 0), [1, 3, 6, 0, 42, 147, 343], 3.7.d_g_a, -27 
(3, 6, 14), [1, 3, 6, 14, 42, 147, 343], 3.7.d_g_o, -13 
(3, 8, 14), [1, 3, 8, 14, 56, 147, 343], 3.7.d_i_o, -41 
(3, 8, 28), [1, 3, 8, 28, 56, 147, 343], 3.7.d_i_bc, -27 
(3, 9, 7), [1, 3, 9, 7, 63, 147, 343], 3.7.d_j_h, -65 
(3, 9, 21), [1, 3, 9, 21, 63, 147, 343], 3.7.d_j_v, -51 
(3, 9, 35), [1, 3, 9, 35, 63, 147, 343], 3.7.d_j_bj, -37 
(3, 10, 28), [1, 3, 10, 28, 70, 147, 343], 3.7.d_k_bc, -63 
(3, 11, 14), [1, 3, 11, 14, 77, 147, 343], 3.7.d_l_o, -98 
(3, 11, 21), [1, 3, 11, 21, 77, 147, 343], 3.7.d_l_v, -91 
(3, 11, 28), [1, 3, 11, 28, 77, 147, 343], 3.7.d_l_bc, -84 
(3, 11, 35), [1, 3, 11, 35, 77, 147, 343], 3.7.d_l_bj, -77 
(3, 12, 28), [1, 3, 12, 28, 84, 147, 343], 3.7.d_m_bc, -107 
(3, 13, 21), [1, 3, 13, 21, 91, 147, 343], 3.7.d_n_v, -139 
(3, 13, 28), [1, 3, 13, 28, 91, 147, 343], 3.7.d_n_bc, -132 
(3, 13, 35), [1, 3, 13, 35, 91, 147, 343], 3.7.d_n_bj, -125 
(3, 15, 28), [1, 3, 15, 28, 105, 147, 343], 3.7.d_p_bc, -188 
(3, 15, 35), [1, 3, 15, 35, 105, 147, 343], 3.7.d_p_bj, -181 
(3, 17, 35), [1, 3, 17, 35, 119, 147, 343], 3.7.d_r_bj, -245 
(4, -1, -28), [1, 4, -1, -28, -7, 196, 343], 3.7.e_ab_abc, -13 
(4, 1, -21), [1, 4, 1, -21, 7, 196, 343], 3.7.e_b_av, -6 
(4, 1, -14), [1, 4, 1, -14, 7, 196, 343], 3.7.e_b_ao, 1 
(4, 3, -14), [1, 4, 3, -14, 21, 196, 343], 3.7.e_d_ao, -7 
(4, 4, 0), [1, 4, 4, 0, 28, 196, 343], 3.7.e_e_a, 0 
(4, 5, 0), [1, 4, 5, 0, 35, 196, 343], 3.7.e_f_a, -9 
(4, 6, 0), [1, 4, 6, 0, 42, 196, 343], 3.7.e_g_a, -20 
(4, 8, 14), [1, 4, 8, 14, 56, 196, 343], 3.7.e_i_o, -34 
(4, 9, 14), [1, 4, 9, 14, 63, 196, 343], 3.7.e_j_o, -51 
(4, 9, 28), [1, 4, 9, 28, 63, 196, 343], 3.7.e_j_bc, -37 
(4, 10, 28), [1, 4, 10, 28, 70, 196, 343], 3.7.e_k_bc, -56 
(4, 11, 21), [1, 4, 11, 21, 77, 196, 343], 3.7.e_l_v, -84 
(4, 11, 35), [1, 4, 11, 35, 77, 196, 343], 3.7.e_l_bj, -70 
(4, 12, 28), [1, 4, 12, 28, 84, 196, 343], 3.7.e_m_bc, -100 
(4, 12, 42), [1, 4, 12, 42, 84, 196, 343], 3.7.e_m_bq, -86 
(4, 13, 28), [1, 4, 13, 28, 91, 196, 343], 3.7.e_n_bc, -125 
(4, 13, 35), [1, 4, 13, 35, 91, 196, 343], 3.7.e_n_bj, -118 
(4, 13, 42), [1, 4, 13, 42, 91, 196, 343], 3.7.e_n_bq, -111 
(4, 15, 35), [1, 4, 15, 35, 105, 196, 343], 3.7.e_p_bj, -174 
(4, 15, 42), [1, 4, 15, 42, 105, 196, 343], 3.7.e_p_bq, -167 
(4, 15, 49), [1, 4, 15, 49, 105, 196, 343], 3.7.e_p_bx, -160 
(4, 17, 42), [1, 4, 17, 42, 119, 196, 343], 3.7.e_r_bq, -231 
(4, 19, 42), [1, 4, 19, 42, 133, 196, 343], 3.7.e_t_bq, -303 
(4, 19, 49), [1, 4, 19, 49, 133, 196, 343], 3.7.e_t_bx, -296 
(5, 5, -7), [1, 5, 5, -7, 35, 245, 343], 3.7.f_f_ah, -7 
(5, 9, 7), [1, 5, 9, 7, 63, 245, 343], 3.7.f_j_h, -49 
(5, 9, 14), [1, 5, 9, 14, 63, 245, 343], 3.7.f_j_o, -42 
(5, 10, 14), [1, 5, 10, 14, 70, 245, 343], 3.7.f_k_o, -61 
(5, 11, 21), [1, 5, 11, 21, 77, 245, 343], 3.7.f_l_v, -75 
(5, 12, 28), [1, 5, 12, 28, 84, 245, 343], 3.7.f_m_bc, -91 
(5, 13, 35), [1, 5, 13, 35, 91, 245, 343], 3.7.f_n_bj, -109 
(5, 15, 35), [1, 5, 15, 35, 105, 245, 343], 3.7.f_p_bj, -165 
(5, 15, 42), [1, 5, 15, 42, 105, 245, 343], 3.7.f_p_bq, -158 
(5, 16, 42), [1, 5, 16, 42, 112, 245, 343], 3.7.f_q_bq, -189 
(5, 17, 42), [1, 5, 17, 42, 119, 245, 343], 3.7.f_r_bq, -222 
(5, 17, 49), [1, 5, 17, 49, 119, 245, 343], 3.7.f_r_bx, -215 
(5, 17, 56), [1, 5, 17, 56, 119, 245, 343], 3.7.f_r_ce, -208 
(5, 18, 56), [1, 5, 18, 56, 126, 245, 343], 3.7.f_s_ce, -243 
(5, 19, 49), [1, 5, 19, 49, 133, 245, 343], 3.7.f_t_bx, -287 
(5, 19, 56), [1, 5, 19, 56, 133, 245, 343], 3.7.f_t_ce, -280 
(5, 19, 63), [1, 5, 19, 63, 133, 245, 343], 3.7.f_t_cl, -273 
(5, 22, 56), [1, 5, 22, 56, 154, 245, 343], 3.7.f_w_ce, -403 
(5, 23, 63), [1, 5, 23, 63, 161, 245, 343], 3.7.f_x_cl, -441 
(6, 9, 0), [1, 6, 9, 0, 63, 294, 343], 3.7.g_j_a, -45 
(6, 18, 42), [1, 6, 18, 42, 126, 294, 343], 3.7.g_s_bq, -246 
(6, 20, 56), [1, 6, 20, 56, 140, 294, 343], 3.7.g_u_ce, -308 
(6, 23, 70), [1, 6, 23, 70, 161, 294, 343], 3.7.g_x_cs, -423 
(6, 24, 70), [1, 6, 24, 70, 168, 294, 343], 3.7.g_y_cs, -470 
(6, 25, 70), [1, 6, 25, 70, 175, 294, 343], 3.7.g_z_cs, -519 
(6, 27, 77), [1, 6, 27, 77, 189, 294, 343], 3.7.g_bb_cz, -616 
(7, 25, 70), [1, 7, 25, 70, 175, 343, 343], 3.7.h_z_cs, -506 
(7, 27, 77), [1, 7, 27, 77, 189, 343, 343], 3.7.h_bb_cz, -603 
(7, 29, 91), [1, 7, 29, 91, 203, 343, 343], 3.7.h_bd_dn, -701 
(7, 31, 91), [1, 7, 31, 91, 217, 343, 343], 3.7.h_bf_dn, -821 
(8, 33, 98), [1, 8, 33, 98, 231, 392, 343], 3.7.i_bh_du, -927 
(8, 37, 119), [1, 8, 37, 119, 259, 392, 343], 3.7.i_bl_ep, -1186 
