(-6, 21, -55), [1, -6, 21, -55, 105, -150, 125], 3.5.ag_v_acd, -460 
(-5, 13, -30), [1, -5, 13, -30, 65, -125, 125], 3.5.af_n_abe, -174 
(-5, 13, -25), [1, -5, 13, -25, 65, -125, 125], 3.5.af_n_az, -169 
(-5, 17, -40), [1, -5, 17, -40, 85, -125, 125], 3.5.af_r_abo, -304 
(-5, 19, -45), [1, -5, 19, -45, 95, -125, 125], 3.5.af_t_abt, -381 
(-4, 7, -10), [1, -4, 7, -10, 35, -100, 125], 3.5.ae_h_ak, -43 
(-4, 9, -15), [1, -4, 9, -15, 45, -100, 125], 3.5.ae_j_ap, -80 
(-4, 11, -30), [1, -4, 11, -30, 55, -100, 125], 3.5.ae_l_abe, -135 
(-4, 11, -25), [1, -4, 11, -25, 55, -100, 125], 3.5.ae_l_az, -130 
(-4, 11, -20), [1, -4, 11, -20, 55, -100, 125], 3.5.ae_l_au, -125 
(-4, 12, -30), [1, -4, 12, -30, 60, -100, 125], 3.5.ae_m_abe, -158 
(-4, 13, -30), [1, -4, 13, -30, 65, -100, 125], 3.5.ae_n_abe, -183 
(-3, -2, 20), [1, -3, -2, 20, -10, -75, 125], 3.5.ad_ac_u, 25 
(-3, 1, 5), [1, -3, 1, 5, 5, -75, 125], 3.5.ad_b_f, 13 
(-3, 3, -5), [1, -3, 3, -5, 15, -75, 125], 3.5.ad_d_af, -5 
(-3, 3, 0), [1, -3, 3, 0, 15, -75, 125], 3.5.ad_d_a, 0 
(-3, 3, 5), [1, -3, 3, 5, 15, -75, 125], 3.5.ad_d_f, 5 
(-3, 4, -10), [1, -3, 4, -10, 20, -75, 125], 3.5.ad_e_ak, -17 
(-3, 4, 0), [1, -3, 4, 0, 20, -75, 125], 3.5.ad_e_a, -7 
(-3, 7, -15), [1, -3, 7, -15, 35, -75, 125], 3.5.ad_h_ap, -55 
(-3, 8, -20), [1, -3, 8, -20, 40, -75, 125], 3.5.ad_i_au, -75 
(-3, 8, -10), [1, -3, 8, -10, 40, -75, 125], 3.5.ad_i_ak, -65 
(-3, 9, -25), [1, -3, 9, -25, 45, -75, 125], 3.5.ad_j_az, -97 
(-3, 9, -20), [1, -3, 9, -20, 45, -75, 125], 3.5.ad_j_au, -92 
(-3, 9, -15), [1, -3, 9, -15, 45, -75, 125], 3.5.ad_j_ap, -87 
(-3, 11, -25), [1, -3, 11, -25, 55, -75, 125], 3.5.ad_l_az, -137 
(-3, 11, -20), [1, -3, 11, -20, 55, -75, 125], 3.5.ad_l_au, -132 
(-3, 13, -25), [1, -3, 13, -25, 65, -75, 125], 3.5.ad_n_az, -185 
(-2, -3, 15), [1, -2, -3, 15, -15, -50, 125], 3.5.ac_ad_p, 10 
(-2, -2, 10), [1, -2, -2, 10, -10, -50, 125], 3.5.ac_ac_k, 10 
(-2, -2, 20), [1, -2, -2, 20, -10, -50, 125], 3.5.ac_ac_u, 20 
(-2, -1, 10), [1, -2, -1, 10, -5, -50, 125], 3.5.ac_ab_k, 13 
(-2, -1, 15), [1, -2, -1, 15, -5, -50, 125], 3.5.ac_ab_p, 18 
(-2, 1, 0), [1, -2, 1, 0, 5, -50, 125], 3.5.ac_b_a, 3 
(-2, 1, 5), [1, -2, 1, 5, 5, -50, 125], 3.5.ac_b_f, 8 
(-2, 1, 10), [1, -2, 1, 10, 5, -50, 125], 3.5.ac_b_k, 13 
(-2, 2, -10), [1, -2, 2, -10, 10, -50, 125], 3.5.ac_c_ak, -10 
(-2, 3, -10), [1, -2, 3, -10, 15, -50, 125], 3.5.ac_d_ak, -15 
(-2, 3, -5), [1, -2, 3, -5, 15, -50, 125], 3.5.ac_d_af, -10 
(-2, 3, 0), [1, -2, 3, 0, 15, -50, 125], 3.5.ac_d_a, -5 
(-2, 4, -10), [1, -2, 4, -10, 20, -50, 125], 3.5.ac_e_ak, -22 
(-2, 4, 0), [1, -2, 4, 0, 20, -50, 125], 3.5.ac_e_a, -12 
(-2, 7, -15), [1, -2, 7, -15, 35, -50, 125], 3.5.ac_h_ap, -60 
(-2, 7, -10), [1, -2, 7, -10, 35, -50, 125], 3.5.ac_h_ak, -55 
(-2, 8, -10), [1, -2, 8, -10, 40, -50, 125], 3.5.ac_i_ak, -70 
(-2, 9, -15), [1, -2, 9, -15, 45, -50, 125], 3.5.ac_j_ap, -92 
(-2, 9, -10), [1, -2, 9, -10, 45, -50, 125], 3.5.ac_j_ak, -87 
(-1, -4, 10), [1, -1, -4, 10, -20, -25, 125], 3.5.ab_ae_k, -5 
(-1, -3, 5), [1, -1, -3, 5, -15, -25, 125], 3.5.ab_ad_f, -3 
(-1, -3, 10), [1, -1, -3, 10, -15, -25, 125], 3.5.ab_ad_k, 2 
(-1, -3, 15), [1, -1, -3, 15, -15, -25, 125], 3.5.ab_ad_p, 7 
(-1, -2, 0), [1, -1, -2, 0, -10, -25, 125], 3.5.ab_ac_a, -3 
(-1, -1, -5), [1, -1, -1, -5, -5, -25, 125], 3.5.ab_ab_af, -5 
(-1, -1, 0), [1, -1, -1, 0, -5, -25, 125], 3.5.ab_ab_a, 0 
(-1, -1, 5), [1, -1, -1, 5, -5, -25, 125], 3.5.ab_ab_f, 5 
(-1, -1, 10), [1, -1, -1, 10, -5, -25, 125], 3.5.ab_ab_k, 10 
(-1, 1, -15), [1, -1, 1, -15, 5, -25, 125], 3.5.ab_b_ap, -15 
(-1, 1, -5), [1, -1, 1, -5, 5, -25, 125], 3.5.ab_b_af, -5 
(-1, 1, 0), [1, -1, 1, 0, 5, -25, 125], 3.5.ab_b_a, 0 
(-1, 1, 5), [1, -1, 1, 5, 5, -25, 125], 3.5.ab_b_f, 5 
(-1, 1, 10), [1, -1, 1, 10, 5, -25, 125], 3.5.ab_b_k, 10 
(-1, 1, 15), [1, -1, 1, 15, 5, -25, 125], 3.5.ab_b_p, 15 
(-1, 2, -20), [1, -1, 2, -20, 10, -25, 125], 3.5.ab_c_au, -23 
(-1, 2, 0), [1, -1, 2, 0, 10, -25, 125], 3.5.ab_c_a, -3 
(-1, 2, 10), [1, -1, 2, 10, 10, -25, 125], 3.5.ab_c_k, 7 
(-1, 3, -15), [1, -1, 3, -15, 15, -25, 125], 3.5.ab_d_ap, -23 
(-1, 3, -5), [1, -1, 3, -5, 15, -25, 125], 3.5.ab_d_af, -13 
(-1, 3, 0), [1, -1, 3, 0, 15, -25, 125], 3.5.ab_d_a, -8 
(-1, 3, 5), [1, -1, 3, 5, 15, -25, 125], 3.5.ab_d_f, -3 
(-1, 4, 0), [1, -1, 4, 0, 20, -25, 125], 3.5.ab_e_a, -15 
(-1, 6, 0), [1, -1, 6, 0, 30, -25, 125], 3.5.ab_g_a, -35 
(-1, 7, -15), [1, -1, 7, -15, 35, -25, 125], 3.5.ab_h_ap, -63 
(-1, 7, -5), [1, -1, 7, -5, 35, -25, 125], 3.5.ab_h_af, -53 
(-1, 7, 0), [1, -1, 7, 0, 35, -25, 125], 3.5.ab_h_a, -48 
(-1, 9, -5), [1, -1, 9, -5, 45, -25, 125], 3.5.ab_j_af, -85 
(0, -2, -10), [1, 0, -2, -10, -10, 0, 125], 3.5.a_ac_ak, -14 
(0, -2, 10), [1, 0, -2, 10, -10, 0, 125], 3.5.a_ac_k, 6 
(0, -1, -10), [1, 0, -1, -10, -5, 0, 125], 3.5.a_ab_ak, -11 
(0, -1, -5), [1, 0, -1, -5, -5, 0, 125], 3.5.a_ab_af, -6 
(0, -1, 5), [1, 0, -1, 5, -5, 0, 125], 3.5.a_ab_f, 4 
(0, -1, 10), [1, 0, -1, 10, -5, 0, 125], 3.5.a_ab_k, 9 
(0, 1, -10), [1, 0, 1, -10, 5, 0, 125], 3.5.a_b_ak, -11 
(0, 1, -5), [1, 0, 1, -5, 5, 0, 125], 3.5.a_b_af, -6 
(0, 1, 5), [1, 0, 1, 5, 5, 0, 125], 3.5.a_b_f, 4 
(0, 1, 10), [1, 0, 1, 10, 5, 0, 125], 3.5.a_b_k, 9 
(0, 2, -10), [1, 0, 2, -10, 10, 0, 125], 3.5.a_c_ak, -14 
(0, 2, 10), [1, 0, 2, 10, 10, 0, 125], 3.5.a_c_k, 6 
(0, 3, -15), [1, 0, 3, -15, 15, 0, 125], 3.5.a_d_ap, -24 
(0, 3, -10), [1, 0, 3, -10, 15, 0, 125], 3.5.a_d_ak, -19 
(0, 3, -5), [1, 0, 3, -5, 15, 0, 125], 3.5.a_d_af, -14 
(0, 3, 5), [1, 0, 3, 5, 15, 0, 125], 3.5.a_d_f, -4 
(0, 3, 10), [1, 0, 3, 10, 15, 0, 125], 3.5.a_d_k, 1 
(0, 3, 15), [1, 0, 3, 15, 15, 0, 125], 3.5.a_d_p, 6 
(0, 7, -5), [1, 0, 7, -5, 35, 0, 125], 3.5.a_h_af, -54 
(0, 7, 5), [1, 0, 7, 5, 35, 0, 125], 3.5.a_h_f, -44 
(1, -4, -10), [1, 1, -4, -10, -20, 25, 125], 3.5.b_ae_ak, -25 
(1, -3, -15), [1, 1, -3, -15, -15, 25, 125], 3.5.b_ad_ap, -23 
(1, -3, -10), [1, 1, -3, -10, -15, 25, 125], 3.5.b_ad_ak, -18 
(1, -3, -5), [1, 1, -3, -5, -15, 25, 125], 3.5.b_ad_af, -13 
(1, -2, 0), [1, 1, -2, 0, -10, 25, 125], 3.5.b_ac_a, -3 
(1, -1, -10), [1, 1, -1, -10, -5, 25, 125], 3.5.b_ab_ak, -10 
(1, -1, -5), [1, 1, -1, -5, -5, 25, 125], 3.5.b_ab_af, -5 
(1, -1, 0), [1, 1, -1, 0, -5, 25, 125], 3.5.b_ab_a, 0 
(1, -1, 5), [1, 1, -1, 5, -5, 25, 125], 3.5.b_ab_f, 5 
(1, 1, -15), [1, 1, 1, -15, 5, 25, 125], 3.5.b_b_ap, -15 
(1, 1, -10), [1, 1, 1, -10, 5, 25, 125], 3.5.b_b_ak, -10 
(1, 1, -5), [1, 1, 1, -5, 5, 25, 125], 3.5.b_b_af, -5 
(1, 1, 0), [1, 1, 1, 0, 5, 25, 125], 3.5.b_b_a, 0 
(1, 1, 5), [1, 1, 1, 5, 5, 25, 125], 3.5.b_b_f, 5 
(1, 1, 15), [1, 1, 1, 15, 5, 25, 125], 3.5.b_b_p, 15 
(1, 2, -10), [1, 1, 2, -10, 10, 25, 125], 3.5.b_c_ak, -13 
(1, 2, 0), [1, 1, 2, 0, 10, 25, 125], 3.5.b_c_a, -3 
(1, 2, 20), [1, 1, 2, 20, 10, 25, 125], 3.5.b_c_u, 17 
(1, 3, -5), [1, 1, 3, -5, 15, 25, 125], 3.5.b_d_af, -13 
(1, 3, 0), [1, 1, 3, 0, 15, 25, 125], 3.5.b_d_a, -8 
(1, 3, 5), [1, 1, 3, 5, 15, 25, 125], 3.5.b_d_f, -3 
(1, 3, 15), [1, 1, 3, 15, 15, 25, 125], 3.5.b_d_p, 7 
(1, 4, 0), [1, 1, 4, 0, 20, 25, 125], 3.5.b_e_a, -15 
(1, 6, 0), [1, 1, 6, 0, 30, 25, 125], 3.5.b_g_a, -35 
(1, 7, 0), [1, 1, 7, 0, 35, 25, 125], 3.5.b_h_a, -48 
(1, 7, 5), [1, 1, 7, 5, 35, 25, 125], 3.5.b_h_f, -43 
(1, 7, 15), [1, 1, 7, 15, 35, 25, 125], 3.5.b_h_p, -33 
(1, 9, 5), [1, 1, 9, 5, 45, 25, 125], 3.5.b_j_f, -75 
(2, -3, -15), [1, 2, -3, -15, -15, 50, 125], 3.5.c_ad_ap, -20 
(2, -2, -20), [1, 2, -2, -20, -10, 50, 125], 3.5.c_ac_au, -20 
(2, -2, -10), [1, 2, -2, -10, -10, 50, 125], 3.5.c_ac_ak, -10 
(2, -1, -15), [1, 2, -1, -15, -5, 50, 125], 3.5.c_ab_ap, -12 
(2, -1, -10), [1, 2, -1, -10, -5, 50, 125], 3.5.c_ab_ak, -7 
(2, 1, -10), [1, 2, 1, -10, 5, 50, 125], 3.5.c_b_ak, -7 
(2, 1, -5), [1, 2, 1, -5, 5, 50, 125], 3.5.c_b_af, -2 
(2, 1, 0), [1, 2, 1, 0, 5, 50, 125], 3.5.c_b_a, 3 
(2, 2, 10), [1, 2, 2, 10, 10, 50, 125], 3.5.c_c_k, 10 
(2, 3, 0), [1, 2, 3, 0, 15, 50, 125], 3.5.c_d_a, -5 
(2, 3, 5), [1, 2, 3, 5, 15, 50, 125], 3.5.c_d_f, 0 
(2, 3, 10), [1, 2, 3, 10, 15, 50, 125], 3.5.c_d_k, 5 
(2, 4, 0), [1, 2, 4, 0, 20, 50, 125], 3.5.c_e_a, -12 
(2, 4, 10), [1, 2, 4, 10, 20, 50, 125], 3.5.c_e_k, -2 
(2, 7, 10), [1, 2, 7, 10, 35, 50, 125], 3.5.c_h_k, -35 
(2, 7, 15), [1, 2, 7, 15, 35, 50, 125], 3.5.c_h_p, -30 
(2, 8, 10), [1, 2, 8, 10, 40, 50, 125], 3.5.c_i_k, -50 
(2, 9, 10), [1, 2, 9, 10, 45, 50, 125], 3.5.c_j_k, -67 
(2, 9, 15), [1, 2, 9, 15, 45, 50, 125], 3.5.c_j_p, -62 
(3, -2, -20), [1, 3, -2, -20, -10, 75, 125], 3.5.d_ac_au, -15 
(3, 1, -5), [1, 3, 1, -5, 5, 75, 125], 3.5.d_b_af, 3 
(3, 3, -5), [1, 3, 3, -5, 15, 75, 125], 3.5.d_d_af, -5 
(3, 3, 0), [1, 3, 3, 0, 15, 75, 125], 3.5.d_d_a, 0 
(3, 3, 5), [1, 3, 3, 5, 15, 75, 125], 3.5.d_d_f, 5 
(3, 4, 0), [1, 3, 4, 0, 20, 75, 125], 3.5.d_e_a, -7 
(3, 4, 10), [1, 3, 4, 10, 20, 75, 125], 3.5.d_e_k, 3 
(3, 7, 15), [1, 3, 7, 15, 35, 75, 125], 3.5.d_h_p, -25 
(3, 8, 10), [1, 3, 8, 10, 40, 75, 125], 3.5.d_i_k, -45 
(3, 8, 20), [1, 3, 8, 20, 40, 75, 125], 3.5.d_i_u, -35 
(3, 9, 15), [1, 3, 9, 15, 45, 75, 125], 3.5.d_j_p, -57 
(3, 9, 20), [1, 3, 9, 20, 45, 75, 125], 3.5.d_j_u, -52 
(3, 9, 25), [1, 3, 9, 25, 45, 75, 125], 3.5.d_j_z, -47 
(3, 11, 20), [1, 3, 11, 20, 55, 75, 125], 3.5.d_l_u, -92 
(3, 11, 25), [1, 3, 11, 25, 55, 75, 125], 3.5.d_l_z, -87 
(3, 13, 25), [1, 3, 13, 25, 65, 75, 125], 3.5.d_n_z, -135 
(4, 7, 10), [1, 4, 7, 10, 35, 100, 125], 3.5.e_h_k, -23 
(4, 9, 15), [1, 4, 9, 15, 45, 100, 125], 3.5.e_j_p, -50 
(4, 11, 20), [1, 4, 11, 20, 55, 100, 125], 3.5.e_l_u, -85 
(4, 11, 25), [1, 4, 11, 25, 55, 100, 125], 3.5.e_l_z, -80 
(4, 11, 30), [1, 4, 11, 30, 55, 100, 125], 3.5.e_l_be, -75 
(4, 12, 30), [1, 4, 12, 30, 60, 100, 125], 3.5.e_m_be, -98 
(4, 13, 30), [1, 4, 13, 30, 65, 100, 125], 3.5.e_n_be, -123 
(5, 13, 25), [1, 5, 13, 25, 65, 125, 125], 3.5.f_n_z, -119 
(5, 13, 30), [1, 5, 13, 30, 65, 125, 125], 3.5.f_n_be, -114 
(5, 17, 40), [1, 5, 17, 40, 85, 125, 125], 3.5.f_r_bo, -224 
(5, 19, 45), [1, 5, 19, 45, 95, 125, 125], 3.5.f_t_bt, -291 
(6, 21, 55), [1, 6, 21, 55, 105, 150, 125], 3.5.g_v_cd, -350 
