(-7, 29, -84), [1, -7, 29, -84, 203, -343, 343], 3.7.ah_bd_adg 
(-6, 13, -21), [1, -6, 13, -21, 91, -294, 343], 3.7.ag_n_av 
(-6, 17, -42), [1, -6, 17, -42, 119, -294, 343], 3.7.ag_r_abq 
(-6, 25, -77), [1, -6, 25, -77, 175, -294, 343], 3.7.ag_z_acz 
(-5, -3, 49), [1, -5, -3, 49, -21, -245, 343], 3.7.af_ad_bx 
(-5, 1, 28), [1, -5, 1, 28, 7, -245, 343], 3.7.af_b_bc 
(-5, 3, 21), [1, -5, 3, 21, 21, -245, 343], 3.7.af_d_v 
(-4, -4, 42), [1, -4, -4, 42, -28, -196, 343], 3.7.ae_ae_bq 
(-4, -3, 35), [1, -4, -3, 35, -21, -196, 343], 3.7.ae_ad_bj 
(-4, 5, -7), [1, -4, 5, -7, 35, -196, 343], 3.7.ae_f_ah 
(-4, 5, 7), [1, -4, 5, 7, 35, -196, 343], 3.7.ae_f_h 
(-4, 13, -49), [1, -4, 13, -49, 91, -196, 343], 3.7.ae_n_abx 
(-3, -6, 42), [1, -3, -6, 42, -42, -147, 343], 3.7.ad_ag_bq 
(-3, -3, 21), [1, -3, -3, 21, -21, -147, 343], 3.7.ad_ad_v 
(-3, -2, 28), [1, -3, -2, 28, -14, -147, 343], 3.7.ad_ac_bc 
(-3, 19, -35), [1, -3, 19, -35, 133, -147, 343], 3.7.ad_t_abj 
(-2, -5, 35), [1, -2, -5, 35, -35, -98, 343], 3.7.ac_af_bj 
(-2, -3, 7), [1, -2, -3, 7, -21, -98, 343], 3.7.ac_ad_h 
(-2, -3, 21), [1, -2, -3, 21, -21, -98, 343], 3.7.ac_ad_v 
(-2, 3, -21), [1, -2, 3, -21, 21, -98, 343], 3.7.ac_d_av 
(-1, -4, 28), [1, -1, -4, 28, -28, -49, 343], 3.7.ab_ae_bc 
(-1, -3, 35), [1, -1, -3, 35, -21, -49, 343], 3.7.ab_ad_bj 
(-1, -1, 28), [1, -1, -1, 28, -7, -49, 343], 3.7.ab_ab_bc 
(-1, 1, -28), [1, -1, 1, -28, 7, -49, 343], 3.7.ab_b_abc 
(-1, 3, -35), [1, -1, 3, -35, 21, -49, 343], 3.7.ab_d_abj 
(0, -5, -7), [1, 0, -5, -7, -35, 0, 343], 3.7.a_af_ah 
(0, -5, 7), [1, 0, -5, 7, -35, 0, 343], 3.7.a_af_h 
(1, -4, -28), [1, 1, -4, -28, -28, 49, 343], 3.7.b_ae_abc 
(1, -3, -35), [1, 1, -3, -35, -21, 49, 343], 3.7.b_ad_abj 
(1, -1, -28), [1, 1, -1, -28, -7, 49, 343], 3.7.b_ab_abc 
(1, 1, 28), [1, 1, 1, 28, 7, 49, 343], 3.7.b_b_bc 
(1, 3, 35), [1, 1, 3, 35, 21, 49, 343], 3.7.b_d_bj 
(2, -5, -35), [1, 2, -5, -35, -35, 98, 343], 3.7.c_af_abj 
(2, -3, -21), [1, 2, -3, -21, -21, 98, 343], 3.7.c_ad_av 
(2, -3, -7), [1, 2, -3, -7, -21, 98, 343], 3.7.c_ad_ah 
(2, 3, 21), [1, 2, 3, 21, 21, 98, 343], 3.7.c_d_v 
(3, -6, -42), [1, 3, -6, -42, -42, 147, 343], 3.7.d_ag_abq 
(3, -3, -21), [1, 3, -3, -21, -21, 147, 343], 3.7.d_ad_av 
(3, -2, -28), [1, 3, -2, -28, -14, 147, 343], 3.7.d_ac_abc 
(3, 19, 35), [1, 3, 19, 35, 133, 147, 343], 3.7.d_t_bj 
(4, -4, -42), [1, 4, -4, -42, -28, 196, 343], 3.7.e_ae_abq 
(4, -3, -35), [1, 4, -3, -35, -21, 196, 343], 3.7.e_ad_abj 
(4, 5, -7), [1, 4, 5, -7, 35, 196, 343], 3.7.e_f_ah 
(4, 5, 7), [1, 4, 5, 7, 35, 196, 343], 3.7.e_f_h 
(4, 13, 49), [1, 4, 13, 49, 91, 196, 343], 3.7.e_n_bx 
(5, -3, -49), [1, 5, -3, -49, -21, 245, 343], 3.7.f_ad_abx 
(5, 1, -28), [1, 5, 1, -28, 7, 245, 343], 3.7.f_b_abc 
(5, 3, -21), [1, 5, 3, -21, 21, 245, 343], 3.7.f_d_av 
(6, 13, 21), [1, 6, 13, 21, 91, 294, 343], 3.7.g_n_v 
(6, 17, 42), [1, 6, 17, 42, 119, 294, 343], 3.7.g_r_bq 
(6, 25, 77), [1, 6, 25, 77, 175, 294, 343], 3.7.g_z_cz 
(7, 29, 84), [1, 7, 29, 84, 203, 343, 343], 3.7.h_bd_dg 
