(-4, 10, -21), [1, -4, 10, -21, 30, -36, 27], 3.3.ae_k_av, -105 
(-2, -2, 9), [1, -2, -2, 9, -6, -18, 27], 3.3.ac_ac_j, 9 
(-2, -1, 6), [1, -2, -1, 6, -3, -18, 27], 3.3.ac_ab_g, 9 
(-2, 2, -3), [1, -2, 2, -3, 6, -18, 27], 3.3.ac_c_ad, -3 
(-2, 4, -9), [1, -2, 4, -9, 12, -18, 27], 3.3.ac_e_aj, -21 
(-2, 4, -3), [1, -2, 4, -3, 12, -18, 27], 3.3.ac_e_ad, -15 
(-1, -2, 3), [1, -1, -2, 3, -6, -9, 27], 3.3.ab_ac_d, 0 
(-1, -1, 9), [1, -1, -1, 9, -3, -9, 27], 3.3.ab_ab_j, 9 
(-1, 2, -9), [1, -1, 2, -9, 6, -9, 27], 3.3.ab_c_aj, -12 
(-1, 2, 3), [1, -1, 2, 3, 6, -9, 27], 3.3.ab_c_d, 0 
(-1, 4, -3), [1, -1, 4, -3, 12, -9, 27], 3.3.ab_e_ad, -18 
(0, -2, -3), [1, 0, -2, -3, -6, 0, 27], 3.3.a_ac_ad, -7 
(0, -2, 3), [1, 0, -2, 3, -6, 0, 27], 3.3.a_ac_d, -1 
(0, -1, -6), [1, 0, -1, -6, -3, 0, 27], 3.3.a_ab_ag, -7 
(0, -1, 6), [1, 0, -1, 6, -3, 0, 27], 3.3.a_ab_g, 5 
(0, 2, -3), [1, 0, 2, -3, 6, 0, 27], 3.3.a_c_ad, -7 
(0, 2, 3), [1, 0, 2, 3, 6, 0, 27], 3.3.a_c_d, -1 
(0, 4, -3), [1, 0, 4, -3, 12, 0, 27], 3.3.a_e_ad, -19 
(0, 4, 3), [1, 0, 4, 3, 12, 0, 27], 3.3.a_e_d, -13 
(1, -2, -3), [1, 1, -2, -3, -6, 9, 27], 3.3.b_ac_ad, -6 
(1, -1, -9), [1, 1, -1, -9, -3, 9, 27], 3.3.b_ab_aj, -9 
(1, 2, -3), [1, 1, 2, -3, 6, 9, 27], 3.3.b_c_ad, -6 
(1, 2, 9), [1, 1, 2, 9, 6, 9, 27], 3.3.b_c_j, 6 
(1, 4, 3), [1, 1, 4, 3, 12, 9, 27], 3.3.b_e_d, -12 
(2, -2, -9), [1, 2, -2, -9, -6, 18, 27], 3.3.c_ac_aj, -9 
(2, -1, -6), [1, 2, -1, -6, -3, 18, 27], 3.3.c_ab_ag, -3 
(2, 2, 3), [1, 2, 2, 3, 6, 18, 27], 3.3.c_c_d, 3 
(2, 4, 3), [1, 2, 4, 3, 12, 18, 27], 3.3.c_e_d, -9 
(2, 4, 9), [1, 2, 4, 9, 12, 18, 27], 3.3.c_e_j, -3 
(4, 10, 21), [1, 4, 10, 21, 30, 36, 27], 3.3.e_k_v, -63 
