(-13, 82, -330), [1, -13, 82, -330, 902, -1573, 1331], 3.11.an_de_ams, -6885 
(-12, 72, -286), [1, -12, 72, -286, 792, -1452, 1331], 3.11.am_cu_ala, -5326 
(-12, 74, -297), [1, -12, 74, -297, 814, -1452, 1331], 3.11.am_cw_all, -5629 
(-11, 57, -209), [1, -11, 57, -209, 627, -1331, 1331], 3.11.al_cf_aib, -3337 
(-11, 64, -253), [1, -11, 64, -253, 704, -1331, 1331], 3.11.al_cm_ajt, -4228 
(-11, 65, -253), [1, -11, 65, -253, 715, -1331, 1331], 3.11.al_cn_ajt, -4357 
(-11, 67, -264), [1, -11, 67, -264, 737, -1331, 1331], 3.11.al_cp_ake, -4632 
(-10, 54, -209), [1, -10, 54, -209, 594, -1210, 1331], 3.11.ak_cc_aib, -3025 
(-10, 57, -231), [1, -10, 57, -231, 627, -1210, 1331], 3.11.ak_cf_aix, -3380 
(-10, 58, -231), [1, -10, 58, -231, 638, -1210, 1331], 3.11.ak_cg_aix, -3495 
(-10, 59, -231), [1, -10, 59, -231, 649, -1210, 1331], 3.11.ak_ch_aix, -3612 
(-10, 60, -231), [1, -10, 60, -231, 660, -1210, 1331], 3.11.ak_ci_aix, -3731 
(-10, 62, -242), [1, -10, 62, -242, 682, -1210, 1331], 3.11.ak_ck_aji, -3986 
(-9, 34, -99), [1, -9, 34, -99, 374, -1089, 1331], 3.11.aj_bi_adv, -1174 
(-9, 38, -121), [1, -9, 38, -121, 418, -1089, 1331], 3.11.aj_bm_aer, -1484 
(-9, 46, -176), [1, -9, 46, -176, 506, -1089, 1331], 3.11.aj_bu_agu, -2211 
(-9, 46, -165), [1, -9, 46, -165, 506, -1089, 1331], 3.11.aj_bu_agj, -2200 
(-9, 48, -187), [1, -9, 48, -187, 528, -1089, 1331], 3.11.aj_bw_ahf, -2410 
(-9, 48, -176), [1, -9, 48, -176, 528, -1089, 1331], 3.11.aj_bw_agu, -2399 
(-9, 50, -187), [1, -9, 50, -187, 550, -1089, 1331], 3.11.aj_by_ahf, -2606 
(-9, 54, -209), [1, -9, 54, -209, 594, -1089, 1331], 3.11.aj_cc_aib, -3044 
(-8, 14, 11), [1, -8, 14, 11, 154, -968, 1331], 3.11.ai_o_l, -121 
(-8, 19, -22), [1, -8, 19, -22, 209, -968, 1331], 3.11.ai_t_aw, -319 
(-8, 24, -55), [1, -8, 24, -55, 264, -968, 1331], 3.11.ai_y_acd, -567 
(-8, 28, -77), [1, -8, 28, -77, 308, -968, 1331], 3.11.ai_bc_acz, -797 
(-8, 32, -99), [1, -8, 32, -99, 352, -968, 1331], 3.11.ai_bg_adv, -1059 
(-8, 34, -121), [1, -8, 34, -121, 374, -968, 1331], 3.11.ai_bi_aer, -1213 
(-8, 36, -121), [1, -8, 36, -121, 396, -968, 1331], 3.11.ai_bk_aer, -1353 
(-8, 38, -143), [1, -8, 38, -143, 418, -968, 1331], 3.11.ai_bm_afn, -1523 
(-8, 40, -143), [1, -8, 40, -143, 440, -968, 1331], 3.11.ai_bo_afn, -1679 
(-8, 42, -165), [1, -8, 42, -165, 462, -968, 1331], 3.11.ai_bq_agj, -1865 
(-8, 46, -165), [1, -8, 46, -165, 506, -968, 1331], 3.11.ai_bu_agj, -2217 
(-7, -1, 88), [1, -7, -1, 88, -11, -847, 1331], 3.11.ah_ab_dk, 136 
(-7, 4, 55), [1, -7, 4, 55, 44, -847, 1331], 3.11.ah_e_cd, 88 
(-7, 14, -11), [1, -7, 14, -11, 154, -847, 1331], 3.11.ah_o_al, -158 
(-7, 18, -33), [1, -7, 18, -33, 198, -847, 1331], 3.11.ah_s_abh, -308 
(-7, 24, -77), [1, -7, 24, -77, 264, -847, 1331], 3.11.ah_y_acz, -604 
(-7, 26, -77), [1, -7, 26, -77, 286, -847, 1331], 3.11.ah_ba_acz, -704 
(-7, 28, -99), [1, -7, 28, -99, 308, -847, 1331], 3.11.ah_bc_adv, -834 
(-7, 30, -99), [1, -7, 30, -99, 330, -847, 1331], 3.11.ah_be_adv, -950 
(-7, 32, -121), [1, -7, 32, -121, 352, -847, 1331], 3.11.ah_bg_aer, -1096 
(-7, 34, -143), [1, -7, 34, -143, 374, -847, 1331], 3.11.ah_bi_afn, -1250 
(-7, 36, -121), [1, -7, 36, -121, 396, -847, 1331], 3.11.ah_bk_aer, -1368 
(-7, 38, -143), [1, -7, 38, -143, 418, -847, 1331], 3.11.ah_bm_afn, -1538 
(-7, 40, -143), [1, -7, 40, -143, 440, -847, 1331], 3.11.ah_bo_afn, -1694 
(-7, 42, -143), [1, -7, 42, -143, 462, -847, 1331], 3.11.ah_bq_afn, -1858 
(-6, -6, 99), [1, -6, -6, 99, -66, -726, 1331], 3.11.ag_ag_dv, 99 
(-6, -2, 77), [1, -6, -2, 77, -22, -726, 1331], 3.11.ag_ac_cz, 109 
(-6, 1, 55), [1, -6, 1, 55, 11, -726, 1331], 3.11.ag_b_cd, 90 
(-6, 4, 33), [1, -6, 4, 33, 44, -726, 1331], 3.11.ag_e_bh, 53 
(-6, 8, 11), [1, -6, 8, 11, 88, -726, 1331], 3.11.ag_i_l, -17 
(-6, 12, -11), [1, -6, 12, -11, 132, -726, 1331], 3.11.ag_m_al, -119 
(-6, 14, -33), [1, -6, 14, -33, 154, -726, 1331], 3.11.ag_o_abh, -193 
(-6, 16, -33), [1, -6, 16, -33, 176, -726, 1331], 3.11.ag_q_abh, -253 
(-6, 18, -55), [1, -6, 18, -55, 198, -726, 1331], 3.11.ag_s_acd, -343 
(-6, 18, -33), [1, -6, 18, -33, 198, -726, 1331], 3.11.ag_s_abh, -321 
(-6, 20, -55), [1, -6, 20, -55, 220, -726, 1331], 3.11.ag_u_acd, -419 
(-6, 24, -99), [1, -6, 24, -99, 264, -726, 1331], 3.11.ag_y_adv, -639 
(-6, 24, -77), [1, -6, 24, -77, 264, -726, 1331], 3.11.ag_y_acz, -617 
(-6, 26, -99), [1, -6, 26, -99, 286, -726, 1331], 3.11.ag_ba_adv, -739 
(-6, 26, -77), [1, -6, 26, -77, 286, -726, 1331], 3.11.ag_ba_acz, -717 
(-6, 28, -121), [1, -6, 28, -121, 308, -726, 1331], 3.11.ag_bc_aer, -869 
(-6, 28, -99), [1, -6, 28, -99, 308, -726, 1331], 3.11.ag_bc_adv, -847 
(-6, 30, -121), [1, -6, 30, -121, 330, -726, 1331], 3.11.ag_be_aer, -985 
(-6, 30, -99), [1, -6, 30, -99, 330, -726, 1331], 3.11.ag_be_adv, -963 
(-6, 32, -121), [1, -6, 32, -121, 352, -726, 1331], 3.11.ag_bg_aer, -1109 
(-6, 32, -99), [1, -6, 32, -99, 352, -726, 1331], 3.11.ag_bg_adv, -1087 
(-6, 34, -121), [1, -6, 34, -121, 374, -726, 1331], 3.11.ag_bi_aer, -1241 
(-6, 36, -121), [1, -6, 36, -121, 396, -726, 1331], 3.11.ag_bk_aer, -1381 
(-6, 38, -121), [1, -6, 38, -121, 418, -726, 1331], 3.11.ag_bm_aer, -1529 
(-5, -8, 99), [1, -5, -8, 99, -88, -605, 1331], 3.11.af_ai_dv, 60 
(-5, -7, 88), [1, -5, -7, 88, -77, -605, 1331], 3.11.af_ah_dk, 64 
(-5, -6, 77), [1, -5, -6, 77, -66, -605, 1331], 3.11.af_ag_cz, 66 
(-5, -4, 77), [1, -5, -4, 77, -44, -605, 1331], 3.11.af_ae_cz, 86 
(-5, -2, 55), [1, -5, -2, 55, -22, -605, 1331], 3.11.af_ac_cd, 76 
(-5, 2, 33), [1, -5, 2, 33, 22, -605, 1331], 3.11.af_c_bh, 54 
(-5, 4, 11), [1, -5, 4, 11, 44, -605, 1331], 3.11.af_e_l, 20 
(-5, 4, 33), [1, -5, 4, 33, 44, -605, 1331], 3.11.af_e_bh, 42 
(-5, 6, 11), [1, -5, 6, 11, 66, -605, 1331], 3.11.af_g_l, 0 
(-5, 8, -11), [1, -5, 8, -11, 88, -605, 1331], 3.11.af_i_al, -50 
(-5, 8, 11), [1, -5, 8, 11, 88, -605, 1331], 3.11.af_i_l, -28 
(-5, 10, -11), [1, -5, 10, -11, 110, -605, 1331], 3.11.af_k_al, -86 
(-5, 12, -33), [1, -5, 12, -33, 132, -605, 1331], 3.11.af_m_abh, -152 
(-5, 12, -11), [1, -5, 12, -11, 132, -605, 1331], 3.11.af_m_al, -130 
(-5, 14, -55), [1, -5, 14, -55, 154, -605, 1331], 3.11.af_o_acd, -226 
(-5, 14, -33), [1, -5, 14, -33, 154, -605, 1331], 3.11.af_o_abh, -204 
(-5, 16, -55), [1, -5, 16, -55, 176, -605, 1331], 3.11.af_q_acd, -286 
(-5, 16, -33), [1, -5, 16, -33, 176, -605, 1331], 3.11.af_q_abh, -264 
(-5, 18, -77), [1, -5, 18, -77, 198, -605, 1331], 3.11.af_s_acz, -376 
(-5, 18, -55), [1, -5, 18, -55, 198, -605, 1331], 3.11.af_s_acd, -354 
(-5, 18, -33), [1, -5, 18, -33, 198, -605, 1331], 3.11.af_s_abh, -332 
(-5, 20, -55), [1, -5, 20, -55, 220, -605, 1331], 3.11.af_u_acd, -430 
(-5, 24, -99), [1, -5, 24, -99, 264, -605, 1331], 3.11.af_y_adv, -650 
(-5, 24, -77), [1, -5, 24, -77, 264, -605, 1331], 3.11.af_y_acz, -628 
(-5, 26, -77), [1, -5, 26, -77, 286, -605, 1331], 3.11.af_ba_acz, -728 
(-5, 28, -99), [1, -5, 28, -99, 308, -605, 1331], 3.11.af_bc_adv, -858 
(-5, 30, -99), [1, -5, 30, -99, 330, -605, 1331], 3.11.af_be_adv, -974 
(-5, 32, -99), [1, -5, 32, -99, 352, -605, 1331], 3.11.af_bg_adv, -1098 
(-5, 34, -99), [1, -5, 34, -99, 374, -605, 1331], 3.11.af_bi_adv, -1230 
(-4, -9, 77), [1, -4, -9, 77, -99, -484, 1331], 3.11.ae_aj_cz, 12 
(-4, -8, 77), [1, -4, -8, 77, -88, -484, 1331], 3.11.ae_ai_cz, 29 
(-4, -6, 55), [1, -4, -6, 55, -66, -484, 1331], 3.11.ae_ag_cd, 35 
(-4, -6, 77), [1, -4, -6, 77, -66, -484, 1331], 3.11.ae_ag_cz, 57 
(-4, -4, 55), [1, -4, -4, 55, -44, -484, 1331], 3.11.ae_ae_cd, 55 
(-4, -2, 33), [1, -4, -2, 33, -22, -484, 1331], 3.11.ae_ac_bh, 45 
(-4, -2, 55), [1, -4, -2, 55, -22, -484, 1331], 3.11.ae_ac_cd, 67 
(-4, 2, 11), [1, -4, 2, 11, 22, -484, 1331], 3.11.ae_c_l, 23 
(-4, 2, 33), [1, -4, 2, 33, 22, -484, 1331], 3.11.ae_c_bh, 45 
(-4, 4, -11), [1, -4, 4, -11, 44, -484, 1331], 3.11.ae_e_al, -11 
(-4, 4, 11), [1, -4, 4, 11, 44, -484, 1331], 3.11.ae_e_l, 11 
(-4, 6, -11), [1, -4, 6, -11, 66, -484, 1331], 3.11.ae_g_al, -31 
(-4, 6, 11), [1, -4, 6, 11, 66, -484, 1331], 3.11.ae_g_l, -9 
(-4, 8, -33), [1, -4, 8, -33, 88, -484, 1331], 3.11.ae_i_abh, -81 
(-4, 8, -11), [1, -4, 8, -11, 88, -484, 1331], 3.11.ae_i_al, -59 
(-4, 8, 11), [1, -4, 8, 11, 88, -484, 1331], 3.11.ae_i_l, -37 
(-4, 10, -33), [1, -4, 10, -33, 110, -484, 1331], 3.11.ae_k_abh, -117 
(-4, 10, -11), [1, -4, 10, -11, 110, -484, 1331], 3.11.ae_k_al, -95 
(-4, 12, -55), [1, -4, 12, -55, 132, -484, 1331], 3.11.ae_m_acd, -183 
(-4, 12, -33), [1, -4, 12, -33, 132, -484, 1331], 3.11.ae_m_abh, -161 
(-4, 12, -11), [1, -4, 12, -11, 132, -484, 1331], 3.11.ae_m_al, -139 
(-4, 14, -77), [1, -4, 14, -77, 154, -484, 1331], 3.11.ae_o_acz, -257 
(-4, 14, -55), [1, -4, 14, -55, 154, -484, 1331], 3.11.ae_o_acd, -235 
(-4, 14, -33), [1, -4, 14, -33, 154, -484, 1331], 3.11.ae_o_abh, -213 
(-4, 16, -77), [1, -4, 16, -77, 176, -484, 1331], 3.11.ae_q_acz, -317 
(-4, 16, -55), [1, -4, 16, -55, 176, -484, 1331], 3.11.ae_q_acd, -295 
(-4, 16, -33), [1, -4, 16, -33, 176, -484, 1331], 3.11.ae_q_abh, -273 
(-4, 18, -77), [1, -4, 18, -77, 198, -484, 1331], 3.11.ae_s_acz, -385 
(-4, 18, -55), [1, -4, 18, -55, 198, -484, 1331], 3.11.ae_s_acd, -363 
(-4, 18, -33), [1, -4, 18, -33, 198, -484, 1331], 3.11.ae_s_abh, -341 
(-4, 20, -77), [1, -4, 20, -77, 220, -484, 1331], 3.11.ae_u_acz, -461 
(-4, 20, -55), [1, -4, 20, -55, 220, -484, 1331], 3.11.ae_u_acd, -439 
(-4, 24, -77), [1, -4, 24, -77, 264, -484, 1331], 3.11.ae_y_acz, -637 
(-4, 24, -55), [1, -4, 24, -55, 264, -484, 1331], 3.11.ae_y_acd, -615 
(-4, 26, -77), [1, -4, 26, -77, 286, -484, 1331], 3.11.ae_ba_acz, -737 
(-4, 28, -77), [1, -4, 28, -77, 308, -484, 1331], 3.11.ae_bc_acz, -845 
(-4, 29, -77), [1, -4, 29, -77, 319, -484, 1331], 3.11.ae_bd_acz, -902 
(-4, 30, -77), [1, -4, 30, -77, 330, -484, 1331], 3.11.ae_be_acz, -961 
(-4, 32, -77), [1, -4, 32, -77, 352, -484, 1331], 3.11.ae_bg_acz, -1085 
(-3, -9, 55), [1, -3, -9, 55, -99, -363, 1331], 3.11.ad_aj_cd, -17 
(-3, -8, 55), [1, -3, -8, 55, -88, -363, 1331], 3.11.ad_ai_cd, 0 
(-3, -8, 77), [1, -3, -8, 77, -88, -363, 1331], 3.11.ad_ai_cz, 22 
(-3, -6, 33), [1, -3, -6, 33, -66, -363, 1331], 3.11.ad_ag_bh, 6 
(-3, -6, 55), [1, -3, -6, 55, -66, -363, 1331], 3.11.ad_ag_cd, 28 
(-3, -6, 77), [1, -3, -6, 77, -66, -363, 1331], 3.11.ad_ag_cz, 50 
(-3, -4, 33), [1, -3, -4, 33, -44, -363, 1331], 3.11.ad_ae_bh, 26 
(-3, -4, 55), [1, -3, -4, 55, -44, -363, 1331], 3.11.ad_ae_cd, 48 
(-3, -2, 11), [1, -3, -2, 11, -22, -363, 1331], 3.11.ad_ac_l, 16 
(-3, -2, 33), [1, -3, -2, 33, -22, -363, 1331], 3.11.ad_ac_bh, 38 
(-3, -2, 55), [1, -3, -2, 55, -22, -363, 1331], 3.11.ad_ac_cd, 60 
(-3, 2, -11), [1, -3, 2, -11, 22, -363, 1331], 3.11.ad_c_al, -6 
(-3, 2, 11), [1, -3, 2, 11, 22, -363, 1331], 3.11.ad_c_l, 16 
(-3, 2, 33), [1, -3, 2, 33, 22, -363, 1331], 3.11.ad_c_bh, 38 
(-3, 4, -33), [1, -3, 4, -33, 44, -363, 1331], 3.11.ad_e_abh, -40 
(-3, 4, 11), [1, -3, 4, 11, 44, -363, 1331], 3.11.ad_e_l, 4 
(-3, 4, 33), [1, -3, 4, 33, 44, -363, 1331], 3.11.ad_e_bh, 26 
(-3, 6, -33), [1, -3, 6, -33, 66, -363, 1331], 3.11.ad_g_abh, -60 
(-3, 6, -11), [1, -3, 6, -11, 66, -363, 1331], 3.11.ad_g_al, -38 
(-3, 6, 11), [1, -3, 6, 11, 66, -363, 1331], 3.11.ad_g_l, -16 
(-3, 8, -55), [1, -3, 8, -55, 88, -363, 1331], 3.11.ad_i_acd, -110 
(-3, 8, -33), [1, -3, 8, -33, 88, -363, 1331], 3.11.ad_i_abh, -88 
(-3, 8, -11), [1, -3, 8, -11, 88, -363, 1331], 3.11.ad_i_al, -66 
(-3, 8, 11), [1, -3, 8, 11, 88, -363, 1331], 3.11.ad_i_l, -44 
(-3, 10, -55), [1, -3, 10, -55, 110, -363, 1331], 3.11.ad_k_acd, -146 
(-3, 10, -33), [1, -3, 10, -33, 110, -363, 1331], 3.11.ad_k_abh, -124 
(-3, 10, -11), [1, -3, 10, -11, 110, -363, 1331], 3.11.ad_k_al, -102 
(-3, 12, -77), [1, -3, 12, -77, 132, -363, 1331], 3.11.ad_m_acz, -212 
(-3, 12, -55), [1, -3, 12, -55, 132, -363, 1331], 3.11.ad_m_acd, -190 
(-3, 12, -33), [1, -3, 12, -33, 132, -363, 1331], 3.11.ad_m_abh, -168 
(-3, 14, -77), [1, -3, 14, -77, 154, -363, 1331], 3.11.ad_o_acz, -264 
(-3, 14, -55), [1, -3, 14, -55, 154, -363, 1331], 3.11.ad_o_acd, -242 
(-3, 14, -33), [1, -3, 14, -33, 154, -363, 1331], 3.11.ad_o_abh, -220 
(-3, 14, -11), [1, -3, 14, -11, 154, -363, 1331], 3.11.ad_o_al, -198 
(-3, 16, -77), [1, -3, 16, -77, 176, -363, 1331], 3.11.ad_q_acz, -324 
(-3, 16, -55), [1, -3, 16, -55, 176, -363, 1331], 3.11.ad_q_acd, -302 
(-3, 16, -33), [1, -3, 16, -33, 176, -363, 1331], 3.11.ad_q_abh, -280 
(-3, 18, -55), [1, -3, 18, -55, 198, -363, 1331], 3.11.ad_s_acd, -370 
(-3, 18, -33), [1, -3, 18, -33, 198, -363, 1331], 3.11.ad_s_abh, -348 
(-3, 20, -55), [1, -3, 20, -55, 220, -363, 1331], 3.11.ad_u_acd, -446 
(-3, 20, -33), [1, -3, 20, -33, 220, -363, 1331], 3.11.ad_u_abh, -424 
(-3, 26, -55), [1, -3, 26, -55, 286, -363, 1331], 3.11.ad_ba_acd, -722 
(-3, 28, -55), [1, -3, 28, -55, 308, -363, 1331], 3.11.ad_bc_acd, -830 
(-2, -8, 33), [1, -2, -8, 33, -88, -242, 1331], 3.11.ac_ai_bh, -27 
(-2, -8, 55), [1, -2, -8, 55, -88, -242, 1331], 3.11.ac_ai_cd, -5 
(-2, -6, 11), [1, -2, -6, 11, -66, -242, 1331], 3.11.ac_ag_l, -21 
(-2, -6, 33), [1, -2, -6, 33, -66, -242, 1331], 3.11.ac_ag_bh, 1 
(-2, -6, 55), [1, -2, -6, 55, -66, -242, 1331], 3.11.ac_ag_cd, 23 
(-2, -6, 77), [1, -2, -6, 77, -66, -242, 1331], 3.11.ac_ag_cz, 45 
(-2, -4, 11), [1, -2, -4, 11, -44, -242, 1331], 3.11.ac_ae_l, -1 
(-2, -4, 33), [1, -2, -4, 33, -44, -242, 1331], 3.11.ac_ae_bh, 21 
(-2, -4, 55), [1, -2, -4, 55, -44, -242, 1331], 3.11.ac_ae_cd, 43 
(-2, -2, -11), [1, -2, -2, -11, -22, -242, 1331], 3.11.ac_ac_al, -11 
(-2, -2, 11), [1, -2, -2, 11, -22, -242, 1331], 3.11.ac_ac_l, 11 
(-2, -2, 33), [1, -2, -2, 33, -22, -242, 1331], 3.11.ac_ac_bh, 33 
(-2, -2, 55), [1, -2, -2, 55, -22, -242, 1331], 3.11.ac_ac_cd, 55 
(-2, 2, -33), [1, -2, 2, -33, 22, -242, 1331], 3.11.ac_c_abh, -33 
(-2, 2, -11), [1, -2, 2, -11, 22, -242, 1331], 3.11.ac_c_al, -11 
(-2, 2, 11), [1, -2, 2, 11, 22, -242, 1331], 3.11.ac_c_l, 11 
(-2, 2, 33), [1, -2, 2, 33, 22, -242, 1331], 3.11.ac_c_bh, 33 
(-2, 4, -55), [1, -2, 4, -55, 44, -242, 1331], 3.11.ac_e_acd, -67 
(-2, 4, -33), [1, -2, 4, -33, 44, -242, 1331], 3.11.ac_e_abh, -45 
(-2, 4, -11), [1, -2, 4, -11, 44, -242, 1331], 3.11.ac_e_al, -23 
(-2, 4, 11), [1, -2, 4, 11, 44, -242, 1331], 3.11.ac_e_l, -1 
(-2, 4, 33), [1, -2, 4, 33, 44, -242, 1331], 3.11.ac_e_bh, 21 
(-2, 6, -55), [1, -2, 6, -55, 66, -242, 1331], 3.11.ac_g_acd, -87 
(-2, 6, -33), [1, -2, 6, -33, 66, -242, 1331], 3.11.ac_g_abh, -65 
(-2, 6, -11), [1, -2, 6, -11, 66, -242, 1331], 3.11.ac_g_al, -43 
(-2, 6, 11), [1, -2, 6, 11, 66, -242, 1331], 3.11.ac_g_l, -21 
(-2, 8, -77), [1, -2, 8, -77, 88, -242, 1331], 3.11.ac_i_acz, -137 
(-2, 8, -55), [1, -2, 8, -55, 88, -242, 1331], 3.11.ac_i_acd, -115 
(-2, 8, -33), [1, -2, 8, -33, 88, -242, 1331], 3.11.ac_i_abh, -93 
(-2, 8, -11), [1, -2, 8, -11, 88, -242, 1331], 3.11.ac_i_al, -71 
(-2, 8, 11), [1, -2, 8, 11, 88, -242, 1331], 3.11.ac_i_l, -49 
(-2, 10, -55), [1, -2, 10, -55, 110, -242, 1331], 3.11.ac_k_acd, -151 
(-2, 10, -33), [1, -2, 10, -33, 110, -242, 1331], 3.11.ac_k_abh, -129 
(-2, 10, -11), [1, -2, 10, -11, 110, -242, 1331], 3.11.ac_k_al, -107 
(-2, 10, 11), [1, -2, 10, 11, 110, -242, 1331], 3.11.ac_k_l, -85 
(-2, 12, -55), [1, -2, 12, -55, 132, -242, 1331], 3.11.ac_m_acd, -195 
(-2, 12, -33), [1, -2, 12, -33, 132, -242, 1331], 3.11.ac_m_abh, -173 
(-2, 12, -11), [1, -2, 12, -11, 132, -242, 1331], 3.11.ac_m_al, -151 
(-2, 12, 11), [1, -2, 12, 11, 132, -242, 1331], 3.11.ac_m_l, -129 
(-2, 14, -55), [1, -2, 14, -55, 154, -242, 1331], 3.11.ac_o_acd, -247 
(-2, 14, -33), [1, -2, 14, -33, 154, -242, 1331], 3.11.ac_o_abh, -225 
(-2, 14, -11), [1, -2, 14, -11, 154, -242, 1331], 3.11.ac_o_al, -203 
(-2, 16, -55), [1, -2, 16, -55, 176, -242, 1331], 3.11.ac_q_acd, -307 
(-2, 16, -33), [1, -2, 16, -33, 176, -242, 1331], 3.11.ac_q_abh, -285 
(-2, 16, -11), [1, -2, 16, -11, 176, -242, 1331], 3.11.ac_q_al, -263 
(-2, 18, -55), [1, -2, 18, -55, 198, -242, 1331], 3.11.ac_s_acd, -375 
(-2, 18, -33), [1, -2, 18, -33, 198, -242, 1331], 3.11.ac_s_abh, -353 
(-2, 18, -11), [1, -2, 18, -11, 198, -242, 1331], 3.11.ac_s_al, -331 
(-2, 20, -55), [1, -2, 20, -55, 220, -242, 1331], 3.11.ac_u_acd, -451 
(-2, 20, -33), [1, -2, 20, -33, 220, -242, 1331], 3.11.ac_u_abh, -429 
(-2, 24, -33), [1, -2, 24, -33, 264, -242, 1331], 3.11.ac_y_abh, -605 
(-2, 26, -33), [1, -2, 26, -33, 286, -242, 1331], 3.11.ac_ba_abh, -705 
(-1, -8, 11), [1, -1, -8, 11, -88, -121, 1331], 3.11.ab_ai_l, -52 
(-1, -8, 33), [1, -1, -8, 33, -88, -121, 1331], 3.11.ab_ai_bh, -30 
(-1, -6, -11), [1, -1, -6, -11, -66, -121, 1331], 3.11.ab_ag_al, -46 
(-1, -6, 11), [1, -1, -6, 11, -66, -121, 1331], 3.11.ab_ag_l, -24 
(-1, -6, 33), [1, -1, -6, 33, -66, -121, 1331], 3.11.ab_ag_bh, -2 
(-1, -6, 55), [1, -1, -6, 55, -66, -121, 1331], 3.11.ab_ag_cd, 20 
(-1, -4, -11), [1, -1, -4, -11, -44, -121, 1331], 3.11.ab_ae_al, -26 
(-1, -4, 11), [1, -1, -4, 11, -44, -121, 1331], 3.11.ab_ae_l, -4 
(-1, -4, 33), [1, -1, -4, 33, -44, -121, 1331], 3.11.ab_ae_bh, 18 
(-1, -4, 55), [1, -1, -4, 55, -44, -121, 1331], 3.11.ab_ae_cd, 40 
(-1, -2, -33), [1, -1, -2, -33, -22, -121, 1331], 3.11.ab_ac_abh, -36 
(-1, -2, -11), [1, -1, -2, -11, -22, -121, 1331], 3.11.ab_ac_al, -14 
(-1, -2, 11), [1, -1, -2, 11, -22, -121, 1331], 3.11.ab_ac_l, 8 
(-1, -2, 33), [1, -1, -2, 33, -22, -121, 1331], 3.11.ab_ac_bh, 30 
(-1, -2, 55), [1, -1, -2, 55, -22, -121, 1331], 3.11.ab_ac_cd, 52 
(-1, -1, -44), [1, -1, -1, -44, -11, -121, 1331], 3.11.ab_ab_abs, -44 
(-1, 2, -55), [1, -1, 2, -55, 22, -121, 1331], 3.11.ab_c_acd, -58 
(-1, 2, -33), [1, -1, 2, -33, 22, -121, 1331], 3.11.ab_c_abh, -36 
(-1, 2, -11), [1, -1, 2, -11, 22, -121, 1331], 3.11.ab_c_al, -14 
(-1, 2, 11), [1, -1, 2, 11, 22, -121, 1331], 3.11.ab_c_l, 8 
(-1, 2, 55), [1, -1, 2, 55, 22, -121, 1331], 3.11.ab_c_cd, 52 
(-1, 4, -55), [1, -1, 4, -55, 44, -121, 1331], 3.11.ab_e_acd, -70 
(-1, 4, -33), [1, -1, 4, -33, 44, -121, 1331], 3.11.ab_e_abh, -48 
(-1, 4, -11), [1, -1, 4, -11, 44, -121, 1331], 3.11.ab_e_al, -26 
(-1, 4, 11), [1, -1, 4, 11, 44, -121, 1331], 3.11.ab_e_l, -4 
(-1, 4, 33), [1, -1, 4, 33, 44, -121, 1331], 3.11.ab_e_bh, 18 
(-1, 6, -55), [1, -1, 6, -55, 66, -121, 1331], 3.11.ab_g_acd, -90 
(-1, 6, -33), [1, -1, 6, -33, 66, -121, 1331], 3.11.ab_g_abh, -68 
(-1, 6, -11), [1, -1, 6, -11, 66, -121, 1331], 3.11.ab_g_al, -46 
(-1, 6, 11), [1, -1, 6, 11, 66, -121, 1331], 3.11.ab_g_l, -24 
(-1, 6, 33), [1, -1, 6, 33, 66, -121, 1331], 3.11.ab_g_bh, -2 
(-1, 8, -55), [1, -1, 8, -55, 88, -121, 1331], 3.11.ab_i_acd, -118 
(-1, 8, -33), [1, -1, 8, -33, 88, -121, 1331], 3.11.ab_i_abh, -96 
(-1, 8, -11), [1, -1, 8, -11, 88, -121, 1331], 3.11.ab_i_al, -74 
(-1, 8, 11), [1, -1, 8, 11, 88, -121, 1331], 3.11.ab_i_l, -52 
(-1, 8, 33), [1, -1, 8, 33, 88, -121, 1331], 3.11.ab_i_bh, -30 
(-1, 10, -33), [1, -1, 10, -33, 110, -121, 1331], 3.11.ab_k_abh, -132 
(-1, 10, -11), [1, -1, 10, -11, 110, -121, 1331], 3.11.ab_k_al, -110 
(-1, 10, 11), [1, -1, 10, 11, 110, -121, 1331], 3.11.ab_k_l, -88 
(-1, 12, -33), [1, -1, 12, -33, 132, -121, 1331], 3.11.ab_m_abh, -176 
(-1, 12, -11), [1, -1, 12, -11, 132, -121, 1331], 3.11.ab_m_al, -154 
(-1, 12, 11), [1, -1, 12, 11, 132, -121, 1331], 3.11.ab_m_l, -132 
(-1, 14, -33), [1, -1, 14, -33, 154, -121, 1331], 3.11.ab_o_abh, -228 
(-1, 14, -11), [1, -1, 14, -11, 154, -121, 1331], 3.11.ab_o_al, -206 
(-1, 14, 11), [1, -1, 14, 11, 154, -121, 1331], 3.11.ab_o_l, -184 
(-1, 16, -33), [1, -1, 16, -33, 176, -121, 1331], 3.11.ab_q_abh, -288 
(-1, 16, -11), [1, -1, 16, -11, 176, -121, 1331], 3.11.ab_q_al, -266 
(-1, 18, -33), [1, -1, 18, -33, 198, -121, 1331], 3.11.ab_s_abh, -356 
(-1, 18, -11), [1, -1, 18, -11, 198, -121, 1331], 3.11.ab_s_al, -334 
(-1, 20, -11), [1, -1, 20, -11, 220, -121, 1331], 3.11.ab_u_al, -410 
(-1, 24, -11), [1, -1, 24, -11, 264, -121, 1331], 3.11.ab_y_al, -586 
(0, -8, -11), [1, 0, -8, -11, -88, 0, 1331], 3.11.a_ai_al, -75 
(0, -8, 11), [1, 0, -8, 11, -88, 0, 1331], 3.11.a_ai_l, -53 
(0, -6, -33), [1, 0, -6, -33, -66, 0, 1331], 3.11.a_ag_abh, -69 
(0, -6, -11), [1, 0, -6, -11, -66, 0, 1331], 3.11.a_ag_al, -47 
(0, -6, 11), [1, 0, -6, 11, -66, 0, 1331], 3.11.a_ag_l, -25 
(0, -6, 33), [1, 0, -6, 33, -66, 0, 1331], 3.11.a_ag_bh, -3 
(0, -5, -33), [1, 0, -5, -33, -55, 0, 1331], 3.11.a_af_abh, -58 
(0, -5, 33), [1, 0, -5, 33, -55, 0, 1331], 3.11.a_af_bh, 8 
(0, -4, -33), [1, 0, -4, -33, -44, 0, 1331], 3.11.a_ae_abh, -49 
(0, -4, -11), [1, 0, -4, -11, -44, 0, 1331], 3.11.a_ae_al, -27 
(0, -4, 11), [1, 0, -4, 11, -44, 0, 1331], 3.11.a_ae_l, -5 
(0, -4, 33), [1, 0, -4, 33, -44, 0, 1331], 3.11.a_ae_bh, 17 
(0, -2, -55), [1, 0, -2, -55, -22, 0, 1331], 3.11.a_ac_acd, -59 
(0, -2, -33), [1, 0, -2, -33, -22, 0, 1331], 3.11.a_ac_abh, -37 
(0, -2, -11), [1, 0, -2, -11, -22, 0, 1331], 3.11.a_ac_al, -15 
(0, -2, 11), [1, 0, -2, 11, -22, 0, 1331], 3.11.a_ac_l, 7 
(0, -2, 33), [1, 0, -2, 33, -22, 0, 1331], 3.11.a_ac_bh, 29 
(0, -2, 55), [1, 0, -2, 55, -22, 0, 1331], 3.11.a_ac_cd, 51 
(0, 2, -55), [1, 0, 2, -55, 22, 0, 1331], 3.11.a_c_acd, -59 
(0, 2, -33), [1, 0, 2, -33, 22, 0, 1331], 3.11.a_c_abh, -37 
(0, 2, -11), [1, 0, 2, -11, 22, 0, 1331], 3.11.a_c_al, -15 
(0, 2, 11), [1, 0, 2, 11, 22, 0, 1331], 3.11.a_c_l, 7 
(0, 2, 33), [1, 0, 2, 33, 22, 0, 1331], 3.11.a_c_bh, 29 
(0, 2, 55), [1, 0, 2, 55, 22, 0, 1331], 3.11.a_c_cd, 51 
(0, 4, -55), [1, 0, 4, -55, 44, 0, 1331], 3.11.a_e_acd, -71 
(0, 4, -33), [1, 0, 4, -33, 44, 0, 1331], 3.11.a_e_abh, -49 
(0, 4, -11), [1, 0, 4, -11, 44, 0, 1331], 3.11.a_e_al, -27 
(0, 4, 11), [1, 0, 4, 11, 44, 0, 1331], 3.11.a_e_l, -5 
(0, 4, 33), [1, 0, 4, 33, 44, 0, 1331], 3.11.a_e_bh, 17 
(0, 4, 55), [1, 0, 4, 55, 44, 0, 1331], 3.11.a_e_cd, 39 
(0, 6, -33), [1, 0, 6, -33, 66, 0, 1331], 3.11.a_g_abh, -69 
(0, 6, -11), [1, 0, 6, -11, 66, 0, 1331], 3.11.a_g_al, -47 
(0, 6, 11), [1, 0, 6, 11, 66, 0, 1331], 3.11.a_g_l, -25 
(0, 6, 33), [1, 0, 6, 33, 66, 0, 1331], 3.11.a_g_bh, -3 
(0, 8, -33), [1, 0, 8, -33, 88, 0, 1331], 3.11.a_i_abh, -97 
(0, 8, -11), [1, 0, 8, -11, 88, 0, 1331], 3.11.a_i_al, -75 
(0, 8, 11), [1, 0, 8, 11, 88, 0, 1331], 3.11.a_i_l, -53 
(0, 8, 33), [1, 0, 8, 33, 88, 0, 1331], 3.11.a_i_bh, -31 
(0, 10, -33), [1, 0, 10, -33, 110, 0, 1331], 3.11.a_k_abh, -133 
(0, 10, -11), [1, 0, 10, -11, 110, 0, 1331], 3.11.a_k_al, -111 
(0, 10, 11), [1, 0, 10, 11, 110, 0, 1331], 3.11.a_k_l, -89 
(0, 10, 33), [1, 0, 10, 33, 110, 0, 1331], 3.11.a_k_bh, -67 
(0, 12, -33), [1, 0, 12, -33, 132, 0, 1331], 3.11.a_m_abh, -177 
(0, 12, -11), [1, 0, 12, -11, 132, 0, 1331], 3.11.a_m_al, -155 
(0, 12, 11), [1, 0, 12, 11, 132, 0, 1331], 3.11.a_m_l, -133 
(0, 12, 33), [1, 0, 12, 33, 132, 0, 1331], 3.11.a_m_bh, -111 
(0, 14, -11), [1, 0, 14, -11, 154, 0, 1331], 3.11.a_o_al, -207 
(0, 14, 11), [1, 0, 14, 11, 154, 0, 1331], 3.11.a_o_l, -185 
(0, 16, -11), [1, 0, 16, -11, 176, 0, 1331], 3.11.a_q_al, -267 
(0, 16, 11), [1, 0, 16, 11, 176, 0, 1331], 3.11.a_q_l, -245 
(0, 18, -11), [1, 0, 18, -11, 198, 0, 1331], 3.11.a_s_al, -335 
(0, 18, 11), [1, 0, 18, 11, 198, 0, 1331], 3.11.a_s_l, -313 
(0, 20, -11), [1, 0, 20, -11, 220, 0, 1331], 3.11.a_u_al, -411 
(0, 20, 11), [1, 0, 20, 11, 220, 0, 1331], 3.11.a_u_l, -389 
(1, -8, -33), [1, 1, -8, -33, -88, 121, 1331], 3.11.b_ai_abh, -96 
(1, -8, -11), [1, 1, -8, -11, -88, 121, 1331], 3.11.b_ai_al, -74 
(1, -6, -55), [1, 1, -6, -55, -66, 121, 1331], 3.11.b_ag_acd, -90 
(1, -6, -33), [1, 1, -6, -33, -66, 121, 1331], 3.11.b_ag_abh, -68 
(1, -6, -11), [1, 1, -6, -11, -66, 121, 1331], 3.11.b_ag_al, -46 
(1, -6, 11), [1, 1, -6, 11, -66, 121, 1331], 3.11.b_ag_l, -24 
(1, -4, -55), [1, 1, -4, -55, -44, 121, 1331], 3.11.b_ae_acd, -70 
(1, -4, -33), [1, 1, -4, -33, -44, 121, 1331], 3.11.b_ae_abh, -48 
(1, -4, -11), [1, 1, -4, -11, -44, 121, 1331], 3.11.b_ae_al, -26 
(1, -4, 11), [1, 1, -4, 11, -44, 121, 1331], 3.11.b_ae_l, -4 
(1, -2, -55), [1, 1, -2, -55, -22, 121, 1331], 3.11.b_ac_acd, -58 
(1, -2, -33), [1, 1, -2, -33, -22, 121, 1331], 3.11.b_ac_abh, -36 
(1, -2, -11), [1, 1, -2, -11, -22, 121, 1331], 3.11.b_ac_al, -14 
(1, -2, 11), [1, 1, -2, 11, -22, 121, 1331], 3.11.b_ac_l, 8 
(1, -2, 33), [1, 1, -2, 33, -22, 121, 1331], 3.11.b_ac_bh, 30 
(1, -1, 44), [1, 1, -1, 44, -11, 121, 1331], 3.11.b_ab_bs, 44 
(1, 2, -55), [1, 1, 2, -55, 22, 121, 1331], 3.11.b_c_acd, -58 
(1, 2, -11), [1, 1, 2, -11, 22, 121, 1331], 3.11.b_c_al, -14 
(1, 2, 11), [1, 1, 2, 11, 22, 121, 1331], 3.11.b_c_l, 8 
(1, 2, 33), [1, 1, 2, 33, 22, 121, 1331], 3.11.b_c_bh, 30 
(1, 2, 55), [1, 1, 2, 55, 22, 121, 1331], 3.11.b_c_cd, 52 
(1, 4, -33), [1, 1, 4, -33, 44, 121, 1331], 3.11.b_e_abh, -48 
(1, 4, -11), [1, 1, 4, -11, 44, 121, 1331], 3.11.b_e_al, -26 
(1, 4, 11), [1, 1, 4, 11, 44, 121, 1331], 3.11.b_e_l, -4 
(1, 4, 33), [1, 1, 4, 33, 44, 121, 1331], 3.11.b_e_bh, 18 
(1, 4, 55), [1, 1, 4, 55, 44, 121, 1331], 3.11.b_e_cd, 40 
(1, 6, -33), [1, 1, 6, -33, 66, 121, 1331], 3.11.b_g_abh, -68 
(1, 6, -11), [1, 1, 6, -11, 66, 121, 1331], 3.11.b_g_al, -46 
(1, 6, 11), [1, 1, 6, 11, 66, 121, 1331], 3.11.b_g_l, -24 
(1, 6, 33), [1, 1, 6, 33, 66, 121, 1331], 3.11.b_g_bh, -2 
(1, 6, 55), [1, 1, 6, 55, 66, 121, 1331], 3.11.b_g_cd, 20 
(1, 8, -33), [1, 1, 8, -33, 88, 121, 1331], 3.11.b_i_abh, -96 
(1, 8, -11), [1, 1, 8, -11, 88, 121, 1331], 3.11.b_i_al, -74 
(1, 8, 11), [1, 1, 8, 11, 88, 121, 1331], 3.11.b_i_l, -52 
(1, 8, 33), [1, 1, 8, 33, 88, 121, 1331], 3.11.b_i_bh, -30 
(1, 8, 55), [1, 1, 8, 55, 88, 121, 1331], 3.11.b_i_cd, -8 
(1, 10, -11), [1, 1, 10, -11, 110, 121, 1331], 3.11.b_k_al, -110 
(1, 10, 11), [1, 1, 10, 11, 110, 121, 1331], 3.11.b_k_l, -88 
(1, 10, 33), [1, 1, 10, 33, 110, 121, 1331], 3.11.b_k_bh, -66 
(1, 12, -11), [1, 1, 12, -11, 132, 121, 1331], 3.11.b_m_al, -154 
(1, 12, 11), [1, 1, 12, 11, 132, 121, 1331], 3.11.b_m_l, -132 
(1, 12, 33), [1, 1, 12, 33, 132, 121, 1331], 3.11.b_m_bh, -110 
(1, 14, -11), [1, 1, 14, -11, 154, 121, 1331], 3.11.b_o_al, -206 
(1, 14, 11), [1, 1, 14, 11, 154, 121, 1331], 3.11.b_o_l, -184 
(1, 14, 33), [1, 1, 14, 33, 154, 121, 1331], 3.11.b_o_bh, -162 
(1, 16, 11), [1, 1, 16, 11, 176, 121, 1331], 3.11.b_q_l, -244 
(1, 16, 33), [1, 1, 16, 33, 176, 121, 1331], 3.11.b_q_bh, -222 
(1, 18, 11), [1, 1, 18, 11, 198, 121, 1331], 3.11.b_s_l, -312 
(1, 18, 33), [1, 1, 18, 33, 198, 121, 1331], 3.11.b_s_bh, -290 
(1, 20, 11), [1, 1, 20, 11, 220, 121, 1331], 3.11.b_u_l, -388 
(1, 24, 11), [1, 1, 24, 11, 264, 121, 1331], 3.11.b_y_l, -564 
(2, -8, -55), [1, 2, -8, -55, -88, 242, 1331], 3.11.c_ai_acd, -115 
(2, -8, -33), [1, 2, -8, -33, -88, 242, 1331], 3.11.c_ai_abh, -93 
(2, -6, -77), [1, 2, -6, -77, -66, 242, 1331], 3.11.c_ag_acz, -109 
(2, -6, -55), [1, 2, -6, -55, -66, 242, 1331], 3.11.c_ag_acd, -87 
(2, -6, -33), [1, 2, -6, -33, -66, 242, 1331], 3.11.c_ag_abh, -65 
(2, -6, -11), [1, 2, -6, -11, -66, 242, 1331], 3.11.c_ag_al, -43 
(2, -4, -55), [1, 2, -4, -55, -44, 242, 1331], 3.11.c_ae_acd, -67 
(2, -4, -33), [1, 2, -4, -33, -44, 242, 1331], 3.11.c_ae_abh, -45 
(2, -4, -11), [1, 2, -4, -11, -44, 242, 1331], 3.11.c_ae_al, -23 
(2, -2, -55), [1, 2, -2, -55, -22, 242, 1331], 3.11.c_ac_acd, -55 
(2, -2, -33), [1, 2, -2, -33, -22, 242, 1331], 3.11.c_ac_abh, -33 
(2, -2, -11), [1, 2, -2, -11, -22, 242, 1331], 3.11.c_ac_al, -11 
(2, -2, 11), [1, 2, -2, 11, -22, 242, 1331], 3.11.c_ac_l, 11 
(2, 2, -33), [1, 2, 2, -33, 22, 242, 1331], 3.11.c_c_abh, -33 
(2, 2, -11), [1, 2, 2, -11, 22, 242, 1331], 3.11.c_c_al, -11 
(2, 2, 11), [1, 2, 2, 11, 22, 242, 1331], 3.11.c_c_l, 11 
(2, 2, 33), [1, 2, 2, 33, 22, 242, 1331], 3.11.c_c_bh, 33 
(2, 4, -33), [1, 2, 4, -33, 44, 242, 1331], 3.11.c_e_abh, -45 
(2, 4, -11), [1, 2, 4, -11, 44, 242, 1331], 3.11.c_e_al, -23 
(2, 4, 11), [1, 2, 4, 11, 44, 242, 1331], 3.11.c_e_l, -1 
(2, 4, 33), [1, 2, 4, 33, 44, 242, 1331], 3.11.c_e_bh, 21 
(2, 4, 55), [1, 2, 4, 55, 44, 242, 1331], 3.11.c_e_cd, 43 
(2, 6, -11), [1, 2, 6, -11, 66, 242, 1331], 3.11.c_g_al, -43 
(2, 6, 11), [1, 2, 6, 11, 66, 242, 1331], 3.11.c_g_l, -21 
(2, 6, 33), [1, 2, 6, 33, 66, 242, 1331], 3.11.c_g_bh, 1 
(2, 6, 55), [1, 2, 6, 55, 66, 242, 1331], 3.11.c_g_cd, 23 
(2, 8, -11), [1, 2, 8, -11, 88, 242, 1331], 3.11.c_i_al, -71 
(2, 8, 11), [1, 2, 8, 11, 88, 242, 1331], 3.11.c_i_l, -49 
(2, 8, 33), [1, 2, 8, 33, 88, 242, 1331], 3.11.c_i_bh, -27 
(2, 8, 55), [1, 2, 8, 55, 88, 242, 1331], 3.11.c_i_cd, -5 
(2, 8, 77), [1, 2, 8, 77, 88, 242, 1331], 3.11.c_i_cz, 17 
(2, 10, -11), [1, 2, 10, -11, 110, 242, 1331], 3.11.c_k_al, -107 
(2, 10, 11), [1, 2, 10, 11, 110, 242, 1331], 3.11.c_k_l, -85 
(2, 10, 33), [1, 2, 10, 33, 110, 242, 1331], 3.11.c_k_bh, -63 
(2, 10, 55), [1, 2, 10, 55, 110, 242, 1331], 3.11.c_k_cd, -41 
(2, 12, -11), [1, 2, 12, -11, 132, 242, 1331], 3.11.c_m_al, -151 
(2, 12, 11), [1, 2, 12, 11, 132, 242, 1331], 3.11.c_m_l, -129 
(2, 12, 33), [1, 2, 12, 33, 132, 242, 1331], 3.11.c_m_bh, -107 
(2, 12, 55), [1, 2, 12, 55, 132, 242, 1331], 3.11.c_m_cd, -85 
(2, 14, 11), [1, 2, 14, 11, 154, 242, 1331], 3.11.c_o_l, -181 
(2, 14, 33), [1, 2, 14, 33, 154, 242, 1331], 3.11.c_o_bh, -159 
(2, 14, 55), [1, 2, 14, 55, 154, 242, 1331], 3.11.c_o_cd, -137 
(2, 16, 11), [1, 2, 16, 11, 176, 242, 1331], 3.11.c_q_l, -241 
(2, 16, 33), [1, 2, 16, 33, 176, 242, 1331], 3.11.c_q_bh, -219 
(2, 16, 55), [1, 2, 16, 55, 176, 242, 1331], 3.11.c_q_cd, -197 
(2, 18, 11), [1, 2, 18, 11, 198, 242, 1331], 3.11.c_s_l, -309 
(2, 18, 33), [1, 2, 18, 33, 198, 242, 1331], 3.11.c_s_bh, -287 
(2, 18, 55), [1, 2, 18, 55, 198, 242, 1331], 3.11.c_s_cd, -265 
(2, 20, 33), [1, 2, 20, 33, 220, 242, 1331], 3.11.c_u_bh, -363 
(2, 20, 55), [1, 2, 20, 55, 220, 242, 1331], 3.11.c_u_cd, -341 
(2, 24, 33), [1, 2, 24, 33, 264, 242, 1331], 3.11.c_y_bh, -539 
(2, 26, 33), [1, 2, 26, 33, 286, 242, 1331], 3.11.c_ba_bh, -639 
(3, -9, -55), [1, 3, -9, -55, -99, 363, 1331], 3.11.d_aj_acd, -127 
(3, -8, -77), [1, 3, -8, -77, -88, 363, 1331], 3.11.d_ai_acz, -132 
(3, -8, -55), [1, 3, -8, -55, -88, 363, 1331], 3.11.d_ai_acd, -110 
(3, -6, -77), [1, 3, -6, -77, -66, 363, 1331], 3.11.d_ag_acz, -104 
(3, -6, -55), [1, 3, -6, -55, -66, 363, 1331], 3.11.d_ag_acd, -82 
(3, -6, -33), [1, 3, -6, -33, -66, 363, 1331], 3.11.d_ag_abh, -60 
(3, -4, -55), [1, 3, -4, -55, -44, 363, 1331], 3.11.d_ae_acd, -62 
(3, -4, -33), [1, 3, -4, -33, -44, 363, 1331], 3.11.d_ae_abh, -40 
(3, -2, -55), [1, 3, -2, -55, -22, 363, 1331], 3.11.d_ac_acd, -50 
(3, -2, -33), [1, 3, -2, -33, -22, 363, 1331], 3.11.d_ac_abh, -28 
(3, -2, -11), [1, 3, -2, -11, -22, 363, 1331], 3.11.d_ac_al, -6 
(3, 2, -33), [1, 3, 2, -33, 22, 363, 1331], 3.11.d_c_abh, -28 
(3, 2, -11), [1, 3, 2, -11, 22, 363, 1331], 3.11.d_c_al, -6 
(3, 2, 11), [1, 3, 2, 11, 22, 363, 1331], 3.11.d_c_l, 16 
(3, 4, -33), [1, 3, 4, -33, 44, 363, 1331], 3.11.d_e_abh, -40 
(3, 4, -11), [1, 3, 4, -11, 44, 363, 1331], 3.11.d_e_al, -18 
(3, 4, 33), [1, 3, 4, 33, 44, 363, 1331], 3.11.d_e_bh, 26 
(3, 6, -11), [1, 3, 6, -11, 66, 363, 1331], 3.11.d_g_al, -38 
(3, 6, 11), [1, 3, 6, 11, 66, 363, 1331], 3.11.d_g_l, -16 
(3, 6, 33), [1, 3, 6, 33, 66, 363, 1331], 3.11.d_g_bh, 6 
(3, 8, -11), [1, 3, 8, -11, 88, 363, 1331], 3.11.d_i_al, -66 
(3, 8, 11), [1, 3, 8, 11, 88, 363, 1331], 3.11.d_i_l, -44 
(3, 8, 33), [1, 3, 8, 33, 88, 363, 1331], 3.11.d_i_bh, -22 
(3, 8, 55), [1, 3, 8, 55, 88, 363, 1331], 3.11.d_i_cd, 0 
(3, 10, 11), [1, 3, 10, 11, 110, 363, 1331], 3.11.d_k_l, -80 
(3, 10, 33), [1, 3, 10, 33, 110, 363, 1331], 3.11.d_k_bh, -58 
(3, 10, 55), [1, 3, 10, 55, 110, 363, 1331], 3.11.d_k_cd, -36 
(3, 12, 33), [1, 3, 12, 33, 132, 363, 1331], 3.11.d_m_bh, -102 
(3, 12, 55), [1, 3, 12, 55, 132, 363, 1331], 3.11.d_m_cd, -80 
(3, 12, 77), [1, 3, 12, 77, 132, 363, 1331], 3.11.d_m_cz, -58 
(3, 14, 11), [1, 3, 14, 11, 154, 363, 1331], 3.11.d_o_l, -176 
(3, 14, 33), [1, 3, 14, 33, 154, 363, 1331], 3.11.d_o_bh, -154 
(3, 14, 55), [1, 3, 14, 55, 154, 363, 1331], 3.11.d_o_cd, -132 
(3, 14, 77), [1, 3, 14, 77, 154, 363, 1331], 3.11.d_o_cz, -110 
(3, 16, 33), [1, 3, 16, 33, 176, 363, 1331], 3.11.d_q_bh, -214 
(3, 16, 55), [1, 3, 16, 55, 176, 363, 1331], 3.11.d_q_cd, -192 
(3, 16, 77), [1, 3, 16, 77, 176, 363, 1331], 3.11.d_q_cz, -170 
(3, 18, 33), [1, 3, 18, 33, 198, 363, 1331], 3.11.d_s_bh, -282 
(3, 18, 55), [1, 3, 18, 55, 198, 363, 1331], 3.11.d_s_cd, -260 
(3, 20, 33), [1, 3, 20, 33, 220, 363, 1331], 3.11.d_u_bh, -358 
(3, 20, 55), [1, 3, 20, 55, 220, 363, 1331], 3.11.d_u_cd, -336 
(3, 26, 55), [1, 3, 26, 55, 286, 363, 1331], 3.11.d_ba_cd, -612 
(3, 28, 55), [1, 3, 28, 55, 308, 363, 1331], 3.11.d_bc_cd, -720 
(4, -9, -77), [1, 4, -9, -77, -99, 484, 1331], 3.11.e_aj_acz, -142 
(4, -8, -77), [1, 4, -8, -77, -88, 484, 1331], 3.11.e_ai_acz, -125 
(4, -6, -77), [1, 4, -6, -77, -66, 484, 1331], 3.11.e_ag_acz, -97 
(4, -6, -55), [1, 4, -6, -55, -66, 484, 1331], 3.11.e_ag_acd, -75 
(4, -4, -55), [1, 4, -4, -55, -44, 484, 1331], 3.11.e_ae_acd, -55 
(4, -2, -55), [1, 4, -2, -55, -22, 484, 1331], 3.11.e_ac_acd, -43 
(4, -2, -33), [1, 4, -2, -33, -22, 484, 1331], 3.11.e_ac_abh, -21 
(4, 2, -33), [1, 4, 2, -33, 22, 484, 1331], 3.11.e_c_abh, -21 
(4, 2, -11), [1, 4, 2, -11, 22, 484, 1331], 3.11.e_c_al, 1 
(4, 4, -11), [1, 4, 4, -11, 44, 484, 1331], 3.11.e_e_al, -11 
(4, 4, 11), [1, 4, 4, 11, 44, 484, 1331], 3.11.e_e_l, 11 
(4, 6, -11), [1, 4, 6, -11, 66, 484, 1331], 3.11.e_g_al, -31 
(4, 6, 11), [1, 4, 6, 11, 66, 484, 1331], 3.11.e_g_l, -9 
(4, 8, -11), [1, 4, 8, -11, 88, 484, 1331], 3.11.e_i_al, -59 
(4, 8, 11), [1, 4, 8, 11, 88, 484, 1331], 3.11.e_i_l, -37 
(4, 8, 33), [1, 4, 8, 33, 88, 484, 1331], 3.11.e_i_bh, -15 
(4, 10, 11), [1, 4, 10, 11, 110, 484, 1331], 3.11.e_k_l, -73 
(4, 10, 33), [1, 4, 10, 33, 110, 484, 1331], 3.11.e_k_bh, -51 
(4, 12, 11), [1, 4, 12, 11, 132, 484, 1331], 3.11.e_m_l, -117 
(4, 12, 33), [1, 4, 12, 33, 132, 484, 1331], 3.11.e_m_bh, -95 
(4, 12, 55), [1, 4, 12, 55, 132, 484, 1331], 3.11.e_m_cd, -73 
(4, 14, 33), [1, 4, 14, 33, 154, 484, 1331], 3.11.e_o_bh, -147 
(4, 14, 55), [1, 4, 14, 55, 154, 484, 1331], 3.11.e_o_cd, -125 
(4, 14, 77), [1, 4, 14, 77, 154, 484, 1331], 3.11.e_o_cz, -103 
(4, 16, 33), [1, 4, 16, 33, 176, 484, 1331], 3.11.e_q_bh, -207 
(4, 16, 55), [1, 4, 16, 55, 176, 484, 1331], 3.11.e_q_cd, -185 
(4, 16, 77), [1, 4, 16, 77, 176, 484, 1331], 3.11.e_q_cz, -163 
(4, 18, 33), [1, 4, 18, 33, 198, 484, 1331], 3.11.e_s_bh, -275 
(4, 18, 55), [1, 4, 18, 55, 198, 484, 1331], 3.11.e_s_cd, -253 
(4, 18, 77), [1, 4, 18, 77, 198, 484, 1331], 3.11.e_s_cz, -231 
(4, 20, 55), [1, 4, 20, 55, 220, 484, 1331], 3.11.e_u_cd, -329 
(4, 20, 77), [1, 4, 20, 77, 220, 484, 1331], 3.11.e_u_cz, -307 
(4, 24, 55), [1, 4, 24, 55, 264, 484, 1331], 3.11.e_y_cd, -505 
(4, 24, 77), [1, 4, 24, 77, 264, 484, 1331], 3.11.e_y_cz, -483 
(4, 26, 77), [1, 4, 26, 77, 286, 484, 1331], 3.11.e_ba_cz, -583 
(4, 28, 77), [1, 4, 28, 77, 308, 484, 1331], 3.11.e_bc_cz, -691 
(4, 29, 77), [1, 4, 29, 77, 319, 484, 1331], 3.11.e_bd_cz, -748 
(4, 30, 77), [1, 4, 30, 77, 330, 484, 1331], 3.11.e_be_cz, -807 
(4, 32, 77), [1, 4, 32, 77, 352, 484, 1331], 3.11.e_bg_cz, -931 
(5, -8, -99), [1, 5, -8, -99, -88, 605, 1331], 3.11.f_ai_adv, -138 
(5, -7, -88), [1, 5, -7, -88, -77, 605, 1331], 3.11.f_ah_adk, -112 
(5, -6, -77), [1, 5, -6, -77, -66, 605, 1331], 3.11.f_ag_acz, -88 
(5, -4, -77), [1, 5, -4, -77, -44, 605, 1331], 3.11.f_ae_acz, -68 
(5, -2, -55), [1, 5, -2, -55, -22, 605, 1331], 3.11.f_ac_acd, -34 
(5, 2, -33), [1, 5, 2, -33, 22, 605, 1331], 3.11.f_c_abh, -12 
(5, 4, -33), [1, 5, 4, -33, 44, 605, 1331], 3.11.f_e_abh, -24 
(5, 4, -11), [1, 5, 4, -11, 44, 605, 1331], 3.11.f_e_al, -2 
(5, 6, -11), [1, 5, 6, -11, 66, 605, 1331], 3.11.f_g_al, -22 
(5, 8, -11), [1, 5, 8, -11, 88, 605, 1331], 3.11.f_i_al, -50 
(5, 8, 11), [1, 5, 8, 11, 88, 605, 1331], 3.11.f_i_l, -28 
(5, 10, 11), [1, 5, 10, 11, 110, 605, 1331], 3.11.f_k_l, -64 
(5, 12, 11), [1, 5, 12, 11, 132, 605, 1331], 3.11.f_m_l, -108 
(5, 12, 33), [1, 5, 12, 33, 132, 605, 1331], 3.11.f_m_bh, -86 
(5, 14, 33), [1, 5, 14, 33, 154, 605, 1331], 3.11.f_o_bh, -138 
(5, 14, 55), [1, 5, 14, 55, 154, 605, 1331], 3.11.f_o_cd, -116 
(5, 16, 33), [1, 5, 16, 33, 176, 605, 1331], 3.11.f_q_bh, -198 
(5, 16, 55), [1, 5, 16, 55, 176, 605, 1331], 3.11.f_q_cd, -176 
(5, 18, 33), [1, 5, 18, 33, 198, 605, 1331], 3.11.f_s_bh, -266 
(5, 18, 55), [1, 5, 18, 55, 198, 605, 1331], 3.11.f_s_cd, -244 
(5, 18, 77), [1, 5, 18, 77, 198, 605, 1331], 3.11.f_s_cz, -222 
(5, 20, 55), [1, 5, 20, 55, 220, 605, 1331], 3.11.f_u_cd, -320 
(5, 24, 77), [1, 5, 24, 77, 264, 605, 1331], 3.11.f_y_cz, -474 
(5, 24, 99), [1, 5, 24, 99, 264, 605, 1331], 3.11.f_y_dv, -452 
(5, 26, 77), [1, 5, 26, 77, 286, 605, 1331], 3.11.f_ba_cz, -574 
(5, 28, 99), [1, 5, 28, 99, 308, 605, 1331], 3.11.f_bc_dv, -660 
(5, 30, 99), [1, 5, 30, 99, 330, 605, 1331], 3.11.f_be_dv, -776 
(5, 32, 99), [1, 5, 32, 99, 352, 605, 1331], 3.11.f_bg_dv, -900 
(5, 34, 99), [1, 5, 34, 99, 374, 605, 1331], 3.11.f_bi_dv, -1032 
(6, -6, -99), [1, 6, -6, -99, -66, 726, 1331], 3.11.g_ag_adv, -99 
(6, -2, -77), [1, 6, -2, -77, -22, 726, 1331], 3.11.g_ac_acz, -45 
(6, 1, -55), [1, 6, 1, -55, 11, 726, 1331], 3.11.g_b_acd, -20 
(6, 4, -33), [1, 6, 4, -33, 44, 726, 1331], 3.11.g_e_abh, -13 
(6, 8, -11), [1, 6, 8, -11, 88, 726, 1331], 3.11.g_i_al, -39 
(6, 12, 11), [1, 6, 12, 11, 132, 726, 1331], 3.11.g_m_l, -97 
(6, 14, 33), [1, 6, 14, 33, 154, 726, 1331], 3.11.g_o_bh, -127 
(6, 16, 33), [1, 6, 16, 33, 176, 726, 1331], 3.11.g_q_bh, -187 
(6, 18, 33), [1, 6, 18, 33, 198, 726, 1331], 3.11.g_s_bh, -255 
(6, 18, 55), [1, 6, 18, 55, 198, 726, 1331], 3.11.g_s_cd, -233 
(6, 20, 55), [1, 6, 20, 55, 220, 726, 1331], 3.11.g_u_cd, -309 
(6, 24, 77), [1, 6, 24, 77, 264, 726, 1331], 3.11.g_y_cz, -463 
(6, 24, 99), [1, 6, 24, 99, 264, 726, 1331], 3.11.g_y_dv, -441 
(6, 26, 77), [1, 6, 26, 77, 286, 726, 1331], 3.11.g_ba_cz, -563 
(6, 26, 99), [1, 6, 26, 99, 286, 726, 1331], 3.11.g_ba_dv, -541 
(6, 28, 99), [1, 6, 28, 99, 308, 726, 1331], 3.11.g_bc_dv, -649 
(6, 28, 121), [1, 6, 28, 121, 308, 726, 1331], 3.11.g_bc_er, -627 
(6, 30, 99), [1, 6, 30, 99, 330, 726, 1331], 3.11.g_be_dv, -765 
(6, 30, 121), [1, 6, 30, 121, 330, 726, 1331], 3.11.g_be_er, -743 
(6, 32, 99), [1, 6, 32, 99, 352, 726, 1331], 3.11.g_bg_dv, -889 
(6, 32, 121), [1, 6, 32, 121, 352, 726, 1331], 3.11.g_bg_er, -867 
(6, 34, 121), [1, 6, 34, 121, 374, 726, 1331], 3.11.g_bi_er, -999 
(6, 36, 121), [1, 6, 36, 121, 396, 726, 1331], 3.11.g_bk_er, -1139 
(6, 38, 121), [1, 6, 38, 121, 418, 726, 1331], 3.11.g_bm_er, -1287 
(7, -1, -88), [1, 7, -1, -88, -11, 847, 1331], 3.11.h_ab_adk, -40 
(7, 4, -55), [1, 7, 4, -55, 44, 847, 1331], 3.11.h_e_acd, -22 
(7, 14, 11), [1, 7, 14, 11, 154, 847, 1331], 3.11.h_o_l, -136 
(7, 18, 33), [1, 7, 18, 33, 198, 847, 1331], 3.11.h_s_bh, -242 
(7, 24, 77), [1, 7, 24, 77, 264, 847, 1331], 3.11.h_y_cz, -450 
(7, 26, 77), [1, 7, 26, 77, 286, 847, 1331], 3.11.h_ba_cz, -550 
(7, 28, 99), [1, 7, 28, 99, 308, 847, 1331], 3.11.h_bc_dv, -636 
(7, 30, 99), [1, 7, 30, 99, 330, 847, 1331], 3.11.h_be_dv, -752 
(7, 32, 121), [1, 7, 32, 121, 352, 847, 1331], 3.11.h_bg_er, -854 
(7, 34, 143), [1, 7, 34, 143, 374, 847, 1331], 3.11.h_bi_fn, -964 
(7, 36, 121), [1, 7, 36, 121, 396, 847, 1331], 3.11.h_bk_er, -1126 
(7, 38, 143), [1, 7, 38, 143, 418, 847, 1331], 3.11.h_bm_fn, -1252 
(7, 40, 143), [1, 7, 40, 143, 440, 847, 1331], 3.11.h_bo_fn, -1408 
(7, 42, 143), [1, 7, 42, 143, 462, 847, 1331], 3.11.h_bq_fn, -1572 
(8, 14, -11), [1, 8, 14, -11, 154, 968, 1331], 3.11.i_o_al, -143 
(8, 19, 22), [1, 8, 19, 22, 209, 968, 1331], 3.11.i_t_w, -275 
(8, 24, 55), [1, 8, 24, 55, 264, 968, 1331], 3.11.i_y_cd, -457 
(8, 28, 77), [1, 8, 28, 77, 308, 968, 1331], 3.11.i_bc_cz, -643 
(8, 32, 99), [1, 8, 32, 99, 352, 968, 1331], 3.11.i_bg_dv, -861 
(8, 34, 121), [1, 8, 34, 121, 374, 968, 1331], 3.11.i_bi_er, -971 
(8, 36, 121), [1, 8, 36, 121, 396, 968, 1331], 3.11.i_bk_er, -1111 
(8, 38, 143), [1, 8, 38, 143, 418, 968, 1331], 3.11.i_bm_fn, -1237 
(8, 40, 143), [1, 8, 40, 143, 440, 968, 1331], 3.11.i_bo_fn, -1393 
(8, 42, 165), [1, 8, 42, 165, 462, 968, 1331], 3.11.i_bq_gj, -1535 
(8, 46, 165), [1, 8, 46, 165, 506, 968, 1331], 3.11.i_bu_gj, -1887 
(9, 34, 99), [1, 9, 34, 99, 374, 1089, 1331], 3.11.j_bi_dv, -976 
(9, 38, 121), [1, 9, 38, 121, 418, 1089, 1331], 3.11.j_bm_er, -1242 
(9, 46, 165), [1, 9, 46, 165, 506, 1089, 1331], 3.11.j_bu_gj, -1870 
(9, 46, 176), [1, 9, 46, 176, 506, 1089, 1331], 3.11.j_bu_gu, -1859 
(9, 48, 176), [1, 9, 48, 176, 528, 1089, 1331], 3.11.j_bw_gu, -2047 
(9, 48, 187), [1, 9, 48, 187, 528, 1089, 1331], 3.11.j_bw_hf, -2036 
(9, 50, 187), [1, 9, 50, 187, 550, 1089, 1331], 3.11.j_by_hf, -2232 
(9, 54, 209), [1, 9, 54, 209, 594, 1089, 1331], 3.11.j_cc_ib, -2626 
(10, 54, 209), [1, 10, 54, 209, 594, 1210, 1331], 3.11.k_cc_ib, -2607 
(10, 57, 231), [1, 10, 57, 231, 627, 1210, 1331], 3.11.k_cf_ix, -2918 
(10, 58, 231), [1, 10, 58, 231, 638, 1210, 1331], 3.11.k_cg_ix, -3033 
(10, 59, 231), [1, 10, 59, 231, 649, 1210, 1331], 3.11.k_ch_ix, -3150 
(10, 60, 231), [1, 10, 60, 231, 660, 1210, 1331], 3.11.k_ci_ix, -3269 
(10, 62, 242), [1, 10, 62, 242, 682, 1210, 1331], 3.11.k_ck_ji, -3502 
(11, 57, 209), [1, 11, 57, 209, 627, 1331, 1331], 3.11.l_cf_ib, -2919 
(11, 64, 253), [1, 11, 64, 253, 704, 1331, 1331], 3.11.l_cm_jt, -3722 
(11, 65, 253), [1, 11, 65, 253, 715, 1331, 1331], 3.11.l_cn_jt, -3851 
(11, 67, 264), [1, 11, 67, 264, 737, 1331, 1331], 3.11.l_cp_ke, -4104 
(12, 72, 286), [1, 12, 72, 286, 792, 1452, 1331], 3.11.m_cu_la, -4754 
(12, 74, 297), [1, 12, 74, 297, 814, 1452, 1331], 3.11.m_cw_ll, -5035 
(13, 82, 330), [1, 13, 82, 330, 902, 1573, 1331], 3.11.n_de_ms, -6225 
