(-10, 53, -186), [1, -10, 53, -186, 477, -810, 729], 3.9.ak_cb_ahe 
(-10, 55, -198), [1, -10, 55, -198, 495, -810, 729], 3.9.ak_cd_ahq 
(-9, 41, -135), [1, -9, 41, -135, 369, -729, 729], 3.9.aj_bp_aff 
(-9, 43, -144), [1, -9, 43, -144, 387, -729, 729], 3.9.aj_br_afo 
(-9, 47, -171), [1, -9, 47, -171, 423, -729, 729], 3.9.aj_bv_agp 
(-8, 29, -81), [1, -8, 29, -81, 261, -648, 729], 3.9.ai_bd_add 
(-8, 31, -93), [1, -8, 31, -93, 279, -648, 729], 3.9.ai_bf_adp 
(-8, 41, -147), [1, -8, 41, -147, 369, -648, 729], 3.9.ai_bp_afr 
(-8, 43, -150), [1, -8, 43, -150, 387, -648, 729], 3.9.ai_br_afu 
(-7, 17, -27), [1, -7, 17, -27, 153, -567, 729], 3.9.ah_r_abb 
(-7, 20, -42), [1, -7, 20, -42, 180, -567, 729], 3.9.ah_u_abq 
(-7, 23, -57), [1, -7, 23, -57, 207, -567, 729], 3.9.ah_x_acf 
(-7, 25, -75), [1, -7, 25, -75, 225, -567, 729], 3.9.ah_z_acx 
(-7, 25, -69), [1, -7, 25, -69, 225, -567, 729], 3.9.ah_z_acr 
(-7, 26, -72), [1, -7, 26, -72, 234, -567, 729], 3.9.ah_ba_acu 
(-7, 28, -84), [1, -7, 28, -84, 252, -567, 729], 3.9.ah_bc_adg 
(-7, 29, -87), [1, -7, 29, -87, 261, -567, 729], 3.9.ah_bd_adj 
(-7, 31, -105), [1, -7, 31, -105, 279, -567, 729], 3.9.ah_bf_aeb 
(-7, 32, -114), [1, -7, 32, -114, 288, -567, 729], 3.9.ah_bg_aek 
(-7, 34, -114), [1, -7, 34, -114, 306, -567, 729], 3.9.ah_bi_aek 
(-7, 34, -108), [1, -7, 34, -108, 306, -567, 729], 3.9.ah_bi_aee 
(-7, 35, -120), [1, -7, 35, -120, 315, -567, 729], 3.9.ah_bj_aeq 
(-7, 37, -123), [1, -7, 37, -123, 333, -567, 729], 3.9.ah_bl_aet 
(-6, 7, 15), [1, -6, 7, 15, 63, -486, 729], 3.9.ag_h_p 
(-6, 10, 0), [1, -6, 10, 0, 90, -486, 729], 3.9.ag_k_a 
(-6, 13, -21), [1, -6, 13, -21, 117, -486, 729], 3.9.ag_n_av 
(-6, 13, -15), [1, -6, 13, -15, 117, -486, 729], 3.9.ag_n_ap 
(-6, 17, -39), [1, -6, 17, -39, 153, -486, 729], 3.9.ag_r_abn 
(-6, 19, -48), [1, -6, 19, -48, 171, -486, 729], 3.9.ag_t_abw 
(-6, 19, -42), [1, -6, 19, -42, 171, -486, 729], 3.9.ag_t_abq 
(-6, 25, -93), [1, -6, 25, -93, 225, -486, 729], 3.9.ag_z_adp 
(-6, 26, -84), [1, -6, 26, -84, 234, -486, 729], 3.9.ag_ba_adg 
(-6, 29, -102), [1, -6, 29, -102, 261, -486, 729], 3.9.ag_bd_ady 
(-6, 31, -102), [1, -6, 31, -102, 279, -486, 729], 3.9.ag_bf_ady 
(-6, 31, -99), [1, -6, 31, -99, 279, -486, 729], 3.9.ag_bf_adv 
(-5, -7, 81), [1, -5, -7, 81, -63, -405, 729], 3.9.af_ah_dd 
(-5, -5, 69), [1, -5, -5, 69, -45, -405, 729], 3.9.af_af_cr 
(-5, -2, 54), [1, -5, -2, 54, -18, -405, 729], 3.9.af_ac_cc 
(-5, -1, 48), [1, -5, -1, 48, -9, -405, 729], 3.9.af_ab_bw 
(-5, 2, 30), [1, -5, 2, 30, 18, -405, 729], 3.9.af_c_be 
(-5, 5, 12), [1, -5, 5, 12, 45, -405, 729], 3.9.af_f_m 
(-5, 7, 3), [1, -5, 7, 3, 63, -405, 729], 3.9.af_h_d 
(-5, 8, -6), [1, -5, 8, -6, 72, -405, 729], 3.9.af_i_ag 
(-5, 8, 0), [1, -5, 8, 0, 72, -405, 729], 3.9.af_i_a 
(-5, 13, -21), [1, -5, 13, -21, 117, -405, 729], 3.9.af_n_av 
(-5, 16, -42), [1, -5, 16, -42, 144, -405, 729], 3.9.af_q_abq 
(-5, 17, -36), [1, -5, 17, -36, 153, -405, 729], 3.9.af_r_abk 
(-5, 19, -75), [1, -5, 19, -75, 171, -405, 729], 3.9.af_t_acx 
(-5, 19, -72), [1, -5, 19, -72, 171, -405, 729], 3.9.af_t_acu 
(-5, 20, -78), [1, -5, 20, -78, 180, -405, 729], 3.9.af_u_ada 
(-5, 20, -60), [1, -5, 20, -60, 180, -405, 729], 3.9.af_u_aci 
(-5, 23, -84), [1, -5, 23, -84, 207, -405, 729], 3.9.af_x_adg 
(-5, 26, -78), [1, -5, 26, -78, 234, -405, 729], 3.9.af_ba_ada 
(-5, 26, -72), [1, -5, 26, -72, 234, -405, 729], 3.9.af_ba_acu 
(-5, 29, -87), [1, -5, 29, -87, 261, -405, 729], 3.9.af_bd_adj 
(-5, 29, -84), [1, -5, 29, -84, 261, -405, 729], 3.9.af_bd_adg 
(-5, 29, -81), [1, -5, 29, -81, 261, -405, 729], 3.9.af_bd_add 
(-5, 31, -87), [1, -5, 31, -87, 279, -405, 729], 3.9.af_bf_adj 
(-4, -8, 72), [1, -4, -8, 72, -72, -324, 729], 3.9.ae_ai_cu 
(-4, -7, 66), [1, -4, -7, 66, -63, -324, 729], 3.9.ae_ah_co 
(-4, -7, 69), [1, -4, -7, 69, -63, -324, 729], 3.9.ae_ah_cr 
(-4, -5, 54), [1, -4, -5, 54, -45, -324, 729], 3.9.ae_af_cc 
(-4, -5, 57), [1, -4, -5, 57, -45, -324, 729], 3.9.ae_af_cf 
(-4, -5, 60), [1, -4, -5, 60, -45, -324, 729], 3.9.ae_af_ci 
(-4, -2, 36), [1, -4, -2, 36, -18, -324, 729], 3.9.ae_ac_bk 
(-4, -1, 27), [1, -4, -1, 27, -9, -324, 729], 3.9.ae_ab_bb 
(-4, -1, 30), [1, -4, -1, 30, -9, -324, 729], 3.9.ae_ab_be 
(-4, -1, 33), [1, -4, -1, 33, -9, -324, 729], 3.9.ae_ab_bh 
(-4, -1, 39), [1, -4, -1, 39, -9, -324, 729], 3.9.ae_ab_bn 
(-4, -1, 42), [1, -4, -1, 42, -9, -324, 729], 3.9.ae_ab_bq 
(-4, 2, 24), [1, -4, 2, 24, 18, -324, 729], 3.9.ae_c_y 
(-4, 4, 12), [1, -4, 4, 12, 36, -324, 729], 3.9.ae_e_m 
(-4, 5, -6), [1, -4, 5, -6, 45, -324, 729], 3.9.ae_f_ag 
(-4, 7, -21), [1, -4, 7, -21, 63, -324, 729], 3.9.ae_h_av 
(-4, 7, -15), [1, -4, 7, -15, 63, -324, 729], 3.9.ae_h_ap 
(-4, 7, 6), [1, -4, 7, 6, 63, -324, 729], 3.9.ae_h_g 
(-4, 11, -27), [1, -4, 11, -27, 99, -324, 729], 3.9.ae_l_abb 
(-4, 11, -9), [1, -4, 11, -9, 99, -324, 729], 3.9.ae_l_aj 
(-4, 13, -39), [1, -4, 13, -39, 117, -324, 729], 3.9.ae_n_abn 
(-4, 16, -48), [1, -4, 16, -48, 144, -324, 729], 3.9.ae_q_abw 
(-4, 17, -75), [1, -4, 17, -75, 153, -324, 729], 3.9.ae_r_acx 
(-4, 17, -69), [1, -4, 17, -69, 153, -324, 729], 3.9.ae_r_acr 
(-4, 19, -69), [1, -4, 19, -69, 171, -324, 729], 3.9.ae_t_acr 
(-4, 22, -66), [1, -4, 22, -66, 198, -324, 729], 3.9.ae_w_aco 
(-4, 23, -69), [1, -4, 23, -69, 207, -324, 729], 3.9.ae_x_acr 
(-3, -8, 54), [1, -3, -8, 54, -72, -243, 729], 3.9.ad_ai_cc 
(-3, -7, 57), [1, -3, -7, 57, -63, -243, 729], 3.9.ad_ah_cf 
(-3, -7, 60), [1, -3, -7, 60, -63, -243, 729], 3.9.ad_ah_ci 
(-3, -7, 63), [1, -3, -7, 63, -63, -243, 729], 3.9.ad_ah_cl 
(-3, -5, 33), [1, -3, -5, 33, -45, -243, 729], 3.9.ad_af_bh 
(-3, -5, 36), [1, -3, -5, 36, -45, -243, 729], 3.9.ad_af_bk 
(-3, -5, 45), [1, -3, -5, 45, -45, -243, 729], 3.9.ad_af_bt 
(-3, -5, 51), [1, -3, -5, 51, -45, -243, 729], 3.9.ad_af_bz 
(-3, -5, 57), [1, -3, -5, 57, -45, -243, 729], 3.9.ad_af_cf 
(-3, -4, 30), [1, -3, -4, 30, -36, -243, 729], 3.9.ad_ae_be 
(-3, -2, 30), [1, -3, -2, 30, -18, -243, 729], 3.9.ad_ac_be 
(-3, -1, 12), [1, -3, -1, 12, -9, -243, 729], 3.9.ad_ab_m 
(-3, 1, -3), [1, -3, 1, -3, 9, -243, 729], 3.9.ad_b_ad 
(-3, 1, 15), [1, -3, 1, 15, 9, -243, 729], 3.9.ad_b_p 
(-3, 5, -24), [1, -3, 5, -24, 45, -243, 729], 3.9.ad_f_ay 
(-3, 5, 3), [1, -3, 5, 3, 45, -243, 729], 3.9.ad_f_d 
(-3, 7, 0), [1, -3, 7, 0, 63, -243, 729], 3.9.ad_h_a 
(-3, 10, -12), [1, -3, 10, -12, 90, -243, 729], 3.9.ad_k_am 
(-3, 13, -57), [1, -3, 13, -57, 117, -243, 729], 3.9.ad_n_acf 
(-3, 19, -57), [1, -3, 19, -57, 171, -243, 729], 3.9.ad_t_acf 
(-3, 19, -48), [1, -3, 19, -48, 171, -243, 729], 3.9.ad_t_abw 
(-3, 19, -42), [1, -3, 19, -42, 171, -243, 729], 3.9.ad_t_abq 
(-3, 19, -33), [1, -3, 19, -33, 171, -243, 729], 3.9.ad_t_abh 
(-3, 22, -48), [1, -3, 22, -48, 198, -243, 729], 3.9.ad_w_abw 
(-3, 23, -51), [1, -3, 23, -51, 207, -243, 729], 3.9.ad_x_abz 
(-2, -7, 27), [1, -2, -7, 27, -63, -162, 729], 3.9.ac_ah_bb 
(-2, -7, 39), [1, -2, -7, 39, -63, -162, 729], 3.9.ac_ah_bn 
(-2, -7, 42), [1, -2, -7, 42, -63, -162, 729], 3.9.ac_ah_bq 
(-2, -5, 15), [1, -2, -5, 15, -45, -162, 729], 3.9.ac_af_p 
(-2, -5, 18), [1, -2, -5, 18, -45, -162, 729], 3.9.ac_af_s 
(-2, -5, 21), [1, -2, -5, 21, -45, -162, 729], 3.9.ac_af_v 
(-2, -5, 33), [1, -2, -5, 33, -45, -162, 729], 3.9.ac_af_bh 
(-2, -5, 39), [1, -2, -5, 39, -45, -162, 729], 3.9.ac_af_bn 
(-2, -5, 42), [1, -2, -5, 42, -45, -162, 729], 3.9.ac_af_bq 
(-2, -5, 54), [1, -2, -5, 54, -45, -162, 729], 3.9.ac_af_cc 
(-2, -5, 57), [1, -2, -5, 57, -45, -162, 729], 3.9.ac_af_cf 
(-2, -2, 12), [1, -2, -2, 12, -18, -162, 729], 3.9.ac_ac_m 
(-2, -1, -9), [1, -2, -1, -9, -9, -162, 729], 3.9.ac_ab_aj 
(-2, -1, -6), [1, -2, -1, -6, -9, -162, 729], 3.9.ac_ab_ag 
(-2, -1, -3), [1, -2, -1, -3, -9, -162, 729], 3.9.ac_ab_ad 
(-2, -1, 3), [1, -2, -1, 3, -9, -162, 729], 3.9.ac_ab_d 
(-2, -1, 33), [1, -2, -1, 33, -9, -162, 729], 3.9.ac_ab_bh 
(-2, -1, 42), [1, -2, -1, 42, -9, -162, 729], 3.9.ac_ab_bq 
(-2, 1, -21), [1, -2, 1, -21, 9, -162, 729], 3.9.ac_b_av 
(-2, 1, -15), [1, -2, 1, -15, 9, -162, 729], 3.9.ac_b_ap 
(-2, 1, -12), [1, -2, 1, -12, 9, -162, 729], 3.9.ac_b_am 
(-2, 1, -3), [1, -2, 1, -3, 9, -162, 729], 3.9.ac_b_ad 
(-2, 1, 3), [1, -2, 1, 3, 9, -162, 729], 3.9.ac_b_d 
(-2, 1, 6), [1, -2, 1, 6, 9, -162, 729], 3.9.ac_b_g 
(-2, 1, 15), [1, -2, 1, 15, 9, -162, 729], 3.9.ac_b_p 
(-2, 1, 21), [1, -2, 1, 21, 9, -162, 729], 3.9.ac_b_v 
(-2, 2, -24), [1, -2, 2, -24, 18, -162, 729], 3.9.ac_c_ay 
(-2, 2, 12), [1, -2, 2, 12, 18, -162, 729], 3.9.ac_c_m 
(-2, 2, 24), [1, -2, 2, 24, 18, -162, 729], 3.9.ac_c_y 
(-2, 5, -45), [1, -2, 5, -45, 45, -162, 729], 3.9.ac_f_abt 
(-2, 5, -39), [1, -2, 5, -39, 45, -162, 729], 3.9.ac_f_abn 
(-2, 5, -33), [1, -2, 5, -33, 45, -162, 729], 3.9.ac_f_abh 
(-2, 5, 3), [1, -2, 5, 3, 45, -162, 729], 3.9.ac_f_d 
(-2, 5, 6), [1, -2, 5, 6, 45, -162, 729], 3.9.ac_f_g 
(-2, 5, 15), [1, -2, 5, 15, 45, -162, 729], 3.9.ac_f_p 
(-2, 7, -57), [1, -2, 7, -57, 63, -162, 729], 3.9.ac_h_acf 
(-2, 7, -54), [1, -2, 7, -54, 63, -162, 729], 3.9.ac_h_acc 
(-2, 7, -45), [1, -2, 7, -45, 63, -162, 729], 3.9.ac_h_abt 
(-2, 7, 3), [1, -2, 7, 3, 63, -162, 729], 3.9.ac_h_d 
(-2, 8, 6), [1, -2, 8, 6, 72, -162, 729], 3.9.ac_i_g 
(-2, 10, -12), [1, -2, 10, -12, 90, -162, 729], 3.9.ac_k_am 
(-2, 11, -30), [1, -2, 11, -30, 99, -162, 729], 3.9.ac_l_abe 
(-2, 11, -3), [1, -2, 11, -3, 99, -162, 729], 3.9.ac_l_ad 
(-2, 13, -45), [1, -2, 13, -45, 117, -162, 729], 3.9.ac_n_abt 
(-2, 13, -27), [1, -2, 13, -27, 117, -162, 729], 3.9.ac_n_abb 
(-2, 17, -42), [1, -2, 17, -42, 153, -162, 729], 3.9.ac_r_abq 
(-2, 17, -33), [1, -2, 17, -33, 153, -162, 729], 3.9.ac_r_abh 
(-2, 17, -18), [1, -2, 17, -18, 153, -162, 729], 3.9.ac_r_as 
(-2, 19, -39), [1, -2, 19, -39, 171, -162, 729], 3.9.ac_t_abn 
(-2, 19, -33), [1, -2, 19, -33, 171, -162, 729], 3.9.ac_t_abh 
(-2, 19, -30), [1, -2, 19, -30, 171, -162, 729], 3.9.ac_t_abe 
(-2, 19, -24), [1, -2, 19, -24, 171, -162, 729], 3.9.ac_t_ay 
(-1, -8, 18), [1, -1, -8, 18, -72, -81, 729], 3.9.ab_ai_s 
(-1, -7, 9), [1, -1, -7, 9, -63, -81, 729], 3.9.ab_ah_j 
(-1, -7, 15), [1, -1, -7, 15, -63, -81, 729], 3.9.ab_ah_p 
(-1, -7, 24), [1, -1, -7, 24, -63, -81, 729], 3.9.ab_ah_y 
(-1, -7, 27), [1, -1, -7, 27, -63, -81, 729], 3.9.ab_ah_bb 
(-1, -5, 12), [1, -1, -5, 12, -45, -81, 729], 3.9.ab_af_m 
(-1, -4, -6), [1, -1, -4, -6, -36, -81, 729], 3.9.ab_ae_ag 
(-1, -4, 42), [1, -1, -4, 42, -36, -81, 729], 3.9.ab_ae_bq 
(-1, -2, 42), [1, -1, -2, 42, -18, -81, 729], 3.9.ab_ac_bq 
(-1, -2, 48), [1, -1, -2, 48, -18, -81, 729], 3.9.ab_ac_bw 
(-1, -1, -24), [1, -1, -1, -24, -9, -81, 729], 3.9.ab_ab_ay 
(-1, -1, 12), [1, -1, -1, 12, -9, -81, 729], 3.9.ab_ab_m 
(-1, -1, 30), [1, -1, -1, 30, -9, -81, 729], 3.9.ab_ab_be 
(-1, 1, -39), [1, -1, 1, -39, 9, -81, 729], 3.9.ab_b_abn 
(-1, 1, -3), [1, -1, 1, -3, 9, -81, 729], 3.9.ab_b_ad 
(-1, 2, -42), [1, -1, 2, -42, 18, -81, 729], 3.9.ab_c_abq 
(-1, 2, 6), [1, -1, 2, 6, 18, -81, 729], 3.9.ab_c_g 
(-1, 4, 30), [1, -1, 4, 30, 36, -81, 729], 3.9.ab_e_be 
(-1, 5, -51), [1, -1, 5, -51, 45, -81, 729], 3.9.ab_f_abz 
(-1, 5, 15), [1, -1, 5, 15, 45, -81, 729], 3.9.ab_f_p 
(-1, 7, -12), [1, -1, 7, -12, 63, -81, 729], 3.9.ab_h_am 
(-1, 8, -42), [1, -1, 8, -42, 72, -81, 729], 3.9.ab_i_abq 
(-1, 10, -30), [1, -1, 10, -30, 90, -81, 729], 3.9.ab_k_abe 
(-1, 11, -33), [1, -1, 11, -33, 99, -81, 729], 3.9.ab_l_abh 
(-1, 11, -24), [1, -1, 11, -24, 99, -81, 729], 3.9.ab_l_ay 
(-1, 13, -9), [1, -1, 13, -9, 117, -81, 729], 3.9.ab_n_aj 
(-1, 14, -30), [1, -1, 14, -30, 126, -81, 729], 3.9.ab_o_abe 
(-1, 14, -6), [1, -1, 14, -6, 126, -81, 729], 3.9.ab_o_ag 
(-1, 16, -6), [1, -1, 16, -6, 144, -81, 729], 3.9.ab_q_ag 
(-1, 17, -27), [1, -1, 17, -27, 153, -81, 729], 3.9.ab_r_abb 
(-1, 17, -3), [1, -1, 17, -3, 153, -81, 729], 3.9.ab_r_ad 
(0, -7, -9), [1, 0, -7, -9, -63, 0, 729], 3.9.a_ah_aj 
(0, -7, -6), [1, 0, -7, -6, -63, 0, 729], 3.9.a_ah_ag 
(0, -7, 6), [1, 0, -7, 6, -63, 0, 729], 3.9.a_ah_g 
(0, -7, 9), [1, 0, -7, 9, -63, 0, 729], 3.9.a_ah_j 
(0, -5, -21), [1, 0, -5, -21, -45, 0, 729], 3.9.a_af_av 
(0, -5, -3), [1, 0, -5, -3, -45, 0, 729], 3.9.a_af_ad 
(0, -5, 3), [1, 0, -5, 3, -45, 0, 729], 3.9.a_af_d 
(0, -5, 21), [1, 0, -5, 21, -45, 0, 729], 3.9.a_af_v 
(0, -4, -24), [1, 0, -4, -24, -36, 0, 729], 3.9.a_ae_ay 
(0, -4, 24), [1, 0, -4, 24, -36, 0, 729], 3.9.a_ae_y 
(0, -2, -36), [1, 0, -2, -36, -18, 0, 729], 3.9.a_ac_abk 
(0, -2, 36), [1, 0, -2, 36, -18, 0, 729], 3.9.a_ac_bk 
(0, -1, -45), [1, 0, -1, -45, -9, 0, 729], 3.9.a_ab_abt 
(0, -1, -42), [1, 0, -1, -42, -9, 0, 729], 3.9.a_ab_abq 
(0, -1, -39), [1, 0, -1, -39, -9, 0, 729], 3.9.a_ab_abn 
(0, -1, -33), [1, 0, -1, -33, -9, 0, 729], 3.9.a_ab_abh 
(0, -1, 33), [1, 0, -1, 33, -9, 0, 729], 3.9.a_ab_bh 
(0, -1, 39), [1, 0, -1, 39, -9, 0, 729], 3.9.a_ab_bn 
(0, -1, 42), [1, 0, -1, 42, -9, 0, 729], 3.9.a_ab_bq 
(0, -1, 45), [1, 0, -1, 45, -9, 0, 729], 3.9.a_ab_bt 
(0, 1, -45), [1, 0, 1, -45, 9, 0, 729], 3.9.a_b_abt 
(0, 1, -24), [1, 0, 1, -24, 9, 0, 729], 3.9.a_b_ay 
(0, 1, 24), [1, 0, 1, 24, 9, 0, 729], 3.9.a_b_y 
(0, 1, 45), [1, 0, 1, 45, 9, 0, 729], 3.9.a_b_bt 
(0, 13, -9), [1, 0, 13, -9, 117, 0, 729], 3.9.a_n_aj 
(0, 13, 9), [1, 0, 13, 9, 117, 0, 729], 3.9.a_n_j 
(0, 16, -12), [1, 0, 16, -12, 144, 0, 729], 3.9.a_q_am 
(0, 16, 12), [1, 0, 16, 12, 144, 0, 729], 3.9.a_q_m 
(0, 19, -6), [1, 0, 19, -6, 171, 0, 729], 3.9.a_t_ag 
(0, 19, 6), [1, 0, 19, 6, 171, 0, 729], 3.9.a_t_g 
(1, -8, -18), [1, 1, -8, -18, -72, 81, 729], 3.9.b_ai_as 
(1, -7, -27), [1, 1, -7, -27, -63, 81, 729], 3.9.b_ah_abb 
(1, -7, -24), [1, 1, -7, -24, -63, 81, 729], 3.9.b_ah_ay 
(1, -7, -15), [1, 1, -7, -15, -63, 81, 729], 3.9.b_ah_ap 
(1, -7, -9), [1, 1, -7, -9, -63, 81, 729], 3.9.b_ah_aj 
(1, -5, -12), [1, 1, -5, -12, -45, 81, 729], 3.9.b_af_am 
(1, -4, -42), [1, 1, -4, -42, -36, 81, 729], 3.9.b_ae_abq 
(1, -4, 6), [1, 1, -4, 6, -36, 81, 729], 3.9.b_ae_g 
(1, -2, -48), [1, 1, -2, -48, -18, 81, 729], 3.9.b_ac_abw 
(1, -2, -42), [1, 1, -2, -42, -18, 81, 729], 3.9.b_ac_abq 
(1, -1, -30), [1, 1, -1, -30, -9, 81, 729], 3.9.b_ab_abe 
(1, -1, -12), [1, 1, -1, -12, -9, 81, 729], 3.9.b_ab_am 
(1, -1, 24), [1, 1, -1, 24, -9, 81, 729], 3.9.b_ab_y 
(1, 1, 3), [1, 1, 1, 3, 9, 81, 729], 3.9.b_b_d 
(1, 1, 39), [1, 1, 1, 39, 9, 81, 729], 3.9.b_b_bn 
(1, 2, -6), [1, 1, 2, -6, 18, 81, 729], 3.9.b_c_ag 
(1, 2, 42), [1, 1, 2, 42, 18, 81, 729], 3.9.b_c_bq 
(1, 4, -30), [1, 1, 4, -30, 36, 81, 729], 3.9.b_e_abe 
(1, 5, -15), [1, 1, 5, -15, 45, 81, 729], 3.9.b_f_ap 
(1, 5, 51), [1, 1, 5, 51, 45, 81, 729], 3.9.b_f_bz 
(1, 7, 12), [1, 1, 7, 12, 63, 81, 729], 3.9.b_h_m 
(1, 8, 42), [1, 1, 8, 42, 72, 81, 729], 3.9.b_i_bq 
(1, 10, 30), [1, 1, 10, 30, 90, 81, 729], 3.9.b_k_be 
(1, 11, 24), [1, 1, 11, 24, 99, 81, 729], 3.9.b_l_y 
(1, 11, 33), [1, 1, 11, 33, 99, 81, 729], 3.9.b_l_bh 
(1, 13, 9), [1, 1, 13, 9, 117, 81, 729], 3.9.b_n_j 
(1, 14, 6), [1, 1, 14, 6, 126, 81, 729], 3.9.b_o_g 
(1, 14, 30), [1, 1, 14, 30, 126, 81, 729], 3.9.b_o_be 
(1, 16, 6), [1, 1, 16, 6, 144, 81, 729], 3.9.b_q_g 
(1, 17, 3), [1, 1, 17, 3, 153, 81, 729], 3.9.b_r_d 
(1, 17, 27), [1, 1, 17, 27, 153, 81, 729], 3.9.b_r_bb 
(2, -7, -42), [1, 2, -7, -42, -63, 162, 729], 3.9.c_ah_abq 
(2, -7, -39), [1, 2, -7, -39, -63, 162, 729], 3.9.c_ah_abn 
(2, -7, -27), [1, 2, -7, -27, -63, 162, 729], 3.9.c_ah_abb 
(2, -5, -57), [1, 2, -5, -57, -45, 162, 729], 3.9.c_af_acf 
(2, -5, -54), [1, 2, -5, -54, -45, 162, 729], 3.9.c_af_acc 
(2, -5, -42), [1, 2, -5, -42, -45, 162, 729], 3.9.c_af_abq 
(2, -5, -39), [1, 2, -5, -39, -45, 162, 729], 3.9.c_af_abn 
(2, -5, -33), [1, 2, -5, -33, -45, 162, 729], 3.9.c_af_abh 
(2, -5, -21), [1, 2, -5, -21, -45, 162, 729], 3.9.c_af_av 
(2, -5, -18), [1, 2, -5, -18, -45, 162, 729], 3.9.c_af_as 
(2, -5, -15), [1, 2, -5, -15, -45, 162, 729], 3.9.c_af_ap 
(2, -2, -12), [1, 2, -2, -12, -18, 162, 729], 3.9.c_ac_am 
(2, -1, -42), [1, 2, -1, -42, -9, 162, 729], 3.9.c_ab_abq 
(2, -1, -33), [1, 2, -1, -33, -9, 162, 729], 3.9.c_ab_abh 
(2, -1, -3), [1, 2, -1, -3, -9, 162, 729], 3.9.c_ab_ad 
(2, -1, 3), [1, 2, -1, 3, -9, 162, 729], 3.9.c_ab_d 
(2, -1, 6), [1, 2, -1, 6, -9, 162, 729], 3.9.c_ab_g 
(2, -1, 9), [1, 2, -1, 9, -9, 162, 729], 3.9.c_ab_j 
(2, 1, -21), [1, 2, 1, -21, 9, 162, 729], 3.9.c_b_av 
(2, 1, -15), [1, 2, 1, -15, 9, 162, 729], 3.9.c_b_ap 
(2, 1, -6), [1, 2, 1, -6, 9, 162, 729], 3.9.c_b_ag 
(2, 1, -3), [1, 2, 1, -3, 9, 162, 729], 3.9.c_b_ad 
(2, 1, 3), [1, 2, 1, 3, 9, 162, 729], 3.9.c_b_d 
(2, 1, 12), [1, 2, 1, 12, 9, 162, 729], 3.9.c_b_m 
(2, 1, 15), [1, 2, 1, 15, 9, 162, 729], 3.9.c_b_p 
(2, 1, 21), [1, 2, 1, 21, 9, 162, 729], 3.9.c_b_v 
(2, 2, -24), [1, 2, 2, -24, 18, 162, 729], 3.9.c_c_ay 
(2, 2, -12), [1, 2, 2, -12, 18, 162, 729], 3.9.c_c_am 
(2, 2, 24), [1, 2, 2, 24, 18, 162, 729], 3.9.c_c_y 
(2, 5, -15), [1, 2, 5, -15, 45, 162, 729], 3.9.c_f_ap 
(2, 5, -6), [1, 2, 5, -6, 45, 162, 729], 3.9.c_f_ag 
(2, 5, -3), [1, 2, 5, -3, 45, 162, 729], 3.9.c_f_ad 
(2, 5, 33), [1, 2, 5, 33, 45, 162, 729], 3.9.c_f_bh 
(2, 5, 39), [1, 2, 5, 39, 45, 162, 729], 3.9.c_f_bn 
(2, 5, 45), [1, 2, 5, 45, 45, 162, 729], 3.9.c_f_bt 
(2, 7, -3), [1, 2, 7, -3, 63, 162, 729], 3.9.c_h_ad 
(2, 7, 45), [1, 2, 7, 45, 63, 162, 729], 3.9.c_h_bt 
(2, 7, 54), [1, 2, 7, 54, 63, 162, 729], 3.9.c_h_cc 
(2, 7, 57), [1, 2, 7, 57, 63, 162, 729], 3.9.c_h_cf 
(2, 8, -6), [1, 2, 8, -6, 72, 162, 729], 3.9.c_i_ag 
(2, 10, 12), [1, 2, 10, 12, 90, 162, 729], 3.9.c_k_m 
(2, 11, 3), [1, 2, 11, 3, 99, 162, 729], 3.9.c_l_d 
(2, 11, 30), [1, 2, 11, 30, 99, 162, 729], 3.9.c_l_be 
(2, 13, 27), [1, 2, 13, 27, 117, 162, 729], 3.9.c_n_bb 
(2, 13, 45), [1, 2, 13, 45, 117, 162, 729], 3.9.c_n_bt 
(2, 17, 18), [1, 2, 17, 18, 153, 162, 729], 3.9.c_r_s 
(2, 17, 33), [1, 2, 17, 33, 153, 162, 729], 3.9.c_r_bh 
(2, 17, 42), [1, 2, 17, 42, 153, 162, 729], 3.9.c_r_bq 
(2, 19, 24), [1, 2, 19, 24, 171, 162, 729], 3.9.c_t_y 
(2, 19, 30), [1, 2, 19, 30, 171, 162, 729], 3.9.c_t_be 
(2, 19, 33), [1, 2, 19, 33, 171, 162, 729], 3.9.c_t_bh 
(2, 19, 39), [1, 2, 19, 39, 171, 162, 729], 3.9.c_t_bn 
(3, -8, -54), [1, 3, -8, -54, -72, 243, 729], 3.9.d_ai_acc 
(3, -7, -63), [1, 3, -7, -63, -63, 243, 729], 3.9.d_ah_acl 
(3, -7, -60), [1, 3, -7, -60, -63, 243, 729], 3.9.d_ah_aci 
(3, -7, -57), [1, 3, -7, -57, -63, 243, 729], 3.9.d_ah_acf 
(3, -5, -57), [1, 3, -5, -57, -45, 243, 729], 3.9.d_af_acf 
(3, -5, -51), [1, 3, -5, -51, -45, 243, 729], 3.9.d_af_abz 
(3, -5, -45), [1, 3, -5, -45, -45, 243, 729], 3.9.d_af_abt 
(3, -5, -36), [1, 3, -5, -36, -45, 243, 729], 3.9.d_af_abk 
(3, -5, -33), [1, 3, -5, -33, -45, 243, 729], 3.9.d_af_abh 
(3, -4, -30), [1, 3, -4, -30, -36, 243, 729], 3.9.d_ae_abe 
(3, -2, -30), [1, 3, -2, -30, -18, 243, 729], 3.9.d_ac_abe 
(3, -1, -12), [1, 3, -1, -12, -9, 243, 729], 3.9.d_ab_am 
(3, 1, -15), [1, 3, 1, -15, 9, 243, 729], 3.9.d_b_ap 
(3, 1, 3), [1, 3, 1, 3, 9, 243, 729], 3.9.d_b_d 
(3, 5, -3), [1, 3, 5, -3, 45, 243, 729], 3.9.d_f_ad 
(3, 5, 24), [1, 3, 5, 24, 45, 243, 729], 3.9.d_f_y 
(3, 7, 0), [1, 3, 7, 0, 63, 243, 729], 3.9.d_h_a 
(3, 10, 12), [1, 3, 10, 12, 90, 243, 729], 3.9.d_k_m 
(3, 13, 57), [1, 3, 13, 57, 117, 243, 729], 3.9.d_n_cf 
(3, 19, 33), [1, 3, 19, 33, 171, 243, 729], 3.9.d_t_bh 
(3, 19, 42), [1, 3, 19, 42, 171, 243, 729], 3.9.d_t_bq 
(3, 19, 48), [1, 3, 19, 48, 171, 243, 729], 3.9.d_t_bw 
(3, 19, 57), [1, 3, 19, 57, 171, 243, 729], 3.9.d_t_cf 
(3, 22, 48), [1, 3, 22, 48, 198, 243, 729], 3.9.d_w_bw 
(3, 23, 51), [1, 3, 23, 51, 207, 243, 729], 3.9.d_x_bz 
(4, -8, -72), [1, 4, -8, -72, -72, 324, 729], 3.9.e_ai_acu 
(4, -7, -69), [1, 4, -7, -69, -63, 324, 729], 3.9.e_ah_acr 
(4, -7, -66), [1, 4, -7, -66, -63, 324, 729], 3.9.e_ah_aco 
(4, -5, -60), [1, 4, -5, -60, -45, 324, 729], 3.9.e_af_aci 
(4, -5, -57), [1, 4, -5, -57, -45, 324, 729], 3.9.e_af_acf 
(4, -5, -54), [1, 4, -5, -54, -45, 324, 729], 3.9.e_af_acc 
(4, -2, -36), [1, 4, -2, -36, -18, 324, 729], 3.9.e_ac_abk 
(4, -1, -42), [1, 4, -1, -42, -9, 324, 729], 3.9.e_ab_abq 
(4, -1, -39), [1, 4, -1, -39, -9, 324, 729], 3.9.e_ab_abn 
(4, -1, -33), [1, 4, -1, -33, -9, 324, 729], 3.9.e_ab_abh 
(4, -1, -30), [1, 4, -1, -30, -9, 324, 729], 3.9.e_ab_abe 
(4, -1, -27), [1, 4, -1, -27, -9, 324, 729], 3.9.e_ab_abb 
(4, 2, -24), [1, 4, 2, -24, 18, 324, 729], 3.9.e_c_ay 
(4, 4, -12), [1, 4, 4, -12, 36, 324, 729], 3.9.e_e_am 
(4, 5, 6), [1, 4, 5, 6, 45, 324, 729], 3.9.e_f_g 
(4, 7, -6), [1, 4, 7, -6, 63, 324, 729], 3.9.e_h_ag 
(4, 7, 15), [1, 4, 7, 15, 63, 324, 729], 3.9.e_h_p 
(4, 7, 21), [1, 4, 7, 21, 63, 324, 729], 3.9.e_h_v 
(4, 11, 9), [1, 4, 11, 9, 99, 324, 729], 3.9.e_l_j 
(4, 11, 27), [1, 4, 11, 27, 99, 324, 729], 3.9.e_l_bb 
(4, 13, 39), [1, 4, 13, 39, 117, 324, 729], 3.9.e_n_bn 
(4, 16, 48), [1, 4, 16, 48, 144, 324, 729], 3.9.e_q_bw 
(4, 17, 69), [1, 4, 17, 69, 153, 324, 729], 3.9.e_r_cr 
(4, 17, 75), [1, 4, 17, 75, 153, 324, 729], 3.9.e_r_cx 
(4, 19, 69), [1, 4, 19, 69, 171, 324, 729], 3.9.e_t_cr 
(4, 22, 66), [1, 4, 22, 66, 198, 324, 729], 3.9.e_w_co 
(4, 23, 69), [1, 4, 23, 69, 207, 324, 729], 3.9.e_x_cr 
(5, -7, -81), [1, 5, -7, -81, -63, 405, 729], 3.9.f_ah_add 
(5, -5, -69), [1, 5, -5, -69, -45, 405, 729], 3.9.f_af_acr 
(5, -2, -54), [1, 5, -2, -54, -18, 405, 729], 3.9.f_ac_acc 
(5, -1, -48), [1, 5, -1, -48, -9, 405, 729], 3.9.f_ab_abw 
(5, 2, -30), [1, 5, 2, -30, 18, 405, 729], 3.9.f_c_abe 
(5, 5, -12), [1, 5, 5, -12, 45, 405, 729], 3.9.f_f_am 
(5, 7, -3), [1, 5, 7, -3, 63, 405, 729], 3.9.f_h_ad 
(5, 8, 0), [1, 5, 8, 0, 72, 405, 729], 3.9.f_i_a 
(5, 8, 6), [1, 5, 8, 6, 72, 405, 729], 3.9.f_i_g 
(5, 13, 21), [1, 5, 13, 21, 117, 405, 729], 3.9.f_n_v 
(5, 16, 42), [1, 5, 16, 42, 144, 405, 729], 3.9.f_q_bq 
(5, 17, 36), [1, 5, 17, 36, 153, 405, 729], 3.9.f_r_bk 
(5, 19, 72), [1, 5, 19, 72, 171, 405, 729], 3.9.f_t_cu 
(5, 19, 75), [1, 5, 19, 75, 171, 405, 729], 3.9.f_t_cx 
(5, 20, 60), [1, 5, 20, 60, 180, 405, 729], 3.9.f_u_ci 
(5, 20, 78), [1, 5, 20, 78, 180, 405, 729], 3.9.f_u_da 
(5, 23, 84), [1, 5, 23, 84, 207, 405, 729], 3.9.f_x_dg 
(5, 26, 72), [1, 5, 26, 72, 234, 405, 729], 3.9.f_ba_cu 
(5, 26, 78), [1, 5, 26, 78, 234, 405, 729], 3.9.f_ba_da 
(5, 29, 81), [1, 5, 29, 81, 261, 405, 729], 3.9.f_bd_dd 
(5, 29, 84), [1, 5, 29, 84, 261, 405, 729], 3.9.f_bd_dg 
(5, 29, 87), [1, 5, 29, 87, 261, 405, 729], 3.9.f_bd_dj 
(5, 31, 87), [1, 5, 31, 87, 279, 405, 729], 3.9.f_bf_dj 
(6, 7, -15), [1, 6, 7, -15, 63, 486, 729], 3.9.g_h_ap 
(6, 10, 0), [1, 6, 10, 0, 90, 486, 729], 3.9.g_k_a 
(6, 13, 15), [1, 6, 13, 15, 117, 486, 729], 3.9.g_n_p 
(6, 13, 21), [1, 6, 13, 21, 117, 486, 729], 3.9.g_n_v 
(6, 17, 39), [1, 6, 17, 39, 153, 486, 729], 3.9.g_r_bn 
(6, 19, 42), [1, 6, 19, 42, 171, 486, 729], 3.9.g_t_bq 
(6, 19, 48), [1, 6, 19, 48, 171, 486, 729], 3.9.g_t_bw 
(6, 25, 93), [1, 6, 25, 93, 225, 486, 729], 3.9.g_z_dp 
(6, 26, 84), [1, 6, 26, 84, 234, 486, 729], 3.9.g_ba_dg 
(6, 29, 102), [1, 6, 29, 102, 261, 486, 729], 3.9.g_bd_dy 
(6, 31, 99), [1, 6, 31, 99, 279, 486, 729], 3.9.g_bf_dv 
(6, 31, 102), [1, 6, 31, 102, 279, 486, 729], 3.9.g_bf_dy 
(7, 17, 27), [1, 7, 17, 27, 153, 567, 729], 3.9.h_r_bb 
(7, 20, 42), [1, 7, 20, 42, 180, 567, 729], 3.9.h_u_bq 
(7, 23, 57), [1, 7, 23, 57, 207, 567, 729], 3.9.h_x_cf 
(7, 25, 69), [1, 7, 25, 69, 225, 567, 729], 3.9.h_z_cr 
(7, 25, 75), [1, 7, 25, 75, 225, 567, 729], 3.9.h_z_cx 
(7, 26, 72), [1, 7, 26, 72, 234, 567, 729], 3.9.h_ba_cu 
(7, 28, 84), [1, 7, 28, 84, 252, 567, 729], 3.9.h_bc_dg 
(7, 29, 87), [1, 7, 29, 87, 261, 567, 729], 3.9.h_bd_dj 
(7, 31, 105), [1, 7, 31, 105, 279, 567, 729], 3.9.h_bf_eb 
(7, 32, 114), [1, 7, 32, 114, 288, 567, 729], 3.9.h_bg_ek 
(7, 34, 108), [1, 7, 34, 108, 306, 567, 729], 3.9.h_bi_ee 
(7, 34, 114), [1, 7, 34, 114, 306, 567, 729], 3.9.h_bi_ek 
(7, 35, 120), [1, 7, 35, 120, 315, 567, 729], 3.9.h_bj_eq 
(7, 37, 123), [1, 7, 37, 123, 333, 567, 729], 3.9.h_bl_et 
(8, 29, 81), [1, 8, 29, 81, 261, 648, 729], 3.9.i_bd_dd 
(8, 31, 93), [1, 8, 31, 93, 279, 648, 729], 3.9.i_bf_dp 
(8, 41, 147), [1, 8, 41, 147, 369, 648, 729], 3.9.i_bp_fr 
(8, 43, 150), [1, 8, 43, 150, 387, 648, 729], 3.9.i_br_fu 
(9, 41, 135), [1, 9, 41, 135, 369, 729, 729], 3.9.j_bp_ff 
(9, 43, 144), [1, 9, 43, 144, 387, 729, 729], 3.9.j_br_fo 
(9, 47, 171), [1, 9, 47, 171, 423, 729, 729], 3.9.j_bv_gp 
(10, 53, 186), [1, 10, 53, 186, 477, 810, 729], 3.9.k_cb_he 
(10, 55, 198), [1, 10, 55, 198, 495, 810, 729], 3.9.k_cd_hq 
