(-4, 11, -26), [1, -4, 11, -26, 44, -64, 64], 3.4.ae_l_aba, -131 
(-2, -3, 18), [1, -2, -3, 18, -12, -32, 64], 3.4.ac_ad_s, 13 
(-2, -1, 8), [1, -2, -1, 8, -4, -32, 64], 3.4.ac_ab_i, 11 
(-2, -1, 12), [1, -2, -1, 12, -4, -32, 64], 3.4.ac_ab_m, 15 
(-2, 1, -2), [1, -2, 1, -2, 4, -32, 64], 3.4.ac_b_ac, 1 
(-2, 1, 2), [1, -2, 1, 2, 4, -32, 64], 3.4.ac_b_c, 5 
(-2, 3, 0), [1, -2, 3, 0, 12, -32, 64], 3.4.ac_d_a, -5 
(-2, 5, -12), [1, -2, 5, -12, 20, -32, 64], 3.4.ac_f_am, -33 
(0, 1, -8), [1, 0, 1, -8, 4, 0, 64], 3.4.a_b_ai, -9 
(0, 1, 8), [1, 0, 1, 8, 4, 0, 64], 3.4.a_b_i, 7 
(0, 3, -4), [1, 0, 3, -4, 12, 0, 64], 3.4.a_d_ae, -13 
(0, 3, 4), [1, 0, 3, 4, 12, 0, 64], 3.4.a_d_e, -5 
(0, 5, -4), [1, 0, 5, -4, 20, 0, 64], 3.4.a_f_ae, -29 
(0, 5, 4), [1, 0, 5, 4, 20, 0, 64], 3.4.a_f_e, -21 
(2, -3, -18), [1, 2, -3, -18, -12, 32, 64], 3.4.c_ad_as, -23 
(2, -1, -12), [1, 2, -1, -12, -4, 32, 64], 3.4.c_ab_am, -9 
(2, -1, -8), [1, 2, -1, -8, -4, 32, 64], 3.4.c_ab_ai, -5 
(2, 1, -2), [1, 2, 1, -2, 4, 32, 64], 3.4.c_b_ac, 1 
(2, 1, 2), [1, 2, 1, 2, 4, 32, 64], 3.4.c_b_c, 5 
(2, 3, 0), [1, 2, 3, 0, 12, 32, 64], 3.4.c_d_a, -5 
(2, 5, 12), [1, 2, 5, 12, 20, 32, 64], 3.4.c_f_m, -9 
(4, 11, 26), [1, 4, 11, 26, 44, 64, 64], 3.4.e_l_ba, -79 
