(-4, -5, 13), [0, 3, 1], 3.4.aj_bl_ado 
(-4, -4, 9), [0, 0, 1], 3.4.ai_bd_acq 
(-4, -3, 5), [0, 1, 1], 3.4.ah_v_abs 
(-4, -3, 7), [0, 1, 3], 3.4.ah_x_aca 
(-4, -3, 9), [0, 1, 1], 3.4.ah_z_aci 
(-2, -5, 13), [2, 3, 1], 3.4.ah_bb_aco 
(-4, -2, 1), [0, 2, 1], 3.4.ag_n_au 
(-4, -2, 3), [0, 2, 3], 3.4.ag_p_abc 
(-4, -2, 7), [0, 2, 3], 3.4.ag_t_abs 
(-3, -3, 6), [1, 1, 2], 3.4.ag_t_abq 
(-2, -4, 9), [2, 0, 1], 3.4.ag_v_aby 
(-4, -1, -3), [0, 3, 1], 3.4.af_f_e 
(-4, -1, -1), [0, 3, 3], 3.4.af_h_ae 
(-4, -1, 1), [0, 3, 1], 3.4.af_j_am 
(-4, -1, 3), [0, 3, 3], 3.4.af_l_au 
(-4, -1, 5), [0, 3, 1], 3.4.af_n_abc 
(-4, -1, 7), [0, 3, 3], 3.4.af_p_abk 
(-2, -3, 5), [2, 1, 1], 3.4.af_p_abi 
(0, -5, 13), [0, 3, 1], 3.4.af_r_abo 
(-2, -3, 7), [2, 1, 3], 3.4.af_r_abm 
(-2, -3, 9), [2, 1, 1], 3.4.af_t_abq 
(-4, 0, -7), [0, 0, 1], 3.4.ae_ad_bc 
(-4, 0, -5), [0, 0, 3], 3.4.ae_ab_u 
(-4, 0, -3), [0, 0, 1], 3.4.ae_b_m 
(-4, 0, 1), [0, 0, 1], 3.4.ae_f_ae 
(-3, -1, -2), [1, 3, 2], 3.4.ae_f_ac 
(-4, 0, 3), [0, 0, 3], 3.4.ae_h_am 
(-3, -1, 0), [1, 3, 0], 3.4.ae_h_ai 
(-4, 0, 5), [0, 0, 1], 3.4.ae_j_au 
(-3, -1, 4), [1, 3, 0], 3.4.ae_l_au 
(0, -4, 9), [0, 0, 1], 3.4.ae_n_abg 
(-2, -2, 7), [2, 2, 3], 3.4.ae_p_abe 
(-4, 1, -3), [0, 1, 1], 3.4.ad_ad_u 
(-4, 1, -1), [0, 1, 3], 3.4.ad_ab_m 
(-4, 1, 1), [0, 1, 1], 3.4.ad_b_e 
(-4, 1, 3), [0, 1, 3], 3.4.ad_d_ae 
(-2, -1, -3), [2, 3, 1], 3.4.ad_d_ac 
(-4, 1, 5), [0, 1, 1], 3.4.ad_f_am 
(-2, -1, -1), [2, 3, 3], 3.4.ad_f_ag 
(-4, 1, 7), [0, 1, 3], 3.4.ad_h_au 
(2, -5, 13), [2, 3, 1], 3.4.ad_h_ao 
(-2, -1, 1), [2, 3, 1], 3.4.ad_h_ak 
(0, -3, 5), [0, 1, 1], 3.4.ad_j_ay 
(-2, -1, 3), [2, 3, 3], 3.4.ad_j_ao 
(0, -3, 7), [0, 1, 3], 3.4.ad_l_ay 
(-2, -1, 5), [2, 3, 1], 3.4.ad_l_as 
(0, -3, 9), [0, 1, 1], 3.4.ad_n_ay 
(-2, -1, 7), [2, 3, 3], 3.4.ad_n_aw 
(-4, 2, 1), [0, 2, 1], 3.4.ac_ad_m 
(-2, 0, -7), [2, 0, 1], 3.4.ac_ad_o 
(-4, 2, 3), [0, 2, 3], 3.4.ac_ab_e 
(-3, 1, -2), [1, 1, 2], 3.4.ac_ab_o 
(-4, 2, 7), [0, 2, 3], 3.4.ac_d_am 
(-2, 0, 1), [2, 0, 1], 3.4.ac_f_ac 
(1, -3, 6), [1, 1, 2], 3.4.ac_h_as 
(0, -2, 3), [0, 2, 3], 3.4.ac_h_aq 
(-2, 0, 3), [2, 0, 3], 3.4.ac_h_ag 
(-1, -1, 4), [3, 3, 0], 3.4.ac_j_am 
(-2, 0, 5), [2, 0, 1], 3.4.ac_j_ak 
(0, -2, 7), [0, 2, 3], 3.4.ac_l_aq 
(-4, 3, 5), [0, 3, 1], 3.4.ab_ad_e 
(4, -5, 13), [0, 3, 1], 3.4.ab_ad_m 
(-4, 3, 7), [0, 3, 3], 3.4.ab_ab_ae 
(-2, 1, -3), [2, 1, 1], 3.4.ab_ab_o 
(-4, 3, 9), [0, 3, 1], 3.4.ab_b_am 
(0, -1, -3), [0, 3, 1], 3.4.ab_b_ai 
(-2, 1, -1), [2, 1, 3], 3.4.ab_b_k 
(2, -3, 5), [2, 1, 1], 3.4.ab_d_ao 
(0, -1, -1), [0, 3, 3], 3.4.ab_d_ai 
(-2, 1, 1), [2, 1, 1], 3.4.ab_d_g 
(2, -3, 7), [2, 1, 3], 3.4.ab_f_ak 
(0, -1, 1), [0, 3, 1], 3.4.ab_f_ai 
(-2, 1, 3), [2, 1, 3], 3.4.ab_f_c 
(0, -1, 3), [0, 3, 3], 3.4.ab_h_ai 
(2, -3, 9), [2, 1, 1], 3.4.ab_h_ag 
(-2, 1, 5), [2, 1, 1], 3.4.ab_h_ac 
(0, -1, 5), [0, 3, 1], 3.4.ab_j_ai 
(-2, 1, 7), [2, 1, 3], 3.4.ab_j_ag 
(0, -1, 7), [0, 3, 3], 3.4.ab_l_ai 
(-4, 4, 9), [0, 0, 1], 3.4.a_ad_ae 
(4, -4, 9), [0, 0, 1], 3.4.a_ad_e 
(2, -2, 1), [2, 2, 1], 3.4.a_b_ao 
(-2, 2, 1), [2, 2, 1], 3.4.a_b_o 
(2, -2, 3), [2, 2, 3], 3.4.a_d_ak 
(-2, 2, 3), [2, 2, 3], 3.4.a_d_k 
(0, 0, 1), [0, 0, 1], 3.4.a_f_a 
(1, -1, 4), [1, 3, 0], 3.4.a_h_ae 
(2, -2, 7), [2, 2, 3], 3.4.a_h_ac 
(-2, 2, 7), [2, 2, 3], 3.4.a_h_c 
(-1, 1, 4), [3, 1, 0], 3.4.a_h_e 
(0, 0, 5), [0, 0, 1], 3.4.a_j_a 
(-4, 5, 13), [0, 1, 1], 3.4.b_ad_am 
(4, -3, 5), [0, 1, 1], 3.4.b_ad_ae 
(2, -1, -3), [2, 3, 1], 3.4.b_ab_ao 
(4, -3, 7), [0, 1, 3], 3.4.b_ab_e 
(2, -1, -1), [2, 3, 3], 3.4.b_b_ak 
(0, 1, -3), [0, 1, 1], 3.4.b_b_i 
(4, -3, 9), [0, 1, 1], 3.4.b_b_m 
(2, -1, 1), [2, 3, 1], 3.4.b_d_ag 
(0, 1, -1), [0, 1, 3], 3.4.b_d_i 
(-2, 3, 5), [2, 3, 1], 3.4.b_d_o 
(2, -1, 3), [2, 3, 3], 3.4.b_f_ac 
(0, 1, 1), [0, 1, 1], 3.4.b_f_i 
(-2, 3, 7), [2, 3, 3], 3.4.b_f_k 
(2, -1, 5), [2, 3, 1], 3.4.b_h_c 
(-2, 3, 9), [2, 3, 1], 3.4.b_h_g 
(0, 1, 3), [0, 1, 3], 3.4.b_h_i 
(2, -1, 7), [2, 3, 3], 3.4.b_j_g 
(0, 1, 5), [0, 1, 1], 3.4.b_j_i 
(0, 1, 7), [0, 1, 3], 3.4.b_l_i 
(2, 0, -7), [2, 0, 1], 3.4.c_ad_ao 
(4, -2, 1), [0, 2, 1], 3.4.c_ad_am 
(3, -1, -2), [3, 3, 2], 3.4.c_ab_ao 
(4, -2, 3), [0, 2, 3], 3.4.c_ab_ae 
(4, -2, 7), [0, 2, 3], 3.4.c_d_m 
(2, 0, 1), [2, 0, 1], 3.4.c_f_c 
(2, 0, 3), [2, 0, 3], 3.4.c_h_g 
(0, 2, 3), [0, 2, 3], 3.4.c_h_q 
(-1, 3, 6), [3, 3, 2], 3.4.c_h_s 
(2, 0, 5), [2, 0, 1], 3.4.c_j_k 
(1, 1, 4), [1, 1, 0], 3.4.c_j_m 
(0, 2, 7), [0, 2, 3], 3.4.c_l_q 
(4, -1, -3), [0, 3, 1], 3.4.d_ad_au 
(4, -1, -1), [0, 3, 3], 3.4.d_ab_am 
(4, -1, 1), [0, 3, 1], 3.4.d_b_ae 
(2, 1, -3), [2, 1, 1], 3.4.d_d_c 
(4, -1, 3), [0, 3, 3], 3.4.d_d_e 
(2, 1, -1), [2, 1, 3], 3.4.d_f_g 
(4, -1, 5), [0, 3, 1], 3.4.d_f_m 
(2, 1, 1), [2, 1, 1], 3.4.d_h_k 
(-2, 5, 13), [2, 1, 1], 3.4.d_h_o 
(4, -1, 7), [0, 3, 3], 3.4.d_h_u 
(2, 1, 3), [2, 1, 3], 3.4.d_j_o 
(0, 3, 5), [0, 3, 1], 3.4.d_j_y 
(2, 1, 5), [2, 1, 1], 3.4.d_l_s 
(0, 3, 7), [0, 3, 3], 3.4.d_l_y 
(2, 1, 7), [2, 1, 3], 3.4.d_n_w 
(0, 3, 9), [0, 3, 1], 3.4.d_n_y 
(4, 0, -7), [0, 0, 1], 3.4.e_ad_abc 
(4, 0, -5), [0, 0, 3], 3.4.e_ab_au 
(4, 0, -3), [0, 0, 1], 3.4.e_b_am 
(3, 1, -2), [3, 1, 2], 3.4.e_f_c 
(4, 0, 1), [0, 0, 1], 3.4.e_f_e 
(3, 1, 0), [3, 1, 0], 3.4.e_h_i 
(4, 0, 3), [0, 0, 3], 3.4.e_h_m 
(4, 0, 5), [0, 0, 1], 3.4.e_j_u 
(3, 1, 4), [3, 1, 0], 3.4.e_l_u 
(0, 4, 9), [0, 0, 1], 3.4.e_n_bg 
(2, 2, 7), [2, 2, 3], 3.4.e_p_be 
(4, 1, -3), [0, 1, 1], 3.4.f_f_ae 
(4, 1, -1), [0, 1, 3], 3.4.f_h_e 
(4, 1, 1), [0, 1, 1], 3.4.f_j_m 
(4, 1, 3), [0, 1, 3], 3.4.f_l_u 
(4, 1, 5), [0, 1, 1], 3.4.f_n_bc 
(2, 3, 5), [2, 3, 1], 3.4.f_p_bi 
(4, 1, 7), [0, 1, 3], 3.4.f_p_bk 
(2, 3, 7), [2, 3, 3], 3.4.f_r_bm 
(0, 5, 13), [0, 1, 1], 3.4.f_r_bo 
(2, 3, 9), [2, 3, 1], 3.4.f_t_bq 
(4, 2, 1), [0, 2, 1], 3.4.g_n_u 
(4, 2, 3), [0, 2, 3], 3.4.g_p_bc 
(3, 3, 6), [3, 3, 2], 3.4.g_t_bq 
(4, 2, 7), [0, 2, 3], 3.4.g_t_bs 
(2, 4, 9), [2, 0, 1], 3.4.g_v_by 
(4, 3, 5), [0, 3, 1], 3.4.h_v_bs 
(4, 3, 7), [0, 3, 3], 3.4.h_x_ca 
(4, 3, 9), [0, 3, 1], 3.4.h_z_ci 
(2, 5, 13), [2, 1, 1], 3.4.h_bb_co 
(4, 4, 9), [0, 0, 1], 3.4.i_bd_cq 
(4, 5, 13), [0, 1, 1], 3.4.j_bl_do 
