(-8, -13, 73), [0, 3, 1], 3.16.av_hl_abmm 
(-8, -12, 65), [0, 0, 1], 3.16.au_gv_abiu 
(-8, -11, 57), [0, 1, 1], 3.16.at_gf_abfc 
(-8, -11, 59), [0, 1, 3], 3.16.at_gh_abfs 
(-8, -11, 61), [0, 1, 1], 3.16.at_gj_abgi 
(-8, -10, 49), [0, 2, 1], 3.16.as_fp_abbk 
(-8, -10, 51), [0, 2, 3], 3.16.as_fr_abca 
(-8, -10, 55), [0, 2, 3], 3.16.as_fv_abdg 
(-8, -9, 41), [0, 3, 1], 3.16.ar_ez_axs 
(-8, -9, 43), [0, 3, 3], 3.16.ar_fb_ayi 
(-8, -9, 45), [0, 3, 1], 3.16.ar_fd_ayy 
(-8, -9, 47), [0, 3, 3], 3.16.ar_ff_azo 
(-8, -9, 49), [0, 3, 1], 3.16.ar_fh_abae 
(-8, -9, 51), [0, 3, 3], 3.16.ar_fj_abau 
(-4, -13, 73), [0, 3, 1], 3.16.ar_fl_abbg 
(-8, -8, 33), [0, 0, 1], 3.16.aq_ej_aua 
(-8, -8, 35), [0, 0, 3], 3.16.aq_el_auq 
(-8, -8, 37), [0, 0, 1], 3.16.aq_en_avg 
(-8, -8, 41), [0, 0, 1], 3.16.aq_er_awm 
(-8, -8, 43), [0, 0, 3], 3.16.aq_et_axc 
(-7, -9, 44), [1, 3, 0], 3.16.aq_et_awy 
(-8, -8, 45), [0, 0, 1], 3.16.aq_ev_axs 
(-7, -9, 48), [1, 3, 0], 3.16.aq_ex_aya 
(-4, -12, 65), [0, 0, 1], 3.16.aq_ez_ayu 
(-8, -7, 25), [0, 1, 1], 3.16.ap_dt_aqi 
(-8, -7, 27), [0, 1, 3], 3.16.ap_dv_aqy 
(-8, -7, 29), [0, 1, 1], 3.16.ap_dx_aro 
(-8, -7, 31), [0, 1, 3], 3.16.ap_dz_ase 
(-8, -7, 33), [0, 1, 1], 3.16.ap_eb_asu 
(-8, -7, 35), [0, 1, 3], 3.16.ap_ed_atk 
(-8, -7, 37), [0, 1, 1], 3.16.ap_ef_aua 
(-8, -7, 39), [0, 1, 3], 3.16.ap_eh_auq 
(-8, -7, 41), [0, 1, 1], 3.16.ap_ej_avg 
(-8, -7, 43), [0, 1, 3], 3.16.ap_el_avw 
(-4, -11, 57), [0, 1, 1], 3.16.ap_en_awi 
(-4, -11, 59), [0, 1, 3], 3.16.ap_ep_awq 
(-4, -11, 61), [0, 1, 1], 3.16.ap_er_awy 
(-8, -6, 17), [0, 2, 1], 3.16.ao_dd_amq 
(-8, -6, 19), [0, 2, 3], 3.16.ao_df_ang 
(-8, -6, 21), [0, 2, 1], 3.16.ao_dh_anw 
(-8, -6, 23), [0, 2, 3], 3.16.ao_dj_aom 
(-8, -6, 27), [0, 2, 3], 3.16.ao_dn_aps 
(-8, -6, 29), [0, 2, 1], 3.16.ao_dp_aqi 
(-7, -7, 28), [1, 1, 0], 3.16.ao_dp_aqe 
(-8, -6, 31), [0, 2, 3], 3.16.ao_dr_aqy 
(-8, -6, 33), [0, 2, 1], 3.16.ao_dt_aro 
(-8, -6, 35), [0, 2, 3], 3.16.ao_dv_ase 
(-7, -7, 36), [1, 1, 0], 3.16.ao_dx_asi 
(-8, -6, 39), [0, 2, 3], 3.16.ao_dz_atk 
(-4, -10, 49), [0, 2, 1], 3.16.ao_eb_atw 
(-7, -7, 40), [1, 1, 0], 3.16.ao_eb_atk 
(-4, -10, 51), [0, 2, 3], 3.16.ao_ed_aue 
(-5, -9, 48), [3, 3, 0], 3.16.ao_ef_aui 
(-4, -10, 55), [0, 2, 3], 3.16.ao_eh_auu 
(-8, -5, 9), [0, 3, 1], 3.16.an_cn_aiy 
(-8, -5, 11), [0, 3, 3], 3.16.an_cp_ajo 
(-8, -5, 13), [0, 3, 1], 3.16.an_cr_ake 
(-8, -5, 15), [0, 3, 3], 3.16.an_ct_aku 
(-8, -5, 17), [0, 3, 1], 3.16.an_cv_alk 
(-8, -5, 19), [0, 3, 3], 3.16.an_cx_ama 
(-8, -5, 21), [0, 3, 1], 3.16.an_cz_amq 
(-8, -5, 23), [0, 3, 3], 3.16.an_db_ang 
(-8, -5, 25), [0, 3, 1], 3.16.an_dd_anw 
(-8, -5, 27), [0, 3, 3], 3.16.an_df_aom 
(-8, -5, 29), [0, 3, 1], 3.16.an_dh_apc 
(-8, -5, 31), [0, 3, 3], 3.16.an_dj_aps 
(-8, -5, 33), [0, 3, 1], 3.16.an_dl_aqi 
(0, -13, 73), [0, 3, 1], 3.16.an_dl_aqa 
(-8, -5, 35), [0, 3, 3], 3.16.an_dn_aqy 
(-8, -5, 37), [0, 3, 1], 3.16.an_dp_aro 
(-4, -9, 41), [0, 3, 1], 3.16.an_dp_ark 
(-4, -9, 43), [0, 3, 3], 3.16.an_dr_ars 
(-4, -9, 45), [0, 3, 1], 3.16.an_dt_asa 
(-4, -9, 47), [0, 3, 3], 3.16.an_dv_asi 
(-4, -9, 49), [0, 3, 1], 3.16.an_dx_asq 
(-4, -9, 51), [0, 3, 3], 3.16.an_dz_asy 
(-8, -4, 1), [0, 0, 1], 3.16.am_bx_afg 
(-8, -4, 3), [0, 0, 3], 3.16.am_bz_afw 
(-8, -4, 5), [0, 0, 1], 3.16.am_cb_agm 
(-8, -4, 7), [0, 0, 3], 3.16.am_cd_ahc 
(-8, -4, 9), [0, 0, 1], 3.16.am_cf_ahs 
(-8, -4, 13), [0, 0, 1], 3.16.am_cj_aiy 
(-8, -4, 15), [0, 0, 3], 3.16.am_cl_ajo 
(-8, -4, 17), [0, 0, 1], 3.16.am_cn_ake 
(-8, -4, 19), [0, 0, 3], 3.16.am_cp_aku 
(-7, -5, 16), [1, 3, 0], 3.16.am_cp_akm 
(-8, -4, 21), [0, 0, 1], 3.16.am_cr_alk 
(-8, -4, 23), [0, 0, 3], 3.16.am_ct_ama 
(-7, -5, 20), [1, 3, 0], 3.16.am_ct_alo 
(-8, -4, 25), [0, 0, 1], 3.16.am_cv_amq 
(-8, -4, 29), [0, 0, 1], 3.16.am_cz_anw 
(-8, -4, 31), [0, 0, 3], 3.16.am_db_aom 
(-8, -4, 33), [0, 0, 1], 3.16.am_dd_apc 
(0, -12, 65), [0, 0, 1], 3.16.am_dd_aou 
(-4, -8, 37), [0, 0, 1], 3.16.am_dh_apo 
(-3, -9, 44), [1, 3, 0], 3.16.am_dj_aqe 
(-3, -9, 48), [1, 3, 0], 3.16.am_dn_aqq 
(-4, -8, 43), [0, 0, 3], 3.16.am_dn_aqm 
(-5, -7, 40), [3, 1, 0], 3.16.am_dn_aqi 
(-4, -8, 45), [0, 0, 1], 3.16.am_dp_aqu 
(-8, -3, -7), [0, 1, 1], 3.16.al_bh_abo 
(-8, -3, -5), [0, 1, 3], 3.16.al_bj_ace 
(-8, -3, -3), [0, 1, 1], 3.16.al_bl_acu 
(-8, -3, -1), [0, 1, 3], 3.16.al_bn_adk 
(-8, -3, 1), [0, 1, 1], 3.16.al_bp_aea 
(-8, -3, 3), [0, 1, 3], 3.16.al_br_aeq 
(-8, -3, 5), [0, 1, 1], 3.16.al_bt_afg 
(-8, -3, 7), [0, 1, 3], 3.16.al_bv_afw 
(-8, -3, 9), [0, 1, 1], 3.16.al_bx_agm 
(-8, -3, 11), [0, 1, 3], 3.16.al_bz_ahc 
(-8, -3, 13), [0, 1, 1], 3.16.al_cb_ahs 
(-8, -3, 15), [0, 1, 3], 3.16.al_cd_aii 
(-8, -3, 17), [0, 1, 1], 3.16.al_cf_aiy 
(-8, -3, 19), [0, 1, 3], 3.16.al_ch_ajo 
(-8, -3, 21), [0, 1, 1], 3.16.al_cj_ake 
(-8, -3, 23), [0, 1, 3], 3.16.al_cl_aku 
(-8, -3, 25), [0, 1, 1], 3.16.al_cn_alk 
(-8, -3, 27), [0, 1, 3], 3.16.al_cp_ama 
(-8, -3, 29), [0, 1, 1], 3.16.al_cr_amq 
(-4, -7, 25), [0, 1, 1], 3.16.al_cr_amm 
(-8, -3, 31), [0, 1, 3], 3.16.al_ct_ang 
(-4, -7, 27), [0, 1, 3], 3.16.al_ct_amu 
(-8, -3, 33), [0, 1, 1], 3.16.al_cv_anw 
(0, -11, 57), [0, 1, 1], 3.16.al_cv_ano 
(-4, -7, 29), [0, 1, 1], 3.16.al_cv_anc 
(0, -11, 59), [0, 1, 3], 3.16.al_cx_ano 
(-4, -7, 31), [0, 1, 3], 3.16.al_cx_ank 
(-4, -7, 33), [0, 1, 1], 3.16.al_cz_ans 
(0, -11, 61), [0, 1, 1], 3.16.al_cz_ano 
(-4, -7, 35), [0, 1, 3], 3.16.al_db_aoa 
(-4, -7, 37), [0, 1, 1], 3.16.al_dd_aoi 
(-4, -7, 39), [0, 1, 3], 3.16.al_df_aoq 
(-4, -7, 41), [0, 1, 1], 3.16.al_dh_aoy 
(-4, -7, 43), [0, 1, 3], 3.16.al_dj_apg 
(-8, -2, -15), [0, 2, 1], 3.16.ak_r_ce 
(-8, -2, -13), [0, 2, 3], 3.16.ak_t_bo 
(-8, -2, -11), [0, 2, 1], 3.16.ak_v_y 
(-8, -2, -9), [0, 2, 3], 3.16.ak_x_i 
(-8, -2, -7), [0, 2, 1], 3.16.ak_z_ai 
(-8, -2, -5), [0, 2, 3], 3.16.ak_bb_ay 
(-8, -2, -1), [0, 2, 3], 3.16.ak_bf_ace 
(-8, -2, 1), [0, 2, 1], 3.16.ak_bh_acu 
(-8, -2, 3), [0, 2, 3], 3.16.ak_bj_adk 
(-8, -2, 5), [0, 2, 1], 3.16.ak_bl_aea 
(-7, -3, 0), [1, 1, 0], 3.16.ak_bl_ads 
(-8, -2, 7), [0, 2, 3], 3.16.ak_bn_aeq 
(-8, -2, 11), [0, 2, 3], 3.16.ak_br_afw 
(-8, -2, 13), [0, 2, 1], 3.16.ak_bt_agm 
(-8, -2, 15), [0, 2, 3], 3.16.ak_bv_ahc 
(-8, -2, 19), [0, 2, 3], 3.16.ak_bz_aii 
(-8, -2, 21), [0, 2, 1], 3.16.ak_cb_aiy 
(-8, -2, 23), [0, 2, 3], 3.16.ak_cd_ajo 
(-8, -2, 25), [0, 2, 1], 3.16.ak_cf_ake 
(-8, -2, 27), [0, 2, 3], 3.16.ak_ch_aku 
(-8, -2, 31), [0, 2, 3], 3.16.ak_cl_ama 
(-4, -6, 29), [0, 2, 1], 3.16.ak_cr_alw 
(-1, -9, 48), [3, 3, 0], 3.16.ak_cv_amy 
(-3, -7, 40), [1, 1, 0], 3.16.ak_cz_ang 
(-4, -6, 39), [0, 2, 3], 3.16.ak_db_ank 
(-8, -1, -23), [0, 3, 1], 3.16.aj_b_fw 
(-8, -1, -21), [0, 3, 3], 3.16.aj_d_fg 
(-8, -1, -19), [0, 3, 1], 3.16.aj_f_eq 
(-8, -1, -17), [0, 3, 3], 3.16.aj_h_ea 
(-8, -1, -15), [0, 3, 1], 3.16.aj_j_dk 
(-8, -1, -13), [0, 3, 3], 3.16.aj_l_cu 
(-8, -1, -11), [0, 3, 1], 3.16.aj_n_ce 
(-8, -1, -9), [0, 3, 3], 3.16.aj_p_bo 
(-8, -1, -7), [0, 3, 1], 3.16.aj_r_y 
(-8, -1, -5), [0, 3, 3], 3.16.aj_t_i 
(-8, -1, -3), [0, 3, 1], 3.16.aj_v_ai 
(-8, -1, -1), [0, 3, 3], 3.16.aj_x_ay 
(-8, -1, 1), [0, 3, 1], 3.16.aj_z_abo 
(-8, -1, 3), [0, 3, 3], 3.16.aj_bb_ace 
(-8, -1, 5), [0, 3, 1], 3.16.aj_bd_acu 
(-8, -1, 7), [0, 3, 3], 3.16.aj_bf_adk 
(-8, -1, 9), [0, 3, 1], 3.16.aj_bh_aea 
(-8, -1, 11), [0, 3, 3], 3.16.aj_bj_aeq 
(-8, -1, 13), [0, 3, 1], 3.16.aj_bl_afg 
(4, -13, 73), [0, 3, 1], 3.16.aj_bl_aeu 
(-8, -1, 15), [0, 3, 3], 3.16.aj_bn_afw 
(-8, -1, 17), [0, 3, 1], 3.16.aj_bp_agm 
(-8, -1, 19), [0, 3, 3], 3.16.aj_br_ahc 
(-8, -1, 21), [0, 3, 1], 3.16.aj_bt_ahs 
(-4, -5, 9), [0, 3, 1], 3.16.aj_bt_aho 
(-8, -1, 23), [0, 3, 3], 3.16.aj_bv_aii 
(-4, -5, 11), [0, 3, 3], 3.16.aj_bv_ahw 
(-8, -1, 25), [0, 3, 1], 3.16.aj_bx_aiy 
(-4, -5, 13), [0, 3, 1], 3.16.aj_bx_aie 
(-8, -1, 27), [0, 3, 3], 3.16.aj_bz_ajo 
(-4, -5, 15), [0, 3, 3], 3.16.aj_bz_aim 
(-8, -1, 29), [0, 3, 1], 3.16.aj_cb_ake 
(-4, -5, 17), [0, 3, 1], 3.16.aj_cb_aiu 
(-8, -1, 31), [0, 3, 3], 3.16.aj_cd_aku 
(-4, -5, 19), [0, 3, 3], 3.16.aj_cd_ajc 
(0, -9, 41), [0, 3, 1], 3.16.aj_cf_alc 
(-4, -5, 21), [0, 3, 1], 3.16.aj_cf_ajk 
(0, -9, 43), [0, 3, 3], 3.16.aj_ch_alc 
(-4, -5, 23), [0, 3, 3], 3.16.aj_ch_ajs 
(0, -9, 45), [0, 3, 1], 3.16.aj_cj_alc 
(-4, -5, 25), [0, 3, 1], 3.16.aj_cj_aka 
(0, -9, 47), [0, 3, 3], 3.16.aj_cl_alc 
(-4, -5, 27), [0, 3, 3], 3.16.aj_cl_aki 
(0, -9, 49), [0, 3, 1], 3.16.aj_cn_alc 
(-4, -5, 29), [0, 3, 1], 3.16.aj_cn_akq 
(0, -9, 51), [0, 3, 3], 3.16.aj_cp_alc 
(-4, -5, 31), [0, 3, 3], 3.16.aj_cp_aky 
(-4, -5, 33), [0, 3, 1], 3.16.aj_cr_alg 
(-4, -5, 35), [0, 3, 3], 3.16.aj_ct_alo 
(-4, -5, 37), [0, 3, 1], 3.16.aj_cv_alw 
(-8, 0, -31), [0, 0, 1], 3.16.ai_ap_jo 
(-8, 0, -29), [0, 0, 3], 3.16.ai_an_iy 
(-8, 0, -27), [0, 0, 1], 3.16.ai_al_ii 
(-8, 0, -25), [0, 0, 3], 3.16.ai_aj_hs 
(-8, 0, -23), [0, 0, 1], 3.16.ai_ah_hc 
(-8, 0, -21), [0, 0, 3], 3.16.ai_af_gm 
(-8, 0, -19), [0, 0, 1], 3.16.ai_ad_fw 
(-8, 0, -15), [0, 0, 1], 3.16.ai_b_eq 
(-8, 0, -13), [0, 0, 3], 3.16.ai_d_ea 
(-8, 0, -11), [0, 0, 1], 3.16.ai_f_dk 
(-8, 0, -9), [0, 0, 3], 3.16.ai_h_cu 
(-8, 0, -5), [0, 0, 3], 3.16.ai_l_bo 
(-7, -1, -12), [1, 3, 0], 3.16.ai_l_ca 
(-8, 0, -3), [0, 0, 1], 3.16.ai_n_y 
(-8, 0, -1), [0, 0, 3], 3.16.ai_p_i 
(-7, -1, -8), [1, 3, 0], 3.16.ai_p_y 
(-8, 0, 1), [0, 0, 1], 3.16.ai_r_ai 
(-8, 0, 3), [0, 0, 3], 3.16.ai_t_ay 
(-7, -1, -4), [1, 3, 0], 3.16.ai_t_ae 
(-8, 0, 5), [0, 0, 1], 3.16.ai_v_abo 
(-8, 0, 9), [0, 0, 1], 3.16.ai_z_acu 
(-8, 0, 11), [0, 0, 3], 3.16.ai_bb_adk 
(-8, 0, 13), [0, 0, 1], 3.16.ai_bd_aea 
(-8, 0, 15), [0, 0, 3], 3.16.ai_bf_aeq 
(-8, 0, 19), [0, 0, 3], 3.16.ai_bj_afw 
(-8, 0, 21), [0, 0, 1], 3.16.ai_bl_agm 
(-8, 0, 25), [0, 0, 1], 3.16.ai_bp_ahs 
(-8, 0, 27), [0, 0, 3], 3.16.ai_br_aii 
(-8, 0, 29), [0, 0, 1], 3.16.ai_bt_aiy 
(0, -8, 33), [0, 0, 1], 3.16.ai_bx_ajw 
(0, -8, 35), [0, 0, 3], 3.16.ai_bz_ajw 
(-5, -3, 20), [3, 1, 0], 3.16.ai_bz_aho 
(0, -8, 37), [0, 0, 1], 3.16.ai_cb_ajw 
(-4, -4, 21), [0, 0, 1], 3.16.ai_cb_aie 
(-4, -4, 23), [0, 0, 3], 3.16.ai_cd_aim 
(-5, -3, 24), [3, 1, 0], 3.16.ai_cd_aii 
(-1, -7, 36), [3, 1, 0], 3.16.ai_ch_aka 
(-4, -4, 29), [0, 0, 1], 3.16.ai_cj_ajk 
(-1, -7, 40), [3, 1, 0], 3.16.ai_cl_ake 
(-4, -4, 31), [0, 0, 3], 3.16.ai_cl_ajs 
(-4, -4, 33), [0, 0, 1], 3.16.ai_cn_aka 
(-8, 1, -23), [0, 1, 1], 3.16.ah_ap_ii 
(-8, 1, -21), [0, 1, 3], 3.16.ah_an_hs 
(-8, 1, -19), [0, 1, 1], 3.16.ah_al_hc 
(-8, 1, -17), [0, 1, 3], 3.16.ah_aj_gm 
(-8, 1, -15), [0, 1, 1], 3.16.ah_ah_fw 
(-8, 1, -13), [0, 1, 3], 3.16.ah_af_fg 
(-8, 1, -11), [0, 1, 1], 3.16.ah_ad_eq 
(-8, 1, -9), [0, 1, 3], 3.16.ah_ab_ea 
(-8, 1, -7), [0, 1, 1], 3.16.ah_b_dk 
(-8, 1, -5), [0, 1, 3], 3.16.ah_d_cu 
(-8, 1, -3), [0, 1, 1], 3.16.ah_f_ce 
(-8, 1, -1), [0, 1, 3], 3.16.ah_h_bo 
(-8, 1, 1), [0, 1, 1], 3.16.ah_j_y 
(-8, 1, 3), [0, 1, 3], 3.16.ah_l_i 
(-8, 1, 5), [0, 1, 1], 3.16.ah_n_ai 
(-8, 1, 7), [0, 1, 3], 3.16.ah_p_ay 
(-8, 1, 9), [0, 1, 1], 3.16.ah_r_abo 
(-8, 1, 11), [0, 1, 3], 3.16.ah_t_ace 
(-8, 1, 13), [0, 1, 1], 3.16.ah_v_acu 
(-4, -3, -7), [0, 1, 1], 3.16.ah_v_acq 
(-8, 1, 15), [0, 1, 3], 3.16.ah_x_adk 
(-4, -3, -5), [0, 1, 3], 3.16.ah_x_acy 
(-8, 1, 17), [0, 1, 1], 3.16.ah_z_aea 
(-4, -3, -3), [0, 1, 1], 3.16.ah_z_adg 
(-8, 1, 19), [0, 1, 3], 3.16.ah_bb_aeq 
(-4, -3, -1), [0, 1, 3], 3.16.ah_bb_ado 
(-8, 1, 21), [0, 1, 1], 3.16.ah_bd_afg 
(4, -11, 57), [0, 1, 1], 3.16.ah_bd_aeu 
(-4, -3, 1), [0, 1, 1], 3.16.ah_bd_adw 
(-8, 1, 23), [0, 1, 3], 3.16.ah_bf_afw 
(4, -11, 59), [0, 1, 3], 3.16.ah_bf_aem 
(-4, -3, 3), [0, 1, 3], 3.16.ah_bf_aee 
(-8, 1, 25), [0, 1, 1], 3.16.ah_bh_agm 
(-4, -3, 5), [0, 1, 1], 3.16.ah_bh_aem 
(4, -11, 61), [0, 1, 1], 3.16.ah_bh_aee 
(-8, 1, 27), [0, 1, 3], 3.16.ah_bj_ahc 
(-4, -3, 7), [0, 1, 3], 3.16.ah_bj_aeu 
(-8, 1, 29), [0, 1, 1], 3.16.ah_bl_ahs 
(-4, -3, 9), [0, 1, 1], 3.16.ah_bl_afc 
(-8, 1, 31), [0, 1, 3], 3.16.ah_bn_aii 
(-4, -3, 11), [0, 1, 3], 3.16.ah_bn_afk 
(0, -7, 25), [0, 1, 1], 3.16.ah_bp_aiq 
(-4, -3, 13), [0, 1, 1], 3.16.ah_bp_afs 
(0, -7, 27), [0, 1, 3], 3.16.ah_br_aiq 
(-4, -3, 15), [0, 1, 3], 3.16.ah_br_aga 
(0, -7, 29), [0, 1, 1], 3.16.ah_bt_aiq 
(-4, -3, 17), [0, 1, 1], 3.16.ah_bt_agi 
(0, -7, 31), [0, 1, 3], 3.16.ah_bv_aiq 
(-4, -3, 19), [0, 1, 3], 3.16.ah_bv_agq 
(0, -7, 33), [0, 1, 1], 3.16.ah_bx_aiq 
(-4, -3, 21), [0, 1, 1], 3.16.ah_bx_agy 
(0, -7, 35), [0, 1, 3], 3.16.ah_bz_aiq 
(-4, -3, 23), [0, 1, 3], 3.16.ah_bz_ahg 
(0, -7, 37), [0, 1, 1], 3.16.ah_cb_aiq 
(-4, -3, 25), [0, 1, 1], 3.16.ah_cb_aho 
(0, -7, 39), [0, 1, 3], 3.16.ah_cd_aiq 
(-4, -3, 27), [0, 1, 3], 3.16.ah_cd_ahw 
(0, -7, 41), [0, 1, 1], 3.16.ah_cf_aiq 
(-4, -3, 29), [0, 1, 1], 3.16.ah_cf_aie 
(0, -7, 43), [0, 1, 3], 3.16.ah_ch_aiq 
(-4, -3, 31), [0, 1, 3], 3.16.ah_ch_aim 
(-4, -3, 33), [0, 1, 1], 3.16.ah_cj_aiu 
(-8, 2, -15), [0, 2, 1], 3.16.ag_ap_hc 
(-8, 2, -13), [0, 2, 3], 3.16.ag_an_gm 
(-8, 2, -11), [0, 2, 1], 3.16.ag_al_fw 
(-7, 1, -20), [1, 1, 0], 3.16.ag_al_gq 
(-8, 2, -9), [0, 2, 3], 3.16.ag_aj_fg 
(-8, 2, -7), [0, 2, 1], 3.16.ag_ah_eq 
(-7, 1, -16), [1, 1, 0], 3.16.ag_ah_fo 
(-8, 2, -5), [0, 2, 3], 3.16.ag_af_ea 
(-8, 2, -1), [0, 2, 3], 3.16.ag_ab_cu 
(-7, 1, -8), [1, 1, 0], 3.16.ag_b_dk 
(-8, 2, 3), [0, 2, 3], 3.16.ag_d_bo 
(-8, 2, 5), [0, 2, 1], 3.16.ag_f_y 
(-8, 2, 7), [0, 2, 3], 3.16.ag_h_i 
(-8, 2, 9), [0, 2, 1], 3.16.ag_j_ai 
(-8, 2, 11), [0, 2, 3], 3.16.ag_l_ay 
(-8, 2, 13), [0, 2, 1], 3.16.ag_n_abo 
(-8, 2, 15), [0, 2, 3], 3.16.ag_p_ace 
(-8, 2, 19), [0, 2, 3], 3.16.ag_t_adk 
(-8, 2, 21), [0, 2, 1], 3.16.ag_v_aea 
(-8, 2, 23), [0, 2, 3], 3.16.ag_x_aeq 
(-8, 2, 25), [0, 2, 1], 3.16.ag_z_afg 
(-5, -1, 8), [3, 3, 0], 3.16.ag_bd_acu 
(-8, 2, 31), [0, 2, 3], 3.16.ag_bf_ahc 
(1, -7, 28), [1, 1, 0], 3.16.ag_bl_aho 
(-5, -1, 16), [3, 3, 0], 3.16.ag_bl_aei 
(0, -6, 23), [0, 2, 3], 3.16.ag_bn_ahk 
(0, -6, 29), [0, 2, 1], 3.16.ag_bt_ahk 
(-4, -2, 21), [0, 2, 1], 3.16.ag_bt_afs 
(0, -6, 31), [0, 2, 3], 3.16.ag_bv_ahk 
(-4, -2, 23), [0, 2, 3], 3.16.ag_bv_aga 
(0, -6, 33), [0, 2, 1], 3.16.ag_bx_ahk 
(-4, -2, 25), [0, 2, 1], 3.16.ag_bx_agi 
(0, -6, 35), [0, 2, 3], 3.16.ag_bz_ahk 
(-4, -2, 27), [0, 2, 3], 3.16.ag_bz_agq 
(0, -6, 39), [0, 2, 3], 3.16.ag_cd_ahk 
(-4, -2, 31), [0, 2, 3], 3.16.ag_cd_ahg 
(-8, 3, -7), [0, 3, 1], 3.16.af_ap_fw 
(8, -13, 73), [0, 3, 1], 3.16.af_ap_gm 
(-8, 3, -5), [0, 3, 3], 3.16.af_an_fg 
(-8, 3, -3), [0, 3, 1], 3.16.af_al_eq 
(-8, 3, -1), [0, 3, 3], 3.16.af_aj_ea 
(-8, 3, 1), [0, 3, 1], 3.16.af_ah_dk 
(-8, 3, 3), [0, 3, 3], 3.16.af_af_cu 
(-8, 3, 5), [0, 3, 1], 3.16.af_ad_ce 
(-4, -1, -23), [0, 3, 1], 3.16.af_ad_ci 
(-8, 3, 7), [0, 3, 3], 3.16.af_ab_bo 
(-4, -1, -21), [0, 3, 3], 3.16.af_ab_ca 
(-8, 3, 9), [0, 3, 1], 3.16.af_b_y 
(-4, -1, -19), [0, 3, 1], 3.16.af_b_bs 
(-8, 3, 11), [0, 3, 3], 3.16.af_d_i 
(-4, -1, -17), [0, 3, 3], 3.16.af_d_bk 
(-8, 3, 13), [0, 3, 1], 3.16.af_f_ai 
(-4, -1, -15), [0, 3, 1], 3.16.af_f_bc 
(-8, 3, 15), [0, 3, 3], 3.16.af_h_ay 
(-4, -1, -13), [0, 3, 3], 3.16.af_h_u 
(-8, 3, 17), [0, 3, 1], 3.16.af_j_abo 
(-4, -1, -11), [0, 3, 1], 3.16.af_j_m 
(-8, 3, 19), [0, 3, 3], 3.16.af_l_ace 
(-4, -1, -9), [0, 3, 3], 3.16.af_l_e 
(-8, 3, 21), [0, 3, 1], 3.16.af_n_acu 
(-4, -1, -7), [0, 3, 1], 3.16.af_n_ae 
(-8, 3, 23), [0, 3, 3], 3.16.af_p_adk 
(-4, -1, -5), [0, 3, 3], 3.16.af_p_am 
(-8, 3, 25), [0, 3, 1], 3.16.af_r_aea 
(-4, -1, -3), [0, 3, 1], 3.16.af_r_au 
(-8, 3, 27), [0, 3, 3], 3.16.af_t_aeq 
(-4, -1, -1), [0, 3, 3], 3.16.af_t_abc 
(-8, 3, 29), [0, 3, 1], 3.16.af_v_afg 
(4, -9, 41), [0, 3, 1], 3.16.af_v_aeu 
(-4, -1, 1), [0, 3, 1], 3.16.af_v_abk 
(-8, 3, 31), [0, 3, 3], 3.16.af_x_afw 
(4, -9, 43), [0, 3, 3], 3.16.af_x_aem 
(-4, -1, 3), [0, 3, 3], 3.16.af_x_abs 
(-8, 3, 33), [0, 3, 1], 3.16.af_z_agm 
(0, -5, 9), [0, 3, 1], 3.16.af_z_age 
(4, -9, 45), [0, 3, 1], 3.16.af_z_aee 
(-4, -1, 5), [0, 3, 1], 3.16.af_z_aca 
(0, -5, 11), [0, 3, 3], 3.16.af_bb_age 
(4, -9, 47), [0, 3, 3], 3.16.af_bb_adw 
(-4, -1, 7), [0, 3, 3], 3.16.af_bb_aci 
(0, -5, 13), [0, 3, 1], 3.16.af_bd_age 
(4, -9, 49), [0, 3, 1], 3.16.af_bd_ado 
(-4, -1, 9), [0, 3, 1], 3.16.af_bd_acq 
(0, -5, 15), [0, 3, 3], 3.16.af_bf_age 
(4, -9, 51), [0, 3, 3], 3.16.af_bf_adg 
(-4, -1, 11), [0, 3, 3], 3.16.af_bf_acy 
(0, -5, 17), [0, 3, 1], 3.16.af_bh_age 
(-4, -1, 13), [0, 3, 1], 3.16.af_bh_adg 
(0, -5, 19), [0, 3, 3], 3.16.af_bj_age 
(-4, -1, 15), [0, 3, 3], 3.16.af_bj_ado 
(0, -5, 21), [0, 3, 1], 3.16.af_bl_age 
(-4, -1, 17), [0, 3, 1], 3.16.af_bl_adw 
(0, -5, 23), [0, 3, 3], 3.16.af_bn_age 
(-4, -1, 19), [0, 3, 3], 3.16.af_bn_aee 
(0, -5, 25), [0, 3, 1], 3.16.af_bp_age 
(-4, -1, 21), [0, 3, 1], 3.16.af_bp_aem 
(0, -5, 27), [0, 3, 3], 3.16.af_br_age 
(-4, -1, 23), [0, 3, 3], 3.16.af_br_aeu 
(0, -5, 29), [0, 3, 1], 3.16.af_bt_age 
(-4, -1, 25), [0, 3, 1], 3.16.af_bt_afc 
(0, -5, 31), [0, 3, 3], 3.16.af_bv_age 
(-4, -1, 27), [0, 3, 3], 3.16.af_bv_afk 
(0, -5, 33), [0, 3, 1], 3.16.af_bx_age 
(-4, -1, 29), [0, 3, 1], 3.16.af_bx_afs 
(0, -5, 35), [0, 3, 3], 3.16.af_bz_age 
(-4, -1, 31), [0, 3, 3], 3.16.af_bz_aga 
(0, -5, 37), [0, 3, 1], 3.16.af_cb_age 
(-8, 4, 1), [0, 0, 1], 3.16.ae_ap_eq 
(-4, 0, -31), [0, 0, 1], 3.16.ae_ap_eu 
(8, -12, 65), [0, 0, 1], 3.16.ae_ap_fg 
(-8, 4, 3), [0, 0, 3], 3.16.ae_an_ea 
(-8, 4, 5), [0, 0, 1], 3.16.ae_al_dk 
(-8, 4, 7), [0, 0, 3], 3.16.ae_aj_cu 
(-8, 4, 9), [0, 0, 1], 3.16.ae_ah_ce 
(-8, 4, 13), [0, 0, 1], 3.16.ae_ad_y 
(-8, 4, 15), [0, 0, 3], 3.16.ae_ab_i 
(-8, 4, 19), [0, 0, 3], 3.16.ae_d_ay 
(-8, 4, 21), [0, 0, 1], 3.16.ae_f_abo 
(-8, 4, 23), [0, 0, 3], 3.16.ae_h_ace 
(-8, 4, 25), [0, 0, 1], 3.16.ae_j_acu 
(-4, 0, -7), [0, 0, 1], 3.16.ae_j_bc 
(-5, 1, 0), [3, 1, 0], 3.16.ae_l_bg 
(-8, 4, 29), [0, 0, 1], 3.16.ae_n_aea 
(-8, 4, 31), [0, 0, 3], 3.16.ae_p_aeq 
(-5, 1, 4), [3, 1, 0], 3.16.ae_p_m 
(-8, 4, 33), [0, 0, 1], 3.16.ae_r_afg 
(-4, 0, 13), [0, 0, 1], 3.16.ae_bd_aca 
(-4, 0, 15), [0, 0, 3], 3.16.ae_bf_aci 
(-4, 0, 17), [0, 0, 1], 3.16.ae_bh_acq 
(1, -5, 24), [1, 3, 0], 3.16.ae_bj_afg 
(-4, 0, 19), [0, 0, 3], 3.16.ae_bj_acy 
(1, -5, 28), [1, 3, 0], 3.16.ae_bn_afc 
(-3, -1, 24), [1, 3, 0], 3.16.ae_br_aea 
(0, -4, 29), [0, 0, 1], 3.16.ae_bt_aey 
(-4, 0, 29), [0, 0, 1], 3.16.ae_bt_aem 
(0, -4, 31), [0, 0, 3], 3.16.ae_bv_aey 
(-3, -1, 28), [1, 3, 0], 3.16.ae_bv_aem 
(0, -4, 33), [0, 0, 1], 3.16.ae_bx_aey 
(-8, 5, 9), [0, 1, 1], 3.16.ad_ap_dk 
(8, -11, 57), [0, 1, 1], 3.16.ad_ap_ea 
(-8, 5, 11), [0, 1, 3], 3.16.ad_an_cu 
(8, -11, 59), [0, 1, 3], 3.16.ad_an_eq 
(-8, 5, 13), [0, 1, 1], 3.16.ad_al_ce 
(-4, 1, -23), [0, 1, 1], 3.16.ad_al_eu 
(8, -11, 61), [0, 1, 1], 3.16.ad_al_fg 
(-8, 5, 15), [0, 1, 3], 3.16.ad_aj_bo 
(-4, 1, -21), [0, 1, 3], 3.16.ad_aj_em 
(-8, 5, 17), [0, 1, 1], 3.16.ad_ah_y 
(-4, 1, -19), [0, 1, 1], 3.16.ad_ah_ee 
(-8, 5, 19), [0, 1, 3], 3.16.ad_af_i 
(-4, 1, -17), [0, 1, 3], 3.16.ad_af_dw 
(-8, 5, 21), [0, 1, 1], 3.16.ad_ad_ai 
(-4, 1, -15), [0, 1, 1], 3.16.ad_ad_do 
(-8, 5, 23), [0, 1, 3], 3.16.ad_ab_ay 
(-4, 1, -13), [0, 1, 3], 3.16.ad_ab_dg 
(-8, 5, 25), [0, 1, 1], 3.16.ad_b_abo 
(-4, 1, -11), [0, 1, 1], 3.16.ad_b_cy 
(-8, 5, 27), [0, 1, 3], 3.16.ad_d_ace 
(-4, 1, -9), [0, 1, 3], 3.16.ad_d_cq 
(-8, 5, 29), [0, 1, 1], 3.16.ad_f_acu 
(-4, 1, -7), [0, 1, 1], 3.16.ad_f_ci 
(-8, 5, 31), [0, 1, 3], 3.16.ad_h_adk 
(-4, 1, -5), [0, 1, 3], 3.16.ad_h_ca 
(-8, 5, 33), [0, 1, 1], 3.16.ad_j_aea 
(0, -3, -7), [0, 1, 1], 3.16.ad_j_ads 
(-4, 1, -3), [0, 1, 1], 3.16.ad_j_bs 
(-8, 5, 35), [0, 1, 3], 3.16.ad_l_aeq 
(0, -3, -5), [0, 1, 3], 3.16.ad_l_ads 
(-4, 1, -1), [0, 1, 3], 3.16.ad_l_bk 
(-8, 5, 37), [0, 1, 1], 3.16.ad_n_afg 
(4, -7, 25), [0, 1, 1], 3.16.ad_n_aeu 
(0, -3, -3), [0, 1, 1], 3.16.ad_n_ads 
(-4, 1, 1), [0, 1, 1], 3.16.ad_n_bc 
(4, -7, 27), [0, 1, 3], 3.16.ad_p_aem 
(0, -3, -1), [0, 1, 3], 3.16.ad_p_ads 
(-4, 1, 3), [0, 1, 3], 3.16.ad_p_u 
(4, -7, 29), [0, 1, 1], 3.16.ad_r_aee 
(0, -3, 1), [0, 1, 1], 3.16.ad_r_ads 
(-4, 1, 5), [0, 1, 1], 3.16.ad_r_m 
(4, -7, 31), [0, 1, 3], 3.16.ad_t_adw 
(0, -3, 3), [0, 1, 3], 3.16.ad_t_ads 
(-4, 1, 7), [0, 1, 3], 3.16.ad_t_e 
(0, -3, 5), [0, 1, 1], 3.16.ad_v_ads 
(4, -7, 33), [0, 1, 1], 3.16.ad_v_ado 
(-4, 1, 9), [0, 1, 1], 3.16.ad_v_ae 
(0, -3, 7), [0, 1, 3], 3.16.ad_x_ads 
(4, -7, 35), [0, 1, 3], 3.16.ad_x_adg 
(-4, 1, 11), [0, 1, 3], 3.16.ad_x_am 
(0, -3, 9), [0, 1, 1], 3.16.ad_z_ads 
(4, -7, 37), [0, 1, 1], 3.16.ad_z_acy 
(-4, 1, 13), [0, 1, 1], 3.16.ad_z_au 
(0, -3, 11), [0, 1, 3], 3.16.ad_bb_ads 
(4, -7, 39), [0, 1, 3], 3.16.ad_bb_acq 
(-4, 1, 15), [0, 1, 3], 3.16.ad_bb_abc 
(0, -3, 13), [0, 1, 1], 3.16.ad_bd_ads 
(4, -7, 41), [0, 1, 1], 3.16.ad_bd_aci 
(-4, 1, 17), [0, 1, 1], 3.16.ad_bd_abk 
(0, -3, 15), [0, 1, 3], 3.16.ad_bf_ads 
(4, -7, 43), [0, 1, 3], 3.16.ad_bf_aca 
(-4, 1, 19), [0, 1, 3], 3.16.ad_bf_abs 
(0, -3, 17), [0, 1, 1], 3.16.ad_bh_ads 
(-4, 1, 21), [0, 1, 1], 3.16.ad_bh_aca 
(0, -3, 19), [0, 1, 3], 3.16.ad_bj_ads 
(-4, 1, 23), [0, 1, 3], 3.16.ad_bj_aci 
(0, -3, 21), [0, 1, 1], 3.16.ad_bl_ads 
(-4, 1, 25), [0, 1, 1], 3.16.ad_bl_acq 
(0, -3, 23), [0, 1, 3], 3.16.ad_bn_ads 
(-4, 1, 27), [0, 1, 3], 3.16.ad_bn_acy 
(0, -3, 25), [0, 1, 1], 3.16.ad_bp_ads 
(-4, 1, 29), [0, 1, 1], 3.16.ad_bp_adg 
(0, -3, 27), [0, 1, 3], 3.16.ad_br_ads 
(-4, 1, 31), [0, 1, 3], 3.16.ad_br_ado 
(0, -3, 29), [0, 1, 1], 3.16.ad_bt_ads 
(0, -3, 31), [0, 1, 3], 3.16.ad_bv_ads 
(0, -3, 33), [0, 1, 1], 3.16.ad_bx_ads 
(-8, 6, 17), [0, 2, 1], 3.16.ac_ap_ce 
(8, -10, 49), [0, 2, 1], 3.16.ac_ap_cu 
(-8, 6, 19), [0, 2, 3], 3.16.ac_an_bo 
(8, -10, 51), [0, 2, 3], 3.16.ac_an_dk 
(-8, 6, 21), [0, 2, 1], 3.16.ac_al_y 
(-8, 6, 23), [0, 2, 3], 3.16.ac_aj_i 
(8, -10, 55), [0, 2, 3], 3.16.ac_aj_eq 
(-8, 6, 27), [0, 2, 3], 3.16.ac_af_ay 
(-8, 6, 29), [0, 2, 1], 3.16.ac_ad_abo 
(-5, 3, -4), [3, 3, 0], 3.16.ac_ad_em 
(-8, 6, 31), [0, 2, 3], 3.16.ac_ab_ace 
(-8, 6, 33), [0, 2, 1], 3.16.ac_b_acu 
(-8, 6, 35), [0, 2, 3], 3.16.ac_d_adk 
(-8, 6, 39), [0, 2, 3], 3.16.ac_h_aeq 
(-4, 2, 3), [0, 2, 3], 3.16.ac_l_ca 
(3, -5, 12), [3, 3, 0], 3.16.ac_n_aeu 
(-4, 2, 5), [0, 2, 1], 3.16.ac_n_bs 
(-4, 2, 7), [0, 2, 3], 3.16.ac_p_bk 
(-4, 2, 9), [0, 2, 1], 3.16.ac_r_bc 
(-4, 2, 11), [0, 2, 3], 3.16.ac_t_u 
(1, -3, 24), [1, 1, 0], 3.16.ac_bl_acu 
(-3, 1, 24), [1, 1, 0], 3.16.ac_bl_abo 
(0, -2, 23), [0, 2, 3], 3.16.ac_bn_acm 
(0, -2, 27), [0, 2, 3], 3.16.ac_br_acm 
(0, -2, 31), [0, 2, 3], 3.16.ac_bv_acm 
(-8, 7, 25), [0, 3, 1], 3.16.ab_ap_y 
(8, -9, 41), [0, 3, 1], 3.16.ab_ap_bo 
(-8, 7, 27), [0, 3, 3], 3.16.ab_an_i 
(8, -9, 43), [0, 3, 3], 3.16.ab_an_ce 
(-8, 7, 29), [0, 3, 1], 3.16.ab_al_ai 
(8, -9, 45), [0, 3, 1], 3.16.ab_al_cu 
(-8, 7, 31), [0, 3, 3], 3.16.ab_aj_ay 
(8, -9, 47), [0, 3, 3], 3.16.ab_aj_dk 
(-8, 7, 33), [0, 3, 1], 3.16.ab_ah_abo 
(0, -1, -23), [0, 3, 1], 3.16.ab_ah_abg 
(8, -9, 49), [0, 3, 1], 3.16.ab_ah_ea 
(-8, 7, 35), [0, 3, 3], 3.16.ab_af_ace 
(0, -1, -21), [0, 3, 3], 3.16.ab_af_abg 
(8, -9, 51), [0, 3, 3], 3.16.ab_af_eq 
(-8, 7, 37), [0, 3, 1], 3.16.ab_ad_acu 
(0, -1, -19), [0, 3, 1], 3.16.ab_ad_abg 
(-4, 3, -7), [0, 3, 1], 3.16.ab_ad_eu 
(-8, 7, 39), [0, 3, 3], 3.16.ab_ab_adk 
(0, -1, -17), [0, 3, 3], 3.16.ab_ab_abg 
(-4, 3, -5), [0, 3, 3], 3.16.ab_ab_em 
(-8, 7, 41), [0, 3, 1], 3.16.ab_b_aea 
(0, -1, -15), [0, 3, 1], 3.16.ab_b_abg 
(-4, 3, -3), [0, 3, 1], 3.16.ab_b_ee 
(-8, 7, 43), [0, 3, 3], 3.16.ab_d_aeq 
(0, -1, -13), [0, 3, 3], 3.16.ab_d_abg 
(-4, 3, -1), [0, 3, 3], 3.16.ab_d_dw 
(4, -5, 9), [0, 3, 1], 3.16.ab_f_aeu 
(0, -1, -11), [0, 3, 1], 3.16.ab_f_abg 
(-4, 3, 1), [0, 3, 1], 3.16.ab_f_do 
(4, -5, 11), [0, 3, 3], 3.16.ab_h_aem 
(0, -1, -9), [0, 3, 3], 3.16.ab_h_abg 
(-4, 3, 3), [0, 3, 3], 3.16.ab_h_dg 
(4, -5, 13), [0, 3, 1], 3.16.ab_j_aee 
(0, -1, -7), [0, 3, 1], 3.16.ab_j_abg 
(-4, 3, 5), [0, 3, 1], 3.16.ab_j_cy 
(4, -5, 15), [0, 3, 3], 3.16.ab_l_adw 
(0, -1, -5), [0, 3, 3], 3.16.ab_l_abg 
(-4, 3, 7), [0, 3, 3], 3.16.ab_l_cq 
(4, -5, 17), [0, 3, 1], 3.16.ab_n_ado 
(0, -1, -3), [0, 3, 1], 3.16.ab_n_abg 
(-4, 3, 9), [0, 3, 1], 3.16.ab_n_ci 
(4, -5, 19), [0, 3, 3], 3.16.ab_p_adg 
(0, -1, -1), [0, 3, 3], 3.16.ab_p_abg 
(-4, 3, 11), [0, 3, 3], 3.16.ab_p_ca 
(4, -5, 21), [0, 3, 1], 3.16.ab_r_acy 
(0, -1, 1), [0, 3, 1], 3.16.ab_r_abg 
(-4, 3, 13), [0, 3, 1], 3.16.ab_r_bs 
(4, -5, 23), [0, 3, 3], 3.16.ab_t_acq 
(0, -1, 3), [0, 3, 3], 3.16.ab_t_abg 
(-4, 3, 15), [0, 3, 3], 3.16.ab_t_bk 
(4, -5, 25), [0, 3, 1], 3.16.ab_v_aci 
(0, -1, 5), [0, 3, 1], 3.16.ab_v_abg 
(-4, 3, 17), [0, 3, 1], 3.16.ab_v_bc 
(4, -5, 27), [0, 3, 3], 3.16.ab_x_aca 
(0, -1, 7), [0, 3, 3], 3.16.ab_x_abg 
(-4, 3, 19), [0, 3, 3], 3.16.ab_x_u 
(4, -5, 29), [0, 3, 1], 3.16.ab_z_abs 
(0, -1, 9), [0, 3, 1], 3.16.ab_z_abg 
(-4, 3, 21), [0, 3, 1], 3.16.ab_z_m 
(4, -5, 31), [0, 3, 3], 3.16.ab_bb_abk 
(0, -1, 11), [0, 3, 3], 3.16.ab_bb_abg 
(-4, 3, 23), [0, 3, 3], 3.16.ab_bb_e 
(0, -1, 13), [0, 3, 1], 3.16.ab_bd_abg 
(4, -5, 33), [0, 3, 1], 3.16.ab_bd_abc 
(-4, 3, 25), [0, 3, 1], 3.16.ab_bd_ae 
(0, -1, 15), [0, 3, 3], 3.16.ab_bf_abg 
(4, -5, 35), [0, 3, 3], 3.16.ab_bf_au 
(-4, 3, 27), [0, 3, 3], 3.16.ab_bf_am 
(0, -1, 17), [0, 3, 1], 3.16.ab_bh_abg 
(-4, 3, 29), [0, 3, 1], 3.16.ab_bh_au 
(4, -5, 37), [0, 3, 1], 3.16.ab_bh_am 
(0, -1, 19), [0, 3, 3], 3.16.ab_bj_abg 
(-4, 3, 31), [0, 3, 3], 3.16.ab_bj_abc 
(-4, 3, 33), [0, 3, 1], 3.16.ab_bl_abk 
(0, -1, 21), [0, 3, 1], 3.16.ab_bl_abg 
(0, -1, 23), [0, 3, 3], 3.16.ab_bn_abg 
(0, -1, 25), [0, 3, 1], 3.16.ab_bp_abg 
(0, -1, 27), [0, 3, 3], 3.16.ab_br_abg 
(0, -1, 29), [0, 3, 1], 3.16.ab_bt_abg 
(0, -1, 31), [0, 3, 3], 3.16.ab_bv_abg 
(-8, 8, 33), [0, 0, 1], 3.16.a_ap_ai 
(8, -8, 33), [0, 0, 1], 3.16.a_ap_i 
(-8, 8, 35), [0, 0, 3], 3.16.a_an_ay 
(8, -8, 35), [0, 0, 3], 3.16.a_an_y 
(-8, 8, 37), [0, 0, 1], 3.16.a_al_abo 
(8, -8, 37), [0, 0, 1], 3.16.a_al_bo 
(-8, 8, 41), [0, 0, 1], 3.16.a_ah_acu 
(8, -8, 41), [0, 0, 1], 3.16.a_ah_cu 
(-8, 8, 43), [0, 0, 3], 3.16.a_af_adk 
(8, -8, 43), [0, 0, 3], 3.16.a_af_dk 
(-8, 8, 45), [0, 0, 1], 3.16.a_ad_aea 
(8, -8, 45), [0, 0, 1], 3.16.a_ad_ea 
(4, -4, 1), [0, 0, 1], 3.16.a_b_aeu 
(-4, 4, 1), [0, 0, 1], 3.16.a_b_eu 
(4, -4, 3), [0, 0, 3], 3.16.a_d_aem 
(-4, 4, 3), [0, 0, 3], 3.16.a_d_em 
(3, -3, 12), [3, 1, 0], 3.16.a_t_aci 
(-3, 3, 12), [1, 3, 0], 3.16.a_t_ci 
(3, -3, 16), [3, 1, 0], 3.16.a_x_abw 
(-3, 3, 16), [1, 3, 0], 3.16.a_x_bw 
(0, 0, 21), [0, 0, 1], 3.16.a_bl_a 
(1, -1, 24), [1, 3, 0], 3.16.a_bn_ai 
(-1, 1, 24), [3, 1, 0], 3.16.a_bn_i 
(1, -1, 28), [1, 3, 0], 3.16.a_br_ae 
(-1, 1, 28), [3, 1, 0], 3.16.a_br_e 
(0, 0, 29), [0, 0, 1], 3.16.a_bt_a 
(-8, 9, 41), [0, 1, 1], 3.16.b_ap_abo 
(8, -7, 25), [0, 1, 1], 3.16.b_ap_ay 
(-8, 9, 43), [0, 1, 3], 3.16.b_an_ace 
(8, -7, 27), [0, 1, 3], 3.16.b_an_ai 
(-8, 9, 45), [0, 1, 1], 3.16.b_al_acu 
(8, -7, 29), [0, 1, 1], 3.16.b_al_i 
(-8, 9, 47), [0, 1, 3], 3.16.b_aj_adk 
(8, -7, 31), [0, 1, 3], 3.16.b_aj_y 
(-8, 9, 49), [0, 1, 1], 3.16.b_ah_aea 
(0, 1, -23), [0, 1, 1], 3.16.b_ah_bg 
(8, -7, 33), [0, 1, 1], 3.16.b_ah_bo 
(-8, 9, 51), [0, 1, 3], 3.16.b_af_aeq 
(0, 1, -21), [0, 1, 3], 3.16.b_af_bg 
(8, -7, 35), [0, 1, 3], 3.16.b_af_ce 
(4, -3, -7), [0, 1, 1], 3.16.b_ad_aeu 
(0, 1, -19), [0, 1, 1], 3.16.b_ad_bg 
(8, -7, 37), [0, 1, 1], 3.16.b_ad_cu 
(4, -3, -5), [0, 1, 3], 3.16.b_ab_aem 
(0, 1, -17), [0, 1, 3], 3.16.b_ab_bg 
(8, -7, 39), [0, 1, 3], 3.16.b_ab_dk 
(4, -3, -3), [0, 1, 1], 3.16.b_b_aee 
(0, 1, -15), [0, 1, 1], 3.16.b_b_bg 
(8, -7, 41), [0, 1, 1], 3.16.b_b_ea 
(4, -3, -1), [0, 1, 3], 3.16.b_d_adw 
(0, 1, -13), [0, 1, 3], 3.16.b_d_bg 
(8, -7, 43), [0, 1, 3], 3.16.b_d_eq 
(4, -3, 1), [0, 1, 1], 3.16.b_f_ado 
(0, 1, -11), [0, 1, 1], 3.16.b_f_bg 
(-4, 5, 9), [0, 1, 1], 3.16.b_f_eu 
(4, -3, 3), [0, 1, 3], 3.16.b_h_adg 
(0, 1, -9), [0, 1, 3], 3.16.b_h_bg 
(-4, 5, 11), [0, 1, 3], 3.16.b_h_em 
(4, -3, 5), [0, 1, 1], 3.16.b_j_acy 
(0, 1, -7), [0, 1, 1], 3.16.b_j_bg 
(-4, 5, 13), [0, 1, 1], 3.16.b_j_ee 
(4, -3, 7), [0, 1, 3], 3.16.b_l_acq 
(0, 1, -5), [0, 1, 3], 3.16.b_l_bg 
(-4, 5, 15), [0, 1, 3], 3.16.b_l_dw 
(4, -3, 9), [0, 1, 1], 3.16.b_n_aci 
(0, 1, -3), [0, 1, 1], 3.16.b_n_bg 
(-4, 5, 17), [0, 1, 1], 3.16.b_n_do 
(4, -3, 11), [0, 1, 3], 3.16.b_p_aca 
(0, 1, -1), [0, 1, 3], 3.16.b_p_bg 
(-4, 5, 19), [0, 1, 3], 3.16.b_p_dg 
(4, -3, 13), [0, 1, 1], 3.16.b_r_abs 
(0, 1, 1), [0, 1, 1], 3.16.b_r_bg 
(-4, 5, 21), [0, 1, 1], 3.16.b_r_cy 
(4, -3, 15), [0, 1, 3], 3.16.b_t_abk 
(0, 1, 3), [0, 1, 3], 3.16.b_t_bg 
(-4, 5, 23), [0, 1, 3], 3.16.b_t_cq 
(4, -3, 17), [0, 1, 1], 3.16.b_v_abc 
(0, 1, 5), [0, 1, 1], 3.16.b_v_bg 
(-4, 5, 25), [0, 1, 1], 3.16.b_v_ci 
(4, -3, 19), [0, 1, 3], 3.16.b_x_au 
(0, 1, 7), [0, 1, 3], 3.16.b_x_bg 
(-4, 5, 27), [0, 1, 3], 3.16.b_x_ca 
(4, -3, 21), [0, 1, 1], 3.16.b_z_am 
(0, 1, 9), [0, 1, 1], 3.16.b_z_bg 
(-4, 5, 29), [0, 1, 1], 3.16.b_z_bs 
(4, -3, 23), [0, 1, 3], 3.16.b_bb_ae 
(0, 1, 11), [0, 1, 3], 3.16.b_bb_bg 
(-4, 5, 31), [0, 1, 3], 3.16.b_bb_bk 
(4, -3, 25), [0, 1, 1], 3.16.b_bd_e 
(-4, 5, 33), [0, 1, 1], 3.16.b_bd_bc 
(0, 1, 13), [0, 1, 1], 3.16.b_bd_bg 
(4, -3, 27), [0, 1, 3], 3.16.b_bf_m 
(-4, 5, 35), [0, 1, 3], 3.16.b_bf_u 
(0, 1, 15), [0, 1, 3], 3.16.b_bf_bg 
(-4, 5, 37), [0, 1, 1], 3.16.b_bh_m 
(4, -3, 29), [0, 1, 1], 3.16.b_bh_u 
(0, 1, 17), [0, 1, 1], 3.16.b_bh_bg 
(4, -3, 31), [0, 1, 3], 3.16.b_bj_bc 
(0, 1, 19), [0, 1, 3], 3.16.b_bj_bg 
(0, 1, 21), [0, 1, 1], 3.16.b_bl_bg 
(4, -3, 33), [0, 1, 1], 3.16.b_bl_bk 
(0, 1, 23), [0, 1, 3], 3.16.b_bn_bg 
(0, 1, 25), [0, 1, 1], 3.16.b_bp_bg 
(0, 1, 27), [0, 1, 3], 3.16.b_br_bg 
(0, 1, 29), [0, 1, 1], 3.16.b_bt_bg 
(0, 1, 31), [0, 1, 3], 3.16.b_bv_bg 
(-8, 10, 49), [0, 2, 1], 3.16.c_ap_acu 
(8, -6, 17), [0, 2, 1], 3.16.c_ap_ace 
(-8, 10, 51), [0, 2, 3], 3.16.c_an_adk 
(8, -6, 19), [0, 2, 3], 3.16.c_an_abo 
(8, -6, 21), [0, 2, 1], 3.16.c_al_ay 
(-8, 10, 55), [0, 2, 3], 3.16.c_aj_aeq 
(8, -6, 23), [0, 2, 3], 3.16.c_aj_ai 
(8, -6, 27), [0, 2, 3], 3.16.c_af_y 
(5, -3, -4), [1, 1, 0], 3.16.c_ad_aem 
(8, -6, 29), [0, 2, 1], 3.16.c_ad_bo 
(8, -6, 31), [0, 2, 3], 3.16.c_ab_ce 
(8, -6, 33), [0, 2, 1], 3.16.c_b_cu 
(8, -6, 35), [0, 2, 3], 3.16.c_d_dk 
(8, -6, 39), [0, 2, 3], 3.16.c_h_eq 
(4, -2, 3), [0, 2, 3], 3.16.c_l_aca 
(4, -2, 5), [0, 2, 1], 3.16.c_n_abs 
(-3, 5, 12), [1, 1, 0], 3.16.c_n_eu 
(4, -2, 7), [0, 2, 3], 3.16.c_p_abk 
(4, -2, 9), [0, 2, 1], 3.16.c_r_abc 
(4, -2, 11), [0, 2, 3], 3.16.c_t_au 
(3, -1, 24), [3, 3, 0], 3.16.c_bl_bo 
(-1, 3, 24), [3, 3, 0], 3.16.c_bl_cu 
(0, 2, 23), [0, 2, 3], 3.16.c_bn_cm 
(0, 2, 27), [0, 2, 3], 3.16.c_br_cm 
(0, 2, 31), [0, 2, 3], 3.16.c_bv_cm 
(-8, 11, 57), [0, 3, 1], 3.16.d_ap_aea 
(8, -5, 9), [0, 3, 1], 3.16.d_ap_adk 
(-8, 11, 59), [0, 3, 3], 3.16.d_an_aeq 
(8, -5, 11), [0, 3, 3], 3.16.d_an_acu 
(-8, 11, 61), [0, 3, 1], 3.16.d_al_afg 
(4, -1, -23), [0, 3, 1], 3.16.d_al_aeu 
(8, -5, 13), [0, 3, 1], 3.16.d_al_ace 
(4, -1, -21), [0, 3, 3], 3.16.d_aj_aem 
(8, -5, 15), [0, 3, 3], 3.16.d_aj_abo 
(4, -1, -19), [0, 3, 1], 3.16.d_ah_aee 
(8, -5, 17), [0, 3, 1], 3.16.d_ah_ay 
(4, -1, -17), [0, 3, 3], 3.16.d_af_adw 
(8, -5, 19), [0, 3, 3], 3.16.d_af_ai 
(4, -1, -15), [0, 3, 1], 3.16.d_ad_ado 
(8, -5, 21), [0, 3, 1], 3.16.d_ad_i 
(4, -1, -13), [0, 3, 3], 3.16.d_ab_adg 
(8, -5, 23), [0, 3, 3], 3.16.d_ab_y 
(4, -1, -11), [0, 3, 1], 3.16.d_b_acy 
(8, -5, 25), [0, 3, 1], 3.16.d_b_bo 
(4, -1, -9), [0, 3, 3], 3.16.d_d_acq 
(8, -5, 27), [0, 3, 3], 3.16.d_d_ce 
(4, -1, -7), [0, 3, 1], 3.16.d_f_aci 
(8, -5, 29), [0, 3, 1], 3.16.d_f_cu 
(4, -1, -5), [0, 3, 3], 3.16.d_h_aca 
(8, -5, 31), [0, 3, 3], 3.16.d_h_dk 
(4, -1, -3), [0, 3, 1], 3.16.d_j_abs 
(0, 3, -7), [0, 3, 1], 3.16.d_j_ds 
(8, -5, 33), [0, 3, 1], 3.16.d_j_ea 
(4, -1, -1), [0, 3, 3], 3.16.d_l_abk 
(0, 3, -5), [0, 3, 3], 3.16.d_l_ds 
(8, -5, 35), [0, 3, 3], 3.16.d_l_eq 
(4, -1, 1), [0, 3, 1], 3.16.d_n_abc 
(0, 3, -3), [0, 3, 1], 3.16.d_n_ds 
(-4, 7, 25), [0, 3, 1], 3.16.d_n_eu 
(8, -5, 37), [0, 3, 1], 3.16.d_n_fg 
(4, -1, 3), [0, 3, 3], 3.16.d_p_au 
(0, 3, -1), [0, 3, 3], 3.16.d_p_ds 
(-4, 7, 27), [0, 3, 3], 3.16.d_p_em 
(4, -1, 5), [0, 3, 1], 3.16.d_r_am 
(0, 3, 1), [0, 3, 1], 3.16.d_r_ds 
(-4, 7, 29), [0, 3, 1], 3.16.d_r_ee 
(4, -1, 7), [0, 3, 3], 3.16.d_t_ae 
(0, 3, 3), [0, 3, 3], 3.16.d_t_ds 
(-4, 7, 31), [0, 3, 3], 3.16.d_t_dw 
(4, -1, 9), [0, 3, 1], 3.16.d_v_e 
(-4, 7, 33), [0, 3, 1], 3.16.d_v_do 
(0, 3, 5), [0, 3, 1], 3.16.d_v_ds 
(4, -1, 11), [0, 3, 3], 3.16.d_x_m 
(-4, 7, 35), [0, 3, 3], 3.16.d_x_dg 
(0, 3, 7), [0, 3, 3], 3.16.d_x_ds 
(4, -1, 13), [0, 3, 1], 3.16.d_z_u 
(-4, 7, 37), [0, 3, 1], 3.16.d_z_cy 
(0, 3, 9), [0, 3, 1], 3.16.d_z_ds 
(4, -1, 15), [0, 3, 3], 3.16.d_bb_bc 
(-4, 7, 39), [0, 3, 3], 3.16.d_bb_cq 
(0, 3, 11), [0, 3, 3], 3.16.d_bb_ds 
(4, -1, 17), [0, 3, 1], 3.16.d_bd_bk 
(-4, 7, 41), [0, 3, 1], 3.16.d_bd_ci 
(0, 3, 13), [0, 3, 1], 3.16.d_bd_ds 
(4, -1, 19), [0, 3, 3], 3.16.d_bf_bs 
(-4, 7, 43), [0, 3, 3], 3.16.d_bf_ca 
(0, 3, 15), [0, 3, 3], 3.16.d_bf_ds 
(4, -1, 21), [0, 3, 1], 3.16.d_bh_ca 
(0, 3, 17), [0, 3, 1], 3.16.d_bh_ds 
(4, -1, 23), [0, 3, 3], 3.16.d_bj_ci 
(0, 3, 19), [0, 3, 3], 3.16.d_bj_ds 
(4, -1, 25), [0, 3, 1], 3.16.d_bl_cq 
(0, 3, 21), [0, 3, 1], 3.16.d_bl_ds 
(4, -1, 27), [0, 3, 3], 3.16.d_bn_cy 
(0, 3, 23), [0, 3, 3], 3.16.d_bn_ds 
(4, -1, 29), [0, 3, 1], 3.16.d_bp_dg 
(0, 3, 25), [0, 3, 1], 3.16.d_bp_ds 
(4, -1, 31), [0, 3, 3], 3.16.d_br_do 
(0, 3, 27), [0, 3, 3], 3.16.d_br_ds 
(0, 3, 29), [0, 3, 1], 3.16.d_bt_ds 
(0, 3, 31), [0, 3, 3], 3.16.d_bv_ds 
(0, 3, 33), [0, 3, 1], 3.16.d_bx_ds 
(-8, 12, 65), [0, 0, 1], 3.16.e_ap_afg 
(4, 0, -31), [0, 0, 1], 3.16.e_ap_aeu 
(8, -4, 1), [0, 0, 1], 3.16.e_ap_aeq 
(8, -4, 3), [0, 0, 3], 3.16.e_an_aea 
(8, -4, 5), [0, 0, 1], 3.16.e_al_adk 
(8, -4, 7), [0, 0, 3], 3.16.e_aj_acu 
(8, -4, 9), [0, 0, 1], 3.16.e_ah_ace 
(8, -4, 13), [0, 0, 1], 3.16.e_ad_ay 
(8, -4, 15), [0, 0, 3], 3.16.e_ab_ai 
(8, -4, 19), [0, 0, 3], 3.16.e_d_y 
(8, -4, 21), [0, 0, 1], 3.16.e_f_bo 
(8, -4, 23), [0, 0, 3], 3.16.e_h_ce 
(4, 0, -7), [0, 0, 1], 3.16.e_j_abc 
(8, -4, 25), [0, 0, 1], 3.16.e_j_cu 
(5, -1, 0), [1, 3, 0], 3.16.e_l_abg 
(8, -4, 29), [0, 0, 1], 3.16.e_n_ea 
(5, -1, 4), [1, 3, 0], 3.16.e_p_am 
(8, -4, 31), [0, 0, 3], 3.16.e_p_eq 
(8, -4, 33), [0, 0, 1], 3.16.e_r_fg 
(4, 0, 13), [0, 0, 1], 3.16.e_bd_ca 
(4, 0, 15), [0, 0, 3], 3.16.e_bf_ci 
(4, 0, 17), [0, 0, 1], 3.16.e_bh_cq 
(4, 0, 19), [0, 0, 3], 3.16.e_bj_cy 
(-1, 5, 24), [3, 1, 0], 3.16.e_bj_fg 
(-1, 5, 28), [3, 1, 0], 3.16.e_bn_fc 
(3, 1, 24), [3, 1, 0], 3.16.e_br_ea 
(4, 0, 29), [0, 0, 1], 3.16.e_bt_em 
(0, 4, 29), [0, 0, 1], 3.16.e_bt_ey 
(3, 1, 28), [3, 1, 0], 3.16.e_bv_em 
(0, 4, 31), [0, 0, 3], 3.16.e_bv_ey 
(0, 4, 33), [0, 0, 1], 3.16.e_bx_ey 
(-8, 13, 73), [0, 1, 1], 3.16.f_ap_agm 
(8, -3, -7), [0, 1, 1], 3.16.f_ap_afw 
(8, -3, -5), [0, 1, 3], 3.16.f_an_afg 
(8, -3, -3), [0, 1, 1], 3.16.f_al_aeq 
(8, -3, -1), [0, 1, 3], 3.16.f_aj_aea 
(8, -3, 1), [0, 1, 1], 3.16.f_ah_adk 
(8, -3, 3), [0, 1, 3], 3.16.f_af_acu 
(4, 1, -23), [0, 1, 1], 3.16.f_ad_aci 
(8, -3, 5), [0, 1, 1], 3.16.f_ad_ace 
(4, 1, -21), [0, 1, 3], 3.16.f_ab_aca 
(8, -3, 7), [0, 1, 3], 3.16.f_ab_abo 
(4, 1, -19), [0, 1, 1], 3.16.f_b_abs 
(8, -3, 9), [0, 1, 1], 3.16.f_b_ay 
(4, 1, -17), [0, 1, 3], 3.16.f_d_abk 
(8, -3, 11), [0, 1, 3], 3.16.f_d_ai 
(4, 1, -15), [0, 1, 1], 3.16.f_f_abc 
(8, -3, 13), [0, 1, 1], 3.16.f_f_i 
(4, 1, -13), [0, 1, 3], 3.16.f_h_au 
(8, -3, 15), [0, 1, 3], 3.16.f_h_y 
(4, 1, -11), [0, 1, 1], 3.16.f_j_am 
(8, -3, 17), [0, 1, 1], 3.16.f_j_bo 
(4, 1, -9), [0, 1, 3], 3.16.f_l_ae 
(8, -3, 19), [0, 1, 3], 3.16.f_l_ce 
(4, 1, -7), [0, 1, 1], 3.16.f_n_e 
(8, -3, 21), [0, 1, 1], 3.16.f_n_cu 
(4, 1, -5), [0, 1, 3], 3.16.f_p_m 
(8, -3, 23), [0, 1, 3], 3.16.f_p_dk 
(4, 1, -3), [0, 1, 1], 3.16.f_r_u 
(8, -3, 25), [0, 1, 1], 3.16.f_r_ea 
(4, 1, -1), [0, 1, 3], 3.16.f_t_bc 
(8, -3, 27), [0, 1, 3], 3.16.f_t_eq 
(4, 1, 1), [0, 1, 1], 3.16.f_v_bk 
(-4, 9, 41), [0, 1, 1], 3.16.f_v_eu 
(8, -3, 29), [0, 1, 1], 3.16.f_v_fg 
(4, 1, 3), [0, 1, 3], 3.16.f_x_bs 
(-4, 9, 43), [0, 1, 3], 3.16.f_x_em 
(8, -3, 31), [0, 1, 3], 3.16.f_x_fw 
(4, 1, 5), [0, 1, 1], 3.16.f_z_ca 
(-4, 9, 45), [0, 1, 1], 3.16.f_z_ee 
(0, 5, 9), [0, 1, 1], 3.16.f_z_ge 
(8, -3, 33), [0, 1, 1], 3.16.f_z_gm 
(4, 1, 7), [0, 1, 3], 3.16.f_bb_ci 
(-4, 9, 47), [0, 1, 3], 3.16.f_bb_dw 
(0, 5, 11), [0, 1, 3], 3.16.f_bb_ge 
(4, 1, 9), [0, 1, 1], 3.16.f_bd_cq 
(-4, 9, 49), [0, 1, 1], 3.16.f_bd_do 
(0, 5, 13), [0, 1, 1], 3.16.f_bd_ge 
(4, 1, 11), [0, 1, 3], 3.16.f_bf_cy 
(-4, 9, 51), [0, 1, 3], 3.16.f_bf_dg 
(0, 5, 15), [0, 1, 3], 3.16.f_bf_ge 
(4, 1, 13), [0, 1, 1], 3.16.f_bh_dg 
(0, 5, 17), [0, 1, 1], 3.16.f_bh_ge 
(4, 1, 15), [0, 1, 3], 3.16.f_bj_do 
(0, 5, 19), [0, 1, 3], 3.16.f_bj_ge 
(4, 1, 17), [0, 1, 1], 3.16.f_bl_dw 
(0, 5, 21), [0, 1, 1], 3.16.f_bl_ge 
(4, 1, 19), [0, 1, 3], 3.16.f_bn_ee 
(0, 5, 23), [0, 1, 3], 3.16.f_bn_ge 
(4, 1, 21), [0, 1, 1], 3.16.f_bp_em 
(0, 5, 25), [0, 1, 1], 3.16.f_bp_ge 
(4, 1, 23), [0, 1, 3], 3.16.f_br_eu 
(0, 5, 27), [0, 1, 3], 3.16.f_br_ge 
(4, 1, 25), [0, 1, 1], 3.16.f_bt_fc 
(0, 5, 29), [0, 1, 1], 3.16.f_bt_ge 
(4, 1, 27), [0, 1, 3], 3.16.f_bv_fk 
(0, 5, 31), [0, 1, 3], 3.16.f_bv_ge 
(4, 1, 29), [0, 1, 1], 3.16.f_bx_fs 
(0, 5, 33), [0, 1, 1], 3.16.f_bx_ge 
(4, 1, 31), [0, 1, 3], 3.16.f_bz_ga 
(0, 5, 35), [0, 1, 3], 3.16.f_bz_ge 
(0, 5, 37), [0, 1, 1], 3.16.f_cb_ge 
(8, -2, -15), [0, 2, 1], 3.16.g_ap_ahc 
(8, -2, -13), [0, 2, 3], 3.16.g_an_agm 
(7, -1, -20), [3, 3, 0], 3.16.g_al_agq 
(8, -2, -11), [0, 2, 1], 3.16.g_al_afw 
(8, -2, -9), [0, 2, 3], 3.16.g_aj_afg 
(7, -1, -16), [3, 3, 0], 3.16.g_ah_afo 
(8, -2, -7), [0, 2, 1], 3.16.g_ah_aeq 
(8, -2, -5), [0, 2, 3], 3.16.g_af_aea 
(8, -2, -1), [0, 2, 3], 3.16.g_ab_acu 
(7, -1, -8), [3, 3, 0], 3.16.g_b_adk 
(8, -2, 3), [0, 2, 3], 3.16.g_d_abo 
(8, -2, 5), [0, 2, 1], 3.16.g_f_ay 
(8, -2, 7), [0, 2, 3], 3.16.g_h_ai 
(8, -2, 9), [0, 2, 1], 3.16.g_j_i 
(8, -2, 11), [0, 2, 3], 3.16.g_l_y 
(8, -2, 13), [0, 2, 1], 3.16.g_n_bo 
(8, -2, 15), [0, 2, 3], 3.16.g_p_ce 
(8, -2, 19), [0, 2, 3], 3.16.g_t_dk 
(8, -2, 21), [0, 2, 1], 3.16.g_v_ea 
(8, -2, 23), [0, 2, 3], 3.16.g_x_eq 
(8, -2, 25), [0, 2, 1], 3.16.g_z_fg 
(5, 1, 8), [1, 1, 0], 3.16.g_bd_cu 
(8, -2, 31), [0, 2, 3], 3.16.g_bf_hc 
(5, 1, 16), [1, 1, 0], 3.16.g_bl_ei 
(-1, 7, 28), [3, 3, 0], 3.16.g_bl_ho 
(0, 6, 23), [0, 2, 3], 3.16.g_bn_hk 
(4, 2, 21), [0, 2, 1], 3.16.g_bt_fs 
(0, 6, 29), [0, 2, 1], 3.16.g_bt_hk 
(4, 2, 23), [0, 2, 3], 3.16.g_bv_ga 
(0, 6, 31), [0, 2, 3], 3.16.g_bv_hk 
(4, 2, 25), [0, 2, 1], 3.16.g_bx_gi 
(0, 6, 33), [0, 2, 1], 3.16.g_bx_hk 
(4, 2, 27), [0, 2, 3], 3.16.g_bz_gq 
(0, 6, 35), [0, 2, 3], 3.16.g_bz_hk 
(4, 2, 31), [0, 2, 3], 3.16.g_cd_hg 
(0, 6, 39), [0, 2, 3], 3.16.g_cd_hk 
(8, -1, -23), [0, 3, 1], 3.16.h_ap_aii 
(8, -1, -21), [0, 3, 3], 3.16.h_an_ahs 
(8, -1, -19), [0, 3, 1], 3.16.h_al_ahc 
(8, -1, -17), [0, 3, 3], 3.16.h_aj_agm 
(8, -1, -15), [0, 3, 1], 3.16.h_ah_afw 
(8, -1, -13), [0, 3, 3], 3.16.h_af_afg 
(8, -1, -11), [0, 3, 1], 3.16.h_ad_aeq 
(8, -1, -9), [0, 3, 3], 3.16.h_ab_aea 
(8, -1, -7), [0, 3, 1], 3.16.h_b_adk 
(8, -1, -5), [0, 3, 3], 3.16.h_d_acu 
(8, -1, -3), [0, 3, 1], 3.16.h_f_ace 
(8, -1, -1), [0, 3, 3], 3.16.h_h_abo 
(8, -1, 1), [0, 3, 1], 3.16.h_j_ay 
(8, -1, 3), [0, 3, 3], 3.16.h_l_ai 
(8, -1, 5), [0, 3, 1], 3.16.h_n_i 
(8, -1, 7), [0, 3, 3], 3.16.h_p_y 
(8, -1, 9), [0, 3, 1], 3.16.h_r_bo 
(8, -1, 11), [0, 3, 3], 3.16.h_t_ce 
(4, 3, -7), [0, 3, 1], 3.16.h_v_cq 
(8, -1, 13), [0, 3, 1], 3.16.h_v_cu 
(4, 3, -5), [0, 3, 3], 3.16.h_x_cy 
(8, -1, 15), [0, 3, 3], 3.16.h_x_dk 
(4, 3, -3), [0, 3, 1], 3.16.h_z_dg 
(8, -1, 17), [0, 3, 1], 3.16.h_z_ea 
(4, 3, -1), [0, 3, 3], 3.16.h_bb_do 
(8, -1, 19), [0, 3, 3], 3.16.h_bb_eq 
(4, 3, 1), [0, 3, 1], 3.16.h_bd_dw 
(-4, 11, 57), [0, 3, 1], 3.16.h_bd_eu 
(8, -1, 21), [0, 3, 1], 3.16.h_bd_fg 
(4, 3, 3), [0, 3, 3], 3.16.h_bf_ee 
(-4, 11, 59), [0, 3, 3], 3.16.h_bf_em 
(8, -1, 23), [0, 3, 3], 3.16.h_bf_fw 
(-4, 11, 61), [0, 3, 1], 3.16.h_bh_ee 
(4, 3, 5), [0, 3, 1], 3.16.h_bh_em 
(8, -1, 25), [0, 3, 1], 3.16.h_bh_gm 
(4, 3, 7), [0, 3, 3], 3.16.h_bj_eu 
(8, -1, 27), [0, 3, 3], 3.16.h_bj_hc 
(4, 3, 9), [0, 3, 1], 3.16.h_bl_fc 
(8, -1, 29), [0, 3, 1], 3.16.h_bl_hs 
(4, 3, 11), [0, 3, 3], 3.16.h_bn_fk 
(8, -1, 31), [0, 3, 3], 3.16.h_bn_ii 
(4, 3, 13), [0, 3, 1], 3.16.h_bp_fs 
(0, 7, 25), [0, 3, 1], 3.16.h_bp_iq 
(4, 3, 15), [0, 3, 3], 3.16.h_br_ga 
(0, 7, 27), [0, 3, 3], 3.16.h_br_iq 
(4, 3, 17), [0, 3, 1], 3.16.h_bt_gi 
(0, 7, 29), [0, 3, 1], 3.16.h_bt_iq 
(4, 3, 19), [0, 3, 3], 3.16.h_bv_gq 
(0, 7, 31), [0, 3, 3], 3.16.h_bv_iq 
(4, 3, 21), [0, 3, 1], 3.16.h_bx_gy 
(0, 7, 33), [0, 3, 1], 3.16.h_bx_iq 
(4, 3, 23), [0, 3, 3], 3.16.h_bz_hg 
(0, 7, 35), [0, 3, 3], 3.16.h_bz_iq 
(4, 3, 25), [0, 3, 1], 3.16.h_cb_ho 
(0, 7, 37), [0, 3, 1], 3.16.h_cb_iq 
(4, 3, 27), [0, 3, 3], 3.16.h_cd_hw 
(0, 7, 39), [0, 3, 3], 3.16.h_cd_iq 
(4, 3, 29), [0, 3, 1], 3.16.h_cf_ie 
(0, 7, 41), [0, 3, 1], 3.16.h_cf_iq 
(4, 3, 31), [0, 3, 3], 3.16.h_ch_im 
(0, 7, 43), [0, 3, 3], 3.16.h_ch_iq 
(4, 3, 33), [0, 3, 1], 3.16.h_cj_iu 
(8, 0, -31), [0, 0, 1], 3.16.i_ap_ajo 
(8, 0, -29), [0, 0, 3], 3.16.i_an_aiy 
(8, 0, -27), [0, 0, 1], 3.16.i_al_aii 
(8, 0, -25), [0, 0, 3], 3.16.i_aj_ahs 
(8, 0, -23), [0, 0, 1], 3.16.i_ah_ahc 
(8, 0, -21), [0, 0, 3], 3.16.i_af_agm 
(8, 0, -19), [0, 0, 1], 3.16.i_ad_afw 
(8, 0, -15), [0, 0, 1], 3.16.i_b_aeq 
(8, 0, -13), [0, 0, 3], 3.16.i_d_aea 
(8, 0, -11), [0, 0, 1], 3.16.i_f_adk 
(8, 0, -9), [0, 0, 3], 3.16.i_h_acu 
(7, 1, -12), [3, 1, 0], 3.16.i_l_aca 
(8, 0, -5), [0, 0, 3], 3.16.i_l_abo 
(8, 0, -3), [0, 0, 1], 3.16.i_n_ay 
(7, 1, -8), [3, 1, 0], 3.16.i_p_ay 
(8, 0, -1), [0, 0, 3], 3.16.i_p_ai 
(8, 0, 1), [0, 0, 1], 3.16.i_r_i 
(7, 1, -4), [3, 1, 0], 3.16.i_t_e 
(8, 0, 3), [0, 0, 3], 3.16.i_t_y 
(8, 0, 5), [0, 0, 1], 3.16.i_v_bo 
(8, 0, 9), [0, 0, 1], 3.16.i_z_cu 
(8, 0, 11), [0, 0, 3], 3.16.i_bb_dk 
(8, 0, 13), [0, 0, 1], 3.16.i_bd_ea 
(8, 0, 15), [0, 0, 3], 3.16.i_bf_eq 
(8, 0, 19), [0, 0, 3], 3.16.i_bj_fw 
(8, 0, 21), [0, 0, 1], 3.16.i_bl_gm 
(8, 0, 25), [0, 0, 1], 3.16.i_bp_hs 
(8, 0, 27), [0, 0, 3], 3.16.i_br_ii 
(8, 0, 29), [0, 0, 1], 3.16.i_bt_iy 
(0, 8, 33), [0, 0, 1], 3.16.i_bx_jw 
(5, 3, 20), [1, 3, 0], 3.16.i_bz_ho 
(0, 8, 35), [0, 0, 3], 3.16.i_bz_jw 
(4, 4, 21), [0, 0, 1], 3.16.i_cb_ie 
(0, 8, 37), [0, 0, 1], 3.16.i_cb_jw 
(5, 3, 24), [1, 3, 0], 3.16.i_cd_ii 
(4, 4, 23), [0, 0, 3], 3.16.i_cd_im 
(1, 7, 36), [1, 3, 0], 3.16.i_ch_ka 
(4, 4, 29), [0, 0, 1], 3.16.i_cj_jk 
(4, 4, 31), [0, 0, 3], 3.16.i_cl_js 
(1, 7, 40), [1, 3, 0], 3.16.i_cl_ke 
(4, 4, 33), [0, 0, 1], 3.16.i_cn_ka 
(8, 1, -23), [0, 1, 1], 3.16.j_b_afw 
(8, 1, -21), [0, 1, 3], 3.16.j_d_afg 
(8, 1, -19), [0, 1, 1], 3.16.j_f_aeq 
(8, 1, -17), [0, 1, 3], 3.16.j_h_aea 
(8, 1, -15), [0, 1, 1], 3.16.j_j_adk 
(8, 1, -13), [0, 1, 3], 3.16.j_l_acu 
(8, 1, -11), [0, 1, 1], 3.16.j_n_ace 
(8, 1, -9), [0, 1, 3], 3.16.j_p_abo 
(8, 1, -7), [0, 1, 1], 3.16.j_r_ay 
(8, 1, -5), [0, 1, 3], 3.16.j_t_ai 
(8, 1, -3), [0, 1, 1], 3.16.j_v_i 
(8, 1, -1), [0, 1, 3], 3.16.j_x_y 
(8, 1, 1), [0, 1, 1], 3.16.j_z_bo 
(8, 1, 3), [0, 1, 3], 3.16.j_bb_ce 
(8, 1, 5), [0, 1, 1], 3.16.j_bd_cu 
(8, 1, 7), [0, 1, 3], 3.16.j_bf_dk 
(8, 1, 9), [0, 1, 1], 3.16.j_bh_ea 
(8, 1, 11), [0, 1, 3], 3.16.j_bj_eq 
(-4, 13, 73), [0, 1, 1], 3.16.j_bl_eu 
(8, 1, 13), [0, 1, 1], 3.16.j_bl_fg 
(8, 1, 15), [0, 1, 3], 3.16.j_bn_fw 
(8, 1, 17), [0, 1, 1], 3.16.j_bp_gm 
(8, 1, 19), [0, 1, 3], 3.16.j_br_hc 
(4, 5, 9), [0, 1, 1], 3.16.j_bt_ho 
(8, 1, 21), [0, 1, 1], 3.16.j_bt_hs 
(4, 5, 11), [0, 1, 3], 3.16.j_bv_hw 
(8, 1, 23), [0, 1, 3], 3.16.j_bv_ii 
(4, 5, 13), [0, 1, 1], 3.16.j_bx_ie 
(8, 1, 25), [0, 1, 1], 3.16.j_bx_iy 
(4, 5, 15), [0, 1, 3], 3.16.j_bz_im 
(8, 1, 27), [0, 1, 3], 3.16.j_bz_jo 
(4, 5, 17), [0, 1, 1], 3.16.j_cb_iu 
(8, 1, 29), [0, 1, 1], 3.16.j_cb_ke 
(4, 5, 19), [0, 1, 3], 3.16.j_cd_jc 
(8, 1, 31), [0, 1, 3], 3.16.j_cd_ku 
(4, 5, 21), [0, 1, 1], 3.16.j_cf_jk 
(0, 9, 41), [0, 1, 1], 3.16.j_cf_lc 
(4, 5, 23), [0, 1, 3], 3.16.j_ch_js 
(0, 9, 43), [0, 1, 3], 3.16.j_ch_lc 
(4, 5, 25), [0, 1, 1], 3.16.j_cj_ka 
(0, 9, 45), [0, 1, 1], 3.16.j_cj_lc 
(4, 5, 27), [0, 1, 3], 3.16.j_cl_ki 
(0, 9, 47), [0, 1, 3], 3.16.j_cl_lc 
(4, 5, 29), [0, 1, 1], 3.16.j_cn_kq 
(0, 9, 49), [0, 1, 1], 3.16.j_cn_lc 
(4, 5, 31), [0, 1, 3], 3.16.j_cp_ky 
(0, 9, 51), [0, 1, 3], 3.16.j_cp_lc 
(4, 5, 33), [0, 1, 1], 3.16.j_cr_lg 
(4, 5, 35), [0, 1, 3], 3.16.j_ct_lo 
(4, 5, 37), [0, 1, 1], 3.16.j_cv_lw 
(8, 2, -15), [0, 2, 1], 3.16.k_r_ace 
(8, 2, -13), [0, 2, 3], 3.16.k_t_abo 
(8, 2, -11), [0, 2, 1], 3.16.k_v_ay 
(8, 2, -9), [0, 2, 3], 3.16.k_x_ai 
(8, 2, -7), [0, 2, 1], 3.16.k_z_i 
(8, 2, -5), [0, 2, 3], 3.16.k_bb_y 
(8, 2, -1), [0, 2, 3], 3.16.k_bf_ce 
(8, 2, 1), [0, 2, 1], 3.16.k_bh_cu 
(8, 2, 3), [0, 2, 3], 3.16.k_bj_dk 
(7, 3, 0), [3, 3, 0], 3.16.k_bl_ds 
(8, 2, 5), [0, 2, 1], 3.16.k_bl_ea 
(8, 2, 7), [0, 2, 3], 3.16.k_bn_eq 
(8, 2, 11), [0, 2, 3], 3.16.k_br_fw 
(8, 2, 13), [0, 2, 1], 3.16.k_bt_gm 
(8, 2, 15), [0, 2, 3], 3.16.k_bv_hc 
(8, 2, 19), [0, 2, 3], 3.16.k_bz_ii 
(8, 2, 21), [0, 2, 1], 3.16.k_cb_iy 
(8, 2, 23), [0, 2, 3], 3.16.k_cd_jo 
(8, 2, 25), [0, 2, 1], 3.16.k_cf_ke 
(8, 2, 27), [0, 2, 3], 3.16.k_ch_ku 
(8, 2, 31), [0, 2, 3], 3.16.k_cl_ma 
(4, 6, 29), [0, 2, 1], 3.16.k_cr_lw 
(1, 9, 48), [1, 1, 0], 3.16.k_cv_my 
(3, 7, 40), [3, 3, 0], 3.16.k_cz_ng 
(4, 6, 39), [0, 2, 3], 3.16.k_db_nk 
(8, 3, -7), [0, 3, 1], 3.16.l_bh_bo 
(8, 3, -5), [0, 3, 3], 3.16.l_bj_ce 
(8, 3, -3), [0, 3, 1], 3.16.l_bl_cu 
(8, 3, -1), [0, 3, 3], 3.16.l_bn_dk 
(8, 3, 1), [0, 3, 1], 3.16.l_bp_ea 
(8, 3, 3), [0, 3, 3], 3.16.l_br_eq 
(8, 3, 5), [0, 3, 1], 3.16.l_bt_fg 
(8, 3, 7), [0, 3, 3], 3.16.l_bv_fw 
(8, 3, 9), [0, 3, 1], 3.16.l_bx_gm 
(8, 3, 11), [0, 3, 3], 3.16.l_bz_hc 
(8, 3, 13), [0, 3, 1], 3.16.l_cb_hs 
(8, 3, 15), [0, 3, 3], 3.16.l_cd_ii 
(8, 3, 17), [0, 3, 1], 3.16.l_cf_iy 
(8, 3, 19), [0, 3, 3], 3.16.l_ch_jo 
(8, 3, 21), [0, 3, 1], 3.16.l_cj_ke 
(8, 3, 23), [0, 3, 3], 3.16.l_cl_ku 
(8, 3, 25), [0, 3, 1], 3.16.l_cn_lk 
(8, 3, 27), [0, 3, 3], 3.16.l_cp_ma 
(4, 7, 25), [0, 3, 1], 3.16.l_cr_mm 
(8, 3, 29), [0, 3, 1], 3.16.l_cr_mq 
(4, 7, 27), [0, 3, 3], 3.16.l_ct_mu 
(8, 3, 31), [0, 3, 3], 3.16.l_ct_ng 
(4, 7, 29), [0, 3, 1], 3.16.l_cv_nc 
(0, 11, 57), [0, 3, 1], 3.16.l_cv_no 
(8, 3, 33), [0, 3, 1], 3.16.l_cv_nw 
(4, 7, 31), [0, 3, 3], 3.16.l_cx_nk 
(0, 11, 59), [0, 3, 3], 3.16.l_cx_no 
(0, 11, 61), [0, 3, 1], 3.16.l_cz_no 
(4, 7, 33), [0, 3, 1], 3.16.l_cz_ns 
(4, 7, 35), [0, 3, 3], 3.16.l_db_oa 
(4, 7, 37), [0, 3, 1], 3.16.l_dd_oi 
(4, 7, 39), [0, 3, 3], 3.16.l_df_oq 
(4, 7, 41), [0, 3, 1], 3.16.l_dh_oy 
(4, 7, 43), [0, 3, 3], 3.16.l_dj_pg 
(8, 4, 1), [0, 0, 1], 3.16.m_bx_fg 
(8, 4, 3), [0, 0, 3], 3.16.m_bz_fw 
(8, 4, 5), [0, 0, 1], 3.16.m_cb_gm 
(8, 4, 7), [0, 0, 3], 3.16.m_cd_hc 
(8, 4, 9), [0, 0, 1], 3.16.m_cf_hs 
(8, 4, 13), [0, 0, 1], 3.16.m_cj_iy 
(8, 4, 15), [0, 0, 3], 3.16.m_cl_jo 
(8, 4, 17), [0, 0, 1], 3.16.m_cn_ke 
(7, 5, 16), [3, 1, 0], 3.16.m_cp_km 
(8, 4, 19), [0, 0, 3], 3.16.m_cp_ku 
(8, 4, 21), [0, 0, 1], 3.16.m_cr_lk 
(7, 5, 20), [3, 1, 0], 3.16.m_ct_lo 
(8, 4, 23), [0, 0, 3], 3.16.m_ct_ma 
(8, 4, 25), [0, 0, 1], 3.16.m_cv_mq 
(8, 4, 29), [0, 0, 1], 3.16.m_cz_nw 
(8, 4, 31), [0, 0, 3], 3.16.m_db_om 
(0, 12, 65), [0, 0, 1], 3.16.m_dd_ou 
(8, 4, 33), [0, 0, 1], 3.16.m_dd_pc 
(4, 8, 37), [0, 0, 1], 3.16.m_dh_po 
(3, 9, 44), [3, 1, 0], 3.16.m_dj_qe 
(5, 7, 40), [1, 3, 0], 3.16.m_dn_qi 
(4, 8, 43), [0, 0, 3], 3.16.m_dn_qm 
(3, 9, 48), [3, 1, 0], 3.16.m_dn_qq 
(4, 8, 45), [0, 0, 1], 3.16.m_dp_qu 
(8, 5, 9), [0, 1, 1], 3.16.n_cn_iy 
(8, 5, 11), [0, 1, 3], 3.16.n_cp_jo 
(8, 5, 13), [0, 1, 1], 3.16.n_cr_ke 
(8, 5, 15), [0, 1, 3], 3.16.n_ct_ku 
(8, 5, 17), [0, 1, 1], 3.16.n_cv_lk 
(8, 5, 19), [0, 1, 3], 3.16.n_cx_ma 
(8, 5, 21), [0, 1, 1], 3.16.n_cz_mq 
(8, 5, 23), [0, 1, 3], 3.16.n_db_ng 
(8, 5, 25), [0, 1, 1], 3.16.n_dd_nw 
(8, 5, 27), [0, 1, 3], 3.16.n_df_om 
(8, 5, 29), [0, 1, 1], 3.16.n_dh_pc 
(8, 5, 31), [0, 1, 3], 3.16.n_dj_ps 
(0, 13, 73), [0, 1, 1], 3.16.n_dl_qa 
(8, 5, 33), [0, 1, 1], 3.16.n_dl_qi 
(8, 5, 35), [0, 1, 3], 3.16.n_dn_qy 
(4, 9, 41), [0, 1, 1], 3.16.n_dp_rk 
(8, 5, 37), [0, 1, 1], 3.16.n_dp_ro 
(4, 9, 43), [0, 1, 3], 3.16.n_dr_rs 
(4, 9, 45), [0, 1, 1], 3.16.n_dt_sa 
(4, 9, 47), [0, 1, 3], 3.16.n_dv_si 
(4, 9, 49), [0, 1, 1], 3.16.n_dx_sq 
(4, 9, 51), [0, 1, 3], 3.16.n_dz_sy 
(8, 6, 17), [0, 2, 1], 3.16.o_dd_mq 
(8, 6, 19), [0, 2, 3], 3.16.o_df_ng 
(8, 6, 21), [0, 2, 1], 3.16.o_dh_nw 
(8, 6, 23), [0, 2, 3], 3.16.o_dj_om 
(8, 6, 27), [0, 2, 3], 3.16.o_dn_ps 
(7, 7, 28), [3, 3, 0], 3.16.o_dp_qe 
(8, 6, 29), [0, 2, 1], 3.16.o_dp_qi 
(8, 6, 31), [0, 2, 3], 3.16.o_dr_qy 
(8, 6, 33), [0, 2, 1], 3.16.o_dt_ro 
(8, 6, 35), [0, 2, 3], 3.16.o_dv_se 
(7, 7, 36), [3, 3, 0], 3.16.o_dx_si 
(8, 6, 39), [0, 2, 3], 3.16.o_dz_tk 
(7, 7, 40), [3, 3, 0], 3.16.o_eb_tk 
(4, 10, 49), [0, 2, 1], 3.16.o_eb_tw 
(4, 10, 51), [0, 2, 3], 3.16.o_ed_ue 
(5, 9, 48), [1, 1, 0], 3.16.o_ef_ui 
(4, 10, 55), [0, 2, 3], 3.16.o_eh_uu 
(8, 7, 25), [0, 3, 1], 3.16.p_dt_qi 
(8, 7, 27), [0, 3, 3], 3.16.p_dv_qy 
(8, 7, 29), [0, 3, 1], 3.16.p_dx_ro 
(8, 7, 31), [0, 3, 3], 3.16.p_dz_se 
(8, 7, 33), [0, 3, 1], 3.16.p_eb_su 
(8, 7, 35), [0, 3, 3], 3.16.p_ed_tk 
(8, 7, 37), [0, 3, 1], 3.16.p_ef_ua 
(8, 7, 39), [0, 3, 3], 3.16.p_eh_uq 
(8, 7, 41), [0, 3, 1], 3.16.p_ej_vg 
(8, 7, 43), [0, 3, 3], 3.16.p_el_vw 
(4, 11, 57), [0, 3, 1], 3.16.p_en_wi 
(4, 11, 59), [0, 3, 3], 3.16.p_ep_wq 
(4, 11, 61), [0, 3, 1], 3.16.p_er_wy 
(8, 8, 33), [0, 0, 1], 3.16.q_ej_ua 
(8, 8, 35), [0, 0, 3], 3.16.q_el_uq 
(8, 8, 37), [0, 0, 1], 3.16.q_en_vg 
(8, 8, 41), [0, 0, 1], 3.16.q_er_wm 
(7, 9, 44), [3, 1, 0], 3.16.q_et_wy 
(8, 8, 43), [0, 0, 3], 3.16.q_et_xc 
(8, 8, 45), [0, 0, 1], 3.16.q_ev_xs 
(7, 9, 48), [3, 1, 0], 3.16.q_ex_ya 
(4, 12, 65), [0, 0, 1], 3.16.q_ez_yu 
(8, 9, 41), [0, 1, 1], 3.16.r_ez_xs 
(8, 9, 43), [0, 1, 3], 3.16.r_fb_yi 
(8, 9, 45), [0, 1, 1], 3.16.r_fd_yy 
(8, 9, 47), [0, 1, 3], 3.16.r_ff_zo 
(8, 9, 49), [0, 1, 1], 3.16.r_fh_bae 
(8, 9, 51), [0, 1, 3], 3.16.r_fj_bau 
(4, 13, 73), [0, 1, 1], 3.16.r_fl_bbg 
(8, 10, 49), [0, 2, 1], 3.16.s_fp_bbk 
(8, 10, 51), [0, 2, 3], 3.16.s_fr_bca 
(8, 10, 55), [0, 2, 3], 3.16.s_fv_bdg 
(8, 11, 57), [0, 3, 1], 3.16.t_gf_bfc 
(8, 11, 59), [0, 3, 3], 3.16.t_gh_bfs 
(8, 11, 61), [0, 3, 1], 3.16.t_gj_bgi 
(8, 12, 65), [0, 0, 1], 3.16.u_gv_biu 
(8, 13, 73), [0, 1, 1], 3.16.v_hl_bmm 
