(-10, -12, 78), [15, 13, 3] 
(-10, -11, 76), [15, 14, 1] 
(-5, -16, 112), [20, 9, 12] 
(-7, -13, 85), [18, 12, 10] 
(-10, -9, 56), [15, 16, 6] 
(-10, -8, 34), [15, 17, 9] 
(-10, -8, 38), [15, 17, 13] 
(-10, -8, 39), [15, 17, 14] 
(-10, -8, 42), [15, 17, 17] 
(-10, -8, 46), [15, 17, 21] 
(-10, -8, 48), [15, 17, 23] 
(-10, -8, 58), [15, 17, 8] 
(-9, -9, 60), [16, 16, 10] 
(-9, -9, 65), [16, 16, 15] 
(-5, -13, 82), [20, 12, 7] 
(-7, -11, 70), [18, 14, 20] 
(-5, -13, 83), [20, 12, 8] 
(-5, -13, 84), [20, 12, 9] 
(-5, -13, 88), [20, 12, 13] 
(-10, -7, 36), [15, 18, 11] 
(-10, -7, 38), [15, 18, 13] 
(-8, -9, 45), [17, 16, 20] 
(-10, -7, 52), [15, 18, 2] 
(-6, -11, 65), [19, 14, 15] 
(-9, -8, 60), [16, 17, 10] 
(-5, -12, 76), [20, 13, 1] 
(-8, -9, 65), [17, 16, 15] 
(-10, -6, 18), [15, 19, 18] 
(-10, -6, 19), [15, 19, 19] 
(-10, -6, 26), [15, 19, 1] 
(-10, -6, 28), [15, 19, 3] 
(-10, -6, 37), [15, 19, 12] 
(-8, -8, 35), [17, 17, 10] 
(-10, -6, 42), [15, 19, 17] 
(-9, -7, 40), [16, 18, 15] 
(-8, -8, 40), [17, 17, 15] 
(-10, -6, 46), [15, 19, 21] 
(-7, -9, 45), [18, 16, 20] 
(-9, -7, 45), [16, 18, 20] 
(-5, -11, 62), [20, 14, 12] 
(-5, -11, 63), [20, 14, 13] 
(-9, -7, 55), [16, 18, 5] 
(-7, -9, 55), [18, 16, 5] 
(-5, -11, 64), [20, 14, 14] 
(-8, -8, 55), [17, 17, 5] 
(-5, -11, 66), [20, 14, 16] 
(-7, -9, 60), [18, 16, 10] 
(-3, -13, 85), [22, 12, 10] 
(-5, -11, 69), [20, 14, 19] 
(-8, -8, 60), [17, 17, 10] 
(-5, -11, 72), [20, 14, 22] 
(-5, -11, 73), [20, 14, 23] 
(-5, -11, 76), [20, 14, 1] 
(-10, -5, 16), [15, 20, 16] 
(-10, -5, 18), [15, 20, 18] 
(-10, -5, 32), [15, 20, 7] 
(-9, -6, 30), [16, 19, 5] 
(-8, -7, 30), [17, 18, 5] 
(-8, -7, 35), [17, 18, 10] 
(-9, -6, 40), [16, 19, 15] 
(-7, -8, 40), [18, 17, 15] 
(-10, -5, 48), [15, 20, 23] 
(-10, -5, 49), [15, 20, 24] 
(-6, -9, 45), [19, 16, 20] 
(-5, -10, 52), [20, 15, 2] 
(-5, -10, 54), [20, 15, 4] 
(-5, -10, 56), [20, 15, 6] 
(-5, -10, 58), [20, 15, 8] 
(-4, -11, 65), [21, 14, 15] 
(-6, -9, 55), [19, 16, 5] 
(-2, -13, 85), [23, 12, 10] 
(-8, -7, 55), [17, 18, 5] 
(-5, -10, 62), [20, 15, 12] 
(-4, -11, 70), [21, 14, 20] 
(-5, -10, 64), [20, 15, 14] 
(-6, -9, 60), [19, 16, 10] 
(-5, -10, 68), [20, 15, 18] 
(-10, -4, -2), [15, 21, 23] 
(-10, -4, -1), [15, 21, 24] 
(-10, -4, 2), [15, 21, 2] 
(-10, -4, 6), [15, 21, 6] 
(-10, -4, 14), [15, 21, 14] 
(-10, -4, 17), [15, 21, 17] 
(-10, -4, 22), [15, 21, 22] 
(-10, -4, 26), [15, 21, 1] 
(-8, -6, 20), [17, 19, 20] 
(-10, -4, 34), [15, 21, 9] 
(-8, -6, 30), [17, 19, 5] 
(-10, -4, 39), [15, 21, 14] 
(-7, -7, 30), [18, 18, 5] 
(-6, -8, 35), [19, 17, 10] 
(-10, -4, 44), [15, 21, 19] 
(-7, -7, 35), [18, 18, 10] 
(-10, -4, 46), [15, 21, 21] 
(-5, -9, 42), [20, 16, 17] 
(-6, -8, 40), [19, 17, 15] 
(-8, -6, 40), [17, 19, 15] 
(-5, -9, 44), [20, 16, 19] 
(-7, -7, 40), [18, 18, 15] 
(-5, -9, 47), [20, 16, 22] 
(-5, -9, 48), [20, 16, 23] 
(-6, -8, 45), [19, 17, 20] 
(-8, -6, 45), [17, 19, 20] 
(-5, -9, 49), [20, 16, 24] 
(-5, -9, 52), [20, 16, 2] 
(-3, -11, 65), [22, 14, 15] 
(-1, -13, 85), [24, 12, 10] 
(-5, -9, 53), [20, 16, 3] 
(-5, -9, 54), [20, 16, 4] 
(-5, -9, 56), [20, 16, 6] 
(-5, -9, 57), [20, 16, 7] 
(-6, -8, 55), [19, 17, 5] 
(-5, -9, 59), [20, 16, 9] 
(-7, -7, 55), [18, 18, 5] 
(-5, -9, 61), [20, 16, 11] 
(-6, -8, 60), [19, 17, 10] 
(-10, -3, -2), [15, 22, 23] 
(-10, -3, 12), [15, 22, 12] 
(-10, -3, 16), [15, 22, 16] 
(-9, -4, 10), [16, 21, 10] 
(-9, -4, 20), [16, 21, 20] 
(-10, -3, 28), [15, 22, 3] 
(-10, -3, 29), [15, 22, 4] 
(-7, -6, 20), [18, 19, 20] 
(-10, -3, 34), [15, 22, 9] 
(-9, -4, 30), [16, 21, 5] 
(-5, -8, 32), [20, 17, 7] 
(-6, -7, 30), [19, 18, 5] 
(-7, -6, 30), [18, 19, 5] 
(-10, -3, 44), [15, 22, 19] 
(-5, -8, 34), [20, 17, 9] 
(-5, -8, 36), [20, 17, 11] 
(-9, -4, 40), [16, 21, 15] 
(-6, -7, 35), [19, 18, 10] 
(-5, -8, 38), [20, 17, 13] 
(-4, -9, 45), [21, 16, 20] 
(-5, -8, 42), [20, 17, 17] 
(-6, -7, 40), [19, 18, 15] 
(-5, -8, 44), [20, 17, 19] 
(-5, -8, 46), [20, 17, 21] 
(-6, -7, 45), [19, 18, 20] 
(-5, -8, 48), [20, 17, 23] 
(-4, -9, 55), [21, 16, 5] 
(-5, -8, 52), [20, 17, 2] 
(-5, -8, 54), [20, 17, 4] 
(-4, -9, 60), [21, 16, 10] 
(-5, -8, 58), [20, 17, 8] 
(-10, -2, -22), [15, 23, 3] 
(-10, -2, -14), [15, 23, 11] 
(-10, -2, -12), [15, 23, 13] 
(-9, -3, -15), [16, 22, 10] 
(-10, -2, -6), [15, 23, 19] 
(-10, -2, -3), [15, 23, 22] 
(-10, -2, 6), [15, 23, 6] 
(5, -17, 121), [5, 8, 21] 
(-10, -2, 18), [15, 23, 18] 
(-10, -2, 19), [15, 23, 19] 
(-9, -3, 15), [16, 22, 15] 
(-8, -4, 10), [17, 21, 10] 
(-10, -2, 24), [15, 23, 24] 
(-9, -3, 20), [16, 22, 20] 
(-10, -2, 33), [15, 23, 8] 
(-10, -2, 34), [15, 23, 9] 
(-5, -7, 21), [20, 18, 21] 
(-6, -6, 20), [19, 19, 20] 
(-5, -7, 22), [20, 18, 22] 
(-9, -3, 30), [16, 22, 5] 
(-5, -7, 23), [20, 18, 23] 
(-5, -7, 24), [20, 18, 24] 
(-5, -7, 26), [20, 18, 1] 
(-5, -7, 27), [20, 18, 2] 
(-9, -3, 35), [16, 22, 10] 
(-8, -4, 30), [17, 21, 5] 
(-5, -7, 28), [20, 18, 3] 
(-5, -7, 29), [20, 18, 4] 
(-5, -7, 31), [20, 18, 6] 
(-6, -6, 30), [19, 19, 5] 
(-4, -8, 35), [21, 17, 10] 
(-5, -7, 33), [20, 18, 8] 
(-5, -7, 34), [20, 18, 9] 
(-5, -7, 36), [20, 18, 11] 
(-6, -6, 35), [19, 19, 10] 
(-3, -9, 45), [22, 16, 20] 
(1, -13, 85), [1, 12, 10] 
(-4, -8, 40), [21, 17, 15] 
(-9, -3, 45), [16, 22, 20] 
(-5, -7, 37), [20, 18, 12] 
(-8, -4, 40), [17, 21, 15] 
(-5, -7, 38), [20, 18, 13] 
(-5, -7, 39), [20, 18, 14] 
(-5, -7, 41), [20, 18, 16] 
(-6, -6, 40), [19, 19, 15] 
(-4, -8, 45), [21, 17, 20] 
(-5, -7, 43), [20, 18, 18] 
(-5, -7, 44), [20, 18, 19] 
(-1, -11, 70), [24, 14, 20] 
(-5, -7, 46), [20, 18, 21] 
(-6, -6, 45), [19, 19, 20] 
(-3, -9, 55), [22, 16, 5] 
(-5, -7, 47), [20, 18, 22] 
(-5, -7, 48), [20, 18, 23] 
(-5, -7, 49), [20, 18, 24] 
(-3, -9, 60), [22, 16, 10] 
(-4, -8, 55), [21, 17, 5] 
(-5, -7, 52), [20, 18, 2] 
(-5, -7, 54), [20, 18, 4] 
(-4, -8, 60), [21, 17, 10] 
(-10, -1, -8), [15, 24, 17] 
(-10, -1, -4), [15, 24, 21] 
(-8, -3, -15), [17, 22, 10] 
(-8, -3, -10), [17, 22, 15] 
(-10, -1, 9), [15, 24, 9] 
(-10, -1, 14), [15, 24, 14] 
(-9, -2, 10), [16, 23, 10] 
(-8, -3, 5), [17, 22, 5] 
(5, -16, 112), [5, 9, 12] 
(-10, -1, 24), [15, 24, 24] 
(-9, -2, 20), [16, 23, 20] 
(-7, -4, 10), [18, 21, 10] 
(-8, -3, 15), [17, 22, 15] 
(-10, -1, 32), [15, 24, 7] 
(-5, -6, 12), [20, 19, 12] 
(-5, -6, 14), [20, 19, 14] 
(-8, -3, 20), [17, 22, 20] 
(-5, -6, 16), [20, 19, 16] 
(-5, -6, 18), [20, 19, 18] 
(-9, -2, 30), [16, 23, 5] 
(-7, -4, 20), [18, 21, 20] 
(-10, -1, 41), [15, 24, 16] 
(-5, -6, 22), [20, 19, 22] 
(-5, -6, 24), [20, 19, 24] 
(-8, -3, 30), [17, 22, 5] 
(-5, -6, 26), [20, 19, 1] 
(-4, -7, 30), [21, 18, 5] 
(-9, -2, 40), [16, 23, 15] 
(-5, -6, 28), [20, 19, 3] 
(2, -13, 85), [2, 12, 10] 
(-8, -3, 35), [17, 22, 10] 
(-5, -6, 32), [20, 19, 7] 
(-2, -9, 45), [23, 16, 20] 
(-4, -7, 35), [21, 18, 10] 
(-3, -8, 40), [22, 17, 15] 
(-5, -6, 36), [20, 19, 11] 
(-4, -7, 40), [21, 18, 15] 
(-5, -6, 38), [20, 19, 13] 
(-8, -3, 45), [17, 22, 20] 
(-5, -6, 42), [20, 19, 17] 
(-2, -9, 55), [23, 16, 5] 
(-4, -7, 45), [21, 18, 20] 
(-5, -6, 44), [20, 19, 19] 
(-5, -6, 46), [20, 19, 21] 
(-2, -9, 60), [23, 16, 10] 
(-5, -6, 48), [20, 19, 23] 
(-10, 0, -46), [15, 0, 4] 
(-10, 0, -34), [15, 0, 16] 
(-10, 0, -32), [15, 0, 18] 
(-9, -1, -30), [16, 24, 20] 
(-10, 0, -18), [15, 0, 7] 
(-9, -1, -20), [16, 24, 5] 
(-9, -1, -15), [16, 24, 10] 
(-8, -2, -20), [17, 23, 5] 
(-10, 0, -2), [15, 0, 23] 
(-10, 0, -1), [15, 0, 24] 
(-9, -1, -10), [16, 24, 15] 
(-8, -2, -15), [17, 23, 10] 
(-10, 0, 2), [15, 0, 2] 
(-10, 0, 4), [15, 0, 4] 
(-9, -1, -5), [16, 24, 20] 
(-10, 0, 6), [15, 0, 6] 
(-7, -3, -15), [18, 22, 10] 
(-8, -2, -10), [17, 23, 15] 
(-7, -3, -10), [18, 22, 15] 
(-10, 0, 13), [15, 0, 13] 
(-9, -1, 5), [16, 24, 5] 
(-7, -3, -5), [18, 22, 20] 
(-10, 0, 18), [15, 0, 18] 
(-6, -4, -5), [19, 21, 20] 
(-9, -1, 10), [16, 24, 10] 
(-10, 0, 22), [15, 0, 22] 
(-9, -1, 15), [16, 24, 15] 
(-10, 0, 26), [15, 0, 1] 
(5, -15, 101), [5, 10, 1] 
(-7, -3, 5), [18, 22, 5] 
(-8, -2, 10), [17, 23, 10] 
(-5, -5, 2), [20, 20, 2] 
(5, -15, 102), [5, 10, 2] 
(-5, -5, 3), [20, 20, 3] 
(5, -15, 103), [5, 10, 3] 
(-5, -5, 4), [20, 20, 4] 
(-10, 0, 31), [15, 0, 6] 
(-5, -5, 6), [20, 20, 6] 
(-5, -5, 7), [20, 20, 7] 
(-5, -5, 8), [20, 20, 8] 
(-5, -5, 9), [20, 20, 9] 
(-6, -4, 10), [19, 21, 10] 
(-5, -5, 11), [20, 20, 11] 
(-8, -2, 20), [17, 23, 20] 
(-7, -3, 15), [18, 22, 15] 
(-5, -5, 12), [20, 20, 12] 
(-5, -5, 13), [20, 20, 13] 
(-6, -4, 15), [19, 21, 15] 
(-5, -5, 16), [20, 20, 16] 
(-7, -3, 20), [18, 22, 20] 
(-10, 0, 42), [15, 0, 17] 
(-5, -5, 17), [20, 20, 17] 
(-5, -5, 18), [20, 20, 18] 
(-4, -6, 20), [21, 19, 20] 
(-9, -1, 35), [16, 24, 10] 
(-5, -5, 19), [20, 20, 19] 
(-6, -4, 20), [19, 21, 20] 
(3, -13, 85), [3, 12, 10] 
(-5, -5, 21), [20, 20, 21] 
(-8, -2, 30), [17, 23, 5] 
(-5, -5, 22), [20, 20, 22] 
(-10, 0, 48), [15, 0, 23] 
(-5, -5, 23), [20, 20, 23] 
(-9, -1, 40), [16, 24, 15] 
(-5, -5, 24), [20, 20, 24] 
(-2, -8, 35), [23, 17, 10] 
(-3, -7, 30), [22, 18, 5] 
(-7, -3, 30), [18, 22, 5] 
(-5, -5, 27), [20, 20, 2] 
(-5, -5, 28), [20, 20, 3] 
(-1, -9, 45), [24, 16, 20] 
(1, -11, 65), [1, 14, 15] 
(-9, -1, 45), [16, 24, 20] 
(-4, -6, 30), [21, 19, 5] 
(-5, -5, 29), [20, 20, 4] 
(-6, -4, 30), [19, 21, 5] 
(-2, -8, 40), [23, 17, 15] 
(-3, -7, 35), [22, 18, 10] 
(-8, -2, 40), [17, 23, 15] 
(-5, -5, 31), [20, 20, 6] 
(-7, -3, 35), [18, 22, 10] 
(-5, -5, 32), [20, 20, 7] 
(-5, -5, 33), [20, 20, 8] 
(1, -11, 70), [1, 14, 20] 
(-4, -6, 35), [21, 19, 10] 
(-5, -5, 34), [20, 20, 9] 
(-2, -8, 45), [23, 17, 20] 
(-3, -7, 40), [22, 18, 15] 
(-8, -2, 45), [17, 23, 20] 
(-5, -5, 37), [20, 20, 12] 
(-5, -5, 38), [20, 20, 13] 
(-4, -6, 40), [21, 19, 15] 
(-5, -5, 39), [20, 20, 14] 
(-6, -4, 40), [19, 21, 15] 
(-3, -7, 45), [22, 18, 20] 
(-5, -5, 41), [20, 20, 16] 
(-5, -5, 42), [20, 20, 17] 
(-5, -5, 43), [20, 20, 18] 
(-1, -9, 60), [24, 16, 10] 
(-4, -6, 45), [21, 19, 20] 
(-5, -5, 48), [20, 20, 23] 
(-1, -9, 65), [24, 16, 15] 
(-2, -8, 60), [23, 17, 10] 
(-3, -7, 55), [22, 18, 5] 
(-5, -5, 52), [20, 20, 2] 
(-10, 1, -28), [15, 1, 22] 
(-10, 1, -24), [15, 1, 1] 
(-10, 1, -12), [15, 1, 13] 
(-8, -1, -30), [17, 24, 20] 
(-10, 1, -11), [15, 1, 14] 
(-8, -1, -20), [17, 24, 5] 
(-8, -1, -15), [17, 24, 10] 
(-10, 1, 4), [15, 1, 4] 
(-7, -2, -20), [18, 23, 5] 
(-10, 1, 12), [15, 1, 12] 
(-6, -3, -15), [19, 22, 10] 
(-7, -2, -10), [18, 23, 15] 
(-6, -3, -10), [19, 22, 15] 
(-10, 1, 21), [15, 1, 21] 
(-5, -4, -8), [20, 21, 17] 
(-6, -3, -5), [19, 22, 20] 
(-8, -1, 5), [17, 24, 5] 
(-5, -4, -6), [20, 21, 19] 
(-5, -4, -4), [20, 21, 21] 
(-5, -4, -2), [20, 21, 23] 
(-8, -1, 10), [17, 24, 10] 
(5, -14, 92), [5, 11, 17] 
(-5, -4, 2), [20, 21, 2] 
(-6, -3, 5), [19, 22, 5] 
(-8, -1, 15), [17, 24, 15] 
(5, -14, 94), [5, 11, 19] 
(-5, -4, 4), [20, 21, 4] 
(-7, -2, 10), [18, 23, 10] 
(-10, 1, 36), [15, 1, 11] 
(-5, -4, 6), [20, 21, 6] 
(5, -14, 96), [5, 11, 21] 
(-5, -4, 8), [20, 21, 8] 
(-5, -4, 12), [20, 21, 12] 
(4, -13, 85), [4, 12, 10] 
(-6, -3, 15), [19, 22, 15] 
(-5, -4, 14), [20, 21, 14] 
(-7, -2, 20), [18, 23, 20] 
(-5, -4, 16), [20, 21, 16] 
(-3, -6, 20), [22, 19, 20] 
(-6, -3, 20), [19, 22, 20] 
(-5, -4, 22), [20, 21, 22] 
(2, -11, 65), [2, 14, 15] 
(-8, -1, 35), [17, 24, 10] 
(-2, -7, 30), [23, 18, 5] 
(-5, -4, 24), [20, 21, 24] 
(-7, -2, 30), [18, 23, 5] 
(-5, -4, 26), [20, 21, 1] 
(-1, -8, 40), [24, 17, 15] 
(2, -11, 70), [2, 14, 20] 
(-3, -6, 30), [22, 19, 5] 
(-8, -1, 40), [17, 24, 15] 
(-5, -4, 28), [20, 21, 3] 
(-2, -7, 35), [23, 18, 10] 
(-8, -1, 45), [17, 24, 20] 
(-2, -7, 40), [23, 18, 15] 
(-7, -2, 40), [18, 23, 15] 
(-5, -4, 34), [20, 21, 9] 
(-5, -4, 36), [20, 21, 11] 
(-3, -6, 40), [22, 19, 15] 
(-2, -7, 45), [23, 18, 20] 
(-6, -3, 45), [19, 22, 20] 
(-2, -7, 55), [23, 18, 5] 
(-10, 2, -22), [15, 2, 3] 
(-10, 2, -21), [15, 2, 4] 
(-10, 2, -14), [15, 2, 11] 
(-9, 1, -20), [16, 1, 5] 
(-7, -1, -35), [18, 24, 15] 
(-10, 2, -7), [15, 2, 18] 
(-10, 2, -6), [15, 2, 19] 
(-9, 1, -15), [16, 1, 10] 
(-7, -1, -30), [18, 24, 20] 
(-9, 1, -10), [16, 1, 15] 
(-9, 1, -5), [16, 1, 20] 
(-7, -1, -20), [18, 24, 5] 
(-10, 2, 11), [15, 2, 11] 
(-6, -2, -20), [19, 23, 5] 
(-7, -1, -15), [18, 24, 10] 
(-5, -3, -19), [20, 22, 6] 
(-9, 1, 5), [16, 1, 5] 
(-5, -3, -18), [20, 22, 7] 
(-6, -2, -15), [19, 23, 10] 
(-7, -1, -10), [18, 24, 15] 
(-10, 2, 18), [15, 2, 18] 
(-5, -3, -17), [20, 22, 8] 
(-5, -3, -16), [20, 22, 9] 
(-5, -3, -14), [20, 22, 11] 
(-9, 1, 10), [16, 1, 10] 
(-5, -3, -13), [20, 22, 12] 
(-6, -2, -10), [19, 23, 15] 
(-7, -1, -5), [18, 24, 20] 
(-5, -3, -12), [20, 22, 13] 
(-5, -3, -11), [20, 22, 14] 
(-5, -3, -9), [20, 22, 16] 
(-9, 1, 15), [16, 1, 15] 
(-5, -3, -8), [20, 22, 17] 
(-6, -2, -5), [19, 23, 20] 
(-10, 2, 28), [15, 2, 3] 
(-5, -3, -7), [20, 22, 18] 
(-10, 2, 29), [15, 2, 4] 
(-5, -3, -6), [20, 22, 19] 
(-4, -4, -5), [21, 21, 20] 
(-5, -3, -3), [20, 22, 22] 
(-5, -3, -2), [20, 22, 23] 
(-10, 2, 34), [15, 2, 9] 
(-5, -3, -1), [20, 22, 24] 
(5, -13, 81), [5, 12, 6] 
(-5, -3, 1), [20, 22, 1] 
(5, -13, 82), [5, 12, 7] 
(-5, -3, 2), [20, 22, 2] 
(-6, -2, 5), [19, 23, 5] 
(-10, 2, 38), [15, 2, 13] 
(5, -13, 83), [5, 12, 8] 
(-5, -3, 3), [20, 22, 3] 
(5, -13, 84), [5, 12, 9] 
(-5, -3, 4), [20, 22, 4] 
(-5, -3, 6), [20, 22, 6] 
(5, -13, 87), [5, 12, 12] 
(-5, -3, 7), [20, 22, 7] 
(-6, -2, 10), [19, 23, 10] 
(5, -13, 88), [5, 12, 13] 
(-5, -3, 8), [20, 22, 8] 
(5, -13, 89), [5, 12, 14] 
(-5, -3, 9), [20, 22, 9] 
(-9, 1, 35), [16, 1, 10] 
(-4, -4, 10), [21, 21, 10] 
(-5, -3, 11), [20, 22, 11] 
(5, -13, 91), [5, 12, 16] 
(-5, -3, 12), [20, 22, 12] 
(-5, -3, 13), [20, 22, 13] 
(-5, -3, 14), [20, 22, 14] 
(-9, 1, 40), [16, 1, 15] 
(-4, -4, 15), [21, 21, 15] 
(-5, -3, 16), [20, 22, 16] 
(3, -11, 65), [3, 14, 15] 
(-2, -6, 20), [23, 19, 20] 
(-5, -3, 17), [20, 22, 17] 
(-6, -2, 20), [19, 23, 20] 
(-5, -3, 18), [20, 22, 18] 
(-5, -3, 19), [20, 22, 19] 
(1, -9, 45), [1, 16, 20] 
(-9, 1, 45), [16, 1, 20] 
(-4, -4, 20), [21, 21, 20] 
(-5, -3, 21), [20, 22, 21] 
(-1, -7, 30), [24, 18, 5] 
(3, -11, 70), [3, 14, 20] 
(-5, -3, 23), [20, 22, 23] 
(-5, -3, 24), [20, 22, 24] 
(-5, -3, 26), [20, 22, 1] 
(-1, -7, 35), [24, 18, 10] 
(-2, -6, 30), [23, 19, 5] 
(-7, -1, 35), [18, 24, 10] 
(-5, -3, 27), [20, 22, 2] 
(-6, -2, 30), [19, 23, 5] 
(-5, -3, 28), [20, 22, 3] 
(1, -9, 55), [1, 16, 5] 
(-4, -4, 30), [21, 21, 5] 
(-1, -7, 40), [24, 18, 15] 
(-2, -6, 35), [23, 19, 10] 
(-7, -1, 40), [18, 24, 15] 
(-5, -3, 33), [20, 22, 8] 
(-5, -3, 34), [20, 22, 9] 
(1, -9, 60), [1, 16, 10] 
(-5, -3, 36), [20, 22, 11] 
(-2, -6, 40), [23, 19, 15] 
(-7, -1, 45), [18, 24, 20] 
(-6, -2, 40), [19, 23, 15] 
(-4, -4, 40), [21, 21, 15] 
(-2, -6, 45), [23, 19, 20] 
(-6, -2, 45), [19, 23, 20] 
(-5, -3, 42), [20, 22, 17] 
(-5, -3, 44), [20, 22, 19] 
(-5, -3, 47), [20, 22, 22] 
(-5, -3, 48), [20, 22, 23] 
(-5, -3, 49), [20, 22, 24] 
(-5, -3, 51), [20, 22, 1] 
(-10, 3, -16), [15, 3, 9] 
(-8, 1, -35), [17, 1, 15] 
(-10, 3, -8), [15, 3, 17] 
(-8, 1, -30), [17, 1, 20] 
(-10, 3, 1), [15, 3, 1] 
(-6, -1, -35), [19, 24, 15] 
(-9, 2, -10), [16, 2, 15] 
(-6, -1, -30), [19, 24, 20] 
(-8, 1, -15), [17, 1, 10] 
(-5, -2, -28), [20, 23, 22] 
(-8, 1, -10), [17, 1, 15] 
(-5, -2, -26), [20, 23, 24] 
(-10, 3, 16), [15, 3, 16] 
(-5, -2, -24), [20, 23, 1] 
(-6, -1, -20), [19, 24, 5] 
(-8, 1, -5), [17, 1, 20] 
(-10, 3, 18), [15, 3, 18] 
(-5, -2, -22), [20, 23, 3] 
(-6, -1, -15), [19, 24, 10] 
(-5, -2, -18), [20, 23, 7] 
(-9, 2, 10), [16, 2, 10] 
(-5, -2, -16), [20, 23, 9] 
(-5, -2, -14), [20, 23, 11] 
(-6, -1, -10), [19, 24, 15] 
(-4, -3, -15), [21, 22, 10] 
(-8, 1, 5), [17, 1, 5] 
(-10, 3, 28), [15, 3, 3] 
(-5, -2, -12), [20, 23, 13] 
(-6, -1, -5), [19, 24, 20] 
(-4, -3, -10), [21, 22, 15] 
(-9, 2, 20), [16, 2, 20] 
(-5, -2, -8), [20, 23, 17] 
(-8, 1, 10), [17, 1, 10] 
(-5, -2, -6), [20, 23, 19] 
(-5, -2, -4), [20, 23, 21] 
(6, -13, 85), [6, 12, 10] 
(-4, -3, -5), [21, 22, 20] 
(-8, 1, 15), [17, 1, 15] 
(-5, -2, -2), [20, 23, 23] 
(-10, 3, 41), [15, 3, 16] 
(-6, -1, 5), [19, 24, 5] 
(5, -12, 72), [5, 13, 22] 
(-9, 2, 30), [16, 2, 5] 
(5, -12, 74), [5, 13, 24] 
(-5, -2, 4), [20, 23, 4] 
(5, -12, 76), [5, 13, 1] 
(-5, -2, 6), [20, 23, 6] 
(-6, -1, 10), [19, 24, 10] 
(-4, -3, 5), [21, 22, 5] 
(-10, 3, 48), [15, 3, 23] 
(5, -12, 78), [5, 13, 3] 
(-5, -2, 8), [20, 23, 8] 
(4, -11, 65), [4, 14, 15] 
(-6, -1, 15), [19, 24, 15] 
(-9, 2, 40), [16, 2, 15] 
(-3, -4, 10), [22, 21, 10] 
(-5, -2, 12), [20, 23, 12] 
(5, -12, 84), [5, 13, 9] 
(-5, -2, 14), [20, 23, 14] 
(-1, -6, 20), [24, 19, 20] 
(4, -11, 70), [4, 14, 20] 
(-5, -2, 16), [20, 23, 16] 
(2, -9, 45), [2, 16, 20] 
(-8, 1, 35), [17, 1, 10] 
(-4, -3, 15), [21, 22, 15] 
(-5, -2, 18), [20, 23, 18] 
(-8, 1, 40), [17, 1, 15] 
(-3, -4, 20), [22, 21, 20] 
(-4, -3, 20), [21, 22, 20] 
(-5, -2, 22), [20, 23, 22] 
(-1, -6, 30), [24, 19, 5] 
(2, -9, 55), [2, 16, 5] 
(-8, 1, 45), [17, 1, 20] 
(-5, -2, 28), [20, 23, 3] 
(-6, -1, 35), [19, 24, 10] 
(2, -9, 60), [2, 16, 10] 
(-3, -4, 30), [22, 21, 5] 
(-4, -3, 30), [21, 22, 5] 
(-1, -6, 40), [24, 19, 15] 
(-6, -1, 40), [19, 24, 15] 
(2, -9, 65), [2, 16, 15] 
(-4, -3, 35), [21, 22, 10] 
(-6, -1, 45), [19, 24, 20] 
(1, -8, 60), [1, 17, 10] 
(-3, -4, 40), [22, 21, 15] 
(-5, -2, 46), [20, 23, 21] 
(-10, 4, -2), [15, 4, 23] 
(-9, 3, -15), [16, 3, 10] 
(-10, 4, 2), [15, 4, 2] 
(-9, 3, -10), [16, 3, 15] 
(-7, 1, -30), [18, 1, 20] 
(-8, 2, -20), [17, 2, 5] 
(-10, 4, 6), [15, 4, 6] 
(-5, -1, -39), [20, 24, 11] 
(-5, -1, -38), [20, 24, 12] 
(-10, 4, 8), [15, 4, 8] 
(-5, -1, -37), [20, 24, 13] 
(-9, 3, -5), [16, 3, 20] 
(-10, 4, 9), [15, 4, 9] 
(-5, -1, -36), [20, 24, 14] 
(-8, 2, -15), [17, 2, 10] 
(-5, -1, -34), [20, 24, 16] 
(-5, -1, -33), [20, 24, 17] 
(-5, -1, -32), [20, 24, 18] 
(-7, 1, -20), [18, 1, 5] 
(-10, 4, 14), [15, 4, 14] 
(-5, -1, -31), [20, 24, 19] 
(-8, 2, -10), [17, 2, 15] 
(-5, -1, -29), [20, 24, 21] 
(-5, -1, -28), [20, 24, 22] 
(-5, -1, -27), [20, 24, 23] 
(-9, 3, 5), [16, 3, 5] 
(-5, -1, -26), [20, 24, 24] 
(-8, 2, -5), [17, 2, 20] 
(-5, -1, -24), [20, 24, 1] 
(-10, 4, 22), [15, 4, 22] 
(-5, -1, -23), [20, 24, 2] 
(-7, 1, -10), [18, 1, 15] 
(-5, -1, -21), [20, 24, 4] 
(-10, 4, 26), [15, 4, 1] 
(-5, -1, -19), [20, 24, 6] 
(-10, 4, 27), [15, 4, 2] 
(-5, -1, -18), [20, 24, 7] 
(-4, -2, -20), [21, 23, 5] 
(-9, 3, 15), [16, 3, 15] 
(-5, -1, -17), [20, 24, 8] 
(-5, -1, -16), [20, 24, 9] 
(-8, 2, 5), [17, 2, 5] 
(-10, 4, 31), [15, 4, 6] 
(-5, -1, -14), [20, 24, 11] 
(-5, -1, -13), [20, 24, 12] 
(-4, -2, -15), [21, 23, 10] 
(-9, 3, 20), [16, 3, 20] 
(-5, -1, -12), [20, 24, 13] 
(-10, 4, 34), [15, 4, 9] 
(-3, -3, -15), [22, 22, 10] 
(7, -13, 85), [7, 12, 10] 
(-5, -1, -11), [20, 24, 14] 
(-8, 2, 10), [17, 2, 10] 
(-10, 4, 36), [15, 4, 11] 
(-5, -1, -9), [20, 24, 16] 
(-5, -1, -8), [20, 24, 17] 
(-4, -2, -10), [21, 23, 15] 
(-5, -1, -7), [20, 24, 18] 
(-7, 1, 5), [18, 1, 5] 
(-3, -3, -10), [22, 22, 15] 
(-5, -1, -4), [20, 24, 21] 
(-5, -1, -3), [20, 24, 22] 
(-2, -4, -5), [23, 21, 20] 
(-9, 3, 30), [16, 3, 5] 
(-4, -2, -5), [21, 23, 20] 
(-5, -1, -2), [20, 24, 23] 
(-7, 1, 10), [18, 1, 10] 
(-3, -3, -5), [22, 22, 20] 
(-8, 2, 20), [17, 2, 20] 
(-5, -1, -1), [20, 24, 24] 
(-10, 4, 46), [15, 4, 21] 
(5, -11, 61), [5, 14, 11] 
(-5, -1, 1), [20, 24, 1] 
(5, -11, 62), [5, 14, 12] 
(-5, -1, 2), [20, 24, 2] 
(5, -11, 63), [5, 14, 13] 
(-9, 3, 35), [16, 3, 10] 
(-5, -1, 3), [20, 24, 3] 
(-7, 1, 15), [18, 1, 15] 
(5, -11, 64), [5, 14, 14] 
(-5, -1, 4), [20, 24, 4] 
(5, -11, 66), [5, 14, 16] 
(-5, -1, 6), [20, 24, 6] 
(5, -11, 67), [5, 14, 17] 
(-5, -1, 7), [20, 24, 7] 
(-4, -2, 5), [21, 23, 5] 
(5, -11, 69), [5, 14, 19] 
(-3, -3, 5), [22, 22, 5] 
(-8, 2, 30), [17, 2, 5] 
(-5, -1, 9), [20, 24, 9] 
(5, -11, 71), [5, 14, 21] 
(-5, -1, 11), [20, 24, 11] 
(5, -11, 72), [5, 14, 22] 
(-5, -1, 12), [20, 24, 12] 
(3, -9, 45), [3, 16, 20] 
(-9, 3, 45), [16, 3, 20] 
(-2, -4, 10), [23, 21, 10] 
(5, -11, 73), [5, 14, 23] 
(-4, -2, 10), [21, 23, 10] 
(-5, -1, 13), [20, 24, 13] 
(2, -8, 35), [2, 17, 10] 
(-5, -1, 14), [20, 24, 14] 
(5, -11, 76), [5, 14, 1] 
(-5, -1, 16), [20, 24, 16] 
(5, -11, 77), [5, 14, 2] 
(-5, -1, 17), [20, 24, 17] 
(1, -7, 30), [1, 18, 5] 
(-2, -4, 15), [23, 21, 15] 
(-5, -1, 18), [20, 24, 18] 
(2, -8, 40), [2, 17, 15] 
(-8, 2, 40), [17, 2, 15] 
(-3, -3, 15), [22, 22, 15] 
(5, -11, 79), [5, 14, 4] 
(-5, -1, 19), [20, 24, 19] 
(-5, -1, 21), [20, 24, 21] 
(-5, -1, 22), [20, 24, 22] 
(1, -7, 35), [1, 18, 10] 
(3, -9, 55), [3, 16, 5] 
(-2, -4, 20), [23, 21, 20] 
(-7, 1, 35), [18, 1, 10] 
(-4, -2, 20), [21, 23, 20] 
(-5, -1, 23), [20, 24, 23] 
(2, -8, 45), [2, 17, 20] 
(-8, 2, 45), [17, 2, 20] 
(-3, -3, 20), [22, 22, 20] 
(-5, -1, 24), [20, 24, 24] 
(-5, -1, 26), [20, 24, 1] 
(1, -7, 40), [1, 18, 15] 
(3, -9, 60), [3, 16, 10] 
(-7, 1, 40), [18, 1, 15] 
(-5, -1, 28), [20, 24, 3] 
(-5, -1, 32), [20, 24, 7] 
(-7, 1, 45), [18, 1, 20] 
(-2, -4, 30), [23, 21, 5] 
(3, -9, 65), [3, 16, 15] 
(-4, -2, 30), [21, 23, 5] 
(2, -8, 55), [2, 17, 5] 
(-3, -3, 30), [22, 22, 5] 
(-5, -1, 34), [20, 24, 9] 
(-5, -1, 36), [20, 24, 11] 
(-5, -1, 37), [20, 24, 12] 
(2, -8, 60), [2, 17, 10] 
(-3, -3, 35), [22, 22, 10] 
(-5, -1, 39), [20, 24, 14] 
(-5, -1, 41), [20, 24, 16] 
(-5, -1, 42), [20, 24, 17] 
(-2, -4, 40), [23, 21, 15] 
(-5, -1, 46), [20, 24, 21] 
(-5, -1, 47), [20, 24, 22] 
(-4, -2, 45), [21, 23, 20] 
(-5, -1, 49), [20, 24, 24] 
(-5, 0, -44), [20, 0, 6] 
(-10, 5, 8), [15, 5, 8] 
(-5, 0, -42), [20, 0, 8] 
(-6, 1, -35), [19, 1, 15] 
(-8, 3, -15), [17, 3, 10] 
(-10, 5, 12), [15, 5, 12] 
(-5, 0, -38), [20, 0, 12] 
(-5, 0, -36), [20, 0, 14] 
(-6, 1, -30), [19, 1, 20] 
(-5, 0, -34), [20, 0, 16] 
(-8, 3, -10), [17, 3, 15] 
(-7, 2, -20), [18, 2, 5] 
(-4, -1, -35), [21, 24, 15] 
(-10, 5, 21), [15, 5, 21] 
(-8, 3, -5), [17, 3, 20] 
(-5, 0, -28), [20, 0, 22] 
(-4, -1, -30), [21, 24, 20] 
(-9, 4, 10), [16, 4, 10] 
(-5, 0, -26), [20, 0, 24] 
(-6, 1, -20), [19, 1, 5] 
(-5, 0, -24), [20, 0, 1] 
(-10, 5, 28), [15, 5, 3] 
(-5, 0, -22), [20, 0, 3] 
(-6, 1, -15), [19, 1, 10] 
(8, -13, 85), [8, 12, 10] 
(-8, 3, 5), [17, 3, 5] 
(-5, 0, -18), [20, 0, 7] 
(-9, 4, 20), [16, 4, 20] 
(-4, -1, -20), [21, 24, 5] 
(-5, 0, -16), [20, 0, 9] 
(-6, 1, -10), [19, 1, 15] 
(-3, -2, -20), [22, 23, 5] 
(-5, 0, -12), [20, 0, 13] 
(-4, -1, -15), [21, 24, 10] 
(-6, 1, -5), [19, 1, 20] 
(-2, -3, -15), [23, 22, 10] 
(-8, 3, 15), [17, 3, 15] 
(-5, 0, -8), [20, 0, 17] 
(-9, 4, 30), [16, 4, 5] 
(-4, -1, -10), [21, 24, 15] 
(-5, 0, -6), [20, 0, 19] 
(-2, -3, -10), [23, 22, 15] 
(-3, -2, -10), [22, 23, 15] 
(-8, 3, 20), [17, 3, 20] 
(-5, 0, -4), [20, 0, 21] 
(-7, 2, 10), [18, 2, 10] 
(-10, 5, 47), [15, 5, 22] 
(-5, 0, -2), [20, 0, 23] 
(6, -11, 65), [6, 14, 15] 
(-4, -1, -5), [21, 24, 20] 
(-2, -3, -5), [23, 22, 20] 
(5, -10, 52), [5, 15, 2] 
(-5, 0, 2), [20, 0, 2] 
(5, -10, 54), [5, 15, 4] 
(-9, 4, 40), [16, 4, 15] 
(6, -11, 70), [6, 14, 20] 
(-5, 0, 4), [20, 0, 4] 
(5, -10, 56), [5, 15, 6] 
(-8, 3, 30), [17, 3, 5] 
(-7, 2, 20), [18, 2, 20] 
(-5, 0, 6), [20, 0, 6] 
(5, -10, 58), [5, 15, 8] 
(-5, 0, 8), [20, 0, 8] 
(4, -9, 45), [4, 16, 20] 
(-4, -1, 5), [21, 24, 5] 
(-6, 1, 15), [19, 1, 15] 
(-2, -3, 5), [23, 22, 5] 
(-8, 3, 35), [17, 3, 10] 
(5, -10, 62), [5, 15, 12] 
(-5, 0, 12), [20, 0, 12] 
(1, -6, 20), [1, 19, 20] 
(-1, -4, 10), [24, 21, 10] 
(5, -10, 64), [5, 15, 14] 
(-4, -1, 10), [21, 24, 10] 
(3, -8, 40), [3, 17, 15] 
(-3, -2, 10), [22, 23, 10] 
(-7, 2, 30), [18, 2, 5] 
(-5, 0, 16), [20, 0, 16] 
(5, -10, 68), [5, 15, 18] 
(-5, 0, 18), [20, 0, 18] 
(4, -9, 55), [4, 16, 5] 
(-4, -1, 15), [21, 24, 15] 
(-8, 3, 45), [17, 3, 20] 
(-2, -3, 15), [23, 22, 15] 
(5, -10, 72), [5, 15, 22] 
(1, -6, 30), [1, 19, 5] 
(-1, -4, 20), [24, 21, 20] 
(4, -9, 60), [4, 16, 10] 
(2, -7, 40), [2, 18, 15] 
(-2, -3, 20), [23, 22, 20] 
(-7, 2, 40), [18, 2, 15] 
(-3, -2, 20), [22, 23, 20] 
(4, -9, 65), [4, 16, 15] 
(-6, 1, 35), [19, 1, 10] 
(2, -7, 45), [2, 18, 20] 
(-1, -4, 30), [24, 21, 5] 
(-6, 1, 40), [19, 1, 15] 
(3, -8, 60), [3, 17, 10] 
(-2, -3, 30), [23, 22, 5] 
(-3, -2, 30), [22, 23, 5] 
(-5, 0, 36), [20, 0, 11] 
(-5, 0, 38), [20, 0, 13] 
(-6, 1, 45), [19, 1, 20] 
(2, -7, 55), [2, 18, 5] 
(-2, -3, 35), [23, 22, 10] 
(-5, 0, 42), [20, 0, 17] 
(-1, -4, 40), [24, 21, 15] 
(-5, 0, 44), [20, 0, 19] 
(-3, -2, 40), [22, 23, 15] 
(-5, 0, 48), [20, 0, 23] 
(-2, -3, 45), [23, 22, 20] 
(-10, 6, 11), [15, 6, 11] 
(-10, 6, 16), [15, 6, 16] 
(-5, 1, -39), [20, 1, 11] 
(-5, 1, -38), [20, 1, 12] 
(-10, 6, 18), [15, 6, 18] 
(-5, 1, -37), [20, 1, 13] 
(-5, 1, -36), [20, 1, 14] 
(-5, 1, -34), [20, 1, 16] 
(-5, 1, -33), [20, 1, 17] 
(-5, 1, -32), [20, 1, 18] 
(-8, 4, -5), [17, 4, 20] 
(-5, 1, -31), [20, 1, 19] 
(-10, 6, 26), [15, 6, 1] 
(-5, 1, -29), [20, 1, 21] 
(-5, 1, -28), [20, 1, 22] 
(-3, -1, -35), [22, 24, 15] 
(9, -13, 85), [9, 12, 10] 
(-5, 1, -27), [20, 1, 23] 
(-6, 2, -20), [19, 2, 5] 
(-5, 1, -26), [20, 1, 24] 
(-5, 1, -24), [20, 1, 1] 
(-5, 1, -23), [20, 1, 2] 
(-3, -1, -30), [22, 24, 20] 
(-6, 2, -15), [19, 2, 10] 
(-5, 1, -21), [20, 1, 4] 
(-7, 3, -5), [18, 3, 20] 
(-5, 1, -19), [20, 1, 6] 
(-10, 6, 37), [15, 6, 12] 
(-5, 1, -18), [20, 1, 7] 
(-8, 4, 10), [17, 4, 10] 
(-5, 1, -17), [20, 1, 8] 
(-6, 2, -10), [19, 2, 15] 
(-5, 1, -16), [20, 1, 9] 
(-5, 1, -14), [20, 1, 11] 
(-10, 6, 42), [15, 6, 17] 
(-5, 1, -13), [20, 1, 12] 
(-3, -1, -20), [22, 24, 5] 
(-8, 4, 15), [17, 4, 15] 
(-5, 1, -12), [20, 1, 13] 
(-6, 2, -5), [19, 2, 20] 
(-2, -2, -20), [23, 23, 5] 
(-5, 1, -11), [20, 1, 14] 
(-5, 1, -9), [20, 1, 16] 
(-5, 1, -8), [20, 1, 17] 
(-1, -3, -15), [24, 22, 10] 
(7, -11, 65), [7, 14, 15] 
(-3, -1, -15), [22, 24, 10] 
(-8, 4, 20), [17, 4, 20] 
(-5, 1, -7), [20, 1, 18] 
(-2, -2, -15), [23, 23, 10] 
(-5, 1, -4), [20, 1, 21] 
(-10, 6, 52), [15, 6, 2] 
(-5, 1, -3), [20, 1, 22] 
(-1, -3, -10), [24, 22, 15] 
(7, -11, 70), [7, 14, 20] 
(-3, -1, -10), [22, 24, 15] 
(-5, 1, -2), [20, 1, 23] 
(-2, -2, -10), [23, 23, 15] 
(-7, 3, 15), [18, 3, 15] 
(-5, 1, -1), [20, 1, 24] 
(5, -9, 41), [5, 16, 16] 
(-5, 1, 1), [20, 1, 1] 
(5, -9, 42), [5, 16, 17] 
(-5, 1, 2), [20, 1, 2] 
(5, -9, 43), [5, 16, 18] 
(-1, -3, -5), [24, 22, 20] 
(-8, 4, 30), [17, 4, 5] 
(-3, -1, -5), [22, 24, 20] 
(-5, 1, 3), [20, 1, 3] 
(-6, 2, 10), [19, 2, 10] 
(5, -9, 44), [5, 16, 19] 
(-2, -2, -5), [23, 23, 20] 
(-7, 3, 20), [18, 3, 20] 
(-5, 1, 4), [20, 1, 4] 
(5, -9, 46), [5, 16, 21] 
(-5, 1, 6), [20, 1, 6] 
(5, -9, 47), [5, 16, 22] 
(4, -8, 35), [4, 17, 10] 
(5, -9, 48), [5, 16, 23] 
(5, -9, 49), [5, 16, 24] 
(-5, 1, 9), [20, 1, 9] 
(5, -9, 51), [5, 16, 1] 
(-5, 1, 11), [20, 1, 11] 
(5, -9, 52), [5, 16, 2] 
(-5, 1, 12), [20, 1, 12] 
(2, -6, 20), [2, 19, 20] 
(4, -8, 40), [4, 17, 15] 
(5, -9, 53), [5, 16, 3] 
(-1, -3, 5), [24, 22, 5] 
(-8, 4, 40), [17, 4, 15] 
(-3, -1, 5), [22, 24, 5] 
(-6, 2, 20), [19, 2, 20] 
(-5, 1, 13), [20, 1, 13] 
(3, -7, 30), [3, 18, 5] 
(5, -9, 54), [5, 16, 4] 
(-2, -2, 5), [23, 23, 5] 
(-7, 3, 30), [18, 3, 5] 
(-5, 1, 14), [20, 1, 14] 
(5, -9, 56), [5, 16, 6] 
(-5, 1, 16), [20, 1, 16] 
(5, -9, 57), [5, 16, 7] 
(4, -8, 45), [4, 17, 20] 
(-3, -1, 10), [22, 24, 10] 
(3, -7, 35), [3, 18, 10] 
(5, -9, 59), [5, 16, 9] 
(-2, -2, 10), [23, 23, 10] 
(-7, 3, 35), [18, 3, 10] 
(5, -9, 61), [5, 16, 11] 
(5, -9, 62), [5, 16, 12] 
(-5, 1, 22), [20, 1, 22] 
(2, -6, 30), [2, 19, 5] 
(-1, -3, 15), [24, 22, 15] 
(5, -9, 63), [5, 16, 13] 
(-3, -1, 15), [22, 24, 15] 
(-6, 2, 30), [19, 2, 5] 
(3, -7, 40), [3, 18, 15] 
(-5, 1, 24), [20, 1, 24] 
(5, -9, 66), [5, 16, 16] 
(-5, 1, 26), [20, 1, 1] 
(5, -9, 67), [5, 16, 17] 
(4, -8, 55), [4, 17, 5] 
(-1, -3, 20), [24, 22, 20] 
(-5, 1, 28), [20, 1, 3] 
(3, -7, 45), [3, 18, 20] 
(-7, 3, 45), [18, 3, 20] 
(-2, -2, 20), [23, 23, 20] 
(5, -9, 69), [5, 16, 19] 
(-5, 1, 31), [20, 1, 6] 
(-5, 1, 32), [20, 1, 7] 
(2, -6, 40), [2, 19, 15] 
(4, -8, 60), [4, 17, 10] 
(-6, 2, 40), [19, 2, 15] 
(-5, 1, 33), [20, 1, 8] 
(-5, 1, 34), [20, 1, 9] 
(-5, 1, 36), [20, 1, 11] 
(-5, 1, 37), [20, 1, 12] 
(2, -6, 45), [2, 19, 20] 
(-1, -3, 30), [24, 22, 5] 
(-6, 2, 45), [19, 2, 20] 
(3, -7, 55), [3, 18, 5] 
(-2, -2, 30), [23, 23, 5] 
(-5, 1, 39), [20, 1, 14] 
(-5, 1, 41), [20, 1, 16] 
(-5, 1, 42), [20, 1, 17] 
(-1, -3, 35), [24, 22, 10] 
(-5, 1, 43), [20, 1, 18] 
(-3, -1, 35), [22, 24, 10] 
(-5, 1, 46), [20, 1, 21] 
(-5, 1, 47), [20, 1, 22] 
(-3, -1, 40), [22, 24, 15] 
(-5, 1, 49), [20, 1, 24] 
(-2, -2, 40), [23, 23, 15] 
(-1, -3, 45), [24, 22, 20] 
(-10, 7, 24), [15, 7, 24] 
(-10, 7, 27), [15, 7, 2] 
(-4, 1, -35), [21, 1, 15] 
(-5, 2, -28), [20, 2, 22] 
(-5, 2, -26), [20, 2, 24] 
(-9, 6, 20), [16, 6, 20] 
(-4, 1, -30), [21, 1, 20] 
(-5, 2, -24), [20, 2, 1] 
(-2, -1, -35), [23, 24, 15] 
(-6, 3, -15), [19, 3, 10] 
(-5, 2, -22), [20, 2, 3] 
(-2, -1, -30), [23, 24, 20] 
(-5, 2, -18), [20, 2, 7] 
(-6, 3, -10), [19, 3, 15] 
(-5, 2, -16), [20, 2, 9] 
(-9, 6, 30), [16, 6, 5] 
(-4, 1, -20), [21, 1, 5] 
(-5, 2, -14), [20, 2, 11] 
(8, -11, 65), [8, 14, 15] 
(-5, 2, -12), [20, 2, 13] 
(-10, 7, 49), [15, 7, 24] 
(-4, 1, -15), [21, 1, 10] 
(-1, -2, -20), [24, 23, 5] 
(-2, -1, -20), [23, 24, 5] 
(8, -11, 70), [8, 14, 20] 
(-7, 4, 10), [18, 4, 10] 
(-5, 2, -8), [20, 2, 17] 
(-5, 2, -6), [20, 2, 19] 
(-9, 6, 40), [16, 6, 15] 
(-4, 1, -10), [21, 1, 15] 
(-5, 2, -4), [20, 2, 21] 
(-2, -1, -15), [23, 24, 10] 
(-6, 3, 5), [19, 3, 5] 
(-5, 2, -2), [20, 2, 23] 
(6, -9, 45), [6, 16, 20] 
(-4, 1, -5), [21, 1, 20] 
(5, -8, 32), [5, 17, 7] 
(-1, -2, -10), [24, 23, 15] 
(-2, -1, -10), [23, 24, 15] 
(-7, 4, 20), [18, 4, 20] 
(5, -8, 34), [5, 17, 9] 
(-5, 2, 4), [20, 2, 4] 
(5, -8, 36), [5, 17, 11] 
(-5, 2, 6), [20, 2, 6] 
(-2, -1, -5), [23, 24, 20] 
(-6, 3, 15), [19, 3, 15] 
(5, -8, 38), [5, 17, 13] 
(-5, 2, 8), [20, 2, 8] 
(6, -9, 55), [6, 16, 5] 
(-4, 1, 5), [21, 1, 5] 
(4, -7, 30), [4, 18, 5] 
(5, -8, 42), [5, 17, 17] 
(-7, 4, 30), [18, 4, 5] 
(-6, 3, 20), [19, 3, 20] 
(5, -8, 44), [5, 17, 19] 
(1, -4, 10), [1, 21, 10] 
(5, -8, 46), [5, 17, 21] 
(6, -9, 60), [6, 16, 10] 
(-4, 1, 10), [21, 1, 10] 
(4, -7, 35), [4, 18, 10] 
(-2, -1, 5), [23, 24, 5] 
(5, -8, 48), [5, 17, 23] 
(6, -9, 65), [6, 16, 15] 
(-4, 1, 15), [21, 1, 15] 
(3, -6, 30), [3, 19, 5] 
(4, -7, 40), [4, 18, 15] 
(5, -8, 52), [5, 17, 2] 
(-1, -2, 10), [24, 23, 10] 
(-7, 4, 40), [18, 4, 15] 
(-2, -1, 10), [23, 24, 10] 
(-6, 3, 30), [19, 3, 5] 
(-5, 2, 22), [20, 2, 22] 
(5, -8, 54), [5, 17, 4] 
(-5, 2, 24), [20, 2, 24] 
(1, -4, 20), [1, 21, 20] 
(5, -8, 56), [5, 17, 6] 
(4, -7, 45), [4, 18, 20] 
(-2, -1, 15), [23, 24, 15] 
(-6, 3, 35), [19, 3, 10] 
(5, -8, 58), [5, 17, 8] 
(-5, 2, 28), [20, 2, 3] 
(3, -6, 40), [3, 19, 15] 
(-1, -2, 20), [24, 23, 20] 
(5, -8, 64), [5, 17, 14] 
(-5, 2, 34), [20, 2, 9] 
(1, -4, 30), [1, 21, 5] 
(-5, 2, 36), [20, 2, 11] 
(4, -7, 55), [4, 18, 5] 
(-6, 3, 45), [19, 3, 20] 
(-5, 2, 38), [20, 2, 13] 
(-1, -2, 30), [24, 23, 5] 
(-5, 2, 44), [20, 2, 19] 
(1, -4, 40), [1, 21, 15] 
(-5, 2, 46), [20, 2, 21] 
(-4, 1, 40), [21, 1, 15] 
(-2, -1, 35), [23, 24, 10] 
(-5, 2, 48), [20, 2, 23] 
(-4, 1, 45), [21, 1, 20] 
(-2, -1, 40), [23, 24, 15] 
(-10, 8, 32), [15, 8, 7] 
(10, -12, 72), [10, 13, 22] 
(10, -12, 73), [10, 13, 23] 
(-10, 8, 34), [15, 8, 9] 
(-10, 8, 38), [15, 8, 13] 
(10, -12, 78), [10, 13, 3] 
(-10, 8, 39), [15, 8, 14] 
(-10, 8, 42), [15, 8, 17] 
(-3, 1, -35), [22, 1, 15] 
(-10, 8, 46), [15, 8, 21] 
(-1, -1, -35), [24, 24, 15] 
(9, -11, 65), [9, 14, 15] 
(-9, 7, 30), [16, 7, 5] 
(-3, 1, -30), [22, 1, 20] 
(-5, 3, -18), [20, 3, 7] 
(-5, 3, -17), [20, 3, 8] 
(-5, 3, -16), [20, 3, 9] 
(-1, -1, -30), [24, 24, 20] 
(9, -11, 70), [9, 14, 20] 
(-5, 3, -14), [20, 3, 11] 
(-6, 4, -5), [19, 4, 20] 
(-9, 7, 35), [16, 7, 10] 
(-8, 6, 20), [17, 6, 20] 
(-4, 2, -20), [21, 2, 5] 
(-5, 3, -13), [20, 3, 12] 
(-5, 3, -12), [20, 3, 13] 
(-5, 3, -11), [20, 3, 14] 
(-5, 3, -9), [20, 3, 16] 
(-9, 7, 40), [16, 7, 15] 
(-3, 1, -20), [22, 1, 5] 
(-4, 2, -15), [21, 2, 10] 
(-5, 3, -8), [20, 3, 17] 
(-10, 8, 58), [15, 8, 8] 
(-5, 3, -7), [20, 3, 18] 
(-10, 8, 59), [15, 8, 9] 
(-5, 3, -6), [20, 3, 19] 
(-1, -1, -20), [24, 24, 5] 
(1, -3, -15), [1, 22, 10] 
(7, -9, 45), [7, 16, 20] 
(-9, 7, 45), [16, 7, 20] 
(-8, 6, 30), [17, 6, 5] 
(-3, 1, -15), [22, 1, 10] 
(-4, 2, -10), [21, 2, 15] 
(-5, 3, -3), [20, 3, 22] 
(-5, 3, -2), [20, 3, 23] 
(-5, 3, -1), [20, 3, 24] 
(5, -7, 21), [5, 18, 21] 
(-1, -1, -15), [24, 24, 10] 
(-6, 4, 10), [19, 4, 10] 
(-5, 3, 1), [20, 3, 1] 
(5, -7, 22), [5, 18, 22] 
(2, -4, -5), [2, 21, 20] 
(6, -8, 35), [6, 17, 10] 
(1, -3, -10), [1, 22, 15] 
(-8, 6, 35), [17, 6, 10] 
(-3, 1, -10), [22, 1, 15] 
(-4, 2, -5), [21, 2, 20] 
(-5, 3, 2), [20, 3, 2] 
(5, -7, 23), [5, 18, 23] 
(-5, 3, 3), [20, 3, 3] 
(5, -7, 24), [5, 18, 24] 
(-5, 3, 4), [20, 3, 4] 
(5, -7, 26), [5, 18, 1] 
(-1, -1, -10), [24, 24, 15] 
(-6, 4, 15), [19, 4, 15] 
(5, -7, 27), [5, 18, 2] 
(6, -8, 40), [6, 17, 15] 
(1, -3, -5), [1, 22, 20] 
(-9, 7, 55), [16, 7, 5] 
(7, -9, 55), [7, 16, 5] 
(-8, 6, 40), [17, 6, 15] 
(-3, 1, -5), [22, 1, 20] 
(5, -7, 28), [5, 18, 3] 
(-5, 3, 8), [20, 3, 8] 
(5, -7, 29), [5, 18, 4] 
(4, -6, 20), [4, 19, 20] 
(5, -7, 31), [5, 18, 6] 
(-1, -1, -5), [24, 24, 20] 
(-6, 4, 20), [19, 4, 20] 
(6, -8, 45), [6, 17, 20] 
(-8, 6, 45), [17, 6, 20] 
(7, -9, 60), [7, 16, 10] 
(-4, 2, 5), [21, 2, 5] 
(-5, 3, 12), [20, 3, 12] 
(5, -7, 33), [5, 18, 8] 
(5, -7, 34), [5, 18, 9] 
(-5, 3, 14), [20, 3, 14] 
(5, -7, 36), [5, 18, 11] 
(-5, 3, 16), [20, 3, 16] 
(2, -4, 10), [2, 21, 10] 
(5, -7, 37), [5, 18, 12] 
(1, -3, 5), [1, 22, 5] 
(7, -9, 65), [7, 16, 15] 
(-3, 1, 5), [22, 1, 5] 
(-4, 2, 10), [21, 2, 10] 
(-5, 3, 17), [20, 3, 17] 
(5, -7, 38), [5, 18, 13] 
(-5, 3, 18), [20, 3, 18] 
(5, -7, 39), [5, 18, 14] 
(-5, 3, 19), [20, 3, 19] 
(4, -6, 30), [4, 19, 5] 
(5, -7, 41), [5, 18, 16] 
(-1, -1, 5), [24, 24, 5] 
(-6, 4, 30), [19, 4, 5] 
(-5, 3, 21), [20, 3, 21] 
(2, -4, 15), [2, 21, 15] 
(6, -8, 55), [6, 17, 5] 
(-3, 1, 10), [22, 1, 10] 
(5, -7, 43), [5, 18, 18] 
(-5, 3, 23), [20, 3, 23] 
(5, -7, 44), [5, 18, 19] 
(-5, 3, 24), [20, 3, 24] 
(4, -6, 35), [4, 19, 10] 
(5, -7, 46), [5, 18, 21] 
(-1, -1, 10), [24, 24, 10] 
(-5, 3, 26), [20, 3, 1] 
(2, -4, 20), [2, 21, 20] 
(1, -3, 15), [1, 22, 15] 
(5, -7, 47), [5, 18, 22] 
(6, -8, 60), [6, 17, 10] 
(-3, 1, 15), [22, 1, 15] 
(-5, 3, 27), [20, 3, 2] 
(-4, 2, 20), [21, 2, 20] 
(5, -7, 48), [5, 18, 23] 
(-5, 3, 28), [20, 3, 3] 
(5, -7, 49), [5, 18, 24] 
(-5, 3, 29), [20, 3, 4] 
(4, -6, 40), [4, 19, 15] 
(5, -7, 51), [5, 18, 1] 
(-1, -1, 15), [24, 24, 15] 
(-6, 4, 40), [19, 4, 15] 
(-5, 3, 31), [20, 3, 6] 
(1, -3, 20), [1, 22, 20] 
(5, -7, 52), [5, 18, 2] 
(5, -7, 53), [5, 18, 3] 
(-5, 3, 33), [20, 3, 8] 
(5, -7, 54), [5, 18, 4] 
(-5, 3, 34), [20, 3, 9] 
(4, -6, 45), [4, 19, 20] 
(-5, 3, 36), [20, 3, 11] 
(2, -4, 30), [2, 21, 5] 
(5, -7, 57), [5, 18, 7] 
(-5, 3, 37), [20, 3, 12] 
(-4, 2, 30), [21, 2, 5] 
(5, -7, 58), [5, 18, 8] 
(-5, 3, 38), [20, 3, 13] 
(5, -7, 59), [5, 18, 9] 
(-5, 3, 39), [20, 3, 14] 
(-5, 3, 41), [20, 3, 16] 
(5, -7, 61), [5, 18, 11] 
(1, -3, 30), [1, 22, 5] 
(-5, 3, 42), [20, 3, 17] 
(-5, 3, 43), [20, 3, 18] 
(-5, 3, 44), [20, 3, 19] 
(2, -4, 40), [2, 21, 15] 
(1, -3, 35), [1, 22, 10] 
(-5, 3, 47), [20, 3, 22] 
(-4, 2, 40), [21, 2, 15] 
(-5, 3, 48), [20, 3, 23] 
(-5, 3, 49), [20, 3, 24] 
(-5, 3, 51), [20, 3, 1] 
(-1, -1, 35), [24, 24, 10] 
(-4, 2, 45), [21, 2, 20] 
(-3, 1, 40), [22, 1, 15] 
(-1, -1, 40), [24, 24, 15] 
(-3, 1, 45), [22, 1, 20] 
(10, -11, 64), [10, 14, 14] 
(-10, 9, 52), [15, 9, 2] 
(-2, 1, -35), [23, 1, 15] 
(-10, 9, 56), [15, 9, 6] 
(-9, 8, 40), [16, 8, 15] 
(-2, 1, -30), [23, 1, 20] 
(8, -9, 45), [8, 16, 20] 
(-4, 3, -15), [21, 3, 10] 
(-8, 7, 30), [17, 7, 5] 
(-3, 2, -20), [22, 2, 5] 
(-5, 4, -6), [20, 4, 19] 
(-5, 4, -4), [20, 4, 21] 
(1, -2, -20), [1, 23, 5] 
(-2, 1, -20), [23, 1, 5] 
(-7, 6, 20), [18, 6, 20] 
(-4, 3, -10), [21, 3, 15] 
(-5, 4, -2), [20, 4, 23] 
(2, -3, -15), [2, 22, 10] 
(-8, 7, 35), [17, 7, 10] 
(8, -9, 55), [8, 16, 5] 
(-2, 1, -15), [23, 1, 10] 
(-4, 3, -5), [21, 3, 20] 
(5, -6, 14), [5, 19, 14] 
(2, -3, -10), [2, 22, 15] 
(7, -8, 40), [7, 17, 15] 
(-8, 7, 40), [17, 7, 15] 
(-3, 2, -10), [22, 2, 15] 
(5, -6, 16), [5, 19, 16] 
(5, -6, 18), [5, 19, 18] 
(6, -7, 30), [6, 18, 5] 
(-9, 8, 60), [16, 8, 10] 
(1, -2, -10), [1, 23, 15] 
(8, -9, 60), [8, 16, 10] 
(-2, 1, -10), [23, 1, 15] 
(-7, 6, 30), [18, 6, 5] 
(2, -3, -5), [2, 22, 20] 
(-8, 7, 45), [17, 7, 20] 
(5, -6, 22), [5, 19, 22] 
(6, -7, 35), [6, 18, 10] 
(-2, 1, -5), [23, 1, 20] 
(8, -9, 65), [8, 16, 15] 
(-4, 3, 5), [21, 3, 5] 
(5, -6, 24), [5, 19, 24] 
(-5, 4, 14), [20, 4, 14] 
(5, -6, 26), [5, 19, 1] 
(-5, 4, 16), [20, 4, 16] 
(3, -4, 10), [3, 21, 10] 
(5, -6, 28), [5, 19, 3] 
(6, -7, 40), [6, 18, 15] 
(-7, 6, 40), [18, 6, 15] 
(2, -3, 5), [2, 22, 5] 
(-8, 7, 55), [17, 7, 5] 
(5, -6, 32), [5, 19, 7] 
(-5, 4, 22), [20, 4, 22] 
(6, -7, 45), [6, 18, 20] 
(-2, 1, 5), [23, 1, 5] 
(-4, 3, 15), [21, 3, 15] 
(7, -8, 60), [7, 17, 10] 
(-3, 2, 10), [22, 2, 10] 
(-5, 4, 24), [20, 4, 24] 
(5, -6, 36), [5, 19, 11] 
(-5, 4, 26), [20, 4, 1] 
(3, -4, 20), [3, 21, 20] 
(5, -6, 38), [5, 19, 13] 
(1, -2, 10), [1, 23, 10] 
(-2, 1, 10), [23, 1, 10] 
(-5, 4, 28), [20, 4, 3] 
(2, -3, 15), [2, 22, 15] 
(5, -6, 42), [5, 19, 17] 
(-5, 4, 32), [20, 4, 7] 
(6, -7, 55), [6, 18, 5] 
(-2, 1, 15), [23, 1, 15] 
(2, -3, 20), [2, 22, 20] 
(5, -6, 44), [5, 19, 19] 
(-5, 4, 34), [20, 4, 9] 
(-3, 2, 20), [22, 2, 20] 
(5, -6, 46), [5, 19, 21] 
(-5, 4, 36), [20, 4, 11] 
(1, -2, 20), [1, 23, 20] 
(5, -6, 48), [5, 19, 23] 
(-4, 3, 30), [21, 3, 5] 
(5, -6, 52), [5, 19, 2] 
(-5, 4, 42), [20, 4, 17] 
(-4, 3, 35), [21, 3, 10] 
(2, -3, 30), [2, 22, 5] 
(5, -6, 54), [5, 19, 4] 
(-5, 4, 44), [20, 4, 19] 
(-3, 2, 30), [22, 2, 5] 
(-5, 4, 46), [20, 4, 21] 
(5, -6, 56), [5, 19, 6] 
(1, -2, 30), [1, 23, 5] 
(-5, 4, 48), [20, 4, 23] 
(2, -3, 35), [2, 22, 10] 
(-5, 4, 52), [20, 4, 2] 
(-4, 3, 45), [21, 3, 20] 
(-2, 1, 35), [23, 1, 10] 
(1, -2, 40), [1, 23, 15] 
(-2, 1, 40), [23, 1, 15] 
(2, -3, 45), [2, 22, 20] 
(-10, 10, 57), [15, 10, 7] 
(10, -10, 57), [10, 15, 7] 
(-10, 10, 58), [15, 10, 8] 
(10, -10, 58), [10, 15, 8] 
(1, -1, -35), [1, 24, 15] 
(9, -9, 45), [9, 16, 20] 
(-9, 9, 45), [16, 9, 20] 
(-1, 1, -35), [24, 1, 15] 
(1, -1, -30), [1, 24, 20] 
(-1, 1, -30), [24, 1, 20] 
(8, -8, 35), [8, 17, 10] 
(-8, 8, 35), [17, 8, 10] 
(-9, 9, 55), [16, 9, 5] 
(9, -9, 55), [9, 16, 5] 
(3, -3, -15), [3, 22, 10] 
(2, -2, -20), [2, 23, 5] 
(8, -8, 40), [8, 17, 15] 
(-8, 8, 40), [17, 8, 15] 
(-2, 2, -20), [23, 2, 5] 
(-3, 3, -15), [22, 3, 10] 
(5, -5, 4), [5, 20, 4] 
(4, -4, -5), [4, 21, 20] 
(-9, 9, 60), [16, 9, 10] 
(1, -1, -20), [1, 24, 5] 
(-1, 1, -20), [24, 1, 5] 
(9, -9, 60), [9, 16, 10] 
(-4, 4, -5), [21, 4, 20] 
(-5, 5, 4), [20, 5, 4] 
(5, -5, 6), [5, 20, 6] 
(3, -3, -10), [3, 22, 15] 
(7, -7, 30), [7, 18, 5] 
(2, -2, -15), [2, 23, 10] 
(8, -8, 45), [8, 17, 20] 
(-8, 8, 45), [17, 8, 20] 
(-2, 2, -15), [23, 2, 10] 
(-7, 7, 30), [18, 7, 5] 
(-3, 3, -10), [22, 3, 15] 
(-5, 5, 6), [20, 5, 6] 
(5, -5, 8), [5, 20, 8] 
(-5, 5, 8), [20, 5, 8] 
(6, -6, 20), [6, 19, 20] 
(-9, 9, 65), [16, 9, 15] 
(1, -1, -15), [1, 24, 10] 
(-1, 1, -15), [24, 1, 10] 
(9, -9, 65), [9, 16, 15] 
(-6, 6, 20), [19, 6, 20] 
(5, -5, 11), [5, 20, 11] 
(3, -3, -5), [3, 22, 20] 
(2, -2, -10), [2, 23, 15] 
(7, -7, 35), [7, 18, 10] 
(-7, 7, 35), [18, 7, 10] 
(-2, 2, -10), [23, 2, 15] 
(-3, 3, -5), [22, 3, 20] 
(-5, 5, 11), [20, 5, 11] 
(5, -5, 12), [5, 20, 12] 
(-5, 5, 12), [20, 5, 12] 
(5, -5, 13), [5, 20, 13] 
(-5, 5, 13), [20, 5, 13] 
(1, -1, -10), [1, 24, 15] 
(-1, 1, -10), [24, 1, 15] 
(5, -5, 16), [5, 20, 16] 
(2, -2, -5), [2, 23, 20] 
(7, -7, 40), [7, 18, 15] 
(-8, 8, 55), [17, 8, 5] 
(8, -8, 55), [8, 17, 5] 
(-7, 7, 40), [18, 7, 15] 
(-2, 2, -5), [23, 2, 20] 
(-5, 5, 16), [20, 5, 16] 
(5, -5, 18), [5, 20, 18] 
(-5, 5, 18), [20, 5, 18] 
(4, -4, 10), [4, 21, 10] 
(5, -5, 19), [5, 20, 19] 
(6, -6, 30), [6, 19, 5] 
(1, -1, -5), [1, 24, 20] 
(-1, 1, -5), [24, 1, 20] 
(-6, 6, 30), [19, 6, 5] 
(-5, 5, 19), [20, 5, 19] 
(-4, 4, 10), [21, 4, 10] 
(5, -5, 21), [5, 20, 21] 
(3, -3, 5), [3, 22, 5] 
(-8, 8, 60), [17, 8, 10] 
(7, -7, 45), [7, 18, 20] 
(-7, 7, 45), [18, 7, 20] 
(8, -8, 60), [8, 17, 10] 
(-3, 3, 5), [22, 3, 5] 
(-5, 5, 21), [20, 5, 21] 
(5, -5, 22), [5, 20, 22] 
(-5, 5, 22), [20, 5, 22] 
(5, -5, 23), [5, 20, 23] 
(-5, 5, 23), [20, 5, 23] 
(4, -4, 15), [4, 21, 15] 
(5, -5, 24), [5, 20, 24] 
(6, -6, 35), [6, 19, 10] 
(-6, 6, 35), [19, 6, 10] 
(-5, 5, 24), [20, 5, 24] 
(-4, 4, 15), [21, 4, 15] 
(2, -2, 5), [2, 23, 5] 
(-2, 2, 5), [23, 2, 5] 
(5, -5, 27), [5, 20, 2] 
(-5, 5, 27), [20, 5, 2] 
(5, -5, 28), [5, 20, 3] 
(-5, 5, 28), [20, 5, 3] 
(4, -4, 20), [4, 21, 20] 
(5, -5, 29), [5, 20, 4] 
(6, -6, 40), [6, 19, 15] 
(1, -1, 5), [1, 24, 5] 
(-1, 1, 5), [24, 1, 5] 
(-6, 6, 40), [19, 6, 15] 
(-5, 5, 29), [20, 5, 4] 
(-4, 4, 20), [21, 4, 20] 
(3, -3, 15), [3, 22, 15] 
(5, -5, 31), [5, 20, 6] 
(2, -2, 10), [2, 23, 10] 
(-7, 7, 55), [18, 7, 5] 
(7, -7, 55), [7, 18, 5] 
(-2, 2, 10), [23, 2, 10] 
(-5, 5, 31), [20, 5, 6] 
(-3, 3, 15), [22, 3, 15] 
(5, -5, 32), [5, 20, 7] 
(-5, 5, 32), [20, 5, 7] 
(5, -5, 33), [5, 20, 8] 
(-5, 5, 33), [20, 5, 8] 
(5, -5, 34), [5, 20, 9] 
(1, -1, 10), [1, 24, 10] 
(6, -6, 45), [6, 19, 20] 
(-6, 6, 45), [19, 6, 20] 
(-1, 1, 10), [24, 1, 10] 
(-5, 5, 34), [20, 5, 9] 
(3, -3, 20), [3, 22, 20] 
(-3, 3, 20), [22, 3, 20] 
(5, -5, 37), [5, 20, 12] 
(-5, 5, 37), [20, 5, 12] 
(5, -5, 38), [5, 20, 13] 
(-5, 5, 38), [20, 5, 13] 
(4, -4, 30), [4, 21, 5] 
(5, -5, 39), [5, 20, 14] 
(1, -1, 15), [1, 24, 15] 
(-1, 1, 15), [24, 1, 15] 
(-5, 5, 39), [20, 5, 14] 
(-4, 4, 30), [21, 4, 5] 
(2, -2, 20), [2, 23, 20] 
(5, -5, 41), [5, 20, 16] 
(-5, 5, 41), [20, 5, 16] 
(-2, 2, 20), [23, 2, 20] 
(5, -5, 42), [5, 20, 17] 
(-5, 5, 42), [20, 5, 17] 
(5, -5, 43), [5, 20, 18] 
(-5, 5, 43), [20, 5, 18] 
(3, -3, 30), [3, 22, 5] 
(5, -5, 46), [5, 20, 21] 
(-5, 5, 46), [20, 5, 21] 
(-3, 3, 30), [22, 3, 5] 
(5, -5, 47), [5, 20, 22] 
(-5, 5, 47), [20, 5, 22] 
(5, -5, 48), [5, 20, 23] 
(-5, 5, 48), [20, 5, 23] 
(4, -4, 40), [4, 21, 15] 
(5, -5, 49), [5, 20, 24] 
(-5, 5, 49), [20, 5, 24] 
(-4, 4, 40), [21, 4, 15] 
(2, -2, 30), [2, 23, 5] 
(-5, 5, 51), [20, 5, 1] 
(5, -5, 51), [5, 20, 1] 
(-2, 2, 30), [23, 2, 5] 
(-5, 5, 52), [20, 5, 2] 
(5, -5, 52), [5, 20, 2] 
(-5, 5, 53), [20, 5, 3] 
(5, -5, 53), [5, 20, 3] 
(1, -1, 35), [1, 24, 10] 
(-1, 1, 35), [24, 1, 10] 
(2, -2, 40), [2, 23, 15] 
(-2, 2, 40), [23, 2, 15] 
(1, -1, 40), [1, 24, 15] 
(-1, 1, 40), [24, 1, 15] 
(2, -2, 45), [2, 23, 20] 
(-2, 2, 45), [23, 2, 20] 
(-10, 11, 64), [15, 11, 14] 
(10, -9, 52), [10, 16, 2] 
(2, -1, -35), [2, 24, 15] 
(10, -9, 56), [10, 16, 6] 
(2, -1, -30), [2, 24, 20] 
(9, -8, 40), [9, 17, 15] 
(4, -3, -15), [4, 22, 10] 
(-8, 9, 45), [17, 9, 20] 
(5, -4, -6), [5, 21, 19] 
(3, -2, -20), [3, 23, 5] 
(8, -7, 30), [8, 18, 5] 
(5, -4, -4), [5, 21, 21] 
(5, -4, -2), [5, 21, 23] 
(4, -3, -10), [4, 22, 15] 
(7, -6, 20), [7, 19, 20] 
(2, -1, -20), [2, 24, 5] 
(-1, 2, -20), [24, 2, 5] 
(8, -7, 35), [8, 18, 10] 
(-2, 3, -15), [23, 3, 10] 
(4, -3, -5), [4, 22, 20] 
(2, -1, -15), [2, 24, 10] 
(-8, 9, 55), [17, 9, 5] 
(3, -2, -10), [3, 23, 15] 
(8, -7, 40), [8, 18, 15] 
(-7, 8, 40), [18, 8, 15] 
(-2, 3, -10), [23, 3, 15] 
(-5, 6, 14), [20, 6, 14] 
(-5, 6, 16), [20, 6, 16] 
(7, -6, 30), [7, 19, 5] 
(2, -1, -10), [2, 24, 15] 
(-8, 9, 60), [17, 9, 10] 
(-1, 2, -10), [24, 2, 15] 
(9, -8, 60), [9, 17, 10] 
(-6, 7, 30), [19, 7, 5] 
(-5, 6, 18), [20, 6, 18] 
(8, -7, 45), [8, 18, 20] 
(-2, 3, -5), [23, 3, 20] 
(-5, 6, 22), [20, 6, 22] 
(4, -3, 5), [4, 22, 5] 
(-8, 9, 65), [17, 9, 15] 
(2, -1, -5), [2, 24, 20] 
(-6, 7, 35), [19, 7, 10] 
(5, -4, 14), [5, 21, 14] 
(-5, 6, 24), [20, 6, 24] 
(5, -4, 16), [5, 21, 16] 
(-5, 6, 26), [20, 6, 1] 
(7, -6, 40), [7, 19, 15] 
(-6, 7, 40), [19, 7, 15] 
(-5, 6, 28), [20, 6, 3] 
(-3, 4, 10), [22, 4, 10] 
(8, -7, 55), [8, 18, 5] 
(-2, 3, 5), [23, 3, 5] 
(5, -4, 22), [5, 21, 22] 
(-5, 6, 32), [20, 6, 7] 
(4, -3, 15), [4, 22, 15] 
(2, -1, 5), [2, 24, 5] 
(-6, 7, 45), [19, 7, 20] 
(5, -4, 24), [5, 21, 24] 
(3, -2, 10), [3, 23, 10] 
(-7, 8, 60), [18, 8, 10] 
(5, -4, 26), [5, 21, 1] 
(-5, 6, 36), [20, 6, 11] 
(5, -4, 28), [5, 21, 3] 
(2, -1, 10), [2, 24, 10] 
(-1, 2, 10), [24, 2, 10] 
(-5, 6, 38), [20, 6, 13] 
(-3, 4, 20), [22, 4, 20] 
(-2, 3, 15), [23, 3, 15] 
(5, -4, 32), [5, 21, 7] 
(-5, 6, 42), [20, 6, 17] 
(2, -1, 15), [2, 24, 15] 
(-6, 7, 55), [19, 7, 5] 
(3, -2, 20), [3, 23, 20] 
(5, -4, 34), [5, 21, 9] 
(-5, 6, 44), [20, 6, 19] 
(-2, 3, 20), [23, 3, 20] 
(5, -4, 36), [5, 21, 11] 
(-5, 6, 46), [20, 6, 21] 
(4, -3, 30), [4, 22, 5] 
(-5, 6, 48), [20, 6, 23] 
(-1, 2, 20), [24, 2, 20] 
(5, -4, 42), [5, 21, 17] 
(-5, 6, 52), [20, 6, 2] 
(4, -3, 35), [4, 22, 10] 
(3, -2, 30), [3, 23, 5] 
(5, -4, 44), [5, 21, 19] 
(-5, 6, 54), [20, 6, 4] 
(-2, 3, 30), [23, 3, 5] 
(-5, 6, 56), [20, 6, 6] 
(5, -4, 46), [5, 21, 21] 
(5, -4, 48), [5, 21, 23] 
(-1, 2, 30), [24, 2, 5] 
(-2, 3, 35), [23, 3, 10] 
(5, -4, 52), [5, 21, 2] 
(2, -1, 35), [2, 24, 10] 
(4, -3, 45), [4, 22, 20] 
(2, -1, 40), [2, 24, 15] 
(-1, 2, 40), [24, 2, 15] 
(-2, 3, 45), [23, 3, 20] 
(-10, 12, 72), [15, 12, 22] 
(10, -8, 32), [10, 17, 7] 
(-10, 12, 73), [15, 12, 23] 
(10, -8, 34), [10, 17, 9] 
(-10, 12, 78), [15, 12, 3] 
(10, -8, 38), [10, 17, 13] 
(10, -8, 39), [10, 17, 14] 
(3, -1, -35), [3, 24, 15] 
(10, -8, 42), [10, 17, 17] 
(-9, 11, 65), [16, 11, 15] 
(1, 1, -35), [1, 1, 15] 
(10, -8, 46), [10, 17, 21] 
(5, -3, -18), [5, 22, 7] 
(3, -1, -30), [3, 24, 20] 
(9, -7, 30), [9, 18, 5] 
(5, -3, -17), [5, 22, 8] 
(5, -3, -16), [5, 22, 9] 
(6, -4, -5), [6, 21, 20] 
(5, -3, -14), [5, 22, 11] 
(-9, 11, 70), [16, 11, 20] 
(1, 1, -30), [1, 1, 20] 
(5, -3, -13), [5, 22, 12] 
(4, -2, -20), [4, 23, 5] 
(8, -6, 20), [8, 19, 20] 
(9, -7, 35), [9, 18, 10] 
(5, -3, -12), [5, 22, 13] 
(5, -3, -11), [5, 22, 14] 
(5, -3, -9), [5, 22, 16] 
(5, -3, -8), [5, 22, 17] 
(4, -2, -15), [4, 23, 10] 
(3, -1, -20), [3, 24, 5] 
(9, -7, 40), [9, 18, 15] 
(5, -3, -7), [5, 22, 18] 
(10, -8, 58), [10, 17, 8] 
(5, -3, -6), [5, 22, 19] 
(10, -8, 59), [10, 17, 9] 
(1, 1, -20), [1, 1, 5] 
(5, -3, -3), [5, 22, 22] 
(4, -2, -10), [4, 23, 15] 
(3, -1, -15), [3, 24, 10] 
(8, -6, 30), [8, 19, 5] 
(9, -7, 45), [9, 18, 20] 
(-7, 9, 45), [18, 9, 20] 
(-1, 3, -15), [24, 3, 10] 
(5, -3, -2), [5, 22, 23] 
(5, -3, -1), [5, 22, 24] 
(5, -3, 1), [5, 22, 1] 
(6, -4, 10), [6, 21, 10] 
(1, 1, -15), [1, 1, 10] 
(-5, 7, 21), [20, 7, 21] 
(5, -3, 2), [5, 22, 2] 
(4, -2, -5), [4, 23, 20] 
(3, -1, -10), [3, 24, 15] 
(8, -6, 35), [8, 19, 10] 
(-1, 3, -10), [24, 3, 15] 
(-6, 8, 35), [19, 8, 10] 
(-2, 4, -5), [23, 4, 20] 
(-5, 7, 22), [20, 7, 22] 
(5, -3, 3), [5, 22, 3] 
(-5, 7, 23), [20, 7, 23] 
(5, -3, 4), [5, 22, 4] 
(-5, 7, 24), [20, 7, 24] 
(6, -4, 15), [6, 21, 15] 
(1, 1, -10), [1, 1, 15] 
(-5, 7, 26), [20, 7, 1] 
(3, -1, -5), [3, 24, 20] 
(8, -6, 40), [8, 19, 15] 
(-7, 9, 55), [18, 9, 5] 
(9, -7, 55), [9, 18, 5] 
(-1, 3, -5), [24, 3, 20] 
(-6, 8, 40), [19, 8, 15] 
(-5, 7, 27), [20, 7, 2] 
(5, -3, 8), [5, 22, 8] 
(-5, 7, 28), [20, 7, 3] 
(-5, 7, 29), [20, 7, 4] 
(6, -4, 20), [6, 21, 20] 
(1, 1, -5), [1, 1, 20] 
(-5, 7, 31), [20, 7, 6] 
(-4, 6, 20), [21, 6, 20] 
(5, -3, 12), [5, 22, 12] 
(4, -2, 5), [4, 23, 5] 
(-7, 9, 60), [18, 9, 10] 
(8, -6, 45), [8, 19, 20] 
(-6, 8, 45), [19, 8, 20] 
(-5, 7, 33), [20, 7, 8] 
(5, -3, 14), [5, 22, 14] 
(-5, 7, 34), [20, 7, 9] 
(5, -3, 16), [5, 22, 16] 
(-5, 7, 36), [20, 7, 11] 
(5, -3, 17), [5, 22, 17] 
(4, -2, 10), [4, 23, 10] 
(3, -1, 5), [3, 24, 5] 
(-7, 9, 65), [18, 9, 15] 
(-1, 3, 5), [24, 3, 5] 
(-5, 7, 37), [20, 7, 12] 
(-2, 4, 10), [23, 4, 10] 
(5, -3, 18), [5, 22, 18] 
(-5, 7, 38), [20, 7, 13] 
(5, -3, 19), [5, 22, 19] 
(-5, 7, 39), [20, 7, 14] 
(5, -3, 21), [5, 22, 21] 
(6, -4, 30), [6, 21, 5] 
(1, 1, 5), [1, 1, 5] 
(-5, 7, 41), [20, 7, 16] 
(-4, 6, 30), [21, 6, 5] 
(3, -1, 10), [3, 24, 10] 
(-6, 8, 55), [19, 8, 5] 
(-2, 4, 15), [23, 4, 15] 
(5, -3, 23), [5, 22, 23] 
(-5, 7, 43), [20, 7, 18] 
(5, -3, 24), [5, 22, 24] 
(-5, 7, 44), [20, 7, 19] 
(5, -3, 26), [5, 22, 1] 
(1, 1, 10), [1, 1, 10] 
(-5, 7, 46), [20, 7, 21] 
(-4, 6, 35), [21, 6, 10] 
(4, -2, 20), [4, 23, 20] 
(5, -3, 27), [5, 22, 2] 
(3, -1, 15), [3, 24, 15] 
(-6, 8, 60), [19, 8, 10] 
(-5, 7, 47), [20, 7, 22] 
(-1, 3, 15), [24, 3, 15] 
(-2, 4, 20), [23, 4, 20] 
(5, -3, 28), [5, 22, 3] 
(-5, 7, 48), [20, 7, 23] 
(5, -3, 29), [5, 22, 4] 
(-5, 7, 49), [20, 7, 24] 
(5, -3, 31), [5, 22, 6] 
(6, -4, 40), [6, 21, 15] 
(1, 1, 15), [1, 1, 15] 
(-5, 7, 51), [20, 7, 1] 
(-4, 6, 40), [21, 6, 15] 
(-5, 7, 52), [20, 7, 2] 
(-1, 3, 20), [24, 3, 20] 
(5, -3, 33), [5, 22, 8] 
(-5, 7, 53), [20, 7, 3] 
(5, -3, 34), [5, 22, 9] 
(-5, 7, 54), [20, 7, 4] 
(5, -3, 36), [5, 22, 11] 
(-4, 6, 45), [21, 6, 20] 
(4, -2, 30), [4, 23, 5] 
(5, -3, 37), [5, 22, 12] 
(-5, 7, 57), [20, 7, 7] 
(-2, 4, 30), [23, 4, 5] 
(5, -3, 38), [5, 22, 13] 
(-5, 7, 58), [20, 7, 8] 
(5, -3, 39), [5, 22, 14] 
(-5, 7, 59), [20, 7, 9] 
(-5, 7, 61), [20, 7, 11] 
(5, -3, 41), [5, 22, 16] 
(5, -3, 42), [5, 22, 17] 
(-1, 3, 30), [24, 3, 5] 
(5, -3, 43), [5, 22, 18] 
(5, -3, 44), [5, 22, 19] 
(4, -2, 40), [4, 23, 15] 
(5, -3, 47), [5, 22, 22] 
(-1, 3, 35), [24, 3, 10] 
(-2, 4, 40), [23, 4, 15] 
(5, -3, 48), [5, 22, 23] 
(5, -3, 49), [5, 22, 24] 
(1, 1, 35), [1, 1, 10] 
(5, -3, 51), [5, 22, 1] 
(3, -1, 40), [3, 24, 15] 
(4, -2, 45), [4, 23, 20] 
(1, 1, 40), [1, 1, 15] 
(3, -1, 45), [3, 24, 20] 
(10, -7, 24), [10, 18, 24] 
(10, -7, 27), [10, 18, 2] 
(4, -1, -35), [4, 24, 15] 
(5, -2, -28), [5, 23, 22] 
(5, -2, -26), [5, 23, 24] 
(5, -2, -24), [5, 23, 1] 
(4, -1, -30), [4, 24, 20] 
(9, -6, 20), [9, 19, 20] 
(6, -3, -15), [6, 22, 10] 
(2, 1, -35), [2, 1, 15] 
(5, -2, -22), [5, 23, 3] 
(6, -3, -10), [6, 22, 15] 
(5, -2, -18), [5, 23, 7] 
(2, 1, -30), [2, 1, 20] 
(5, -2, -16), [5, 23, 9] 
(5, -2, -14), [5, 23, 11] 
(4, -1, -20), [4, 24, 5] 
(9, -6, 30), [9, 19, 5] 
(-8, 11, 65), [17, 11, 15] 
(5, -2, -12), [5, 23, 13] 
(10, -7, 49), [10, 18, 24] 
(4, -1, -15), [4, 24, 10] 
(5, -2, -8), [5, 23, 17] 
(7, -4, 10), [7, 21, 10] 
(-8, 11, 70), [17, 11, 20] 
(2, 1, -20), [2, 1, 5] 
(1, 2, -20), [1, 2, 5] 
(5, -2, -6), [5, 23, 19] 
(5, -2, -4), [5, 23, 21] 
(4, -1, -10), [4, 24, 15] 
(9, -6, 40), [9, 19, 15] 
(6, -3, 5), [6, 22, 5] 
(2, 1, -15), [2, 1, 10] 
(5, -2, -2), [5, 23, 23] 
(4, -1, -5), [4, 24, 20] 
(-6, 9, 45), [19, 9, 20] 
(7, -4, 20), [7, 21, 20] 
(2, 1, -10), [2, 1, 15] 
(1, 2, -10), [1, 2, 15] 
(-5, 8, 32), [20, 8, 7] 
(5, -2, 4), [5, 23, 4] 
(-5, 8, 34), [20, 8, 9] 
(5, -2, 6), [5, 23, 6] 
(-5, 8, 36), [20, 8, 11] 
(6, -3, 15), [6, 22, 15] 
(2, 1, -5), [2, 1, 20] 
(5, -2, 8), [5, 23, 8] 
(-5, 8, 38), [20, 8, 13] 
(4, -1, 5), [4, 24, 5] 
(-6, 9, 55), [19, 9, 5] 
(6, -3, 20), [6, 22, 20] 
(7, -4, 30), [7, 21, 5] 
(-5, 8, 42), [20, 8, 17] 
(-4, 7, 30), [21, 7, 5] 
(-5, 8, 44), [20, 8, 19] 
(4, -1, 10), [4, 24, 10] 
(-6, 9, 60), [19, 9, 10] 
(-5, 8, 46), [20, 8, 21] 
(-1, 4, 10), [24, 4, 10] 
(2, 1, 5), [2, 1, 5] 
(-4, 7, 35), [21, 7, 10] 
(-5, 8, 48), [20, 8, 23] 
(4, -1, 15), [4, 24, 15] 
(-6, 9, 65), [19, 9, 15] 
(5, -2, 22), [5, 23, 22] 
(6, -3, 30), [6, 22, 5] 
(2, 1, 10), [2, 1, 10] 
(7, -4, 40), [7, 21, 15] 
(1, 2, 10), [1, 2, 10] 
(-5, 8, 52), [20, 8, 2] 
(-4, 7, 40), [21, 7, 15] 
(-3, 6, 30), [22, 6, 5] 
(5, -2, 24), [5, 23, 24] 
(-5, 8, 54), [20, 8, 4] 
(-5, 8, 56), [20, 8, 6] 
(-1, 4, 20), [24, 4, 20] 
(6, -3, 35), [6, 22, 10] 
(2, 1, 15), [2, 1, 15] 
(-4, 7, 45), [21, 7, 20] 
(5, -2, 28), [5, 23, 3] 
(-5, 8, 58), [20, 8, 8] 
(1, 2, 20), [1, 2, 20] 
(-3, 6, 40), [22, 6, 15] 
(5, -2, 34), [5, 23, 9] 
(-5, 8, 64), [20, 8, 14] 
(5, -2, 36), [5, 23, 11] 
(-1, 4, 30), [24, 4, 5] 
(6, -3, 45), [6, 22, 20] 
(-4, 7, 55), [21, 7, 5] 
(5, -2, 38), [5, 23, 13] 
(1, 2, 30), [1, 2, 5] 
(5, -2, 44), [5, 23, 19] 
(4, -1, 40), [4, 24, 15] 
(5, -2, 46), [5, 23, 21] 
(-1, 4, 40), [24, 4, 15] 
(2, 1, 35), [2, 1, 10] 
(5, -2, 48), [5, 23, 23] 
(4, -1, 45), [4, 24, 20] 
(2, 1, 40), [2, 1, 15] 
(10, -6, 11), [10, 19, 11] 
(5, -1, -39), [5, 24, 11] 
(10, -6, 16), [10, 19, 16] 
(5, -1, -38), [5, 24, 12] 
(5, -1, -37), [5, 24, 13] 
(10, -6, 18), [10, 19, 18] 
(5, -1, -36), [5, 24, 14] 
(5, -1, -34), [5, 24, 16] 
(5, -1, -33), [5, 24, 17] 
(8, -4, -5), [8, 21, 20] 
(5, -1, -32), [5, 24, 18] 
(5, -1, -31), [5, 24, 19] 
(5, -1, -29), [5, 24, 21] 
(10, -6, 26), [10, 19, 1] 
(5, -1, -28), [5, 24, 22] 
(6, -2, -20), [6, 23, 5] 
(5, -1, -27), [5, 24, 23] 
(-9, 13, 85), [16, 13, 10] 
(3, 1, -35), [3, 1, 15] 
(5, -1, -26), [5, 24, 24] 
(5, -1, -24), [5, 24, 1] 
(5, -1, -23), [5, 24, 2] 
(6, -2, -15), [6, 23, 10] 
(3, 1, -30), [3, 1, 20] 
(7, -3, -5), [7, 22, 20] 
(5, -1, -21), [5, 24, 4] 
(5, -1, -19), [5, 24, 6] 
(5, -1, -18), [5, 24, 7] 
(10, -6, 37), [10, 19, 12] 
(6, -2, -10), [6, 23, 15] 
(5, -1, -17), [5, 24, 8] 
(8, -4, 10), [8, 21, 10] 
(5, -1, -16), [5, 24, 9] 
(5, -1, -14), [5, 24, 11] 
(5, -1, -13), [5, 24, 12] 
(10, -6, 42), [10, 19, 17] 
(6, -2, -5), [6, 23, 20] 
(5, -1, -12), [5, 24, 13] 
(8, -4, 15), [8, 21, 15] 
(3, 1, -20), [3, 1, 5] 
(5, -1, -11), [5, 24, 14] 
(2, 2, -20), [2, 2, 5] 
(5, -1, -9), [5, 24, 16] 
(5, -1, -8), [5, 24, 17] 
(5, -1, -7), [5, 24, 18] 
(8, -4, 20), [8, 21, 20] 
(3, 1, -15), [3, 1, 10] 
(-7, 11, 65), [18, 11, 15] 
(1, 3, -15), [1, 3, 10] 
(2, 2, -15), [2, 2, 10] 
(5, -1, -4), [5, 24, 21] 
(5, -1, -3), [5, 24, 22] 
(10, -6, 52), [10, 19, 2] 
(5, -1, -2), [5, 24, 23] 
(3, 1, -10), [3, 1, 15] 
(-7, 11, 70), [18, 11, 20] 
(1, 3, -10), [1, 3, 15] 
(5, -1, -1), [5, 24, 24] 
(7, -3, 15), [7, 22, 15] 
(2, 2, -10), [2, 2, 15] 
(5, -1, 1), [5, 24, 1] 
(-5, 9, 41), [20, 9, 16] 
(5, -1, 2), [5, 24, 2] 
(-5, 9, 42), [20, 9, 17] 
(6, -2, 10), [6, 23, 10] 
(5, -1, 3), [5, 24, 3] 
(3, 1, -5), [3, 1, 20] 
(8, -4, 30), [8, 21, 5] 
(1, 3, -5), [1, 3, 20] 
(-5, 9, 43), [20, 9, 18] 
(5, -1, 4), [5, 24, 4] 
(7, -3, 20), [7, 22, 20] 
(2, 2, -5), [2, 2, 20] 
(-5, 9, 44), [20, 9, 19] 
(5, -1, 6), [5, 24, 6] 
(-5, 9, 46), [20, 9, 21] 
(-5, 9, 47), [20, 9, 22] 
(-5, 9, 48), [20, 9, 23] 
(-4, 8, 35), [21, 8, 10] 
(5, -1, 9), [5, 24, 9] 
(-5, 9, 49), [20, 9, 24] 
(5, -1, 11), [5, 24, 11] 
(-5, 9, 51), [20, 9, 1] 
(5, -1, 12), [5, 24, 12] 
(-5, 9, 52), [20, 9, 2] 
(5, -1, 13), [5, 24, 13] 
(6, -2, 20), [6, 23, 20] 
(3, 1, 5), [3, 1, 5] 
(8, -4, 40), [8, 21, 15] 
(1, 3, 5), [1, 3, 5] 
(-5, 9, 53), [20, 9, 3] 
(-4, 8, 40), [21, 8, 15] 
(-2, 6, 20), [23, 6, 20] 
(5, -1, 14), [5, 24, 14] 
(7, -3, 30), [7, 22, 5] 
(2, 2, 5), [2, 2, 5] 
(-5, 9, 54), [20, 9, 4] 
(-3, 7, 30), [22, 7, 5] 
(5, -1, 16), [5, 24, 16] 
(-5, 9, 56), [20, 9, 6] 
(-5, 9, 57), [20, 9, 7] 
(3, 1, 10), [3, 1, 10] 
(-4, 8, 45), [21, 8, 20] 
(7, -3, 35), [7, 22, 10] 
(2, 2, 10), [2, 2, 10] 
(-5, 9, 59), [20, 9, 9] 
(-3, 7, 35), [22, 7, 10] 
(-5, 9, 61), [20, 9, 11] 
(5, -1, 22), [5, 24, 22] 
(-5, 9, 62), [20, 9, 12] 
(6, -2, 30), [6, 23, 5] 
(3, 1, 15), [3, 1, 15] 
(-5, 9, 63), [20, 9, 13] 
(1, 3, 15), [1, 3, 15] 
(-2, 6, 30), [23, 6, 5] 
(5, -1, 24), [5, 24, 24] 
(-3, 7, 40), [22, 7, 15] 
(5, -1, 26), [5, 24, 1] 
(-5, 9, 66), [20, 9, 16] 
(-5, 9, 67), [20, 9, 17] 
(5, -1, 28), [5, 24, 3] 
(1, 3, 20), [1, 3, 20] 
(-4, 8, 55), [21, 8, 5] 
(-5, 9, 69), [20, 9, 19] 
(2, 2, 20), [2, 2, 20] 
(7, -3, 45), [7, 22, 20] 
(-3, 7, 45), [22, 7, 20] 
(5, -1, 31), [5, 24, 6] 
(5, -1, 32), [5, 24, 7] 
(5, -1, 33), [5, 24, 8] 
(6, -2, 40), [6, 23, 15] 
(-4, 8, 60), [21, 8, 10] 
(-2, 6, 40), [23, 6, 15] 
(5, -1, 34), [5, 24, 9] 
(5, -1, 36), [5, 24, 11] 
(5, -1, 37), [5, 24, 12] 
(6, -2, 45), [6, 23, 20] 
(1, 3, 30), [1, 3, 5] 
(-2, 6, 45), [23, 6, 20] 
(5, -1, 39), [5, 24, 14] 
(2, 2, 30), [2, 2, 5] 
(-3, 7, 55), [22, 7, 5] 
(5, -1, 41), [5, 24, 16] 
(5, -1, 42), [5, 24, 17] 
(3, 1, 35), [3, 1, 10] 
(5, -1, 43), [5, 24, 18] 
(1, 3, 35), [1, 3, 10] 
(5, -1, 46), [5, 24, 21] 
(5, -1, 47), [5, 24, 22] 
(3, 1, 40), [3, 1, 15] 
(2, 2, 40), [2, 2, 15] 
(5, -1, 49), [5, 24, 24] 
(1, 3, 45), [1, 3, 20] 
(5, 0, -44), [5, 0, 6] 
(5, 0, -42), [5, 0, 8] 
(10, -5, 8), [10, 20, 8] 
(6, -1, -35), [6, 24, 15] 
(8, -3, -15), [8, 22, 10] 
(5, 0, -38), [5, 0, 12] 
(10, -5, 12), [10, 20, 12] 
(6, -1, -30), [6, 24, 20] 
(5, 0, -36), [5, 0, 14] 
(7, -2, -20), [7, 23, 5] 
(8, -3, -10), [8, 22, 15] 
(5, 0, -34), [5, 0, 16] 
(4, 1, -35), [4, 1, 15] 
(8, -3, -5), [8, 22, 20] 
(10, -5, 21), [10, 20, 21] 
(5, 0, -28), [5, 0, 22] 
(6, -1, -20), [6, 24, 5] 
(5, 0, -26), [5, 0, 24] 
(9, -4, 10), [9, 21, 10] 
(4, 1, -30), [4, 1, 20] 
(5, 0, -24), [5, 0, 1] 
(5, 0, -22), [5, 0, 3] 
(10, -5, 28), [10, 20, 3] 
(6, -1, -15), [6, 24, 10] 
(8, -3, 5), [8, 22, 5] 
(-8, 13, 85), [17, 13, 10] 
(5, 0, -18), [5, 0, 7] 
(6, -1, -10), [6, 24, 15] 
(5, 0, -16), [5, 0, 9] 
(4, 1, -20), [4, 1, 5] 
(9, -4, 20), [9, 21, 20] 
(3, 2, -20), [3, 2, 5] 
(5, 0, -12), [5, 0, 13] 
(6, -1, -5), [6, 24, 20] 
(4, 1, -15), [4, 1, 10] 
(8, -3, 15), [8, 22, 15] 
(2, 3, -15), [2, 3, 10] 
(5, 0, -8), [5, 0, 17] 
(5, 0, -6), [5, 0, 19] 
(4, 1, -10), [4, 1, 15] 
(9, -4, 30), [9, 21, 5] 
(7, -2, 10), [7, 23, 10] 
(5, 0, -4), [5, 0, 21] 
(8, -3, 20), [8, 22, 20] 
(3, 2, -10), [3, 2, 15] 
(2, 3, -10), [2, 3, 15] 
(10, -5, 47), [10, 20, 22] 
(5, 0, -2), [5, 0, 23] 
(4, 1, -5), [4, 1, 20] 
(-6, 11, 65), [19, 11, 15] 
(2, 3, -5), [2, 3, 20] 
(5, 0, 2), [5, 0, 2] 
(-5, 10, 52), [20, 10, 2] 
(5, 0, 4), [5, 0, 4] 
(-6, 11, 70), [19, 11, 20] 
(9, -4, 40), [9, 21, 15] 
(-5, 10, 54), [20, 10, 4] 
(5, 0, 6), [5, 0, 6] 
(7, -2, 20), [7, 23, 20] 
(8, -3, 30), [8, 22, 5] 
(-5, 10, 56), [20, 10, 6] 
(5, 0, 8), [5, 0, 8] 
(-5, 10, 58), [20, 10, 8] 
(6, -1, 15), [6, 24, 15] 
(4, 1, 5), [4, 1, 5] 
(-4, 9, 45), [21, 9, 20] 
(8, -3, 35), [8, 22, 10] 
(2, 3, 5), [2, 3, 5] 
(5, 0, 12), [5, 0, 12] 
(-5, 10, 62), [20, 10, 12] 
(4, 1, 10), [4, 1, 10] 
(-5, 10, 64), [20, 10, 14] 
(1, 4, 10), [1, 4, 10] 
(-1, 6, 20), [24, 6, 20] 
(5, 0, 16), [5, 0, 16] 
(7, -2, 30), [7, 23, 5] 
(3, 2, 10), [3, 2, 10] 
(-3, 8, 40), [22, 8, 15] 
(5, 0, 18), [5, 0, 18] 
(-5, 10, 68), [20, 10, 18] 
(4, 1, 15), [4, 1, 15] 
(-4, 9, 55), [21, 9, 5] 
(2, 3, 15), [2, 3, 15] 
(8, -3, 45), [8, 22, 20] 
(-5, 10, 72), [20, 10, 22] 
(-4, 9, 60), [21, 9, 10] 
(1, 4, 20), [1, 4, 20] 
(-1, 6, 30), [24, 6, 5] 
(3, 2, 20), [3, 2, 20] 
(7, -2, 40), [7, 23, 15] 
(2, 3, 20), [2, 3, 20] 
(-2, 7, 40), [23, 7, 15] 
(6, -1, 35), [6, 24, 10] 
(-4, 9, 65), [21, 9, 15] 
(-2, 7, 45), [23, 7, 20] 
(6, -1, 40), [6, 24, 15] 
(1, 4, 30), [1, 4, 5] 
(5, 0, 36), [5, 0, 11] 
(3, 2, 30), [3, 2, 5] 
(2, 3, 30), [2, 3, 5] 
(-3, 8, 60), [22, 8, 10] 
(5, 0, 38), [5, 0, 13] 
(6, -1, 45), [6, 24, 20] 
(2, 3, 35), [2, 3, 10] 
(-2, 7, 55), [23, 7, 5] 
(5, 0, 42), [5, 0, 17] 
(5, 0, 44), [5, 0, 19] 
(1, 4, 40), [1, 4, 15] 
(3, 2, 40), [3, 2, 15] 
(5, 0, 48), [5, 0, 23] 
(2, 3, 45), [2, 3, 20] 
(9, -3, -15), [9, 22, 10] 
(10, -4, -2), [10, 21, 23] 
(10, -4, 2), [10, 21, 2] 
(7, -1, -30), [7, 24, 20] 
(9, -3, -10), [9, 22, 15] 
(8, -2, -20), [8, 23, 5] 
(5, 1, -39), [5, 1, 11] 
(10, -4, 6), [10, 21, 6] 
(5, 1, -38), [5, 1, 12] 
(9, -3, -5), [9, 22, 20] 
(5, 1, -37), [5, 1, 13] 
(10, -4, 8), [10, 21, 8] 
(8, -2, -15), [8, 23, 10] 
(5, 1, -36), [5, 1, 14] 
(10, -4, 9), [10, 21, 9] 
(5, 1, -34), [5, 1, 16] 
(5, 1, -33), [5, 1, 17] 
(7, -1, -20), [7, 24, 5] 
(5, 1, -32), [5, 1, 18] 
(8, -2, -10), [8, 23, 15] 
(5, 1, -31), [5, 1, 19] 
(10, -4, 14), [10, 21, 14] 
(5, 1, -29), [5, 1, 21] 
(5, 1, -28), [5, 1, 22] 
(9, -3, 5), [9, 22, 5] 
(5, 1, -27), [5, 1, 23] 
(8, -2, -5), [8, 23, 20] 
(5, 1, -26), [5, 1, 24] 
(5, 1, -24), [5, 1, 1] 
(5, 1, -23), [5, 1, 2] 
(10, -4, 22), [10, 21, 22] 
(7, -1, -10), [7, 24, 15] 
(5, 1, -21), [5, 1, 4] 
(5, 1, -19), [5, 1, 6] 
(10, -4, 26), [10, 21, 1] 
(5, 1, -18), [5, 1, 7] 
(10, -4, 27), [10, 21, 2] 
(5, 1, -17), [5, 1, 8] 
(9, -3, 15), [9, 22, 15] 
(4, 2, -20), [4, 2, 5] 
(8, -2, 5), [8, 23, 5] 
(5, 1, -16), [5, 1, 9] 
(5, 1, -14), [5, 1, 11] 
(10, -4, 31), [10, 21, 6] 
(5, 1, -13), [5, 1, 12] 
(5, 1, -12), [5, 1, 13] 
(9, -3, 20), [9, 22, 20] 
(4, 2, -15), [4, 2, 10] 
(8, -2, 10), [8, 23, 10] 
(5, 1, -11), [5, 1, 14] 
(-7, 13, 85), [18, 13, 10] 
(3, 3, -15), [3, 3, 10] 
(10, -4, 34), [10, 21, 9] 
(5, 1, -9), [5, 1, 16] 
(10, -4, 36), [10, 21, 11] 
(5, 1, -8), [5, 1, 17] 
(7, -1, 5), [7, 24, 5] 
(5, 1, -7), [5, 1, 18] 
(4, 2, -10), [4, 2, 15] 
(3, 3, -10), [3, 3, 15] 
(5, 1, -4), [5, 1, 21] 
(5, 1, -3), [5, 1, 22] 
(7, -1, 10), [7, 24, 10] 
(5, 1, -2), [5, 1, 23] 
(4, 2, -5), [4, 2, 20] 
(9, -3, 30), [9, 22, 5] 
(2, 4, -5), [2, 4, 20] 
(5, 1, -1), [5, 1, 24] 
(8, -2, 20), [8, 23, 20] 
(3, 3, -5), [3, 3, 20] 
(5, 1, 1), [5, 1, 1] 
(-5, 11, 61), [20, 11, 11] 
(10, -4, 46), [10, 21, 21] 
(5, 1, 2), [5, 1, 2] 
(-5, 11, 62), [20, 11, 12] 
(7, -1, 15), [7, 24, 15] 
(5, 1, 3), [5, 1, 3] 
(9, -3, 35), [9, 22, 10] 
(-5, 11, 63), [20, 11, 13] 
(5, 1, 4), [5, 1, 4] 
(-5, 11, 64), [20, 11, 14] 
(5, 1, 6), [5, 1, 6] 
(-5, 11, 66), [20, 11, 16] 
(5, 1, 7), [5, 1, 7] 
(-5, 11, 67), [20, 11, 17] 
(4, 2, 5), [4, 2, 5] 
(5, 1, 9), [5, 1, 9] 
(8, -2, 30), [8, 23, 5] 
(3, 3, 5), [3, 3, 5] 
(-5, 11, 69), [20, 11, 19] 
(5, 1, 11), [5, 1, 11] 
(-5, 11, 71), [20, 11, 21] 
(5, 1, 12), [5, 1, 12] 
(-5, 11, 72), [20, 11, 22] 
(5, 1, 13), [5, 1, 13] 
(4, 2, 10), [4, 2, 10] 
(-5, 11, 73), [20, 11, 23] 
(2, 4, 10), [2, 4, 10] 
(9, -3, 45), [9, 22, 20] 
(-3, 9, 45), [22, 9, 20] 
(5, 1, 14), [5, 1, 14] 
(-2, 8, 35), [23, 8, 10] 
(5, 1, 16), [5, 1, 16] 
(-5, 11, 76), [20, 11, 1] 
(5, 1, 17), [5, 1, 17] 
(-5, 11, 77), [20, 11, 2] 
(5, 1, 18), [5, 1, 18] 
(2, 4, 15), [2, 4, 15] 
(-1, 7, 30), [24, 7, 5] 
(5, 1, 19), [5, 1, 19] 
(-5, 11, 79), [20, 11, 4] 
(3, 3, 15), [3, 3, 15] 
(8, -2, 40), [8, 23, 15] 
(-2, 8, 40), [23, 8, 15] 
(5, 1, 21), [5, 1, 21] 
(5, 1, 22), [5, 1, 22] 
(5, 1, 23), [5, 1, 23] 
(4, 2, 20), [4, 2, 20] 
(7, -1, 35), [7, 24, 10] 
(2, 4, 20), [2, 4, 20] 
(-3, 9, 55), [22, 9, 5] 
(-1, 7, 35), [24, 7, 10] 
(5, 1, 24), [5, 1, 24] 
(3, 3, 20), [3, 3, 20] 
(8, -2, 45), [8, 23, 20] 
(-2, 8, 45), [23, 8, 20] 
(5, 1, 26), [5, 1, 1] 
(5, 1, 28), [5, 1, 3] 
(7, -1, 40), [7, 24, 15] 
(-3, 9, 60), [22, 9, 10] 
(-1, 7, 40), [24, 7, 15] 
(5, 1, 32), [5, 1, 7] 
(4, 2, 30), [4, 2, 5] 
(-3, 9, 65), [22, 9, 15] 
(2, 4, 30), [2, 4, 5] 
(7, -1, 45), [7, 24, 20] 
(5, 1, 34), [5, 1, 9] 
(3, 3, 30), [3, 3, 5] 
(-2, 8, 55), [23, 8, 5] 
(5, 1, 36), [5, 1, 11] 
(5, 1, 37), [5, 1, 12] 
(5, 1, 39), [5, 1, 14] 
(3, 3, 35), [3, 3, 10] 
(-2, 8, 60), [23, 8, 10] 
(5, 1, 41), [5, 1, 16] 
(5, 1, 42), [5, 1, 17] 
(2, 4, 40), [2, 4, 15] 
(5, 1, 46), [5, 1, 21] 
(5, 1, 47), [5, 1, 22] 
(4, 2, 45), [4, 2, 20] 
(5, 1, 49), [5, 1, 24] 
(10, -3, -16), [10, 22, 9] 
(8, -1, -35), [8, 24, 15] 
(8, -1, -30), [8, 24, 20] 
(10, -3, -8), [10, 22, 17] 
(6, 1, -35), [6, 1, 15] 
(10, -3, 1), [10, 22, 1] 
(9, -2, -10), [9, 23, 15] 
(6, 1, -30), [6, 1, 20] 
(8, -1, -15), [8, 24, 10] 
(8, -1, -10), [8, 24, 15] 
(5, 2, -28), [5, 2, 22] 
(5, 2, -26), [5, 2, 24] 
(6, 1, -20), [6, 1, 5] 
(5, 2, -24), [5, 2, 1] 
(10, -3, 16), [10, 22, 16] 
(8, -1, -5), [8, 24, 20] 
(5, 2, -22), [5, 2, 3] 
(10, -3, 18), [10, 22, 18] 
(6, 1, -15), [6, 1, 10] 
(9, -2, 10), [9, 23, 10] 
(5, 2, -18), [5, 2, 7] 
(5, 2, -16), [5, 2, 9] 
(6, 1, -10), [6, 1, 15] 
(5, 2, -14), [5, 2, 11] 
(8, -1, 5), [8, 24, 5] 
(4, 3, -15), [4, 3, 10] 
(5, 2, -12), [5, 2, 13] 
(10, -3, 28), [10, 22, 3] 
(6, 1, -5), [6, 1, 20] 
(8, -1, 10), [8, 24, 10] 
(5, 2, -8), [5, 2, 17] 
(9, -2, 20), [9, 23, 20] 
(4, 3, -10), [4, 3, 15] 
(5, 2, -6), [5, 2, 19] 
(5, 2, -4), [5, 2, 21] 
(8, -1, 15), [8, 24, 15] 
(4, 3, -5), [4, 3, 20] 
(-6, 13, 85), [19, 13, 10] 
(5, 2, -2), [5, 2, 23] 
(6, 1, 5), [6, 1, 5] 
(10, -3, 41), [10, 22, 16] 
(9, -2, 30), [9, 23, 5] 
(-5, 12, 72), [20, 12, 22] 
(5, 2, 4), [5, 2, 4] 
(-5, 12, 74), [20, 12, 24] 
(6, 1, 10), [6, 1, 10] 
(5, 2, 6), [5, 2, 6] 
(-5, 12, 76), [20, 12, 1] 
(4, 3, 5), [4, 3, 5] 
(5, 2, 8), [5, 2, 8] 
(-5, 12, 78), [20, 12, 3] 
(10, -3, 48), [10, 22, 23] 
(6, 1, 15), [6, 1, 15] 
(-4, 11, 65), [21, 11, 15] 
(5, 2, 12), [5, 2, 12] 
(3, 4, 10), [3, 4, 10] 
(9, -2, 40), [9, 23, 15] 
(5, 2, 14), [5, 2, 14] 
(-5, 12, 84), [20, 12, 9] 
(5, 2, 16), [5, 2, 16] 
(-4, 11, 70), [21, 11, 20] 
(1, 6, 20), [1, 6, 20] 
(4, 3, 15), [4, 3, 15] 
(8, -1, 35), [8, 24, 10] 
(-2, 9, 45), [23, 9, 20] 
(5, 2, 18), [5, 2, 18] 
(5, 2, 22), [5, 2, 22] 
(4, 3, 20), [4, 3, 20] 
(3, 4, 20), [3, 4, 20] 
(8, -1, 40), [8, 24, 15] 
(1, 6, 30), [1, 6, 5] 
(8, -1, 45), [8, 24, 20] 
(-2, 9, 55), [23, 9, 5] 
(5, 2, 28), [5, 2, 3] 
(6, 1, 35), [6, 1, 10] 
(4, 3, 30), [4, 3, 5] 
(3, 4, 30), [3, 4, 5] 
(-2, 9, 60), [23, 9, 10] 
(6, 1, 40), [6, 1, 15] 
(1, 6, 40), [1, 6, 15] 
(4, 3, 35), [4, 3, 10] 
(-2, 9, 65), [23, 9, 15] 
(6, 1, 45), [6, 1, 20] 
(3, 4, 40), [3, 4, 15] 
(-1, 8, 60), [24, 8, 10] 
(5, 2, 46), [5, 2, 21] 
(10, -2, -22), [10, 23, 3] 
(10, -2, -21), [10, 23, 4] 
(10, -2, -14), [10, 23, 11] 
(9, -1, -20), [9, 24, 5] 
(7, 1, -35), [7, 1, 15] 
(10, -2, -7), [10, 23, 18] 
(10, -2, -6), [10, 23, 19] 
(9, -1, -15), [9, 24, 10] 
(7, 1, -30), [7, 1, 20] 
(9, -1, -10), [9, 24, 15] 
(9, -1, -5), [9, 24, 20] 
(7, 1, -20), [7, 1, 5] 
(10, -2, 11), [10, 23, 11] 
(7, 1, -15), [7, 1, 10] 
(6, 2, -20), [6, 2, 5] 
(9, -1, 5), [9, 24, 5] 
(5, 3, -19), [5, 3, 6] 
(7, 1, -10), [7, 1, 15] 
(6, 2, -15), [6, 2, 10] 
(5, 3, -18), [5, 3, 7] 
(5, 3, -17), [5, 3, 8] 
(10, -2, 18), [10, 23, 18] 
(5, 3, -16), [5, 3, 9] 
(9, -1, 10), [9, 24, 10] 
(5, 3, -14), [5, 3, 11] 
(7, 1, -5), [7, 1, 20] 
(6, 2, -10), [6, 2, 15] 
(5, 3, -13), [5, 3, 12] 
(5, 3, -12), [5, 3, 13] 
(5, 3, -11), [5, 3, 14] 
(9, -1, 15), [9, 24, 15] 
(5, 3, -9), [5, 3, 16] 
(6, 2, -5), [6, 2, 20] 
(5, 3, -8), [5, 3, 17] 
(5, 3, -7), [5, 3, 18] 
(10, -2, 28), [10, 23, 3] 
(5, 3, -6), [5, 3, 19] 
(10, -2, 29), [10, 23, 4] 
(4, 4, -5), [4, 4, 20] 
(5, 3, -3), [5, 3, 22] 
(5, 3, -2), [5, 3, 23] 
(5, 3, -1), [5, 3, 24] 
(10, -2, 34), [10, 23, 9] 
(5, 3, 1), [5, 3, 1] 
(-5, 13, 81), [20, 13, 6] 
(6, 2, 5), [6, 2, 5] 
(5, 3, 2), [5, 3, 2] 
(-5, 13, 82), [20, 13, 7] 
(5, 3, 3), [5, 3, 3] 
(-5, 13, 83), [20, 13, 8] 
(10, -2, 38), [10, 23, 13] 
(5, 3, 4), [5, 3, 4] 
(-5, 13, 84), [20, 13, 9] 
(5, 3, 6), [5, 3, 6] 
(6, 2, 10), [6, 2, 10] 
(5, 3, 7), [5, 3, 7] 
(-5, 13, 87), [20, 13, 12] 
(5, 3, 8), [5, 3, 8] 
(-5, 13, 88), [20, 13, 13] 
(5, 3, 9), [5, 3, 9] 
(-5, 13, 89), [20, 13, 14] 
(-5, 13, 91), [20, 13, 16] 
(5, 3, 11), [5, 3, 11] 
(4, 4, 10), [4, 4, 10] 
(9, -1, 35), [9, 24, 10] 
(5, 3, 12), [5, 3, 12] 
(5, 3, 13), [5, 3, 13] 
(5, 3, 14), [5, 3, 14] 
(5, 3, 16), [5, 3, 16] 
(4, 4, 15), [4, 4, 15] 
(9, -1, 40), [9, 24, 15] 
(6, 2, 20), [6, 2, 20] 
(5, 3, 17), [5, 3, 17] 
(2, 6, 20), [2, 6, 20] 
(-3, 11, 65), [22, 11, 15] 
(5, 3, 18), [5, 3, 18] 
(5, 3, 19), [5, 3, 19] 
(5, 3, 21), [5, 3, 21] 
(4, 4, 20), [4, 4, 20] 
(9, -1, 45), [9, 24, 20] 
(-1, 9, 45), [24, 9, 20] 
(-3, 11, 70), [22, 11, 20] 
(1, 7, 30), [1, 7, 5] 
(5, 3, 23), [5, 3, 23] 
(5, 3, 24), [5, 3, 24] 
(5, 3, 26), [5, 3, 1] 
(6, 2, 30), [6, 2, 5] 
(5, 3, 27), [5, 3, 2] 
(7, 1, 35), [7, 1, 10] 
(2, 6, 30), [2, 6, 5] 
(1, 7, 35), [1, 7, 10] 
(5, 3, 28), [5, 3, 3] 
(4, 4, 30), [4, 4, 5] 
(-1, 9, 55), [24, 9, 5] 
(7, 1, 40), [7, 1, 15] 
(2, 6, 35), [2, 6, 10] 
(1, 7, 40), [1, 7, 15] 
(5, 3, 33), [5, 3, 8] 
(5, 3, 34), [5, 3, 9] 
(5, 3, 36), [5, 3, 11] 
(-1, 9, 60), [24, 9, 10] 
(6, 2, 40), [6, 2, 15] 
(7, 1, 45), [7, 1, 20] 
(2, 6, 40), [2, 6, 15] 
(4, 4, 40), [4, 4, 15] 
(5, 3, 42), [5, 3, 17] 
(6, 2, 45), [6, 2, 20] 
(2, 6, 45), [2, 6, 20] 
(5, 3, 44), [5, 3, 19] 
(5, 3, 47), [5, 3, 22] 
(5, 3, 48), [5, 3, 23] 
(5, 3, 49), [5, 3, 24] 
(5, 3, 51), [5, 3, 1] 
(10, -1, -28), [10, 24, 22] 
(10, -1, -24), [10, 24, 1] 
(8, 1, -30), [8, 1, 20] 
(10, -1, -12), [10, 24, 13] 
(10, -1, -11), [10, 24, 14] 
(8, 1, -20), [8, 1, 5] 
(8, 1, -15), [8, 1, 10] 
(7, 2, -20), [7, 2, 5] 
(10, -1, 4), [10, 24, 4] 
(10, -1, 12), [10, 24, 12] 
(6, 3, -15), [6, 3, 10] 
(7, 2, -10), [7, 2, 15] 
(6, 3, -10), [6, 3, 15] 
(10, -1, 21), [10, 24, 21] 
(5, 4, -8), [5, 4, 17] 
(8, 1, 5), [8, 1, 5] 
(6, 3, -5), [6, 3, 20] 
(5, 4, -6), [5, 4, 19] 
(5, 4, -4), [5, 4, 21] 
(8, 1, 10), [8, 1, 10] 
(5, 4, -2), [5, 4, 23] 
(5, 4, 2), [5, 4, 2] 
(-5, 14, 92), [20, 14, 17] 
(8, 1, 15), [8, 1, 15] 
(6, 3, 5), [6, 3, 5] 
(7, 2, 10), [7, 2, 10] 
(5, 4, 4), [5, 4, 4] 
(-5, 14, 94), [20, 14, 19] 
(-5, 14, 96), [20, 14, 21] 
(5, 4, 6), [5, 4, 6] 
(10, -1, 36), [10, 24, 11] 
(5, 4, 8), [5, 4, 8] 
(5, 4, 12), [5, 4, 12] 
(6, 3, 15), [6, 3, 15] 
(-4, 13, 85), [21, 13, 10] 
(7, 2, 20), [7, 2, 20] 
(5, 4, 14), [5, 4, 14] 
(5, 4, 16), [5, 4, 16] 
(6, 3, 20), [6, 3, 20] 
(3, 6, 20), [3, 6, 20] 
(5, 4, 22), [5, 4, 22] 
(8, 1, 35), [8, 1, 10] 
(-2, 11, 65), [23, 11, 15] 
(7, 2, 30), [7, 2, 5] 
(5, 4, 24), [5, 4, 24] 
(2, 7, 30), [2, 7, 5] 
(5, 4, 26), [5, 4, 1] 
(5, 4, 28), [5, 4, 3] 
(8, 1, 40), [8, 1, 15] 
(3, 6, 30), [3, 6, 5] 
(-2, 11, 70), [23, 11, 20] 
(1, 8, 40), [1, 8, 15] 
(2, 7, 35), [2, 7, 10] 
(8, 1, 45), [8, 1, 20] 
(5, 4, 34), [5, 4, 9] 
(7, 2, 40), [7, 2, 15] 
(2, 7, 40), [2, 7, 15] 
(5, 4, 36), [5, 4, 11] 
(3, 6, 40), [3, 6, 15] 
(2, 7, 45), [2, 7, 20] 
(6, 3, 45), [6, 3, 20] 
(2, 7, 55), [2, 7, 5] 
(10, 0, -46), [10, 0, 4] 
(10, 0, -34), [10, 0, 16] 
(10, 0, -32), [10, 0, 18] 
(9, 1, -30), [9, 1, 20] 
(10, 0, -18), [10, 0, 7] 
(9, 1, -20), [9, 1, 5] 
(9, 1, -15), [9, 1, 10] 
(8, 2, -20), [8, 2, 5] 
(10, 0, -2), [10, 0, 23] 
(9, 1, -10), [9, 1, 15] 
(10, 0, -1), [10, 0, 24] 
(8, 2, -15), [8, 2, 10] 
(10, 0, 2), [10, 0, 2] 
(9, 1, -5), [9, 1, 20] 
(10, 0, 4), [10, 0, 4] 
(8, 2, -10), [8, 2, 15] 
(7, 3, -15), [7, 3, 10] 
(10, 0, 6), [10, 0, 6] 
(7, 3, -10), [7, 3, 15] 
(10, 0, 13), [10, 0, 13] 
(9, 1, 5), [9, 1, 5] 
(7, 3, -5), [7, 3, 20] 
(10, 0, 18), [10, 0, 18] 
(9, 1, 10), [9, 1, 10] 
(6, 4, -5), [6, 4, 20] 
(10, 0, 22), [10, 0, 22] 
(9, 1, 15), [9, 1, 15] 
(8, 2, 10), [8, 2, 10] 
(7, 3, 5), [7, 3, 5] 
(-5, 15, 101), [20, 15, 1] 
(10, 0, 26), [10, 0, 1] 
(-5, 15, 102), [20, 15, 2] 
(5, 5, 2), [5, 5, 2] 
(-5, 15, 103), [20, 15, 3] 
(5, 5, 3), [5, 5, 3] 
(5, 5, 4), [5, 5, 4] 
(5, 5, 6), [5, 5, 6] 
(10, 0, 31), [10, 0, 6] 
(5, 5, 7), [5, 5, 7] 
(5, 5, 8), [5, 5, 8] 
(6, 4, 10), [6, 4, 10] 
(5, 5, 9), [5, 5, 9] 
(7, 3, 15), [7, 3, 15] 
(8, 2, 20), [8, 2, 20] 
(5, 5, 11), [5, 5, 11] 
(5, 5, 12), [5, 5, 12] 
(5, 5, 13), [5, 5, 13] 
(6, 4, 15), [6, 4, 15] 
(7, 3, 20), [7, 3, 20] 
(5, 5, 16), [5, 5, 16] 
(5, 5, 17), [5, 5, 17] 
(10, 0, 42), [10, 0, 17] 
(5, 5, 18), [5, 5, 18] 
(6, 4, 20), [6, 4, 20] 
(5, 5, 19), [5, 5, 19] 
(9, 1, 35), [9, 1, 10] 
(4, 6, 20), [4, 6, 20] 
(8, 2, 30), [8, 2, 5] 
(5, 5, 21), [5, 5, 21] 
(-3, 13, 85), [22, 13, 10] 
(5, 5, 22), [5, 5, 22] 
(5, 5, 23), [5, 5, 23] 
(10, 0, 48), [10, 0, 23] 
(5, 5, 24), [5, 5, 24] 
(9, 1, 40), [9, 1, 15] 
(7, 3, 30), [7, 3, 5] 
(3, 7, 30), [3, 7, 5] 
(2, 8, 35), [2, 8, 10] 
(5, 5, 27), [5, 5, 2] 
(5, 5, 28), [5, 5, 3] 
(6, 4, 30), [6, 4, 5] 
(5, 5, 29), [5, 5, 4] 
(4, 6, 30), [4, 6, 5] 
(9, 1, 45), [9, 1, 20] 
(-1, 11, 65), [24, 11, 15] 
(1, 9, 45), [1, 9, 20] 
(7, 3, 35), [7, 3, 10] 
(5, 5, 31), [5, 5, 6] 
(8, 2, 40), [8, 2, 15] 
(3, 7, 35), [3, 7, 10] 
(2, 8, 40), [2, 8, 15] 
(5, 5, 32), [5, 5, 7] 
(5, 5, 33), [5, 5, 8] 
(5, 5, 34), [5, 5, 9] 
(4, 6, 35), [4, 6, 10] 
(-1, 11, 70), [24, 11, 20] 
(8, 2, 45), [8, 2, 20] 
(3, 7, 40), [3, 7, 15] 
(2, 8, 45), [2, 8, 20] 
(5, 5, 37), [5, 5, 12] 
(5, 5, 38), [5, 5, 13] 
(6, 4, 40), [6, 4, 15] 
(5, 5, 39), [5, 5, 14] 
(4, 6, 40), [4, 6, 15] 
(5, 5, 41), [5, 5, 16] 
(3, 7, 45), [3, 7, 20] 
(5, 5, 42), [5, 5, 17] 
(5, 5, 43), [5, 5, 18] 
(4, 6, 45), [4, 6, 20] 
(1, 9, 60), [1, 9, 10] 
(5, 5, 48), [5, 5, 23] 
(1, 9, 65), [1, 9, 15] 
(3, 7, 55), [3, 7, 5] 
(2, 8, 60), [2, 8, 10] 
(5, 5, 52), [5, 5, 2] 
(10, 1, -8), [10, 1, 17] 
(10, 1, -4), [10, 1, 21] 
(8, 3, -15), [8, 3, 10] 
(8, 3, -10), [8, 3, 15] 
(10, 1, 9), [10, 1, 9] 
(10, 1, 14), [10, 1, 14] 
(9, 2, 10), [9, 2, 10] 
(8, 3, 5), [8, 3, 5] 
(-5, 16, 112), [20, 16, 12] 
(10, 1, 24), [10, 1, 24] 
(7, 4, 10), [7, 4, 10] 
(9, 2, 20), [9, 2, 20] 
(8, 3, 15), [8, 3, 15] 
(5, 6, 12), [5, 6, 12] 
(10, 1, 32), [10, 1, 7] 
(8, 3, 20), [8, 3, 20] 
(5, 6, 14), [5, 6, 14] 
(5, 6, 16), [5, 6, 16] 
(7, 4, 20), [7, 4, 20] 
(9, 2, 30), [9, 2, 5] 
(5, 6, 18), [5, 6, 18] 
(10, 1, 41), [10, 1, 16] 
(5, 6, 22), [5, 6, 22] 
(8, 3, 30), [8, 3, 5] 
(5, 6, 24), [5, 6, 24] 
(5, 6, 26), [5, 6, 1] 
(5, 6, 28), [5, 6, 3] 
(9, 2, 40), [9, 2, 15] 
(4, 7, 30), [4, 7, 5] 
(8, 3, 35), [8, 3, 10] 
(-2, 13, 85), [23, 13, 10] 
(5, 6, 32), [5, 6, 7] 
(4, 7, 35), [4, 7, 10] 
(2, 9, 45), [2, 9, 20] 
(3, 8, 40), [3, 8, 15] 
(5, 6, 36), [5, 6, 11] 
(5, 6, 38), [5, 6, 13] 
(4, 7, 40), [4, 7, 15] 
(8, 3, 45), [8, 3, 20] 
(5, 6, 42), [5, 6, 17] 
(4, 7, 45), [4, 7, 20] 
(2, 9, 55), [2, 9, 5] 
(5, 6, 44), [5, 6, 19] 
(5, 6, 46), [5, 6, 21] 
(5, 6, 48), [5, 6, 23] 
(2, 9, 60), [2, 9, 10] 
(10, 2, -22), [10, 2, 3] 
(10, 2, -14), [10, 2, 11] 
(10, 2, -12), [10, 2, 13] 
(9, 3, -15), [9, 3, 10] 
(10, 2, -6), [10, 2, 19] 
(10, 2, -3), [10, 2, 22] 
(10, 2, 6), [10, 2, 6] 
(-5, 17, 121), [20, 17, 21] 
(10, 2, 18), [10, 2, 18] 
(10, 2, 19), [10, 2, 19] 
(8, 4, 10), [8, 4, 10] 
(9, 3, 15), [9, 3, 15] 
(10, 2, 24), [10, 2, 24] 
(9, 3, 20), [9, 3, 20] 
(10, 2, 33), [10, 2, 8] 
(10, 2, 34), [10, 2, 9] 
(6, 6, 20), [6, 6, 20] 
(5, 7, 21), [5, 7, 21] 
(9, 3, 30), [9, 3, 5] 
(5, 7, 22), [5, 7, 22] 
(5, 7, 23), [5, 7, 23] 
(5, 7, 24), [5, 7, 24] 
(5, 7, 26), [5, 7, 1] 
(8, 4, 30), [8, 4, 5] 
(9, 3, 35), [9, 3, 10] 
(5, 7, 27), [5, 7, 2] 
(5, 7, 28), [5, 7, 3] 
(5, 7, 29), [5, 7, 4] 
(6, 6, 30), [6, 6, 5] 
(5, 7, 31), [5, 7, 6] 
(4, 8, 35), [4, 8, 10] 
(5, 7, 33), [5, 7, 8] 
(5, 7, 34), [5, 7, 9] 
(6, 6, 35), [6, 6, 10] 
(5, 7, 36), [5, 7, 11] 
(8, 4, 40), [8, 4, 15] 
(5, 7, 37), [5, 7, 12] 
(9, 3, 45), [9, 3, 20] 
(4, 8, 40), [4, 8, 15] 
(-1, 13, 85), [24, 13, 10] 
(3, 9, 45), [3, 9, 20] 
(5, 7, 38), [5, 7, 13] 
(5, 7, 39), [5, 7, 14] 
(6, 6, 40), [6, 6, 15] 
(5, 7, 41), [5, 7, 16] 
(4, 8, 45), [4, 8, 20] 
(5, 7, 43), [5, 7, 18] 
(5, 7, 44), [5, 7, 19] 
(6, 6, 45), [6, 6, 20] 
(5, 7, 46), [5, 7, 21] 
(1, 11, 70), [1, 11, 20] 
(5, 7, 47), [5, 7, 22] 
(3, 9, 55), [3, 9, 5] 
(5, 7, 48), [5, 7, 23] 
(5, 7, 49), [5, 7, 24] 
(5, 7, 52), [5, 7, 2] 
(4, 8, 55), [4, 8, 5] 
(3, 9, 60), [3, 9, 10] 
(5, 7, 54), [5, 7, 4] 
(4, 8, 60), [4, 8, 10] 
(10, 3, -2), [10, 3, 23] 
(10, 3, 12), [10, 3, 12] 
(9, 4, 10), [9, 4, 10] 
(10, 3, 16), [10, 3, 16] 
(9, 4, 20), [9, 4, 20] 
(10, 3, 28), [10, 3, 3] 
(10, 3, 29), [10, 3, 4] 
(7, 6, 20), [7, 6, 20] 
(10, 3, 34), [10, 3, 9] 
(9, 4, 30), [9, 4, 5] 
(7, 6, 30), [7, 6, 5] 
(6, 7, 30), [6, 7, 5] 
(5, 8, 32), [5, 8, 7] 
(5, 8, 34), [5, 8, 9] 
(10, 3, 44), [10, 3, 19] 
(9, 4, 40), [9, 4, 15] 
(5, 8, 36), [5, 8, 11] 
(6, 7, 35), [6, 7, 10] 
(5, 8, 38), [5, 8, 13] 
(4, 9, 45), [4, 9, 20] 
(6, 7, 40), [6, 7, 15] 
(5, 8, 42), [5, 8, 17] 
(5, 8, 44), [5, 8, 19] 
(5, 8, 46), [5, 8, 21] 
(6, 7, 45), [6, 7, 20] 
(5, 8, 48), [5, 8, 23] 
(4, 9, 55), [4, 9, 5] 
(5, 8, 52), [5, 8, 2] 
(5, 8, 54), [5, 8, 4] 
(4, 9, 60), [4, 9, 10] 
(5, 8, 58), [5, 8, 8] 
(10, 4, -2), [10, 4, 23] 
(10, 4, -1), [10, 4, 24] 
(10, 4, 2), [10, 4, 2] 
(10, 4, 6), [10, 4, 6] 
(10, 4, 14), [10, 4, 14] 
(10, 4, 17), [10, 4, 17] 
(10, 4, 22), [10, 4, 22] 
(10, 4, 26), [10, 4, 1] 
(8, 6, 20), [8, 6, 20] 
(10, 4, 34), [10, 4, 9] 
(8, 6, 30), [8, 6, 5] 
(7, 7, 30), [7, 7, 5] 
(10, 4, 39), [10, 4, 14] 
(6, 8, 35), [6, 8, 10] 
(7, 7, 35), [7, 7, 10] 
(10, 4, 44), [10, 4, 19] 
(10, 4, 46), [10, 4, 21] 
(5, 9, 42), [5, 9, 17] 
(8, 6, 40), [8, 6, 15] 
(6, 8, 40), [6, 8, 15] 
(7, 7, 40), [7, 7, 15] 
(5, 9, 44), [5, 9, 19] 
(5, 9, 47), [5, 9, 22] 
(8, 6, 45), [8, 6, 20] 
(6, 8, 45), [6, 8, 20] 
(5, 9, 48), [5, 9, 23] 
(5, 9, 49), [5, 9, 24] 
(5, 9, 52), [5, 9, 2] 
(5, 9, 53), [5, 9, 3] 
(1, 13, 85), [1, 13, 10] 
(3, 11, 65), [3, 11, 15] 
(5, 9, 54), [5, 9, 4] 
(5, 9, 56), [5, 9, 6] 
(5, 9, 57), [5, 9, 7] 
(6, 8, 55), [6, 8, 5] 
(7, 7, 55), [7, 7, 5] 
(5, 9, 59), [5, 9, 9] 
(5, 9, 61), [5, 9, 11] 
(6, 8, 60), [6, 8, 10] 
(10, 5, 16), [10, 5, 16] 
(10, 5, 18), [10, 5, 18] 
(10, 5, 32), [10, 5, 7] 
(9, 6, 30), [9, 6, 5] 
(8, 7, 30), [8, 7, 5] 
(8, 7, 35), [8, 7, 10] 
(9, 6, 40), [9, 6, 15] 
(7, 8, 40), [7, 8, 15] 
(10, 5, 48), [10, 5, 23] 
(6, 9, 45), [6, 9, 20] 
(10, 5, 49), [10, 5, 24] 
(5, 10, 52), [5, 10, 2] 
(5, 10, 54), [5, 10, 4] 
(5, 10, 56), [5, 10, 6] 
(5, 10, 58), [5, 10, 8] 
(6, 9, 55), [6, 9, 5] 
(4, 11, 65), [4, 11, 15] 
(8, 7, 55), [8, 7, 5] 
(2, 13, 85), [2, 13, 10] 
(5, 10, 62), [5, 10, 12] 
(6, 9, 60), [6, 9, 10] 
(5, 10, 64), [5, 10, 14] 
(4, 11, 70), [4, 11, 20] 
(5, 10, 68), [5, 10, 18] 
(10, 6, 18), [10, 6, 18] 
(10, 6, 19), [10, 6, 19] 
(10, 6, 26), [10, 6, 1] 
(10, 6, 28), [10, 6, 3] 
(10, 6, 37), [10, 6, 12] 
(8, 8, 35), [8, 8, 10] 
(10, 6, 42), [10, 6, 17] 
(9, 7, 40), [9, 7, 15] 
(8, 8, 40), [8, 8, 15] 
(10, 6, 46), [10, 6, 21] 
(9, 7, 45), [9, 7, 20] 
(7, 9, 45), [7, 9, 20] 
(5, 11, 62), [5, 11, 12] 
(7, 9, 55), [7, 9, 5] 
(9, 7, 55), [9, 7, 5] 
(5, 11, 63), [5, 11, 13] 
(8, 8, 55), [8, 8, 5] 
(5, 11, 64), [5, 11, 14] 
(5, 11, 66), [5, 11, 16] 
(7, 9, 60), [7, 9, 10] 
(8, 8, 60), [8, 8, 10] 
(5, 11, 69), [5, 11, 19] 
(3, 13, 85), [3, 13, 10] 
(5, 11, 72), [5, 11, 22] 
(5, 11, 73), [5, 11, 23] 
(5, 11, 76), [5, 11, 1] 
(10, 7, 36), [10, 7, 11] 
(10, 7, 38), [10, 7, 13] 
(8, 9, 45), [8, 9, 20] 
(10, 7, 52), [10, 7, 2] 
(6, 11, 65), [6, 11, 15] 
(9, 8, 60), [9, 8, 10] 
(5, 12, 76), [5, 12, 1] 
(8, 9, 65), [8, 9, 15] 
(10, 8, 34), [10, 8, 9] 
(10, 8, 38), [10, 8, 13] 
(10, 8, 39), [10, 8, 14] 
(10, 8, 42), [10, 8, 17] 
(10, 8, 46), [10, 8, 21] 
(10, 8, 48), [10, 8, 23] 
(10, 8, 58), [10, 8, 8] 
(9, 9, 60), [9, 9, 10] 
(9, 9, 65), [9, 9, 15] 
(7, 11, 70), [7, 11, 20] 
(5, 13, 82), [5, 13, 7] 
(5, 13, 83), [5, 13, 8] 
(5, 13, 84), [5, 13, 9] 
(5, 13, 88), [5, 13, 13] 
(10, 9, 56), [10, 9, 6] 
(7, 13, 85), [7, 13, 10] 
(10, 11, 76), [10, 11, 1] 
(5, 16, 112), [5, 16, 12] 
(10, 12, 78), [10, 12, 3] 
