(-6, -10, 51), [2, 2, 3], 3.17.aq_ey_ayw 
(-4, -12, 68), [0, 0, 0], 3.17.aq_fd_abae 
(-2, -12, 68), [2, 0, 0], 3.17.ao_ef_auy 
(-8, -5, 17), [0, 3, 1], 3.17.an_cw_alu 
(0, -13, 75), [0, 3, 3], 3.17.an_do_ara 
(-1, -12, 68), [3, 0, 0], 3.17.an_dt_asi 
(-8, -4, 0), [0, 0, 0], 3.17.am_bx_afg 
(-8, -4, 17), [0, 0, 1], 3.17.am_co_akm 
(-6, -6, 17), [2, 2, 1], 3.17.am_cs_alu 
(0, -12, 65), [0, 0, 1], 3.17.am_de_aps 
(0, -12, 67), [0, 0, 3], 3.17.am_dg_aps 
(-8, -3, 0), [0, 1, 0], 3.17.al_bp_ady 
(-7, -4, 0), [1, 0, 0], 3.17.al_bt_afg 
(-8, -3, 17), [0, 1, 1], 3.17.al_cg_aje 
(-6, -5, 17), [2, 3, 1], 3.17.al_cm_akm 
(1, -12, 68), [1, 0, 0], 3.17.al_cv_anc 
(0, -11, 57), [0, 1, 1], 3.17.al_cw_aok 
(0, -11, 59), [0, 1, 3], 3.17.al_cy_aok 
(0, -11, 60), [0, 1, 0], 3.17.al_cz_aok 
(0, -11, 61), [0, 1, 1], 3.17.al_da_aok 
(0, -11, 63), [0, 1, 3], 3.17.al_dc_aok 
(-8, -2, 0), [0, 2, 0], 3.17.ak_bh_acq 
(-6, -4, 0), [2, 0, 0], 3.17.ak_bp_afg 
(-8, -2, 17), [0, 2, 1], 3.17.ak_by_ahw 
(-7, -3, 17), [1, 1, 1], 3.17.ak_cd_ain 
(-4, -6, 17), [0, 2, 1], 3.17.ak_cg_akm 
(-6, -4, 17), [2, 0, 1], 3.17.ak_cg_aje 
(-5, -5, 17), [3, 3, 1], 3.17.ak_ch_ajv 
(2, -12, 68), [2, 0, 0], 3.17.ak_cj_akm 
(0, -10, 49), [0, 2, 1], 3.17.ak_co_anc 
(0, -10, 52), [0, 2, 0], 3.17.ak_cr_anc 
(0, -10, 53), [0, 2, 1], 3.17.ak_cs_anc 
(0, -10, 54), [0, 2, 2], 3.17.ak_ct_anc 
(0, -10, 56), [0, 2, 0], 3.17.ak_cv_anc 
(0, -10, 57), [0, 2, 1], 3.17.ak_cw_anc 
(-8, -1, -17), [0, 3, 3], 3.17.aj_i_dy 
(-8, -1, 0), [0, 3, 0], 3.17.aj_z_abi 
(-6, -3, 0), [2, 1, 0], 3.17.aj_bj_ady 
(-5, -4, 0), [3, 0, 0], 3.17.aj_bl_afg 
(-8, -1, 17), [0, 3, 1], 3.17.aj_bq_ago 
(3, -12, 68), [3, 0, 0], 3.17.aj_bx_ahw 
(-4, -5, 17), [0, 3, 1], 3.17.aj_cc_aje 
(0, -9, 41), [0, 3, 1], 3.17.aj_cg_alu 
(0, -9, 43), [0, 3, 3], 3.17.aj_ci_alu 
(0, -9, 44), [0, 3, 0], 3.17.aj_cj_alu 
(0, -9, 45), [0, 3, 1], 3.17.aj_ck_alu 
(0, -9, 46), [0, 3, 2], 3.17.aj_cl_alu 
(0, -9, 47), [0, 3, 3], 3.17.aj_cm_alu 
(0, -9, 49), [0, 3, 1], 3.17.aj_co_alu 
(0, -9, 50), [0, 3, 2], 3.17.aj_cp_alu 
(0, -9, 53), [0, 3, 1], 3.17.aj_cs_alu 
(-7, -1, -17), [1, 3, 3], 3.17.ai_h_dh 
(-6, -2, -17), [2, 2, 3], 3.17.ai_m_bi 
(-7, -1, 0), [1, 3, 0], 3.17.ai_y_abi 
(-6, -2, 0), [2, 2, 0], 3.17.ai_bd_acq 
(-5, -3, 0), [3, 1, 0], 3.17.ai_bg_ady 
(-4, -4, 0), [0, 0, 0], 3.17.ai_bh_afg 
(4, -12, 68), [0, 0, 0], 3.17.ai_bl_afg 
(-7, -1, 17), [1, 3, 1], 3.17.ai_bp_afx 
(-2, -6, 17), [2, 2, 1], 3.17.ai_bu_aje 
(-6, -2, 17), [2, 2, 1], 3.17.ai_bu_ago 
(2, -10, 51), [2, 2, 3], 3.17.ai_bw_aje 
(0, -8, 32), [0, 0, 0], 3.17.ai_bx_akm 
(-3, -5, 17), [1, 3, 1], 3.17.ai_bx_ain 
(-5, -3, 17), [3, 1, 1], 3.17.ai_bx_ahf 
(-4, -4, 17), [0, 0, 1], 3.17.ai_by_ahw 
(0, -8, 36), [0, 0, 0], 3.17.ai_cb_akm 
(0, -8, 37), [0, 0, 1], 3.17.ai_cc_akm 
(0, -8, 38), [0, 0, 2], 3.17.ai_cd_akm 
(0, -8, 39), [0, 0, 3], 3.17.ai_ce_akm 
(0, -8, 40), [0, 0, 0], 3.17.ai_cf_akm 
(0, -8, 42), [0, 0, 2], 3.17.ai_ch_akm 
(1, -9, 51), [1, 3, 3], 3.17.ai_ch_ajv 
(0, -8, 43), [0, 0, 3], 3.17.ai_ci_akm 
(0, -8, 44), [0, 0, 0], 3.17.ai_cj_akm 
(0, -8, 45), [0, 0, 1], 3.17.ai_ck_akm 
(0, -8, 47), [0, 0, 3], 3.17.ai_cm_akm 
(0, -8, 48), [0, 0, 0], 3.17.ai_cn_akm 
(-8, 1, -17), [0, 1, 3], 3.17.ah_ai_go 
(-6, -1, -17), [2, 3, 3], 3.17.ah_g_cq 
(-8, 1, 0), [0, 1, 0], 3.17.ah_j_bi 
(-6, -1, 0), [2, 3, 0], 3.17.ah_x_abi 
(5, -12, 68), [1, 0, 0], 3.17.ah_z_acq 
(-8, 1, 17), [0, 1, 1], 3.17.ah_ba_ady 
(-5, -2, 0), [3, 2, 0], 3.17.ah_bb_acq 
(-3, -4, 0), [1, 0, 0], 3.17.ah_bd_afg 
(-4, -3, 0), [0, 1, 0], 3.17.ah_bd_ady 
(-6, -1, 17), [2, 3, 1], 3.17.ah_bo_afg 
(0, -7, 24), [0, 1, 0], 3.17.ah_bp_aje 
(0, -7, 25), [0, 1, 1], 3.17.ah_bq_aje 
(0, -7, 27), [0, 1, 3], 3.17.ah_bs_aje 
(-2, -5, 17), [2, 3, 1], 3.17.ah_bs_ahw 
(0, -7, 28), [0, 1, 0], 3.17.ah_bt_aje 
(0, -7, 29), [0, 1, 1], 3.17.ah_bu_aje 
(-4, -3, 17), [0, 1, 1], 3.17.ah_bu_ago 
(0, -7, 30), [0, 1, 2], 3.17.ah_bv_aje 
(2, -9, 51), [2, 3, 3], 3.17.ah_by_ahw 
(0, -7, 38), [0, 1, 2], 3.17.ah_cd_aje 
(0, -7, 39), [0, 1, 3], 3.17.ah_ce_aje 
(0, -7, 41), [0, 1, 1], 3.17.ah_cg_aje 
(0, -7, 42), [0, 1, 2], 3.17.ah_ch_aje 
(0, -7, 43), [0, 1, 3], 3.17.ah_ci_aje 
(0, -7, 45), [0, 1, 1], 3.17.ah_ck_aje 
(-8, 2, 0), [0, 2, 0], 3.17.ag_b_cq 
(-5, -1, -17), [3, 3, 3], 3.17.ag_f_bz 
(-4, -2, -17), [0, 2, 3], 3.17.ag_i_a 
(-7, 1, 0), [1, 1, 0], 3.17.ag_k_bi 
(6, -12, 68), [2, 0, 0], 3.17.ag_n_a 
(-8, 2, 17), [0, 2, 1], 3.17.ag_s_acq 
(-5, -1, 0), [3, 3, 0], 3.17.ag_w_abi 
(-2, -4, 0), [2, 0, 0], 3.17.ag_z_afg 
(-4, -2, 0), [0, 2, 0], 3.17.ag_z_acq 
(-3, -3, 0), [1, 1, 0], 3.17.ag_ba_ady 
(-7, 1, 17), [1, 1, 1], 3.17.ag_bb_adh 
(4, -10, 51), [0, 2, 3], 3.17.ag_bc_afg 
(0, -6, 16), [0, 2, 0], 3.17.ag_bh_ahw 
(0, -6, 19), [0, 2, 3], 3.17.ag_bk_ahw 
(0, -6, 20), [0, 2, 0], 3.17.ag_bl_ahw 
(0, -6, 21), [0, 2, 1], 3.17.ag_bm_ahw 
(0, -6, 22), [0, 2, 2], 3.17.ag_bn_ahw 
(-1, -5, 17), [3, 3, 1], 3.17.ag_bn_ahf 
(0, -6, 23), [0, 2, 3], 3.17.ag_bo_ahw 
(0, -6, 24), [0, 2, 0], 3.17.ag_bp_ahw 
(3, -9, 51), [3, 3, 3], 3.17.ag_bp_afx 
(0, -6, 25), [0, 2, 1], 3.17.ag_bq_ahw 
(-2, -4, 17), [2, 0, 1], 3.17.ag_bq_ago 
(-4, -2, 17), [0, 2, 1], 3.17.ag_bq_afg 
(0, -6, 26), [0, 2, 2], 3.17.ag_br_ahw 
(-3, -3, 17), [1, 1, 1], 3.17.ag_br_afx 
(0, -6, 28), [0, 2, 0], 3.17.ag_bt_ahw 
(0, -6, 29), [0, 2, 1], 3.17.ag_bu_ahw 
(0, -6, 30), [0, 2, 2], 3.17.ag_bv_ahw 
(0, -6, 31), [0, 2, 3], 3.17.ag_bw_ahw 
(0, -6, 32), [0, 2, 0], 3.17.ag_bx_ahw 
(0, -6, 36), [0, 2, 0], 3.17.ag_cb_ahw 
(0, -6, 37), [0, 2, 1], 3.17.ag_cc_ahw 
(0, -6, 38), [0, 2, 2], 3.17.ag_cd_ahw 
(0, -6, 40), [0, 2, 0], 3.17.ag_cf_ahw 
(0, -6, 41), [0, 2, 1], 3.17.ag_cg_ahw 
(-8, 3, 0), [0, 3, 0], 3.17.af_ah_dy 
(-6, 1, -17), [2, 1, 3], 3.17.af_ag_fg 
(7, -12, 68), [3, 0, 0], 3.17.af_b_cq 
(-7, 2, 0), [1, 2, 0], 3.17.af_d_cq 
(-4, -1, -17), [0, 3, 3], 3.17.af_e_bi 
(-8, 3, 17), [0, 3, 1], 3.17.af_k_abi 
(-6, 1, 0), [2, 1, 0], 3.17.af_l_bi 
(-1, -4, 0), [3, 0, 0], 3.17.af_v_afg 
(-4, -1, 0), [0, 3, 0], 3.17.af_v_abi 
(-2, -3, 0), [2, 1, 0], 3.17.af_x_ady 
(-3, -2, 0), [1, 2, 0], 3.17.af_x_acq 
(0, -5, 8), [0, 3, 0], 3.17.af_z_ago 
(0, -5, 9), [0, 3, 1], 3.17.af_ba_ago 
(0, -5, 11), [0, 3, 3], 3.17.af_bc_ago 
(-6, 1, 17), [2, 1, 1], 3.17.af_bc_acq 
(0, -5, 12), [0, 3, 0], 3.17.af_bd_ago 
(0, -5, 13), [0, 3, 1], 3.17.af_be_ago 
(0, -5, 14), [0, 3, 2], 3.17.af_bf_ago 
(0, -5, 15), [0, 3, 3], 3.17.af_bg_ago 
(4, -9, 51), [0, 3, 3], 3.17.af_bg_ady 
(0, -5, 16), [0, 3, 0], 3.17.af_bh_ago 
(0, -5, 18), [0, 3, 2], 3.17.af_bj_ago 
(0, -5, 19), [0, 3, 3], 3.17.af_bk_ago 
(0, -5, 21), [0, 3, 1], 3.17.af_bm_ago 
(-4, -1, 17), [0, 3, 1], 3.17.af_bm_ady 
(0, -5, 22), [0, 3, 2], 3.17.af_bn_ago 
(0, -5, 23), [0, 3, 3], 3.17.af_bo_ago 
(-2, -3, 17), [2, 1, 1], 3.17.af_bo_afg 
(0, -5, 24), [0, 3, 0], 3.17.af_bp_ago 
(0, -5, 25), [0, 3, 1], 3.17.af_bq_ago 
(0, -5, 26), [0, 3, 2], 3.17.af_br_ago 
(0, -5, 27), [0, 3, 3], 3.17.af_bs_ago 
(0, -5, 29), [0, 3, 1], 3.17.af_bu_ago 
(0, -5, 30), [0, 3, 2], 3.17.af_bv_ago 
(0, -5, 39), [0, 3, 3], 3.17.af_ce_ago 
(-8, 4, 0), [0, 0, 0], 3.17.ae_ap_fg 
(8, -12, 68), [0, 0, 0], 3.17.ae_al_fg 
(-5, 1, -17), [3, 1, 3], 3.17.ae_af_ep 
(-7, 3, 0), [1, 3, 0], 3.17.ae_ae_dy 
(-8, 4, 17), [0, 0, 1], 3.17.ae_c_a 
(-3, -1, -17), [1, 3, 3], 3.17.ae_d_r 
(-2, -2, -17), [2, 2, 3], 3.17.ae_e_abi 
(-6, 2, 0), [2, 2, 0], 3.17.ae_f_cq 
(6, -10, 51), [2, 2, 3], 3.17.ae_i_abi 
(-5, 1, 0), [3, 1, 0], 3.17.ae_m_bi 
(-7, 3, 17), [1, 3, 1], 3.17.ae_n_ar 
(0, -4, -1), [0, 0, 3], 3.17.ae_q_afg 
(0, -4, 1), [0, 0, 1], 3.17.ae_s_afg 
(0, -4, 3), [0, 0, 3], 3.17.ae_u_afg 
(-1, -3, 0), [3, 1, 0], 3.17.ae_u_ady 
(-3, -1, 0), [1, 3, 0], 3.17.ae_u_abi 
(0, -4, 4), [0, 0, 0], 3.17.ae_v_afg 
(-2, -2, 0), [2, 2, 0], 3.17.ae_v_acq 
(0, -4, 5), [0, 0, 1], 3.17.ae_w_afg 
(-6, 2, 17), [2, 2, 1], 3.17.ae_w_abi 
(0, -4, 6), [0, 0, 2], 3.17.ae_x_afg 
(5, -9, 51), [1, 3, 3], 3.17.ae_x_abz 
(0, -4, 7), [0, 0, 3], 3.17.ae_y_afg 
(0, -4, 8), [0, 0, 0], 3.17.ae_z_afg 
(0, -4, 9), [0, 0, 1], 3.17.ae_ba_afg 
(0, -4, 10), [0, 0, 2], 3.17.ae_bb_afg 
(0, -4, 11), [0, 0, 3], 3.17.ae_bc_afg 
(1, -5, 17), [1, 3, 1], 3.17.ae_bd_afx 
(0, -4, 12), [0, 0, 0], 3.17.ae_bd_afg 
(-5, 1, 17), [3, 1, 1], 3.17.ae_bd_abz 
(0, -4, 14), [0, 0, 2], 3.17.ae_bf_afg 
(0, -4, 15), [0, 0, 3], 3.17.ae_bg_afg 
(0, -4, 16), [0, 0, 0], 3.17.ae_bh_afg 
(0, -4, 18), [0, 0, 2], 3.17.ae_bj_afg 
(0, -4, 19), [0, 0, 3], 3.17.ae_bk_afg 
(0, -4, 20), [0, 0, 0], 3.17.ae_bl_afg 
(-1, -3, 17), [3, 1, 1], 3.17.ae_bl_aep 
(-3, -1, 17), [1, 3, 1], 3.17.ae_bl_adh 
(0, -4, 21), [0, 0, 1], 3.17.ae_bm_afg 
(-2, -2, 17), [2, 2, 1], 3.17.ae_bm_ady 
(0, -4, 23), [0, 0, 3], 3.17.ae_bo_afg 
(0, -4, 24), [0, 0, 0], 3.17.ae_bp_afg 
(0, -4, 25), [0, 0, 1], 3.17.ae_bq_afg 
(0, -4, 26), [0, 0, 2], 3.17.ae_br_afg 
(0, -4, 27), [0, 0, 3], 3.17.ae_bs_afg 
(0, -4, 28), [0, 0, 0], 3.17.ae_bt_afg 
(0, -4, 30), [0, 0, 2], 3.17.ae_bv_afg 
(0, -4, 31), [0, 0, 3], 3.17.ae_bw_afg 
(0, -4, 32), [0, 0, 0], 3.17.ae_bx_afg 
(0, -4, 36), [0, 0, 0], 3.17.ae_cb_afg 
(-7, 4, 0), [1, 0, 0], 3.17.ad_al_fg 
(-8, 5, 17), [0, 1, 1], 3.17.ad_ag_bi 
(-4, 1, -17), [0, 1, 3], 3.17.ad_ae_dy 
(-6, 3, 0), [2, 3, 0], 3.17.ad_ab_dy 
(-2, -1, -17), [2, 3, 3], 3.17.ad_c_a 
(0, -3, -9), [0, 1, 3], 3.17.ad_i_ady 
(0, -3, -8), [0, 1, 0], 3.17.ad_j_ady 
(0, -3, -7), [0, 1, 1], 3.17.ad_k_ady 
(0, -3, -5), [0, 1, 3], 3.17.ad_m_ady 
(1, -4, 0), [1, 0, 0], 3.17.ad_n_afg 
(0, -3, -4), [0, 1, 0], 3.17.ad_n_ady 
(-4, 1, 0), [0, 1, 0], 3.17.ad_n_bi 
(0, -3, -3), [0, 1, 1], 3.17.ad_o_ady 
(6, -9, 51), [2, 3, 3], 3.17.ad_o_a 
(0, -3, -2), [0, 1, 2], 3.17.ad_p_ady 
(0, -3, -1), [0, 1, 3], 3.17.ad_q_ady 
(-6, 3, 17), [2, 3, 1], 3.17.ad_q_a 
(0, -3, 1), [0, 1, 1], 3.17.ad_s_ady 
(0, -3, 2), [0, 1, 2], 3.17.ad_t_ady 
(-1, -2, 0), [3, 2, 0], 3.17.ad_t_acq 
(-2, -1, 0), [2, 3, 0], 3.17.ad_t_abi 
(0, -3, 3), [0, 1, 3], 3.17.ad_u_ady 
(0, -3, 4), [0, 1, 0], 3.17.ad_v_ady 
(0, -3, 5), [0, 1, 1], 3.17.ad_w_ady 
(0, -3, 7), [0, 1, 3], 3.17.ad_y_ady 
(0, -3, 8), [0, 1, 0], 3.17.ad_z_ady 
(0, -3, 9), [0, 1, 1], 3.17.ad_ba_ady 
(0, -3, 10), [0, 1, 2], 3.17.ad_bb_ady 
(0, -3, 11), [0, 1, 3], 3.17.ad_bc_ady 
(0, -3, 12), [0, 1, 0], 3.17.ad_bd_ady 
(0, -3, 13), [0, 1, 1], 3.17.ad_be_ady 
(0, -3, 14), [0, 1, 2], 3.17.ad_bf_ady 
(0, -3, 15), [0, 1, 3], 3.17.ad_bg_ady 
(0, -3, 18), [0, 1, 2], 3.17.ad_bj_ady 
(0, -3, 19), [0, 1, 3], 3.17.ad_bk_ady 
(-2, -1, 17), [2, 3, 1], 3.17.ad_bk_acq 
(0, -3, 20), [0, 1, 0], 3.17.ad_bl_ady 
(0, -3, 21), [0, 1, 1], 3.17.ad_bm_ady 
(0, -3, 22), [0, 1, 2], 3.17.ad_bn_ady 
(0, -3, 23), [0, 1, 3], 3.17.ad_bo_ady 
(0, -3, 25), [0, 1, 1], 3.17.ad_bq_ady 
(0, -3, 26), [0, 1, 2], 3.17.ad_br_ady 
(0, -3, 27), [0, 1, 3], 3.17.ad_bs_ady 
(0, -3, 28), [0, 1, 0], 3.17.ad_bt_ady 
(0, -3, 29), [0, 1, 1], 3.17.ad_bu_ady 
(-8, 6, 17), [0, 2, 1], 3.17.ac_ao_cq 
(8, -10, 51), [0, 2, 3], 3.17.ac_am_cq 
(-4, 2, -17), [0, 2, 3], 3.17.ac_ai_fg 
(-6, 4, 0), [2, 0, 0], 3.17.ac_ah_fg 
(-3, 1, -17), [1, 1, 3], 3.17.ac_ad_dh 
(-7, 5, 17), [1, 1, 1], 3.17.ac_ab_bz 
(0, -2, -16), [0, 2, 0], 3.17.ac_b_acq 
(-1, -1, -17), [3, 3, 3], 3.17.ac_b_ar 
(0, -2, -15), [0, 2, 1], 3.17.ac_c_acq 
(-5, 3, 0), [3, 3, 0], 3.17.ac_c_dy 
(0, -2, -13), [0, 2, 3], 3.17.ac_e_acq 
(0, -2, -12), [0, 2, 0], 3.17.ac_f_acq 
(7, -9, 51), [3, 3, 3], 3.17.ac_f_bz 
(0, -2, -11), [0, 2, 1], 3.17.ac_g_acq 
(0, -2, -10), [0, 2, 2], 3.17.ac_h_acq 
(0, -2, -9), [0, 2, 3], 3.17.ac_i_acq 
(2, -4, 0), [2, 0, 0], 3.17.ac_j_afg 
(0, -2, -8), [0, 2, 0], 3.17.ac_j_acq 
(-4, 2, 0), [0, 2, 0], 3.17.ac_j_cq 
(4, -6, 17), [0, 2, 1], 3.17.ac_k_afg 
(0, -2, -7), [0, 2, 1], 3.17.ac_k_acq 
(-6, 4, 17), [2, 0, 1], 3.17.ac_k_bi 
(0, -2, -6), [0, 2, 2], 3.17.ac_l_acq 
(0, -2, -5), [0, 2, 3], 3.17.ac_m_acq 
(0, -2, -4), [0, 2, 0], 3.17.ac_n_acq 
(1, -3, 0), [1, 1, 0], 3.17.ac_o_ady 
(0, -2, -3), [0, 2, 1], 3.17.ac_o_acq 
(-3, 1, 0), [1, 1, 0], 3.17.ac_o_bi 
(0, -2, -2), [0, 2, 2], 3.17.ac_p_acq 
(0, -2, 1), [0, 2, 1], 3.17.ac_s_acq 
(-1, -1, 0), [3, 3, 0], 3.17.ac_s_abi 
(3, -5, 17), [3, 3, 1], 3.17.ac_t_aep 
(0, -2, 2), [0, 2, 2], 3.17.ac_t_acq 
(-5, 3, 17), [3, 3, 1], 3.17.ac_t_r 
(0, -2, 3), [0, 2, 3], 3.17.ac_u_acq 
(0, -2, 4), [0, 2, 0], 3.17.ac_v_acq 
(0, -2, 5), [0, 2, 1], 3.17.ac_w_acq 
(0, -2, 6), [0, 2, 2], 3.17.ac_x_acq 
(0, -2, 7), [0, 2, 3], 3.17.ac_y_acq 
(0, -2, 8), [0, 2, 0], 3.17.ac_z_acq 
(2, -4, 17), [2, 0, 1], 3.17.ac_ba_ady 
(0, -2, 9), [0, 2, 1], 3.17.ac_ba_acq 
(-4, 2, 17), [0, 2, 1], 3.17.ac_ba_a 
(0, -2, 11), [0, 2, 3], 3.17.ac_bc_acq 
(0, -2, 12), [0, 2, 0], 3.17.ac_bd_acq 
(0, -2, 13), [0, 2, 1], 3.17.ac_be_acq 
(1, -3, 17), [1, 1, 1], 3.17.ac_bf_adh 
(0, -2, 14), [0, 2, 2], 3.17.ac_bf_acq 
(-3, 1, 17), [1, 1, 1], 3.17.ac_bf_ar 
(0, -2, 15), [0, 2, 3], 3.17.ac_bg_acq 
(0, -2, 16), [0, 2, 0], 3.17.ac_bh_acq 
(0, -2, 18), [0, 2, 2], 3.17.ac_bj_acq 
(-1, -1, 17), [3, 3, 1], 3.17.ac_bj_abz 
(0, -2, 20), [0, 2, 0], 3.17.ac_bl_acq 
(0, -2, 21), [0, 2, 1], 3.17.ac_bm_acq 
(0, -2, 22), [0, 2, 2], 3.17.ac_bn_acq 
(0, -2, 23), [0, 2, 3], 3.17.ac_bo_acq 
(0, -2, 24), [0, 2, 0], 3.17.ac_bp_acq 
(0, -2, 25), [0, 2, 1], 3.17.ac_bq_acq 
(0, -2, 27), [0, 2, 3], 3.17.ac_bs_acq 
(0, -2, 28), [0, 2, 0], 3.17.ac_bt_acq 
(0, -2, 29), [0, 2, 1], 3.17.ac_bu_acq 
(0, -2, 30), [0, 2, 2], 3.17.ac_bv_acq 
(0, -2, 32), [0, 2, 0], 3.17.ac_bx_acq 
(0, -1, -25), [0, 3, 3], 3.17.ab_ai_abi 
(0, -1, -24), [0, 3, 0], 3.17.ab_ah_abi 
(0, -1, -23), [0, 3, 1], 3.17.ab_ag_abi 
(0, -1, -21), [0, 3, 3], 3.17.ab_ae_abi 
(8, -9, 51), [0, 3, 3], 3.17.ab_ae_dy 
(0, -1, -20), [0, 3, 0], 3.17.ab_ad_abi 
(0, -1, -19), [0, 3, 1], 3.17.ab_ac_abi 
(-2, 1, -17), [2, 1, 3], 3.17.ab_ac_cq 
(0, -1, -18), [0, 3, 2], 3.17.ab_ab_abi 
(0, -1, -16), [0, 3, 0], 3.17.ab_b_abi 
(0, -1, -15), [0, 3, 1], 3.17.ab_c_abi 
(0, -1, -14), [0, 3, 2], 3.17.ab_d_abi 
(0, -1, -13), [0, 3, 3], 3.17.ab_e_abi 
(-6, 5, 17), [2, 1, 1], 3.17.ab_e_cq 
(3, -4, 0), [3, 0, 0], 3.17.ab_f_afg 
(0, -1, -12), [0, 3, 0], 3.17.ab_f_abi 
(-4, 3, 0), [0, 3, 0], 3.17.ab_f_dy 
(0, -1, -11), [0, 3, 1], 3.17.ab_g_abi 
(0, -1, -10), [0, 3, 2], 3.17.ab_h_abi 
(0, -1, -9), [0, 3, 3], 3.17.ab_i_abi 
(0, -1, -7), [0, 3, 1], 3.17.ab_k_abi 
(2, -3, 0), [2, 1, 0], 3.17.ab_l_ady 
(0, -1, -6), [0, 3, 2], 3.17.ab_l_abi 
(-3, 2, 0), [1, 2, 0], 3.17.ab_l_cq 
(0, -1, -5), [0, 3, 3], 3.17.ab_m_abi 
(0, -1, -4), [0, 3, 0], 3.17.ab_n_abi 
(4, -5, 17), [0, 3, 1], 3.17.ab_o_ady 
(0, -1, -3), [0, 3, 1], 3.17.ab_o_abi 
(1, -2, 0), [1, 2, 0], 3.17.ab_p_acq 
(0, -1, -2), [0, 3, 2], 3.17.ab_p_abi 
(-2, 1, 0), [2, 1, 0], 3.17.ab_p_bi 
(0, -1, -1), [0, 3, 3], 3.17.ab_q_abi 
(0, -1, 1), [0, 3, 1], 3.17.ab_s_abi 
(0, -1, 2), [0, 3, 2], 3.17.ab_t_abi 
(0, -1, 3), [0, 3, 3], 3.17.ab_u_abi 
(0, -1, 5), [0, 3, 1], 3.17.ab_w_abi 
(-4, 3, 17), [0, 3, 1], 3.17.ab_w_bi 
(0, -1, 6), [0, 3, 2], 3.17.ab_x_abi 
(0, -1, 7), [0, 3, 3], 3.17.ab_y_abi 
(0, -1, 8), [0, 3, 0], 3.17.ab_z_abi 
(0, -1, 9), [0, 3, 1], 3.17.ab_ba_abi 
(0, -1, 10), [0, 3, 2], 3.17.ab_bb_abi 
(2, -3, 17), [2, 1, 1], 3.17.ab_bc_acq 
(0, -1, 11), [0, 3, 3], 3.17.ab_bc_abi 
(0, -1, 12), [0, 3, 0], 3.17.ab_bd_abi 
(0, -1, 13), [0, 3, 1], 3.17.ab_be_abi 
(0, -1, 15), [0, 3, 3], 3.17.ab_bg_abi 
(-2, 1, 17), [2, 1, 1], 3.17.ab_bg_a 
(0, -1, 16), [0, 3, 0], 3.17.ab_bh_abi 
(0, -1, 18), [0, 3, 2], 3.17.ab_bj_abi 
(0, -1, 19), [0, 3, 3], 3.17.ab_bk_abi 
(0, -1, 20), [0, 3, 0], 3.17.ab_bl_abi 
(0, -1, 21), [0, 3, 1], 3.17.ab_bm_abi 
(0, -1, 23), [0, 3, 3], 3.17.ab_bo_abi 
(0, -1, 24), [0, 3, 0], 3.17.ab_bp_abi 
(0, -1, 25), [0, 3, 1], 3.17.ab_bq_abi 
(0, -1, 26), [0, 3, 2], 3.17.ab_br_abi 
(0, -1, 27), [0, 3, 3], 3.17.ab_bs_abi 
(0, -1, 29), [0, 3, 1], 3.17.ab_bu_abi 
(0, -1, 30), [0, 3, 2], 3.17.ab_bv_abi 
(0, 0, -32), [0, 0, 0], 3.17.a_ap_a 
(0, 0, -31), [0, 0, 1], 3.17.a_ao_a 
(0, 0, -29), [0, 0, 3], 3.17.a_am_a 
(0, 0, -28), [0, 0, 0], 3.17.a_al_a 
(0, 0, -27), [0, 0, 1], 3.17.a_ak_a 
(0, 0, -26), [0, 0, 2], 3.17.a_aj_a 
(0, 0, -24), [0, 0, 0], 3.17.a_ah_a 
(0, 0, -23), [0, 0, 1], 3.17.a_ag_a 
(0, 0, -22), [0, 0, 2], 3.17.a_af_a 
(2, -2, -17), [2, 2, 3], 3.17.a_ae_ady 
(0, 0, -21), [0, 0, 3], 3.17.a_ae_a 
(-2, 2, -17), [2, 2, 3], 3.17.a_ae_dy 
(0, 0, -20), [0, 0, 0], 3.17.a_ad_a 
(6, -6, 17), [2, 2, 1], 3.17.a_ac_ady 
(0, 0, -19), [0, 0, 1], 3.17.a_ac_a 
(-6, 6, 17), [2, 2, 1], 3.17.a_ac_dy 
(1, -1, -17), [1, 3, 3], 3.17.a_ab_abz 
(0, 0, -18), [0, 0, 2], 3.17.a_ab_a 
(-1, 1, -17), [3, 1, 3], 3.17.a_ab_bz 
(0, 0, -16), [0, 0, 0], 3.17.a_b_a 
(0, 0, -14), [0, 0, 2], 3.17.a_d_a 
(0, 0, -13), [0, 0, 3], 3.17.a_e_a 
(0, 0, -12), [0, 0, 0], 3.17.a_f_a 
(0, 0, -11), [0, 0, 1], 3.17.a_g_a 
(0, 0, -10), [0, 0, 2], 3.17.a_h_a 
(3, -3, 0), [3, 1, 0], 3.17.a_i_ady 
(-3, 3, 0), [1, 3, 0], 3.17.a_i_dy 
(5, -5, 17), [1, 3, 1], 3.17.a_j_adh 
(0, 0, -8), [0, 0, 0], 3.17.a_j_a 
(-5, 5, 17), [3, 1, 1], 3.17.a_j_dh 
(0, 0, -7), [0, 0, 1], 3.17.a_k_a 
(0, 0, -6), [0, 0, 2], 3.17.a_l_a 
(0, 0, -5), [0, 0, 3], 3.17.a_m_a 
(2, -2, 0), [2, 2, 0], 3.17.a_n_acq 
(0, 0, -4), [0, 0, 0], 3.17.a_n_a 
(-2, 2, 0), [2, 2, 0], 3.17.a_n_cq 
(0, 0, -3), [0, 0, 1], 3.17.a_o_a 
(1, -1, 0), [1, 3, 0], 3.17.a_q_abi 
(0, 0, -1), [0, 0, 3], 3.17.a_q_a 
(-1, 1, 0), [3, 1, 0], 3.17.a_q_bi 
(4, -4, 17), [0, 0, 1], 3.17.a_s_acq 
(0, 0, 1), [0, 0, 1], 3.17.a_s_a 
(-4, 4, 17), [0, 0, 1], 3.17.a_s_cq 
(0, 0, 2), [0, 0, 2], 3.17.a_t_a 
(0, 0, 3), [0, 0, 3], 3.17.a_u_a 
(0, 0, 4), [0, 0, 0], 3.17.a_v_a 
(0, 0, 5), [0, 0, 1], 3.17.a_w_a 
(0, 0, 6), [0, 0, 2], 3.17.a_x_a 
(0, 0, 7), [0, 0, 3], 3.17.a_y_a 
(0, 0, 8), [0, 0, 0], 3.17.a_z_a 
(0, 0, 10), [0, 0, 2], 3.17.a_bb_a 
(0, 0, 11), [0, 0, 3], 3.17.a_bc_a 
(0, 0, 12), [0, 0, 0], 3.17.a_bd_a 
(2, -2, 17), [2, 2, 1], 3.17.a_be_abi 
(0, 0, 13), [0, 0, 1], 3.17.a_be_a 
(-2, 2, 17), [2, 2, 1], 3.17.a_be_bi 
(0, 0, 14), [0, 0, 2], 3.17.a_bf_a 
(1, -1, 17), [1, 3, 1], 3.17.a_bh_ar 
(0, 0, 16), [0, 0, 0], 3.17.a_bh_a 
(-1, 1, 17), [3, 1, 1], 3.17.a_bh_r 
(0, 0, 19), [0, 0, 3], 3.17.a_bk_a 
(0, 0, 20), [0, 0, 0], 3.17.a_bl_a 
(0, 0, 21), [0, 0, 1], 3.17.a_bm_a 
(0, 0, 22), [0, 0, 2], 3.17.a_bn_a 
(0, 0, 23), [0, 0, 3], 3.17.a_bo_a 
(0, 0, 24), [0, 0, 0], 3.17.a_bp_a 
(0, 0, 26), [0, 0, 2], 3.17.a_br_a 
(0, 0, 28), [0, 0, 0], 3.17.a_bt_a 
(0, 0, 29), [0, 0, 1], 3.17.a_bu_a 
(0, 0, 32), [0, 0, 0], 3.17.a_bx_a 
(0, 1, -25), [0, 1, 3], 3.17.b_ai_bi 
(0, 1, -24), [0, 1, 0], 3.17.b_ah_bi 
(0, 1, -23), [0, 1, 1], 3.17.b_ag_bi 
(-8, 9, 51), [0, 1, 3], 3.17.b_ae_ady 
(0, 1, -21), [0, 1, 3], 3.17.b_ae_bi 
(0, 1, -20), [0, 1, 0], 3.17.b_ad_bi 
(2, -1, -17), [2, 3, 3], 3.17.b_ac_acq 
(0, 1, -19), [0, 1, 1], 3.17.b_ac_bi 
(0, 1, -18), [0, 1, 2], 3.17.b_ab_bi 
(0, 1, -16), [0, 1, 0], 3.17.b_b_bi 
(0, 1, -15), [0, 1, 1], 3.17.b_c_bi 
(0, 1, -14), [0, 1, 2], 3.17.b_d_bi 
(6, -5, 17), [2, 3, 1], 3.17.b_e_acq 
(0, 1, -13), [0, 1, 3], 3.17.b_e_bi 
(4, -3, 0), [0, 1, 0], 3.17.b_f_ady 
(0, 1, -12), [0, 1, 0], 3.17.b_f_bi 
(-3, 4, 0), [1, 0, 0], 3.17.b_f_fg 
(0, 1, -11), [0, 1, 1], 3.17.b_g_bi 
(0, 1, -10), [0, 1, 2], 3.17.b_h_bi 
(0, 1, -9), [0, 1, 3], 3.17.b_i_bi 
(0, 1, -7), [0, 1, 1], 3.17.b_k_bi 
(3, -2, 0), [3, 2, 0], 3.17.b_l_acq 
(0, 1, -6), [0, 1, 2], 3.17.b_l_bi 
(-2, 3, 0), [2, 3, 0], 3.17.b_l_dy 
(0, 1, -5), [0, 1, 3], 3.17.b_m_bi 
(0, 1, -4), [0, 1, 0], 3.17.b_n_bi 
(0, 1, -3), [0, 1, 1], 3.17.b_o_bi 
(-4, 5, 17), [0, 1, 1], 3.17.b_o_dy 
(2, -1, 0), [2, 3, 0], 3.17.b_p_abi 
(0, 1, -2), [0, 1, 2], 3.17.b_p_bi 
(-1, 2, 0), [3, 2, 0], 3.17.b_p_cq 
(0, 1, -1), [0, 1, 3], 3.17.b_q_bi 
(0, 1, 1), [0, 1, 1], 3.17.b_s_bi 
(0, 1, 2), [0, 1, 2], 3.17.b_t_bi 
(0, 1, 3), [0, 1, 3], 3.17.b_u_bi 
(4, -3, 17), [0, 1, 1], 3.17.b_w_abi 
(0, 1, 5), [0, 1, 1], 3.17.b_w_bi 
(0, 1, 6), [0, 1, 2], 3.17.b_x_bi 
(0, 1, 7), [0, 1, 3], 3.17.b_y_bi 
(0, 1, 8), [0, 1, 0], 3.17.b_z_bi 
(0, 1, 9), [0, 1, 1], 3.17.b_ba_bi 
(0, 1, 10), [0, 1, 2], 3.17.b_bb_bi 
(0, 1, 11), [0, 1, 3], 3.17.b_bc_bi 
(-2, 3, 17), [2, 3, 1], 3.17.b_bc_cq 
(0, 1, 12), [0, 1, 0], 3.17.b_bd_bi 
(0, 1, 13), [0, 1, 1], 3.17.b_be_bi 
(2, -1, 17), [2, 3, 1], 3.17.b_bg_a 
(0, 1, 15), [0, 1, 3], 3.17.b_bg_bi 
(0, 1, 16), [0, 1, 0], 3.17.b_bh_bi 
(0, 1, 18), [0, 1, 2], 3.17.b_bj_bi 
(0, 1, 19), [0, 1, 3], 3.17.b_bk_bi 
(0, 1, 20), [0, 1, 0], 3.17.b_bl_bi 
(0, 1, 21), [0, 1, 1], 3.17.b_bm_bi 
(0, 1, 23), [0, 1, 3], 3.17.b_bo_bi 
(0, 1, 24), [0, 1, 0], 3.17.b_bp_bi 
(0, 1, 25), [0, 1, 1], 3.17.b_bq_bi 
(0, 1, 26), [0, 1, 2], 3.17.b_br_bi 
(0, 1, 27), [0, 1, 3], 3.17.b_bs_bi 
(0, 1, 29), [0, 1, 1], 3.17.b_bu_bi 
(0, 1, 30), [0, 1, 2], 3.17.b_bv_bi 
(8, -6, 17), [0, 2, 1], 3.17.c_ao_acq 
(-8, 10, 51), [0, 2, 3], 3.17.c_am_acq 
(4, -2, -17), [0, 2, 3], 3.17.c_ai_afg 
(6, -4, 0), [2, 0, 0], 3.17.c_ah_afg 
(3, -1, -17), [3, 3, 3], 3.17.c_ad_adh 
(7, -5, 17), [3, 3, 1], 3.17.c_ab_abz 
(1, 1, -17), [1, 1, 3], 3.17.c_b_r 
(0, 2, -16), [0, 2, 0], 3.17.c_b_cq 
(5, -3, 0), [1, 1, 0], 3.17.c_c_ady 
(0, 2, -15), [0, 2, 1], 3.17.c_c_cq 
(0, 2, -13), [0, 2, 3], 3.17.c_e_cq 
(-7, 9, 51), [1, 1, 3], 3.17.c_f_abz 
(0, 2, -12), [0, 2, 0], 3.17.c_f_cq 
(0, 2, -11), [0, 2, 1], 3.17.c_g_cq 
(0, 2, -10), [0, 2, 2], 3.17.c_h_cq 
(0, 2, -9), [0, 2, 3], 3.17.c_i_cq 
(4, -2, 0), [0, 2, 0], 3.17.c_j_acq 
(0, 2, -8), [0, 2, 0], 3.17.c_j_cq 
(-2, 4, 0), [2, 0, 0], 3.17.c_j_fg 
(6, -4, 17), [2, 0, 1], 3.17.c_k_abi 
(0, 2, -7), [0, 2, 1], 3.17.c_k_cq 
(-4, 6, 17), [0, 2, 1], 3.17.c_k_fg 
(0, 2, -6), [0, 2, 2], 3.17.c_l_cq 
(0, 2, -5), [0, 2, 3], 3.17.c_m_cq 
(0, 2, -4), [0, 2, 0], 3.17.c_n_cq 
(3, -1, 0), [3, 3, 0], 3.17.c_o_abi 
(0, 2, -3), [0, 2, 1], 3.17.c_o_cq 
(-1, 3, 0), [3, 3, 0], 3.17.c_o_dy 
(0, 2, -2), [0, 2, 2], 3.17.c_p_cq 
(1, 1, 0), [1, 1, 0], 3.17.c_s_bi 
(0, 2, 1), [0, 2, 1], 3.17.c_s_cq 
(5, -3, 17), [1, 1, 1], 3.17.c_t_ar 
(0, 2, 2), [0, 2, 2], 3.17.c_t_cq 
(-3, 5, 17), [1, 1, 1], 3.17.c_t_ep 
(0, 2, 3), [0, 2, 3], 3.17.c_u_cq 
(0, 2, 4), [0, 2, 0], 3.17.c_v_cq 
(0, 2, 5), [0, 2, 1], 3.17.c_w_cq 
(0, 2, 6), [0, 2, 2], 3.17.c_x_cq 
(0, 2, 7), [0, 2, 3], 3.17.c_y_cq 
(0, 2, 8), [0, 2, 0], 3.17.c_z_cq 
(4, -2, 17), [0, 2, 1], 3.17.c_ba_a 
(0, 2, 9), [0, 2, 1], 3.17.c_ba_cq 
(-2, 4, 17), [2, 0, 1], 3.17.c_ba_dy 
(0, 2, 11), [0, 2, 3], 3.17.c_bc_cq 
(0, 2, 12), [0, 2, 0], 3.17.c_bd_cq 
(0, 2, 13), [0, 2, 1], 3.17.c_be_cq 
(3, -1, 17), [3, 3, 1], 3.17.c_bf_r 
(0, 2, 14), [0, 2, 2], 3.17.c_bf_cq 
(-1, 3, 17), [3, 3, 1], 3.17.c_bf_dh 
(0, 2, 15), [0, 2, 3], 3.17.c_bg_cq 
(0, 2, 16), [0, 2, 0], 3.17.c_bh_cq 
(1, 1, 17), [1, 1, 1], 3.17.c_bj_bz 
(0, 2, 18), [0, 2, 2], 3.17.c_bj_cq 
(0, 2, 20), [0, 2, 0], 3.17.c_bl_cq 
(0, 2, 21), [0, 2, 1], 3.17.c_bm_cq 
(0, 2, 22), [0, 2, 2], 3.17.c_bn_cq 
(0, 2, 23), [0, 2, 3], 3.17.c_bo_cq 
(0, 2, 24), [0, 2, 0], 3.17.c_bp_cq 
(0, 2, 25), [0, 2, 1], 3.17.c_bq_cq 
(0, 2, 27), [0, 2, 3], 3.17.c_bs_cq 
(0, 2, 28), [0, 2, 0], 3.17.c_bt_cq 
(0, 2, 29), [0, 2, 1], 3.17.c_bu_cq 
(0, 2, 30), [0, 2, 2], 3.17.c_bv_cq 
(0, 2, 32), [0, 2, 0], 3.17.c_bx_cq 
(7, -4, 0), [3, 0, 0], 3.17.d_al_afg 
(8, -5, 17), [0, 3, 1], 3.17.d_ag_abi 
(4, -1, -17), [0, 3, 3], 3.17.d_ae_ady 
(6, -3, 0), [2, 1, 0], 3.17.d_ab_ady 
(2, 1, -17), [2, 1, 3], 3.17.d_c_a 
(0, 3, -9), [0, 3, 3], 3.17.d_i_dy 
(0, 3, -8), [0, 3, 0], 3.17.d_j_dy 
(0, 3, -7), [0, 3, 1], 3.17.d_k_dy 
(0, 3, -5), [0, 3, 3], 3.17.d_m_dy 
(4, -1, 0), [0, 3, 0], 3.17.d_n_abi 
(0, 3, -4), [0, 3, 0], 3.17.d_n_dy 
(-1, 4, 0), [3, 0, 0], 3.17.d_n_fg 
(-6, 9, 51), [2, 1, 3], 3.17.d_o_a 
(0, 3, -3), [0, 3, 1], 3.17.d_o_dy 
(0, 3, -2), [0, 3, 2], 3.17.d_p_dy 
(6, -3, 17), [2, 1, 1], 3.17.d_q_a 
(0, 3, -1), [0, 3, 3], 3.17.d_q_dy 
(0, 3, 1), [0, 3, 1], 3.17.d_s_dy 
(2, 1, 0), [2, 1, 0], 3.17.d_t_bi 
(1, 2, 0), [1, 2, 0], 3.17.d_t_cq 
(0, 3, 2), [0, 3, 2], 3.17.d_t_dy 
(0, 3, 3), [0, 3, 3], 3.17.d_u_dy 
(0, 3, 4), [0, 3, 0], 3.17.d_v_dy 
(0, 3, 5), [0, 3, 1], 3.17.d_w_dy 
(0, 3, 7), [0, 3, 3], 3.17.d_y_dy 
(0, 3, 8), [0, 3, 0], 3.17.d_z_dy 
(0, 3, 9), [0, 3, 1], 3.17.d_ba_dy 
(0, 3, 10), [0, 3, 2], 3.17.d_bb_dy 
(0, 3, 11), [0, 3, 3], 3.17.d_bc_dy 
(0, 3, 12), [0, 3, 0], 3.17.d_bd_dy 
(0, 3, 13), [0, 3, 1], 3.17.d_be_dy 
(0, 3, 14), [0, 3, 2], 3.17.d_bf_dy 
(0, 3, 15), [0, 3, 3], 3.17.d_bg_dy 
(0, 3, 18), [0, 3, 2], 3.17.d_bj_dy 
(2, 1, 17), [2, 1, 1], 3.17.d_bk_cq 
(0, 3, 19), [0, 3, 3], 3.17.d_bk_dy 
(0, 3, 20), [0, 3, 0], 3.17.d_bl_dy 
(0, 3, 21), [0, 3, 1], 3.17.d_bm_dy 
(0, 3, 22), [0, 3, 2], 3.17.d_bn_dy 
(0, 3, 23), [0, 3, 3], 3.17.d_bo_dy 
(0, 3, 25), [0, 3, 1], 3.17.d_bq_dy 
(0, 3, 26), [0, 3, 2], 3.17.d_br_dy 
(0, 3, 27), [0, 3, 3], 3.17.d_bs_dy 
(0, 3, 28), [0, 3, 0], 3.17.d_bt_dy 
(0, 3, 29), [0, 3, 1], 3.17.d_bu_dy 
(8, -4, 0), [0, 0, 0], 3.17.e_ap_afg 
(-8, 12, 68), [0, 0, 0], 3.17.e_al_afg 
(5, -1, -17), [1, 3, 3], 3.17.e_af_aep 
(7, -3, 0), [3, 1, 0], 3.17.e_ae_ady 
(8, -4, 17), [0, 0, 1], 3.17.e_c_a 
(3, 1, -17), [3, 1, 3], 3.17.e_d_ar 
(2, 2, -17), [2, 2, 3], 3.17.e_e_bi 
(6, -2, 0), [2, 2, 0], 3.17.e_f_acq 
(-6, 10, 51), [2, 2, 3], 3.17.e_i_bi 
(5, -1, 0), [1, 3, 0], 3.17.e_m_abi 
(7, -3, 17), [3, 1, 1], 3.17.e_n_r 
(0, 4, -1), [0, 0, 3], 3.17.e_q_fg 
(0, 4, 1), [0, 0, 1], 3.17.e_s_fg 
(3, 1, 0), [3, 1, 0], 3.17.e_u_bi 
(1, 3, 0), [1, 3, 0], 3.17.e_u_dy 
(0, 4, 3), [0, 0, 3], 3.17.e_u_fg 
(2, 2, 0), [2, 2, 0], 3.17.e_v_cq 
(0, 4, 4), [0, 0, 0], 3.17.e_v_fg 
(6, -2, 17), [2, 2, 1], 3.17.e_w_bi 
(0, 4, 5), [0, 0, 1], 3.17.e_w_fg 
(-5, 9, 51), [3, 1, 3], 3.17.e_x_bz 
(0, 4, 6), [0, 0, 2], 3.17.e_x_fg 
(0, 4, 7), [0, 0, 3], 3.17.e_y_fg 
(0, 4, 8), [0, 0, 0], 3.17.e_z_fg 
(0, 4, 9), [0, 0, 1], 3.17.e_ba_fg 
(0, 4, 10), [0, 0, 2], 3.17.e_bb_fg 
(0, 4, 11), [0, 0, 3], 3.17.e_bc_fg 
(5, -1, 17), [1, 3, 1], 3.17.e_bd_bz 
(0, 4, 12), [0, 0, 0], 3.17.e_bd_fg 
(-1, 5, 17), [3, 1, 1], 3.17.e_bd_fx 
(0, 4, 14), [0, 0, 2], 3.17.e_bf_fg 
(0, 4, 15), [0, 0, 3], 3.17.e_bg_fg 
(0, 4, 16), [0, 0, 0], 3.17.e_bh_fg 
(0, 4, 18), [0, 0, 2], 3.17.e_bj_fg 
(0, 4, 19), [0, 0, 3], 3.17.e_bk_fg 
(3, 1, 17), [3, 1, 1], 3.17.e_bl_dh 
(1, 3, 17), [1, 3, 1], 3.17.e_bl_ep 
(0, 4, 20), [0, 0, 0], 3.17.e_bl_fg 
(2, 2, 17), [2, 2, 1], 3.17.e_bm_dy 
(0, 4, 21), [0, 0, 1], 3.17.e_bm_fg 
(0, 4, 23), [0, 0, 3], 3.17.e_bo_fg 
(0, 4, 24), [0, 0, 0], 3.17.e_bp_fg 
(0, 4, 25), [0, 0, 1], 3.17.e_bq_fg 
(0, 4, 26), [0, 0, 2], 3.17.e_br_fg 
(0, 4, 27), [0, 0, 3], 3.17.e_bs_fg 
(0, 4, 28), [0, 0, 0], 3.17.e_bt_fg 
(0, 4, 30), [0, 0, 2], 3.17.e_bv_fg 
(0, 4, 31), [0, 0, 3], 3.17.e_bw_fg 
(0, 4, 32), [0, 0, 0], 3.17.e_bx_fg 
(0, 4, 36), [0, 0, 0], 3.17.e_cb_fg 
(8, -3, 0), [0, 1, 0], 3.17.f_ah_ady 
(6, -1, -17), [2, 3, 3], 3.17.f_ag_afg 
(-7, 12, 68), [1, 0, 0], 3.17.f_b_acq 
(7, -2, 0), [3, 2, 0], 3.17.f_d_acq 
(4, 1, -17), [0, 1, 3], 3.17.f_e_abi 
(8, -3, 17), [0, 1, 1], 3.17.f_k_bi 
(6, -1, 0), [2, 3, 0], 3.17.f_l_abi 
(4, 1, 0), [0, 1, 0], 3.17.f_v_bi 
(1, 4, 0), [1, 0, 0], 3.17.f_v_fg 
(3, 2, 0), [3, 2, 0], 3.17.f_x_cq 
(2, 3, 0), [2, 3, 0], 3.17.f_x_dy 
(0, 5, 8), [0, 1, 0], 3.17.f_z_go 
(0, 5, 9), [0, 1, 1], 3.17.f_ba_go 
(6, -1, 17), [2, 3, 1], 3.17.f_bc_cq 
(0, 5, 11), [0, 1, 3], 3.17.f_bc_go 
(0, 5, 12), [0, 1, 0], 3.17.f_bd_go 
(0, 5, 13), [0, 1, 1], 3.17.f_be_go 
(0, 5, 14), [0, 1, 2], 3.17.f_bf_go 
(-4, 9, 51), [0, 1, 3], 3.17.f_bg_dy 
(0, 5, 15), [0, 1, 3], 3.17.f_bg_go 
(0, 5, 16), [0, 1, 0], 3.17.f_bh_go 
(0, 5, 18), [0, 1, 2], 3.17.f_bj_go 
(0, 5, 19), [0, 1, 3], 3.17.f_bk_go 
(4, 1, 17), [0, 1, 1], 3.17.f_bm_dy 
(0, 5, 21), [0, 1, 1], 3.17.f_bm_go 
(0, 5, 22), [0, 1, 2], 3.17.f_bn_go 
(2, 3, 17), [2, 3, 1], 3.17.f_bo_fg 
(0, 5, 23), [0, 1, 3], 3.17.f_bo_go 
(0, 5, 24), [0, 1, 0], 3.17.f_bp_go 
(0, 5, 25), [0, 1, 1], 3.17.f_bq_go 
(0, 5, 26), [0, 1, 2], 3.17.f_br_go 
(0, 5, 27), [0, 1, 3], 3.17.f_bs_go 
(0, 5, 29), [0, 1, 1], 3.17.f_bu_go 
(0, 5, 30), [0, 1, 2], 3.17.f_bv_go 
(0, 5, 39), [0, 1, 3], 3.17.f_ce_go 
(8, -2, 0), [0, 2, 0], 3.17.g_b_acq 
(5, 1, -17), [1, 1, 3], 3.17.g_f_abz 
(4, 2, -17), [0, 2, 3], 3.17.g_i_a 
(7, -1, 0), [3, 3, 0], 3.17.g_k_abi 
(-6, 12, 68), [2, 0, 0], 3.17.g_n_a 
(8, -2, 17), [0, 2, 1], 3.17.g_s_cq 
(5, 1, 0), [1, 1, 0], 3.17.g_w_bi 
(4, 2, 0), [0, 2, 0], 3.17.g_z_cq 
(2, 4, 0), [2, 0, 0], 3.17.g_z_fg 
(3, 3, 0), [3, 3, 0], 3.17.g_ba_dy 
(7, -1, 17), [3, 3, 1], 3.17.g_bb_dh 
(-4, 10, 51), [0, 2, 3], 3.17.g_bc_fg 
(0, 6, 16), [0, 2, 0], 3.17.g_bh_hw 
(0, 6, 19), [0, 2, 3], 3.17.g_bk_hw 
(0, 6, 20), [0, 2, 0], 3.17.g_bl_hw 
(0, 6, 21), [0, 2, 1], 3.17.g_bm_hw 
(1, 5, 17), [1, 1, 1], 3.17.g_bn_hf 
(0, 6, 22), [0, 2, 2], 3.17.g_bn_hw 
(0, 6, 23), [0, 2, 3], 3.17.g_bo_hw 
(-3, 9, 51), [1, 1, 3], 3.17.g_bp_fx 
(0, 6, 24), [0, 2, 0], 3.17.g_bp_hw 
(4, 2, 17), [0, 2, 1], 3.17.g_bq_fg 
(2, 4, 17), [2, 0, 1], 3.17.g_bq_go 
(0, 6, 25), [0, 2, 1], 3.17.g_bq_hw 
(3, 3, 17), [3, 3, 1], 3.17.g_br_fx 
(0, 6, 26), [0, 2, 2], 3.17.g_br_hw 
(0, 6, 28), [0, 2, 0], 3.17.g_bt_hw 
(0, 6, 29), [0, 2, 1], 3.17.g_bu_hw 
(0, 6, 30), [0, 2, 2], 3.17.g_bv_hw 
(0, 6, 31), [0, 2, 3], 3.17.g_bw_hw 
(0, 6, 32), [0, 2, 0], 3.17.g_bx_hw 
(0, 6, 36), [0, 2, 0], 3.17.g_cb_hw 
(0, 6, 37), [0, 2, 1], 3.17.g_cc_hw 
(0, 6, 38), [0, 2, 2], 3.17.g_cd_hw 
(0, 6, 40), [0, 2, 0], 3.17.g_cf_hw 
(0, 6, 41), [0, 2, 1], 3.17.g_cg_hw 
(8, -1, -17), [0, 3, 3], 3.17.h_ai_ago 
(6, 1, -17), [2, 1, 3], 3.17.h_g_acq 
(8, -1, 0), [0, 3, 0], 3.17.h_j_abi 
(6, 1, 0), [2, 1, 0], 3.17.h_x_bi 
(-5, 12, 68), [3, 0, 0], 3.17.h_z_cq 
(8, -1, 17), [0, 3, 1], 3.17.h_ba_dy 
(5, 2, 0), [1, 2, 0], 3.17.h_bb_cq 
(4, 3, 0), [0, 3, 0], 3.17.h_bd_dy 
(3, 4, 0), [3, 0, 0], 3.17.h_bd_fg 
(6, 1, 17), [2, 1, 1], 3.17.h_bo_fg 
(0, 7, 24), [0, 3, 0], 3.17.h_bp_je 
(0, 7, 25), [0, 3, 1], 3.17.h_bq_je 
(2, 5, 17), [2, 1, 1], 3.17.h_bs_hw 
(0, 7, 27), [0, 3, 3], 3.17.h_bs_je 
(0, 7, 28), [0, 3, 0], 3.17.h_bt_je 
(4, 3, 17), [0, 3, 1], 3.17.h_bu_go 
(0, 7, 29), [0, 3, 1], 3.17.h_bu_je 
(0, 7, 30), [0, 3, 2], 3.17.h_bv_je 
(-2, 9, 51), [2, 1, 3], 3.17.h_by_hw 
(0, 7, 38), [0, 3, 2], 3.17.h_cd_je 
(0, 7, 39), [0, 3, 3], 3.17.h_ce_je 
(0, 7, 41), [0, 3, 1], 3.17.h_cg_je 
(0, 7, 42), [0, 3, 2], 3.17.h_ch_je 
(0, 7, 43), [0, 3, 3], 3.17.h_ci_je 
(0, 7, 45), [0, 3, 1], 3.17.h_ck_je 
(7, 1, -17), [3, 1, 3], 3.17.i_h_adh 
(6, 2, -17), [2, 2, 3], 3.17.i_m_abi 
(7, 1, 0), [3, 1, 0], 3.17.i_y_bi 
(6, 2, 0), [2, 2, 0], 3.17.i_bd_cq 
(5, 3, 0), [1, 3, 0], 3.17.i_bg_dy 
(4, 4, 0), [0, 0, 0], 3.17.i_bh_fg 
(-4, 12, 68), [0, 0, 0], 3.17.i_bl_fg 
(7, 1, 17), [3, 1, 1], 3.17.i_bp_fx 
(6, 2, 17), [2, 2, 1], 3.17.i_bu_go 
(2, 6, 17), [2, 2, 1], 3.17.i_bu_je 
(-2, 10, 51), [2, 2, 3], 3.17.i_bw_je 
(5, 3, 17), [1, 3, 1], 3.17.i_bx_hf 
(3, 5, 17), [3, 1, 1], 3.17.i_bx_in 
(0, 8, 32), [0, 0, 0], 3.17.i_bx_km 
(4, 4, 17), [0, 0, 1], 3.17.i_by_hw 
(0, 8, 36), [0, 0, 0], 3.17.i_cb_km 
(0, 8, 37), [0, 0, 1], 3.17.i_cc_km 
(0, 8, 38), [0, 0, 2], 3.17.i_cd_km 
(0, 8, 39), [0, 0, 3], 3.17.i_ce_km 
(0, 8, 40), [0, 0, 0], 3.17.i_cf_km 
(-1, 9, 51), [3, 1, 3], 3.17.i_ch_jv 
(0, 8, 42), [0, 0, 2], 3.17.i_ch_km 
(0, 8, 43), [0, 0, 3], 3.17.i_ci_km 
(0, 8, 44), [0, 0, 0], 3.17.i_cj_km 
(0, 8, 45), [0, 0, 1], 3.17.i_ck_km 
(0, 8, 47), [0, 0, 3], 3.17.i_cm_km 
(0, 8, 48), [0, 0, 0], 3.17.i_cn_km 
(8, 1, -17), [0, 1, 3], 3.17.j_i_ady 
(8, 1, 0), [0, 1, 0], 3.17.j_z_bi 
(6, 3, 0), [2, 3, 0], 3.17.j_bj_dy 
(5, 4, 0), [1, 0, 0], 3.17.j_bl_fg 
(8, 1, 17), [0, 1, 1], 3.17.j_bq_go 
(-3, 12, 68), [1, 0, 0], 3.17.j_bx_hw 
(4, 5, 17), [0, 1, 1], 3.17.j_cc_je 
(0, 9, 41), [0, 1, 1], 3.17.j_cg_lu 
(0, 9, 43), [0, 1, 3], 3.17.j_ci_lu 
(0, 9, 44), [0, 1, 0], 3.17.j_cj_lu 
(0, 9, 45), [0, 1, 1], 3.17.j_ck_lu 
(0, 9, 46), [0, 1, 2], 3.17.j_cl_lu 
(0, 9, 47), [0, 1, 3], 3.17.j_cm_lu 
(0, 9, 49), [0, 1, 1], 3.17.j_co_lu 
(0, 9, 50), [0, 1, 2], 3.17.j_cp_lu 
(0, 9, 53), [0, 1, 1], 3.17.j_cs_lu 
(8, 2, 0), [0, 2, 0], 3.17.k_bh_cq 
(6, 4, 0), [2, 0, 0], 3.17.k_bp_fg 
(8, 2, 17), [0, 2, 1], 3.17.k_by_hw 
(7, 3, 17), [3, 3, 1], 3.17.k_cd_in 
(6, 4, 17), [2, 0, 1], 3.17.k_cg_je 
(4, 6, 17), [0, 2, 1], 3.17.k_cg_km 
(5, 5, 17), [1, 1, 1], 3.17.k_ch_jv 
(-2, 12, 68), [2, 0, 0], 3.17.k_cj_km 
(0, 10, 49), [0, 2, 1], 3.17.k_co_nc 
(0, 10, 52), [0, 2, 0], 3.17.k_cr_nc 
(0, 10, 53), [0, 2, 1], 3.17.k_cs_nc 
(0, 10, 54), [0, 2, 2], 3.17.k_ct_nc 
(0, 10, 56), [0, 2, 0], 3.17.k_cv_nc 
(0, 10, 57), [0, 2, 1], 3.17.k_cw_nc 
(8, 3, 0), [0, 3, 0], 3.17.l_bp_dy 
(7, 4, 0), [3, 0, 0], 3.17.l_bt_fg 
(8, 3, 17), [0, 3, 1], 3.17.l_cg_je 
(6, 5, 17), [2, 1, 1], 3.17.l_cm_km 
(-1, 12, 68), [3, 0, 0], 3.17.l_cv_nc 
(0, 11, 57), [0, 3, 1], 3.17.l_cw_ok 
(0, 11, 59), [0, 3, 3], 3.17.l_cy_ok 
(0, 11, 60), [0, 3, 0], 3.17.l_cz_ok 
(0, 11, 61), [0, 3, 1], 3.17.l_da_ok 
(0, 11, 63), [0, 3, 3], 3.17.l_dc_ok 
(8, 4, 0), [0, 0, 0], 3.17.m_bx_fg 
(8, 4, 17), [0, 0, 1], 3.17.m_co_km 
(6, 6, 17), [2, 2, 1], 3.17.m_cs_lu 
(0, 12, 65), [0, 0, 1], 3.17.m_de_ps 
(0, 12, 67), [0, 0, 3], 3.17.m_dg_ps 
(8, 5, 17), [0, 1, 1], 3.17.n_cw_lu 
(0, 13, 75), [0, 1, 3], 3.17.n_do_ra 
(1, 12, 68), [1, 0, 0], 3.17.n_dt_si 
(2, 12, 68), [2, 0, 0], 3.17.o_ef_uy 
(6, 10, 51), [2, 2, 3], 3.17.q_ey_yw 
(4, 12, 68), [0, 0, 0], 3.17.q_fd_bae 
