[1, -9, 41, -132, 328, -576, 512], (-4, -5, 13)
[1, -9, 43, -144, 344, -576, 512], (0, -9, 35)
[1, -9, 43, -140, 344, -576, 512], (-4, -5, 15)
[1, -9, 45, -148, 360, -576, 512], (-4, -5, 17)
[1, -8, 27, -68, 216, -512, 512], (-5, -3, 4)
[1, -8, 31, -92, 248, -512, 512], (-4, -4, 7)
[1, -8, 31, -88, 248, -512, 512], (-5, -3, 8)
[1, -8, 37, -116, 296, -512, 512], (-4, -4, 13)
[1, -8, 39, -136, 312, -512, 512], (-1, -7, 24)
[1, -7, 21, -52, 168, -448, 512], (-4, -3, 1)
[1, -7, 23, -60, 184, -448, 512], (-4, -3, 3)
[1, -7, 25, -68, 200, -448, 512], (-4, -3, 5)
[1, -7, 27, -76, 216, -448, 512], (-4, -3, 7)
[1, -7, 29, -84, 232, -448, 512], (-4, -3, 9)
[1, -7, 33, -112, 264, -448, 512], (0, -7, 25)
[1, -7, 35, -112, 280, -448, 512], (0, -7, 27)
[1, -7, 35, -108, 280, -448, 512], (-4, -3, 15)
[1, -7, 37, -116, 296, -448, 512], (-4, -3, 17)
[1, -6, 5, 24, 40, -384, 512], (-5, -1, -8)
[1, -6, 13, -16, 104, -384, 512], (-5, -1, 0)
[1, -6, 19, -44, 152, -384, 512], (-4, -2, 3)
[1, -6, 21, -52, 168, -384, 512], (-4, -2, 5)
[1, -6, 27, -96, 216, -384, 512], (0, -6, 19)
[1, -6, 27, -76, 216, -384, 512], (-4, -2, 11)
[1, -5, 3, 20, 24, -320, 512], (-4, -1, -9)
[1, -5, 5, 12, 40, -320, 512], (-4, -1, -7)
[1, -5, 7, -4, 56, -320, 512], (4, -9, 35)
[1, -5, 7, 4, 56, -320, 512], (-4, -1, -5)
[1, -5, 9, -4, 72, -320, 512], (-4, -1, -3)
[1, -5, 11, -12, 88, -320, 512], (-4, -1, -1)
[1, -5, 13, -20, 104, -320, 512], (-4, -1, 1)
[1, -5, 19, -44, 152, -320, 512], (-4, -1, 7)
[1, -5, 21, -80, 168, -320, 512], (0, -5, 13)
[1, -5, 21, -52, 168, -320, 512], (-4, -1, 9)
[1, -5, 23, -60, 184, -320, 512], (-4, -1, 11)
[1, -5, 25, -68, 200, -320, 512], (-4, -1, 13)
[1, -5, 27, -80, 216, -320, 512], (0, -5, 19)
[1, -5, 27, -76, 216, -320, 512], (-4, -1, 15)
[1, -5, 29, -80, 232, -320, 512], (0, -5, 21)
[1, -4, -5, 52, -40, -256, 512], (-4, 0, -13)
[1, -4, -5, 56, -40, -256, 512], (-5, 1, -8)
[1, -4, 1, 28, 8, -256, 512], (-4, 0, -7)
[1, -4, 5, 12, 40, -256, 512], (-4, 0, -3)
[1, -4, 11, -12, 88, -256, 512], (-4, 0, 3)
[1, -4, 13, -20, 104, -256, 512], (-4, 0, 5)
[1, -4, 19, -44, 152, -256, 512], (-4, 0, 11)
[1, -4, 19, -40, 152, -256, 512], (-3, -1, 8)
[1, -4, 21, -64, 168, -256, 512], (0, -4, 13)
[1, -4, 23, -52, 184, -256, 512], (-3, -1, 12)
[1, -3, -5, 52, -40, -192, 512], (-4, 1, -9)
[1, -3, -3, 44, -24, -192, 512], (-4, 1, -7)
[1, -3, 3, 20, 24, -192, 512], (-4, 1, -1)
[1, -3, 5, -12, 40, -192, 512], (4, -7, 25)
[1, -3, 5, 12, 40, -192, 512], (-4, 1, 1)
[1, -3, 7, -4, 56, -192, 512], (4, -7, 27)
[1, -3, 7, 4, 56, -192, 512], (-4, 1, 3)
[1, -3, 9, -48, 72, -192, 512], (0, -3, 1)
[1, -3, 9, -4, 72, -192, 512], (-4, 1, 5)
[1, -3, 11, -48, 88, -192, 512], (0, -3, 3)
[1, -3, 11, -12, 88, -192, 512], (-4, 1, 7)
[1, -3, 13, -48, 104, -192, 512], (0, -3, 5)
[1, -3, 13, -20, 104, -192, 512], (-4, 1, 9)
[1, -3, 15, -48, 120, -192, 512], (0, -3, 7)
[1, -3, 15, -28, 120, -192, 512], (-4, 1, 11)
[1, -3, 17, -48, 136, -192, 512], (0, -3, 9)
[1, -3, 17, -36, 136, -192, 512], (-4, 1, 13)
[1, -3, 19, -48, 152, -192, 512], (0, -3, 11)
[1, -3, 19, -44, 152, -192, 512], (-4, 1, 15)
[1, -3, 21, -48, 168, -192, 512], (0, -3, 13)
[1, -2, 13, -8, 104, -128, 512], (-3, 1, 8)
[1, -1, -3, 44, -24, -64, 512], (-4, 3, 1)
[1, -1, -1, -16, -8, -64, 512], (0, -1, -9)
[1, -1, -1, 36, -8, -64, 512], (-4, 3, 3)
[1, -1, 1, -28, 8, -64, 512], (4, -5, 13)
[1, -1, 1, -16, 8, -64, 512], (0, -1, -7)
[1, -1, 1, 28, 8, -64, 512], (-4, 3, 5)
[1, -1, 3, -20, 24, -64, 512], (4, -5, 15)
[1, -1, 3, -16, 24, -64, 512], (0, -1, -5)
[1, -1, 3, 20, 24, -64, 512], (-4, 3, 7)
[1, -1, 5, -16, 40, -64, 512], (0, -1, -3)
[1, -1, 5, -12, 40, -64, 512], (4, -5, 17)
[1, -1, 5, 12, 40, -64, 512], (-4, 3, 9)
[1, -1, 7, -16, 56, -64, 512], (0, -1, -1)
[1, -1, 7, -4, 56, -64, 512], (4, -5, 19)
[1, -1, 7, 4, 56, -64, 512], (-4, 3, 11)
[1, -1, 9, -16, 72, -64, 512], (0, -1, 1)
[1, -1, 9, -4, 72, -64, 512], (-4, 3, 13)
[1, -1, 9, 4, 72, -64, 512], (4, -5, 21)
[1, -1, 11, -16, 88, -64, 512], (0, -1, 3)
[1, -1, 11, -12, 88, -64, 512], (-4, 3, 15)
[1, -1, 13, -20, 104, -64, 512], (-4, 3, 17)
[1, -1, 13, -16, 104, -64, 512], (0, -1, 5)
[1, -1, 15, -16, 120, -64, 512], (0, -1, 7)
[1, -1, 17, -16, 136, -64, 512], (0, -1, 9)
[1, -1, 19, -16, 152, -64, 512], (0, -1, 11)
[1, -1, 21, -16, 168, -64, 512], (0, -1, 13)
[1, 0, -7, 0, -56, 0, 512], (0, 0, -15)
[1, 0, 1, 0, 8, 0, 512], (0, 0, -7)
[1, 0, 17, 0, 136, 0, 512], (0, 0, 9)
[1, 0, 19, -4, 152, 0, 512], (1, -1, 12)
[1, 0, 19, 4, 152, 0, 512], (-1, 1, 12)
[1, 0, 21, 0, 168, 0, 512], (0, 0, 13)
[1, 1, -3, -44, -24, 64, 512], (4, -3, 1)
[1, 1, -1, -36, -8, 64, 512], (4, -3, 3)
[1, 1, -1, 16, -8, 64, 512], (0, 1, -9)
[1, 1, 1, -28, 8, 64, 512], (4, -3, 5)
[1, 1, 1, 16, 8, 64, 512], (0, 1, -7)
[1, 1, 1, 28, 8, 64, 512], (-4, 5, 13)
[1, 1, 3, -20, 24, 64, 512], (4, -3, 7)
[1, 1, 3, 16, 24, 64, 512], (0, 1, -5)
[1, 1, 3, 20, 24, 64, 512], (-4, 5, 15)
[1, 1, 5, -12, 40, 64, 512], (4, -3, 9)
[1, 1, 5, 12, 40, 64, 512], (-4, 5, 17)
[1, 1, 5, 16, 40, 64, 512], (0, 1, -3)
[1, 1, 7, -4, 56, 64, 512], (4, -3, 11)
[1, 1, 7, 4, 56, 64, 512], (-4, 5, 19)
[1, 1, 7, 16, 56, 64, 512], (0, 1, -1)
[1, 1, 9, -4, 72, 64, 512], (-4, 5, 21)
[1, 1, 9, 4, 72, 64, 512], (4, -3, 13)
[1, 1, 9, 16, 72, 64, 512], (0, 1, 1)
[1, 1, 11, 12, 88, 64, 512], (4, -3, 15)
[1, 1, 11, 16, 88, 64, 512], (0, 1, 3)
[1, 1, 13, 16, 104, 64, 512], (0, 1, 5)
[1, 1, 13, 20, 104, 64, 512], (4, -3, 17)
[1, 1, 15, 16, 120, 64, 512], (0, 1, 7)
[1, 1, 17, 16, 136, 64, 512], (0, 1, 9)
[1, 1, 19, 16, 152, 64, 512], (0, 1, 11)
[1, 1, 21, 16, 168, 64, 512], (0, 1, 13)
[1, 2, 13, 8, 104, 128, 512], (3, -1, 8)
[1, 3, -5, -52, -40, 192, 512], (4, -1, -9)
[1, 3, -3, -44, -24, 192, 512], (4, -1, -7)
[1, 3, 3, -20, 24, 192, 512], (4, -1, -1)
[1, 3, 5, -12, 40, 192, 512], (4, -1, 1)
[1, 3, 5, 12, 40, 192, 512], (-4, 7, 25)
[1, 3, 7, -4, 56, 192, 512], (4, -1, 3)
[1, 3, 7, 4, 56, 192, 512], (-4, 7, 27)
[1, 3, 9, 4, 72, 192, 512], (4, -1, 5)
[1, 3, 9, 48, 72, 192, 512], (0, 3, 1)
[1, 3, 11, 12, 88, 192, 512], (4, -1, 7)
[1, 3, 11, 48, 88, 192, 512], (0, 3, 3)
[1, 3, 13, 20, 104, 192, 512], (4, -1, 9)
[1, 3, 13, 48, 104, 192, 512], (0, 3, 5)
[1, 3, 15, 28, 120, 192, 512], (4, -1, 11)
[1, 3, 15, 48, 120, 192, 512], (0, 3, 7)
[1, 3, 17, 36, 136, 192, 512], (4, -1, 13)
[1, 3, 17, 48, 136, 192, 512], (0, 3, 9)
[1, 3, 19, 44, 152, 192, 512], (4, -1, 15)
[1, 3, 19, 48, 152, 192, 512], (0, 3, 11)
[1, 3, 21, 48, 168, 192, 512], (0, 3, 13)
[1, 4, -5, -56, -40, 256, 512], (5, -1, -8)
[1, 4, -5, -52, -40, 256, 512], (4, 0, -13)
[1, 4, 1, -28, 8, 256, 512], (4, 0, -7)
[1, 4, 5, -12, 40, 256, 512], (4, 0, -3)
[1, 4, 11, 12, 88, 256, 512], (4, 0, 3)
[1, 4, 13, 20, 104, 256, 512], (4, 0, 5)
[1, 4, 19, 40, 152, 256, 512], (3, 1, 8)
[1, 4, 19, 44, 152, 256, 512], (4, 0, 11)
[1, 4, 21, 64, 168, 256, 512], (0, 4, 13)
[1, 4, 23, 52, 184, 256, 512], (3, 1, 12)
[1, 5, 3, -20, 24, 320, 512], (4, 1, -9)
[1, 5, 5, -12, 40, 320, 512], (4, 1, -7)
[1, 5, 7, -4, 56, 320, 512], (4, 1, -5)
[1, 5, 7, 4, 56, 320, 512], (-4, 9, 35)
[1, 5, 9, 4, 72, 320, 512], (4, 1, -3)
[1, 5, 11, 12, 88, 320, 512], (4, 1, -1)
[1, 5, 13, 20, 104, 320, 512], (4, 1, 1)
[1, 5, 19, 44, 152, 320, 512], (4, 1, 7)
[1, 5, 21, 52, 168, 320, 512], (4, 1, 9)
[1, 5, 21, 80, 168, 320, 512], (0, 5, 13)
[1, 5, 23, 60, 184, 320, 512], (4, 1, 11)
[1, 5, 25, 68, 200, 320, 512], (4, 1, 13)
[1, 5, 27, 76, 216, 320, 512], (4, 1, 15)
[1, 5, 27, 80, 216, 320, 512], (0, 5, 19)
[1, 5, 29, 80, 232, 320, 512], (0, 5, 21)
[1, 6, 5, -24, 40, 384, 512], (5, 1, -8)
[1, 6, 13, 16, 104, 384, 512], (5, 1, 0)
[1, 6, 19, 44, 152, 384, 512], (4, 2, 3)
[1, 6, 21, 52, 168, 384, 512], (4, 2, 5)
[1, 6, 27, 76, 216, 384, 512], (4, 2, 11)
[1, 6, 27, 96, 216, 384, 512], (0, 6, 19)
[1, 7, 21, 52, 168, 448, 512], (4, 3, 1)
[1, 7, 23, 60, 184, 448, 512], (4, 3, 3)
[1, 7, 25, 68, 200, 448, 512], (4, 3, 5)
[1, 7, 27, 76, 216, 448, 512], (4, 3, 7)
[1, 7, 29, 84, 232, 448, 512], (4, 3, 9)
[1, 7, 33, 112, 264, 448, 512], (0, 7, 25)
[1, 7, 35, 108, 280, 448, 512], (4, 3, 15)
[1, 7, 35, 112, 280, 448, 512], (0, 7, 27)
[1, 7, 37, 116, 296, 448, 512], (4, 3, 17)
[1, 8, 27, 68, 216, 512, 512], (5, 3, 4)
[1, 8, 31, 88, 248, 512, 512], (5, 3, 8)
[1, 8, 31, 92, 248, 512, 512], (4, 4, 7)
[1, 8, 37, 116, 296, 512, 512], (4, 4, 13)
[1, 8, 39, 136, 312, 512, 512], (1, 7, 24)
[1, 9, 41, 132, 328, 576, 512], (4, 5, 13)
[1, 9, 43, 140, 344, 576, 512], (4, 5, 15)
[1, 9, 43, 144, 344, 576, 512], (0, 9, 35)
[1, 9, 45, 148, 360, 576, 512], (4, 5, 17)
[1, 10, 51, 172, 408, 640, 512], (4, 6, 19)
[1, 10, 53, 184, 424, 640, 512], (3, 7, 24)
[1, 11, 61, 212, 488, 704, 512], (4, 7, 25)
[1, 12, 67, 232, 536, 768, 512], (5, 7, 24)
