(-17, 150, -875), [3, 2, 1], 3.25.ar_fu_abhr 
(-17, 155, -925), [3, 3, 3], 3.25.ar_fz_abjp 
(-16, 140, -825), [0, 0, 3], 3.25.aq_fk_abft 
(-16, 145, -850), [0, 1, 2], 3.25.aq_fp_abgs 
(-14, 100, -525), [2, 0, 3], 3.25.ao_dw_auf 
(-14, 110, -625), [2, 2, 3], 3.25.ao_eg_ayb 
(-14, 110, -600), [2, 2, 0], 3.25.ao_eg_axc 
(-14, 115, -650), [2, 3, 2], 3.25.ao_el_aza 
(-14, 120, -725), [2, 0, 3], 3.25.ao_eq_abbx 
(-14, 120, -675), [2, 0, 1], 3.25.ao_eq_azz 
(-13, 75, -325), [3, 3, 3], 3.25.an_cx_amn 
(-13, 80, -375), [3, 0, 1], 3.25.an_dc_aol 
(-13, 90, -475), [3, 2, 1], 3.25.an_dm_ash 
(-13, 110, -675), [3, 2, 1], 3.25.an_eg_azz 
(-12, 80, -425), [0, 0, 3], 3.25.am_dc_aqj 
(-12, 90, -525), [0, 2, 3], 3.25.am_dm_auf 
(-12, 95, -575), [0, 3, 1], 3.25.am_dr_awd 
(-12, 100, -575), [0, 0, 1], 3.25.am_dw_awd 
(-12, 110, -625), [0, 2, 3], 3.25.am_eg_ayb 
(-11, 40, -75), [1, 0, 1], 3.25.al_bo_acx 
(-11, 45, -125), [1, 1, 3], 3.25.al_bt_aev 
(-11, 50, -175), [1, 2, 1], 3.25.al_by_agt 
(-11, 55, -200), [1, 3, 0], 3.25.al_cd_ahs 
(-11, 60, -275), [1, 0, 1], 3.25.al_ci_akp 
(-11, 70, -325), [1, 2, 3], 3.25.al_cs_amn 
(-11, 80, -475), [1, 0, 1], 3.25.al_dc_ash 
(-11, 85, -475), [1, 1, 1], 3.25.al_dh_ash 
(-11, 90, -525), [1, 2, 3], 3.25.al_dm_auf 
(-9, 10, 125), [3, 2, 1], 3.25.aj_k_ev 
(-9, 20, 25), [3, 0, 1], 3.25.aj_u_z 
(-9, 40, -150), [3, 0, 2], 3.25.aj_bo_afu 
(-9, 40, -125), [3, 0, 3], 3.25.aj_bo_aev 
(-9, 50, -275), [3, 2, 1], 3.25.aj_by_akp 
(-9, 60, -375), [3, 0, 1], 3.25.aj_ci_aol 
(-9, 65, -400), [3, 1, 0], 3.25.aj_cn_apk 
(-9, 70, -425), [3, 2, 3], 3.25.aj_cs_aqj 
(-9, 70, -375), [3, 2, 1], 3.25.aj_cs_aol 
(-9, 75, -425), [3, 3, 3], 3.25.aj_cx_aqj 
(-9, 80, -425), [3, 0, 3], 3.25.aj_dc_aqj 
(-8, -10, 275), [0, 2, 3], 3.25.ai_ak_kp 
(-8, 0, 175), [0, 0, 3], 3.25.ai_a_gt 
(-8, 5, 125), [0, 1, 1], 3.25.ai_f_ev 
(-8, 10, 75), [0, 2, 3], 3.25.ai_k_cx 
(-8, 15, 75), [0, 3, 3], 3.25.ai_p_cx 
(-8, 20, 25), [0, 0, 1], 3.25.ai_u_z 
(-8, 30, -125), [0, 2, 3], 3.25.ai_be_aev 
(-8, 30, -75), [0, 2, 1], 3.25.ai_be_acx 
(-8, 40, -225), [0, 0, 3], 3.25.ai_bo_air 
(-8, 40, -175), [0, 0, 1], 3.25.ai_bo_agt 
(-8, 40, -125), [0, 0, 3], 3.25.ai_bo_aev 
(-8, 50, -325), [0, 2, 3], 3.25.ai_by_amn 
(-8, 50, -275), [0, 2, 1], 3.25.ai_by_akp 
(-8, 50, -225), [0, 2, 3], 3.25.ai_by_air 
(-8, 50, -175), [0, 2, 1], 3.25.ai_by_agt 
(-8, 60, -375), [0, 0, 1], 3.25.ai_ci_aol 
(-8, 60, -325), [0, 0, 3], 3.25.ai_ci_amn 
(-8, 65, -375), [0, 1, 1], 3.25.ai_cn_aol 
(-8, 70, -375), [0, 2, 1], 3.25.ai_cs_aol 
(-8, 70, -325), [0, 2, 3], 3.25.ai_cs_amn 
(-8, 75, -350), [0, 3, 2], 3.25.ai_cx_anm 
(-8, 80, -375), [0, 0, 1], 3.25.ai_dc_aol 
(-7, -20, 325), [1, 0, 1], 3.25.ah_au_mn 
(-7, -10, 225), [1, 2, 1], 3.25.ah_ak_ir 
(-7, -10, 250), [1, 2, 2], 3.25.ah_ak_jq 
(-7, 0, 125), [1, 0, 1], 3.25.ah_a_ev 
(-7, 10, 75), [1, 2, 3], 3.25.ah_k_cx 
(-7, 20, -75), [1, 0, 1], 3.25.ah_u_acx 
(-7, 30, -175), [1, 2, 1], 3.25.ah_be_agt 
(-7, 30, -125), [1, 2, 3], 3.25.ah_be_aev 
(-7, 40, -275), [1, 0, 1], 3.25.ah_bo_akp 
(-7, 40, -250), [1, 0, 2], 3.25.ah_bo_ajq 
(-7, 40, -175), [1, 0, 1], 3.25.ah_bo_agt 
(-7, 45, -325), [1, 1, 3], 3.25.ah_bt_amn 
(-7, 50, -325), [1, 2, 3], 3.25.ah_by_amn 
(-7, 50, -275), [1, 2, 1], 3.25.ah_by_akp 
(-7, 50, -225), [1, 2, 3], 3.25.ah_by_air 
(-7, 55, -325), [1, 3, 3], 3.25.ah_cd_amn 
(-7, 60, -325), [1, 0, 3], 3.25.ah_ci_amn 
(-7, 60, -275), [1, 0, 1], 3.25.ah_ci_akp 
(-7, 60, -250), [1, 0, 2], 3.25.ah_ci_ajq 
(-7, 70, -325), [1, 2, 3], 3.25.ah_cs_amn 
(-6, -20, 275), [2, 0, 3], 3.25.ag_au_kp 
(-6, -15, 225), [2, 1, 1], 3.25.ag_ap_ir 
(-6, -15, 275), [2, 1, 3], 3.25.ag_ap_kp 
(-6, -10, 175), [2, 2, 3], 3.25.ag_ak_gt 
(-6, -10, 225), [2, 2, 1], 3.25.ag_ak_ir 
(-6, 0, 75), [2, 0, 3], 3.25.ag_a_cx 
(-6, 0, 125), [2, 0, 1], 3.25.ag_a_ev 
(-6, 0, 175), [2, 0, 3], 3.25.ag_a_gt 
(-6, 5, 125), [2, 1, 1], 3.25.ag_f_ev 
(-6, 10, -25), [2, 2, 3], 3.25.ag_k_az 
(-6, 20, -125), [2, 0, 3], 3.25.ag_u_aev 
(-6, 20, -75), [2, 0, 1], 3.25.ag_u_acx 
(-6, 20, -25), [2, 0, 3], 3.25.ag_u_az 
(-6, 20, 25), [2, 0, 1], 3.25.ag_u_z 
(-6, 25, -175), [2, 1, 1], 3.25.ag_z_agt 
(-6, 25, -150), [2, 1, 2], 3.25.ag_z_afu 
(-6, 25, -75), [2, 1, 1], 3.25.ag_z_acx 
(-6, 30, -225), [2, 2, 3], 3.25.ag_be_air 
(-6, 30, -125), [2, 2, 3], 3.25.ag_be_aev 
(-6, 30, -75), [2, 2, 1], 3.25.ag_be_acx 
(-6, 35, -100), [2, 3, 0], 3.25.ag_bj_adw 
(-6, 40, -325), [2, 0, 3], 3.25.ag_bo_amn 
(-6, 40, -275), [2, 0, 1], 3.25.ag_bo_akp 
(-6, 40, -225), [2, 0, 3], 3.25.ag_bo_air 
(-6, 40, -125), [2, 0, 3], 3.25.ag_bo_aev 
(-6, 45, -275), [2, 1, 1], 3.25.ag_bt_akp 
(-6, 50, -275), [2, 2, 1], 3.25.ag_by_akp 
(-6, 50, -225), [2, 2, 3], 3.25.ag_by_air 
(-6, 50, -200), [2, 2, 0], 3.25.ag_by_ahs 
(-6, 50, -175), [2, 2, 1], 3.25.ag_by_agt 
(-6, 55, -250), [2, 3, 2], 3.25.ag_cd_ajq 
(-6, 60, -275), [2, 0, 1], 3.25.ag_ci_akp 
(-6, 60, -225), [2, 0, 3], 3.25.ag_ci_air 
(-6, 70, -275), [2, 2, 1], 3.25.ag_cs_akp 
(-4, -20, 225), [0, 0, 1], 3.25.ae_au_ir 
(-4, -15, 125), [0, 1, 1], 3.25.ae_ap_ev 
(-4, -15, 275), [0, 1, 3], 3.25.ae_ap_kp 
(-4, -10, 75), [0, 2, 3], 3.25.ae_ak_cx 
(-4, -10, 125), [0, 2, 1], 3.25.ae_ak_ev 
(-4, -10, 225), [0, 2, 1], 3.25.ae_ak_ir 
(-4, -5, 25), [0, 3, 1], 3.25.ae_af_z 
(-4, -5, 125), [0, 3, 1], 3.25.ae_af_ev 
(-4, 0, -25), [0, 0, 3], 3.25.ae_a_az 
(-4, 0, 25), [0, 0, 1], 3.25.ae_a_z 
(-4, 0, 75), [0, 0, 3], 3.25.ae_a_cx 
(-4, 0, 125), [0, 0, 1], 3.25.ae_a_ev 
(-4, 0, 175), [0, 0, 3], 3.25.ae_a_gt 
(-4, 10, -125), [0, 2, 3], 3.25.ae_k_aev 
(-4, 10, -25), [0, 2, 3], 3.25.ae_k_az 
(-4, 10, 25), [0, 2, 1], 3.25.ae_k_z 
(-4, 10, 75), [0, 2, 3], 3.25.ae_k_cx 
(-4, 20, -225), [0, 0, 3], 3.25.ae_u_air 
(-4, 20, -175), [0, 0, 1], 3.25.ae_u_agt 
(-4, 20, -125), [0, 0, 3], 3.25.ae_u_aev 
(-4, 20, -25), [0, 0, 3], 3.25.ae_u_az 
(-4, 20, 0), [0, 0, 0], 3.25.ae_u_a 
(-4, 20, 25), [0, 0, 1], 3.25.ae_u_z 
(-4, 25, -175), [0, 1, 1], 3.25.ae_z_agt 
(-4, 25, -50), [0, 1, 2], 3.25.ae_z_aby 
(-4, 30, -250), [0, 2, 2], 3.25.ae_be_ajq 
(-4, 30, -225), [0, 2, 3], 3.25.ae_be_air 
(-4, 30, -175), [0, 2, 1], 3.25.ae_be_agt 
(-4, 30, -125), [0, 2, 3], 3.25.ae_be_aev 
(-4, 30, -25), [0, 2, 3], 3.25.ae_be_az 
(-4, 35, -150), [0, 3, 2], 3.25.ae_bj_afu 
(-4, 40, -225), [0, 0, 3], 3.25.ae_bo_air 
(-4, 40, -175), [0, 0, 1], 3.25.ae_bo_agt 
(-4, 40, -125), [0, 0, 3], 3.25.ae_bo_aev 
(-4, 50, -225), [0, 2, 3], 3.25.ae_by_air 
(-4, 50, -175), [0, 2, 1], 3.25.ae_by_agt 
(-4, 50, -125), [0, 2, 3], 3.25.ae_by_aev 
(-4, 60, -175), [0, 0, 1], 3.25.ae_ci_agt 
(-3, -20, 125), [1, 0, 1], 3.25.ad_au_ev 
(-3, -20, 175), [1, 0, 3], 3.25.ad_au_gt 
(-3, -15, 125), [1, 1, 1], 3.25.ad_ap_ev 
(-3, -10, 25), [1, 2, 1], 3.25.ad_ak_z 
(-3, -10, 75), [1, 2, 3], 3.25.ad_ak_cx 
(-3, -10, 125), [1, 2, 1], 3.25.ad_ak_ev 
(-3, -10, 175), [1, 2, 3], 3.25.ad_ak_gt 
(-3, -10, 250), [1, 2, 2], 3.25.ad_ak_jq 
(-3, -5, 75), [1, 3, 3], 3.25.ad_af_cx 
(-3, 0, -75), [1, 0, 1], 3.25.ad_a_acx 
(-3, 0, -25), [1, 0, 3], 3.25.ad_a_az 
(-3, 0, 25), [1, 0, 1], 3.25.ad_a_z 
(-3, 0, 125), [1, 0, 1], 3.25.ad_a_ev 
(-3, 0, 150), [1, 0, 2], 3.25.ad_a_fu 
(-3, 10, -175), [1, 2, 1], 3.25.ad_k_agt 
(-3, 10, -75), [1, 2, 1], 3.25.ad_k_acx 
(-3, 10, 0), [1, 2, 0], 3.25.ad_k_a 
(-3, 10, 25), [1, 2, 1], 3.25.ad_k_z 
(-3, 10, 75), [1, 2, 3], 3.25.ad_k_cx 
(-3, 20, -175), [1, 0, 1], 3.25.ad_u_agt 
(-3, 20, -125), [1, 0, 3], 3.25.ad_u_aev 
(-3, 20, -75), [1, 0, 1], 3.25.ad_u_acx 
(-3, 20, -50), [1, 0, 2], 3.25.ad_u_aby 
(-3, 20, 25), [1, 0, 1], 3.25.ad_u_z 
(-3, 25, -225), [1, 1, 3], 3.25.ad_z_air 
(-3, 25, -100), [1, 1, 0], 3.25.ad_z_adw 
(-3, 25, 25), [1, 1, 1], 3.25.ad_z_z 
(-3, 30, -225), [1, 2, 3], 3.25.ad_be_air 
(-3, 30, -125), [1, 2, 3], 3.25.ad_be_aev 
(-3, 30, -75), [1, 2, 1], 3.25.ad_be_acx 
(-3, 30, -50), [1, 2, 2], 3.25.ad_be_aby 
(-3, 40, -175), [1, 0, 1], 3.25.ad_bo_agt 
(-3, 40, -75), [1, 0, 1], 3.25.ad_bo_acx 
(-3, 45, -175), [1, 1, 1], 3.25.ad_bt_agt 
(-3, 50, -175), [1, 2, 1], 3.25.ad_by_agt 
(-3, 50, -125), [1, 2, 3], 3.25.ad_by_aev 
(-3, 50, -100), [1, 2, 0], 3.25.ad_by_adw 
(-2, -20, 75), [2, 0, 3], 3.25.ac_au_cx 
(-2, -20, 125), [2, 0, 1], 3.25.ac_au_ev 
(-2, -10, -25), [2, 2, 3], 3.25.ac_ak_az 
(-2, -10, 75), [2, 2, 3], 3.25.ac_ak_cx 
(-2, -10, 125), [2, 2, 1], 3.25.ac_ak_ev 
(-2, -10, 175), [2, 2, 3], 3.25.ac_ak_gt 
(-2, -10, 225), [2, 2, 1], 3.25.ac_ak_ir 
(-2, -5, -25), [2, 3, 3], 3.25.ac_af_az 
(-2, 0, -125), [2, 0, 3], 3.25.ac_a_aev 
(-2, 0, -75), [2, 0, 1], 3.25.ac_a_acx 
(-2, 0, -25), [2, 0, 3], 3.25.ac_a_az 
(-2, 0, 25), [2, 0, 1], 3.25.ac_a_z 
(-2, 0, 75), [2, 0, 3], 3.25.ac_a_cx 
(-2, 0, 100), [2, 0, 0], 3.25.ac_a_dw 
(-2, 0, 125), [2, 0, 1], 3.25.ac_a_ev 
(-2, 0, 175), [2, 0, 3], 3.25.ac_a_gt 
(-2, 5, -75), [2, 1, 1], 3.25.ac_f_acx 
(-2, 5, 50), [2, 1, 2], 3.25.ac_f_by 
(-2, 10, -175), [2, 2, 1], 3.25.ac_k_agt 
(-2, 10, -125), [2, 2, 3], 3.25.ac_k_aev 
(-2, 10, -75), [2, 2, 1], 3.25.ac_k_acx 
(-2, 10, -25), [2, 2, 3], 3.25.ac_k_az 
(-2, 10, 75), [2, 2, 3], 3.25.ac_k_cx 
(-2, 10, 125), [2, 2, 1], 3.25.ac_k_ev 
(-2, 20, -175), [2, 0, 1], 3.25.ac_u_agt 
(-2, 20, -125), [2, 0, 3], 3.25.ac_u_aev 
(-2, 20, -75), [2, 0, 1], 3.25.ac_u_acx 
(-2, 20, -25), [2, 0, 3], 3.25.ac_u_az 
(-2, 20, 75), [2, 0, 3], 3.25.ac_u_cx 
(-2, 25, -150), [2, 1, 2], 3.25.ac_z_afu 
(-2, 25, -25), [2, 1, 3], 3.25.ac_z_az 
(-2, 30, -175), [2, 2, 1], 3.25.ac_be_agt 
(-2, 30, -125), [2, 2, 3], 3.25.ac_be_aev 
(-2, 30, -75), [2, 2, 1], 3.25.ac_be_acx 
(-2, 30, -25), [2, 2, 3], 3.25.ac_be_az 
(-2, 40, -125), [2, 0, 3], 3.25.ac_bo_aev 
(-2, 40, -75), [2, 0, 1], 3.25.ac_bo_acx 
(-2, 40, -25), [2, 0, 3], 3.25.ac_bo_az 
(-2, 50, -125), [2, 2, 3], 3.25.ac_by_aev 
(-2, 50, -75), [2, 2, 1], 3.25.ac_by_acx 
(-2, 60, -75), [2, 0, 1], 3.25.ac_ci_acx 
(-1, -20, 25), [3, 0, 1], 3.25.ab_au_z 
(-1, -10, -75), [3, 2, 1], 3.25.ab_ak_acx 
(-1, -10, -25), [3, 2, 3], 3.25.ab_ak_az 
(-1, -10, 25), [3, 2, 1], 3.25.ab_ak_z 
(-1, -10, 125), [3, 2, 1], 3.25.ab_ak_ev 
(-1, -10, 150), [3, 2, 2], 3.25.ab_ak_fu 
(-1, -10, 175), [3, 2, 3], 3.25.ab_ak_gt 
(-1, 0, -175), [3, 0, 1], 3.25.ab_a_agt 
(-1, 0, -150), [3, 0, 2], 3.25.ab_a_afu 
(-1, 0, -125), [3, 0, 3], 3.25.ab_a_aev 
(-1, 0, -75), [3, 0, 1], 3.25.ab_a_acx 
(-1, 0, -25), [3, 0, 3], 3.25.ab_a_az 
(-1, 0, 75), [3, 0, 3], 3.25.ab_a_cx 
(-1, 0, 100), [3, 0, 0], 3.25.ab_a_dw 
(-1, 0, 125), [3, 0, 1], 3.25.ab_a_ev 
(-1, 0, 175), [3, 0, 3], 3.25.ab_a_gt 
(-1, 5, -125), [3, 1, 3], 3.25.ab_f_aev 
(-1, 10, -125), [3, 2, 3], 3.25.ab_k_aev 
(-1, 10, -75), [3, 2, 1], 3.25.ab_k_acx 
(-1, 10, -25), [3, 2, 3], 3.25.ab_k_az 
(-1, 10, 25), [3, 2, 1], 3.25.ab_k_z 
(-1, 10, 125), [3, 2, 1], 3.25.ab_k_ev 
(-1, 15, -100), [3, 3, 0], 3.25.ab_p_adw 
(-1, 15, 25), [3, 3, 1], 3.25.ab_p_z 
(-1, 20, -125), [3, 0, 3], 3.25.ab_u_aev 
(-1, 20, -75), [3, 0, 1], 3.25.ab_u_acx 
(-1, 20, -25), [3, 0, 3], 3.25.ab_u_az 
(-1, 20, 25), [3, 0, 1], 3.25.ab_u_z 
(-1, 25, 50), [3, 1, 2], 3.25.ab_z_by 
(-1, 30, -75), [3, 2, 1], 3.25.ab_be_acx 
(-1, 30, -25), [3, 2, 3], 3.25.ab_be_az 
(-1, 30, 25), [3, 2, 1], 3.25.ab_be_z 
(-1, 40, -25), [3, 0, 3], 3.25.ab_bo_az 
(-1, 45, -100), [3, 1, 0], 3.25.ab_bt_adw 
(-1, 60, -25), [3, 0, 3], 3.25.ab_ci_az 
(1, -20, -25), [1, 0, 3], 3.25.b_au_az 
(1, -10, -175), [1, 2, 1], 3.25.b_ak_agt 
(1, -10, -150), [1, 2, 2], 3.25.b_ak_afu 
(1, -10, -125), [1, 2, 3], 3.25.b_ak_aev 
(1, -10, -25), [1, 2, 3], 3.25.b_ak_az 
(1, -10, 25), [1, 2, 1], 3.25.b_ak_z 
(1, -10, 75), [1, 2, 3], 3.25.b_ak_cx 
(1, 0, -175), [1, 0, 1], 3.25.b_a_agt 
(1, 0, -125), [1, 0, 3], 3.25.b_a_aev 
(1, 0, -100), [1, 0, 0], 3.25.b_a_adw 
(1, 0, -75), [1, 0, 1], 3.25.b_a_acx 
(1, 0, 25), [1, 0, 1], 3.25.b_a_z 
(1, 0, 75), [1, 0, 3], 3.25.b_a_cx 
(1, 0, 125), [1, 0, 1], 3.25.b_a_ev 
(1, 0, 150), [1, 0, 2], 3.25.b_a_fu 
(1, 0, 175), [1, 0, 3], 3.25.b_a_gt 
(1, 5, 125), [1, 1, 1], 3.25.b_f_ev 
(1, 10, -125), [1, 2, 3], 3.25.b_k_aev 
(1, 10, -25), [1, 2, 3], 3.25.b_k_az 
(1, 10, 25), [1, 2, 1], 3.25.b_k_z 
(1, 10, 75), [1, 2, 3], 3.25.b_k_cx 
(1, 10, 125), [1, 2, 1], 3.25.b_k_ev 
(1, 15, -25), [1, 3, 3], 3.25.b_p_az 
(1, 15, 100), [1, 3, 0], 3.25.b_p_dw 
(1, 20, -25), [1, 0, 3], 3.25.b_u_az 
(1, 20, 25), [1, 0, 1], 3.25.b_u_z 
(1, 20, 75), [1, 0, 3], 3.25.b_u_cx 
(1, 20, 125), [1, 0, 1], 3.25.b_u_ev 
(1, 25, -50), [1, 1, 2], 3.25.b_z_aby 
(1, 30, -25), [1, 2, 3], 3.25.b_be_az 
(1, 30, 25), [1, 2, 1], 3.25.b_be_z 
(1, 30, 75), [1, 2, 3], 3.25.b_be_cx 
(1, 40, 25), [1, 0, 1], 3.25.b_bo_z 
(1, 45, 100), [1, 1, 0], 3.25.b_bt_dw 
(1, 60, 25), [1, 0, 1], 3.25.b_ci_z 
(2, -20, -125), [2, 0, 3], 3.25.c_au_aev 
(2, -20, -75), [2, 0, 1], 3.25.c_au_acx 
(2, -10, -225), [2, 2, 3], 3.25.c_ak_air 
(2, -10, -175), [2, 2, 1], 3.25.c_ak_agt 
(2, -10, -125), [2, 2, 3], 3.25.c_ak_aev 
(2, -10, -75), [2, 2, 1], 3.25.c_ak_acx 
(2, -10, 25), [2, 2, 1], 3.25.c_ak_z 
(2, -5, 25), [2, 3, 1], 3.25.c_af_z 
(2, 0, -175), [2, 0, 1], 3.25.c_a_agt 
(2, 0, -125), [2, 0, 3], 3.25.c_a_aev 
(2, 0, -100), [2, 0, 0], 3.25.c_a_adw 
(2, 0, -75), [2, 0, 1], 3.25.c_a_acx 
(2, 0, -25), [2, 0, 3], 3.25.c_a_az 
(2, 0, 25), [2, 0, 1], 3.25.c_a_z 
(2, 0, 75), [2, 0, 3], 3.25.c_a_cx 
(2, 0, 125), [2, 0, 1], 3.25.c_a_ev 
(2, 5, -50), [2, 1, 2], 3.25.c_f_aby 
(2, 5, 75), [2, 1, 3], 3.25.c_f_cx 
(2, 10, -125), [2, 2, 3], 3.25.c_k_aev 
(2, 10, -75), [2, 2, 1], 3.25.c_k_acx 
(2, 10, 25), [2, 2, 1], 3.25.c_k_z 
(2, 10, 75), [2, 2, 3], 3.25.c_k_cx 
(2, 10, 125), [2, 2, 1], 3.25.c_k_ev 
(2, 10, 175), [2, 2, 3], 3.25.c_k_gt 
(2, 20, -75), [2, 0, 1], 3.25.c_u_acx 
(2, 20, 25), [2, 0, 1], 3.25.c_u_z 
(2, 20, 75), [2, 0, 3], 3.25.c_u_cx 
(2, 20, 125), [2, 0, 1], 3.25.c_u_ev 
(2, 20, 175), [2, 0, 3], 3.25.c_u_gt 
(2, 25, 25), [2, 1, 1], 3.25.c_z_z 
(2, 25, 150), [2, 1, 2], 3.25.c_z_fu 
(2, 30, 25), [2, 2, 1], 3.25.c_be_z 
(2, 30, 75), [2, 2, 3], 3.25.c_be_cx 
(2, 30, 125), [2, 2, 1], 3.25.c_be_ev 
(2, 30, 175), [2, 2, 3], 3.25.c_be_gt 
(2, 40, 25), [2, 0, 1], 3.25.c_bo_z 
(2, 40, 75), [2, 0, 3], 3.25.c_bo_cx 
(2, 40, 125), [2, 0, 1], 3.25.c_bo_ev 
(2, 50, 75), [2, 2, 3], 3.25.c_by_cx 
(2, 50, 125), [2, 2, 1], 3.25.c_by_ev 
(2, 60, 75), [2, 0, 3], 3.25.c_ci_cx 
(3, -20, -175), [3, 0, 1], 3.25.d_au_agt 
(3, -20, -125), [3, 0, 3], 3.25.d_au_aev 
(3, -15, -125), [3, 1, 3], 3.25.d_ap_aev 
(3, -10, -250), [3, 2, 2], 3.25.d_ak_ajq 
(3, -10, -175), [3, 2, 1], 3.25.d_ak_agt 
(3, -10, -125), [3, 2, 3], 3.25.d_ak_aev 
(3, -10, -75), [3, 2, 1], 3.25.d_ak_acx 
(3, -10, -25), [3, 2, 3], 3.25.d_ak_az 
(3, -5, -75), [3, 3, 1], 3.25.d_af_acx 
(3, 0, -150), [3, 0, 2], 3.25.d_a_afu 
(3, 0, -125), [3, 0, 3], 3.25.d_a_aev 
(3, 0, -25), [3, 0, 3], 3.25.d_a_az 
(3, 0, 25), [3, 0, 1], 3.25.d_a_z 
(3, 0, 75), [3, 0, 3], 3.25.d_a_cx 
(3, 10, -75), [3, 2, 1], 3.25.d_k_acx 
(3, 10, -25), [3, 2, 3], 3.25.d_k_az 
(3, 10, 0), [3, 2, 0], 3.25.d_k_a 
(3, 10, 75), [3, 2, 3], 3.25.d_k_cx 
(3, 10, 175), [3, 2, 3], 3.25.d_k_gt 
(3, 20, -25), [3, 0, 3], 3.25.d_u_az 
(3, 20, 50), [3, 0, 2], 3.25.d_u_by 
(3, 20, 75), [3, 0, 3], 3.25.d_u_cx 
(3, 20, 125), [3, 0, 1], 3.25.d_u_ev 
(3, 20, 175), [3, 0, 3], 3.25.d_u_gt 
(3, 25, -25), [3, 1, 3], 3.25.d_z_az 
(3, 25, 100), [3, 1, 0], 3.25.d_z_dw 
(3, 25, 225), [3, 1, 1], 3.25.d_z_ir 
(3, 30, 50), [3, 2, 2], 3.25.d_be_by 
(3, 30, 75), [3, 2, 3], 3.25.d_be_cx 
(3, 30, 125), [3, 2, 1], 3.25.d_be_ev 
(3, 30, 225), [3, 2, 1], 3.25.d_be_ir 
(3, 40, 75), [3, 0, 3], 3.25.d_bo_cx 
(3, 40, 175), [3, 0, 3], 3.25.d_bo_gt 
(3, 45, 175), [3, 1, 3], 3.25.d_bt_gt 
(3, 50, 100), [3, 2, 0], 3.25.d_by_dw 
(3, 50, 125), [3, 2, 1], 3.25.d_by_ev 
(3, 50, 175), [3, 2, 3], 3.25.d_by_gt 
(4, -20, -225), [0, 0, 3], 3.25.e_au_air 
(4, -15, -275), [0, 1, 1], 3.25.e_ap_akp 
(4, -15, -125), [0, 1, 3], 3.25.e_ap_aev 
(4, -10, -225), [0, 2, 3], 3.25.e_ak_air 
(4, -10, -125), [0, 2, 3], 3.25.e_ak_aev 
(4, -10, -75), [0, 2, 1], 3.25.e_ak_acx 
(4, -5, -125), [0, 3, 3], 3.25.e_af_aev 
(4, -5, -25), [0, 3, 3], 3.25.e_af_az 
(4, 0, -175), [0, 0, 1], 3.25.e_a_agt 
(4, 0, -125), [0, 0, 3], 3.25.e_a_aev 
(4, 0, -75), [0, 0, 1], 3.25.e_a_acx 
(4, 0, -25), [0, 0, 3], 3.25.e_a_az 
(4, 0, 25), [0, 0, 1], 3.25.e_a_z 
(4, 10, -75), [0, 2, 1], 3.25.e_k_acx 
(4, 10, -25), [0, 2, 3], 3.25.e_k_az 
(4, 10, 25), [0, 2, 1], 3.25.e_k_z 
(4, 10, 125), [0, 2, 1], 3.25.e_k_ev 
(4, 20, -25), [0, 0, 3], 3.25.e_u_az 
(4, 20, 0), [0, 0, 0], 3.25.e_u_a 
(4, 20, 25), [0, 0, 1], 3.25.e_u_z 
(4, 20, 125), [0, 0, 1], 3.25.e_u_ev 
(4, 20, 175), [0, 0, 3], 3.25.e_u_gt 
(4, 20, 225), [0, 0, 1], 3.25.e_u_ir 
(4, 25, 50), [0, 1, 2], 3.25.e_z_by 
(4, 25, 175), [0, 1, 3], 3.25.e_z_gt 
(4, 30, 25), [0, 2, 1], 3.25.e_be_z 
(4, 30, 125), [0, 2, 1], 3.25.e_be_ev 
(4, 30, 175), [0, 2, 3], 3.25.e_be_gt 
(4, 30, 225), [0, 2, 1], 3.25.e_be_ir 
(4, 30, 250), [0, 2, 2], 3.25.e_be_jq 
(4, 35, 150), [0, 3, 2], 3.25.e_bj_fu 
(4, 40, 125), [0, 0, 1], 3.25.e_bo_ev 
(4, 40, 175), [0, 0, 3], 3.25.e_bo_gt 
(4, 40, 225), [0, 0, 1], 3.25.e_bo_ir 
(4, 50, 125), [0, 2, 1], 3.25.e_by_ev 
(4, 50, 175), [0, 2, 3], 3.25.e_by_gt 
(4, 50, 225), [0, 2, 1], 3.25.e_by_ir 
(4, 60, 175), [0, 0, 3], 3.25.e_ci_gt 
(6, -20, -275), [2, 0, 1], 3.25.g_au_akp 
(6, -15, -275), [2, 1, 1], 3.25.g_ap_akp 
(6, -15, -225), [2, 1, 3], 3.25.g_ap_air 
(6, -10, -225), [2, 2, 3], 3.25.g_ak_air 
(6, -10, -175), [2, 2, 1], 3.25.g_ak_agt 
(6, 0, -175), [2, 0, 1], 3.25.g_a_agt 
(6, 0, -125), [2, 0, 3], 3.25.g_a_aev 
(6, 0, -75), [2, 0, 1], 3.25.g_a_acx 
(6, 5, -125), [2, 1, 3], 3.25.g_f_aev 
(6, 10, 25), [2, 2, 1], 3.25.g_k_z 
(6, 20, -25), [2, 0, 3], 3.25.g_u_az 
(6, 20, 25), [2, 0, 1], 3.25.g_u_z 
(6, 20, 75), [2, 0, 3], 3.25.g_u_cx 
(6, 20, 125), [2, 0, 1], 3.25.g_u_ev 
(6, 25, 75), [2, 1, 3], 3.25.g_z_cx 
(6, 25, 150), [2, 1, 2], 3.25.g_z_fu 
(6, 25, 175), [2, 1, 3], 3.25.g_z_gt 
(6, 30, 75), [2, 2, 3], 3.25.g_be_cx 
(6, 30, 125), [2, 2, 1], 3.25.g_be_ev 
(6, 30, 225), [2, 2, 1], 3.25.g_be_ir 
(6, 35, 100), [2, 3, 0], 3.25.g_bj_dw 
(6, 40, 125), [2, 0, 1], 3.25.g_bo_ev 
(6, 40, 225), [2, 0, 1], 3.25.g_bo_ir 
(6, 40, 275), [2, 0, 3], 3.25.g_bo_kp 
(6, 40, 325), [2, 0, 1], 3.25.g_bo_mn 
(6, 45, 275), [2, 1, 3], 3.25.g_bt_kp 
(6, 50, 175), [2, 2, 3], 3.25.g_by_gt 
(6, 50, 200), [2, 2, 0], 3.25.g_by_hs 
(6, 50, 225), [2, 2, 1], 3.25.g_by_ir 
(6, 50, 275), [2, 2, 3], 3.25.g_by_kp 
(6, 55, 250), [2, 3, 2], 3.25.g_cd_jq 
(6, 60, 225), [2, 0, 1], 3.25.g_ci_ir 
(6, 60, 275), [2, 0, 3], 3.25.g_ci_kp 
(6, 70, 275), [2, 2, 3], 3.25.g_cs_kp 
(7, -20, -325), [3, 0, 3], 3.25.h_au_amn 
(7, -10, -250), [3, 2, 2], 3.25.h_ak_ajq 
(7, -10, -225), [3, 2, 3], 3.25.h_ak_air 
(7, 0, -125), [3, 0, 3], 3.25.h_a_aev 
(7, 10, -75), [3, 2, 1], 3.25.h_k_acx 
(7, 20, 75), [3, 0, 3], 3.25.h_u_cx 
(7, 30, 125), [3, 2, 1], 3.25.h_be_ev 
(7, 30, 175), [3, 2, 3], 3.25.h_be_gt 
(7, 40, 175), [3, 0, 3], 3.25.h_bo_gt 
(7, 40, 250), [3, 0, 2], 3.25.h_bo_jq 
(7, 40, 275), [3, 0, 3], 3.25.h_bo_kp 
(7, 45, 325), [3, 1, 1], 3.25.h_bt_mn 
(7, 50, 225), [3, 2, 1], 3.25.h_by_ir 
(7, 50, 275), [3, 2, 3], 3.25.h_by_kp 
(7, 50, 325), [3, 2, 1], 3.25.h_by_mn 
(7, 55, 325), [3, 3, 1], 3.25.h_cd_mn 
(7, 60, 250), [3, 0, 2], 3.25.h_ci_jq 
(7, 60, 275), [3, 0, 3], 3.25.h_ci_kp 
(7, 60, 325), [3, 0, 1], 3.25.h_ci_mn 
(7, 70, 325), [3, 2, 1], 3.25.h_cs_mn 
(8, -10, -275), [0, 2, 1], 3.25.i_ak_akp 
(8, 0, -175), [0, 0, 1], 3.25.i_a_agt 
(8, 5, -125), [0, 1, 3], 3.25.i_f_aev 
(8, 10, -75), [0, 2, 1], 3.25.i_k_acx 
(8, 15, -75), [0, 3, 1], 3.25.i_p_acx 
(8, 20, -25), [0, 0, 3], 3.25.i_u_az 
(8, 30, 75), [0, 2, 3], 3.25.i_be_cx 
(8, 30, 125), [0, 2, 1], 3.25.i_be_ev 
(8, 40, 125), [0, 0, 1], 3.25.i_bo_ev 
(8, 40, 175), [0, 0, 3], 3.25.i_bo_gt 
(8, 40, 225), [0, 0, 1], 3.25.i_bo_ir 
(8, 50, 175), [0, 2, 3], 3.25.i_by_gt 
(8, 50, 225), [0, 2, 1], 3.25.i_by_ir 
(8, 50, 275), [0, 2, 3], 3.25.i_by_kp 
(8, 50, 325), [0, 2, 1], 3.25.i_by_mn 
(8, 60, 325), [0, 0, 1], 3.25.i_ci_mn 
(8, 60, 375), [0, 0, 3], 3.25.i_ci_ol 
(8, 65, 375), [0, 1, 3], 3.25.i_cn_ol 
(8, 70, 325), [0, 2, 1], 3.25.i_cs_mn 
(8, 70, 375), [0, 2, 3], 3.25.i_cs_ol 
(8, 75, 350), [0, 3, 2], 3.25.i_cx_nm 
(8, 80, 375), [0, 0, 3], 3.25.i_dc_ol 
(9, 10, -125), [1, 2, 3], 3.25.j_k_aev 
(9, 20, -25), [1, 0, 3], 3.25.j_u_az 
(9, 40, 125), [1, 0, 1], 3.25.j_bo_ev 
(9, 40, 150), [1, 0, 2], 3.25.j_bo_fu 
(9, 50, 275), [1, 2, 3], 3.25.j_by_kp 
(9, 60, 375), [1, 0, 3], 3.25.j_ci_ol 
(9, 65, 400), [1, 1, 0], 3.25.j_cn_pk 
(9, 70, 375), [1, 2, 3], 3.25.j_cs_ol 
(9, 70, 425), [1, 2, 1], 3.25.j_cs_qj 
(9, 75, 425), [1, 3, 1], 3.25.j_cx_qj 
(9, 80, 425), [1, 0, 1], 3.25.j_dc_qj 
(11, 40, 75), [3, 0, 3], 3.25.l_bo_cx 
(11, 45, 125), [3, 1, 1], 3.25.l_bt_ev 
(11, 50, 175), [3, 2, 3], 3.25.l_by_gt 
(11, 55, 200), [3, 3, 0], 3.25.l_cd_hs 
(11, 60, 275), [3, 0, 3], 3.25.l_ci_kp 
(11, 70, 325), [3, 2, 1], 3.25.l_cs_mn 
(11, 80, 475), [3, 0, 3], 3.25.l_dc_sh 
(11, 85, 475), [3, 1, 3], 3.25.l_dh_sh 
(11, 90, 525), [3, 2, 1], 3.25.l_dm_uf 
(12, 80, 425), [0, 0, 1], 3.25.m_dc_qj 
(12, 90, 525), [0, 2, 1], 3.25.m_dm_uf 
(12, 95, 575), [0, 3, 3], 3.25.m_dr_wd 
(12, 100, 575), [0, 0, 3], 3.25.m_dw_wd 
(12, 110, 625), [0, 2, 1], 3.25.m_eg_yb 
(13, 75, 325), [1, 3, 1], 3.25.n_cx_mn 
(13, 80, 375), [1, 0, 3], 3.25.n_dc_ol 
(13, 90, 475), [1, 2, 3], 3.25.n_dm_sh 
(13, 110, 675), [1, 2, 3], 3.25.n_eg_zz 
(14, 100, 525), [2, 0, 1], 3.25.o_dw_uf 
(14, 110, 600), [2, 2, 0], 3.25.o_eg_xc 
(14, 110, 625), [2, 2, 1], 3.25.o_eg_yb 
(14, 115, 650), [2, 3, 2], 3.25.o_el_za 
(14, 120, 675), [2, 0, 3], 3.25.o_eq_zz 
(14, 120, 725), [2, 0, 1], 3.25.o_eq_bbx 
(16, 140, 825), [0, 0, 1], 3.25.q_fk_bft 
(16, 145, 850), [0, 1, 2], 3.25.q_fp_bgs 
(17, 150, 875), [1, 2, 3], 3.25.r_fu_bhr 
(17, 155, 925), [1, 3, 1], 3.25.r_fz_bjp 
